Cealius
0
-0.96139205
-2.7856045
-0.6464512
-2.9154906
-1.1584182
-0.30765608
3.269093
4.1315575
1.1758683
-0.0857746
0.51731175
-1.3322725
-0.7206677
-1.626737
0.22284973
3.2220883
1.0220786
2.9173195
-0.5689916
-1.8897096
1.1586317
0.54060584
0.3300986
1.4905329
-0.9415932
1.6923221
-1.6765565
0.42200488
1.1691949
-1.2919179
-0.009912297
0.5911288
2.5289288
1.3798665
4.236522
-0.27306446
0.13952456
-1.7780566
0.25007966
-1.223302
-2.5799422
-1.5114807
0.33788046
2.2178574
-4.6249323
-0.9812419
0.7854995
0.7286718
2.7255247
1.0841001
1.8080351
-2.3949523
-1.3389457
1.1404172
2.1913116
-1.2434771
0.1274254
-1.1028407
0.19866462
-1.1933862
2.0122354
-3.0823739
3.4174094
0.2139917
-1.668397
1.8756468
-3.1657376
2.1034536
-2.3145895
-1.4615706
-1.3073714
-1.1792517
0.092644185
-0.27813846
-4.782788
0.6022416
2.7824337
0.6677577
-0.58109605
2.8427505
-2.097407
-3.1948614
1.5983391
2.2240834
-1.001345
0.8789291
2.961474
-2.7600138
3.0214992
-0.5782051
-1.0505446
-0.3477623
-1.7499838
1.3344749
-0.55835116
-2.310158
-4.7907677
2.341171
-2.5089364
0.73605144
1.4675683
0.039231174
-1.0707135
0.05301142
-2.3667421
0.97241205
-0.80548376
2.2247233
1.2806355
1.6402457
2.3807228
-0.05483055
-0.9883545
-1.9462297
-3.3694713
-1.2252407
-0.2411055
2.4229553
3.3016174
3.5680053
2.6622543
-0.7380707
1.5744057
0.07520876
-0.52789146
-0.082816795
1.5530142
2.9088867
0.27110687
-0.62560904
-2.0137753
0.55490184
0.899061
-1.4794115
2.7770002
-0.6091901
-3.3301225
0.12304337
0.7868766
-1.22793
1.2402574
2.4519753
0.11853899
0.023358054
0.7499404
0.76487267
-1.1574546
0.3644314
-3.4840255
-3.506028
-3.0870674
-1.6190401
0.0828418
0.46619684
0.08902849
1.1478868
0.030259065
1.1432937
4.760025
-0.6640688
0.8181271
-1.1155598
-2.524756
1.7020165
-2.779371
2.9490623
-0.33309683
0.052465983
-0.7936618
0.17358008
-3.7126362
2.5255904
-1.0519869
-2.5428395
0.6106657
-1.8952339
1.1263012
1.6431662
-0.33914378
0.17179126
-0.18940312
0.66169786
1.8934482
-1.390998
0.37345093
0.8190941
1.8671308
-5.850504
0.9897289
0.19388434
-1.3107085
-2.367247
-1.1482716
4.6941047
-2.5365348
-1.4667037
-0.77275807
-0.21698764
-0.8496789
0.73287576
0.42573336
0.8158017
4.6879525
-1.1778542
0.8879448
2.4306526
-4.4216223
-2.5347257
-3.0676193
3.6789653
-3.351017
-1.6772544
0.32370296
-0.5445095
-2.7225122
1.4790611
-1.5767192
-1.3074614
-0.8469457
0.19330847
-4.9857535
-2.0723305
-2.4287677
2.4241948
2.830174
-0.42235076
2.6166656
-0.14222461
1.4417897
-2.7350066
-0.7307722
2.2348104
0.9063295
-3.3839586
3.666632
3.5172522
1.7789644
-0.7643029
-0.054273978
-0.8206484
0.46272722
2.3393252
-2.3111646
-0.67369753
-2.580676
4.6157804
2.9592264
1.9138831
0.38826072
2.5655055
0.4406695
-1.0909439
-0.9536265
-0.028132245
1.7739483
0.5772827
-2.2452595
1.1797231
-0.32076856
-3.5864997
0.011483125
2.671985
1.5224032
0.9176991
2.0054436
-1.350273
-0.8298969
-1.8386376
0.9851066
0.8728024
0.6009941
0.16486877
6.301216
1.04374
1.9634885
2.9100268
-0.9736945
-0.2504008
-0.3967666
2.7262669
-6.0771127
-2.5960367
-0.5641011
2.964572
-3.522094
0.1316032
1.2548097
-2.2621274
1.1246644
0.46500728
0.89578587
-0.88419974
0.37148246
-0.6899827
1.2944528
1.7338388
-1.6504945
1.4522461
2.8986683
3.0926201
0.4088176
3.0762389
-1.5401609
3.464515
0.19553593
2.4289317
1.2026726
-0.4835801
-1.9525478
1.009399
0.5881771
-0.6033206
2.4296558
1.2221761
2.95299
-2.4101877
1.5279557
-0.3844392
1.6001333
4.757449
0.7919301
-0.60545045
-0.4866071
1.3986773
3.5731554
-0.48449397
3.4939609
2.8121228
-0.06521195
-0.1121239
-0.89911777
-0.12708464
1.9627278
-0.62358385
0.051282912
-0.02004772
-0.030656427
0.74166286
-1.7542313
-0.46271843
4.2912607
2.4560487
0.11203073
0.3227429
-5.338091
2.489202
2.171316
4.191434
-0.24333337
-0.31006557
-3.5226648
0.0077399313
-0.2816829
-0.75982964
0.34967262
1.6898332
-2.6838398
1.9791629
-1.3869478
-0.62065405
-0.31816316
2.1765723
-0.098558255
2.1224663
1.4684776
-2.913073
2.4986553
-2.38194
1.8252103
2.0070739
1.5583705
1.9312211
0.41890705
-0.13214782
1.3021898
-2.025072
-0.38092792
1.482159
-2.0803268
2.403208
-1.4634874
1.1551825
1.7035463
0.5045998
0.674338
1.1864963
0.59295523
-1.3137134
1.4708035
1.9194177
0.1904207
-1.4569074
1.9142627
0.5869175
-0.3477171
1.5268675
-0.62480366
0.4736027
0.49813184
-2.2012067
0.055721886
2.6651208
-3.3085477
-0.33411968
-0.49605697
-0.40954426
2.106986
1.8577558
-0.3990075
-1.1639977
1.4557166
-0.47342166
1.4308399
4.017786
1.3186829
0.80748206
0.8684468
3.3834927
4.207356
-1.6792159
0.2842095
-1.6732929
-0.22229281
3.5727208
4.457541
4.5933924
-0.5281152
0.06535885
5.212534
-0.5349739
-1.3227584
-4.0505986
0.42700964
1.4902883
-1.7525685
4.3924937
-1.2601016
2.6514735
-1.2334677
-1.4159604
-1.4657753
-0.975769
-2.224193
-1.5293529
-0.040530622
2.0549917
3.3158393
-0.1578266
-1.2605748
-0.11800922
1.7867877
1.0799288
0.4193709
-0.73755145
1.5518072
2.0729246
-1.3528794
1.2432741
-2.8890958
-0.07019363
-0.51239204
-0.7648217
0.8034903
-0.52032393
-0.9899695
0.46419743
1.3045973
-0.6156971
0.58098555
0.4659077
2.739036
-2.0228949
-0.40192777
-1.4345073
-1.266994
0.52271885
-2.320695
0.68010485
-2.887505
1.629986
-1.3131143
0.77393305
3.7869866
-0.36140424
0.37059283
0.028862
0.35259187
-1.4656813
1.3113676
0.66573465
1.7790005
4.782821
0.12305901
-0.5781147
-0.09255248
2.7127738
0.18089372
2.8968039
-1.817292
-4.1806297
1.0814372
2.1447787
-0.31317526
-0.9997878
-0.24303737
1.9751322
-0.5225074
0.17434761
1.2771407
-2.4844964
0.58406544
1.6567295
0.7353372
-1.6039493
-1.1307467
0.05731427
-2.991266
0.9554728
-1.3836217
-1.0629934
-1.6732345
2.9352806
-2.1084743
-0.7049483
-1.3684683
3.9049711
-1.2731743
1.4108242
0.62046885
-0.66817325
-2.043821
0.7011749
-0.061980955
-1.9126056
1.8000551
-1.0927198
-0.6953833
0.61008906
1.297837
1.2163118
-0.3806624
-0.9878819
-0.76731646
0.61948514
4.0222836
-0.465612
2.9189136
0.16353136
-1.5706944
1.0346265
-1.1495711
-2.2224882
1.878708
0.45706832
2.2895508
-0.028634354
-1.5626994
-0.065015346
0.6233594
0.1684954
-0.15109193
-0.7163354
1.2231352
0.6762624
-1.4808064
2.743849
-2.303507
1.422736
-0.39356536
-0.591763
-3.4020169
-2.0646577
0.7091194
2.371912
3.11535
1.4274851
-0.4016065
-1.4946622
2.2880073
0.6488313
-2.0999799
2.9061086
-1.9415995
0.6361983
-0.6497923
0.90911454
-0.48215798
0.24282625
0.007385649
4.2940197
-1.4017249
0.7938559
1.2316377
-3.2676654
-0.83252406
-1.6795084
0.33312228
1.6741967
-1.6825562
2.20836
-1.117817
2.0727868
-2.524144
1.2451942
0.57558066
2.415523
1.1034374
3.9866564
-1.764279
1.8269461
-2.5824535
1.2505282
-1.5561197
-0.8012393
0.38989568
0.24108115
1.6100926
-3.552617
1.567835
-1.8915226
-1.9910673
-0.94977456
3.2739568
-0.25625578
1.2308102
-0.17484424
2.372931
0.7400473
0.14926268
0.4874035
0.5003029
2.902828
2.6209884
0.6318984
2.1445062
1.5252701
2.1339302
-0.7527267
-1.7013234
0.18578997
-0.8770782
1.0459455
1.4277258
-2.3289144
1.868567
-0.6169627
2.45582
-0.6543387
2.71663
2.1200235
1.3530008
0.49430174
-2.266066
0.2213636
-2.6986177
3.268989
1.4057406
0.13151717
-0.5553813
0.054975495
-1.3188547
1.5026491
1.6075592
-3.941681
-2.1855314
1.5139476
-1.7215862
-0.65060544
-1.64966
0.8727599
-0.91303605
1.0495142
2.1954708
-0.64808726
1.8785545
-0.35342813
-0.26588696
-2.3729322
-0.42876577
-0.01590141
5.176155
-0.001218386
3.7253153
-1.7401592
0.51023966
1.515448
-1.2988839
4.7863774
1.61464
-1.2659312
2.6529417
-0.14682478
1.2378628
4.3313203
-0.45396125
-3.9906673
-1.4159466
-1.2306374
1.3210644
0.037132658
-2.1950164
1.385394
0.88453805
-2.1452687
-3.1982267
3.239201
-1.7120037
1.5348495
-0.8035715
1.5216624
3.0422351
0.03745103
0.7300192
2.2113674
0.15497106
0.9446577
-0.50503397
1.3449342
1.2512414
-1.0404449
-0.43321756
-0.20213807
0.25824142
1.5800793
3.6526842
-1.6364416
-0.750961
-1.1292918
0.8099899
-0.27902135
-0.17744824
1.2396797
-1.7851442
-2.628568
2.1837735
1.8856078
-2.973184
-3.9692752
-1.4957827
-1.1105692
-0.7839332
1.7195668
1.8425096
1.036572
-0.21001723
1.4734193
1.1210676
2.0399544
1.4571244
-2.0789208
3.1525984
3.266504
3.3376422
-0.90301436
1.3725144
2.0120482
1.6068362
0.3425678
-0.26372522
1.5393255
-1.6316319
-0.37389004
3.9085236
2.1048281
-4.2671885
2.3995955
2.2690005
1.4212632
-0.1645166
-1.8362833
-1.582196
-2.3745935
-2.7181334
-3.8764255
0.575609
-0.1033946
0.21093243
-1.4299806
1.8047031
1.9524537
-1.3201711
-2.425688
-1.5239137
-0.30836746
-2.792762
3.250039
-0.6081979
2.5576677
-0.06407427
0.36145908
-0.46032786
-0.6482505
-1.0047202
0.47139233
1.9012909
2.4173372
-0.8884241
0.8323544
1.5005592
-0.44563377
-0.76054436
-1.4289441
1.563856
-2.2658138
-0.891815
2.4061525
0.030542642
-0.724395
0.55077803
-0.9887512
-0.84230554
1.7447759
-2.4993157
-1.415554
-1.648591
0.08512077
4.3580637
-1.8867924
-3.6299903
-3.3358977
0.020036034
2.1822493
-0.9223638
0.83689153
0.3097054
-0.8692958
2.0499709
-0.45537424
0.7041105
-1.1966903
0.32681507
0.57957333
1.7486993
0.06448406
1.4131385
-2.6259015
-1.2294353
-0.34926105
-0.104358815
-3.4480217
0.79076123
-1.743922
-0.5399577
-1.2632635
-0.39179087
0.6218077
-1.360867
2.597711
-0.76991194
0.6164091
-1.3069222
2.5406687
-2.3565261
-0.8015739
1.8954669
1.764389
-1.9773462
-0.41257122
0.35825244
3.6410568
-3.2595727
-1.8087633
1.2338781
-1.4443201
-0.16438605
0.46705547
-0.1664375
2.5443249
1.3298168
-1.2170888
-0.43748817
1.3508644
2.1120281
-1.4219153
-3.001514
3.2928138
-1.2594602
2.3603168
1.3378274
-3.2789824
0.6470188
2.1496344
1.7326921
1.5562013
-2.2025373
-0.7391564
1.2124513
0.8001052
-0.1413058
-0.320274
0.4410281
0.87544847
-2.9037647
0.5695242
1.5154512
2.500765
0.9698309
-1.2080699
-1.0295783
2.509432
2.5075965
0.07181032
-3.7809262
-2.3734329
-3.5682724
-0.14767149
-1.84129
0.45852184
0.111085095
0.8378711
0.71070045
0.2734481
0.48456302
-1.0312486
-4.70221
0.77773935
-1.3890525
-0.2775283
0.874036
2.4918861
0.9372526
-2.0720243
-2.6127012
-1.6720582
1.1564535
3.2819092
-2.1056159
-1.1419743
0.95109946
-4.073739
0.8864546
2.8820174
-0.13773787
-0.984771
3.9133682
1.0256809
-2.5137734
1.635387
-1.728813
2.0099902
-3.6568208
-0.26760492
2.0887415
-1.8241003
-0.13884526
3.4602787
3.2926955
1.810098
-0.16945809
1.8914745
-2.122479
0.3780203
0.24636358
-0.7513018
-1.8185877
-3.3176515
0.29596204
4.8584943
1.314925
-0.9739615
0.7651187
0.26012
-0.6972237
-0.89217335
-1.919526
-0.34729186
-0.83207834
-1.9635252
0.96514595
0.6226703
0.7933175
2.828816
-0.62595916
4.3347907
-3.2664156
-0.12815303
0.11282993
-1.6973872
0.35885054
-1.7864457
1.6462039
2.6153905
1.3111073
0.32175267
2.3856504
-1.6489955
-1.0658573
0.23738194
2.1789289
2.348618
1.376327
3.1429448
-1.2885565
0.61555517
-1.2127429
2.4826596
-0.41041964
-0.121772364
1.1816208
-2.3797798
-0.3943534
-2.0536366
-0.08252419
3.0049222
1.2026304
3.9455264
-0.42721346
1.5113094
0.9470249
-1.0511309
1.4188306
-1.1772996
-3.5307584
1.8498933
-4.505177
0.5178946
-1.4580789
2.6256692
0.6773335
-1.531444
1.0127466
0.049785927
-3.3657022
0.86140555
-3.0000873
-0.041763403
1.1766186
1.0493792
-0.7344482
-1.8966428
-1.1379385
1.8896667
-2.3631763
-0.90654993
2.3145041
-1.228871
-1.4432318
0.8652921
-1.5919913
-2.9555268
-2.6220157
1.3515855
1.8096564
-1.0312686
0.38358772
-0.05218338
1.0463253
2.0513103
-0.9660434
1.605708
0.9144225
0.031311378
-1.8004214
-2.6420324
-5.312864
1.0425378
-1.7370479
-1.667408
1.2139838
-0.4254704
1.5282005
-1.9779915
0.24901745
-1.1330322
0.45335975
3.6339598
-3.3323958
-1.2492632
0.55922294
-0.5193255
3.477911
0.36295557
-1.0537523
-2.9938028
0.39759654
-0.95370525
3.194385
2.814768
0.96184635
0.40821877
0.2777284
0.32179007
-0.05931674
1.6910373
0.05552909
-5.4409857
-1.4604188
-0.76541024
0.46185872
0.8852578
-0.6664527
0.60774285
-1.2818902
1.4745827
-0.5279076
0.11584931
-1.6140097
-0.94148886
0.51513255
-1.6283257
-3.3451984
-1.260924
-0.55069774
3.0299497
0.69037575
-2.8444426
0.65077126
-3.638634
-0.47090155
-4.55652
0.17463672
0.48770905
-2.1818664
-0.97749794
0.28878468
-1.974745
-4.1132064
0.2840086
2.4073458
-4.0835032
1.286407
0.30111945
-1.0809449
3.4449222
2.3936777
-2.2708576
2.9859388
1.2496855
-0.8770391
3.524957
0.9942924
-1.9223915
1.3652496
1.8680938
-1.708589
-0.16552027
1.7993168
1.4016556
-1.0595815
3.933245
2.4968379
2.944615
2.8243744
0.28366843
0.778977
-0.88119316
-1.0607541
0.5440051
-1.039319
0.31877267
0.7233616
1.2936622
-0.106790505
1.5717778
-2.797981
-0.5053023
-1.2331599
0.2450744
2.4938893
1.6826402
-2.21795
-3.0578382
-1.9078975
-0.9226388
0.7571877
1.5142035
-3.0922177
0.49525097
-1.3076444
-0.7011899
1.698562
-0.5814249
-0.9749563
-1.6951466
-1.9723631
6.153035
-3.2203658
-1.2520818
4.16154
2.5561695
-1.3305167
1.0610535
0.32929468
0.85686696
-0.0053529106
0.61299145
-1.157954
1.2315366
-3.2008677
-0.8953818
2.542262
-2.0673144
-1.0903437
0.13034862
-1.4893125
-2.2560358
0.21088174
-0.70377487
-1.7022198
2.2094893
1.6560662
0.44114035
2.1140661
-0.1477248
1.9277927
0.32255337
-0.12639007
1.8757623
0.9343013
-2.4438877
1.5735221
0.86768
0.46461213
0.738405
1.1119068
-0.24158865
1.0551592
0.02077844
-1.1993449
1.0249842
0.6183903
-0.8255118
0.6499446
-3.3691258
0.30667034
-3.086291
1.7155927
0.51193213
-0.09681082
1.069423
2.5648987
1.1686964
0.13390014
-2.4084475
1.5421581
-2.6893637
-1.5694023
2.0212023
2.7459607
1.5891956
-0.88393253
2.1908908
-2.7040567
-0.024916936
-1.860673
-4.6889844
1.2559135
1.876328
-3.3259583
0.6879911
-1.6811239
4.5346503
1.1799669
-0.7947787
-2.7154036
-0.88828635
0.6817463
0.6538893
-0.7593177
-1.0331143
0.0054506585
-0.61426157
1.8644345
0.57731557
0.15570265
-0.23831674
-1.9044691
1.0988716
0.8666784
-0.71490574
1.7460641
-0.13892877
-5.304485
4.4061823
2.1641638
-5.046008
2.1501286
-0.96550745
-2.473183
0.88743687
-0.8041291
1.7295735
0.7594178
-0.2146593
-3.5362523
-1.5071727
2.8078117
1.3856246
1.1187732
-0.9964828
-1.864381
0.22115341
-0.54434764
0.92189384
0.53427964
0.042288147
0.18867564
-0.4285726
-3.393402
0.955959
-0.018945064
0.92792094
2.4767132
-1.4407071
0.70556504
1.1036929
-0.73292047
3.6236713
2.7907302
-1.321427
1.2103899
-6.548053
0.9362888
-0.0043414906
-1.741391
-3.5873816
-0.972904
-0.14058945
0.26614103
0.27469048
1.9343227
-0.973144
-0.5447825
-1.4989305
-3.1550412
0.7730615
-0.5534487
2.9529395
-1.2135223
-2.034185
0.08939806
-1.0811217
-1.3184528
2.3791537
4.0961704
0.26976284
-4.5471816
-1.3259526
0.098869234
-0.32551098
-2.6286922
-0.7215383
4.40304
4.018822
1.564041
0.65572864
-1.7048501
3.7966719
0.96818006
-1.7924511
-1.9364175
1.620995
-4.6312084
1.0429238
-1.7888165
-0.5751166
1.5402079
-1.6135069
0.17377305
-1.008446
0.0060534775
-0.7727533
-3.424143
0.1802597
1.5382138
-0.69178927
-0.5907991
-0.37063524
-1.999897
2.6889002
1.998807
0.118546486
4.1606293
0.53925264
1.6216745
-2.0304103
1.3017186
1.8488076
0.5411987
-1.5272743
-3.0537412
-0.6478225
-0.9730754
2.2556586
-1.4564564
0.8795954
-1.255021
-0.5168181
-0.66417354
1.2327509
-3.0517
-4.751
-1.9179707
1.197975
-1.5612515
0.3735072
-0.20797107
0.70362735
-0.36422
0.6140228
-0.7423009
0.43862623
-0.20748377
-1.0817335
-0.19123375
2.429949
-1.0830393
2.6016552
0.6017872
-1.1153315
0.95376956
-2.4769354
-0.41102386
0.9005932
-2.5804887
-1.172234
-1.1391875
1.0479152
-0.718818
-4.025919
-2.4502234
1.8420907
-0.10041278
0.76333153
1.1193423
1.7705956
1.1455609
-4.545532
-1.0334377
5.285145
-0.11756725
0.59487456
3.7058914
-2.4025667
-0.9654934
-2.1993997
-2.3637307
-1.4249398
0.9547949
1.218462
-1.2684301
-0.9306494
3.243718
0.5396067
1.2197962
-0.025122195
-3.3276403
0.20147224
-1.050233
0.96479577
-0.23401985
0.009215951
0.97705054
1.6006312
-2.3674333
-0.41993743
-0.07388649
1.7951062
2.2194755
-0.8951895
3.129981
-1.2284998
1.9838235
0.15220213
-3.8841252
-0.807038
2.3978379
0.79969144
-0.8014791
1.463484
0.045087166
0.37585366
0.4267394
1.3383323
-1.0357535
-1.4308486
-0.34668595
-0.55236286
-0.41456816
0.49801758
1.2180591
-0.7421719
3.785236
1.0812173
-2.9713585
-3.2910671
-0.947645
-0.8538276
2.7315068
0.93692166
-3.0775099
-2.742126
0.7324221
-0.38109288
-0.630489
3.9992275
2.486998
2.426855
1.6328303
-1.6484013
4.181254
-1.6917018
-2.1158826
3.2161574
0.14188108
4.2874203
0.16849405
-1.7413256
0.6591187
3.96173
0.02499719
0.28664345
1.2119325
-2.790159
3.2699158
-3.3308694
-1.403547
1.7333674
-0.7027763
-2.4825616
-0.73728514
1.1053753
-0.80514336
1.7833991
2.6528904
0.63667977
-0.8085517
0.47112936
-1.6102799
3.460834
1.409204
-2.9820335
0.74939245
-0.492275
2.556895
2.440494
-1.7313917
0.22243278
-0.60433936
-2.0853755
-2.247977
-0.3570968
-2.4616258
1.3102958
0.42779997
-1.4394534
-0.6316728
2.4534993
-0.3835067
-1.470684
-2.958917
1.2494967
-2.4819999
3.2351115
1.1013682
-1.7124997
-0.13324589
0.6968164
1.8228333
0.99903077
-0.5789144
-0.9501271
3.7066126
-2.4045882
2.7461104
1.9719039
2.1340728
-2.2196689
-2.4635816
2.3771272
0.9974889
2.5864668
-0.87703794
-1.1865008
-0.9431325
0.37680653
0.4612713
0.55268866
-1.7043768
-0.04370895
0.17422894
0.2525991
1.3887954
1.5469836
1.6082492
-1.6468415
-0.38281733
1.0741124
0.13260508
1.7981008
-3.1767945
1.4101288
2.3255336
0.16706726
0.69640946
-0.13451967
-0.50183207
3.5683966
-0.04995995
1.3935672
1.4190661
0.5925633
2.2483668
-0.046914678
1.8160475
2.4986567
-2.035461
2.8340788
-5.076504
0.5828661
2.328714
-1.0238061
3.05517
-1.5035367
-0.08401568
4.2424874
2.4475663
0.6359638
0.31702733
-1.2179421
-2.3615894
1.1386893
-3.6405075
-0.5913691
1.9800745
3.284064
-1.2976995
-4.2997355
-0.6142944
1.3115286
0.13260068
-1.9083055
1.204082
0.18021974
5.1033397
0.32110214
3.3959913
-0.36153036
-2.9138687
-0.41360274
2.1320143
1.4260329
1.8659955
-1.0910465
2.4145534
0.025533035
1.289506
-0.7061921
0.7842009
-1.3700436
-4.1999636
-0.8779029
0.11767014
-0.010270946
1.0329893
0.21312532
1.188062
-0.4233563
-1.2476081
-0.88046664
-2.2852435
0.20498516
-3.3497784
-1.676117
3.1512175
0.6774543
0.40811285
-2.0009325
-0.514452
0.53090155
-0.5593268
2.5669816
-4.2938256
2.257393
2.119077
-1.3845648
0.75904185
2.167718
0.104933515
-0.62805843
0.07526137
0.07401085
-2.05274
2.1179957
1.8499013
0.1746363
1.2989254
1.8201268
0.20417097
-4.2786746
3.045684
0.24367455
1.493951
2.0633197
2.5561287
1.7896689
2.4986248
-0.8198728
-1.1108404
0.54850334
1.0551434
0.08797314
0.049164377
0.12407588
-2.2704473
-0.8680289
0.8679408
0.18877906
3.4411528
0.85315883
-0.30091998
2.0770006
-3.880285
-0.034300037
-1.9016185
1.8333161
0.45892224
-3.552006
-0.10162463
-1.4432621
-1.6314759
-3.835559
0.91368437
-0.2501099
-1.1429994
-0.8986451
2.3243623
-1.0199194
2.8729086
-1.4904227
2.6620147
-1.3400674
-1.0875684
1.711193
-0.06780171
1.04073
1.5140717
-2.460641
0.09932418
1.7239916
-0.77461696
1.074077
0.18402237
-2.7702932
1.3318524
0.82806253
-2.056415
1.2199141
1.2612587
-1.9229227
-3.3643987
4.8142715
1.2132429
4.941565
3.6319044
-0.2990559
0.1821421
-1.1150628
-4.026936
1.7964168
-2.21212
2.536629
-0.12548062
-2.392981
0.7721442
-0.28967112
-2.1642258
1.4129316
0.45258373
2.2043965
1.3903319
-0.28696522
-2.1543784
-0.40191317
-3.2020094
3.1038516
-0.61045015
-2.086001
0.9873958
2.2892525
-3.335052
2.606728
0.72007346
-2.0267835
2.0507662
-0.778389
0.8721428
2.2187362
0.72140247
0.47899917
0.5825837
1.542006
2.5153909
-1.5056307
-4.7305436
-1.9152036
-1.9189295
-1.3284477
1.5207738
1.1172138
1.946756
2.240799
1.5469525
-0.1330163
1.8143597
2.937992
2.5151634
0.5288345
0.21949828
-2.4899545
-0.34035647
0.9447977
2.7242339
0.19250578
-5.8623238
3.4445603
0.7208435
-0.6599128
1.7281705
-1.2105808
1.036031
2.5094163
-0.23864323
-0.32328516
-1.0294125
-0.39639956
1.0392562
-0.93971354
1.8746414
-0.5399756
2.5999076
-3.4416158
-0.858936
-0.8732297
-0.890057
-1.6775626
-3.5216892
0.3086076
-1.6511054
4.589052
-1.3892395
-2.8954723
1.0332056
-3.411312
1.3819076
0.41631314
1.1983135
-1.5988966
3.5740738
0.40943867
-0.6237017
-1.7881377
-1.5694834
2.8881269
-0.9132926
-1.9099652
-0.31603843
-2.0038757
2.5710845
-1.8248719
1.0613157
-0.74181414
1.8175373
-1.8986833
2.1534538
-3.9007604
0.93699944
-1.3188871
2.066571
-2.0713508
-1.2748398
-3.2049491
0.6640396
2.8283908
0.3750386
-1.590569
2.2325346
-2.5489686
2.2110236
-0.7187673
1.0142819
1.3715793
0.118299015
2.0241113
0.9666802
4.4480486
-0.32236487
0.047512166
-1.7712934
-0.57283336
-3.485399
-0.25088373
-0.33287814
0.6117432
0.7832511
0.97920024
1.109072
2.4284172
0.2981215
-2.8182077
-2.7122142
-0.32348928
-2.0600939
0.45586073
-2.130673
1.6071385
2.5167959
-0.93577474
-1.4026695
-0.62516254
1.1998606
1.6951202
2.670229
1.622248
-4.059841
1.3502274
-3.9009912
-0.8506758
0.35017684
-0.51766557
2.3961892
0.62581366
0.4559871
-1.3776562
2.5716114
4.7104325
2.7375243
0.3503845
0.72951597
0.55065703
-2.6875756
2.090686
1.1413873
-1.2250563
0.8266535
-1.9817979
1.3404496
-0.634892
-1.4407072
-0.6006461
-0.5459143
2.2561026
2.9826853
0.080506295
-1.6281097
3.508038
-4.0752215
-0.37921533
1.867621
2.3165636
3.9233391
1.0801933
1.0491135
-0.37192082
-0.33144006
-1.1128172
1.2682087
-1.418368
-0.13222924
2.4094243
4.6913414
-1.9642842
0.94356185
-1.4138371
-0.028074577
-3.0002782
-1.2422292
-0.38880008
0.6915136
2.3214993
-0.8929978
-2.7106485
1.4425611
-2.5206606
-1.0009892
1.6890918
0.080385365
2.819871
-3.4247057
-1.701317
-2.8310714
1.5006078
1.7916993
2.8073604
0.07036962
-0.6545421
-0.37351453
-0.10333834
-0.71369517
-2.5315423
-2.6401806
0.5495261
-1.6591942
-1.9074086
-0.25629067
2.467359
3.6052208
-0.41265056
-0.89358944
-1.5474787
1.9402303
2.7401447
0.54588836
-0.37883568
-0.5060431
-3.0185397
-0.8231857
-2.043579
0.7636585
-1.3596389
-0.7677886
-2.3376086
-1.9193853
-2.9734035
0.24822308
1.4488238
0.86471486
1.9911515
2.2965786
0.6631054
0.50457126
-0.48016846
3.3428469
-3.7737134
-1.0015839
1.6747165
-0.4159645
-1.9376761
-0.42670614
-2.07938
-1.5039455
-0.020013683
0.7230511
-1.1210806
0.10063687
1.7500819
-2.1238484
-0.9817058
2.9441311
1.1793529
-0.2726316
1.1790856
1.6160179
-0.39110026
-3.4408405
1.0195055
-2.9209526
0.8133339
1.004153
2.8838105
-2.6768756
0.18550912
-1.1054863
-1.985231
2.840757
-2.0866234
-3.726253
2.6340356
-0.017610632
2.1851103
0.016510434
-0.0444007
0.06361684
-2.9436266
-1.2035301
-2.5407197
1.1604629
1.1314052
-2.4891064
-1.7934451
3.951614
-1.0418392
-0.4950024
0.106853604
0.18287152
-1.4733098
1.6850681
-1.819453
-3.0892024
-1.0813369
-2.467536
2.8056436
1.285672
-2.086475
-2.8692784
1.4386073
1.9181585
-1.5999788
-0.5848583
1.7302493
0.10564747
1.823294
0.22358441
-0.05873943
-0.21960759
-0.35717878
-0.3577368
0.24984202
1.787306
-0.6585962
-2.0899138
1.750326
2.6712751
-0.5794797
-0.2644353
-0.5670612
2.232129
2.0964618
0.9331607
0.7719226
-1.1672571
2.70512
1.5807084
4.1524076
-1.8437222
0.7040796
-1.4069823
3.9972963
3.4947126
1.6968546
0.723928
-4.1204247
2.0336232
0.41441694
-0.5379034
-0.4501073
1.2108641
-0.08653341
1.4055873
-2.552328
1.142602
-7.006077
-0.5689441
2.6799395
0.33421063
-7.0542846
-0.5740036
-1.3716402
2.3263412
-1.1287014
-0.27341318
1.7912695
-2.9340231
0.75664705
0.11949131
-2.1482208
-4.1053023
-0.22750863
0.15858352
0.63704646
-2.4645026
-0.50814945
-0.8732494
-0.18820593
2.0535452
2.399142
-0.8209876
-2.5395062
-0.14114365
-0.80995446
0.75643677
1.4376204
1.8547636
2.1451178
2.309624
-1.7254509
-0.7205078
-0.5274478
0.21509032
2.6858249
-1.6107298
1.0802888
0.35242957
1.1353691
-0.340038
2.0722885
-0.14291951
2.3955147
1.4727154
-5.746792
-0.946547
0.63242275
2.3266742
0.06208902
-1.0559677
0.88910043
-1.1352823
1.3103554
-0.598161
1.5164291
1.2116696
0.29045615
-1.9024466
2.6277966
0.41911954
-1.0283974
-1.9179187
-0.23245192
0.21748829
2.2965903
-0.7833651
-1.0339746
-0.712714
-2.1078262
-3.2055907
-1.3916858
-1.8032364
-0.41165122
3.9811153
-0.12751907
-2.2344296
-1.0055968
-2.139726
-0.72709507
0.27844778
1.5513589
2.180943
0.5241422
-1.5538957
1.3046465
3.2167947
-1.004693
1.9322734
2.8631349
0.5052185
2.9523568
1.970259
1.5578882
-0.1888506
-0.89930004
-0.11722709
4.413983
-1.6252158
1.7882738
-3.5578766
2.3062973
-0.066928476
1.2275752
-2.297127
0.7416036
-0.22150931
-1.0908455
0.582193
1.6098262
-0.916356
0.27326694
1.8109875
0.15818256
0.83706045
-0.13236767
3.8259463
1.9588716
-0.6017825
-2.2584608
1.232311
-0.19722518
-1.0025319
0.56274307
1.7475858
-1.0139371
-0.7862401
-1.7355855
-1.7375605
2.6809077
2.4876199
1.0666674
-0.38487712
-2.0567212
2.8674521
0.39577085
-1.0265465
-0.6369768
1.7743518
0.41842413
1.2947303
0.9308921
0.66773
-2.774127
2.9315212
-2.457477
0.009668201
-0.074791536
0.048352696
2.3168688
-2.918184
-0.9787268
-1.0465976
-2.4939525
-0.8909562
-0.3986374
-1.3689629
-0.10449221
-1.0339638
0.21689087
-0.0056393594
1.4435781
-1.3785871
-3.7040431
2.0672762
-0.35602254
2.582194
0.74370456
3.246761
-2.0416107
0.42131853
1.0613017
-0.9961305
-1.4248897
-0.39437646
0.032504365
1.004425
0.6267306
-3.213793
-2.2647104
0.33620268
3.0825107
-0.9093064
1.7277167
0.957839
-0.83568627
-1.9224678
2.3511868
-2.487194
-0.061167784
1.5933417
-0.3309493
-0.39068952
1.9146708
1.6910185
0.83123606
-1.6951126
-2.428261
-3.609037
4.552631
-2.6391935
-0.92418987
-0.26858783
-0.9697216
1.0203989
-0.2146806
0.9959262
-0.1241485
-0.19589707
4.120102
-0.90591556
2.7149646
0.13860402
0.44667602
-0.63084924
-2.5358033
0.48684472
2.7907271
0.41674733
-3.0191083
-0.30884284
-1.9583285
1.587682
-0.43218178
-0.02839616
1.0180355
-3.4125898
-0.6305288
-3.620663
-1.7196555
3.2366266
-0.062123373
0.9227873
1.5721217
1.1813697
-4.941292
-3.4632375
1.1086938
-2.1577833
-0.90657145
1.636799
1.1246381
2.3578775
-2.7935152
-2.2741804
-1.0667498
-0.8512614
0.3950136
-0.041693278
1.1874458
4.0379796
0.88457346
-1.1506051
0.5321218
-0.85891116
3.1640515
1.1097883
-1.6132829
-0.7255517
-0.8652276
-1.9938809
-1.1406343
1.1130463
0.23688005
4.650297
0.4270869
0.5658645
-2.7576249
1.421479
1.0131617
1.1509221
-0.766651
4.9621406
-1.6086749
-1.4562505
-0.07583279
-1.0407156
1.7482349
-1.0686774
-6.7470365
-0.270244
1.8208762
-2.7730465
-1.5148032
0.47401828
-2.1444547
-0.15798321
-2.9757435
-0.16801614
-3.3858194
-0.67374885
2.0925896
-2.644615
0.8488799
3.5289676
1.6464261
0.84763676
-1.0673012
0.74495906
2.495579
-3.8351521
-0.09767004
-0.9513328
2.8375561
0.74573
-3.2520528
-0.7630234
0.7950705
-3.042343
-1.3462116
-4.2243853
-2.364561
-1.7227427
2.5374913
1.1809798
-3.312446
-0.036067467
0.6137671
0.70387775
-0.003330253
-0.6107653
0.78736985
0.27362388
-0.35554284
0.6976641
0.22409502
-2.018785
-0.28064674
1.2140983
-1.027274
3.4303918
-0.75665426
-3.3543224
-2.3866105
-0.21274722
-0.3604028
-2.8529518
2.0342143
-3.945968
-2.958448
-0.7587071
-1.7956007
1.5885006
1.6416975
0.65168256
-1.1638173
-0.24961707
-2.789867
2.7463546
0.0131037235
-1.332081
-2.5804012
-0.4508566
0.16024435
-3.5662205
0.31192857
1.5426874
-3.376377
-2.3934357
0.4167334
1.2568277
-1.7432171
2.9714766
-0.38114718
-0.36691496
-0.0742845
0.14291227
-1.2694662
0.23192754
-3.2984395
-0.9280512
1.5612588
-2.0949755
-0.793077
-0.13096419
1.5430944
0.54796827
-0.8053489
-0.91556525
-3.0953612
-2.765472
-1.1838988
-1.5242674
-0.3048622
-2.2635689
-2.8569164
3.309722
0.98638356
-1.2915983
-2.4034865
0.1725932
-2.3004825
2.7504058
0.69452316
-2.2086883
2.8856332
0.69121295
3.2600892
-2.573561
-3.2272253
3.3662713
4.0156374
0.2854694
1.5547701
0.33021203
1.7986238
1.3287947
-1.7537253
2.3417966
0.35698655
0.14430714
-1.2255468
-2.8332903
1.2238399
3.8651137
0.7741682
1.1702745
0.799132
1.1892751
1.3425616
1.2586138
2.3625796
-4.6361346
-0.1765227
-1.2671258
2.5248168
7.8924527
1.449392
1.5617021
0.052331023
-0.027927633
-2.1467037
-0.63625544
1.8588139
0.71591175
0.8473024
-1.0157325
-0.9488246
-2.3605678
0.109169945
-2.932262
2.226434
-2.3987713
0.41483992
1.851876
1.7389592
0.23977616
2.245955
2.1357431
1.8040236
0.8157185
-0.39260596
-0.0027053654
-0.3752917
0.85559464
-3.0754912
1.6321241
-2.4788108
-1.6753241
2.8965669
1.1070808
2.6106617
-0.07255251
0.39863712
0.6862113
-0.09365475
0.9183543
-2.182627
0.83987457
1.8647608
-1.4139044
0.5355094
0.26009187
3.3664687
-1.085702
-4.529067
2.2647777
3.2413166
0.17285556
-0.16606098
-2.675595
-0.9099274
-0.26040328
2.8158262
0.55107665
0.24427228
-0.7160422
0.6614267
2.1593373
-1.0848528
-3.9298153
1.0640256
1.0602993
-1.6505568
1.988731
0.8612724
2.8947837
0.73981005
1.8441975
-3.1130724
0.21814689
1.591154
-3.3907673
-0.67910784
0.60628414
-0.034893647
-0.9663054
-1.3493142
2.143361
-3.6846943
2.421772
1.7619509
4.0887527
-1.442323
0.8094807
-0.0308121
-1.7274787
-1.3684152
-0.93299997
-2.5195692
-2.3441045
0.007389523
-1.6763098
2.3315835
-1.3344855
2.001484
-0.23252848
1.1952904
-0.7707589
0.27591363
-0.49917018
0.3653232
1.1286017
-1.2307043
-2.8379774
0.6280514
-3.3607376
0.9560368
-1.0652127
2.6658237
0.095312886
-1.8213457
1.1407788
-0.8932249
-0.40147346
-0.38429365
1.0328565
1.7402225
0.8119392
0.47101873
0.65871376
0.98684156
1.0290154
-0.7266044
-0.80245245
1.2064608
-0.43508703
0.5695654
1.081433
-0.1094861
-2.3683803
1.6034591
-2.0692039
0.6202928
-1.3711565
0.7565314
0.2291128
-1.4264097
0.10330226
-1.7743288
-2.615812
2.4374955
0.6194985
0.13295658
-1.3645046
-5.5113983
1.0566198
0.12589736
-3.4348235
3.5988662
2.1190917
-0.7483222
-0.42737377
-0.30647668
-2.7506092
5.2949934
-1.6396176
-0.7885037
0.7282526
-2.1271207
-1.7592318
-1.002419
2.1749775
1.2871991
-1.6221722
0.463206
1.0871103
-0.44890225
0.061914064
0.26255196
1.1352971
0.04327464
-2.8034558
-0.30031854
-2.863681
-1.8767116
-1.0975622
-2.6335855
-0.9527294
-1.6300776
-0.21080023
-1.9250958
2.1106927
-0.872746
-0.098561816
3.078905
-2.0363963
-0.50384593
-1.0883008
-0.64553565
-1.2536346
-3.4891276
-3.3163292
1.6141826
-0.6846278
-2.2859292
-0.00077652186
-2.9687269
2.3720522
-1.8987926
1.9808241
1.6009616
-0.30392343
-0.98258406
-3.8297184
-0.9924693
-0.62347186
-0.104147196
1.2626102
1.1742103
2.2946124
2.1106603
0.54892874
1.9950744
-0.41071403
-1.5585885
-4.390095
-0.25717303
0.2869837
0.016198624
0.9060356
2.2850678
1.1254249
1.0149297
0.12405837
3.93907
-0.037234303
3.93835
0.74077976
-2.323098
0.077562764
0.3979693
-0.825993
-0.05560726
-3.0292892
0.20296843
-2.5414872
1.5544028
-0.97862786
1.6402962
-0.0344894
1.1401975
-0.39857823
0.54563814
1.3691059
0.023558103
-3.9066117
-0.691452
-1.6036475
-0.83011925
1.0777197
-1.5022613
-0.21408196
0.4199002
-0.85583663
2.9660802
4.0090914
-0.9886975
-1.1712465
-3.2699807
2.4263616
-2.831473
1.6561848
-1.0601441
-1.7255648
0.6195543
-2.0019734
2.169978
1.1785927
-0.05954063
1.2960371
-1.0445951
1.0514157
-1.9545902
1.24702
0.86134595
-1.8017493
-2.8104177
-1.9713758
1.6519276
0.64252436
1.050347
2.9023101
1.2414073
-1.2999685
2.889195
1.583625
-0.83507735
-0.01937949
-0.7284325
-1.6067835
-0.35904792
1.6081976
-5.111163
-0.80241764
2.2717104
-1.8654817
-2.0262032
-1.8907689
0.3878234
-1.9841725
2.638317
-2.1360838
1.5274832
1.6568736
-1.23653
-0.9426966
-1.5038993
-0.64591235
0.005916603
1.3741685
-0.6581867
2.0114162
-1.0268573
-1.2331954
-0.74310833
4.9956903
1.731258
-0.5757095
-1.0520158
0.39429146
-0.30476025
2.1042352
2.3808742
-0.210346
-0.943622
-0.6797757
3.8140256
3.3744702
-0.51058555
1.3566834
0.24135193
0.8625192
-1.9039569
-2.4902537
-0.7819672
-1.3454754
-4.416457
-1.3523897
0.95271987
-0.032399923
-2.0746613
-0.45883682
-1.1277088
-1.1146452
0.82521147
-2.6621516
0.5984793
-1.4461474
1.3426875
2.7755275
0.6994205
0.23965946
-0.6866252
-0.6410403
2.0166957
1.0786464
1.0204118
1.0466464
1.1407013
1.2499255
1.8276193
0.89732575
3.614173
-4.6587634
0.058532726
-1.394581
-1.6306372
-1.5729892
0.4238416
-5.264907
-0.57762516
4.9796915
1.9625008
0.74455553
0.43801245
0.32969162
-1.2317367
1.3290005
0.85866743
-1.3535696
2.7222145
-0.4608389
-1.5983212
1.3618116
2.2963085
-1.8062383
1.791644
2.747618
-0.43002957
0.8787373
0.025073774
-0.7110481
2.7031536
-0.45132276
3.5244617
1.3029449
-3.291009
-2.297177
2.0578833
2.075413
-3.9682844
1.9541994
0.9211144
0.31332076
-0.54293144
1.8947659
-2.3069234
-3.2975116
0.34519875
3.505505
-1.8729984
-0.5770182
1.1144139
1.5651264
2.688713
-0.3621181
0.41533208
0.5075426
0.34311482
0.6136435
-1.8090926
1.3045477
-0.45265478
-0.6123668
0.47231552
1.1528536
-0.8931999
2.117066
2.36659
-0.00017170608
0.5073619
-1.3124831
-1.5392835
0.6754658
-2.4878087
1.4669175
0.7771112
-1.2313179
0.45549065
-0.18868375
0.6522005
-2.0613718
-1.9440479
1.0776346
1.2465166
0.5861587
-0.98147357
1.5355642
-2.8489866
-0.90784985
2.686017
2.4776142
0.1486099
1.6931868
0.9966674
-1.8124044
-2.1939845
-1.5382293
-1.4698042
-1.4352549
1.192123
-0.64008766
-0.00572617
-0.3378814
-1.8018655
-2.2511222
0.059524328
-4.997407
1.7844135
0.6250918
-3.4534104
-4.20504
-1.3421023
0.39576906
0.38790756
0.840602
-0.8145202
0.17596638
-1.8526205
2.259298
-2.0039105
4.1234183
-0.70777035
-1.8134456
-3.4138417
-0.07979741
0.96781486
-1.8187604
-2.9366162
-0.7118363
3.3493385
-1.162599
-0.00090732425
-0.21680848
-2.381405
1.71279
-1.2960691
-0.8454195
-2.4677882
0.6184508
-0.1708524
-2.8197029
-0.4694628
-2.4086766
3.1225078
1.1642151
-1.5612981
-0.73100835
0.49728525
-0.77885234
0.0770758
-1.8327454
-1.2209821
-0.00094444305
-2.0918026
1.2873342
0.39081144
-1.1647723
1.0041406
4.301704
-1.6940418
-0.62625843
-0.31117216
-1.5784445
0.90628463
-1.3884128
0.76091063
0.71320796
-5.119087
2.046951
0.73302203
-0.54886615
0.97479194
-0.38123673
0.31889743
-2.02805
-0.45077005
0.14264613
-1.3148571
4.1130605
1.4031374
-2.1330364
0.5473402
2.672571
-3.642172
1.7118986
-0.06844494
-2.7412171
2.8909752
1.0863072
-0.50244176
1.9355232
1.2658803
-1.739044
1.610602
-1.3627235
0.95200074
-0.052244633
1.1049734
-1.4874128
-2.3797805
-0.6635926
-4.876214
-4.242509
-0.6321211
2.0817041
-0.3144826
3.703192
0.30695075
-2.6877913
2.4382274
-0.97050977
0.5546067
-1.165769
3.0839155
-1.1978346
-1.65575
0.009178013
3.7556775
0.62467664
1.9933462
-1.2965261
0.1854332
1.9105461
1.163134
-0.9296912
0.20198575
1.962086
0.9696608
0.23858747
0.42157885
-2.1820848
-0.19235598
1.3607459
-2.9361618
-0.2788551
-0.8605282
1.9293075
3.8319137
-0.51803035
1.0029919
2.3637736
0.26175278
1.1988177
3.9969122
-0.12246087
0.5638071
-0.6930354
1.1950659
1.2166289
0.96462584
2.814118
-0.94338053
-0.3614405
-1.6710418
-2.5411713
-1.5590314
-3.3774505
0.14084725
-0.2781605
-1.6612403
0.43458328
1.0011224
-2.0829668
0.024589688
-3.486269
-1.1539989
-2.070244
-1.5027212
1.4367809
0.6093793
-1.3934069
-2.1117964
1.4906765
-1.2800943
-1.3076618
-2.582122
0.20649031
1.516689
1.3279982
2.3571465
-3.1204453
0.30917075
-1.3329844
-2.7502353
-0.5669611
0.9442905
-1.0476596
-1.5609686
2.8668456
3.2250898
-3.0560827
-2.086734
-3.602117
-1.1599203
-3.7352161
2.7692006
2.006402
1.2537836
1.7712429
0.8325316
1.6131692
-4.523391
-2.269699
-3.2655108
-0.009117059
-1.5716283
0.41991726
0.8562737
3.3591292
-0.081250146
-1.9470015
-2.4132864
2.2109132
-5.194337
-1.3148179
-0.73878336
0.025100544
3.2042575
4.5857787
-2.5868309
1.4448541
2.7155752
-4.756718
-0.8475198
2.5238552
1.9202423
2.6206286
0.7938858
-1.3421314
-0.7018066
-1.9474993
0.78912956
-1.409737
1.6545597
0.5747529
0.9564302
-1.9005947
1.9072179
1.5974422
-0.3630021
3.3776753
-2.5976343
-0.98863494
-0.21850607
-0.6183808
0.49920687
2.1328206
-0.53131074
1.2138093
-1.6251025
2.6389961
-1.6782657
2.9262555
0.6381202
-1.3840058
-1.5120351
-1.0684141
-0.6921292
-0.89373386
-2.6599371
1.7218207
3.2837934
-1.5124174
0.26767954
-1.2460929
1.6977209
-1.0141819
-1.4218726
1.5364593
1.0077592
-2.300891
1.3137455
-0.7617833
-1.473965
0.4483513
-2.20904
1.60879
1.3608719
-1.5564121
-0.03240198
-2.3815925
-0.6876601
1.1486616
0.6546834
-0.51122355
-0.86705303
-1.8193778
2.2345526
0.679118
1.2783097
1.0468355
0.09967008
0.41020733
-2.4861908
1.7698504
1.4947973
-2.134925
-0.4523619
-1.7868447
-2.213777
-1.1964177
-0.82966363
-0.7904131
0.73782086
-1.186182
-4.1720295
2.670977
0.25162968
0.38207713
-0.073537745
-0.047456592
0.2923634
-0.17788686
2.142559
2.3252337
7.060076
-0.17366202
-1.7656103
1.4994862
0.16338715
0.23024842
2.9790788
-2.4582887
1.8397537
-0.8241339
1.303447
0.5946053
3.5633872
-1.3688059
2.8954475
-0.26927063
1.5753367
4.195325
1.6243302
1.3462155
-2.4565718
-1.6790663
1.7328482
-0.42400283
-2.5970566
-0.11226093
0.83198595
1.2058825
-0.4890553
-1.6537849
-3.6968358
-0.7035603
-1.2272403
-2.5047987
-1.1172205
0.86790746
-0.20203581
-0.5833602
0.64851385
-0.49513885
2.2809517
1.2749076
-1.4320738
1.6589237
-1.2525934
-1.0399401
1.1859798
2.2293015
-0.49401402
-2.686038
-0.15418403
0.75828356
-1.7489916
-0.61857784
-3.6362762
1.2745266
-1.9662374
-5.1589265
-3.8170266
1.0512632
-1.0796978
0.38813865
0.16876054
3.7655802
-2.2425826
-2.1659172
-0.28122285
3.0773249
0.37742633
-0.59424216
0.31068683
-2.6735306
5.1050034
-1.4871198
-0.31142852
-0.64575124
0.50091237
-0.4286776
-2.8568377
-1.2431107
0.7285655
2.1725786
2.3612988
-1.62247
-0.36116296
0.7943539
2.7194922
0.74858344
-0.9629156
3.7607217
1.3685644
1.650222
2.687626
-3.5181737
1.0171717
1.2388918
-1.4598558
-2.5463333
-0.17900497
-0.68153006
-1.3106798
1.1036072
1.1043576
-0.38178945
-1.9065
-0.68341994
1.1074957
-3.6368866
-0.75903094
0.46982998
-0.98336697
0.64009863
-1.536811
-1.8811612
1.763142
0.9814656
2.9040308
0.6879418
-0.31065193
-1.6452475
-0.47457853
0.66121334
-0.49898636
-0.32869864
1.2301825
0.31158805
-1.167263
-0.26768306
2.80325
-1.0316378
-2.6990986
0.7257536
1.9655781
2.181275
5.4623723
1.1785727
1.121705
-0.7786371
2.0689068
1.4560051
-0.7197759
0.10281714
-0.56434584
5.040926
-1.64203
2.1528084
-0.15599397
-0.75877774
-0.8594908
0.04594612
-0.6173275
0.80818397
1.7952656
-0.53332436
0.32401073
-1.9733317
3.1541145
-1.4494631
4.6384315
-1.4928254
0.14908463
-2.2669094
-1.1259865
1.360132
0.93452954
2.0204504
-3.015679
2.554438
-0.65444237
-3.8999345
-3.2952344
1.381981
3.32315
-1.2322336
1.344741
-1.3541905
1.5207216
0.07350705
1.4747617
-1.6383697
-0.35261446
0.113877386
1.8187442
0.4457838
1.7846599
0.5877778
0.042029053
0.808515
-0.92340606
1.3486406
-1.5635325
-2.24449
-1.0389119
2.9498103
-0.7470091
1.3036057
-0.058387812
0.81064963
-0.63467306
3.7850769
2.318398
-3.1664662
-2.836403
-2.8947468
-0.87090176
0.04868883
-1.9300734
-2.4295883
-0.7124983
-2.344047
-0.11645409
0.50206345
1.3585086
3.675328
-2.3588798
0.21673873
-2.0997102
-0.016000055
-1.0214901
3.802422
1.7206203
-2.630516
1.0056736
-0.7745199
-1.9774821
-1.1543111
0.39604086
-2.3717265
-3.4175084
4.426368
4.734382
0.011050612
1.81898
-0.39103788
0.35043854
-0.24403602
-1.3749262
1.2245551
2.717199
-4.72482
2.2886665
1.2930065
3.0921435
-2.4006908
-2.3828483
-1.1218996
3.3620636
1.5355201
2.3349466
-2.5465176
1.096489
-1.1634439
-1.4192165
1.0239656
3.376842
0.2952543
0.3083805
0.07716856
-0.3387742
3.5567484
-0.9154453
0.11177606
2.415558
-2.4980865
0.060455527
3.0870628
2.1006007
-1.6408465
0.60992765
-4.284439
1.4700149
-0.6951059
-2.6240106
0.055582874
2.8470256
-0.8549589
-3.5689301
0.3045498
-0.2937478
-0.039434046
1.0901097
1.713513
-1.0000632
-0.02918595
1.399869
1.1395053
0.12521935
-1.644353
4.867476
1.6137711
0.4986686
-0.2578422
0.5630405
1.5639741
-3.4745595
1.2610172
0.9122292
1.550872
-1.7495968
-0.8518025
2.637608
0.09811651
1.0612038
2.0962853
0.2810682
-2.1169958
0.46735662
-3.7046
-0.25436494
-0.61923116
0.2961064
0.55949026
-0.26323882
2.2491798
0.41664177
-2.5303109
-1.7658243
0.47859308
-3.7304707
0.13462673
-0.57013947
-2.2890363
0.32125723
-0.053806067
0.3121548
-1.6434476
-1.4277837
-0.64197445
-0.7441018
-0.60694396
3.1671393
-1.2051235
0.5528375
0.6721591
1.8888142
1.7407967
-1.3605906
-0.5903704
2.6121256
1.2247049
-0.29481155
3.8393862
3.640116
1.9625309
0.45592785
-0.020708635
1.7075062
-3.3467388
-0.04052709
-2.478356
-1.4453919
1.8695766
-2.6697123
1.1289042
-2.3453465
0.26928985
0.018997695
2.584586
0.15417625
0.70099324
1.1693432
-0.4378941
-0.19645569
-2.7172687
1.4278053
0.63249415
0.28868464
-2.124586
2.9050019
0.6435531
-2.46502
-2.826937
-1.7553986
-1.4789249
0.5421184
1.9727724
2.192743
2.2211537
-1.8580116
0.7239144
0.6231143
-3.533016
-1.1029994
-2.7346883
1.1489258
-3.33101
0.10123562
-2.7879677
-2.8324058
-0.38373953
-3.3275578
0.5460346
-1.8364979
-0.8124055
-2.0254126
-0.8798988
0.80505407
0.29619592
0.02300822
0.056504555
5.964746
2.92034
0.42354554
-1.5357838
-0.14561561
1.5114708
-1.0827067
-1.1756103
-1.5130266
3.528918
-0.9273101
0.27072313
2.068355
1.3745477
-2.1653736
-0.99937457
1.4622055
0.35382903
1.5291195
-0.74759567
-1.4231082
-3.677996
-0.22552815
0.51329947
0.053553842
3.0477643
2.166343
0.09043686
-2.2983873
2.3400357
-2.7251256
-3.0974557
-0.09015047
1.960846
-0.31093168
4.7829533
0.6895978
0.9131741
5.220317
2.567122
-2.370099
2.075678
-0.834823
1.6886803
-0.2503866
-3.209438
1.0519781
1.5693252
-0.9609111
-0.045276817
4.070426
2.4487565
1.8571708
2.3588312
0.013543643
-4.3459697
3.6218805
1.7024522
2.3014097
-0.38132456
-0.7059234
-1.3112837
-1.6227847
-3.6103542
0.04404469
0.884338
0.85016084
0.5800962
-0.7047967
0.35268593
-1.210372
-0.02295801
4.5352497
-2.1192443
1.4609352
0.5534736
2.2906942
1.2276412
-0.81972873
-0.461426
3.3812463
3.3707972
0.86068106
-1.1430982
0.24834377
2.8629434
0.91047573
-1.8384696
3.136323
-3.3729959
-0.01868926
-0.78119016
-0.8664178
0.6263685
-0.18119895
1.1167604
-0.25527588
0.5196174
1.2014533
-1.8954868
-0.17536137
-1.4444654
-1.3883973
4.234073
-0.7998912
1.3355284
-2.4682722
1.175661
0.055798665
-1.9323485
0.77078944
-2.2148259
-5.2334785
0.501452
1.1923513
-0.08226238
-2.0010982
1.7910115
-3.6160314
0.6754566
-0.33544213
-0.83616346
1.7331595
-1.5545421
-1.7046126
-0.88040745
-1.3888904
-1.4597477
0.32539764
0.6025993
-4.164554
-1.0040094
1.8785719
0.20730549
-1.930179
-1.1402107
-0.03383184
0.34332767
1.7920195
-4.1759615
-2.0263157
-2.9179292
-1.7580594
-1.9047
-1.8733977
-1.7755474
0.47076818
1.3847709
-2.150633
0.5901731
-0.5194699
0.62560374
1.326051
-0.828732
0.5453774
1.5480224
-0.032955788
0.54037297
2.0530522
3.4228408
-1.895631
1.2407384
0.59010583
1.5171812
-0.35454533
-0.43756062
1.282646
-4.2748933
0.9291589
0.54457027
4.6926556
2.8239963
-1.352271
0.4056018
2.0934455
1.8305991
1.1664112
-0.58613247
0.49561962
-0.2036582
-0.840308
-1.0314679
-3.8537912
0.49312192
3.9683173
-2.6442487
0.05553752
0.19176796
0.39638105
-0.48870054
3.2313948
1.0013127
-2.927148
-0.45289704
-2.2241125
-0.68615973
0.07694886
-0.22413468
-3.2555707
2.0147889
1.6834134
0.028356314
-3.6242616
-1.0619895
0.35283643
0.43860912
-1.4061711
-0.8430676
1.9255617
-1.8775282
-1.2712036
-3.7673364
2.5977762
2.5598843
-0.40512568
-4.7048874
-1.949169
1.106865
1.0084711
-1.1879334
-2.1494024
-1.6814693
2.9122746
-0.7324934
-4.0195484
-2.0567827
0.8277325
1.1509805
-1.8251251
1.1346284
-1.509443
-2.5586476
-0.289432
1.6458313
3.6594477
-0.93929374
-3.5226877
0.47501254
3.88926
-1.1678365
-4.8611264
0.7404282
-2.0925403
-2.4549963
0.48626953
1.3911941
-0.22603947
3.4312623
0.46173033
-1.1912477
-0.522246
0.020250574
0.28686088
2.4130497
4.6164265
3.7208939
-1.1506649
2.114779
-4.1047125
0.8864136
-1.3209674
0.99782187
1.4311379
-0.53943205
-0.67252094
1.3975326
-1.1635473
-0.22614002
-0.10946759
0.4070316
0.2541723
-0.15170014
0.6485825
0.4024474
-1.2693644
1.9390554
-4.4192014
-2.932897
2.6986966
-0.6887625
-0.16808428
2.2612267
0.08532482
1.1629208
-0.49669093
-2.2986238
1.4567306
-0.48956478
-0.51864946
1.1877263
1.9200574
2.029797
-2.75976
-3.0685046
-1.0018914
-1.1500489
-1.0874069
1.5926776
-4.704999
-2.3756092
1.0054098
2.1226928
2.7229357
2.4200466
-3.2428606
2.1266048
0.52266216
-3.4843817
-1.3148057
-0.0059321895
-1.4549465
-2.930637
-4.477425
2.3972516
0.1725496
1.3437577
-0.63897115
1.0628908
-0.78889865
1.4318433
-1.4791685
-3.7210062
-2.2486794
-1.601552
1.7552667
3.8489072
-1.7277639
-2.4037209
-0.045089014
1.2323409
-4.014887
-3.5255644
-2.0093343
0.4620246
-0.5783027
-0.2866349
-1.3834882
0.6065949
-1.9629653
0.20322749
-0.12825283
1.9655598
1.1842163
-2.1408558
1.416115
0.003839068
-1.0067791
1.2145877
-0.7335974
0.24978828
1.6360749
2.9227896
0.35410202
-1.8494935
3.758556
-0.45803988
-3.3618784
0.9590002
2.1375346
0.96133024
2.569412
0.33011127
1.7027127
-2.2099814
-0.39056474
-2.6525676
-3.4196877
0.80320626
-1.6330729
0.4365342
-2.8704097
0.47086364
-2.6015792
-1.6358217
0.83897233
-2.6866033
0.69790065
1.5445672
0.5620692
-0.86901975
-0.5131995
-2.4905274
2.3461943
-2.321497
1.4324596
0.8234037
-3.9669883
-2.809442
-1.1449876
0.27745074
1.6415437
-1.4757951
0.6196729
-0.008805633
-0.28151876
2.0858252
1.1680057
2.7170238
1.6953344
3.088746
-0.79951626
-0.50871474
-0.7735118
1.8593564
-2.009681
-3.54142
1.7226981
2.1099439
2.213027
-0.9177494
-2.9305792
0.68080914
3.0613556
-0.74458665
3.2268975
0.5505728
1.0761538
-0.09583288
-0.29872528
-2.5149336
1.1687201
-1.3952302
-0.035887003
3.3867152
-0.3500246
-0.53085136
1.5071477
0.05651844
1.5727037
0.3158173
-5.285792
0.16387853
-1.1831509
0.28829503
-4.5386224
0.16702159
1.6500816
2.1391335
0.6411864
-0.42323777
0.58664614
-0.2058882
0.9967401
2.1068518
1.075716
-0.31685966
-2.0090857
0.52490395
1.7649217
-0.17069486
2.0387201
-0.16237772
2.318733
-0.7710998
-0.31570926
0.149115
-3.8157132
0.36556235
2.1757286
0.9256614
-2.1443834
2.4638057
-2.0222414
0.16855839
1.5162143
-5.2404766
1.5662295
-0.65774554
-0.5298332
5.819606
-2.1381466
-0.9245271
-3.153952
0.96571046
-3.6891644
0.11897517
1.4018131
-0.18138362
-0.7011167
-0.71628696
1.4360051
-2.899436
-0.7249243
2.5108268
0.84564024
0.8155366
3.3402536
0.686164
1.2180015
-0.5581504
-3.0246007
-0.3364799
1.1705686
0.049301684
2.2358665
2.0708106
-4.577034
-1.9523058
-1.6468787
3.023053
0.6536162
2.656118
-1.1974785
2.7654264
-0.8128618
0.74762297
-1.8318893
0.24390182
-0.044012338
-0.13439637
-0.92142826
-0.7094269
-2.4868724
-2.06284
0.13456905
1.4437073
-0.19896808
-1.6108402
-1.8406916
-0.7362585
0.49196318
-0.77838045
2.363583
0.039412715
-1.3212464
0.82753086
1.3088323
-2.792032
3.3955474
2.84452
-0.5353757
-1.8537463
1.4518651
-1.6055473
-0.25799644
-1.3059762
1.0210472
-1.6367942
-1.4595202
-2.625076
-2.1170535
-1.301972
2.460835
-0.7519772
1.8852124
-0.5617342
0.09494008
-3.2172425
-1.2688488
-1.980344
-0.49344307
-0.82498366
-0.68765384
-4.3771863
-0.035702005
1.9713197
3.92268
-0.2767614
-1.8848655
3.296513
-3.4487412
0.97098243
-2.1965957
1.2556027
-0.5486845
2.4031115
-1.940855
-3.9312084
0.78478146
-2.7144852
-3.2913396
-2.0911887
1.8188866
2.004056
0.2309753
-1.3804826
-3.006657
-1.9803381
-0.31894684
2.7528477
0.33492386
-1.0541493
-0.74333453
-0.5200508
-4.403064
0.15448311
1.2056602
-0.43885082
-1.2865694
-2.293022
-0.6103877
0.8927236
-1.7350024
2.0542367
0.7786154
1.2217554
0.6934682
-0.9130477
-1.0538772
1.7845943
-0.30493093
1.7683611
0.78313696
1.8063829
-2.703161
-2.2255073
2.6543045
-0.57740563
-1.3050431
0.48240203
0.87218904
-1.049647
-0.18046954
4.7039714
3.753081
-2.97709
0.30495247
-0.26587236
-2.323095
-2.0461776
-0.19803374
0.010965761
2.9761906
-1.5560178
3.09771
-0.45162183
2.1193452
-0.25729442
1.1045744
-3.4425108
-2.2662401
-2.391
-1.9659373
3.577693
-1.2958119
-0.29778385
-1.2791939
0.9731813
0.3092366
0.5460019
2.2191074
-0.8516498
0.20996809
1.0340697
0.26224542
2.0157888
-0.8011205
-0.26709196
-0.6612757
1.0568312
-2.3509402
0.33943814
-1.2614403
-1.9257231
-0.7693523
0.7258977
-1.3167948
1.9057262
-0.8656375
3.082961
-0.83874816
-1.0964134
0.6594807
1.4746941
1.8042667
2.069928
0.98858935
1.1668783
-1.2084625
-0.12706783
0.25216267
-1.6770022
-1.3527809
1.4278908
1.8820844
-1.7566795
1.5510111
-0.46099538
-3.4422555
-4.5532103
-0.4245665
1.2330675
-3.8919876
-1.1887052
0.5607215
-0.840439
1.755475
-0.8499119
0.8389585
3.0024538
-1.2550213
1.6077664
1.6857512
0.63600206
3.8258045
2.061002
-0.32508153
2.140561
2.7312632
0.24369362
0.7891772
2.3484244
2.0963473
-1.3293945
1.9398757
2.2884543
-1.6041074
0.22473992
2.476293
-2.9285598
-1.1617546
1.7154995
-2.1345932
0.3414263
0.47285226
-0.1924694
2.2158706
0.221612
5.3217134
-1.9288726
-0.89670837
0.8017159
3.9995928
-1.1292799
-2.3605924
0.6349911
-1.4833784
2.655232
-0.85341805
1.7739851
-0.061835587
1.2721697
-0.15529601
-2.1064327
-2.1404665
2.5805578
-0.06215147
-3.1893022
-1.1072644
0.41363814
-0.053542823
1.9776584
-1.3873316
1.1429422
2.300319
0.2582892
2.6316748
1.989061
0.94340986
-0.39811745
1.6239843
-1.3340862
-2.2805104
1.9840329
-2.2030272
1.0924193
0.38358438
-1.3864619
0.5919163
2.3473122
-1.0184286
-1.097621
-1.0085453
-4.9594955
-0.6456629
1.0578392
-0.9832779
0.34204394
-0.34357625
1.3729498
1.0685067
1.4788868
1.7422634
-0.6691282
-3.193368
1.1305815
-0.62784195
2.5490298
-2.866912
-0.5152357
-2.592167
5.953554
2.1868649
-2.139832
-0.9519838
3.4758005
1.5507617
0.06228041
1.1951258
1.2082165
0.14789373
1.3875551
-0.7039116
0.598849
0.2895548
-3.3852425
-0.8789692
1.6618526
1.8860387
-1.440597
-0.46235913
2.8043826
1.6083367
-4.0401382
-0.9486773
0.18441391
-0.95907456
3.348337
0.32322758
3.497181
-1.132228
-0.40874812
-2.431564
0.9065992
1.2970649
-0.9701924
-0.6243475
-3.5071807
-1.4655857
-3.206408
-1.4215075
0.9075403
-0.8852002
4.6001344
2.7969496
1.8112124
-0.17498127
3.2179477
1.2351241
3.5507529
2.473311
1.3066704
-0.63396513
-1.214727
2.101447
-3.362101
-0.05697652
0.20096332
-2.03286
-0.19506672
-0.97743905
-1.2022232
-1.7133328
2.0427852
4.347594
0.81527215
-2.855897
0.9313133
2.5073807
2.3993669
-0.62633866
0.281164
0.18000796
1.4836159
-2.368282
2.0558538
-1.0646302
-0.51868814
1.4019396
1.2896113
1.8683076
1.942808
3.1692407
0.8927924
0.948445
-3.5882807
1.4847155
0.6809795
1.8304892
-0.9414145
-0.44494691
0.15898833
-0.20566168
2.5027602
0.88968647
1.215707
-0.3484327
-1.4288212
-0.018162452
2.416826
2.5613098
-0.8044657
-1.9290358
0.5276579
1.4696902
0.6480824
0.10220475
-3.266839
1.0131011
-0.4833455
0.7406154
1.123823
-1.0545504
-1.70414
-0.89206874
0.4699288
6.8695116
1.2746749
-0.51584333
-1.2759479
0.62543035
3.6201568
-1.7986621
2.2489452
-4.291294
2.3449848
0.7051144
-0.34993014
-0.10027146
-1.367457
4.2914104
1.778986
-2.0898678
-0.6568687
0.19906445
2.5926228
-1.2400293
-0.1268138
0.22722179
0.0025408417
-0.4336818
2.5746431
1.6559403
-1.7169985
-1.7518439
-1.2061146
0.5302229
-0.869597
0.99807245
0.35168236
1.4357811
2.5697615
-1.8007045
3.5351322
-1.7877382
1.2860109
1.8932207
2.2360592
0.49132457
-4.676056
-2.9850461
2.6754801
0.73685485
1.1506295
-2.3319783
-1.3390346
-1.0078093
1.0181855
-0.753974
-4.9280195
0.09266059
0.30341733
-0.20247447
0.40430793
-1.4589107
-1.7945858
1.4486482
-0.8355685
-0.50314474
1.4201686
-0.46839756
0.47908422
0.49707362
-1.602134
-1.3947629
-3.009416
-1.9538549
-1.6317508
1.7692821
1.3337524
0.84155375
-0.9567802
1.3356813
0.75660026
1.5974424
0.5116416
3.3487046
1.1231376
0.82919973
-1.2902161
2.8639584
-0.40052006
-2.740404
-0.8821092
-0.15913302
-1.8397107
0.7476747
-0.25166458
-1.647129
0.7683957
0.781862
-1.0931207
2.3591046
-3.1867847
0.4506071
-0.75412494
-1.2612715
1.3928797
3.7305448
-0.2457427
-3.2045538
2.1875753
2.8816524
-0.3012552
-2.5385249
4.7717986
1.5668948
-2.7967675
-1.5575423
-0.5260427
-1.4263642
-4.3231277
1.2813607
2.4556026
0.6909138
-0.3752548
-2.011352
-1.2508214
0.31946245
1.1388474
-0.6934035
-1.3218611
-0.2552538
-3.6913009
0.64691114
-0.7255224
-2.928902
-0.93737155
2.2651606
1.2666904
-1.4563193
-0.59653413
-0.15483662
0.6296183
1.1617926
-1.6484632
0.1891522
2.4506958
1.0489411
-2.068095
-1.1778541
0.6435838
1.3157563
-0.5820718
-1.1126208
-1.4151322
-3.124521
1.3863077
2.0666955
0.12360293
-0.20454893
0.03371398
-3.019037
0.46689448
-1.8038142
0.90798056
3.8676221
-0.10896885
0.8355228
0.94576085
-3.518054
-1.085984
0.16303027
4.265601
2.0195782
-0.46855265
-0.44952872
-4.771128
-0.9151208
-1.413627
3.0114336
0.7233084
0.4106785
-0.7128054
-2.4508264
-2.3280966
-2.7800844
0.7104283
-1.6074286
1.4770862
2.340423
-2.1056025
-0.4000895
0.4408489
-1.1661632
4.234964
1.6914171
-0.9047201
0.5200484
-3.4376416
2.3261685
-2.1526337
2.273448
-0.44012427
0.10702564
0.8481132
-0.8988367
0.87770885
1.0222992
-1.2999204
-2.8126822
1.1763555
-0.090608604
3.0815666
1.7003825
1.7207687
0.3148477
-3.4382706
-2.0689309
-1.003789
-1.7555988
-0.27329686
-0.5379165
0.5602673
-0.39229608
-1.4151278
3.4749923
1.1001964
-2.575779
1.1165233
0.23643062
0.5095285
-0.06345402
-0.30896708
-0.4171886
-0.31526035
-1.1017064
-1.8347017
-1.3321702
0.5682166
-2.1327083
-1.1294572
0.29820994
1.7133904
-1.2516631
-1.063778
-2.1160362
1.4239013
-3.1889179
-0.13119446
0.19202021
-0.50954515
2.003354
-3.4421747
-0.8757821
-1.8745188
1.1899269
1.9410495
2.078835
1.2864517
0.0037065372
3.2861772
-1.8259885
-1.8985174
1.3782926
-2.9468155
0.13822232
-0.9009225
4.440768
-0.25736153
-0.009743206
-1.5252539
1.9864578
-2.045204
1.6842314
-1.1084265
0.7194265
-0.6177045
-1.4703315
2.1820896
-0.87206054
3.1769836
-2.2345283
-0.2936144
1.8393338
-2.2048173
-2.3900702
-1.7794812
-2.0968513
3.6056912
-1.8596213
0.43402278
-1.3291254
-3.1865923
-0.47631377
-0.74491286
0.7575355
2.755353
-0.120128565
0.8852903
-1.7447985
2.4781787
4.1732965
0.80490375
-0.08632979
5.0694714
-3.3425336
-2.109321
4.1664143
2.4507298
-0.41963035
2.8515737
-0.23989457
-1.3814247
2.268455
0.26240346
0.99190116
0.56535935
0.5851373
0.25489104
-0.32602274
-2.2765384
-1.4439735
-1.3575222
0.020988226
-1.1477573
2.2204814
0.20086029
1.3966925
-1.5327215
-1.1890996
-2.5305197
-2.55381
-0.1057531
1.5568082
1.5758326
0.7544462
0.80498207
-2.914581
3.587957
0.8128138
0.6145707
-0.6608963
2.306322
-1.2983941
0.04197876
-4.4247227
-0.34297732
1.7541218
-2.532778
-2.240185
-0.26949388
-0.2609043
-1.9212401
0.6568416
5.557228
2.9013627
1.2261053
-2.242478
-1.9530163
1.2769486
0.8399627
0.0055432394
-1.8426485
-2.7074623
-1.7388493
2.4115925
-0.7571956
-0.023461662
-1.3172826
1.4328808
1.3035054
-2.154197
2.9562163
0.74122864
-1.000425
1.4208567
-0.7703098
-0.82121915
0.17220904
1.4282749
1.5223917
2.0839667
-2.3613858
1.3788514
0.8087062
-1.9287165
-2.0547526
0.43326667
0.7714439
0.40955085
0.3458082
0.06620515
2.2844048
1.2653139
1.6250199
3.3681428
-0.25773934
-2.0950432
0.7627836
1.3983598
-4.3851233
-1.1523627
-0.20359194
1.6358507
-0.23057985
2.3649075
-3.1066198
-1.6827904
1.2412927
-0.6494356
-0.81177044
2.916052
-1.0491335
0.31512946
-0.024248023
-1.6342393
-0.87937146
-1.0857458
0.16878629
3.448076
0.8481258
1.2577763
-1.2004697
2.2289631
0.54949117
2.2994244
-0.6790071
-1.0363189
2.456398
-0.00554581
-0.18925536
0.76660335
0.97331536
0.03143583
1.5394124
-0.19757742
2.445479
-0.6560804
-0.36112148
0.6864691
1.7408422
1.410905
0.95395863
-1.5348614
0.670168
1.0523794
2.029189
-1.7525759
-1.9666718
-2.9300654
-2.1220963
2.039955
-0.95309347
0.15504535
1.5264505
0.34319347
-0.32950053
2.2721245
-0.9346544
4.798835
-1.7401773
-1.5993769
-0.73785454
-3.7775025
1.0882019
2.311564
1.0820817
-1.4404749
2.8673186
-1.4866817
-0.2885857
-1.0112998
0.7317272
0.5909784
0.66269004
-0.80303735
2.897577
-0.49380398
-3.3428774
-0.21176264
-0.5878588
2.2037587
0.2895159
1.3637958
-0.92817247
0.85701394
-1.5641834
0.051437248
0.61001134
-0.8375428
0.9401859
2.498932
-1.1060901
2.040815
-0.87301284
-0.42252132
-0.87911177
1.4716505
0.7713579
-1.1363702
-1.9483644
1.5145003
0.93717664
0.70341575
3.9549537
-0.8911189
1.5651225
0.59773165
-2.1174939
2.137658
-0.022111163
0.7503165
-0.42117494
-6.5042076
0.52296346
-1.6736654
0.47631264
2.9837272
1.7841051
1.9453533
0.11450574
-0.29339135
1.6960307
3.3126378
-2.3324325
-0.7677863
2.0804095
-0.16914155
-2.7164943
2.4094977
-0.31685072
-0.9143061
1.9767193
1.4444232
1.8979406
-1.6088789
-2.0525215
2.6483886
-2.3527021
-1.6078953
5.0694304
-4.3580284
1.58688
-1.6685181
0.9552766
-4.8227444
-3.7195868
-0.03436794
-1.3237071
-2.9293332
1.511792
-4.1267433
-0.34066358
1.3123972
-3.2229896
4.160301
-2.8273692
0.0809076
2.8939497
0.39696062
0.007318806
-2.31628
0.9138173
-2.409169
-4.4697337
-3.1667895
2.6977925
0.17561157
2.6479602
-0.041660517
3.7304053
2.8561103
0.30448094
-2.7238963
2.554857
-2.0464296
-1.3953891
0.40082142
0.064908475
0.3284596
0.30693403
-1.5356945
-0.49091727
-1.4521315
1.1402609
0.07782835
-0.6688276
1.2586778
-0.4022718
1.3129904
1.7285321
-0.81974137
0.9335977
-0.7243079
2.0926762
2.4317884
-0.573822
0.65249723
2.1786363
-0.3708796
-1.8435094
1.4217472
-1.2294124
-1.6104648
-2.3131616
0.28031743
0.8772979
-3.7470613
-2.1495895
3.032073
0.7749297
1.6961744
-1.3062935
1.9042411
-0.3406404
-0.20445734
-0.24941029
-1.6429117
3.1515944
0.28675222
2.9278336
-0.13517681
5.4492235
-2.7446227
2.1142404
-1.332327
-0.5046247
1.4873332
1.7146443
1.6436887
-3.1987317
1.522756
1.3226119
-0.9972575
-0.5937162
-2.799314
-1.4406712
1.5928245
-2.373015
0.43200272
-0.35938942
-1.5030735
2.4701855
1.5933808
-1.7681941
-1.4124545
2.2893708
1.1103485
0.687857
2.3299253
1.5414184
-3.6105149
-1.4405096
-0.0969447
-3.0239806
1.6564184
-1.1303285
-4.022747
0.8374815
-0.23437794
-2.5831606
-2.7483287
-0.5256528
-1.3887424
-3.3590784
2.5461872
0.81360245
-0.02193591
0.31525347
2.4815128
2.6696527
2.0665915
-0.5777139
-2.546774
-0.24873969
-1.9275724
0.27821106
-1.7575105
0.9767224
-0.58371913
-1.2486938
0.8387597
2.2378383
2.3752944
1.3996636
1.6649525
1.616342
-2.6974852
-0.03746867
1.3739591
-0.29250592
-1.4784663
3.0174413
-0.61876017
3.7471895
3.8197184
4.493064
-0.77558714
-1.4469327
-0.78073156
0.979626
0.08008713
-3.854327
3.0982924
-1.3857237
2.0922115
-1.1825023
-1.2830269
0.22520226
-0.2896515
0.0947115
1.096475
0.6826069
-0.79473233
0.8591122
0.07392742
2.1344707
-1.9927388
-0.7881697
-3.070879
-2.0432417
1.0599881
0.28267792
3.8863204
-1.259091
0.28403023
0.43798533
-1.635135
1.5239612
-0.80729026
-1.1607703
1.2535658
-0.3986633
-0.08752422
0.44151717
2.7331443
-1.1736137
0.56877506
-1.7943213
-0.95414436
1.2428547
0.66913503
0.9052109
0.6078988
2.93165
1.513136
-2.167883
-0.99025875
-1.024427
1.4652894
-5.3040094
-1.6817818
-2.1038465
-0.23586592
0.92180496
0.83741856
-0.9627597
-1.7305323
-0.57104564
4.517435
-0.8472516
2.0544121
-0.4960462
0.57299095
2.0182958
-0.016147994
-3.2661657
1.1744766
-2.9227762
0.26286682
-0.33919334
-2.1711893
0.9569773
2.9825094
0.92691964
0.9404797
1.8707672
1.1798121
4.1744986
-0.37263083
0.2507932
2.0292904
-1.1399944
-0.81480193
-1.2086506
-3.9772913
-2.9165742
4.691191
2.9567087
-4.3354664
-1.855507
2.8416233
-2.1909814
-2.9858205
0.5384596
-3.0405586
-3.2266288
2.082381
-0.11999232
-1.828789
0.6791358
4.2610946
-0.46904254
-1.282848
0.82445395
1.1585364
0.16746505
-0.56729144
1.775851
1.7620176
-1.8047143
0.60380954
-2.2947571
2.7814276
1.3272067
-1.3046813
1.134819
1.465713
-0.5820536
-3.8149183
-0.23840755
1.4272363
0.5150498
-1.5743579
0.5665696
0.21791533
-0.14927728
-0.07133744
-4.326564
1.0795469
-1.0111781
-0.37289333
0.44168764
3.9809418
-2.7602167
1.7409906
-3.0235145
0.31098244
0.88490844
1.3226391
-0.22601083
0.70149666
3.7202559
-0.41264942
-0.052585058
-2.0797026
-1.7327613
0.88284534
-1.4407504
-0.6807053
1.5382216
2.261012
1.2359954
-0.8541691
0.7565446
1.4672588
0.3847928
1.6890943
1.8666636
-1.3725644
2.7610373
0.28346473
-0.5350418
-3.2208252
-0.52022004
1.4802812
-1.7268745
-1.3671117
-3.7747836
-0.9607778
-0.37580568
1.6143299
1.2004114
-5.666506
0.75457156
0.88913244
-1.3739241
-1.2662992
0.388099
1.2113779
1.6416085
-0.8066049
-0.22026873
1.9477607
0.27813166
-0.18368104
0.22292769
-3.148815
-0.8191911
0.8807653
-1.7468936
0.04466365
-3.21813
0.757402
-0.020886146
-0.9702632
-2.3735855
2.1314392
-3.017266
-2.0872154
2.617825
-3.5699317
-3.0985181
-2.0786223
1.9332023
-2.0787563
1.3539535
-0.7044964
-2.2542224
0.9733078
2.194758
0.76792043
-2.9127002
0.04594908
-2.9845395
2.719736
0.5964026
-1.3848732
-1.2042215
2.1592817
1.6077082
1.641752
-3.6565938
1.5858612
-3.2871966
-3.596885
0.7550003
2.8151927
-0.2278113
0.28560328
-2.9974282
-0.78666294
0.18134174
-2.9042418
-1.2645173
0.8421619
1.2049099
-1.4998416
1.1055824
-0.17734233
3.6638
2.2352567
-2.1973436
0.37024868
0.6416654
-0.30774152
1.9255394
3.1047878
-1.7638965
-0.8078991
0.74420094
-0.5440485
3.384371
0.8067529
2.9856744
-1.1159078
-3.0037222
-2.8602362
-0.2459378
0.68678826
-4.0421605
-1.9950311
-0.35954216
-1.2652922
-1.1086034
2.862781
-3.4134574
-1.4219767
-2.502484
0.17494546
1.0354105
4.234636
1.4815505
2.4525554
1.0504284
5.1057477
-0.40005305
-1.1800432
2.1265395
3.857879
0.93212324
-0.94775486
0.18312238
4.465604
-2.8522756
-0.09770017
0.9232574
-1.2671409
2.2044883
1.0493677
-0.61930555
-1.6658694
-0.25566864
-0.48882627
5.8226213
1.2496945
-2.154968
0.3655666
-3.0592113
-3.3637755
1.6922935
-0.0891454
0.04223688
0.4137241
0.9293824
1.1702266
0.87702364
0.67249984
1.7170007
0.52885246
1.7322098
1.9930773
0.010368127
-1.3823792
1.4811083
-0.92698956
1.9543494
3.0261288
-1.7760997
1.5552812
-1.1974903
1.298846
-2.783495
-1.072295
0.9402984
-0.5167198
0.122320816
-0.034680262
-1.6446465
-1.5213406
0.634225
-0.66137046
-2.3537467
2.4425833
0.6124198
2.407478
-2.9532309
0.61899066
0.809654
1.935602
0.290319
-2.596509
1.8433269
5.0174856
0.69726634
-0.28351203
-1.9049349
0.13669963
-0.9728955
0.6612414
0.60260916
0.65905327
2.7098694
2.3619175
1.155855
-1.9191352
1.2947499
3.3084743
-0.20192322
-1.4701563
1.5309472
5.567142
1.4692236
-2.7684538
-0.109300554
-0.57092917
-0.86159116
0.010416098
-0.7144628
-1.8608481
-1.495497
-1.6263813
-1.359604
-1.1356052
0.9547903
-2.3498745
-3.3275366
-4.958293
2.5952454
3.5711524
1.9745106
1.9605936
1.3955371
2.4326782
-0.45054507
0.33492693
-0.9901421
-0.020323396
0.14957584
-0.73194265
2.2467124
0.43456972
2.1760426
0.12627
0.46989247
-1.3133235
-1.8282595
-1.7227951
-0.9383219
1.0533351
0.5923549
0.32336217
-0.5883121
-2.0094707
-0.61432904
1.6564152
2.7038848
2.395287
-2.1449242
-0.31356996
-2.2942023
-0.511136
-1.0190368
4.8341064
-1.9542555
-0.30653417
4.722309
5.1008654
-0.640803
-1.8767037
2.8645926
-0.5854084
2.7517054
-3.1641414
-0.13520509
2.4682927
1.1117362
-0.31575373
-0.558927
1.5018276
0.5200071
-1.2911015
-2.9678464
-4.2246566
0.13220613
-2.8382864
1.4325879
0.0054674447
-2.0109053
-2.0860999
-1.256258
-0.86767024
1.8264304
-0.45283428
0.9809588
2.2861497
0.50445783
-2.2180388
-1.0869074
0.28419235
-2.2368844
-1.7718437
-1.01114
-0.17895412
1.2171175
1.6784171
1.188321
0.017292283
-1.3495494
0.29951948
-2.9035642
-1.3412025
2.0150738
3.110526
-1.6493964
0.8285751
0.27027333
-2.2151952
-1.3754449
-1.4803051
-0.72183913
-2.6839137
-1.3552412
-2.332124
-1.2770813
2.8870664
-4.214799
0.41501126
-4.0755057
-0.59766275
-0.9931747
4.0077724
-3.1410933
-3.2786133
0.51486105
-2.811718
-0.8801007
-2.2267873
-4.2597284
-1.2907658
-0.3607213
1.0855266
0.5881642
-1.4382064
0.0232611
-1.1229042
0.843013
-0.54506636
0.10313457
2.0395243
-1.992916
-0.6050017
-2.9039583
0.93758315
-0.3825895
1.3224754
-0.50217116
-4.8918147
1.3511366
0.5927574
1.8021327
-1.1590801
0.56559795
-1.0583001
-2.528763
-1.8316994
1.6210817
3.01949
-0.1938416
-1.112796
0.12752019
-0.33225915
1.4065833
-0.47431207
2.3426251
2.2451367
0.1253383
-0.9505052
2.8842075
-1.1377974
-1.3874484
-0.09727527
-3.1855326
2.1496317
-2.511702
2.1949186
0.069150805
0.58809453
0.8793805
-3.6242712
1.5235786
-1.9387467
1.0000384
2.495677
-0.27021533
2.846557
2.296753
0.069454834
1.3809266
1.2038871
-2.0941133
2.2986555
2.6827462
1.1556247
-1.4067535
-3.4773903
-1.9826447
-0.50897324
-0.0074885786
1.7738354
1.8513604
4.370962
-0.4548378
0.03110177
1.8571261
-3.0287871
-2.788216
2.1424227
1.1691653
-4.3018117
-0.40709206
-0.24636984
-2.8771808
-0.06432399
-0.16906306
0.5394014
-1.4120132
-1.2579203
0.17414096
-4.3232946
0.481358
0.4606169
-3.17998
2.0161326
0.95233107
4.4467854
0.5725254
-0.8723944
-3.896157
-3.6767197
-2.6795871
-5.3751974
-3.3688703
3.7946067
-2.7157216
-2.7778945
0.9739306
1.4480501
0.31387338
-2.3493156
2.7396035
-1.4833876
1.5620621
-2.7591915
-1.2885011
0.6279122
1.3122883
-2.0017471
-2.6595986
1.9069333
0.1167028
-3.4810243
1.3708273
-1.6540922
-1.085388
-0.4200453
1.8237585
0.958958
-0.586234
-2.4193637
-0.60617816
2.3731961
0.8406483
-1.1359762
0.07361675
2.3701246
-0.20698798
-1.0460607
1.1118109
-0.038859375
0.11793814
-2.3410387
0.16086674
-2.1855412
-0.65430886
-1.5921017
-1.1738435
-2.1911273
-0.5220107
1.0570327
-1.7669549
2.0913947
-0.021538995
0.6443786
-0.018741526
1.138405
0.08546932
2.4862392
2.8011973
0.055694647
-1.9605558
0.55684435
1.9237754
1.3348422
-3.7602596
2.7904687
1.1390175
0.39476797
1.9935795
-1.2503079
1.0869223
-1.7512306
-0.11343379
2.0606294
-3.7383416
0.5218284
3.516843
0.027005792
-0.56819457
0.2853906
-3.329496
1.5243094
0.39690465
-2.678574
-0.065553285
-2.1322339
-1.7308903
2.018528
-2.0552104
-0.86143285
-0.043250635
2.7485363
0.16068321
0.5114873
0.5348542
0.8202402
1.2046268
2.2996058
-0.8537841
-0.8790702
2.5265293
-0.9909746
-2.0161133
0.33770406
1.2271132
1.8384327
-1.5668504
-0.03494755
-0.33311218
1.1273813
-2.1907098
2.312619
1.9976017
-1.1997639
2.0976462
-0.76649684
1.7459278
-1.2338593
0.24523604
-1.890648
-0.4232297
-0.14632496
2.6170244
-1.234101
0.7129749
-0.22307113
-3.1265004
2.4104276
0.40969506
1.7957034
1.7785188
1.2172121
-0.10956218
-1.169566
-1.4693809
0.064436935
2.8376029
0.16448234
1.4827918
-0.4034646
1.6234629
-0.6168245
0.0015302896
-1.64817
-3.2012618
0.03576415
2.7353153
1.9165063
-1.9332844
1.4217738
1.3259888
-1.1453208
-4.286668
1.0313399
0.5205133
2.9895222
-2.247875
-1.2075201
3.520105
-1.0743312
0.2012634
0.87027884
-2.3400614
-1.3201505
0.76822823
-0.2462615
0.75798315
0.43338218
-0.5529133
-3.5165465
-0.40189534
-1.1800029
-0.7239618
1.1344714
1.9144347
0.92736346
-2.066162
2.1464524
0.1443711
2.5930605
3.1901042
-0.5449424
-0.3164301
1.9436036
-1.2890178
0.42534357
3.6603508
-1.1818268
-2.3012757
-3.2635527
1.8511003
0.8613801
-2.793191
-1.8395153
0.9638385
1.7499917
2.204895
-1.1363344
0.03851521
-0.7619457
-2.8516448
1.8319548
1.0999029
3.3733087
-2.6876924
-0.91869247
1.5222965
0.012393419
1.9199895
-0.67592466
-3.358359
-1.8972522
1.1744702
-1.8466908
2.1697943
1.7390162
1.9973814
0.9090163
2.1559868
-0.28150427
0.6480556
2.859018
-1.1022553
-1.8541548
-1.7992007
0.022350296
1.0379149
1.9022069
-0.06426327
1.2762816
-5.152076
-2.0264478
-0.3698406
-1.6355238
2.0302622
0.80955493
3.3906481
2.438099
0.004564233
1.3968754
-2.4579928
-0.16833335
0.13655569
2.0090756
-1.6962796
-0.35195708
0.9605285
-0.60194504
1.0047873
-0.17457053
-2.0503595
0.3545984
-4.2049327
2.1215243
-1.4340345
-2.30745
-0.9768982
0.36701196
1.8196722
0.20374547
1.0066
0.39890143
1.9246675
1.6211927
1.5181376
1.6144394
-0.88687086
1.0114695
-2.0069714
2.923923
-0.46797118
-1.7427471
0.122453704
-1.2882591
-1.9691261
-2.2043297
3.092245
-1.9627715
1.9772613
-2.1202018
-0.23964179
-0.29243305
0.7272496
-2.887159
3.550462
-1.6481283
-3.606714
-0.9874585
-0.34781486
1.5556605
-1.4263659
-0.4452319
0.22714677
-1.0755107
-3.0978003
0.39572164
-3.446045
1.4464095
-1.8913344
-3.0904276
1.1259392
-0.3100797
3.749206
-0.18655404
-0.65905714
-0.32907385
-0.7811835
-0.73034734
-0.41214335
-3.3533053
-0.38892156
-2.9835846
-2.0284634
-0.6288434
3.063462
-0.7860365
-2.1792715
-0.95714927
0.3679336
0.56340885
-4.5843515
-1.6199976
-0.000017680228
2.5445638
2.5692441
0.13978975
1.0361054
0.38548154
2.0897331
-1.334758
-3.1436975
0.36159953
1.4865844
-1.1506059
-1.370003
3.0500383
2.8202367
1.4255409
-0.10022691
1.6933773
1.1304805
1.0010266
-3.122136
-5.1323447
-0.8690102
0.90214014
-1.4032024
1.500561
-1.2072674
-3.69849
-0.4816963
3.8334174
1.2198381
-0.9669915
4.4329286
0.38728482
0.94611377
3.5604074
0.34457132
-2.4515007
1.1882852
-1.877557
1.2928421
1.6633054
4.110594
-2.998409
-1.4859681
-0.14206186
-1.3711565
-0.4633544
0.770957
0.270824
-3.0828488
2.5123758
-0.42435443
0.24813294
0.18189752
-1.0550588
-0.22502324
-0.9833122
-1.4887934
-1.9957445
-2.6571853
0.48042884
-1.2946433
2.2008483
-2.9831104
1.8651522
-0.77405536
0.04298091
0.4213266
-1.131068
0.046091914
-2.9126976
0.025979392
-0.43567276
0.9094992
1.1195798
0.56741464
1.0316228
-3.1286101
-2.786398
1.9955626
-0.83748955
0.61100656
-0.4248061
-2.0089726
-4.980886
-3.3666244
-1.4906514
-2.1191947
-0.8811397
-3.2123957
1.4889463
-0.9738674
-2.3775394
1.0844327
4.588461
1.6450845
0.0025757551
-1.6491066
0.05695412
1.0933074
0.7404786
1.3376806
-0.16065386
-1.1566305
-1.1984034
-0.5907856
-2.8158765
0.7779217
0.96235836
0.7832674
1.5402482
-0.59582436
-1.4610314
0.75147086
-1.679844
2.484027
2.1147127
0.66387916
2.5430908
-4.305031
2.378712
-0.06698239
0.8687918
0.9011501
-1.5013006
-0.27629435
-0.69664717
0.42061087
1.0953177
-0.9072719
-1.4309533
1.9903473
0.960204
3.1048071
0.18788165
-1.5332972
4.6792283
0.1555059
-2.4271903
4.055489
6.341919
-0.5594675
1.2587442
5.1859446
-0.6463073
2.6615734
-0.23922011
0.23694119
-2.116585
-4.300149
2.2139711
-1.6457258
-1.2088599
0.20041856
-1.329959
-0.24723549
-1.573895
0.99116325
-2.4532502
0.77851593
1.249393
1.9957153
-2.3693047
0.6221692
-0.8777974
0.5042176
0.6080068
3.6169543
0.23449394
0.064495295
-0.33324394
2.150161
-2.7455952
2.306278
-0.9455455
-1.6203867
0.6658901
-1.2947311
0.0813929
-0.83169055
-2.7160978
-0.48940057
0.20836662
0.17355576
0.34091488
1.9905177
-3.2868545
0.96222067
1.8702599
-0.01650697
1.6131518
0.8773648
-1.2736189
-0.05516489
-1.5594454
2.1093943
2.640922
1.1517512
-2.1421683
-0.38525537
-1.4533097
-2.9888506
-0.6357135
-1.2217674
0.83273697
0.7815612
1.1692377
2.6873436
0.8553008
-1.6227818
-1.2770551
1.3440698
2.1872056
1.8710736
1.0642955
1.7387012
-0.9274945
-2.121707
1.7337582
0.29228216
6.1087465
-1.805552
0.120870195
-0.29975146
0.707773
0.2940709
2.2559428
1.2240461
-2.2168026
-0.7132768
-1.1520962
0.18996288
-1.5204989
5.8881025
-2.4867861
-0.8555387
2.2463393
-1.3530426
-2.7453032
-0.3098786
-0.58515716
-2.6079612
-1.4120717
-2.734615
2.9023588
0.06654639
0.9178627
-0.27364975
-0.06552817
-0.26821238
0.16904816
-1.5724785
3.0110743
-0.30670762
0.30767083
0.13980764
-2.4253197
-1.5043045
-1.4847714
-1.2534364
-4.7258215
-0.20669456
0.26264638
2.3094974
1.8499959
1.5139558
-0.9016093
1.5698588
0.09978653
-1.5775784
1.5050218
4.215868
-0.016850762
-3.6675723
-0.7864432
-1.3122821
-0.8018106
-2.2319064
0.070257105
4.2322726
0.35338062
-1.5937253
-0.2745495
-1.5085797
0.89511484
-2.8061984
0.74567264
0.084563635
-0.14462796
0.54207903
-2.516884
0.23402125
3.1130147
-0.39821523
-1.1800356
-1.7096347
1.7513599
2.487895
0.3662331
-0.3818674
-2.3885164
-3.9338777
-1.4127893
-0.34032947
1.0318401
-3.5601513
-1.6102668
0.11148926
2.6912353
3.0891097
1.9613719
1.1362993
-2.1726372
3.5856998
1.8016982
-0.14146039
-1.7952992
-0.30345264
1.7989571
-0.20582086
1.5519245
-1.1110941
-1.5176891
-1.4249898
1.2002155
-1.5836695
-1.6719631
-1.6438626
1.089507
1.642313
2.5863185
0.077880085
1.9032627
0.109257095
0.6203429
0.11843028
1.7760912
1.3084571
-2.6308942
0.07465353
-1.0838099
3.2455986
4.043268
0.0044991784
0.6232238
-3.692389
-2.3937035
0.8864575
-0.75998366
0.63873845
1.411932
0.39824522
1.0998399
0.015959062
2.094595
0.07022378
0.49322945
-0.13000494
1.7013707
-0.2854553
-3.2858293
-1.325256
-1.2224802
0.3912779
-1.0854367
0.03297618
1.9209878
-4.4324183
0.5589558
0.18224576
-0.77715594
0.16634095
2.5349207
-2.1614654
1.7397152
-1.2128084
1.067701
-0.159998
1.2264452
1.8769279
-2.1323261
0.5214221
0.6612076
5.07971
-0.79634506
1.6470127
1.6805291
-2.4961884
-2.9175856
-1.3578583
-1.8434414
0.22369188
2.8782182
-0.5639381
-1.5858895
4.8038325
0.8406462
-0.8403797
2.9178512
1.693822
-0.78401774
1.1240513
-1.1307954
-1.6369236
-0.12545311
0.26420557
2.0284889
-1.6492267
-3.6007264
-0.19425221
1.6368492
-1.1870599
0.86043626
1.1710671
-3.5234137
1.0502719
1.5373105
2.8714888
4.2917314
-2.0975294
-0.57900625
-2.1661613
-0.18285125
2.091538
-1.5663768
-1.567508
0.35143217
1.3831418
2.1051576
-0.020462275
0.544704
0.081505395
-1.2778105
1.0514884
2.6208494
-3.4371452
-0.17066145
-0.695285
3.0266674
-1.4539413
-2.634857
1.6154956
-3.250246
0.2600245
-0.9621421
2.7971146
2.143868
3.4007652
-2.6453114
0.76911193
-1.1235086
-2.6588004
-1.6606169
1.0338687
1.8655182
1.4054868
1.6690122
-1.3414745
-2.266079
1.4818944
-4.5277114
1.1511968
-0.54461837
-1.1828048
1.8571517
-0.8122592
3.0124702
-2.9596028
0.7780023
-1.5459764
-0.061625823
-1.1330719
2.9309566
4.150137
-0.95767546
1.9079903
-2.2444234
-1.3819834
2.0729778
2.0128312
1.863
-4.266061
-3.408546
1.8184296
0.49459893
0.2997798
0.32220483
2.6272306
-1.5142212
0.080997735
-0.10713241
1.611317
0.15485257
-2.0100179
1.1359748
2.201042
4.842141
0.8739871
-2.4708097
3.5723722
-3.2362854
0.2944894
1.0151088
-0.08034215
1.2580993
1.42817
2.619028
1.6003722
1.8550605
-1.0371497
4.5502353
-1.8147049
1.128144
0.12073515
0.16247793
-1.3247219
-2.1210277
-2.8863716
-0.2560345
-1.7259499
-1.2964853
0.8773799
-0.2735306
1.6463996
-0.11753666
2.8378944
2.0866585
-2.0633397
-2.922503
2.086481
1.4483607
-0.26048362
0.8014668
1.6711642
-0.5709869
-2.5052066
-0.42584386
0.97809666
-0.9443294
3.1327724
-1.2496854
-2.5408638
-1.8051457
-0.1278044
-2.0563502
-0.8218226
2.1173995
2.4337413
-0.39265096
3.6580882
2.5911365
1.9745705
-0.7863045
-1.6727982
0.49872866
-2.7783408
-2.6588507
0.5412659
0.93790627
-0.75160587
-0.8914557
-4.0280294
-2.222979
-2.7614236
-3.1096482
-1.2359451
-2.7180738
2.5334277
-1.793283
-2.3772197
3.11553
1.9710131
-0.12373214
1.4741459
0.30920208
-3.9059362
1.7847332
1.7446858
1.7436308
-0.5265953
1.9536879
-0.19890462
-1.9143335
-1.3697262
1.5009018
1.2926469
-2.2074459
0.16526143
1.1794167
0.66333044
2.3969345
-1.4955812
-0.45194542
-2.8953736
0.25441134
-3.8189368
0.9443814
-3.3246155
-1.4681153
-2.8856483
-1.9658868
-1.7358906
-0.999421
-0.23881844
1.6080625
-0.7085252
0.9717815
1.3135785
0.8298391
2.8776822
4.569863
2.1990023
0.8687243
1.5441363
3.137876
0.46396708
-1.5006988
-0.22852749
-0.03812878
-0.895102
1.1771799
0.15680453
-1.4215826
3.0594504
1.237066
0.95936894
-1.0660673
-1.0228847
-0.9748022
-1.5002956
1.9652963
-2.908996
4.093923
-1.3002719
0.32008907
2.4938817
1.9510473
-0.9632577
-3.8727822
4.2106915
5.1502104
0.25556523
-1.3681351
-1.581893
-2.0645556
0.19063699
-1.4188476
1.7472368
1.2743891
0.13821205
0.502694
-0.2835974
0.07781845
-0.2525502
0.28795728
3.545297
-2.7271998
2.2260208
-0.31071317
0.012983091
1.2639439
-2.3014784
-0.96657133
-0.053514283
0.30645
1.9775288
1.3262138
-0.9887761
2.28016
-1.6098559
-0.13922292
-1.0350945
1.1830541
-1.4512508
0.2346399
0.03789875
0.92919904
-3.446699
3.0533586
0.41581455
1.1823388
-0.8592373
-0.16439408
-0.1390886
-0.5230104
-2.6985455
-0.49686158
-2.8854556
-1.1969928
0.118861504
-1.1380634
-0.52423495
-2.098466
-0.14214228
-4.66931
-0.35953376
2.3764298
1.573779
0.660744
0.439554
-4.5032797
0.27264583
1.6820533
4.1684976
-2.176823
1.6229521
-0.2742041
1.2465465
-0.40175763
0.86770713
2.5550904
-0.17962688
-1.0891517
1.0113161
2.0350459
-0.19182259
2.6257591
-1.6176105
-1.5039431
0.42814893
-1.3795792
1.5225059
2.138249
-0.61050045
1.0936121
-3.5626745
3.059304
1.5866399
-1.8911967
1.7401031
-0.5733823
2.8692002
-0.9123952
-0.5260012
-1.4422499
-4.1482835
0.43338752
-1.8803842
-1.3950166
2.2351828
-2.4407547
-1.3346113
2.7868004
0.02146884
1.6268549
1.8117714
0.6778483
-2.5169032
3.614395
-2.0128806
0.79061466
1.6395272
-2.4593294
-0.96306497
-0.9634084
-1.1928529
2.763446
-0.1620115
-0.11404575
-0.33867866
0.81141585
-1.2669549
-2.6626997
-2.9819682
-3.5741363
-0.6092646
-0.41270578
-1.8729401
0.38693213
-0.4296465
0.35472745
-0.5163041
-0.2040883
0.64250207
4.0168524
-2.3588467
0.27687898
-0.6069854
-0.45527023
-1.8501853
0.66919625
-1.030935
0.36795112
2.3566604
-0.08548591
1.6176443
1.3913308
-5.2706733
-1.0610169
-2.1506846
2.037023
1.5123819
-0.62909126
-0.9727573
-1.7595112
-1.8572993
-0.5817188
0.9048091
-1.5477349
0.3485323
-3.9312096
-2.9275017
-0.2719997
-1.9430987
-1.434167
0.8464222
-2.5241787
-0.32956195
-1.4530706
-3.3417873
2.9270077
3.3960702
-1.0806313
-2.4489372
-2.1035435
-1.1229072
1.7266443
-0.20371088
2.4261448
-2.2236383
2.4654586
1.9299983
1.0851347
0.9894445
-1.3536946
1.2335247
-1.1532485
-3.3699605
-0.012941636
-4.6764226
-1.4908892
2.3296483
3.6225224
-2.2130487
-1.6380554
-1.0136937
0.5755516
-1.1984915
0.54484814
-2.7676563
-2.772974
-2.7293258
-1.8166662
-0.23298943
-3.969791
-3.1908505
-0.79240566
-1.9185613
3.3522391
1.3650538
0.9803629
0.59861326
0.45471588
1.2199627
2.0637515
-1.8980207
-3.6786025
1.9154757
2.0994728
0.4847293
2.8490229
-0.3924786
1.4930544
-0.38947162
-4.030843
1.2277098
0.13837406
-1.2306918
-0.7885907
-0.54905933
1.3726861
-1.9720479
2.775498
2.734296
-1.7644727
-0.9126621
0.07706993
-3.366663
-0.429935
-1.1994672
1.4028865
0.97346234
-1.0463287
1.0653594
0.28157434
2.8162754
1.4595655
0.49447155
-1.1401851
2.6904893
-2.2666888
2.0009887
-3.5284162
-2.6773229
-0.15257266
0.32759613
-1.2175226
0.58407074
2.4533956
-2.5739386
-2.3115048
-0.52637696
0.59692174
2.118879
2.9596581
-0.98688996
-1.77331
0.7584523
0.6803391
0.8093004
-0.8763909
2.0404794
-1.546155
-0.18736914
-3.6566536
1.4430671
-1.061232
-2.5255427
0.7199598
-2.0940323
-1.4365351
-1.4317138
1.0777587
2.720545
1.0606161
1.9618016
0.21125528
-1.2336909
0.39491406
1.5629084
0.4896366
1.6803077
1.9782147
-4.5582757
-0.68130374
1.1859007
-0.20615777
4.283628
0.4497598
-0.80679905
-4.6236877
0.84133774
2.2492015
-3.863537
-1.3931372
-1.4087552
-0.6660844
0.03710331
-2.0997508
1.986425
3.7525156
-0.14626953
-0.514089
1.8952765
0.99710083
0.070302546
-2.7900429
-0.29696634
-2.2864866
0.66417545
-0.58295095
0.53248304
-0.007768631
0.32794583
-0.98690534
-2.6788342
-0.7541539
-2.8016074
-1.4978812
1.7508794
-0.84274143
-2.1116416
-0.94576365
2.8081179
-1.022927
-0.97646195
1.0271361
-2.9575403
2.2625425
0.8186761
0.8820203
-2.1016963
-1.662434
1.4559627
-1.5295267
0.636924
-1.8483931
2.7539396
4.085556
0.2934495
1.0630621
1.4021479
2.1357212
1.9813787
-1.8503902
1.4341162
-1.0243958
-3.0979118
-4.6165295
1.5232143
-0.60481215
-1.4391096
3.0210693
-2.5498888
1.8649079
3.8615897
-0.04556922
0.30876446
-3.4488406
0.3979411
2.8237658
0.38836154
0.119465776
-1.9232343
1.3715591
-0.27345505
0.44131932
3.305645
0.5946533
-1.0412378
-4.976647
-2.510573
0.10710438
-1.6965114
-3.079944
0.39913404
-1.3642033
2.6805491
0.6289338
3.6017373
-2.7073944
-0.25917435
-0.9295078
-2.4709384
0.8728559
1.7223939
-0.8087496
1.6911798
0.36907473
0.99812263
-1.6208833
0.27109066
1.310891
-2.19253
0.33598676
-0.95021653
-0.51046944
-0.38608065
-0.4298975
0.06422376
-1.0932312
1.9041833
-1.5585767
-1.0151201
3.4616394
-4.162939
-2.7039306
-3.030484
0.7688391
-0.09810784
1.2511982
3.752809
2.7220643
-0.5081474
-1.038381
-1.0736179
-0.2992846
2.4868639
-0.59511346
-1.480979
1.5678668
1.4156524
0.61452097
-0.08910062
-1.0550929
-0.8238441
1.1055592
-0.96702284
1.2194114
-1.6728485
2.641178
0.64251804
1.0392197
0.87475353
-2.041928
0.5189023
-0.2787375
-1.8539375
-1.4844
0.5374488
-1.7225406
-1.8424336
1.5473787
0.9772963
1.171302
1.299722
-1.4724395
0.9963326
0.124724045
-0.16551422
-0.6826781
1.4639696
-1.5345285
-2.372232
3.0903697
1.3056995
-2.8697617
-0.880134
1.5058075
-1.2630733
-3.0760674
0.25015044
2.1031787
-0.63398945
1.3191164
-2.6446846
-3.2471626
-2.9143903
-0.8571504
0.482377
3.257919
1.6507845
-1.1984274
-1.3773574
1.7346427
1.0489239
-3.6843417
-0.45589978
1.7673873
0.44629833
-0.778749
-0.57707286
2.7992516
-0.49948037
1.2050136
-1.9092373
0.90144193
2.6027617
-1.0500207
-2.1748905
0.47009605
0.6479116
4.4570994
-0.81283957
2.7622294
-2.7209363
-2.206599
-0.96190727
0.181476
-0.33481762
-0.42157003
-1.293996
-1.1631819
-1.7419344
1.0655789
-1.8512003
1.1176469
-2.175273
0.30291206
2.9898312
2.2270575
0.639413
0.39246202
-1.0995046
-1.716767
0.4283987
-1.5440332
1.6768107
-0.26126617
0.26395744
-0.5396955
0.50500345
0.044202805
0.9705721
0.7828903
2.4594846
-0.0005257055
-0.8390328
-2.5656073
0.62450427
-2.7099545
1.0191463
3.7118826
3.4397638
-0.7050719
0.86204565
-0.7178434
-3.4316094
0.40834942
-1.8886738
3.4138079
-0.13164112
-1.3128072
2.9574735
1.4319379
0.64885646
2.9900048
1.3453138
-0.42813942
-1.3524473
2.1212769
3.7800171
0.46928546
1.73117
-2.62419
0.83614194
1.1365745
-1.2303616
4.245253
2.1448321
-2.940171
0.39675882
0.41438589
1.4278916
3.3035758
1.8159146
-0.22417128
2.6019251
-0.88293445
-1.971793
-0.20989656
1.9174109
0.30564085
-3.5775762
1.9016709
-0.32028696
-2.2541976
0.712881
-0.34217054
1.3104229
0.37497163
-1.9053912
-2.9848514
-0.017969579
2.142484
2.9004083
1.7082193
1.220699
0.53865653
-0.96601295
0.64042145
-1.9346062
3.4673991
-0.4253552
0.8383681
-0.9535841
-2.1384225
2.5462124
-0.46583426
-3.6276495
-2.9302568
-2.4462125
3.4752347
3.4861631
-1.2315933
1.2105403
2.5038114
-0.75171536
4.6252885
-2.7877572
-1.3888837
-0.538537
0.2806813
-0.08071062
2.2872658
2.3532486
0.32493645
3.894693
-0.17861071
1.7815439
0.34793407
-1.3822671
-2.4530401
-2.7886147
0.42304012
0.6592847
2.504454
-2.7977142
0.86728746
3.3070319
-0.28410184
-3.0630825
1.069126
0.9512457
2.6406372
-0.6199923
-2.3917837
-0.17865042
0.5174862
-2.666548
-0.6930186
-0.105748914
0.35423282
0.25770852
2.0988934
0.3692677
0.25166646
0.6305456
-1.8564903
1.9107848
-0.9314353
0.820953
-0.27258638
-0.3285368
3.1302075