Ceaomar
0
-0.6417905
-1.6791276
-1.0441687
-1.6784716
-0.46148854
-1.0546426
2.059183
4.6783485
0.5485106
-1.959323
-1.189726
-0.82488936
0.39254385
-0.013642624
0.71360934
1.5296586
-0.14874215
3.1690712
-1.4396473
-0.27773908
-0.5851987
0.41307226
-0.410074
1.5277026
0.24633169
-0.4041722
-0.9133853
-0.89622986
1.06968
-0.8520643
-0.9636395
0.73309016
0.30202347
1.1271349
3.5884776
-2.3624415
2.7024386
0.16800565
-0.41243708
-1.9005255
-3.4099085
0.059871484
0.11392881
2.8533056
-3.6727958
0.9647554
-0.7115838
1.4615854
1.1902381
-0.6726237
-0.13437715
-0.04684764
-1.4457798
0.20628873
2.0755384
-1.7007914
1.4676644
-0.97075343
-1.0728635
-0.76789707
1.4612446
-2.4560485
1.5056283
0.02891919
-1.6820277
3.6510396
-2.4363592
2.119036
-1.8117293
-0.9002857
-0.7369443
-0.2698631
-0.9087516
-0.1388253
-4.7637653
-0.54215395
1.0156212
0.70557594
-0.011437856
5.119292
-0.9813575
-4.635187
1.3670632
1.8266361
-1.5966201
-1.3039248
1.8434055
-2.2674239
2.7174397
0.019730054
-0.7062672
0.25400537
-1.2750757
-1.5405463
0.036907244
-2.166318
-4.8924594
1.0905086
-4.1882296
0.050290026
1.2168509
0.17376742
-1.5322045
-0.7229345
-1.9695278
0.15648101
-0.9684439
0.27100194
1.2965773
2.1088145
2.7332938
0.3531136
-0.82098824
-0.32521504
-3.730168
0.82603395
-1.2097683
3.7960572
3.5931027
1.9345847
1.833917
0.69348925
0.9130075
-1.1193116
-0.27902365
0.9199758
0.7710552
3.8785214
-0.5696521
-0.99956936
-1.924904
0.8711823
0.33518264
-0.10400778
2.1473808
0.6932782
-3.8598108
0.89648974
0.7909689
-1.2111472
-0.97637993
2.30324
1.4265165
-0.25744298
-0.45567596
1.4581335
-1.7499664
0.5444839
-3.0152252
-3.9037368
-3.7738934
-2.884167
-1.3604115
-0.17812547
-1.5740527
-0.8010241
0.6515879
1.495273
2.8965592
-1.3785595
0.5558659
-0.5143416
-0.45908812
1.226944
-2.1500714
3.4835522
-0.2107578
-0.5292802
-0.18376088
-1.917272
-2.4808521
1.4127315
-1.7404741
-3.5519137
1.1878583
-2.848591
-0.91739565
1.6640972
-1.0707824
-0.35465646
0.417097
1.229018
2.2092774
-1.6172796
-1.2333878
0.0036959834
1.2221519
-5.3746877
-0.30174595
-1.4209548
-4.369901
1.6858307
-1.0267441
4.2269173
-1.1878551
0.051259197
0.54875684
-3.6736236
0.22327736
2.4528253
-1.2781098
0.49696192
1.6952125
-2.7915692
0.87597394
0.5801263
-3.7025018
-1.9248662
-2.1888368
2.3572135
-2.6996481
-2.349036
-1.3531228
-0.7418201
-3.743269
1.7614104
-1.1198088
-0.3457503
-0.42129052
-0.6550949
-5.023329
-0.35432556
-0.8112235
2.4751427
2.6049743
0.4152552
3.2922542
0.73632216
1.6893532
-1.7263674
-1.5028433
1.4740961
1.444055
-2.2724237
3.2915187
4.114656
1.4719183
1.4363201
1.3508686
-0.88591635
-0.97251266
1.2440542
-3.2315185
1.845318
-1.2251173
5.0472217
3.9571533
0.3544339
2.8306036
1.170038
0.7179237
-0.7865474
-0.25021031
-0.41903558
0.91456044
-1.0074396
-2.2658663
1.5425047
-0.39507395
-4.5318274
0.4568507
2.3833735
2.7435918
0.14440288
2.0781064
-2.0582733
0.37136182
-1.0307811
-0.53420293
1.6883838
-0.84980786
-0.93047786
4.261583
1.3882571
2.560094
3.7191992
-0.9177521
-0.31738332
-0.7273026
2.1308565
-6.519831
-2.7674556
0.25732592
1.7742071
-2.1482527
0.14078352
1.5614693
-0.21963435
0.2571158
-0.58207786
-0.59626776
-0.5704426
0.7235483
-0.51986146
2.9747844
0.07748794
-3.5717628
3.4104645
2.0704415
3.4908173
-0.09513218
2.3201628
-0.3298418
1.5912565
0.88309616
1.0002944
0.4921159
-0.7544474
-3.2566853
-1.466921
0.026876323
-1.0898899
3.7465332
0.21032417
2.770985
-1.339773
1.4701017
0.61691844
1.9260439
4.686011
1.9645458
0.7357364
0.110632926
1.2297257
3.8538296
0.98175883
2.048838
1.7263631
-1.397669
-1.8446637
0.44266948
-0.18418276
2.4007378
0.5874508
1.0796424
-0.8196335
1.276354
0.81987494
-0.45712256
0.04915066
3.2193484
1.9597821
0.21751946
1.4112641
-4.285512
1.2672056
2.797252
2.982233
0.5126683
1.1874127
-2.802869
-2.0800188
-1.9635079
-0.4833102
-0.23351748
2.2816296
-2.2051582
2.2032626
0.064381085
-1.0247971
-1.339336
3.2786338
1.0065389
2.1635273
0.94911134
-1.5889468
2.836876
-2.3690195
1.0803837
1.0348495
1.7666836
1.3127111
2.8568435
0.36194542
1.3246094
-0.7534977
0.78964436
0.511792
-1.3942198
2.4924414
-2.2878852
2.8478596
2.357884
0.9909229
1.1244986
0.7175325
-0.5584074
-1.6435285
0.57929736
0.28789562
0.6547152
0.15102082
0.9702866
0.76992625
-0.44636926
1.3543712
-0.34109074
2.207065
1.0542277
-2.3583863
-0.099070325
4.075414
1.3536916
-0.7803242
1.209363
-0.91920555
0.8616917
2.8677495
-0.6111128
0.563388
1.7320963
-1.0183219
3.9074566
4.7367034
2.2559597
0.36909312
-0.23993051
4.2024746
2.5427232
-1.7438687
0.90323347
-0.56946635
-0.3305915
2.1617687
3.091569
2.2124934
-1.5900533
-2.0935476
4.0657315
-1.2614458
-0.8748843
-2.594872
-0.5292851
1.6273363
-2.8950672
4.987627
0.68620825
3.6085627
0.4055934
-1.6624559
0.848308
-0.77243197
-2.1799827
-0.98376346
0.055886753
1.985613
1.6856686
-1.1149505
-0.6847942
1.180985
1.3074001
0.29350683
-0.19098997
0.16834342
-0.47065568
1.2534103
-0.68127674
2.774987
-1.8458009
0.82297814
-0.95760447
1.4301041
-1.5481747
-0.5918492
-1.2163358
-1.1547387
1.1117285
-0.67567855
1.4902714
0.7207235
1.7712017
-3.3184264
-0.02140306
-3.4596646
-2.2345414
0.67219394
-2.2232072
0.253508
-1.2709025
1.6812654
-1.712126
0.839167
3.8786008
-1.7763741
2.4099681
0.24767008
-0.38786578
-2.1999934
1.2436768
-0.13919444
-0.60731286
4.792045
0.2242836
0.8084127
-0.46965578
2.9706442
-0.4810245
1.912563
-2.0812442
-2.572077
3.5056295
1.398954
1.2348604
0.8826775
-0.9973385
4.21884
-1.6449741
0.21445692
2.4073389
-1.985604
2.2710261
-0.7125411
1.827424
0.01716517
-1.7499181
-1.0164723
-2.4484322
1.7354205
-0.5258137
0.40734705
-0.7624474
2.257936
1.5304815
-2.3883817
-2.305512
5.402109
-0.81400204
2.228166
3.0227344
-0.40240827
-1.0423082
-0.2643138
-0.2987565
-0.98491144
0.95185155
-0.54351777
-1.5927851
-1.1506363
0.6510581
-0.046956602
-3.3091695
-3.8514032
-0.81749904
1.5456637
3.3731744
-1.1127454
4.0022182
2.556686
-0.26447254
3.0215182
-0.13536027
-3.3768106
0.26302803
-2.898592
1.5123239
1.5908803
-2.4024997
0.30193484
0.6658502
-1.5364393
0.060500864
-1.4503547
0.6006158
1.1056839
-3.5799716
1.6247278
-1.126965
1.3888106
-1.1509246
-0.08130923
-3.401904
-1.2402562
0.7244014
0.7537982
1.9261175
0.023570135
-0.2980725
-3.3836265
1.939952
0.5036271
-3.2669313
3.5445497
0.6926932
0.11806525
-0.9230197
2.3652706
0.4290985
1.76804
-0.67278135
4.1068153
-2.6587994
0.60903823
2.1901302
-4.6140604
-0.18634623
0.55837387
0.40491706
2.117591
-2.7127948
0.87003416
-1.742258
1.6295003
-2.9855855
1.0586345
0.31148738
3.3434854
2.3484154
2.2083998
-1.6802064
0.036599353
-2.1816475
1.6564113
-0.9255242
-0.544544
-1.7860026
-1.1036543
2.0094707
-3.6637497
2.0820587
-1.1204052
-2.3725288
-0.45309913
2.2536964
1.1558927
1.0427049
-2.1684167
2.862295
1.5404134
-0.45782664
-0.7044268
3.2832394
2.3604295
2.276915
1.0091969
0.3357764
0.18954211
2.7881289
-2.3446598
-1.9975569
-0.6455765
-1.1895337
1.8367403
-0.30995148
-1.1471038
-0.23569825
0.86621946
0.22972572
-0.5291512
1.3027565
2.8601992
1.4851186
1.2738538
-0.65609515
1.8553828
-2.8777502
3.3304002
1.1910644
0.2566088
-0.5976076
0.2019547
-0.30600312
0.08059543
0.9123565
-3.60966
-3.1979656
2.1198332
0.69427985
-0.5756897
-1.9657803
0.604992
-2.9755661
1.4563457
3.324244
0.65110075
2.196062
-1.2245167
0.6076703
-4.441758
0.35731572
0.4963235
5.111603
-0.98916775
4.087181
-2.3906927
1.8405823
1.089384
-2.4026816
2.6822226
0.9967895
-1.651776
0.7346059
-0.9570589
2.2244313
3.868532
0.06553663
-2.7856264
-1.6029211
-0.65796405
-0.7430209
-1.0344067
-1.3139294
1.7188619
-0.2839499
-0.11783114
-4.3279486
1.8866984
-1.2564818
0.5731611
-0.666556
-2.3136222
2.330632
0.005826205
1.1316212
-0.21656239
1.5905209
0.5918667
-0.7636695
3.4049988
0.12909395
-2.5635424
0.52527237
0.48888806
2.0710611
2.2066507
1.9701555
-3.9980247
-1.7104117
-2.1216397
-1.6129279
-2.393816
0.0932312
1.40402
-1.9833795
-1.7385577
2.2920017
1.2560233
-2.525185
-0.8923626
-1.0407919
-1.2741685
0.08933334
-1.119865
1.733145
-1.105187
0.70984364
1.2633824
2.8306637
3.1097476
2.8698773
-1.7472202
2.0354514
1.9346658
2.5229533
-0.71335286
0.66161025
2.1531324
1.3996085
-0.5661346
-1.408981
2.4277396
-1.9642551
0.34688035
3.2977827
1.1653974
-5.6880107
2.586752
2.3896632
1.2935864
-1.0530715
-1.6588366
-0.74618006
-4.4065824
-0.3171417
-3.4330447
0.75279474
1.3258598
-1.5269967
-1.962111
2.210436
1.2578149
-0.07175534
-0.47307047
-2.3730175
-1.9378732
-2.7292368
2.5400665
-1.8117346
1.1462983
-0.5574244
0.24225397
-1.4531951
-0.8902833
0.7491444
-1.4569421
1.3628905
2.1988366
-1.7667481
0.86434096
0.9775326
-2.016418
-1.0494015
-2.2552686
0.41329288
-1.2336222
0.37855878
0.43543217
2.1583056
-0.38688993
1.722913
2.0442295
-1.6180714
1.7551736
-0.4259032
-1.6252033
-0.8700518
-0.49450737
2.5499942
-2.0307088
-2.6136742
-2.684206
0.9889248
1.2359847
-0.8160299
0.12778972
0.27970758
-1.4932926
2.8597126
-1.20596
-1.8620366
-2.4526803
2.5859432
1.5384724
1.0993991
1.6467965
1.2269651
-4.1612997
-0.81836104
1.0714525
0.060079608
-1.7745333
-0.12150043
-3.4960217
0.56791383
-1.222584
-0.46389657
0.31870952
-1.9586456
2.5412855
0.16306433
-1.3520129
0.12814984
1.7419233
-0.742438
-0.21486542
0.7815761
1.399512
-1.1044978
0.9886663
1.8137578
2.5220516
-2.5845988
-1.3415513
2.3924503
-1.1716999
-1.0356224
1.5462619
0.7967137
3.1389313
1.4603499
0.6390188
-0.63831794
0.8646902
2.413993
0.24281806
-2.0067945
2.2522967
-0.90274227
2.5848548
-0.25523248
-1.4141145
-0.29764485
1.6452835
0.24871366
1.8714193
-2.2761211
-1.0717448
1.2228159
-1.8808497
1.4252894
-2.183195
-0.8075582
-0.6081797
-2.7349334
1.5325003
1.2991422
2.7468965
1.3293347
-0.780755
-2.1515172
0.7416877
2.7632458
-0.3010593
-5.2215424
-2.06333
-1.6346387
-1.8466963
-2.1869507
1.539936
-1.0408888
0.6286196
3.5262966
-1.0149235
-0.07097688
-0.029970951
-2.2259989
-0.5212263
-0.0771249
-0.96550524
0.7410519
1.423501
0.6048354
-0.63815296
-2.6621497
-0.123936065
2.0889623
2.3580403
-2.4490478
-1.3916737
1.0396976
-5.7873425
-0.51698244
1.9998931
-0.6968602
-1.1828116
3.9980326
2.741402
-2.0548437
1.597193
-0.7933301
1.3693937
-3.2474372
-2.6185927
1.784051
-3.5612338
-0.88064843
2.0433495
2.017915
1.0411536
0.35166496
0.6453774
-2.558632
1.6306063
0.9587458
-0.30762416
-1.287839
-2.0531318
1.193971
2.874695
1.1842227
0.032023255
-0.51398635
0.45037073
0.34287402
-0.7271038
-1.993133
-0.5039636
0.031300515
-2.6070874
0.48725814
-1.3736554
1.9714036
3.8540113
0.45128223
4.4889383
-2.0028846
-1.9838841
0.3081949
-0.827312
0.7317653
-3.7306778
1.8623691
-0.08479502
1.1238714
-0.8257344
0.53469676
-3.9127078
-1.7568744
-1.7956043
3.8196578
1.9940454
-0.322641
2.036155
-0.2936728
0.8955287
0.010601647
2.9288151
-1.3608621
-1.2100692
1.6286501
-2.4956427
0.14793703
0.038815454
0.90764886
1.9439977
0.40803435
3.0115623
0.67358583
2.0150096
-0.047834538
-3.2465596
0.8671712
-1.0029607
-1.2642717
2.4860692
-2.9676409
-0.7552534
-0.22478423
1.250742
0.62922585
-0.5447937
0.3658774
-0.1649526
-2.4807272
0.6046573
-0.63375497
1.0973005
1.2513107
1.3981788
-1.8277911
0.5518684
-2.3462055
1.604553
-1.1403736
1.0607696
2.8982632
-3.195738
-0.1977323
1.353959
-0.75694185
-3.8667617
-3.1726305
1.8011477
1.2060479
2.0563688
0.04511118
0.434094
1.4734753
1.7930251
-0.8949772
2.2364616
0.035145856
0.5899878
-1.0596184
-2.3031995
-3.8655567
0.9042148
-0.86087215
-0.04862769
1.5945055
0.44654983
-1.1030208
-0.8665549
0.943452
-0.67409784
-0.9538936
2.1548975
-3.0795243
-0.49950588
0.34955806
-0.8295278
3.5726163
0.21057826
0.2605688
-0.55978477
-0.37813798
-0.9066804
0.9011716
4.127307
-0.0021963567
0.37740242
2.5793297
0.51811355
-1.5896007
2.511491
-0.05214192
-3.497126
-1.0245044
-1.2987391
-0.21292183
1.5485983
-0.7247912
-0.17175952
-0.9970141
-0.2837867
-1.0418979
0.62474453
0.94242895
0.55994976
1.1332242
-0.7530134
-3.0082777
-1.2521083
2.348555
1.3178841
-0.56051975
-2.1430519
-0.18628974
-1.2205678
-0.01642467
-4.511923
-0.1648772
1.842686
-1.9911163
-0.73409396
-0.84105974
-1.2325628
-2.7420402
-0.1999704
1.5734162
-2.8469968
0.89836556
-0.8913337
-0.4711938
2.3230808
3.5677462
-3.141263
3.2582636
-0.29295358
-2.0887232
1.5112126
1.9258462
-0.16301244
1.6158352
1.9097614
-2.0420609
-1.0001153
3.9706864
-0.6758808
-0.70246017
2.9542263
1.9137181
4.9447827
2.0600975
2.0981874
-2.5935688
-2.3167038
-1.7635199
1.5154389
-3.7740898
-1.046498
0.37906775
0.69690824
2.307726
2.619967
-3.6293032
-0.7927894
-0.6158726
1.0005647
2.8975616
2.0462394
-1.7537102
-2.676489
-2.4572694
-0.14208634
0.71599424
0.71351975
-2.3995774
1.3528901
-1.5272437
-0.28761262
-0.3902861
3.4690335
-1.9136518
-1.2333035
-0.9760329
5.9502106
-2.3244996
-0.4370204
1.9923683
5.8955073
-1.5959905
0.5599885
0.40403917
0.43694192
0.90442216
-0.41117474
-0.74492055
-0.5559449
-1.729011
-0.6141862
2.0683494
-2.3099182
-0.7076161
-0.84313697
0.18138714
-2.6093976
2.8016212
0.64896315
1.91049
2.0893211
0.40326235
1.9040025
0.7992364
0.50715333
1.4005826
-0.8641577
-0.24317339
1.9953341
3.4897518
-2.1722164
0.4138842
-1.7676529
0.57149893
1.8827426
1.4102695
0.29614127
-0.36015785
-0.27658564
1.081006
1.5800202
3.430067
-0.46989113
-1.3589927
-2.579089
3.1054094
-1.0659817
0.9533968
3.9904299
0.4415565
2.2658083
2.9137592
1.2955059
-0.5920195
-1.0101196
-0.35811728
-0.5320351
-1.0970929
1.1497823
1.5832242
1.3028606
0.24524331
2.2495582
-2.8585937
1.8223412
-1.0362875
-4.6035576
1.7033767
1.6586016
-2.9293292
-0.85378474
-1.7606642
3.3451357
1.154651
-1.230861
-3.791378
-0.18233663
0.25063235
0.533347
-0.19711939
0.74770087
-0.3077758
-1.4800832
2.5111787
-0.34123862
0.100963406
-1.1032746
0.31339788
-0.26747942
0.36885756
0.19741604
1.1454434
0.1403648
-5.3467255
4.8943367
0.7510844
-1.5627478
1.9953929
-1.7081506
-1.905076
1.9212829
-1.2363087
2.1731846
2.441516
-0.11356319
-2.95734
-2.13507
1.3166031
1.0259122
-0.33318785
0.8718875
-2.2237747
-0.37027746
-1.7657775
1.2089657
0.65166295
0.17308342
0.5843227
1.2655714
-3.9019845
0.4025692
-0.62644684
0.8854682
1.6953919
-2.3340042
1.5271075
0.13126369
-2.268593
5.049532
1.366545
-1.9682828
0.3419299
-5.28781
-0.39299005
-2.0660486
-0.19521943
-2.512958
-0.2444144
-0.028134115
0.77990407
-0.5520107
0.05821325
-0.43292263
-1.5550854
-0.42019513
-1.1243969
0.19365641
1.2346133
1.991064
-2.5512948
-1.7714046
0.7683908
-0.95879996
-1.5359133
1.6167226
2.3241823
1.2833202
-3.599561
-0.43878838
-0.91739464
-0.2576081
-1.914942
-0.6636189
4.7863727
5.131082
0.76783556
1.0240436
-2.0504272
2.809706
1.8004818
-0.270101
-2.872785
1.5057042
-5.6726646
-0.25996605
-1.0097318
1.7990234
-0.9810557
-0.84495056
-0.79671204
0.87441397
-0.90493184
1.3249272
-2.2922292
0.23232196
3.035094
-0.9427564
1.4394276
0.77203614
2.3526392
2.1279013
1.4350908
-3.357328
1.7712691
-1.7258013
1.3163909
-1.2886058
1.7822518
2.088523
-0.26450914
-2.564142
-1.9067353
-0.3852465
0.66566676
1.1916311
-0.51356524
0.46520603
-1.7082009
-0.3252379
0.57223934
-0.8159144
-3.4876115
-4.0386157
-1.7110562
3.1938953
0.42779952
1.1979208
-2.0277805
-0.45836917
1.6495407
-2.1911652
1.0339139
-0.02973371
1.2741864
-0.2792218
-0.06755577
2.9240575
-0.7536053
2.055638
-0.63614124
-2.284628
0.054743677
-1.9069039
-1.7760869
-1.1685891
-0.5626209
0.256066
0.7603599
1.9522107
-0.12865418
-3.9802885
-2.8712234
1.1135348
0.43654773
0.051756054
1.6673042
0.5818043
-0.018952832
-2.8480515
-0.54661655
2.7222452
-0.73985744
1.9532027
2.2524798
-2.5237796
1.2119613
-1.9166243
-2.6481884
-0.05814109
2.9617398
1.4682797
-0.95688236
-1.2862946
2.8251185
0.40778464
-1.076175
-1.6230326
-0.5089395
0.47848246
-0.80085325
1.7014402
-0.15774572
0.58695465
1.3184891
0.57719064
-3.1186004
-2.2952003
0.34830272
1.1750128
2.3894043
0.21590719
2.661583
-1.2422519
2.6713057
-0.07673711
-3.4591413
0.7082869
5.227209
0.52669144
0.5650549
1.104059
2.3408313
-0.25892067
0.92210203
-0.5565848
-2.055098
-0.8749599
-0.35508218
-0.8835753
-1.659907
-1.4992673
-0.08801187
0.84214306
0.8421751
1.9428424
-3.5029464
-2.7755585
0.26614517
-1.2906553
2.4925401
2.6952324
-1.240645
-5.6197066
-1.4693084
1.4715022
-1.9845763
2.3858612
1.4175998
1.6754603
2.5862906
-3.4802852
5.8111577
0.29951844
-0.5565577
2.7251992
-0.15220433
2.1460154
1.8707349
-2.6041405
1.4155508
4.806236
-0.48701158
1.3747714
-1.7157953
-0.90189594
1.4825084
-1.1332363
-0.6133911
2.3997774
-0.90823287
-2.9129374
-0.8562069
-0.89437824
-0.9180538
2.2248678
2.287404
-0.14933673
-2.7645335
1.2898866
-1.3189588
3.3730352
0.775432
-1.453704
2.1382477
-1.7206235
3.4306502
2.1689034
-1.6589849
1.2627579
1.8128014
-1.120882
-3.3432345
-1.1489898
-4.883005
-0.24540143
1.1860044
-0.16117138
0.94015527
1.6282332
0.098987274
-1.0115567
-0.73228544
1.2048733
-1.881021
3.8367062
1.8527812
-1.7280399
0.78251135
0.5746443
0.68069845
-0.49128175
-0.6717522
1.4290719
1.5558224
-2.647177
2.1886957
1.5511751
2.2436998
-1.7577131
-4.2409673
4.1352434
3.6866415
3.9924798
-3.3402028
-0.5729611
-0.86491203
0.23022401
1.7785538
0.1844942
-1.0155774
-1.8027472
-0.0841116
-0.037962105
3.1840048
0.36410946
-0.4202345
-0.90174985
-0.3726516
1.1341611
0.2687537
0.4764109
-4.333574
1.1590828
0.8241423
2.1379614
0.057324395
0.4701075
1.0332282
2.7340841
-1.0905793
1.2540773
1.4808899
0.06481115
1.5210809
0.4176134
3.6449509
0.7028664
-2.7606556
0.53761786
-3.293825
-0.15765384
1.7256641
1.21407
2.4355752
-0.10038122
-1.3190076
4.336263
2.2507353
-0.049286477
-3.0243547
-0.96652955
-0.3897641
0.09078369
-3.4196496
-0.6760603
-0.1386811
3.0515401
0.82507926
-3.4319406
0.22804922
2.355547
-1.8245132
-0.68587655
0.5167333
0.5389505
5.2023306
-0.44961768
2.6107028
2.6664994
-3.142649
-0.5008598
0.5728924
0.68212193
2.8112378
0.24148223
2.4542723
-0.44342688
1.1147428
-0.71174955
0.85685873
-0.7428699
-3.9232957
0.11141989
-1.5247875
-0.5067295
-1.1980802
0.9523869
1.6503915
-1.9332428
0.57103825
0.50664175
-1.912201
0.41688308
-2.4539757
-1.0051367
3.0858154
0.51495755
2.3625176
-0.19968885
-2.1234243
-2.3295612
-1.3079005
3.6157343
-1.036198
3.1578236
0.38242945
-1.8991901
-1.231154
1.5341814
1.0902882
-0.451186
0.19815135
0.99165684
0.09862378
2.795905
0.4064113
0.49693704
-0.119507596
3.5376139
-0.07735536
-2.703552
2.7750301
1.5597448
-0.19479053
1.5425128
2.3964314
2.2906456
1.0884655
-0.19468397
-1.5920682
1.6438308
-0.44707322
0.033200637
0.097628616
0.121461
-2.9322703
-0.3947804
0.06817034
0.9766294
2.9531903
1.8101887
-0.7277537
1.8493392
-1.3979394
1.8144433
-3.632192
-0.38504553
0.3870253
-2.8437784
-0.7356909
-1.1502047
-0.3074946
-3.5372956
2.180669
0.34445205
1.8917915
-1.0929972
1.9041427
-0.9420865
0.13062593
-0.5917778
3.149903
-0.6397049
-1.0804964
0.6860092
-1.5989772
0.019205965
0.46832514
-0.8378479
-2.3123996
2.2829916
-1.4341054
0.86284703
1.7390804
-1.3378819
1.9136081
-0.8853928
-3.8637109
-0.3046752
2.1186564
-2.459891
-1.7242566
4.4586134
1.1973863
3.054454
4.8572764
-0.042607382
0.34992236
-2.5843227
-3.559594
1.6559948
-0.29530314
2.675488
0.6200981
-2.9716597
0.2178598
-1.0975039
-0.88328385
1.9720554
-1.6267605
1.8046349
-0.24973774
-0.76045424
-3.467881
-0.8019126
-2.7245734
0.06253277
0.7408185
-4.0269165
-1.0921774
2.3898137
-3.2922196
1.3079978
-0.08429929
-0.86827964
-0.5112803
0.5033943
1.1959888
2.6375601
0.7907056
1.4529355
0.28780562
1.5734336
2.6205623
-0.14214486
-4.191665
1.1079454
-0.098106846
-1.1081307
-0.25520623
1.4422832
-0.36628997
0.8675044
2.284164
0.2108934
1.1040871
1.8820682
2.7824259
-1.0431437
-1.5886585
-2.1397948
0.34212732
0.20483515
4.282757
0.84246147
-5.257101
2.477012
-0.8123345
-2.271332
1.7937194
-1.8554217
0.37228608
-0.2622301
0.18649766
-0.49561006
-0.65269935
0.9524818
2.1526139
0.6406808
0.44102937
0.79404104
1.4833785
-1.5019277
-0.3929784
-0.79212713
-1.2461094
-3.862346
-3.2892048
-0.2529804
-0.4450549
2.3344567
-0.8579561
-1.4084755
0.4861614
-1.9851815
1.8296742
0.9304742
1.4082825
-2.8056233
4.3764296
0.41779798
-1.7257404
0.81385565
-1.9724346
2.0392153
0.4623923
-1.6864257
-2.215602
0.2386514
1.7334546
-1.3401066
-0.12501006
-0.3513626
0.49178955
0.1249784
3.8804827
-4.64594
0.96990824
0.067533195
0.6221897
-1.5905594
-0.37277192
-0.8489949
1.8757505
1.8382893
-0.50476813
-2.8532088
2.0807226
-1.2387159
3.1495051
-0.54773146
1.5593581
1.6028742
1.0181673
1.3715557
2.0292845
1.2604406
-1.216997
-2.0799456
-3.587962
-0.6067791
-3.0015283
-0.25971875
-0.5245022
1.4649036
0.25186795
0.052533768
0.863701
2.518729
-1.262206
-2.4410162
-2.779597
-0.42626476
-2.0496464
1.7426326
0.74402106
2.4186695
1.6237957
0.3617887
-1.033146
-0.0154294595
0.33118632
0.4646147
3.3087406
0.81301856
-2.391724
1.9273335
-3.239011
-0.9630826
-0.23665012
0.60020673
2.1495085
-1.6945453
2.2936935
-1.0589825
2.3549566
5.9767823
2.0100067
-0.9992337
-0.121874094
-0.982239
0.35477883
0.76554525
-1.0826405
-0.22539659
0.46003792
-0.96845645
-0.21380478
0.8386699
-0.91156524
-2.065334
-0.5296309
2.3625767
1.1352495
1.6300201
-0.41423902
2.4761946
-3.2357402
-0.67126924
1.0581319
5.3967385
3.6290445
1.8228606
0.8490432
0.066996045
1.9466177
1.2468841
2.3283947
-0.8307466
0.4366077
3.1274278
4.1695576
-3.5074787
0.9303886
-1.2356476
-0.06827607
-1.7718006
-2.4925346
-1.4345368
0.5373801
0.53990966
-0.8577691
-1.8856078
2.0879376
-1.252858
-3.1905038
2.1101868
1.4343926
1.5110587
-2.4934857
-1.7189496
-1.5120932
0.49873295
1.3395348
1.0478255
0.90022045
1.9548663
-1.1421258
-0.23249051
0.22400501
-0.8467914
-2.9216843
-0.16998899
-3.1570907
-1.811501
0.8453933
1.7268617
4.582373
0.50997597
0.9266021
-0.42048302
2.4515893
3.8393588
1.0125989
1.196273
-0.67043716
-3.754502
0.6063319
-1.9245803
0.88367504
-0.97435975
0.043746956
-1.5882254
-0.30258366
-3.4830863
1.9936999
2.1270022
-0.81130433
3.821113
2.1547656
0.2383723
-0.21573976
-1.4157355
2.9195054
-3.5157313
0.8100407
0.95391595
-0.5926351
-1.275149
-0.5061165
-5.020375
-0.1655184
-0.57757044
-0.92202944
-0.22980851
-0.0844289
1.9405563
-2.5441623
-3.0239842
3.1048284
-2.0299284
0.2281948
0.5755186
4.3898263
0.32029873
-1.949514
0.093331635
-1.2804021
1.964982
-1.1159312
2.9998384
-4.102511
0.26078075
-1.1124849
1.3448285
2.2491746
-1.2339808
-2.7748334
1.7035013
0.44980654
3.3434787
-1.2263026
0.37176743
-0.6546474
-3.273989
-1.668045
-1.7875152
-0.16252844
1.8156681
-2.4859118
-2.7238684
4.099512
-0.31190005
-2.060492
-0.30303454
1.1296763
-1.7444415
0.014505565
-1.0415636
-2.4466095
-1.2483201
-2.0478268
2.5050077
0.9041882
-1.0663152
-1.5406017
0.7112121
1.6529771
-1.8440454
-0.19996223
1.89398
1.323354
2.6874268
1.2591949
0.2784772
-0.58002186
-0.075480714
0.12863998
1.297193
0.41124386
-0.031522673
-0.7961133
1.6585962
4.063726
0.9982237
0.0034240112
-0.48633128
1.2196447
0.64579797
1.4330192
0.97052675
-1.4133493
0.81458074
1.6734159
2.8992016
-0.64386624
-0.50140965
-1.2012012
3.1763742
4.932404
0.6212932
-0.2824724
-1.6470654
2.5660257
0.90486723
-1.00124
1.774572
1.0617416
1.8000361
2.2255156
-4.3163266
1.760779
-6.210887
-1.0657185
2.7545795
-0.07831234
-4.8986616
0.5269034
-1.3603401
2.8781714
-1.3280547
-0.08035346
2.4256237
-3.755497
0.32269636
2.4390357
-4.838356
-3.8545272
-0.8357129
1.9899437
0.77165776
-2.3432808
-0.89602906
-1.2195932
-0.65913683
3.144912
1.0659294
-2.0516503
-3.2892954
-0.768793
-0.37102377
1.3530972
1.8396667
3.3831122
0.8530535
1.1785178
-1.7564732
-0.22470865
0.8808875
-2.1335452
3.276663
-1.3466455
1.0255995
-0.39670786
2.9166803
-0.022064295
0.55046535
-0.085966304
1.954436
2.8327417
-3.8558517
-2.0412261
0.2639868
0.51955736
-0.44150212
-1.2468963
0.6907967
-2.184972
3.454526
-0.020555362
1.7612156
2.0046248
-0.7772021
-2.1424775
2.999542
-0.8499834
-0.9839231
-4.6889515
-1.5102278
0.016503062
4.220035
-1.4887987
-0.17204928
0.18984579
-1.072604
-1.6309627
0.6554561
-0.19246462
2.30829
4.451155
-3.0351799
-3.469954
0.9508411
-1.617845
-0.3048913
1.1368331
2.47387
1.7566462
-1.6098655
1.6114792
0.8146273
2.7131789
-0.7949921
2.7107356
1.6390257
0.013109393
0.3947844
0.448986
2.063944
-0.8316836
-0.98204446
2.326711
1.7606298
-2.5172014
1.1446184
-4.096593
1.1653974
-1.1587667
1.2520627
-1.3087476
1.5763102
-0.30436152
-1.9197216
0.48974773
2.2995427
-1.7340779
0.08140091
2.1931067
0.5272391
2.0497642
-0.28050196
0.684201
-1.0895153
-1.7134414
-2.9166737
0.3562509
1.2713633
-0.26858938
-1.2341195
0.3508811
-0.23769768
-0.05597215
-0.73432404
-2.7182457
0.64730376
0.4913916
1.6198776
-0.7092251
0.380087
3.4453623
0.085986614
-1.8611445
0.56988424
2.8149102
2.065023
2.235439
-1.0487394
0.1303131
-2.6156123
3.2131045
-2.8858035
0.8711566
-0.98328847
1.5571663
1.329036
-3.230724
0.6454179
-0.10299769
-0.6805099
-0.8192113
0.60410345
0.3606303
-1.092863
-1.3581405
-0.3851834
0.37170395
-0.7763708
-2.2515206
-3.1954622
-1.236269
-0.66844606
2.0549374
-0.5302925
1.5345229
-2.3157723
0.48629713
0.93443644
-1.126113
-1.9958119
0.5355797
1.4892503
2.403715
0.35368025
-3.214703
-3.0726688
1.482438
2.5892994
-0.6895085
2.5543983
2.2891154
0.61479455
-1.2428683
2.9857285
-2.1349673
-1.0489002
1.4070263
-0.71812886
-0.6204006
1.2510785
0.43603817
-0.9356062
-1.0274154
-2.5273855
-4.288388
5.084476
-1.3195258
1.0630449
-1.0686755
-2.412484
-0.5375918
-2.6314132
1.6866235
1.9460839
0.8965987
3.256246
-2.9928596
3.7368393
0.4064552
0.9208678
0.83171594
-1.8287952
0.15217929
1.0554099
0.61186755
-3.753863
-0.0976546
-0.09111073
1.7768576
0.13659552
0.40609324
1.1788539
-3.498164
-0.6757972
-1.7452538
-1.1043363
3.140026
0.09915899
0.97915214
0.7656108
0.35743904
-4.3463187
-3.4582424
1.1735352
-0.44234768
-0.91818553
2.8374555
1.3239695
1.3595191
-1.4299159
-1.0252541
0.67797226
-1.645469
1.8065555
-2.2356608
2.3070815
2.534906
0.39086318
-0.31939387
-0.7183656
0.27450538
3.6832116
2.1217234
-1.5830166
-1.1179004
-2.1807153
0.05778022
-0.24834055
1.8550886
-0.8765309
2.2044668
-0.17987368
-0.0024071634
-1.1583675
-0.47771782
0.5009784
1.2086843
-0.9506245
6.1217356
-0.55806345
-1.906242
-0.56320274
-0.37186658
2.2387185
-1.6250753
-4.708912
-1.3345257
3.0230289
-2.2570548
-1.1575675
2.3865511
-4.9350653
0.022945039
-1.2902726
1.1171277
-2.5207455
-0.6583428
1.4138825
-2.7088654
0.95707226
3.0492642
0.8283093
2.4883778
-0.42808157
-1.6980984
3.5787985
-3.9700587
-0.65471715
0.124578565
3.514815
1.084152
-1.9503437
-0.116414785
0.68859786
-1.4734089
-1.7154754
-3.8473153
-3.0880456
-1.4397159
1.9730222
1.3962231
-3.5155742
-1.7353746
0.604318
0.7595136
-0.4991303
-2.9354043
0.7003002
-2.0486739
1.5706242
0.12748635
-0.023904286
-0.90275395
1.2157079
2.3008335
-1.9837284
1.2097365
-0.12731925
-2.590527
0.16210432
-1.1815236
1.6085927
-2.6541152
1.5266415
-4.402866
-2.3616107
-1.6883944
-2.145511
1.8446784
1.2031072
2.1357167
-0.7683619
-0.25542814
-2.5218544
1.2441481
0.45233947
-1.18321
-0.6756065
0.61005855
1.9104657
-1.5766159
0.9569998
0.94477546
-2.1298013
-1.8387136
0.6513111
-0.075326234
-2.2906818
2.0666394
1.7969221
0.35359532
0.3700655
0.5822745
-1.2640796
0.39348525
-0.3575272
-0.17226252
2.6967185
-1.0462011
-1.7386005
1.8075854
2.4670637
-0.029151246
-1.270289
-0.614908
-3.689689
-3.541881
-0.9316014
-1.047822
0.088262245
-1.4576205
-1.6477298
2.3654346
1.5209106
1.220698
-1.9267632
2.2262368
-1.600753
0.18398498
0.5666553
-1.8338708
1.8034539
0.6344877
2.9697504
-3.3154957
-1.788643
4.121825
3.3889313
0.6266103
2.0846145
0.51249105
0.69771147
1.5583363
-1.00849
1.9781488
-0.7460682
-0.8914984
-1.3870735
-1.1708444
0.53881776
3.3714979
0.40750903
1.5328296
1.7960703
1.319028
0.07887483
0.013974972
1.6541773
-2.5422244
1.2852457
-1.1567136
0.833252
7.461556
1.8399792
2.3330374
0.44364402
1.0327455
-2.337021
-1.615102
1.5113016
0.59591573
0.6967322
-1.8478013
2.114144
-3.973358
-0.306683
-1.3084817
2.2742229
-3.13029
2.9753764
1.3398663
3.9779263
1.9552099
3.295425
4.91434
0.70102155
-0.5843899
-0.6982379
-1.7268349
2.218168
0.5559523
-3.47005
2.9640956
-3.5643797
-0.507862
1.5609068
1.1537123
3.348255
-0.06842973
-0.4578455
1.8825065
2.1650548
1.7105083
-1.1538384
1.0393472
1.4891549
-0.041100204
-0.27374828
2.1792285
2.2529414
-0.621032
-3.1233985
0.7157687
2.2549148
0.8116524
0.7074163
-4.1990013
-1.0309509
-0.57440877
1.3512944
0.874044
0.045630008
-0.4118337
1.1170769
2.9762435
-1.369857
-4.1915855
0.5173821
-0.3770936
0.793862
2.3382065
0.035391785
2.5511014
0.9907164
1.4652094
-3.973773
-0.042891685
1.3466228
-3.5289354
0.24637373
2.0685115
1.4830058
0.11670992
-2.6157265
1.9980369
-3.2492383
2.8593388
1.801836
1.932351
-1.7490693
-1.7704545
1.1786004
-2.1782882
-1.114079
-0.063411586
-2.7891054
-2.2061532
0.31491688
-2.2026517
4.122634
-0.07843903
2.3796618
1.1401384
0.42476052
-2.5180109
-1.1519277
0.65488386
-0.28605825
0.19409788
0.48822093
-1.7466449
-1.7412963
-3.447253
-0.10685737
0.0061159953
1.9321603
0.23671162
1.0894781
0.55768913
-1.71544
-0.76881516
-1.1755352
-0.20002478
1.7886146
0.63337934
1.8527099
-0.1621039
1.1050667
0.61031765
-1.2850418
-0.5769658
0.13756695
-1.0495578
1.6979324
1.7536206
0.11732819
-3.0375729
1.3642238
-2.4456575
1.5907347
-1.207761
0.10298534
-0.40723023
-4.67519
0.79403466
-1.3789608
-1.3680991
2.6580606
0.1205156
0.039422244
-0.44020998
-3.359316
0.58964694
1.1353835
-3.0874991
4.4700027
1.6124815
1.284101
-1.4982733
-0.512504
-2.0101724
2.4084902
-1.2196714
0.5187256
-0.48862642
-1.8312184
-2.2477655
-2.0042682
0.31055367
2.6302645
-1.7652239
0.12203712
0.24547945
1.504978
-0.80555665
1.1296943
0.6777048
-0.18689272
-3.8071601
0.01781097
-1.9910107
-1.8551686
-1.3492852
-1.4714847
1.2768943
-0.6509586
-0.2209718
-0.897477
2.8608723
-0.145369
0.51135117
1.5604922
-0.80031574
-3.4410408
-1.2550093
-1.1075398
-2.1694498
-3.3815987
-2.6182292
-0.16137576
0.5193375
-0.5271023
-0.92863816
-3.1009688
1.1830939
-1.8531537
0.6377538
1.7508405
-0.47891483
-0.27142745
-2.9443452
-0.9919167
0.7755582
-0.26512316
0.7548099
2.0102885
1.4738861
2.1595685
1.9359272
1.3882122
-0.4825644
-1.098344
-4.3963857
-1.6306474
0.19584036
0.9347663
2.010054
0.6030273
0.31966656
0.29455167
-2.4859538
4.08562
0.19828947
2.4332166
-0.24970147
-2.6318865
-0.8489253
1.4564302
-2.4803853
-1.697244
-3.500119
-0.43761724
-4.124837
1.6142422
-1.5551351
-0.6124326
-1.3904064
1.4232088
-1.0743183
1.9402481
0.6160799
2.758206
-4.789313
0.8451819
-0.943897
-1.6426048
1.6160028
-0.4327295
-1.3685879
1.2273588
-1.6883272
1.9879559
4.604899
-2.1284626
0.3515258
-2.9266613
3.6442761
-1.2282649
1.2508783
0.028129429
-1.3066391
-0.816354
-2.1258721
1.351026
0.9822185
0.18997656
2.4081113
-0.57263803
0.7400335
-1.2788559
-1.5354247
1.0219721
-2.7668068
-2.7371132
-2.4253762
0.6347482
-0.19769138
0.7493155
2.4536257
-0.2684908
-1.0755382
2.4185708
1.7435195
-2.0101116
-1.6022303
-2.8455162
-0.7912515
0.2617269
0.828184
-4.4430804
-0.26674223
2.6230116
-0.5966718
-3.0837476
-1.087416
-0.40706256
-4.843931
2.781803
-1.3762113
3.0529497
0.8082039
-3.4100926
-0.29669875
-0.30769682
-1.9122381
-2.0386426
1.411544
-1.0356562
0.4329492
-1.4712129
-1.3003262
-1.3350925
7.2316513
0.74554384
-0.8362844
0.14662549
1.038666
-1.4637458
1.990461
0.9225037
1.8634385
0.48799393
-1.1070793
3.3998752
3.168544
-0.50356746
2.239571
1.9237028
-0.06673146
-0.6737146
-3.878737
-0.4168624
-0.16636345
-3.3123813
1.3357955
3.2117
-0.5757415
-2.0817864
1.6500908
-1.4835517
-2.3904088
0.4283288
-3.784125
-0.07079676
-1.4548268
-0.08486088
1.095991
0.50420463
-0.13930772
0.7222056
-1.7945051
0.90028733
1.2444936
2.684152
1.2604749
-0.023268946
0.3582573
0.09277062
0.6499
2.587154
-3.496673
0.5365261
1.3222185
-3.2319157
-0.5408706
-0.5901061
-4.7753377
-1.6837562
4.0480437
3.1186392
-0.086704195
-0.16261339
-0.16214627
0.07102273
0.9259045
0.55903536
-2.0988553
2.1948853
-0.3855914
-0.42586103
1.0502214
3.2098043
-1.2822866
1.3696755
0.3176574
-0.5578167
2.2951803
-0.61029214
0.4511069
2.4216042
-2.0011873
1.8501401
1.9232587
-3.562257
-2.153014
1.4619901
-0.5146543
-4.4523892
3.2596927
2.3388562
0.10793893
0.50052816
1.9894147
-1.6337636
-4.3476205
0.89815503
1.5388572
-0.492567
-0.9351115
0.51677173
1.7434518
2.3290665
-0.9457402
-0.4723722
0.101395026
0.7393708
-0.5794988
-5.8250914
1.5151874
-0.44461533
-0.31775782
1.7182448
2.1004782
0.6185092
0.8445309
0.58916795
-0.5693417
2.247926
-2.5679286
-1.2863747
-1.1945622
-3.9488723
4.57052
3.1819487
0.57123333
0.20391902
-1.9481198
-0.82803607
-1.9815135
-1.904591
-2.3966172
1.5066229
1.2629976
-1.4444356
1.0916386
-0.8405978
-1.3471309
1.9443412
4.0117974
0.3138225
1.5942256
1.5968223
-0.48260242
-2.142144
0.29768577
-0.62253666
-1.3629017
1.2382479
-1.0681931
0.14083198
0.1326296
-1.4406486
-3.285406
-2.824679
-3.2977169
2.1333241
2.2164278
-3.91233
-3.207235
0.4099868
0.83796674
0.45831245
3.024422
-0.5028935
-0.6613486
-2.6766043
3.1191404
-2.1972024
2.5635989
-0.40167826
-1.6409501
-1.9132862
-0.6594029
1.8523489
-2.9981968
-1.8267525
-0.75723934
0.26036626
-2.3476381
0.9492197
0.44649258
-3.8452911
2.0753515
-0.5141463
0.59206384
-1.617035
-0.41740608
0.55269367
-2.8254063
-0.8601614
-2.0439842
1.7538263
1.1167642
-0.6583041
1.4381158
0.42322296
-1.4781638
0.6368861
-1.53565
-0.42597592
-1.0885584
-2.7863622
2.4131534
0.5311001
-2.4554107
1.4415288
3.744288
-1.1135578
-0.8831636
-0.3123527
-1.6963794
1.0375112
-0.07067161
-0.0050470605
-1.7484169
-4.0240912
0.8949187
0.65116525
-0.05102046
0.4937745
1.9168913
-0.68872666
-0.3811073
-1.0822268
0.9355614
-1.6136577
2.6382792
3.0688455
-2.0682297
0.92574483
-0.6861557
-2.830847
0.06672875
-1.1730617
-5.515841
2.387124
2.5939958
-0.018459529
2.8082964
0.36906406
0.008692212
2.079886
-3.5471396
0.6086375
-0.67687875
1.0820652
-0.7328992
-0.88075393
-1.5111232
-3.5665646
-3.8762944
-1.8284789
1.1159804
-2.9479449
4.3567715
1.2013847
-2.158911
2.9508233
-0.10404814
2.219587
-2.2916121
2.6145601
-2.067237
-1.0096605
0.19872785
2.064987
0.7140683
1.9437523
-1.8976437
0.8527111
1.5103588
0.914743
0.03720255
0.07142321
1.0600308
3.0396333
1.5138584
0.98426837
-1.9827014
-0.058662653
1.1619937
-4.165634
-0.4389765
-0.84280443
0.7200512
3.158006
-0.0040419362
0.3217322
2.9818923
0.47608194
4.288754
2.8777301
-0.5453848
1.162149
-0.8021344
0.60851026
0.914031
1.4409847
4.2258573
-0.61108935
-0.54835355
0.658057
-1.6028569
0.63603115
-1.6610337
1.7942163
0.3671578
-1.2391684
-0.4530269
-0.11650955
-2.4379818
1.1730788
-3.6409223
-2.8972435
-2.0667768
-3.237037
-3.0086677
1.3275415
-2.3601878
-1.7395852
-1.3884839
1.1935213
-0.85810536
-3.0507016
-0.4445578
1.8624214
2.3196964
2.5599132
-1.2845361
0.027699776
-2.4976494
0.9839195
0.04234762
-0.7369123
-0.84349066
-2.9982562
4.2960267
2.3603473
-3.5040288
-1.9076163
-3.5257163
1.7357485
-4.402022
3.788825
0.7644889
0.5706301
0.6898181
-0.7936615
1.9367235
-4.370441
-0.03954336
-0.74217784
0.0716087
-1.2635913
0.7105259
1.4622293
2.2483752
-0.45516714
-0.3072574
-4.3130274
3.165285
-4.088501
-0.9787489
0.76934093
-0.41791424
2.0853028
4.130419
-1.088195
0.19458315
1.5316232
-3.9012737
-1.0710418
1.4700191
3.1834605
0.97499114
1.4886537
-0.46547568
0.37445998
0.0028743632
0.27497363
-0.6071032
0.73028034
0.83415604
2.103863
-1.6762298
0.33149585
1.6537323
0.46355808
1.1084112
-1.4891465
-0.33930954
-1.1226653
-0.2162416
0.9393201
2.4035025
0.31566864
-0.68670344
-0.6399989
2.6950967
0.16757444
3.5562923
0.6133241
-0.43591213
-3.046953
-1.139375
0.20504227
-2.0464752
-1.2388374
-0.93283916
-0.7133163
-0.19950378
0.73596984
-0.5331059
-1.0837089
-2.4237678
-2.6623058
-0.4461685
1.390344
-2.145101
1.1241591
-1.2838134
-3.3370762
0.0030692667
-2.2458882
-0.3289693
0.900127
0.7232844
-1.3298053
-0.77672
-2.284655
1.6240249
-0.7093179
-0.21053064
-0.70524997
-2.871677
1.0254558
1.0502605
0.25818402
0.70831484
0.9640467
-0.85495615
-1.4489671
2.421672
1.4949105
-1.2153904
-1.5416687
-1.5573254
-1.8124485
-2.214324
-1.2576541
-0.8347101
1.8405777
-0.71530336
0.58713484
2.8202744
0.616533
2.2122746
0.26371205
-1.4475048
-0.50088507
0.78136414
1.1861418
0.9160379
3.3355093
-0.0064869486
0.6850385
1.6098005
1.5400151
1.2390366
3.1248064
-1.9985573
4.2162933
-0.63901985
1.8464899
-1.3214668
0.8296598
0.22874121
3.6457345
0.10967314
-0.704778
3.8940527
1.7779113
2.9845695
-1.162194
-2.2035117
1.5212249
1.0801281
-1.3196093
-0.017501436
-0.15679443
2.3643982
-2.1568909
0.66498506
-2.4654255
-0.36414233
-1.6829946
-2.3742845
1.3861972
1.9848738
1.5136809
-2.4622426
-0.4604478
-0.0839152
0.47708762
-0.17642182
-1.7939273
0.9823145
-0.5313466
0.20453304
0.09467991
1.6736274
1.2982473
-2.406624
-0.71642745
0.4327303
-3.6419759
0.5695006
-3.674687
1.3364434
-1.7045462
-4.451829
-2.3078074
0.2667525
-2.0808263
1.1253557
0.7677134
2.1061146
-1.1459146
-1.6789627
0.10751864
3.5600948
1.0536216
-1.5967157
-0.15331566
-1.1206777
5.1290236
0.32115632
-1.1385275
0.87594426
1.0288141
0.26207846
-4.023581
-1.3369454
0.21963191
1.42473
3.645897
-1.0717952
-1.3411858
-1.2191728
2.5515883
1.1444538
-0.45579666
3.1960425
1.0843468
1.4752845
3.5001884
-3.043254
1.0146453
1.9917195
-2.6462119
-0.8217632
-0.32019317
0.5165208
-0.5126894
0.2512772
0.6729152
1.3312781
0.5355604
1.7996204
0.5898701
-2.3273199
-0.38222557
0.764595
0.0909562
2.3375857
0.39671862
-2.1059015
2.177647
-0.9628884
0.8935598
0.5308846
0.05993539
-0.26434213
1.5024647
-0.49051297
0.7552394
2.0056317
0.3619269
-0.5870684
-0.9414412
0.7222442
0.77559054
0.22577517
-3.1814291
-0.6396545
3.0290327
2.8040218
5.6523776
1.708121
1.0735236
-1.4290531
0.31889004
0.19175053
-0.094299294
-1.87708
-1.239147
4.6447697
-0.9744075
1.4195328
0.09616461
-0.8178187
1.4434854
-0.9444936
-0.45127767
1.444007
0.97750133
-2.1459696
-0.85316026
-1.8248963
1.3308271
-1.7170719
4.3997846
0.9401688
0.69985765
-1.3228836
-0.5679245
0.8518333
-0.038390886
0.96587896
-1.9555348
2.2405324
0.41133994
-3.9461656
-2.5620608
0.9549237
2.8814275
-1.0418125
0.42239663
0.014507279
2.0474455
-1.255283
0.97675735
-3.720332
-0.98251593
0.60618037
0.5218926
-0.2997156
1.3852347
0.421207
1.0932913
0.2541288
-0.5940746
3.4221444
-0.8689269
-1.4256985
-2.376216
0.7998649
-0.21101013
-0.38835964
0.5253401
2.6889107
-0.30809358
1.22512
0.9229398
-3.5195296
-2.1562562
-2.3441048
-0.09609082
-0.49560714
-3.2228026
-2.1610856
-0.15984398
-0.5376806
-0.2865134
-0.6785994
-0.6349514
2.01226
-0.9283278
-0.28250396
-1.4637709
-0.9248712
-2.1644063
3.5530107
-0.016430624
-1.5091043
2.02726
0.07640226
-0.94638735
-1.015387
0.27895084
-2.147651
-3.4165602
2.8618207
2.231273
1.0922483
1.0290543
-1.3539956
-0.40035725
0.7481612
-0.27722782
0.8948977
1.6479259
-4.7394633
1.2370405
5.335174
2.1672065
-0.8134257
0.06971597
0.67811537
3.3077145
2.3438945
3.091858
-4.7018757
1.0700871
-0.3408285
0.65218663
1.6436356
2.2514548
-0.67348003
-1.1022877
-1.2569902
0.5023933
2.3873947
-0.092645325
-0.022888053
0.33055496
-3.0349073
0.16915892
5.0568495
1.369234
-2.0224907
1.3126146
-5.0901227
0.00004184246
-3.6245227
-1.6928345
0.518137
2.3230736
0.4479689
-3.1083207
0.86762035
-1.4148881
1.4386195
1.7465967
-0.02281167
-0.9440583
0.60845166
0.49736553
2.4050634
-0.043014087
-1.2213658
4.9153323
0.8058404
0.009977382
-0.13926476
-0.48415488
0.0688565
-3.3865607
1.4420679
1.3803128
-0.09761795
0.021704406
-0.9785723
0.21477814
0.2958589
0.051539578
0.016359702
0.23846479
-0.8043225
-0.53039837
-3.318987
0.24960911
0.41806006
0.52249324
1.990755
-0.39943406
2.8283446
1.4171174
-2.5163803
-0.36249238
-2.1097324
-3.5949144
0.31683537
0.42020816
-1.5882983
-0.70432746
-1.6211485
0.5016757
-2.1563015
-1.9962002
-1.836465
-0.07909924
-1.4443985
-0.36318642
-2.1084356
-1.0109295
0.46064723
2.5305912
1.3652613
-0.36588824
-1.240597
2.041243
0.29327193
0.16515067
2.7857225
3.7396896
0.27052993
-1.1459861
-0.2990502
2.2202203
-4.0833206
1.2635176
-3.724728
-0.031441018
1.3705575
-2.6838062
0.51173365
-2.6645253
-1.1025232
-0.6126714
3.4458246
1.6268816
-0.8544372
1.839091
-0.7584461
-1.2005517
-2.399741
1.1954286
0.9395245
-1.0135387
-1.9077594
1.8759665
2.4007227
-2.7491875
-1.0469925
-1.6770641
0.03160937
0.15696505
3.4482758
0.576883
1.8924537
-0.28465933
0.49645936
1.349715
-2.6215343
-1.6037606
-2.5808036
1.9934351
-4.582056
-1.1573703
-2.8830137
-2.895366
-0.38534504
-3.4508584
-0.6757562
-0.74906886
-2.730031
-1.3950571
0.03001444
2.488136
-0.47344598
-1.3554776
1.3006911
5.6065
3.408496
0.949267
1.1057893
-0.59724885
0.27602428
-1.0964512
-0.5792178
-1.117755
3.3084655
-0.49444756
2.6282988
0.3588218
-0.1801736
-0.6945781
-0.200322
2.0195274
0.28801218
2.521995
-1.5205433
-0.0013301894
-3.3397505
0.39461094
2.3628352
0.3862042
3.676641
1.2331395
-0.32963294
-2.768161
-0.00795956
-1.583722
-2.942017
0.5562289
0.18340644
-0.15872651
3.5388632
0.3881019
2.2648797
4.173782
2.1630864
-2.6730962
2.8364835
-0.44681337
1.5917464
0.00044120103
-2.6864164
0.89991325
1.1150334
0.1015103
-1.2899618
4.2188973
1.7271391
2.5697906
2.8724992
0.1605719
-1.7176006
4.0062337
1.8064766
3.3034148
0.3606899
-0.021250814
-1.9707911
-0.89707357
-3.8192234
-1.4141567
0.0082967505
-0.00040608644
-0.24106225
-0.9937717
-1.7013538
-0.9767775
-1.5915412
3.7645621
-1.8232483
2.9051044
0.072632335
1.2508576
0.851749
-1.7829548
-1.1159803
3.892043
3.4016194
-0.591352
-0.53394425
0.8255866
0.41537493
0.10255021
0.37305483
1.0724998
-2.2337148
-0.3955293
-0.6816091
-1.5691134
-0.97721756
-0.096839525
-0.818247
-0.9636938
-1.2501265
-0.5325524
-0.025200404
-1.9681547
-1.8441129
-0.5374881
5.3037043
-1.2481872
1.4005961
-1.735611
1.5226513
-1.4838034
-0.54452163
1.3961774
-1.1889273
-3.9807448
0.057714872
2.3192925
-1.2605121
-0.71793747
1.1128707
-2.5958183
-0.5524439
1.1535144
-0.09988336
-0.42237562
-2.9872923
-1.2274358
0.4682362
-0.69854677
-1.1567419
2.2013206
0.9010693
-1.6502435
1.2661558
1.9674301
0.92009795
-0.7940563
-1.3241494
-1.7853345
0.98708457
3.088692
-3.670147
-0.77788365
-2.0118537
-0.12082975
-0.5540723
0.18853244
-1.6960448
-1.1043084
1.8424168
-2.2472794
1.7314167
0.8787092
1.3693533
1.524256
-0.7389626
-1.4721035
1.8396664
-0.058029026
2.7082598
3.554439
2.0898678
-0.5149987
2.2984288
0.39964533
0.55687964
-1.1461433
-0.14578289
1.0209306
-5.519787
1.15281
-2.293682
4.632863
3.5615234
-0.40793934
-0.6434037
2.7538605
2.6119566
-0.4243772
0.8730896
0.7441345
-0.7416184
-0.14543718
-1.0290971
-1.6858726
1.1439335
4.945925
-2.910692
-0.19989958
1.7473388
1.8059127
0.24125364
3.681839
-0.22748227
-2.306207
1.6215067
-2.534442
-2.1324387
-0.9585569
-2.907288
-0.6463329
1.0459988
2.1651728
1.2583194
-3.9969895
-2.9523118
-0.07394324
-1.5969613
0.69839084
0.2853909
1.5949801
-0.86599106
-1.013212
-1.2399974
0.8975823
1.8771703
0.6943339
-2.4792826
-0.5687438
0.8914716
-0.19965461
-0.59751356
-2.796653
-1.7358699
3.3352582
-0.36311048
-4.5091314
-0.20017192
1.7310008
0.8155203
0.17482445
0.8300259
-0.9145977
-2.6437309
0.57833135
1.3663725
1.8284125
-1.661268
-3.7866638
-0.073059045
3.5155578
-0.3078327
-4.252269
0.27026665
-1.7566916
-1.1377412
0.37174085
0.41402894
-0.18288577
2.3742168
-0.7286452
-0.74528587
-2.1500645
-1.3313377
1.647679
2.381074
2.6713936
3.2947674
0.654392
2.1162627
-3.4359488
1.3374912
-3.6002426
1.2477493
1.2701299
-2.3501039
-0.05786962
1.8186496
-1.9179121
0.5452834
1.0922959
-0.61021185
-0.5486002
-0.174912
-0.54963124
-1.0909693
0.22149329
2.8136644
-3.7801688
-3.1537867
2.0053267
-0.08516656
-1.0374204
0.86679316
-1.3337528
1.838286
-1.0765744
-2.7099879
0.34011695
-1.3800932
0.9208849
0.18377769
1.6042199
2.2177577
-4.172597
-3.638714
-1.9806622
-1.6795967
-0.7196057
1.6576415
-5.7073693
-1.2949625
0.94296384
1.8745909
2.682665
2.006977
-3.0605197
0.8922962
0.6227619
-3.2673533
0.074771866
-0.19200912
0.14671145
-2.3885827
-3.80988
2.2735393
-1.265975
1.235924
-2.266417
0.9897231
-0.023462974
2.495483
-2.9544106
-2.0554974
-2.4572818
-2.744827
3.176138
4.6649303
-2.0017772
-1.9505892
1.1383051
1.0839806
-3.3752522
-3.1764214
-1.070731
-0.3493524
-2.1965737
-2.4673893
-3.5874407
0.726831
-0.5527222
-0.3360451
-2.304996
-0.6608494
1.6436234
-0.37972367
1.3060106
0.6796187
-1.6756996
0.9815773
1.31309
0.533055
0.33360928
1.1222754
-1.9912432
-1.1640997
3.121468
-0.36572555
-2.2855399
1.103869
2.0655768
0.7546694
1.1653897
-0.6663896
0.88561237
-2.8124385
1.7219903
-2.8670187
-3.610366
0.19793245
-0.9731959
1.1364832
-4.3477035
0.8772314
-1.0878522
-2.0561724
2.117156
-2.2259917
-1.0645076
0.21790425
0.86834884
-2.0331163
-1.8963729
-2.7082894
-0.103474624
-0.038120665
0.30334198
3.2287729
-3.0169342
-2.74301
-1.5112704
-0.12231284
1.6560373
-0.81344056
0.9274889
-0.19500306
-0.49357155
2.186022
3.411304
1.8879825
1.6717213
0.43430611
1.1204497
-1.2166873
-1.1784075
2.593112
-1.2518448
-3.765175
1.4538705
1.9686112
3.655494
-0.34200233
-3.0224593
-1.3984209
2.6201818
-1.1281693
1.8259878
-0.56621164
1.1688185
-1.8551877
-0.36790553
-0.17776883
1.4799697
0.7817258
-0.07452594
2.200482
-0.79839265
-2.2568326
2.3020124
0.6827491
0.9324639
0.42591935
-3.4636889
1.8580862
-2.7252257
0.7932198
-4.093098
-0.4919382
-0.3090515
2.2573788
0.20667687
0.005459942
3.062656
0.1924968
1.2548246
3.5638714
1.4245179
0.6485851
-1.8948905
-1.1845455
0.9763997
-0.19694518
3.287371
-2.3345866
3.9249237
-0.17480348
-1.1299808
2.2878196
-2.9885569
1.3018152
-0.16916037
-1.0921766
-1.9474859
3.2643685
-1.6712332
2.1190827
1.9819765
-5.2570105
-0.061482757
-0.17727357
-1.9755082
6.1501265
-0.7251822
-0.9662925
-2.0651762
0.5048835
-4.3788705
-0.71477365
0.71445704
1.4023186
-1.7167015
-1.5269449
-0.1860804
-1.97775
-1.8402379
3.0797389
-1.026473
1.3013635
1.9126462
-0.6462746
-0.05891425
0.6496642
-1.9843998
-0.26883873
0.31328243
0.47306484
1.9924039
3.8289897
-3.0462353
-1.1192354
-3.235198
-0.9815408
0.41001463
4.4334116
-0.082842804
0.5387158
-2.0774279
1.0335162
-2.4679625
0.5161964
0.5628437
1.017363
-1.5178622
-2.7794082
-1.2984788
-1.7550014
-1.7793633
-0.5816718
0.6644678
-1.4020967
-0.74867564
1.2542915
1.6281265
-1.3764169
0.74193573
0.99741614
-0.72757363
-0.06630302
0.8018952
-2.897403
3.5518987
1.2963976
-1.2931377
-3.3000264
1.1610959
-1.9854841
0.27167472
-1.2073749
2.7851117
-0.26524472
-0.3649532
-1.8268291
-1.9190955
-2.4593003
1.6628399
-1.5130383
1.3214892
-0.24248452
1.61495
-2.3020325
-0.04484162
-2.6946092
-0.9814284
-0.67357504
-0.72995526
-3.3420267
0.88263685
1.4388621
3.3629813
1.3210163
-1.9933853
2.368838
-1.4577092
0.61985207
-1.7542849
2.32955
-0.9123942
3.8909397
-1.082831
-1.9216264
0.83059424
-2.232933
0.6363042
-2.4896526
2.5745976
2.0143147
-0.8810666
-1.55003
-0.55226684
-0.2995274
0.66886985
3.2898703
-0.35808247
-0.30356276
-0.0506144
1.1249282
-4.2900777
0.83683246
0.21962462
1.5678943
0.17635798
-3.4611363
-0.39188984
-0.11294476
0.044424653
2.3618038
1.9709136
2.5594244
1.73358
-1.233428
1.3508698
1.7951063
-0.0953939
0.71199185
-1.59166
3.1530273
-1.658258
-2.45282
2.7086456
-3.0137043
2.2599146
0.028362848
-0.26767975
-0.30551013
0.47233897
3.160419
4.608148
-3.6875808
0.36908367
-0.53057116
-3.0758572
-2.9784253
0.4417122
1.231761
2.3581603
-2.2802444
1.8345659
-1.9347169
1.2724165
0.44740275
2.4876816
-3.9558697
-2.3143644
-1.4070389
-1.7433048
3.6963103
-0.02076672
-1.2860005
-2.2147067
-0.68321586
-0.12136887
-0.5914835
1.1778302
0.12533987
0.85603017
0.52945805
-2.7446508
-0.1720263
-0.62475765
0.41268027
-0.7214838
2.4393427
-1.287525
0.10346894
-1.8432419
-1.2156665
-0.99619937
-0.010836929
-1.460285
2.773419
-2.2296398
3.6300302
-2.1049178
1.0223131
1.3161552
1.975647
0.3683714
2.0292802
-0.8602307
0.26309305
0.64350367
0.9872194
-1.1583534
-2.1598015
-0.8594653
0.6261971
1.5372655
-1.0164798
1.9340022
-1.051187
-1.4381038
-1.9809349
-1.7679527
0.99580914
-4.3118196
0.73509693
0.77972585
-0.37023407
-0.015202105
-0.32587817
-1.3731108
3.3499236
-0.44616315
-1.1982492
0.17480507
-1.3144717
4.0835023
3.429043
0.0712468
2.598162
0.34359813
0.16725892
-1.0895981
0.09013019
1.7701445
-1.716008
0.6173127
0.12144965
-2.8804126
-1.08072
-0.0009738058
-1.6991189
-1.4669154
-3.060041
-0.81550044
-1.6539198
-2.2808607
0.16187723
3.2390192
-1.6212832
5.5930514
1.0848126
-1.1995558
2.659021
2.3558145
-0.3328326
-2.6060288
0.24185055
-1.7573653
2.7094102
-0.8816142
2.317875
-2.2499945
1.9419777
-2.0769174
-0.6344324
-1.976216
1.0436734
0.57952666
-1.890999
-1.7864772
1.6330674
1.1980953
-0.860276
-1.555239
0.91595376
2.5933459
-0.031049803
4.906651
2.1125069
0.8977627
-1.3775315
3.1316519
-2.3843026
-2.581016
-0.66914296
-1.3293775
-0.81722355
0.43872795
-3.4563923
0.48452908
1.0950576
-1.8117671
-1.7265178
0.47398776
-3.3053844
0.7612127
1.1996354
0.2010349
-2.1690614
-0.8016937
1.4825379
1.0013301
1.0186868
1.334635
-0.14537698
-1.1288279
1.046929
1.0408039
1.8852081
-2.7125332
-2.4373066
-0.27719823
5.0114307
3.351489
-0.28740263
-0.99588704
2.5842729
0.89762384
-2.4208097
-1.1251472
0.14270143
0.75988847
1.2226518
-0.8851642
0.9412502
1.8841459
-4.149089
-0.8851219
1.657891
3.7606144
-0.51351
-0.2650212
3.4841566
-0.26961988
-4.982857
0.04916352
0.78030044
-1.8440564
1.1953197
-0.81814706
1.8872247
-2.2499292
-0.11498449
-2.2218254
1.0812199
3.060931
-2.0037417
-0.5246131
-4.015315
-3.4374418
-3.7358673
0.60458183
-0.23888528
-0.75271827
4.3734436
2.268666
1.81888
2.6214812
1.5016284
2.0650232
2.5074046
1.3794147
2.3875723
1.2828151
0.27448955
2.672421
-1.943726
-1.986826
1.3247305
0.00225088
0.934216
-1.8526974
0.18380168
-1.522123
1.8942243
4.028212
-0.013824545
-1.9883692
2.055452
1.1823637
2.1181035
-0.960251
-1.3473693
-0.27590442
2.1257975
-2.0526114
1.1805274
-2.665908
-0.8803268
-0.015401047
1.8096447
-0.60472625
2.6922452
2.488747
1.7892479
-0.2858951
-3.284106
0.627539
0.9840163
1.5929643
0.84541786
-0.82762766
-1.6888928
-4.215924
2.2150347
1.3698603
1.6997856
-1.6028482
-1.4221257
-1.1537385
0.8939366
3.907483
-0.04331311
-2.6432228
0.5626792
2.1039202
1.53401
0.52330345
0.041177146
2.9428544
0.5680826
-0.04925885
0.45442224
-0.83885705
-2.3770182
-1.6030582
0.45135
5.9350195
1.8831724
-0.5161264
0.36385024
0.520727
2.872891
-1.2568369
2.0874257
-4.221433
0.46748513
0.5938193
0.36357623
-0.67980486
-1.7876384
3.9417481
-0.059542727
-1.4011384
1.2420427
1.1096263
2.4367774
-3.9432383
0.7366623
0.53389174
0.031787094
-0.41945082
1.9315262
-1.9755456
-1.5117221
0.8524479
-0.17338555
2.682385
1.3001257
0.48985296
-0.12887457
3.9095666
1.5607772
0.85487276
2.6939802
-1.5550834
0.85202664
-0.6052629
1.8811162
-0.64768124
-4.7320576
-3.0946002
2.9261
1.2082793
1.3856428
-2.9199831
1.5217184
-2.389669
1.1331885
1.4208628
-4.8402166
0.15367614
-1.4033358
-1.9145601
1.461788
-1.448366
-1.5185525
1.5665522
0.07129831
0.2874046
-0.24813509
0.71571344
1.046504
2.7558792
-2.116241
-1.6673881
-2.655681
-2.316901
0.042401724
1.1737882
2.4203362
-0.19911872
-0.59503573
1.8927261
2.106712
1.3682361
-0.7417691
2.8930087
1.9647335
1.5485203
-2.9457605
2.0715055
-0.0034341887
-3.7011054
-0.64312595
1.3516283
-1.6714324
0.9384409
-1.1648046
-1.8117827
1.6647741
1.6975077
0.6404252
-0.5426339
-4.001021
1.6358701
-1.0956298
-0.8480877
-0.9945079
1.8161973
-0.3283194
-2.7909174
-1.1293601
2.2744021
-1.7018827
-4.4464903
3.0676062
0.5652857
-0.9703607
1.0211561
-0.326658
-2.1226625
-4.9899173
-0.34191412
1.9443085
0.6830096
0.85409653
-1.7054667
-1.9307694
-0.96468514
0.5289086
0.13938545
-1.5359949
0.1329256
-4.8424654
-1.3752403
-1.653787
-4.3323865
-1.149654
2.535136
0.48691472
-2.1223192
1.0977193
-1.9603359
0.86047685
2.3437872
-2.9910383
1.07342
4.7546186
1.0361339
-2.0594673
1.8874617
-0.17869997
0.07566211
0.020160228
0.2798893
-2.7506704
-3.1790617
1.1977714
2.195034
1.0149181
-0.07454043
-2.7676284
-4.087848
0.59581536
-1.6394489
-1.8594767
4.394776
0.799527
-0.92632276
0.07283354
-3.8075142
-0.45327377
0.45936653
2.9654646
2.376798
-0.32445633
-0.047749348
-5.730944
-2.384133
-2.3311436
0.9373284
-0.40510026
0.7350779
-1.1193781
-1.1750331
-0.7352049
-2.9048371
0.7953285
-0.64988977
2.7293055
1.3770175
1.6985235
-0.40559316
1.7138734
-0.6192829
3.1057932
0.99429864
-0.38547525
1.4527816
-3.0030732
2.9188938
-1.3081133
3.0449295
-1.8912655
-0.83659995
-2.3284223
1.1590515
1.6571637
2.0624893
-1.1247944
-3.3085427
3.1752653
-1.3969249
2.4510574
2.0409875
1.8140955
0.70913106
-1.6094627
-2.0767844
-1.0999959
-0.9013183
-0.7096189
-0.27339998
2.0857499
3.7310734
0.20153421
2.329967
-1.9593674
-2.3805077
0.6806591
0.71845645
-0.115137614
-0.519367
0.4430422
-0.072000675
-1.1769975
-1.5964557
-0.93197906
-2.5336487
1.4131786
-1.8723426
0.7402171
1.0111755
0.91652465
1.4161798
-3.2679095
-1.1675066
0.39141667
-2.6697903
-1.3340394
1.9217374
-2.1967213
2.907471
-2.7098339
-0.76772064
-2.4765148
0.4432187
3.7440891
0.85158306
-0.95774066
-1.3591455
2.541077
-1.4696249
-2.5553408
3.173961
-1.1885563
-0.6780621
-0.32605737
2.9906266
1.2174671
0.9045301
0.1374656
-0.45779526
-2.3110688
0.68044317
-3.0415432
-0.71493775
-1.2608552
-0.7219002
0.7096526
-1.5172623
1.6646907
-4.0514717
0.2424935
2.4939158
-0.41280493
-4.560966
-0.32960263
-0.10747162
1.8951402
-2.3722618
-0.13608202
-0.802218
-2.1476486
-0.5046672
-1.6685777
0.6577829
1.4928244
1.2964664
2.2179594
-1.376701
1.2420818
4.8115563
1.5628406
0.366827
5.3189826
-2.5794718
-1.22059
3.2988563
1.1818218
0.88748205
2.6033382
0.79657775
-1.1352538
2.7999687
-0.34787413
1.5420955
1.0195037
-0.3942135
-0.9802909
-0.77493477
-3.1539476
0.49508786
-0.27746654
2.5413177
-0.65986925
-0.6266646
1.7673303
0.8751801
-0.16968066
-1.37181
-0.39282712
-2.4313989
1.7032213
0.4038435
1.9262613
2.1702104
2.5196617
-3.4435687
4.234067
1.5056629
-0.59979534
0.61368275
1.192927
0.13477334
0.39410084
-2.828883
-1.0069206
0.6705913
0.3269077
-3.3958945
-1.2054602
-0.11743983
-2.7035048
0.12982902
3.668224
5.0127683
-0.10149144
-1.9287531
-0.954021
2.1949625
1.0881494
-0.48720497
-0.8564084
-1.8105242
-1.4345938
1.9745072
-1.7979614
-0.12786949
-0.0945331
-0.13170546
1.6882349
0.5545582
2.7804718
0.30857185
-1.6406647
1.950386
1.5002614
-0.28684518
-1.1755607
0.89437383
0.24870566
1.1334887
-0.9297267
1.53312
1.634233
-0.6340355
-3.2555337
0.5489964
-0.5600817
0.66214144
-2.1919723
-1.0605367
0.880057
-0.16771922
0.3164147
1.454833
-1.0430616
-2.6855583
-1.3942764
0.85490644
-5.148098
-0.9171971
-0.62041014
0.8962163
-1.0451255
-0.16970053
-4.7730374
-1.7160095
1.7459898
-0.31851822
-1.3982025
2.7624924
-0.54800975
-1.5011245
-0.8897989
0.24598987
-1.4996978
-3.1159205
-1.0915754
2.1370053
1.9150437
0.34592935
-0.7349307
3.2075698
0.26863334
3.9443946
0.23822668
-0.8355767
1.028169
2.3324044
-0.7419333
0.32845885
2.7269948
2.5411992
3.4569924
0.3720094
3.9226143
-1.6687258
1.04966
0.8288696
1.007495
-0.16579065
1.0646079
-1.2725815
0.6441245
1.2525407
0.69061846
-2.147595
-1.7830969
-2.2323155
-2.0356834
1.3175758
-2.0923417
0.92297375
-0.15892327
1.0903498
-0.9438054
1.3670825
-2.3899114
3.9171796
-3.3957756
-0.9001917
0.004070401
-3.221056
0.42862868
1.7699053
2.4875748
-1.9964848
2.8198352
-2.4003186
0.019909807
-1.2388291
1.4474171
-1.3928913
0.8192972
-0.57744867
3.379523
-1.5331526
-0.23803437
-0.108098656
-0.15523136
1.2609962
0.5272081
2.5413764
-1.6686056
-0.6001526
-2.02744
-0.41147003
0.6407789
0.18964751
-0.2574329
1.6678038
-1.0837425
3.0874953
-2.166054
-0.21052593
-1.8630136
1.0543872
0.32246077
-0.15822351
0.28215826
0.99963295
0.9825667
1.5244682
1.8221369
-0.8212611
0.7158491
1.2011508
-2.6058416
2.5585153
0.24942109
1.2309974
-1.1172079
-5.574609
0.647731
-1.9975699
1.9120456
4.0423584
3.2033267
0.72385377
-0.7630565
-0.13647185
3.1452408
3.9336717
-3.0569494
0.376737
-0.09600136
-0.47891518
-1.4736154
2.4085588
-1.2919744
-0.5612406
2.0814178
3.4018354
2.9487643
-0.3737517
-3.7061741
1.9129032
-2.5681324
0.18813536
3.6598198
-3.4417634
1.9897723
1.6374525
0.48531637
-2.3565054
-2.0593739
1.1210723
-2.155206
-3.728649
2.3023598
-3.9700742
0.5756827
0.99814266
-3.2073276
3.649559
-1.9941157
1.6605501
2.9074378
-0.9103103
1.7380512
-0.27057546
1.5182049
-4.0060167
-3.8427436
-3.827891
4.6671805
-0.51968247
1.8752284
0.68454564
3.669404
1.9905326
0.33579358
-2.3419507
2.8392205
-1.6211684
-1.969328
-0.6880329
-0.9360447
-0.2673627
3.042677
0.34805238
-1.5971779
-0.6988596
0.51035464
-0.91065234
-0.5737588
3.5092554
0.2642321
0.9834486
3.216952
-1.3958287
-0.91473025
-0.7120003
0.15083383
3.682129
1.2683305
0.30301398
1.7778445
-2.2339175
-0.058449738
2.3560133
-3.9657118
-1.514062
-2.9203322
1.0684744
0.98475075
-6.0364804
-1.9339231
1.5535102
1.3858991
1.1794621
-0.17941245
2.642508
1.333959
0.004959196
-1.2645413
0.020568572
2.2229
0.6677712
3.8861754
0.23841536
7.213859
-3.126673
1.214256
-0.114418745
-1.9467156
-0.34693548
2.194253
-0.07498048
-2.538723
0.28529537
1.9630263
-2.5442536
0.5106241
-3.902456
0.2919359
2.5934255
-2.5669467
1.2859744
1.0556576
-1.9639722
3.1199784
1.2678409
0.34438533
-1.7825882
2.8907385
-0.18361706
1.3437519
2.9186163
1.5601405
-1.9598491
0.28139055
-0.5894003
-2.5982718
1.832858
1.6456577
-3.863871
0.10972853
-1.693202
-3.822441
-2.1587105
1.6587574
0.7341003
-2.2319286
3.926165
-0.094400756
-0.64423347
2.2924178
0.7307805
3.080405
2.1109874
0.35841775
-1.0200875
-1.4367205
-2.871484
0.30968347
-1.1665719
-0.9308289
-0.67936563
-0.76576996
0.9338779
1.1837058
1.8194209
0.9438648
1.1868061
2.1576967
-0.6840594
-0.054769717
1.3763365
0.35424376
-2.7929223
2.8516266
1.602078
4.144284
2.3699234
3.2844987
-1.5078994
-1.4092745
-0.002783019
-0.21558079
-0.35826218
-3.3715448
0.8538773
-0.4692263
5.036765
-0.22288293
-1.6137042
0.8235833
-2.2317483
-0.3418271
1.6648065
1.1631104
-2.0621803
2.3272214
0.963175
2.4872842
-5.0916266
-1.8175852
-3.5079823
-2.2661502
-1.8340843
-0.21738082
4.1557837
-0.95981306
0.5481362
0.259951
-2.983537
0.68550897
0.008164838
-0.5304906
2.6554787
0.7256958
-1.1163912
0.92599756
0.64779943
-1.753377
1.8191155
-0.6427143
0.23680463
1.9284011
-0.40961665
-0.06423583
0.4685905
2.5329509
0.961101
-4.499176
0.030277189
-1.6400435
2.3968797
-4.252145
-1.8869011
-1.418709
0.11225495
0.12928282
0.014415532
0.2880032
-1.6877086
-2.3254914
4.53925
-1.7865716
0.94890237
0.8956579
0.29273748
0.55603254
0.6381969
-0.70098203
1.9204632
-2.9593005
0.9779753
-0.90529364
-2.4915075
2.330051
4.1331053
-1.7252984
1.9270717
1.4164467
0.72686166
2.5546691
-0.3889014
0.47945827
-0.39502645
-0.53734785
0.57741433
-1.9599832
-4.0776076
-2.4978416
4.362738
3.6753619
-3.607135
-0.46323514
0.60466725
-2.3034399
-1.3483008
1.6668701
-3.1591709
-3.001381
1.7115673
-1.2180374
-1.0488018
-1.3513228
3.8163354
-0.23104624
-1.8152691
1.2731066
1.5209705
0.040384125
1.1858548
2.6464152
1.0752335
-3.0187852
1.0282775
-1.4842165
2.1464672
2.249646
0.35364562
1.3610244
1.4390142
0.12772757
-2.6376736
2.0185945
1.5378541
1.4570715
-0.6557782
1.4254984
0.17492259
0.35527378
-0.6759609
-4.3774977
-0.21666932
0.18751064
-0.8610949
0.5433776
3.679532
-0.5268295
0.8575068
-2.6945853
-0.8392401
-0.12701818
1.3892988
-1.3239633
-1.8117092
1.3889254
-0.5044513
0.1299502
-1.7343296
-2.7668395
0.61877424
-0.738559
0.053704955
1.8032861
0.42554298
1.1988081
0.22880492
0.28878307
-0.24516943
-1.2366707
0.21372572
0.29361528
-1.3095268
0.6679827
1.0869381
-0.57221204
-2.1267319
0.05251795
1.958173
-1.3911314
-0.68110853
-4.9818563
-1.8937522
0.8327605
3.6078258
0.12949282
-3.591048
-1.6359837
1.8247337
-1.108746
0.16259462
0.40694448
2.6911893
1.6222297
-0.15729803
-1.4226698
2.561964
-0.37975517
-1.4095737
-0.5247871
-2.4747274
0.1036494
0.4329288
-2.677855
-4.015528
-1.9311409
2.1924267
-0.2783298
-0.8988763
-2.9119766
3.5285523
-2.9336748
-2.7835064
1.4960412
-3.0558252
-3.2444587
-0.010826908
1.4912646
-2.397065
0.21141398
-0.36364475
-1.337336
0.68288726
1.8487221
1.2206165
-1.1011335
0.5756356
-4.2199764
0.5882059
-0.5472242
-1.3310289
-1.0142289
0.33266455
0.83653164
2.4559946
-3.6188536
1.0726736
-3.7914476
-2.1094172
1.4889098
2.134749
1.128151
1.3354074
-2.3104482
1.3751105
-0.19728285
-2.1729236
-1.0801182
0.19155994
1.3370482
-2.9084253
-0.15039197
-1.3943744
2.7120242
1.2133052
-2.469668
1.7027186
0.339001
-0.05448456
0.6424312
1.7249745
-0.19889522
-3.344869
-1.4547228
0.13646066
2.698551
-0.6477676
3.6036181
-1.5499567
-1.6662668
-3.4977229
2.3567286
1.4479123
-5.8355184
-0.7529697
-1.2867553
0.87992895
-2.388277
0.9282935
-3.5751202
1.083817
-1.4799099
-1.05134
2.846839
3.5419827
0.87371385
0.5230822
1.8036704
5.966005
-0.549968
-1.9852257
1.2985512
3.3972764
2.3299606
-1.6269687
1.6747224
5.517997
-2.6985905
0.058169454
-0.57375
-0.22479555
2.4983857
-0.35926723
-1.6000053
-0.040253103
-1.6428115
-1.8069184
5.088016
2.8320758
-2.1504738
0.07026783
-0.86434036
-1.9789636
2.647435
0.29096642
-0.44325835
1.3614691
-0.039694835
3.717547
1.4243077
2.0439372
0.2654433
-0.026989236
0.25365564
2.5366392
1.1198162
-2.408257
-0.38709912
-3.3973587
0.5987491
5.1278577
-2.6657245
-0.36378846
-0.9209192
-0.39578894
-0.35423422
-0.8986244
1.4707167
0.40698025
0.009128772
-1.0837781
-1.6755588
-2.0899289
0.42482573
0.74680865
-3.0590467
1.0611982
-0.15379494
2.1139174
-3.098543
-1.7043737
0.73150444
1.286808
0.75812364
-4.0955563
3.1755798
3.6034791
0.49114874
0.14039108
-2.9165113
0.64112103
-2.8602872
3.9075947
2.590488
1.4268428
2.361724
2.0813627
1.5724627
0.086499006
0.87515646
2.329391
-0.5912788
-0.29660428
-0.7867272
5.868158
0.31574544
-1.4191207
-1.6850321
-0.9843446
0.0016042218
-0.9463438
-0.83816004
-2.166433
-0.5283006
-2.4178967
-0.4483612
-0.64411443
0.8859781
-1.1754822
-2.341919
-4.6469984
3.3681529
2.9650037
-0.8618533
1.1736581
0.67961925
1.9283401
0.117306545
1.7342032
-2.0052238
1.0476234
0.8485688
-0.7907275
3.3456094
0.23740488
2.562746
-0.3252239
1.8249178
-0.9390042
-1.6267581
0.097456
-1.3421738
0.49703097
0.7850267
-1.640252
-0.65243846
-2.0227137
0.1937772
-0.21350452
2.7745833
1.3916076
-1.3594462
-1.3212274
0.61842597
-0.71314037
-0.45764542
2.613199
-0.6374456
-0.36334935
3.366931
4.0446
-1.9490126
-0.5118894
2.2902882
1.2943704
3.2757359
-2.6787274
-0.88774884
2.2094796
1.3193178
-1.5717667
-1.5931333
3.3914876
1.2254188
-1.9740008
-2.3642287
-1.2671758
-0.05262257
-2.499842
0.10087984
-0.106861494
-3.3381064
-1.668477
-2.3254147
-0.5145737
1.7376753
0.4506221
0.27951062
3.3832352
1.3704222
-0.33935982
-0.7936009
1.5923021
-1.8351058
-1.4106653
-1.5264829
-0.26823872
0.47437757
2.1967912
1.254719
-1.1076165
0.08574837
0.6384509
-4.071695
-1.289617
2.6390734
1.3689454
-0.93879366
0.077377684
-0.96385956
-1.1665016
-0.86146355
-1.3822743
0.3721522
-1.5390483
-0.3528198
-2.306538
1.0048203
1.4346496
-3.425145
-1.5207672
-4.037585
0.048123196
-0.6401343
4.2844024
-3.1563904
-2.3820643
1.8326654
-1.0026795
0.08495368
-1.4061257
-2.8392615
-0.37441316
0.37414622
2.0253992
-0.9078687
-1.9308643
-0.8586642
-1.0104256
0.8183156
1.0194032
-1.7539569
2.3864326
-1.2156463
2.0161343
-1.3972188
0.22251901
-1.2618814
-1.5050645
-0.94808674
-4.9787345
0.71930134
-0.39909565
0.9765414
-2.599
2.186978
-2.2013078
-2.7346997
-2.9060097
0.026241317
0.3322439
-0.6419215
-0.10714375
1.730805
-1.4114954
2.1042006
-0.4908647
1.5034906
1.6727036
0.585779
-1.7389274
1.4902909
-1.2010901
-2.5824072
-0.20007199
-1.4234512
2.436871
-1.505185
2.7702625
-0.61581
1.8172365
1.5248069
-2.2406073
1.9511393
-1.2247007
0.75601846
2.3770094
0.046981424
1.6003916
3.3285298
1.434057
1.7824488
0.21442825
-3.0648468
0.036371768
1.5194656
-1.532073
-0.31076837
-0.99519074
0.98756987
1.3707805
-0.18866009
2.0019536
1.0507772
4.754859
-2.6753008
1.6892378
2.9133406
-2.9950216
-2.9153204
0.5049458
2.0344808
-1.9912245
-0.9245838
-0.24064222
-2.2602751
-0.8242954
1.0517102
0.889075
-0.85034406
-0.81872684
-0.358147
-4.7735434
1.3155208
1.2991492
-2.1147742
1.0935069
0.96726936
4.4977818
0.86843413
-2.4232502
-4.680417
-1.9645953
-1.5451545
-3.8829916
-1.8510424
1.8900912
-1.9661078
-2.4176378
1.8220015
1.017505
-0.65635806
-2.613503
1.2843671
-0.052346993
2.3526928
-0.85926694
0.35861647
-0.2702404
1.2340637
-1.703502
-2.9589038
2.4921055
-0.81337893
-1.4345566
1.8630965
-3.9641278
-1.2715926
-1.0798889
2.7369587
1.6277512
-1.3494012
-0.6340667
-0.607844
3.1255376
1.8981936
-0.21063036
0.28771278
2.6329072
0.81494653
-2.047035
0.2826391
-2.549924
0.0622402
-1.811346
0.7126094
-0.38239372
0.12832579
0.31694132
-2.3329663
-1.276003
-2.0270524
1.029726
-2.282913
3.5366225
-0.0592575
0.38515145
-1.0312749
1.1111134
-1.1372101
2.243232
2.278571
0.34667945
-1.5349048
0.16119455
2.6275108
-1.5271788
-1.7650043
2.4398649
1.7457302
0.019753829
0.71626705
-2.4064739
0.4558088
-1.9366697
0.4693425
1.3040344
-4.413103
-1.2813513
3.6211798
2.4722118
-0.8214043
0.54385567
-1.0803825
2.233598
1.5338191
-2.918713
-1.5965139
-0.74164104
-3.9020271
1.1026455
-0.34514213
-0.8496584
0.36124483
2.7136662
1.7023727
-0.2802033
0.5386755
-1.1110533
0.63127816
1.9123503
0.6869623
0.44106853
2.5216725
-1.7788998
-1.5073253
0.6817073
1.8818419
-0.40369663
-0.47535893
-0.5236348
1.606697
0.39474925
-1.8689904
1.6194712
-0.38632357
-1.0845486
2.293354
1.787812
0.46141365
-1.1821555
-0.8592736
-0.46008572
0.21910302
-0.6582458
3.1077116
-1.5204176
1.9335873
0.39486864
-3.156927
2.378015
0.097235814
1.3069547
2.2078247
0.46941924
-1.0017222
-0.6514777
0.96463335
-0.6636079
2.9978008
-1.8124033
2.4878397
-1.7715799
-1.5372782
-0.04784423
-0.011053257
-0.49932843
-0.7370425
-0.315987
1.6149166
1.6033695
-0.46596858
1.6959492
-1.8750365
-1.7914213
-2.4924614
0.39829072
0.85676104
1.2554016
-2.0592628
-0.78814316
3.0701978
0.41192764
-0.777917
0.71056175
-2.820298
-0.54049
1.1951119
0.15640989
-0.6715342
-0.1292398
-1.6646347
-3.6370304
-0.77980316
0.334225
-1.7333276
2.1066787
1.7005641
-0.08202911
-1.1467476
0.9794219
0.615847
1.1626623
2.418126
-0.08546532
-2.5268376
1.2122844
1.1221256
0.11457773
3.8515012
-1.439408
-0.6245148
-4.001548
2.4765813
0.42956877
-2.8775432
-0.5743465
-0.87553287
0.35803607
2.648748
-3.618186
-1.0178188
-1.2012765
-1.433072
1.8257494
1.9679855
2.8243208
-2.6689093
-1.3945156
0.6162364
0.39989513
4.084134
-1.4809381
-1.9968578
-1.2147287
0.011676952
-2.066779
1.7815293
0.24129272
2.0498965
0.10827738
3.1126778
0.3171089
-1.1726257
0.778695
-0.8024658
-0.3126641
-1.8677918
0.7555671
-0.20126925
2.3882852
0.055851206
1.9054147
-3.2908237
-1.470695
0.20927131
-1.8424871
2.8108802
-0.35205698
4.924254
2.5787065
-1.4907011
1.843415
-1.9989842
-1.4567535
1.9919896
1.2515395
-0.5439149
1.4301559
0.8599776
1.1735145
1.1879671
0.6117484
-1.3188448
0.3245761
-4.4353237
2.5505257
-1.3190397
-0.72674227
-1.7362933
-2.0753098
2.8750248
1.8628494
-0.22788814
-0.3283528
2.8795953
0.5809977
-0.3172665
1.4282246
-1.1144106
0.1248285
-0.21147087
3.2772832
-0.66725075
-2.1472716
1.3292097
-1.3834369
-1.0020092
-2.393002
2.2006452
-1.8486812
0.9403633
0.58950007
-0.22055861
0.50465435
0.21257573
-1.9266584
0.65682364
-1.5322317
-4.8361087
-1.1594361
0.06116791
1.3235098
0.54016507
-1.945687
0.45772028
0.025376879
-2.204206
0.5904793
-2.5252666
0.4309403
-0.94549584
-0.9389852
-0.57535094
0.5804758
2.9807444
0.22926605
0.06490726
-0.1820661
-2.1623034
-0.20600854
2.3735833
-3.111251
2.7291014
-4.800015
0.14262655
-0.8973741
2.9538622
0.637217
-3.2811852
-0.43664953
0.9247564
0.53778535
-3.052442
-1.1786177
-1.254731
2.049575
1.3633122
0.6833561
1.5334153
2.4028292
1.6009645
-1.7081943
-2.8631272
0.5403089
1.2864075
-0.41738263
0.6274577
2.4421945
0.94279397
-0.6641703
-0.27277356
0.999437
0.8238636
1.4970814
-2.6971207
-4.609281
-0.7584265
1.6477165
1.7668684
0.65716314
-0.5045872
-2.9364622
-1.4324726
4.012964
0.0414391
0.56997794
4.1683426
0.28584093
1.1717868
3.3051248
-0.15759966
-3.3795843
0.13731319
-1.2765814
1.704486
2.4808846
4.1472435
-2.4900398
-1.4399925
0.41637307
-1.8998576
-1.7328653
1.6579183
-0.6168137
-4.02432
2.4782033
-0.5708682
-0.8815615
-1.0912392
-0.7822896
-0.6585192
-0.82626086
-2.8583233
-1.7781715
-1.4542294
2.3654377
0.5526569
2.6406202
-2.956341
0.09650994
0.4232521
-0.24056873
1.0027168
0.61715287
-0.14271778
-1.4451437
0.39147982
1.553656
3.500278
-0.64855456
1.403964
1.4178708
-3.4946156
-2.8515396
3.1514816
-0.21552569
-1.3022488
-0.03013723
0.10959053
-4.288355
-3.064865
-0.9011697
-3.2636566
-1.017638
-0.8052779
0.9202543
0.30078256
-1.1308966
1.1004767
4.353329
0.9806757
-0.27272454
-5.55406
-0.3561855
-0.12611154
0.88425285
0.83391047
0.40896395
-1.5009347
-1.887633
-0.12613896
-1.6329116
1.2326118
1.7879531
-1.2794337
-0.9786555
-0.8282732
-1.5055714
1.196958
0.12291594
1.3765491
1.9226673
1.0741488
2.062098
-2.8130064
0.402961
-0.56580883
-0.9795666
1.5686581
-1.0565289
-0.06291785
-3.803784
0.4391341
0.7093649
-0.5369667
-1.0786145
2.440348
0.8689129
2.7121396
0.21863942
-2.4574504
3.4486568
-0.51334244
-2.1438513
4.3243327
5.253579
-2.444979
0.3484392
4.6737876
0.1750002
1.7801837
0.73687893
-0.7767605
-3.209537
-2.804954
2.4580066
0.47994485
-1.6168436
-1.5137442
0.082140505
-3.129907
0.7714796
3.0444148
-1.4021562
1.9181225
1.5336096
2.9043212
-0.8597416
0.5202772
-2.8486342
1.2721168
0.68523765
2.7650516
1.2726142
0.662677
-1.5275686
1.5259818
-1.9158463
0.3064559
-2.9178371
-2.6165445
2.5162206
-1.134924
1.5225953
-1.4493943
-0.98918974
-2.507897
1.0797946
1.586836
-1.0914693
0.63205785
-2.2016954
0.2541891
-0.6443499
0.50600535
2.295826
-0.9452925
0.9238149
-1.1022594
-3.2767484
3.0686243
1.6985713
0.08889292
-2.8434725
0.825621
-0.15314898
-2.7136564
1.6586547
-2.0064442
1.1157403
-2.123002
0.08587452
2.0487454
1.354937
-0.99300003
-0.48209256
0.3966639
2.323391
3.5967278
1.2850597
0.11841528
-1.0371598
-1.1942651
0.61369824
0.21236438
5.119239
0.47298545
0.61682177
0.00638061
-0.1665199
0.71919936
2.9154959
2.6185834
-2.4251215
0.42668694
-2.240525
-1.0001111
0.8679073
4.352337
-2.236004
-0.9320895
1.309727
-0.86355346
-1.6465883
0.8950679
-0.66285926
-2.6744769
-1.949081
-1.8881379
2.4485292
0.6218258
-0.20350261
-1.3341988
-1.5881943
-1.8318257
0.43536225
-2.9740996
2.4949584
0.63873553
1.3457997
0.47005528
-0.29581168
-0.1888654
-2.4611504
-1.3157237
-2.9467409
-0.5431084
0.11236766
1.8243444
1.0574349
1.3252056
-3.0028403
-0.45088995
-0.3294486
0.63896126
-0.4165771
3.925014
0.18993011
-4.01042
0.5902369
-2.678732
-0.6234191
-3.0536993
2.1833692
1.5313054
0.6599612
-2.38179
-0.54239607
-1.2046187
2.8322244
-2.0859094
-1.9558413
1.2615932
-0.80069214
-0.20085952
-1.0581137
0.24352223
5.443473
0.008410569
-0.56677103
-0.97291946
1.7064451
2.902915
-0.09435143
-1.8054116
-2.2613611
-2.8551743
-1.6773722
-0.8626704
1.355943
-2.043572
-1.0945349
0.5169401
3.0587728
2.2038302
1.8488079
0.3282778
-1.5856907
1.5182017
-0.45111012
-0.0046817437
-3.3051038
-0.57430255
2.2722936
-0.59039736
1.9187871
0.27772176
-2.789103
-0.9656788
1.3389207
-0.8673983
-2.2944078
-2.881662
-0.94911873
-1.3566337
3.4272513
0.40805387
2.492316
-1.6405758
1.4581115
0.04154651
1.6458646
3.7814806
-0.9785875
0.45476303
-0.4614996
2.2450318
3.8957222
0.36476392
0.4611761
-2.0715704
-2.4847004
1.3822725
-1.519729
1.3785967
0.2067121
-0.02553022
1.9210048
0.94931924
0.7431461
0.484353
0.9701108
-0.36839062
2.0141811
-1.5290354
-3.168901
-0.9770977
0.15129265
1.6381209
-0.30890504
0.5956266
0.6332252
-3.9569247
0.09729999
-1.8509786
-0.46704075
-0.14566931
2.6933272
-2.5813913
2.280235
0.31632096
2.135852
0.5393132
0.38923818
-0.23614462
-0.12665096
-1.0680066
-0.1665642
3.6688304
-0.35896736
2.4595838
1.8858811
-1.5875969
-1.9535582
-1.1187042
-1.1239556
0.2463775
3.9213362
-0.6135138
-1.3484559
4.259571
-0.15222627
-0.34328234
4.6021433
0.90696704
-0.20267579
0.5537033
-0.80640584
-0.9183044
0.050126426
2.0027816
1.9976972
-1.2430742
-0.6297442
0.2824222
0.31697118
1.2848226
0.0043614805
1.701269
-3.2475433
0.9338044
1.6101974
2.739102
1.6489997
-1.0560842
1.1143363
-1.3741273
1.0672194
3.3354106
-0.3061331
-1.4513757
0.15404302
1.7142584
2.7117991
1.2450942
0.89114606
0.5975676
0.8813638
-0.98643965
2.527888
-3.9525955
-0.35965633
-1.7520028
2.4077115
0.11061293
0.97427714
2.3990092
-0.86997336
-0.729522
-1.0537548
0.7449009
0.6265378
2.2081797
-2.558462
0.79788214
-1.1288619
-1.5247437
-1.5797325
-0.7337383
-0.8269348
0.8063865
0.8105228
-1.9327271
-3.2946815
0.71913207
-1.2029697
1.3015186
-0.9527417
-0.3895522
1.2140352
0.15806466
3.046285
-1.8894696
1.5900253
-0.42119566
-0.97586244
-0.22562222
1.8718872
2.9025795
-0.42476916
1.4197481
-2.8324537
-1.410392
3.7649286
0.70272046
1.0852001
-5.4149585
-1.8216296
-0.29233262
0.28691447
0.24659273
1.5765628
2.4986432
-0.73733556
-1.320007
0.045283508
-0.90350795
0.3677175
-2.4065816
0.3446493
0.108360365
3.3751543
0.03362363
-0.21720524
4.0100746
-2.5082583
-0.9582393
-1.6513821
0.9977096
1.5127851
2.3006396
3.8800144
0.7624646
2.123587
1.2332132
5.0207405
-1.0246825
1.585017
-0.8096851
0.17850377
1.0247867
-1.0242939
-2.53315
-0.27735314
-1.9560605
-1.2042385
-0.91015476
-1.9521506
0.6561591
-2.4253478
0.6091276
1.350758
-2.6250868
-1.1555078
0.6501041
0.54704654
-0.5601998
1.3183098
1.8256334
-1.0697242
-1.2265106
1.1826699
2.083717
-0.58025146
4.046178
-0.8845091
-0.34653568
0.8845137
-2.502036
-3.044177
-0.95277625
2.4361708
1.1140522
0.6350491
4.9043303
1.8263028
2.0084548
-1.7279192
-0.6488186
0.0596248
-2.3781128
-3.5325272
1.6243751
-1.2585193
0.5398745
-0.67688036
-4.788282
-2.6084876
-3.615842
-3.9344134
-3.2209601
-2.9626493
3.2600493
-1.6361821
-2.0806322
5.1314516
2.5395105
3.7218766
-0.13553119
2.40711
-3.1247396
1.1222458
1.3506784
0.5132031
-0.32708448
0.76888585
1.0100794
-1.5465606
-1.459918
0.73398316
1.295263
-1.512721
2.254234
1.7233531
1.5122029
2.4150634
-2.0965152
-1.1202395
0.361417
1.5399368
-3.3884232
-0.30570927
-0.19314325
-0.59312576
-2.8363655
-0.7383672
-2.0198126
-0.8457912
0.022806339
1.2159339
-2.0321107
0.21855229
2.7748861
0.89732945
2.5719943
4.9666257
0.016214147
1.188792
2.2630424
2.78298
0.26816955
-0.008910574
0.58160025
-1.5599344
-2.4645958
1.2240102
1.8202127
-1.2721361
4.509493
0.15682094
1.07303
-1.3348984
-1.0189339
-0.5049121
-0.8121954
2.9333758
-2.6650221
4.665334
-2.1894925
0.0010293722
1.6989999
1.3504593
1.4691179
-3.7060788
3.3038921
3.3045878
0.3097477
-0.76714855
-3.2124195
0.37769112
1.6219959
-1.1502293
0.92428887
0.59563226
0.032790273
0.7612717
-1.4744314
0.4357568
0.11164011
0.22577965
2.5189176
-2.2356973
1.9525472
-0.22722219
-1.1002797
1.5768138
-0.91172075
0.30842543
-1.7097161
0.23492512
1.0144669
1.9681623
-0.6574064
1.2891694
-0.49208468
-0.14511171
-1.182338
0.59685946
-0.69723076
-0.59263444
0.15263827
0.78512883
-2.2834616
4.018247
1.515383
0.92094994
-0.82230335
0.4753016
1.8829776
0.023053817
-3.0040567
-0.5897932
-1.8377547
-2.5301547
-1.6559579
-1.417319
-1.6594361
-1.7827061
-0.5437688
-4.0449767
1.7549951
4.5189195
2.4401388
-1.1929264
0.20588923
-5.6676083
0.68273157
1.0517473
2.23905
-3.1515398
2.3627439
-0.026023194
0.8901955
-1.4713517
0.04152003
3.9124439
0.4501624
-1.5258374
0.5870928
1.52678
-0.8911882
1.4025449
0.09548629
0.4830625
-0.035565443
-0.23305562
-1.0767273
1.5504818
0.47745356
-0.62093484
-2.1390584
0.8416905
0.37033248
-0.6842029
4.5469813
0.21092322
2.0878294
-1.7523377
-0.6239804
-1.7984779
-2.4314802
1.1196753
-2.3600183
0.5708135
-0.19684088
-2.6575024
-0.88931733
1.8846886
-0.3541342
-0.9285081
1.5728503
0.046699688
-2.7129385
3.4896622
-2.3626835
0.34621853
-0.9295925
-2.9340553
-2.94118
-2.487643
-1.910284
2.234464
0.07234348
0.17541078
-1.990053
2.787471
-2.2523286
-0.9509872
-1.6038145
-3.2011309
0.35353222
-0.10585987
-1.2254634
0.46586767
2.5327194
1.1804076
0.9569883
1.0808758
-0.24606901
3.2416177
-2.2783806
0.90353996
-0.41717252
-0.059564076
-1.5853205
1.5428942
0.53375334
1.0507963
1.4689851
0.6963043
1.1002606
1.4339508
-5.3472257
-0.75396234
-1.6178535
1.4967461
0.14351824
1.1687194
-0.7936433
0.5469386
-1.8773019
-0.58670944
0.97857517
-1.3603548
1.0959007
-2.9791524
0.19633982
-0.3781293
-2.8959186
1.5674326
1.8677113
-0.5089962
-1.6435882
-2.141502
-3.0403643
2.2234647
2.8898015
0.17826615
-0.917422
-1.581003
-3.4332924
0.52035993
0.79138833
2.3574958
-0.93894947
1.7978934
1.0026987
1.4286059
0.30801183
-0.1359578
0.5749251
-2.4582493
-2.3207786
0.018281467
-1.9343299
-0.08283872
4.2244434
5.1517835
-2.9864106
-0.6144277
-0.79125977
-1.0790778
-0.8062328
0.044867508
-0.09106851
-4.517856
-1.3245575
-1.1832595
-0.42274812
-3.4845564
-3.2817817
-0.9938535
-2.5532553
3.1345649
2.986318
3.0221493
1.1901414
-2.1532998
1.6947232
2.3650284
-0.6897548
-3.3932714
2.6892216
1.2369369
1.7928054
1.0410428
-1.9889177
3.1418672
-1.8206086
-3.5900514
2.104809
-0.5821498
-1.3235168
0.13992012
0.8385965
1.2700477
-1.8114827
3.2430882
4.3221254
-1.8965071
0.053702917
-0.42095894
-2.571266
-0.7762165
-0.5999739
2.1635895
1.699152
-1.5089197
2.485863
0.8738752
1.4427985
2.2166939
0.24227999
-1.4609784
4.338323
-3.2871194
1.389524
-3.5012968
-0.46499863
-1.4357259
0.32352465
-1.5135635
-0.3125079
3.178743
-2.6349816
-2.5203412
-0.65510666
-0.032239057
2.243476
1.6937261
-0.7899931
0.1648219
1.533062
-0.52904654
-0.27312475
-0.17859015
2.3855445
0.14288265
-1.0719608
-2.6594155
-0.6080616
-2.714674
-1.6292706
0.50504637
-2.0894158
0.40175727
0.26086795
2.4068696
3.917816
2.6793036
0.8308165
-0.9385985
-2.91522
0.12600377
2.5783477
0.4936108
0.4697256
-0.023767121
-2.134802
0.6865634
1.7749391
-0.6515174
2.947811
0.5477773
-2.9258451
-4.4132447
-0.41942662
1.2062292
-2.3305407
-1.7477617
-1.0164796
-1.3570797
0.81575555
-1.4438319
1.8326526
1.9032376
-1.0185529
1.1704483
0.497132
1.8211313
0.76451814
-2.9311306
1.8547316
-3.3494534
0.88265175
-0.5596911
-0.3612183
3.750743
-0.33992612
-1.8417226
-2.1276147
-2.0883923
-2.060525
-0.2875042
0.57203907
0.022410922
-2.0238035
-0.6280449
2.837616
-2.4024677
-1.358109
-0.98330355
-1.9504015
0.74612075
0.97145045
-0.8102754
-1.1043187
-3.1985676
1.7125572
-1.4348919
0.011384375
-1.4376792
2.7119882
0.7916965
2.7729864
0.45257202
1.4917957
1.5427094
3.0427108
-2.563476
0.78087115
-1.8758769
-3.6718583
-3.5808334
0.09930052
-1.7098043
-1.0575647
2.0160377
-3.4366324
-0.32106993
0.846663
-1.8832954
0.28249082
-3.3099308
0.6375302
1.3652574
-0.42976534
0.58387923
-1.2840699
1.9773424
0.5482319
1.940179
4.0997953
-0.15289335
-0.4165321
-4.9373255
-3.2099552
0.46256164
0.7032447
-2.6465337
2.7773767
-1.8490499
0.63193727
2.4170625
2.4680328
-2.7115388
-1.3870324
0.9922654
-4.7316833
0.89175516
2.6115377
0.6693173
3.002593
-1.4400182
0.07748036
-2.0773203
-0.5839572
0.28063962
-3.0403624
-2.064199
-0.96147144
-2.4410758
0.41006163
1.7789998
-0.48149002
-2.7659662
2.665215
1.68278
-1.1680466
4.323067
-2.7445064
-3.22991
-4.409027
1.893535
-1.8028297
1.1199346
1.3829848
1.6732535
-1.5482603
-0.41478828
-0.67816955
-0.19259644
-1.2417004
-0.81866616
-0.52169514
1.5808227
1.4068216
0.15662056
3.1508782
-0.19650824
-1.7175726
-0.8491415
0.31541073
0.7333634
-1.1783001
2.371154
1.3301862
-0.11819183
1.1080443
-0.5883453
-1.2204272
0.52407926
-0.39143535
1.2474852
0.9686246
-0.41648924
-2.6011286
0.84284234
2.2037776
2.7806764
1.0466417
-2.5189383
1.7294917
0.43584204
0.75058705
-1.1504971
0.7489163
-2.9517689
-1.8780929
2.130757
1.5878767
-0.7878336
-1.4334954
1.710715
1.1812798
-2.715658
-0.12526596
2.1928713
-2.064901
2.1301084
-2.709415
-2.8837402
-1.1506847
-0.6118859
1.3518609
1.9429502
2.3775864
-0.60683835
-2.8057163
2.835164
-1.2017845
-3.0982594
-1.4496258
3.1977782
1.6966233
-1.5336415
0.47202352
2.3118453
-1.6505969
1.7857964
-0.38220716
0.9005246
0.28667173
-1.1000171
-1.5021188
1.3486717
0.7355961
3.6865506
-2.1504617
0.7758064
-2.5874758
-0.62371147
-3.0219235
1.4886998
-1.1993874
-0.25974688
-0.41541946
-2.2344863
-1.5086291
0.73422146
-2.842576
0.42780817
0.0785422
-0.95679635
3.3983955
1.5787114
2.1264446
0.123708636
0.37549764
-0.5754582
0.12842253
0.53890324
1.2170205
-0.09783959
-0.9497503
1.8419235
0.39105654
-0.04698836
0.9479199
2.891143
0.062468328
-2.018016
-0.24567798
-2.3331664
0.34296682
-3.9840503
1.3009617
4.1478143
0.27383637
1.558521
2.463437
0.71607614
-2.447961
3.772399
-3.2492323
3.958577
0.0425611
-0.86101544
2.691797
1.4986608
1.0248433
4.243642
0.84605294
-0.081096955
-2.2218034
1.7860628
1.1607372
0.15361401
3.3580828
-1.433978
0.51807034
-0.72311306
-0.03334942
4.499468
0.80543375
-3.567705
-1.419774
0.14372545
0.41180474
2.5377004
2.6723263
1.4237963
3.0269816
-0.36697444
-0.7588512
-0.8310707
3.032241
0.9029516
-2.883566
3.1566916
-1.2807444
-2.388067
0.8278995
0.1765431
2.5706117
-0.09727241
-2.8064277
-3.7004569
0.69019675
-0.8708521
1.040126
0.044519395
1.1630182
3.2618272
-0.3395406
0.23063368
-2.394694
4.60077
0.61346936
0.008102432
0.35637373
-2.3363247
1.6557951
0.72761506
-4.8700466
-3.4076302
-2.4715395
1.7718977
3.7574668
1.3609395
-0.035122357
2.5096118
-1.506203
1.0942985
1.0335022
-3.61577
-0.8782456
1.901007
-1.3642919
4.1900463
3.3688896
1.8269806
2.5232632
2.1677294
2.4056966
-0.010377564
-1.2631395
-1.780053
-2.0110397
0.76101506
0.7317407
1.5775627
-2.7919953
0.4387861
1.9267704
-0.32538426
-2.072806
1.8159105
0.98187304
0.82145214
0.14686343
-1.1088667
-0.57023156
2.3632622
-0.5384796
-0.24063295
-0.96176666
1.0219004
-0.22877118
2.9624176
1.6549376
0.4975782
1.0008602
-1.6797904
1.5619582
-1.8628325
-0.4879376
0.47350436
-2.4681063
4.2844653