Ceaomus
0
0.4401015
-1.0579228
-1.3419102
-2.158457
-1.7534114
-0.06002804
2.741234
3.4856129
1.8148594
0.17484726
-0.5313244
-1.1917399
0.06969861
0.55034614
1.4028147
0.6832364
0.8721765
2.239149
-0.8207714
0.1395618
-0.1493594
0.31437838
-0.82059944
0.99473184
0.49258855
0.293304
-0.3175361
0.2731106
0.5440752
-0.7270258
-1.108902
0.93132657
0.4742417
2.2205925
5.1361685
-1.2390902
3.2809005
0.7744673
-0.6822163
-0.85795355
-3.9012961
-1.7228863
-0.3032902
3.1525433
-2.0279455
0.34135938
0.45291457
1.2499307
1.0787119
-0.2444602
0.52200776
0.40376043
-1.3407102
0.9872324
1.9778074
-0.5770162
1.859342
-1.3081
-0.99287
-0.9817855
1.4523654
-2.1737888
2.1877372
1.0054221
-1.7148684
3.1250272
-3.9230185
-0.35218865
-1.4490218
-0.7435534
0.7675767
-0.7902427
-0.9121264
0.23261064
-4.8948784
-0.07254187
2.1425765
0.8698107
2.289006
4.08887
-1.2919968
-4.197426
0.59252757
1.2568988
-1.5349557
-0.8771884
2.7206578
-2.4213724
3.108645
0.46744147
-2.233021
-0.8133602
-2.0959463
-1.1424123
-0.15849108
-2.0076733
-4.0875306
1.628624
-4.2131705
-1.2819936
0.9957007
0.25220242
-1.3051771
-0.24146643
-1.1841723
1.2795615
0.32394457
0.49251506
0.23513511
3.343526
3.0396016
1.2295032
-0.6638946
-0.8342154
-3.702931
0.055888318
-0.59601283
4.854572
2.9615932
1.4656221
1.8452845
-0.51142806
-0.17416531
-1.1016483
0.12798914
0.4750662
1.8554254
3.7737906
0.69001806
-0.37364978
-1.8132821
0.8425932
0.83572346
0.7470716
1.2160643
1.093661
-2.3896675
0.8262001
-0.12278396
-0.86774707
-0.22625315
2.2222354
1.3222251
-0.09345706
-0.91359025
1.558468
-0.5350704
1.514413
-2.5873055
-3.437538
-4.5982122
-3.4051657
-1.694467
-1.6750647
-1.2391983
-0.040186748
-0.14369479
1.203468
3.7336385
-1.5783578
-0.1632801
1.2995896
-0.7158192
0.624616
-2.4814286
2.240978
0.7021451
-0.45565718
0.38291577
-2.3962538
-2.1488528
1.9746826
-1.9500443
-3.2464595
1.2931311
-2.2089548
-0.43248433
0.48708522
-0.8921849
-0.3243512
1.1703968
-0.22647732
1.7620791
-1.1400651
-1.877549
0.35928637
2.7009072
-6.1241765
-0.2563676
-0.8287216
-3.2058249
1.2086952
-0.69936115
4.2138305
-1.8524262
-0.4895296
0.1520774
-1.4178883
0.8178245
1.3987156
-1.0650933
0.981452
3.1793003
-1.8250861
1.1731256
1.0211881
-5.2425113
-1.2084088
-2.730834
3.288235
-4.1584277
-0.11905763
-1.8009552
-0.33188683
-3.6313336
2.0645869
-0.8504878
-0.077113405
-1.1106578
-0.547452
-4.694574
-1.0798163
-0.8354569
3.3832512
2.1559782
1.364116
2.0618062
0.77158904
3.1372747
-2.7554142
-0.8838051
3.1875534
2.7415757
-1.76865
3.059826
4.588907
1.3283185
1.2248124
0.30559415
-0.9378117
-1.2053427
1.9829446
-3.5653868
2.1005833
-1.6147166
5.4978023
5.3812447
0.4930463
2.1340234
1.3802109
1.2828985
-1.6764116
-1.2361571
0.230946
2.2944126
-1.3656137
-3.6209254
1.6574488
-0.36618042
-3.0437527
-0.46893254
2.7008395
2.916367
0.668743
1.5242765
-1.7102509
0.3872428
-1.17178
1.6278173
0.32763004
-1.019192
-1.326356
4.663398
1.5499009
1.3965098
4.3559093
0.5017842
0.57600725
-1.3872048
2.2023084
-6.1313715
-1.8103659
-0.34515446
1.9889408
-2.356995
-0.78107977
1.697272
-0.18455103
-0.7757897
0.40635687
-0.32324377
-0.2135335
0.6638856
-0.06620807
2.9856384
-1.0212886
-3.0805373
2.4595058
2.465883
2.3240547
-0.18798268
1.694528
-1.5114925
3.2329872
0.79288113
1.6171663
-0.09951209
-0.4113514
-3.1263418
-1.3836954
0.051975884
-1.4938992
3.5809622
0.7962236
3.0177567
-1.3094515
1.1879345
0.7424222
1.1442126
3.9536362
1.6594201
0.619244
-0.7835682
0.84308976
3.675856
0.29075992
2.4618037
2.619025
-1.3413234
-1.8457882
0.18600991
-1.4581109
1.4649853
-0.3842213
1.2993406
0.24069858
1.5446042
1.3287389
-1.0277723
0.031296875
3.1888905
2.5404196
-0.010746367
0.84690696
-3.9243934
1.4998127
3.1107938
3.5497108
0.79168725
1.3199825
-3.8864725
-1.3956736
-2.1308837
0.651444
-1.3396813
2.1326458
-1.6861285
2.0853007
0.9741341
-0.9683722
-0.85238445
4.1976833
0.2763508
2.5009809
1.5414673
-1.4131639
0.94083023
-2.8029623
1.2443037
0.924376
0.20373967
0.8608563
2.0308104
-0.25945574
0.8205605
0.32229185
1.0448666
0.47868383
-0.92760813
2.4653263
-1.3552244
2.6757176
1.2781265
1.1218004
0.73492414
1.9287446
-0.30176342
-1.2265404
2.231648
0.31034645
0.47199053
-1.1805518
0.051463947
0.19829935
0.63804567
1.1660221
-1.0582685
1.4275835
0.9878592
-2.1396332
-0.35805607
3.4406419
0.8622298
-1.0113595
0.44603088
-1.9602739
1.617812
1.4699985
-0.711636
-1.6167444
1.8484406
-0.6225459
3.3857245
6.3722196
0.81517136
0.99700147
-0.7238076
4.4597354
3.9217975
-0.9974787
1.0988086
0.003393598
0.56632364
2.676104
4.055755
2.3314793
-0.11602958
-1.9589695
4.411605
-0.41266465
-1.1110188
-3.2636924
0.007846117
1.8088024
-2.8336754
3.6272445
1.4526931
4.143457
-0.23366535
-1.6145196
0.7080349
-1.168921
-2.8615317
-1.208733
0.34191865
1.9446819
2.1019013
-0.9743884
-1.571099
1.1757014
1.0353514
0.98396957
0.6597839
0.7833656
1.205831
1.5694997
-1.3603276
2.437815
-1.4589263
0.4289472
0.6868408
0.29589644
-0.8618433
-1.3462696
-1.4588063
-0.30183917
1.1604441
-0.15195504
0.717485
0.7295572
1.1701112
-2.5479662
-0.87521124
-2.2835991
-2.7682133
1.1933405
-2.1480107
-0.5635272
-1.0967084
1.2603838
-2.2062519
1.311732
4.2254367
-1.160264
0.8103614
1.7096409
0.5404539
-2.1777463
0.7548307
-1.5476393
0.2816441
6.546846
0.8493139
-0.41931427
0.1567867
2.4219782
0.6698431
1.2996776
-2.0261087
-3.9066558
2.7417629
1.998295
0.43868408
1.1240689
-1.1916806
3.6823463
-2.0272784
0.24000368
1.801951
-3.5576394
1.5724536
0.90886045
2.2528837
-0.83203477
-1.4442117
0.4724247
-2.8096597
0.33063322
-1.4640104
-0.46390298
-1.2099433
2.4371738
0.63366735
-0.86773205
-0.966789
3.2361574
0.3056119
1.3070894
3.6272335
-0.2636822
-1.0299298
-0.7690593
0.1497168
-0.06302928
0.93510747
-1.2773597
-2.0498254
-0.475025
0.28460723
-0.66529036
-2.772497
-3.83235
-0.60929865
1.0017089
3.7903235
-1.4762542
1.7833037
3.1556792
-1.065529
2.574239
0.3260613
-4.3916974
1.7643945
-3.6640556
1.7799399
0.3354787
-2.3357105
0.4418696
0.08230277
-0.9906297
-0.06403008
-1.1000202
0.39898664
0.7113719
-2.1699512
1.2398566
-0.44526324
1.8677626
-1.709437
0.8497981
-2.9444814
-1.2831057
0.07473468
0.87658435
1.4715313
-0.27041188
-0.16123812
-3.760148
1.9113127
0.32362473
-4.085357
2.5430825
0.820895
1.0962001
-1.8256117
1.6124436
-0.40777713
1.4311484
0.20741501
4.1602926
-2.1827538
0.4329265
0.7955971
-3.4210596
-1.5034646
1.0869417
-0.18405367
2.102524
-1.4507662
1.0217905
-2.2660048
1.727278
-2.7407353
2.966244
0.9525405
2.7191646
3.1789672
2.4574246
-2.822686
1.9164515
-2.963802
1.7899455
-1.5784483
-0.5786983
-2.2740126
-0.117732435
1.4214191
-1.8396595
1.820689
-1.7658908
-1.761843
-1.2947454
1.9693654
1.1263373
1.7472813
-1.7622778
3.4462473
2.0186958
-0.27300245
-0.41858888
1.9451346
2.1538725
2.484001
-0.008423772
0.23055464
1.1399491
2.8886268
-3.56228
-1.3522133
-1.4149367
-1.6580771
0.25358352
-0.067381725
-1.3146257
0.12309769
0.869628
0.23188058
0.43678188
0.9714487
1.8563347
1.290997
1.1426396
-1.2462028
2.2870386
-2.3866794
3.3909924
1.5983598
-0.6663153
-0.051879384
1.1353531
-0.69231606
0.7241213
0.61203206
-3.1786768
-2.02863
2.0625193
0.67374974
-0.6474274
-2.1001854
1.1692532
-2.6463485
0.72188634
3.4706738
-0.4977884
2.3506722
-0.40573335
-0.49181283
-4.079105
-0.25072366
0.098443836
4.547494
-1.2743095
3.975357
-2.9561572
1.1438453
-0.034473673
-2.3796031
2.4901786
-0.113523595
-1.5264896
1.5610294
-0.051485837
1.3918406
4.4938517
-0.36537448
-2.3406236
-0.40317762
-0.99004
0.30769923
-1.7414557
-2.2560542
-0.11370301
0.36567733
-1.1559311
-3.6643968
2.8033307
0.30682963
1.6417636
-0.49455178
-2.2558649
2.9182563
0.3489692
1.7802371
0.6777788
0.35292408
1.1508555
-1.7048322
2.6344604
0.7010053
-2.1912503
0.16043237
0.05072581
2.551091
2.4571717
1.1943024
-2.6580868
-2.6461792
-1.5199114
-0.41627908
-1.701684
-0.3902498
2.066607
-1.0716888
-1.6865761
3.68887
0.742914
-1.2295531
-1.3581123
-1.2603449
-0.71039027
-0.96788824
-2.3845766
1.8315614
-0.88887036
1.6608658
0.9933917
2.5506372
3.368254
2.601893
-1.7175143
2.7534568
2.5075316
1.6731004
-0.058118258
1.9951128
2.2919464
0.086636715
-0.9158571
-0.9218715
2.2175097
-1.4906099
0.63133734
3.9142299
1.9717928
-5.3071117
1.7636621
2.6503816
1.7366225
0.16220564
-2.4273233
-0.75877357
-3.7015858
0.2230035
-4.199358
-0.06480967
1.8278832
-0.58529997
-2.1042428
2.7512908
0.97607344
-1.0729237
-1.9655126
-2.2013464
-1.8968605
-3.133178
2.9976928
-3.0994823
-0.1171814
0.49307814
-0.39698312
-2.042395
-1.7650992
-0.08721592
-1.126274
1.1434598
2.1919184
-2.502405
-0.09156251
1.6473497
-1.2257342
-0.84079915
-2.571951
0.85595
-1.1737262
0.27803427
2.1415734
0.15929176
-0.87926817
1.4444593
0.8183932
-2.425961
2.3907907
-1.3567727
-2.0511758
-1.6367011
-0.46993703
3.1613913
-1.7073325
-1.9158193
-3.4232583
1.8296391
1.1142944
-0.5025662
0.106101975
0.8170768
0.7453278
2.0692644
0.37144622
-0.7596769
-3.020413
2.9191272
1.1643494
1.2132261
1.1481968
1.776147
-3.3368366
-1.3037652
0.36495215
0.9287054
-1.4602684
-0.8102552
-3.045122
1.2505606
-0.30728328
-1.6271607
-0.0062213913
-1.9837661
2.880196
0.32347342
0.12941694
-0.5591366
0.8883617
-1.7867447
-0.3469523
0.37608993
1.624531
-0.6277148
0.07762383
2.250251
3.2087932
-3.065731
-3.083013
3.50998
0.3753115
-1.9073418
0.29048055
-0.23560232
2.9501262
0.24305022
-0.24217811
-1.1272784
0.71561265
2.142784
0.62228644
-1.9870481
2.2615635
-1.841116
2.6761785
-0.4599295
-1.223326
-0.8407756
4.3247447
0.94540673
0.2805549
-1.5384402
-0.80423784
-0.33062172
-0.5928513
1.4444156
-1.9547533
-0.5487197
-0.19795954
-2.859141
1.4074711
2.0770845
2.1978455
1.9138467
-1.4065435
-2.7250175
0.14753693
2.1600046
0.96640646
-5.3494644
-2.5651455
-2.2945023
-1.2039602
-1.5521731
2.0984976
-0.77927494
0.12863483
2.5509093
-0.41183722
0.26883224
0.21218161
-3.485351
-0.8550794
-0.59377277
0.103919834
0.3500795
1.5032113
2.2417674
-0.79990894
-3.7636065
-2.064114
2.5764444
1.8060348
-2.6668565
-1.750451
2.222039
-3.6501205
-1.2988033
2.2855363
0.17779255
-1.1935166
3.283162
1.3663635
-2.6103058
0.6236387
-0.49786073
0.61001575
-2.36178
-0.49708554
1.6233687
-3.514286
-0.54580426
3.8537142
2.9976134
1.6502023
0.7016289
0.6352135
-3.2211747
-0.3818895
-0.5539424
0.83373284
-2.7247512
-3.2257965
-0.17503399
3.1003428
-0.31114635
-0.26919782
0.18898559
0.4672302
0.41779703
-1.0145552
-0.8973277
-0.29885936
0.6858055
-3.0827427
0.7436034
-2.0289526
2.2470758
2.7041829
0.09049727
4.3042674
-1.5155094
-2.0285668
-0.5000332
-0.8460437
0.230524
-3.6443624
1.3209782
-0.22329846
0.1304971
-0.57681406
1.4622747
-2.8249018
-2.5411851
-0.65958136
2.2529125
1.8436934
-1.790765
2.192172
-0.31618476
1.1280339
-0.872915
2.790781
-1.8089648
0.5002187
0.30776617
-1.5490949
-0.2733112
0.4695915
1.1689864
2.2027924
0.44917187
2.7559068
-0.46880835
1.1750625
0.26758984
-1.6550237
2.3389688
-0.5862144
-1.3768477
3.3426921
-3.1773093
-0.41409302
-1.9309771
1.8531089
0.08418074
-0.35954666
2.5473022
-0.0565984
-1.6869022
0.6150519
-1.9863092
-0.4134814
0.1216662
1.8970152
-1.9958458
1.1738517
-2.88962
0.38952282
-0.890042
0.3746159
2.7949936
-3.0392547
0.6347261
-0.43887526
-1.1590488
-3.357044
-3.730084
2.754343
0.81021875
1.6554865
-0.49084675
0.030645244
2.7015464
1.8432661
-0.17371139
1.583277
0.6571111
0.71814907
-1.6234757
-2.009413
-3.9084716
1.2830216
-1.0738463
0.8394234
1.1794276
-0.4594183
-0.722036
-1.7071884
-0.13520083
0.1416629
-0.93128896
3.09721
-2.9994628
-0.7207402
0.75015926
1.0231489
4.090456
-0.67873305
-0.52463984
-0.80231756
-0.7178955
-1.0362452
0.25535893
3.895317
-0.39848042
-0.050963566
2.7465422
-0.045108303
-0.6035355
1.5706526
0.6827186
-3.296501
0.2976482
-0.74857146
0.33089134
1.8742768
-0.18777168
-1.0770462
-2.0331357
0.46650916
-0.95444876
-0.6646181
1.9699268
-1.1857748
1.7057766
-1.2906239
-4.2443686
-0.70778114
1.5146859
1.413257
0.033738658
-1.5337243
-0.6986081
-1.907394
-1.05045
-3.9778035
-0.52293533
0.90606683
-2.3023615
-0.98972917
0.12941098
-1.8063223
-2.6903696
0.33528107
1.606707
-2.1884584
1.206147
-1.0905023
-1.6492817
2.2118456
2.8419747
-1.8790396
3.8270178
0.59159625
-2.0007806
2.1200774
2.2434254
0.3478108
2.4021542
2.1176565
-2.4694035
0.34754664
2.2582612
0.3466021
-0.025252208
3.2361379
1.577768
5.166059
1.1760337
1.2588972
-1.0782768
-2.4954143
-0.80120647
1.2510263
-3.4950254
-0.6000895
-0.42626134
1.7059093
2.6734383
2.9074624
-2.8598328
-0.5043168
-0.50506675
0.7225956
3.845295
2.1682699
-1.8210199
-3.5536652
-1.8016775
0.9741817
0.9110839
0.05277525
-2.1091528
-0.46591604
-3.0615022
0.228482
-0.6035929
2.7685483
-1.338146
-0.9500248
-1.2951006
4.653983
-1.6852715
0.22961691
2.2460308
3.7238104
-1.7045093
0.60361457
-0.2991346
0.48904368
1.705735
-0.29855406
-0.7128871
-0.15506205
-1.7632282
-0.6816604
2.2107902
-1.450276
-1.9906622
-0.4441057
0.67858917
-3.641624
2.477785
0.342585
1.1160285
1.4435017
1.0020134
0.6563427
2.1022418
-0.3258523
3.0426083
1.3491935
1.5513246
2.9291475
2.8924549
-2.6419132
0.8260579
-1.2102708
-0.36583844
0.7713431
1.805416
-0.100825734
-0.9934538
-0.79412943
-0.78551066
1.2218288
1.876072
-0.6092197
-0.54637796
-3.4463983
1.3680004
-0.38701275
1.0247488
3.297309
1.0293559
1.8079624
2.6500995
-0.5162999
0.09831963
-1.7108984
-0.44419897
-1.3986764
-1.055702
2.5029469
2.915663
1.4189925
0.1924637
3.2012532
-1.7664562
0.73349947
-0.70201254
-5.137742
0.7176686
1.9909687
-2.2338095
-0.29082167
-2.2283962
3.0546832
0.8672988
-2.2632444
-5.534175
-0.9312582
0.8056589
0.13934389
0.55158997
0.9473981
0.9145239
-1.7835397
3.60825
0.25980958
-1.1290774
0.9423883
-0.45958006
-0.3794854
-0.14361173
-0.16817273
0.9020348
-0.3887453
-4.996905
4.2590303
1.5857635
-2.4110916
2.3975554
-1.6503247
-0.8471881
2.206195
-0.49207604
1.1755813
1.6547812
0.15460849
-3.249308
-2.013495
1.0148176
0.13430297
1.2068974
1.5502985
-2.250293
-0.34900498
-1.6692175
1.8526987
1.8596951
-0.529463
0.7493086
1.4814352
-4.253758
2.2725987
-0.30836344
0.29243365
1.9140356
-0.8651311
0.80620503
0.60139495
-2.8968065
6.1720467
1.7615278
-3.1239383
1.2095782
-6.077326
0.5492854
-3.1475677
0.051880762
-1.2925348
-0.97860324
0.3661203
-0.1242204
-0.52501833
0.15672842
0.9850779
-1.1163288
-2.1993744
-1.3306147
-0.4645944
1.021194
2.4018953
-3.016119
-1.1336867
1.429076
-1.3766701
-1.4486626
1.0403728
2.9020915
2.1622515
-2.9533148
-0.88580173
-0.25263697
1.0823313
-0.5661144
-0.3666542
4.8683677
5.1124673
1.0962161
0.7202977
-1.6816643
3.9634302
1.1890298
1.1537896
-2.7568908
0.9250094
-6.0088787
-0.89943993
-0.5387501
1.6477256
-0.49094284
-0.017144822
-0.56067646
-0.08483514
-0.43544337
1.9193124
-2.1210923
-0.20358668
3.7824364
1.0683616
0.44358206
0.4945843
1.8576332
0.36122507
1.9155402
-2.858255
2.3113577
-1.5071499
0.37938246
-3.2001367
1.7995914
1.2395389
-0.66157705
-2.3073678
-1.3137064
-0.82200456
-0.4586901
0.5842933
0.80779654
-0.19698292
-0.72361064
0.22551891
0.86722875
-1.0307583
-2.899372
-4.099475
-1.6938068
1.9339615
1.1973321
1.0515659
0.17672294
-1.129976
-0.11576303
-3.1640885
-0.23019435
0.31244147
0.9831826
-0.9888356
0.20026436
2.501924
0.36407366
1.899733
0.013084471
-2.1715097
0.07536916
-1.8070874
-2.7218149
-1.0472054
0.28476346
-0.5119029
-0.49348748
1.7089707
0.8039986
-4.1928043
-4.125297
1.881026
-0.09999064
-0.14447631
0.78006536
0.80946887
0.28450528
-1.7094119
1.2322652
3.369975
0.18946037
0.44462025
1.6351863
-2.2847466
-0.4066047
-2.2022767
-2.8645017
0.42978045
2.5512204
1.7936138
-1.5165864
-1.7548047
4.290717
0.83948684
0.3415803
-1.7989433
-1.2721428
0.55314857
-0.8296418
0.5725179
-0.38375577
-0.3936393
-0.15313369
0.59192526
-2.377746
-1.0426394
0.8405357
2.1284013
2.793017
0.09377209
3.21314
-1.7601286
2.5946546
1.5573905
-3.2553499
0.68955714
5.3498497
1.1653445
-0.026267722
-0.41876236
1.1148888
-0.2469514
1.384418
-0.8054879
-0.8063982
0.24149197
-0.31765568
-0.39845115
-1.7784299
-2.7310033
0.4265991
-0.31404024
0.1871482
2.7778702
-4.714066
-2.6243742
-1.5609075
-0.95314765
2.6889818
2.4973226
-2.370465
-5.6426477
-0.49662513
2.2194467
-1.6174704
1.4146196
0.28120306
0.43091822
1.849327
-3.2299938
6.027867
1.2178496
-0.55575955
1.9895747
0.93820125
2.4976652
-0.03883019
-3.0763843
1.9717988
3.8866844
0.35112798
1.2600957
-0.8930635
-0.52472895
1.7893947
-2.434419
-1.9517497
3.126121
-0.60590243
-3.5359814
-0.8081858
-1.3564676
-0.92891175
1.6988394
1.5222768
-0.4424809
-2.6889129
0.33921862
0.08256605
2.4623318
2.0670402
-2.1291227
1.215932
-1.5337675
1.4763352
2.4331775
-2.2267659
2.1881294
0.95214796
-1.6981606
-3.4194555
-1.6493589
-4.0036983
-0.83158565
2.4838
0.6139728
0.60404706
2.5458794
0.027164511
-0.42216557
-2.084345
1.4542617
-2.089966
2.6724253
0.75065744
-1.8673391
0.7884178
2.1630824
1.2419736
0.17609046
-1.3580861
1.5200198
2.023624
-2.3345184
2.3431096
2.0349905
1.9198784
-1.9348737
-4.325845
3.2760882
2.2123423
4.5286098
-2.881
-1.2444533
-0.5529588
1.030588
0.9378917
0.19100982
-0.26642445
-0.5133652
0.21453744
-1.0683734
3.2831385
-0.09741069
0.56553924
-0.29938257
0.032806218
1.6165526
-1.7339381
1.0822524
-4.629794
1.6567104
-0.43294832
1.5417958
0.27519506
-0.17863223
0.53947353
3.570686
-0.2772357
2.194705
0.9995971
0.073813185
1.3036804
1.0863756
3.2812889
1.7300941
-1.7174917
0.068111405
-3.4994068
-0.13641128
1.3834909
0.8516654
1.0377791
-1.223005
-1.0942985
2.3908157
3.176146
0.56507456
-1.2645164
-1.2953396
-1.7706207
0.3366442
-2.8996916
-0.34108916
-0.58289516
3.840749
0.60003763
-3.4059336
0.37876508
1.9229352
-0.4213475
1.0306661
0.7243245
0.09885014
4.6867313
0.70074856
2.401576
1.9826698
-2.975275
0.1397543
1.1966273
0.07275121
1.8198624
0.8270105
2.6127326
-0.45034102
0.85805184
-0.8414516
1.2784866
-0.78575295
-4.395548
-0.9664532
-0.8179443
-0.061928906
-0.36690202
-0.587361
0.3428856
-1.3955193
-0.4310348
0.3287333
-0.99776655
0.20410715
-3.6033072
0.38458008
3.0854797
0.89668375
1.6247737
-0.007368002
-1.8111148
-0.78677154
-1.8443593
3.208355
-3.0342202
2.8350217
0.6337142
-1.0105883
-0.005397871
1.4640543
0.6041115
-0.19036458
-0.31637198
0.54357594
-0.3355451
2.7659872
0.90152514
-0.6109661
0.7922699
2.4953337
1.1088009
-3.9354978
4.1947536
2.07314
0.6188512
1.9241087
2.3598006
3.785666
0.757985
-1.6899066
-1.2258457
0.78431517
-1.0000335
-1.3081095
-0.18019572
0.5539557
-4.0259366
-0.11089019
0.72090214
0.15408055
3.8437722
0.9628105
-1.9195462
3.0774407
-3.1161556
1.6967577
-3.3824775
0.40746024
1.1661923
-3.5110188
-1.191337
-1.9506534
-0.11648172
-3.3750243
3.4221478
0.7808285
0.27824855
0.7646931
2.172705
-1.3324387
0.10897131
-0.48801932
3.456285
-1.9524477
-1.5940053
0.39239392
-0.54392695
-0.42201772
-0.24887395
-1.2505991
-1.2068001
2.0854383
-1.7843372
0.88865834
0.15991408
-0.9558213
1.8894076
-0.27693546
-3.8727348
0.20220852
1.9402976
-2.0485806
-1.8848177
3.5625014
0.91615677
3.2769387
3.7639256
0.86833054
1.0827587
-2.2671885
-2.9660647
1.9217194
0.2264348
2.6246057
1.4152161
-3.4543457
-1.5009364
-1.8327935
-0.17248613
3.33956
-0.49973017
1.5258368
-0.53882015
-0.26828736
-3.3480303
-1.1023618
-2.3157022
2.0214193
-0.20652848
-2.7976239
-0.6859826
2.7804265
-3.9151456
0.61667794
-0.76263815
-1.1257187
0.6741463
0.55271196
0.7560608
2.1435335
0.38091543
1.5208515
1.5836009
1.0863146
3.247814
-0.5684593
-3.16331
-0.1378821
0.11398353
-1.8452615
-0.17205837
0.47680774
0.36349285
1.6193535
2.3834298
0.54578835
2.3584082
2.6079774
2.5731885
-0.6483712
-1.0054301
-2.5015578
-0.8900673
-0.37958288
2.6658924
0.95231336
-5.609246
2.0200548
-0.06047014
-2.0277653
1.489277
-0.9376918
0.93871814
0.0051823333
0.6745537
-0.27215153
-0.4211067
-0.047621552
1.2304488
0.39950985
1.0108186
1.4059426
2.2501497
-1.9830142
0.23109129
-0.735618
-0.8007528
-2.4443417
-4.2084947
-0.3741763
0.7991894
1.3016847
-0.63013244
-3.5240428
0.18534252
-2.526102
2.1300333
-1.2676349
1.2123379
-2.2628884
3.636132
0.15444744
-1.1270572
-0.74024284
-2.2951152
1.9664704
-0.6055892
-1.8850358
-0.5132899
0.13394989
2.8930526
-2.129889
0.8709099
-1.4740275
1.1037388
0.6619165
3.67979
-3.921549
-0.44409895
-1.1068532
1.6018829
-1.4022359
-0.4315791
-1.7653406
1.6170492
2.7528684
0.41667634
-1.7744919
2.6498637
-1.133651
3.706342
-0.864361
0.41153824
1.7512994
1.2216817
1.6979319
0.9454606
1.610422
-1.6750538
-1.3201306
-3.562627
0.16491869
-2.2496247
-0.567611
-0.34026492
0.8768806
-0.40986413
-0.5333745
1.8923439
1.0522254
-0.966943
-1.4262646
-3.065099
0.51989186
-2.5948749
2.2370753
0.6149875
1.7225819
2.167378
-0.88003
-1.97737
-0.5637636
0.26836216
0.06443926
2.071722
0.10552856
-1.9582828
1.5078716
-2.3210597
0.53904617
0.5812678
0.8933702
0.83103925
-2.7684584
0.3917889
-0.81648296
2.2824516
5.094913
2.4990363
0.2671991
0.38979885
-0.9258618
-0.87079376
1.536335
-0.56042004
-0.31657314
0.8255062
-0.17046201
-0.5493366
1.0362227
-0.19092846
-3.2889628
-0.77599835
2.701359
1.5717459
1.663279
-0.6277642
2.5566993
-2.6430457
-0.2494193
1.2024728
3.8191462
2.0273538
2.161872
-0.45500273
0.7310611
2.1724699
-0.33109894
1.1929771
-2.1242633
-1.2506644
4.046267
4.143231
-2.822398
0.79172903
-0.6232873
0.15013213
-1.7098622
-1.3979304
-1.8188772
0.13385175
-0.15491584
-0.715134
-3.2350996
2.1847913
-2.0577793
-2.9378936
1.6143022
1.0947471
3.267296
-1.3974057
-1.2859074
-1.5076419
0.49514517
0.75482434
1.7791764
1.9125143
2.3087084
-1.2689121
-0.3961415
-0.4705849
-0.34369087
-2.9980135
0.79333186
-2.1925848
-2.4165976
0.8399614
1.5651
3.5444245
0.33330274
0.079220645
-1.405499
2.949482
3.7097635
0.7328526
1.4398679
-1.0934978
-4.109641
-1.0862641
-1.3178363
0.029398143
-0.10686388
0.7352089
-1.5124757
-0.42732587
-3.297531
1.740293
1.5438803
-0.8523928
5.0624175
1.0653981
0.25702456
-0.08600194
-1.5098399
2.3165188
-2.945017
0.27398118
1.1731544
-0.3598238
-1.7184488
0.0063039437
-5.4403906
-0.42579803
-0.5919512
-0.8591234
-0.90018445
0.21309745
1.7885729
-2.1754656
-2.8362596
3.175934
-1.51869
0.35360003
1.2123461
3.8035607
-0.13474435
-1.4230124
-0.25706288
-0.38186765
1.3343256
0.2614434
2.0703673
-4.001763
0.08993625
-1.1502445
-0.025175147
2.8068087
-0.38344908
-2.100602
2.5810578
0.26768416
2.5649688
-1.5400862
-0.8918366
-0.7774047
-3.6570668
-1.6126217
-1.7731593
-0.11796399
1.451391
-1.6029209
-3.5729218
4.8056645
-1.1190364
-1.5840663
0.3596799
0.8673413
-2.0119994
-1.3391521
-2.5304015
-2.6481469
-1.0825024
-0.8544134
2.2060506
0.44467166
-2.157975
-2.7645288
0.51747024
2.706757
-1.4017506
-1.693576
1.747774
-0.027770534
2.7991133
1.3862246
-0.14278331
0.5926882
0.1524758
-0.06983292
1.7194424
0.18138051
-1.2863693
-0.09421507
1.7396892
1.6026425
0.39019185
0.4815477
-1.3297266
1.0707885
1.9387034
2.0498874
1.2310911
-0.9525679
1.8036579
2.3187785
3.5165505
-0.6272869
-0.85999393
-0.7622409
3.5865312
4.524171
0.504518
-1.4000815
-0.33631364
2.2477033
-0.33053142
-0.48436773
1.7807792
0.3979724
1.7003151
1.8247573
-4.2926273
1.922852
-5.609206
-1.514347
3.1343975
-0.4582289
-5.5954933
-0.31241134
-1.8869321
2.081573
-1.3155707
-0.8617562
2.432472
-3.7329686
0.7462941
1.8120795
-4.374226
-3.183827
-2.2960153
2.2731717
1.7942387
-2.9071167
-0.7210208
-0.597902
-0.043791793
3.1719375
0.6224135
-0.9796939
-3.6525316
-0.15306804
-0.30032632
1.3043298
1.0833554
2.8949864
1.8016995
1.0148009
-1.7540108
-0.4389116
-1.2271727
-1.1036726
2.4798985
-1.5127658
0.071694866
-1.16352
1.9670112
0.009028062
1.4578902
0.36184615
2.4884331
2.9087155
-4.510163
-1.2586067
-0.45140314
0.8570352
-1.2920485
-1.2870293
-0.17998585
-2.7655625
3.0277681
-0.6622075
1.7032163
2.500165
-1.1835709
-3.0133579
2.9075036
0.3885433
-0.8189908
-4.613847
-1.0250043
-1.4630345
2.9602425
-0.7338226
-0.53456205
0.1725446
-2.3088033
-2.7641883
-0.73846364
-1.20103
2.2058856
3.141839
-2.8058717
-3.0729327
-0.49398202
-1.25448
-1.0446875
0.23823097
2.399943
0.7479531
-0.9126226
-0.035027683
1.3577281
3.3449616
-1.4024051
3.369302
0.85740054
-0.6252851
1.4622995
1.3435205
1.423859
-0.76338583
-1.3807597
2.7411413
2.8746345
-2.838503
1.8094968
-3.452609
0.5184586
-0.89494586
0.8895731
-1.236696
1.6772428
-1.1241102
-2.0477443
0.9699699
1.8187402
-1.5010533
0.28438416
2.2185228
0.3453991
2.2693048
-0.9981128
0.80156183
0.12176356
-1.1846735
-3.7257159
-0.20319551
1.3570753
-0.87979794
-0.3838948
0.26975313
0.43647268
-0.4509638
-0.77757955
-1.5826468
1.791536
2.3820295
1.7989901
1.1223462
-0.45927924
2.543915
0.68217075
-1.2294688
0.4758414
3.8670244
1.9310385
1.9759781
-0.54184943
0.47590613
-2.940572
2.376159
-2.515817
-0.22803867
-0.91031224
0.7945694
0.3384372
-2.1760135
1.8525759
-0.3963216
-3.0386894
-0.42666095
-0.0822333
-0.6979281
-3.0290875
-1.336675
-0.0019730516
-0.23664871
-0.2758482
-1.9799924
-3.4182587
0.34061146
-1.7837566
3.0073373
-0.20106828
2.1080427
-1.450893
0.6122879
0.78085136
0.030592732
-0.76029605
0.8387956
0.6934009
2.3247697
1.5674646
-4.0510592
-3.1803355
1.6239078
1.7807863
-1.621624
2.6099124
3.1781836
0.28782734
-0.94787115
2.3125005
-2.3957386
-0.33373994
-0.05770371
0.09024628
0.4140582
2.6455674
0.82696146
-0.13792804
-0.7646146
-3.5718634
-3.052689
4.939988
-2.0849066
1.3696959
-0.88855267
-2.207108
-0.6537757
-2.9184723
0.94952536
1.3235023
0.19939092
4.414036
-3.8487008
3.607654
0.7651512
2.575057
-0.038126297
-2.232992
0.2008868
0.36760345
-0.0791012
-4.2730036
0.71278894
-0.3612996
2.3594337
-0.67645854
0.14607769
1.7284695
-2.7178264
0.41591704
-1.6599367
0.36885723
3.6127987
-0.006970957
0.51558805
0.047144026
0.08580039
-4.293052
-4.2210617
0.7963898
-0.802281
-2.2482302
2.4801078
1.2665316
1.7743727
-2.6064434
-0.5095714
0.86671615
-2.7828536
0.80199504
-0.29379147
2.4490361
2.2516732
0.09045543
-1.101164
-0.46149206
-0.5051192
4.0912247
1.9408703
-1.9006809
-1.246204
-1.5659695
-0.26940006
-0.37484923
1.9672934
0.31854704
2.6621761
-0.671846
0.89138126
-0.7979764
-1.3024927
1.2905828
1.103428
-0.061559863
4.6915665
-0.15676978
-1.5374199
0.5904927
-0.7811583
2.1422944
-2.6323586
-4.367386
-1.0212951
2.9663157
-2.316134
-1.0968574
2.2917545
-4.4516215
-1.3040167
-1.744789
1.7867161
-3.1479201
-1.0270159
0.49525273
-2.5347116
0.9852874
3.5567136
0.90215236
1.0857395
-1.747478
-0.91287047
2.6172469
-2.971432
-0.5476134
0.24401256
2.520713
1.67665
-2.8784008
0.031588882
0.97896594
-1.8839895
-3.3814893
-3.295209
-3.1804662
-0.8516811
2.967284
1.2441187
-3.1701508
-1.5149087
0.65801775
0.54119843
-0.44045633
-1.3063477
-0.12200802
-1.5670878
1.1247501
0.1596703
-0.51572603
-1.4338511
0.047110498
0.09291887
-0.9989003
1.7311747
-0.42545965
-3.610524
-0.5226163
-0.75187373
2.804931
-2.8381834
0.8295193
-3.8705647
-2.7027555
-2.1066394
-1.1482174
2.627425
1.62815
1.068788
-0.43164864
-2.2057874
-1.2541629
1.0427316
0.9098739
-0.6546923
-1.3250632
1.3873774
0.9742919
-1.629635
1.2296073
0.984281
-3.6984475
-1.3723319
-0.13618359
1.3646696
-1.4999527
1.8395077
0.58898365
0.44478798
0.26574153
-0.46410555
-1.6048114
-0.22538076
0.14232947
-1.3893496
1.9617114
-0.6222304
-1.5789608
2.1931548
0.71641946
0.36790466
-0.3147588
-0.51502585
-2.9305801
-2.445739
-3.1649723
-0.4441554
0.5985757
-1.2042844
-2.307354
2.859337
2.1617622
2.6214974
-2.197212
1.1444821
-1.6575615
0.19962806
-0.07234704
-2.258166
0.47334942
1.4147887
2.1920488
-1.8262479
-3.0732539
3.0392835
3.6118925
-0.2358141
0.9734162
1.2011915
0.7220628
0.46457562
-1.238399
2.5001085
-0.26725632
-2.0227292
-1.5991468
-0.7409887
-0.9521923
2.826587
0.73571944
1.4803861
1.6372936
1.1567004
0.45555985
0.5360778
1.2076486
-3.3632717
1.1527498
-0.74230427
0.28350016
7.4746094
1.1794343
1.8916432
0.67501986
1.3806741
-1.6657858
-2.1235664
2.08402
-0.3067294
1.0782763
-1.0990583
0.77885264
-3.4847987
-0.64094996
-2.4734516
1.5058856
-2.493876
1.6781042
1.884069
2.9555047
0.8522637
2.8316498
3.2806423
0.49847314
-0.70093477
-0.74297035
-2.4724197
1.5483341
0.04660268
-4.016404
2.1861017
-3.9710252
0.43001476
2.7064595
1.8834924
3.7810605
-0.2447889
-0.8307671
1.9949392
0.8832097
1.1189271
-0.9255659
1.3099825
2.046674
-0.09453408
-0.6231353
1.9580215
3.0410137
-1.1321857
-3.1990528
0.95438105
1.4373691
2.054293
0.8642552
-4.61046
-0.9862453
-1.5028255
-0.04215101
0.93448484
-1.6315682
-2.0984013
1.5926396
3.1831925
-0.756834
-4.2081733
-1.7027155
-0.916375
0.26201305
2.404652
-0.44331598
1.2911065
2.079723
1.9976497
-4.1350703
-0.7388945
0.76836634
-2.4059367
-0.3809418
2.5196896
0.7972892
0.06666884
-1.852475
1.7957498
-3.00645
2.1572018
1.7602584
3.2968287
-1.6079761
-1.1958444
1.1448302
-2.4860423
-1.3783345
-0.6149317
-2.563243
-2.358665
0.45576438
-2.8482075
5.0381637
-0.4366406
1.57385
0.77210367
0.23613094
-1.8039922
-0.77835476
1.0465074
0.43059787
0.68517053
-0.29327175
-0.86227316
-1.0226085
-2.468324
0.3959329
-0.18385693
2.0310557
1.1652387
0.4073354
-0.41412026
-0.5750619
0.0042410195
-1.196164
-1.0807171
2.5015614
1.5579685
1.732708
-0.33728796
1.1367731
1.5968611
-1.0696925
-0.75616664
1.0805516
-1.7477721
1.7788584
0.7825752
0.17262357
-2.5167205
2.6660812
-1.2760992
0.61597174
-2.2084115
1.2954025
0.7218146
-3.0148754
0.04286042
-0.8606902
-2.2042441
2.2077568
1.6085362
0.7680947
-1.641055
-2.3294787
-0.12695518
-0.023955323
-3.2793858
4.429703
2.3302507
0.75861543
-0.7701107
-0.4419343
-3.1708665
2.1200378
-2.0433476
0.6753429
-0.8696676
-1.3397518
-1.6451749
-1.2512162
0.35881793
3.231471
-1.1193053
-0.27186084
1.7985651
1.9053459
-0.60936505
1.3895655
1.4613008
-0.6025399
-3.0230782
0.18333465
-0.113491
-1.0438958
-1.6087534
-2.5727608
-0.81554943
-1.3941548
-1.271047
0.5995683
1.823136
0.24613938
-0.45454678
1.9775685
-0.03521446
-4.073743
-0.92645234
-2.2566607
-1.5127047
-3.0474749
-3.2493315
-0.4977041
-0.5665329
-1.0415722
-0.6669536
-3.6948442
0.6857027
-1.393191
1.6205689
2.6056385
0.3400413
-1.7299246
-1.1983724
-0.339681
1.3923486
-0.828583
1.6013293
1.3428158
1.0580393
2.8562317
1.234561
1.0764416
0.36514607
-0.85761404
-3.8506882
-1.401258
-0.5703309
1.1851691
1.414001
1.0355227
-0.7124778
0.26391134
-1.5942241
3.853473
0.5395166
3.2832434
0.3367808
-1.7663039
1.4946622
1.8160052
-2.0225542
-1.2435595
-3.4096684
-0.8254593
-4.526913
2.8797092
-1.1043621
0.4726979
-1.109186
2.4072053
-0.27296042
1.3090037
0.43964055
1.4830667
-3.248849
1.0331302
-1.9146136
-1.2652414
2.1725955
-1.2794738
-2.0714803
1.4789331
-1.6753796
1.7312603
4.376488
-2.3074381
0.22814474
-3.113447
3.8498728
-1.1564665
1.6519319
-0.4912236
-1.4123993
-0.51488554
-3.028538
-0.2547739
0.5601649
-0.34109145
2.3961627
0.009158656
-0.20315722
-2.1686351
-1.1281033
0.9974774
-1.9818339
-1.8678403
-1.8433156
0.0873018
-0.118603505
1.2703282
2.7425508
0.8219224
-1.1651267
1.5952404
2.1219068
-1.301103
0.49377558
-1.4311641
-0.6816499
0.06149225
1.3668492
-3.4897206
0.20146552
1.6884007
-1.3719845
-2.6780038
-1.1791267
0.67967063
-4.6836195
3.3943646
-1.192037
3.2416246
1.2027732
-3.587638
-0.38972625
-0.67442834
-2.0468245
-1.9167168
0.97658837
-0.9131056
0.7985953
-1.8161713
-1.4536899
-0.775081
5.947551
0.98854107
-0.47076726
-1.6473984
1.0038172
-1.4536645
2.973458
0.43941343
1.5236803
0.23342681
-1.446414
2.3410969
2.9352107
-0.47289208
1.7788734
2.0784404
1.1643134
-0.5311116
-3.6946673
0.53902185
-0.7425346
-2.8345308
2.3627124
2.4777985
-0.45964223
-2.7997086
1.3251548
0.1587694
-1.2268251
0.33155853
-3.062088
0.23992378
-1.2613258
0.07613324
0.619537
0.54925495
0.17466491
1.5394098
-1.0870085
1.8078867
0.06505676
1.5338845
0.09511938
-0.25852746
0.19328368
-0.09807802
1.0793347
2.5128744
-3.041458
-0.25893426
2.340982
-3.0592813
0.6209723
-0.7033903
-4.771187
-0.9477082
4.196252
3.5284016
1.2474159
-1.6948044
0.60335684
-0.7797795
-0.2760822
-0.30538034
-3.9316397
2.6490345
-0.763288
-1.9659299
1.8284855
0.9402952
-1.6310239
0.13351923
1.7376006
-0.10307511
1.4740899
0.00047168136
1.3099005
2.925839
-2.3036034
3.0887516
1.9937465
-4.3673806
-1.708365
1.9621862
-0.17695497
-3.947038
1.8880737
1.9378637
0.6990408
0.030418903
1.8329946
-2.1075623
-4.3882327
0.56319016
2.614527
-1.4032502
-0.11017608
0.48924673
0.60707426
1.3410506
-1.5051612
-0.15679407
-0.05049671
0.4734184
-1.2239128
-5.5927744
0.81974316
-0.59475195
-0.0411087
1.3208665
1.8451387
0.08734569
2.2548704
-0.05283702
0.14182422
1.7109979
-2.7610812
-2.2519197
-0.07544792
-3.1532235
4.933146
2.351024
0.9978978
-0.9198444
-1.9008521
-0.2622628
-1.52982
-1.6578239
-3.4899626
1.5347272
1.4059973
-0.8778134
1.9564402
-1.103142
-0.7406521
1.7414726
3.9904828
0.00373289
1.4858096
0.6370143
-0.5295142
-1.6202848
-0.17992097
-0.84496677
-1.9759299
1.7091054
-0.31698394
1.770435
-0.7973323
-2.17101
-2.296786
-1.6750866
-3.3542352
2.072575
2.3370113
-3.439798
-2.9480536
0.17386878
0.09890406
-0.023204975
1.1582917
-0.5170332
-0.72090405
-3.559527
2.9809716
-2.1123714
2.2958217
-0.18475541
-2.3196368
-3.5921676
-0.6936322
1.8542535
-3.3712428
-0.7100228
-1.2023937
1.1289043
-2.1495652
0.2338092
0.28119525
-3.3722448
1.6873628
-0.47892383
-0.68717676
-0.8294703
0.009491757
0.6435631
-3.0264437
-1.407433
-4.381052
2.0975735
2.1034
-1.1446149
2.21628
1.5177424
-1.1486965
0.8906348
-0.014162574
-1.036932
0.699056
-1.8009789
3.304767
0.38499248
-2.1329505
2.7203457
4.056694
-1.5890198
-1.5894368
-0.082964696
-1.393738
1.5682843
-1.3954481
0.10475287
0.09640292
-4.890988
0.5962567
1.1350585
0.5102573
1.8414588
2.3393123
1.3597436
-0.70079696
-0.83523667
0.8133721
-2.4713693
3.1316063
2.5456119
-1.3398695
0.44008237
-0.58807945
-2.951576
1.1251465
-1.3599352
-5.9424076
2.18922
2.3542168
0.11979277
2.9049244
0.31774828
0.9217736
0.7833213
-3.177167
0.49104652
-0.7809858
1.7003095
-1.3110806
-3.131127
0.12172318
-3.1990857
-3.624856
-1.8910713
1.128692
-1.9220299
5.5356236
-0.2519803
-2.1212528
2.8284981
-1.4712605
1.8232874
-0.3815555
1.9379048
-1.7108414
-0.9211425
0.26954454
2.0146008
1.2166133
1.5897269
-2.063692
-0.46334016
1.5214818
0.19616663
-0.8501358
0.7178301
0.8534165
2.4095874
1.1350408
1.6125659
-2.3579278
-1.0334884
2.5138566
-2.932461
0.1268078
0.4247539
-0.07384639
4.3554907
-0.5412676
-0.78746027
2.3658519
1.4302967
3.6129026
2.297022
-1.6051595
0.75002223
0.28975642
0.28984225
1.4967242
1.4019909
3.2386472
0.29168996
0.0084798485
0.34589234
-0.42385578
-0.68412304
-1.7211713
1.1390145
0.08610761
-1.6267003
1.2008146
1.1121686
-2.2996073
1.5956163
-3.6520088
-3.153837
-2.2922416
-2.5746093
-2.756804
1.5541252
-1.6316715
-1.992566
-1.7491606
-0.10630589
-2.1188939
-3.0446782
0.14619446
2.8472054
0.3400852
1.2923528
-1.9613129
0.02848244
-1.5379915
1.1819377
-0.8006423
1.36655
0.16588923
-1.2761309
4.02363
2.8973253
-3.2764244
-1.1477393
-4.808766
1.267967
-3.7614248
3.3584337
1.40346
1.077453
1.8964531
-0.40439507
3.4046855
-3.6623206
-0.77602834
-1.4792945
0.44830674
-2.435107
0.05110442
2.5569673
2.0020447
-0.5309684
-0.32393914
-2.9419305
2.5033615
-4.242968
-1.7803396
0.7762042
-0.17720148
3.3279886
5.0301723
-1.3843864
0.298972
0.97743374
-3.4844837
0.22543293
0.85569316
1.7483029
1.7175273
1.8177702
-0.0703135
1.5149932
-0.47894117
-0.16417864
-0.11854072
0.45300525
1.3824898
3.4890141
-0.74245447
0.1857855
2.0511093
-0.053431056
1.1328682
-0.941756
-0.36894944
-0.41593406
-0.99078596
-0.05045712
2.3742592
0.18304455
0.13720088
-1.5154792
2.3575425
0.5595239
2.5445807
0.13740957
-1.2786751
-1.8111758
-1.0917028
0.5799326
-2.3545773
-1.4712342
0.25094286
0.22801653
-1.139795
0.57223773
-0.25766668
0.08304473
-1.2280861
-2.3680255
1.0298904
1.6917944
-2.493852
1.0796938
-0.18479595
-2.803109
0.21860087
-2.1942902
-0.21769895
0.95063
-1.013955
-0.6575174
-1.4974589
-1.7682815
1.3632877
-0.08584447
-0.28305545
-1.9181069
-2.5459003
0.6025992
-0.3297217
0.7030062
-0.28224447
2.6376348
-1.5293918
-1.5812736
1.8237783
1.6470908
-1.0683501
-1.6669217
-1.6308694
-3.0798907
-1.2405823
-0.6868493
-2.0608912
0.50157714
0.028503671
-0.83184856
2.796979
0.78483075
1.299424
1.4665924
-3.3621922
0.058252506
0.62450445
1.5177423
-0.4874121
5.0005174
-0.18027599
-0.2922326
1.6270692
2.2478647
1.5046378
3.0818725
-1.6523457
3.2929409
-0.5482149
1.0578058
-0.91026664
1.442932
0.6523004
4.1273737
0.46359617
-1.1919321
3.2475588
1.0757952
3.5479543
-0.33034104
-2.502373
3.273911
1.2475797
-1.4881359
1.1921865
-0.26004744
1.8811179
-3.2756236
1.5046552
-2.9883268
-0.65386385
-1.6682993
-1.7821324
0.51091933
2.1980727
1.3641704
-0.58963984
-0.42663488
-0.7831055
1.689778
-0.015801877
-0.97813237
0.7588925
-1.6278197
2.206565
1.333385
1.7497911
0.9653203
-1.8592457
-1.3667765
-0.15458708
-3.3806753
1.2078958
-3.3927593
1.0660576
-1.0932353
-4.5445232
-1.3028882
0.24800181
-1.579058
0.41897354
-0.845296
2.732065
-1.4604015
0.5131842
0.8737963
3.1618447
0.88225555
-0.6220979
-0.8605388
-1.7901782
5.1993704
0.80618477
-1.6412297
1.3226774
1.7564878
0.4997674
-3.6969612
-0.8376861
0.9696385
0.915025
4.4757953
-1.4493108
-0.8564784
-1.3910197
2.1950867
1.3143563
-1.1734495
3.920696
0.60672545
0.5381057
3.8478076
-3.7553594
1.3567891
2.612898
-1.7684381
-0.48069173
0.6016879
-0.10644425
-1.6505703
0.6818155
0.18878499
1.6836512
0.66502345
1.234169
0.5562103
-2.8631265
-0.68164444
0.5712074
-1.4526885
1.7154158
-0.16252784
-1.4707992
2.3940825
-0.6836213
0.6912539
-0.56683785
0.4380839
-0.23424551
1.6003007
-0.74374205
2.0199814
0.81780463
-0.6567305
0.005955711
-1.4680237
0.08149689
1.6156582
0.07273102
-2.8750217
0.10669205
2.0956779
2.3746722
4.3809266
2.382487
1.2393838
-0.37404186
2.2425067
-0.34739757
-0.6718107
-0.57832533
-1.5157952
4.8365703
-0.57092804
1.8824062
-0.63598067
-1.530065
1.0188158
-0.71535325
0.50894696
2.5534909
1.3010215
-1.6623695
-0.7137602
-1.9867761
1.522828
-2.8803608
4.968367
0.3740337
-0.85040486
-1.8067828
-1.8283753
0.925251
0.0025399849
1.6148156
-1.2519481
2.407889
-0.060065024
-2.7977748
-2.8866878
1.7301321
2.3404775
-0.06632897
-0.055220135
0.35229623
0.9398311
-0.40288138
-0.013895087
-4.049566
-1.6094211
2.4534955
1.2206727
-0.46586615
1.7969261
0.56341726
0.83263576
0.3736835
-1.5123619
2.8470304
-0.26353192
-0.8339358
-1.5056112
0.7523679
0.64165133
1.0634903
1.0572149
2.9536192
-0.55028796
2.668714
1.2810953
-3.336491
-1.997889
-3.5162725
0.7420807
0.027874626
-3.7420142
-1.6290553
-1.4361278
-0.61108303
1.506679
-1.1874998
-1.0192906
0.226681
-0.7338294
-1.6568798
-0.76979166
-2.0409412
-2.1690507
3.6038082
-0.66291493
-1.2536516
2.5938954
-0.19260558
-0.68734986
-1.1730187
0.59868497
-1.7137519
-3.4212868
1.3997179
2.7059822
0.8246081
0.79055196
-1.2172928
0.5591897
0.45385647
-1.0239879
1.1445785
2.3098485
-4.4521623
1.3027034
3.9370797
3.061758
-3.10003
-1.2500122
0.97847044
2.734082
2.574717
3.9600942
-3.995092
0.18071988
-0.94237584
0.17507723
1.7409796
3.6371043
-1.1041051
-1.6891128
-1.4853219
1.50489
3.963503
-0.1831645
-0.04536371
0.9462004
-3.1905897
0.5002819
3.9657068
0.53405106
-3.6842074
1.0903218
-3.3676775
1.0319917
-3.6331675
-1.9767144
0.23416767
2.9836895
0.6679521
-2.3280566
0.15500963
0.0006076582
3.122004
1.3619288
1.7155515
-0.34560126
-0.07820887
0.558861
3.008267
1.1543293
-0.8487622
5.455994
-0.12875906
0.3560374
-1.221928
0.72438866
-0.53258216
-3.6953068
1.2840047
0.40956497
0.25391915
1.2118897
-1.0613459
1.0816352
0.12166079
1.8869708
-0.08284912
0.013070092
-1.4973953
0.039874405
-3.549483
-0.9678456
0.77101827
1.2792596
1.9970634
0.2373208
3.5816364
1.217851
-0.9083744
-2.7484612
-2.485738
-3.7706006
0.05737427
0.27474415
-1.9827414
-0.6425202
-0.36355636
-0.22273362
-1.6293477
-1.2037847
-1.8213874
-0.14141347
-0.7688809
1.0105473
-3.6053169
0.044223066
0.58541757
3.2290473
2.3610468
-0.35407704
-0.10600896
1.0508437
0.59398836
-0.6565945
1.1359035
3.6715944
1.545875
-0.38291353
-0.6489362
2.0201259
-3.017409
1.5865247
-3.9767818
-0.17569421
1.8371154
-2.1368198
1.735778
-2.146792
0.030953284
0.12758824
3.3936167
1.2373736
-0.52385104
1.7610353
-0.03739257
-2.0070152
-2.1068432
1.1677926
2.6341715
0.31785628
-0.11507488
1.802319
1.5608516
-3.4417486
-2.54292
-0.8866252
-1.0219507
0.144483
1.8991379
1.0552266
1.6059616
-0.46176362
0.7021794
0.7866011
-3.2024887
-1.2535814
-3.469099
1.421606
-4.260177
-2.0287852
-2.4347982
-3.158071
0.48597798
-2.8627424
0.44549647
-0.65147954
-1.4202026
-1.7818763
0.270831
3.3248148
-0.26593903
-0.676131
1.8951639
5.4575124
2.6371973
0.82331896
1.1377035
1.0688219
1.1522136
-1.3031882
-0.43415242
-1.6842159
3.0114167
-1.3894681
2.6310096
0.7637002
0.69188774
-1.1719897
-0.73543864
2.2132943
0.2287722
2.511562
-1.6712668
-0.53164995
-3.532647
0.72427356
2.3152344
-0.61098695
2.7672508
0.46096337
-0.5441511
-2.0941596
0.14617914
-0.7213351
-3.0447006
0.09014809
0.33117834
-0.5225664
3.1486454
-0.07595207
2.3897038
4.209571
1.9533626
-3.4133039
4.650869
-0.5679971
0.91215897
-0.6428589
-1.7184883
-0.74598914
1.7516912
0.23408495
-0.89250606
4.645406
1.5475138
1.6253924
3.6105828
1.0276233
-1.1592908
3.641684
2.6051435
2.9972746
-0.40814853
-0.23893708
-2.780574
-0.4763046
-4.133123
-1.9726988
-0.2769236
0.4302644
-0.5277418
-1.4242991
-0.90532637
-0.91666424
-3.1660812
2.8253288
-1.9878001
1.6648995
1.6639643
2.5077224
-0.6199354
-1.6045249
-0.34992236
4.145158
2.5951085
-0.549057
-1.9790376
0.35031298
0.4734409
-0.8526195
-0.49195433
0.99307156
-1.7653872
-0.10642745
-0.62345994
-0.4740896
0.029632539
-1.6339812
-0.07991988
-0.76251674
-2.2551818
0.6240886
-2.353559
-1.4799312
-1.162358
-2.2309198
4.7269464
-0.49827373
0.31147027
-1.4015987
2.5266826
-2.2091744
-0.47455528
0.9591399
-2.2840126
-3.4880843
0.028471634
1.2288439
-0.54649997
-0.89774066
1.0766169
-2.290708
1.842404
0.5704324
-0.76505977
0.4332107
-5.0594425
-2.371418
0.46857792
0.118623026
-2.0383456
0.9508221
0.29982233
-2.6072319
1.5202667
0.18913794
1.2991587
-1.1246595
-0.8913013
-0.95798254
0.9167992
2.6228724
-3.347842
-0.13321659
-1.1041943
-0.15590926
-2.00693
0.89161336
-0.88382775
-0.9268661
0.72119814
-2.6424353
1.0878754
1.1818782
0.47510946
1.1175246
-0.48467165
-0.96801347
1.6415775
-0.60297704
1.350415
3.3054397
3.15013
-1.351603
1.1973554
0.98958915
1.8438263
-0.23816174
-0.54576564
1.5826144
-4.642252
0.85136724
0.14323151
5.1466174
3.4606798
-0.110891424
-2.5279121
2.4580703
4.561664
-1.27032
0.0879388
1.1473988
-0.33387142
-0.47207502
-1.2592056
-1.7763865
0.1363036
5.0880313
-2.8091714
-0.13927576
1.7901601
2.3379126
0.11765826
2.3583162
0.5317492
-2.5187087
2.4363935
-1.4384456
-2.5203743
1.1226931
-2.3588767
-1.8638511
1.0806258
1.2746702
0.027895465
-4.2635655
-2.6424894
1.5901645
-1.483232
1.0195799
0.77891624
2.6465452
-0.058261193
0.27043545
-1.1486788
0.6554584
0.4881051
1.181392
-2.4945776
-1.4799482
1.7230905
0.6911036
0.032499254
-1.539546
-1.6144147
5.433854
-1.2559587
-3.3702214
-0.4396134
0.5605616
-0.06906759
0.15816787
1.8631516
-0.39208993
-2.0291567
0.80560976
-0.6538013
2.6441407
-0.86282194
-3.5563169
0.20132884
4.129322
-0.62012357
-4.588225
0.5993943
-2.833932
-1.9835844
-0.3662771
0.9099323
1.2740799
2.6778927
0.7312086
0.04060695
-1.280714
-1.7860844
2.0206265
2.0996506
2.168789
3.6431122
0.9192999
2.7281408
-4.621588
1.469012
-2.8087204
0.97801715
1.1526693
-2.2691755
-0.52287775
1.293187
-0.24352622
0.49632725
0.5835499
-1.3062367
0.5049011
1.0707688
0.038633
-1.896578
-1.5574411
4.4403644
-3.7560656
-2.656468
2.6152287
-0.4495409
-0.28869197
0.75608945
-1.2689693
0.8478727
-0.78998464
-3.4271588
0.25550252
0.15268484
-0.61375844
0.16344675
0.5682907
2.7592444
-3.674524
-1.460477
-2.303137
-0.35157144
-0.54242504
1.615621
-6.0368
-0.73377687
0.7078579
2.6843781
2.2874448
2.1683674
-2.8400514
0.577205
-0.137442
-3.1490476
-0.46242908
0.75185907
-0.2596836
-1.0473815
-3.9866438
0.7777529
-1.8990968
0.27880225
0.04670626
0.87054396
0.7234655
1.5736334
-2.607579
-2.280764
-2.8259783
-2.6750188
3.5667179
4.245589
-2.2417097
-2.4171827
0.4281006
0.6025354
-2.6732912
-2.5181308
-1.4016987
-0.68879545
-2.8027961
-3.4356997
-1.9367741
0.47037482
-0.948404
1.23398
-1.6178838
-0.12941092
3.033177
-0.61236143
0.9457624
0.53167564
-1.25562
1.1723529
0.36514091
0.32529783
0.62109804
-0.09473062
-2.1377823
-0.941502
3.1180778
-0.7104065
-2.0125303
1.8285975
1.168597
0.34210622
1.4786056
-0.34266418
2.2660987
-2.2588158
-0.85995585
-2.3462658
-3.6214247
0.49401748
-0.3610275
1.7492251
-4.2099733
1.2777358
-1.8815777
-2.045316
1.1662643
-1.7756318
-1.159827
0.863107
0.6202922
-1.6441665
-0.47805133
-2.0841618
-0.063879475
0.41518965
0.8368897
2.8961918
-3.0232542
-1.8213253
-2.9829948
-0.068353474
2.6790097
-1.759487
0.7495656
-0.3563806
-0.039094448
1.877024
1.8533536
2.6104114
2.0382943
0.38413808
0.615856
-0.74915785
-1.6082435
3.8175097
-1.4568398
-3.8370395
2.0777602
2.1050735
3.4170322
0.82668996
-3.6085958
-1.9058901
2.4639342
-0.2572493
1.0952024
-0.77646106
1.720954
-0.67032427
-0.12743169
-1.2708102
1.6309552
0.78157616
-1.1646408
3.2548518
-0.9830847
-2.114297
0.99919224
0.60044986
0.94936293
1.2626795
-3.268335
1.9351403
-1.028263
1.3091
-3.0239372
-0.6115292
1.6789105
2.075481
-0.43255037
-1.960641
3.8562803
-0.40467882
0.23052856
2.6795766
0.61374766
0.48519105
-1.2892404
-1.7164571
0.93740815
1.5802538
2.2831786
-1.9016196
2.535007
-1.1880888
-0.14818236
1.4128243
-1.8386456
1.1340331
1.0945312
-0.8806355
-2.6080709
2.0312767
-1.8491498
0.98922074
1.2995617
-5.4201345
0.51687855
-0.19820806
-3.0934813
5.966067
-1.9010966
-1.2518754
-2.5356333
-0.10217338
-5.5297422
-0.5111322
0.036786355
0.11907307
-0.3837618
-1.3321084
0.42707843
-1.8787631
-0.50786805
2.2592356
-0.98828524
0.5034048
2.451038
0.079123914
-1.0222583
0.5982361
-2.2969007
-0.9322274
0.4782017
1.4732317
2.5616608
1.664488
-3.6904478
-1.5684006
-3.8833973
-1.1485728
0.91465217
3.1831691
-0.4386922
0.9818585
-3.4613912
1.0699489
-1.1379656
-0.2552712
0.9522973
0.88381076
-0.7344489
-2.1263251
-3.166925
-2.126319
-1.2869291
-0.24506496
0.032595865
-2.0596282
-2.801171
0.31267455
1.2430127
-1.0514351
1.5586141
1.4264663
-1.1767482
1.1813427
-0.23526001
-3.3069236
2.3738337
-0.10162612
-0.1746405
-1.9633046
1.06301
-1.8121914
-0.46853673
-0.47761253
2.1105797
-1.111842
-0.9890278
-1.68481
-2.460538
-1.3496122
1.7367638
-2.303633
1.094978
-0.14858824
0.9562691
-3.125995
-0.6930666
-2.0021524
-0.66155654
-1.3876182
-0.26577923
-4.0722866
-0.66031235
0.118925266
3.4304764
1.9214934
-2.8338017
0.6955121
-1.5180699
0.8244394
-1.006311
1.5942932
-0.44339207
5.5083327
-0.77589226
-2.8171341
-0.4780074
-0.6319527
0.9234245
-2.6255817
2.8330007
1.2214185
-0.8312251
-0.9745896
-2.1978302
-0.61883456
0.8393703
2.7524564
0.4792358
0.15010427
-0.7879141
0.71904534
-4.0442305
1.1822913
-0.41346347
2.1939566
0.29076254
-4.296739
-1.3822454
0.23409998
-1.089911
2.9641204
1.2462852
1.2641542
1.4466765
-0.31545016
-0.14846794
2.670995
0.33581713
2.3010871
-1.6383457
2.9183424
-1.65108
-2.1863322
1.5904227
-2.5758371
3.2960362
0.9735933
0.4072171
0.05539158
0.21373889
2.7494133
2.8362834
-3.2521636
-0.051936604
0.29795548
-1.5899986
-2.1607025
-0.017812148
0.24550581
2.6069427
-2.0840902
2.1292953
-0.7463436
1.0488681
0.10878656
2.6513796
-4.288191
-1.7913417
-2.6352863
-1.1947145
3.8530083
-1.8679574
-0.90633386
-0.6349079
0.26119062
1.0729069
-0.4894992
1.0542343
0.43438187
0.39128128
-0.41950244
-1.5274577
1.3317941
-1.2978455
0.2129581
-0.7817682
1.5305891
-0.94750655
-0.24708444
-1.0446368
-1.4797189
-1.2381144
0.2520649
-0.40025085
1.9177682
-1.340637
3.2103643
-1.5043702
0.8273178
1.4831588
0.4172799
-0.19051945
3.5236244
-0.42299348
1.1296952
0.46450314
1.2284137
-0.02587337
-2.470973
-0.89982057
0.9520173
1.1063247
-0.889907
1.762221
-1.0744126
-0.9609854
-3.761019
-0.69789815
0.86949867
-4.1816096
0.4217133
1.3371365
0.5424223
0.9378122
-0.82278764
-0.20660126
3.9021919
-0.84986037
-2.8580668
1.0262375
-1.7620661
2.4463108
2.1760712
0.30718637
3.4795225
-1.1181868
-0.48693419
-0.24069366
0.53518045
1.9455982
-0.8649524
1.0017086
-0.89855766
-2.8921785
-0.54461414
0.48696923
-1.3980312
-0.30123502
-1.2801763
-1.2180856
-1.1442393
-2.242435
0.23896727
2.9501173
-2.4008024
6.832547
0.15580484
-2.4424126
1.8826896
2.5683475
-1.1295421
-2.851471
-0.08489474
-1.599251
2.2097342
-1.4687514
2.0228198
-1.4957933
0.95617044
-2.4013684
-1.3343408
-1.6225859
0.7887938
-0.37184602
-1.8793088
-0.4182149
1.9814358
1.5717353
0.1746081
-2.100393
0.8224576
2.1868472
0.9100087
3.8023348
2.3731868
0.43375614
-1.0265981
2.7883022
-1.4824988
-1.8855158
-1.5832015
-1.1834267
0.4309545
0.8015074
-3.4856722
-0.17904794
1.654558
-1.8090549
-1.8863628
-1.215749
-3.9135547
0.19809985
1.4141116
-1.1296761
-0.43465033
-0.34811938
-0.044146888
0.2924526
2.9198163
1.1380246
0.07838525
-2.2154517
0.9693867
0.7166997
2.465677
-2.2440236
-1.4822409
-1.1663102
6.0749145
5.320852
0.24651703
-1.2894523
1.8966135
0.6904532
-1.1390435
-0.540574
-0.25114533
0.9141871
0.9796684
-0.4673024
0.23509324
1.0543904
-4.74254
-1.4873503
2.0852437
3.6277618
-2.177251
-0.6439685
3.0595632
1.0456333
-4.684338
-0.7009433
1.1672242
-1.8027939
2.2608268
-2.175569
3.0261867
-1.567324
-0.028978616
-2.142274
1.6569221
4.1152754
-1.1648043
-0.18401673
-3.7159002
-2.2496521
-3.1345487
0.3297775
-0.05669328
-1.423106
4.792633
1.7885206
2.0391016
1.1970216
1.9857546
1.1858885
2.2443442
1.1996851
1.6898751
-0.0072814673
-0.21505006
3.1733148
-1.435342
-1.4552034
0.88104737
0.29129717
1.3958033
-1.9543991
-0.39238083
-1.8566909
2.0815887
4.6845937
-1.0546789
-1.7034527
1.178739
2.6562672
0.9492102
-0.68108517
-1.653898
-0.16796821
2.5788124
-1.7364985
2.5651815
-2.173192
-0.51228225
0.3987399
1.5607786
0.062955156
2.9416146
2.9351754
1.8724644
0.59816533
-3.23115
1.3897178
0.42497572
1.19129
-0.94547385
-0.9759992
-0.33588907
-3.061317
2.5596955
2.204433
-0.091889486
-1.4327761
-0.5179346
-0.6141909
1.3834313
2.7235286
0.024888769
-1.240163
1.614057
0.69905174
0.9510106
0.22447848
-1.0873746
2.7892401
2.3219118
0.66573566
1.8588427
-0.38569197
-1.6429789
-0.2819259
1.194905
6.1193
0.29381013
0.14528692
-0.560126
1.5843207
2.5407681
-1.2124927
2.0457702
-3.4531662
-0.6138119
0.8658245
-1.1854893
-1.0354594
-2.9476042
4.366078
-0.0048011392
-2.6055965
1.3724988
0.45727235
3.172677
-2.007137
1.4088703
0.30523896
-0.9934699
1.2122599
2.7778385
-0.5948856
-1.3983754
-0.5524455
0.038437895
1.9033524
0.35326624
-0.9983357
0.6807085
3.795137
1.9979894
0.575521
2.1694887
0.13731816
0.42418855
-0.3955865
3.6885464
0.49668205
-4.672799
-2.8371396
2.0002913
-1.0617515
1.0277097
-2.7481077
-0.390352
-1.4521526
1.1218978
0.6939653
-4.165702
-0.62405914
-1.1123512
-0.95961064
-0.80782133
-1.818449
-1.5375879
-0.355959
-1.1355004
0.6656337
-0.542686
0.76018125
1.8858644
2.1274612
-1.5721061
-0.8771977
-3.7410011
-2.126284
-0.56732404
1.3657981
3.5110521
0.62016124
-0.4401662
2.3230498
0.99039775
1.5742815
0.70983154
2.7842698
0.85497296
1.6307739
-3.2717137
2.4039817
2.1372948
-3.7452497
-1.6645397
0.042505965
-0.96226686
2.15102
-1.030857
-2.179321
2.1888323
2.488423
0.36062256
-0.24226046
-3.2980905
1.6941448
-1.1805013
-1.8246362
0.8012165
1.320558
0.79850906
-3.7832425
0.19693097
1.8363805
-1.7892079
-4.0560412
2.2623413
0.18981516
-1.5432745
-0.5965702
-0.2424317
-1.8139887
-5.119978
0.1293189
1.3809286
0.8142205
1.1647829
-1.1639048
-2.311251
-0.2144961
0.5345473
0.2804699
-2.3405454
0.20300803
-5.1548896
-0.24026215
-1.5019661
-2.9780557
-1.3545041
2.3357003
-0.4677009
-1.3994082
0.1820909
-0.8085734
0.20563638
1.8230262
-1.9892391
-0.7434189
4.025338
0.81785375
-1.7516645
1.2041544
1.3257788
0.3776752
-0.6139035
0.18639502
-1.739147
-3.3276227
0.05415888
3.0275416
0.12427713
0.48566946
-1.6105887
-2.6823525
1.4478337
-1.1085048
-1.2437085
4.0728817
0.39286757
-1.1525468
0.7700153
-3.175438
-0.29892635
1.1098789
4.2321105
3.3608544
-0.0452157
0.0699525
-5.6651535
-0.98220104
-1.560996
1.7265736
1.0925647
0.688986
-1.3359599
-1.4499687
-1.5996544
-2.1825964
1.2458175
-0.095491774
1.7914778
0.6098832
1.5069617
0.7061152
1.6127212
-1.5211478
3.7909768
1.552275
-0.09228611
1.7189914
-1.1834775
2.8487806
-1.234391
2.138372
-1.164428
-0.7346657
-0.8584871
1.026858
1.6969695
2.8208907
-0.6817009
-3.0091388
2.8092842
-0.24616578
1.2139678
2.4893277
2.7039347
0.30895743
-1.0757308
-2.6446135
0.043422103
-1.7269844
0.1281688
0.06426247
2.624205
2.5643914
-0.31167853
3.8991015
-0.46838552
-3.274897
0.8709933
-0.85761964
1.077936
-0.022506729
0.8248513
-0.936464
-2.3442514
-2.7389398
-1.3839713
-1.2270252
1.2774792
-2.4418657
0.92159635
0.72642344
1.3505769
-0.00050967187
-2.784632
-0.34639135
0.64745003
-2.2626452
-1.2295007
1.2632108
-0.82226217
2.2434978
-3.0125842
-1.3554262
-3.925658
-0.38898975
3.331493
1.2467928
-0.8125383
-0.51719743
2.542822
-0.8882117
-2.6496592
2.9925885
-0.48584718
-1.010769
-0.7470292
2.96693
1.9991798
1.0311258
-0.5258165
-0.01204345
-4.42055
0.9377569
-2.4318538
-0.4373779
-0.06531344
-0.96773523
1.3297894
-2.1337135
1.622581
-3.8819969
0.7449908
3.261391
0.5326521
-3.2693598
-0.09967428
0.31102058
2.2661195
-2.0452366
0.41025233
-1.6366856
-2.6996107
-0.87062746
-1.2345097
-0.41009754
1.390428
-0.882888
1.2936717
-1.327854
1.945584
5.101747
1.3875299
0.65415144
4.5093284
-2.1117268
-1.7775944
3.018562
0.927738
0.14758092
1.8384327
-0.22198716
-0.8288407
2.589108
0.75170064
1.604299
1.3584383
0.83710676
-2.4109378
-0.29354692
-3.1965463
-0.07293228
-0.75359744
1.9991195
0.15374278
-0.24635974
1.1576909
1.5305825
-1.1130432
-2.3325484
-1.1790545
-1.9675889
0.9987688
0.8080971
1.8981351
1.5903965
1.8325518
-4.492411
4.2722387
1.4165342
-0.80104536
1.015765
0.8428927
0.121111125
0.28199145
-1.9942522
-0.16130513
1.002398
-0.7428188
-3.8359578
-2.24205
0.5272902
-3.2352126
0.31501484
5.1772556
4.826087
0.8694251
-2.030402
-0.97029626
3.0453105
0.68162394
0.6962133
-1.1973394
-2.030238
-0.68391836
2.1882744
-1.3305786
-0.49813837
-0.38998428
0.18555935
1.5430944
0.015627965
2.6806867
0.24281809
-1.0474715
1.7227914
0.25063896
-0.70565224
-1.4857283
1.624414
-0.060973406
0.9309451
-1.7298216
1.195928
1.423719
-0.9394497
-2.8044667
-0.15929209
-0.50539047
0.5305074
-1.7927284
-0.34072876
2.080321
-0.4971595
0.20400868
2.0272815
0.3355953
-2.6646175
-2.2630908
0.9403322
-3.9983737
-1.1393073
-1.9299659
0.7942979
-0.81156707
1.1301869
-4.730244
-1.8867815
3.731269
-0.5106951
-2.3212917
2.0792193
0.033155046
-1.2052922
-0.6681865
0.22926778
-0.779579
-2.357081
-1.4505645
2.1854994
0.8716531
0.21121314
-1.7658367
3.5367754
0.6459384
3.3886032
-0.55955833
-1.3006966
1.8406588
1.6622777
1.1596864
2.0752873
2.6039338
2.5558722
3.2251997
0.93652004
2.9041905
-0.89805394
1.0800623
0.78647745
1.6959015
-0.88411057
1.3523514
-0.815582
0.22531904
0.7353009
0.33044288
-1.7840188
-1.9019309
-1.5529474
-1.1128302
1.2774737
-1.8373548
0.9623413
0.34976232
1.3380177
-0.26620433
1.6783861
-1.2076035
4.879356
-3.0918162
-0.20455775
-0.516767
-2.1722631
0.6215767
0.6961442
3.183806
-0.88631034
3.4995878
-2.8450727
-0.7051505
-0.80727786
0.009276655
-2.1727622
1.2848414
1.3728203
2.7633507
-1.0974216
-1.5244612
-0.019140594
-1.7948735
0.9177863
0.8070625
2.0179017
-0.58260345
0.18390577
-1.6794723
-0.028685175
1.9386077
0.6272939
-1.158604
2.6445007
-1.28778
2.5774977
-1.1234179
-0.05543998
-1.5983723
0.55236757
1.4321433
0.4611467
0.01241453
1.3012476
0.9021477
3.7248757
1.7579048
0.47990865
0.38369447
1.2278029
-2.3456628
2.148004
-0.16652271
0.74869245
-0.22085756
-5.4232674
1.5026301
-2.1848373
2.6255698
4.559198
3.8103175
-0.669737
-0.5438904
0.008556604
1.2479907
4.6850743
-1.9410712
-0.044007085
0.050317556
0.18391293
-1.89878
2.761713
-1.5708938
-0.857835
2.8057303
2.480457
1.3306513
-0.48107728
-3.194439
2.7021546
-2.3420634
0.62272316
3.207883
-3.1092951
0.7145783
-0.41965693
0.025678515
-2.380149
-2.8204224
1.7837232
-2.829831
-4.9223623
2.7130148
-4.4691815
0.31475455
0.634319
-2.8942819
3.7000093
-1.4882249
1.0748369
3.3432367
-0.34795544
1.4096755
-0.31790197
0.3367883
-3.1051776
-2.7463927
-4.5142016
4.168775
-0.556408
2.0270276
0.7615298
2.7483137
2.1934404
1.8819584
-1.753828
2.8787928
-0.20387858
-1.2694674
-0.1765315
-0.958702
0.095570974
1.970256
-0.37437028
-1.3844994
-0.2690815
1.1415962
0.23071718
-1.6414626
2.4764285
0.24504882
0.8845359
1.8542887
-1.7579234
0.17571455
-1.6778907
0.883775
3.854027
1.3432424
0.87245697
1.2060133
-1.821279
-0.8798543
1.5260521
-2.9472663
-1.161255
-1.9586494
2.015757
-0.3018833
-5.928146
-3.4184706
0.7011512
0.33252072
1.9572862
-1.9304533
2.5765698
0.7173672
-0.99968755
-1.2606336
-0.47921753
0.909125
0.88239825
3.5364316
-0.1183307
7.186791
-3.6900094
0.07564039
-1.0884365
-2.4188497
0.75002766
2.4103835
1.6002575
-3.021627
0.23749532
1.6710757
-0.7667414
-0.027058072
-3.529028
-0.014730893
1.6204654
-1.7426746
0.24818021
0.38357466
-0.6766699
3.4754162
0.8266212
0.6599689
-0.15822387
2.442745
-0.15500078
-0.29341856
2.342989
0.28083533
-1.8213791
0.72487503
-1.2719831
-2.6911685
2.618574
0.2874732
-4.8315606
2.1634622
-1.1825712
-3.1736383
-4.2652326
-0.49272847
0.97777194
-1.5392324
4.291667
0.11765875
-0.5948437
2.5614324
0.9559567
2.8282514
2.6266794
-0.56519186
-1.4317316
-1.8989394
-2.25969
0.088526666
-0.8308857
-0.7211332
-0.10252718
-0.5506539
0.526069
1.9548059
1.0716223
2.3708525
1.4071404
2.0590568
-1.859773
-0.6230819
1.4815729
-0.5204593
-2.7428396
3.3432028
0.63339996
4.125411
3.4678605
3.036529
-0.7176294
-0.8701094
-0.99902976
1.0854497
-0.3030784
-2.3590345
0.94258225
-1.1822537
3.85544
-0.246112
-1.1078229
0.33453918
-1.8463062
0.26835656
1.4871763
0.68392056
-1.5948241
0.8917151
0.18255532
2.0812223
-4.6766577
-2.8988073
-3.5705583
-1.1338156
-1.0206466
0.24201879
3.5666976
-1.8737973
0.07392164
1.3988407
-2.9526672
1.7321507
0.07566681
-1.323945
2.8084905
0.5633548
-1.669444
0.008543875
1.4520626
-1.4239757
2.1486497
-0.2674157
0.10799408
1.8309321
-0.9449507
-1.6027106
1.6221229
4.1261964
2.349541
-3.3897476
-0.6279525
-2.3176858
2.3383367
-4.192028
-1.7952557
-2.1905866
1.0415672
-0.27189457
0.1901972
-0.50651324
-2.8862834
-1.8816874
4.319785
-2.0615628
2.369987
0.8978607
0.08496627
1.6997076
0.031323932
-1.9472384
2.4520905
-2.4773517
2.3057823
0.58137757
-2.2692955
1.819411
5.0511537
-1.5200931
1.0200005
0.52185977
0.34319353
2.1015685
-0.7945078
-0.20235828
0.079757065
-0.23632425
-0.96364117
-1.2440411
-3.0644302
-2.4166496
3.2911916
2.8753276
-3.5497258
-0.068198495
0.18672103
-2.3686206
-2.3323503
0.7715082
-1.6530682
-3.2713346
1.8453975
-0.91234076
-2.4486017
-1.1972783
3.8525183
-0.6513978
-1.9880806
-0.514451
0.5444046
-0.76226515
0.724689
1.4719024
1.7350205
-2.3243022
0.7350045
-1.739903
0.86027473
1.7755284
-1.0231605
0.67173046
1.6614678
0.48770508
-2.5395663
1.0596007
0.6931745
1.4257799
-1.0583822
1.4881573
1.1958599
0.0099177435
-1.7821664
-5.819109
-1.6496179
0.62073094
-0.6584578
1.2056865
2.4945242
0.8851429
0.30587253
-3.611004
-0.2240727
-1.2062228
1.9787848
-0.14022276
-1.9633925
1.5560871
-0.9181457
0.55561215
-2.0332174
-2.0801587
-0.19315243
-1.8630683
0.79423785
1.8739862
0.20802066
0.38044557
-0.2354415
1.1030053
0.24236056
-0.37745336
0.98687845
0.16320056
-1.4101917
-0.39348626
-0.24360216
0.26778162
-3.1702266
0.09966422
2.0222056
-0.76079655
-0.4989584
-4.749445
-1.5596793
1.2083722
2.4165974
-0.08075621
-3.0235593
-0.63244784
0.85304534
-1.0170128
-1.8197006
1.3249243
0.5397942
0.7680324
-0.6194821
-0.51277053
2.6445763
-1.1436901
-0.53530556
-0.18214883
-3.2022862
0.2166304
0.39116192
-2.5609787
-3.5531697
-2.1420794
0.7744512
-0.14514068
-0.6192952
-3.1649666
2.2654595
-2.480347
-2.4442592
0.9231764
-2.941659
-1.9139116
-0.6792216
2.3016593
-1.7180773
-0.74528223
0.33660042
-0.41326284
1.0798924
1.4255755
1.3077693
-2.1737554
-0.7444086
-4.037954
0.6240162
-0.21929169
0.3102868
-2.5784104
1.6243407
1.0022624
2.179321
-4.3910666
0.77868205
-2.3430095
-1.2312149
2.0697975
3.2222328
0.5084484
0.6895577
-2.4427314
0.7497594
-0.3984928
-1.9446079
-1.5313824
1.3398826
0.29694438
-2.5643706
0.5186589
-1.1703383
2.183003
1.5197402
-3.5664606
1.2430589
0.594092
-1.2260499
0.829111
2.760115
1.3968068
-2.5327463
-0.86692935
0.40661094
2.3926215
-1.1160345
2.9772594
-1.4581748
-1.2074202
-3.5765855
2.3838172
1.1149558
-4.1775694
-0.7906885
-0.8750153
0.13605966
-1.6252794
1.2110493
-3.8877296
1.0072418
-1.7272563
-0.6872664
2.879393
3.623264
1.0603008
0.30183846
1.5264329
6.8062873
-2.1817267
-2.5099895
-0.44142917
4.0520806
1.5083476
-0.80427074
1.0529634
6.31113
-2.3549118
0.7912373
-0.63266426
-0.9434973
1.7703755
-0.9970681
-0.5092173
-0.73124474
-1.1217709
-2.6309214
4.3667407
3.1952853
-3.1146572
1.9549493
-1.7085096
-2.4777536
2.9434938
-0.8082064
-0.9442359
2.4530592
-0.63799244
3.179381
1.8384734
2.3052442
0.33248562
0.9211881
0.47824904
2.8220458
0.21246958
-2.2993405
0.07693699
-1.5000144
1.4387679
3.7301164
-1.489214
-0.8750798
-1.3085696
-1.0704643
-0.6039372
-1.7875302
1.5978652
0.3601278
0.9648567
-1.0986744
-0.96083516
-1.3774556
-0.44850028
-0.0062144697
-2.1551228
1.6569386
1.2907974
2.126626
-2.9414845
-0.00445614
-0.35894784
2.0386586
0.5138526
-3.682974
2.478763
3.6537986
0.13565359
0.22965708
-4.520878
-0.4055819
-1.9462812
3.3765867
2.419536
0.36526662
1.9062183
2.3492768
1.8275685
0.77965575
0.9090296
2.1475127
-1.6785135
-1.7671742
0.14463207
5.7081375
-1.1889768
-1.3590528
-2.5316973
-0.99349344
0.5854164
-1.2500907
-1.4087578
-3.1278167
-0.63365275
-3.1094766
-1.4806135
-1.8374866
1.6879169
-1.8599149
-2.2703245
-5.43763
2.587452
2.1274219
-0.1916782
1.5112649
0.68628716
2.6111407
-0.075229265
1.5104979
0.52018255
0.24886319
1.2023977
-0.7576211
4.0173883
-0.2186544
2.0936754
-0.084232844
1.6639842
-0.4651156
-2.3249905
-0.6261984
-0.95290726
0.059357233
-0.103461295
-0.09222221
-0.7702045
-3.5949745
0.48211527
0.2957573
1.5872993
2.054942
-2.0618966
-0.78746426
1.6655867
-0.60581934
0.99706864
1.8512585
-0.31332085
0.6530624
3.2515123
4.0606337
-0.8463345
-0.93612546
3.0729654
1.4189855
2.9705613
-1.2503394
-1.0067439
1.8035961
2.6788774
-1.2064217
-1.3321351
3.3851495
1.4833872
-1.950261
-3.9722836
-1.180344
-0.5385368
-2.8890438
-1.3241574
-1.005448
-2.535411
-1.672138
-1.0786588
-2.131409
2.5571492
0.41265056
-0.5743683
3.3038707
2.317078
-1.1272552
-0.9541042
0.77582985
-1.5525509
-1.7715646
-0.5619076
-1.3717177
0.16946328
2.6435037
0.5848981
-1.1790961
-0.76951444
0.041774444
-3.2844923
-0.59908664
1.6988758
2.9874444
-1.444759
0.4358464
-0.98626256
-1.1649325
0.21347946
-2.2109315
0.41205424
-2.9521089
-0.21827456
-1.5905923
0.9432526
2.5491683
-3.5866816
-1.6326171
-3.2882721
0.95567054
-1.3400606
4.2716837
-3.5876684
-2.6033
2.0578518
-1.5885376
-1.5421437
-2.6599886
-3.6208532
-1.0368528
0.0935927
1.8826303
-0.5121478
-2.2178986
-1.7531273
-0.8323661
1.8925614
1.5978374
-1.7750648
3.0863194
-2.3655741
1.4887261
-1.2868292
0.8724466
-1.4042758
-1.4377986
-1.1458776
-5.555377
-0.31541044
-0.18020386
1.2473783
-1.2946892
1.2412702
-2.858127
-1.5506128
-2.2942078
0.732992
1.0385975
0.7463105
0.4925642
1.2427206
-2.0461013
1.2379055
0.30324504
1.3737178
1.3512077
0.43635803
0.2527382
2.0733728
-0.40871564
-1.9911165
-0.6170541
-1.9235553
1.7967137
-1.5489982
2.8463967
-1.2439452
1.2914047
1.2765781
-2.5617104
1.3551799
0.74878246
0.3854044
1.520067
0.49279067
2.67984
2.287914
1.3482842
1.6584997
-0.56432706
-3.9682665
1.3600022
1.7857106
0.16592818
-0.40566534
-1.3197684
0.18285692
1.2526404
-0.24136126
0.95417154
1.1504155
4.659176
-1.9657933
2.1296837
1.9006765
-3.693136
-3.237465
1.9037182
1.9589428
-2.0974808
-0.41159075
-0.069004826
-1.424538
-0.09668609
0.30998018
-0.054904364
-0.28348187
-1.0645444
0.00075977296
-5.5203257
1.4925814
1.494099
-2.3756373
0.18146257
0.37399206
4.645223
0.5413493
-3.7937713
-4.5720167
-1.7427996
-2.1918447
-5.3341694
-1.8935288
1.5931323
-2.7485626
-3.218758
2.663291
0.574498
0.10011241
-1.3102351
0.9681573
0.09377313
3.0244858
-0.14325607
0.60678023
0.6424836
1.9172764
-1.2981373
-4.4443407
3.0041873
-0.66037
-1.2068459
3.5122688
-2.4736009
0.6573043
-0.0003700815
2.4966636
-0.07586603
-1.366415
-0.51480556
-0.1933502
2.6132524
3.0802643
-1.4875822
-0.5753868
3.0970345
0.26163757
-2.4680665
0.51206255
-1.5050309
1.6565398
-2.9523156
-0.68662876
-0.74686754
1.4758347
-0.7465056
-0.7822855
-1.9405762
-0.95648474
-0.07969682
-2.3096333
3.9540563
1.6927944
-1.1072482
-0.38621503
0.7117719
-1.0334649
1.9119574
2.649686
0.16337551
-0.117266215
0.27434385
1.0581867
0.28904134
-1.5760576
2.699679
3.2956097
0.13133001
1.6955581
-1.6625922
0.93931836
-1.0959916
0.4750073
0.9976274
-4.2668853
-0.7271446
4.8577404
2.687864
-1.924511
-0.28579217
-1.3031775
2.7913983
0.85142976
-4.603779
-1.0095742
-1.4646416
-3.3636227
1.8910003
-0.29840952
-0.5365661
0.17643973
1.8227609
2.0945284
-1.1937699
1.4863343
-2.163743
0.6667817
2.237044
-0.30808365
0.030305587
1.8525949
-1.0569061
-3.5288227
1.480262
1.4964595
0.63692075
-1.1174792
-0.83497316
1.837714
0.63948154
-2.2094262
2.6140726
1.1194423
-1.5250835
0.92970824
0.71755004
1.364227
-1.3904452
-0.5218543
-0.43765205
0.07613368
-0.69361323
2.73374
-1.3628625
2.869309
-0.19183263
-2.3508227
3.0846546
-0.24300434
0.92498153
1.7951838
-0.19469348
-1.6356959
-0.27096742
0.372392
-0.04964885
2.2580423
-0.77765876
1.0372066
-1.4409038
-1.5996884
-0.7126539
-0.72949797
-0.1692155
-2.11278
-1.7508119
2.3358812
2.2333338
-1.571038
1.1316836
-1.9835707
-2.5982869
-2.1821966
0.8365704
-0.41061917
2.5642457
-1.1284245
-0.63151944
3.0343645
1.2064294
0.7960432
0.2778573
-3.084229
-0.7372239
-0.69514936
-1.2441802
-0.114641316
-1.1202762
-0.55342466
-4.439176
-0.054234266
0.20946014
-1.6964467
2.1071754
2.9413772
-0.5641517
0.084468305
2.2615728
0.08465746
2.4577181
3.3447409
-0.96647364
-1.0635182
1.7158363
0.65772897
-0.9348133
3.481607
-1.5779562
-0.7454681
-3.526376
1.0182784
0.26293293
-3.5773208
-1.2341988
-0.5269966
0.17116456
1.5547918
-2.1353934
-1.2267343
-0.27428228
-1.3590533
2.1839395
1.9678291
1.7988569
-3.2336786
-1.7388844
0.13848597
-0.35381904
3.936268
-1.5754695
-2.223673
-1.9561359
1.2712706
-2.8171813
2.2267647
0.25464237
0.8640761
-0.10404096
2.780778
1.009815
-0.85311097
0.94486165
-0.34347913
-0.30625486
-2.5358956
1.251204
-0.75615454
3.1190891
-0.45840952
1.6794479
-4.3167586
-1.3579595
-0.5995733
-1.2697392
2.2224464
0.21653053
4.4977875
3.4755714
-0.7622846
0.4100033
-2.5879204
-0.48492685
0.324003
1.735853
-0.412104
0.71437335
0.26130074
0.47523257
0.8037834
0.92354137
-0.89590406
-1.008474
-4.946466
2.3615756
-2.2053552
-0.8098413
-1.5874796
-1.567165
3.434261
1.5323265
-0.5415283
-0.118173786
1.4150302
-0.44842678
-0.7336185
0.6683433
-1.9977369
-0.7400301
-1.1743714
3.390857
-0.28787223
-1.2168412
0.53726804
-0.8751093
-0.7606294
-3.2236493
2.0890045
-1.8866466
1.3814374
0.41851348
1.238895
0.55979437
-0.49248058
-2.3079472
1.2341657
-0.5367416
-4.7052455
-2.4102135
0.38310915
1.7698536
-0.14473504
-0.6822147
0.37402046
-0.88583595
-0.71786785
0.9949395
-3.1162717
2.4336782
-0.96091634
-1.2176796
-0.1249884
0.12341173
3.2710845
0.085533485
-0.12685904
0.027287282
0.478607
-1.0717489
0.90233606
-2.841554
1.4139146
-5.155862
-0.7968363
0.48939157
3.8569736
-0.96630204
-2.4674873
-0.67655474
1.4616243
1.3304242
-4.3205266
-2.6358342
-1.7846459
2.0199096
2.4156878
1.7307898
2.1813009
2.8561041
0.96889436
-1.4254907
-2.743897
0.56492925
1.5330381
0.2878913
1.8704106
2.498275
0.6494386
-0.40002072
-1.350244
2.1058936
0.6245321
0.5445054
-3.7190762
-4.37074
0.78251755
1.2496825
1.0810637
0.38799226
-1.4018452
-2.9739177
-1.9686171
3.923944
0.6360995
-0.12480464
4.174994
-0.23377131
0.9435811
3.1326592
0.34347057
-4.1859903
-0.3834399
-1.077832
1.6498666
1.2477007
4.9825807
-2.3157308
-0.50768363
2.4395308
-1.1267356
-1.8950655
1.5282316
-1.2775872
-3.5694318
2.5781362
0.45768127
-0.35336465
-1.4772539
-1.0065721
-0.22513732
-1.6529863
-3.1835344
-3.113358
-1.4907075
1.8592039
-0.8420016
2.7610128
-2.7946372
0.5973432
-0.27197662
-0.6925797
1.3270135
1.0379094
-0.67503834
-1.7440538
-0.339623
3.1783826
3.3093908
-0.027074635
0.2744338
1.4814458
-3.899644
-1.8604966
3.0943792
-1.0408348
-1.4389638
-0.7234829
-0.952181
-4.222312
-2.9776144
-1.1090759
-2.2291133
-2.3645346
-1.3602191
2.2850628
-0.15195015
-1.5904862
2.6388369
5.2536154
1.9671689
-0.37299252
-4.2753124
0.6341991
-0.0002663061
1.5759115
0.11544155
1.0986441
-0.6221858
-1.1366241
-0.57403004
-1.7994664
1.4968817
0.33277026
-0.39796913
-1.339464
-0.6006794
-1.6830571
1.8448722
-1.6052641
1.7939588
2.1627278
2.2753036
0.008506432
-3.0112598
1.2823257
-1.8140767
-0.5579543
1.78978
-0.54830587
0.9771457
-3.3177257
1.5216022
0.008258767
-2.3348863
-1.0246056
1.1496558
1.3483973
2.1591547
0.57344633
-2.1228037
3.334596
0.028128162
-2.7140644
3.8042085
5.6411366
-1.7045467
0.72925967
5.7755203
-0.8773466
1.9650126
1.2122165
-1.2114043
-2.341808
-4.0099077
1.7630227
0.1500708
-1.6439604
-1.1858004
0.8917837
-3.4045274
-0.8264894
2.343629
-0.9311625
0.8812561
1.904376
3.1474402
-1.3883415
0.31259295
-3.4880729
0.2966196
0.5236856
2.4698884
0.7996463
1.5237404
-0.56821805
1.4711479
-1.3269538
1.1688342
-2.7636843
-2.1501362
2.251412
-1.8945383
0.98748267
-1.7402577
-1.3961477
-1.8730339
1.4676806
0.7986068
-0.556722
0.08219885
-2.0473092
-0.14099306
0.15201187
0.6909052
2.3072073
-0.22270586
1.3187866
-1.3915861
-2.9726021
3.7883787
1.5902749
-0.12885001
-2.7055876
-0.11517199
0.54295635
-1.7185781
1.6487894
-2.3507483
0.27414492
-0.4375633
0.37481546
2.1994255
0.080935165
-1.8263577
-0.5877706
-0.4896368
4.4016075
2.204365
0.6084549
1.5077158
0.31069496
-1.0535487
0.47823957
1.5325716
5.0835314
-0.18622667
-0.15434414
0.9173315
-0.31064257
0.415693
2.871798
2.0953093
-2.6342483
-0.21665367
-3.1192236
-0.82446396
1.0778337
4.21266
-2.2150893
-0.96420395
1.4945729
-0.04020144
-1.8114594
1.2045984
-0.6518462
-1.9870539
-1.0084193
-1.9499692
1.7452465
0.45645472
0.06253001
-1.2861657
-2.2635543
-0.6531974
-0.29141143
-2.994
1.4412692
0.70183897
1.3809643
0.53108054
-0.9842136
0.3298604
-2.4102347
-2.128196
-4.2220774
0.019266486
-0.0052539185
2.1357796
0.46750262
1.4994943
-2.5433862
0.12200199
-0.4311842
-0.26422364
-0.8241237
3.2201958
0.46615943
-2.5817795
-0.09654168
-2.8494613
-0.5888647
-2.6510987
3.141878
1.8875731
0.7878474
-3.0554414
-2.2596433
-1.1801095
1.9336989
-2.330164
-1.3261371
0.37436008
-0.46522525
0.5829128
-1.5541626
-0.41719085
5.8845377
-1.3717628
-0.48598763
-2.2945404
1.5003302
3.7232945
0.15238683
-1.3990715
-2.5441766
-1.8328441
-2.1221793
0.113295086
0.47888732
-2.1674712
-1.4375035
0.7900798
1.3752223
1.9973634
1.926815
0.8675607
-1.0451914
1.6904697
-1.111055
-2.125565
-3.3922179
-1.4077134
1.0455128
0.8149564
0.87989116
0.44194445
-3.0390162
-1.444351
1.5364051
-1.1113743
-2.5745282
-1.5592164
-0.05988904
0.3676932
2.3524358
0.9417033
2.8488278
-1.5148072
1.893993
0.44192645
2.1589754
3.8947184
-2.0201948
0.5849793
-0.895673
3.2820477
4.916912
1.4161712
-0.256746
-1.8571185
-3.1016543
0.9856328
-1.0138122
1.4102652
0.3523901
0.91495335
1.819388
1.319942
2.3238318
0.47403687
1.9164058
-1.271051
0.0053935423
-0.49039912
-2.8828983
-0.7811976
0.42754632
1.2905657
0.06330505
0.5028436
0.684038
-4.4128795
-0.004205376
-1.153199
-0.96093297
-0.31984374
2.4835215
-1.9778239
1.9925468
0.6308759
2.0383625
-0.6565149
0.3893383
-0.26628685
0.15408768
-0.6572567
-0.7989192
4.685469
-0.6689729
2.5607438
2.090155
-2.4010298
-1.8830464
-0.6046807
-1.2969999
0.30545938
3.6143713
-0.7221468
0.0040161684
4.614096
0.18249558
0.06203255
3.495142
0.3016192
-0.60818624
1.1597929
-1.0220683
-1.6218883
0.20865148
0.7110344
2.0372705
-1.4876691
-1.4042491
0.23450357
0.87032956
1.3034332
0.371262
1.1225724
-3.5717366
0.5306025
0.74064624
3.4179313
1.0167314
-1.7017822
0.20118517
-1.7638025
-0.05640941
3.853279
0.5380508
-1.2018933
-1.0872806
1.7415088
2.1199656
0.786707
0.72279096
1.8455209
1.0093038
-0.2379261
2.6423006
-2.9220934
-1.32791
-1.8317114
3.358122
-1.072669
-0.7478763
1.6137189
-2.7395563
-1.3985945
-0.43691078
0.91237885
1.9742908
2.0936015
-1.9061872
0.2958007
-0.9747995
-2.2209585
-2.9630253
0.14454961
-0.07665569
0.6251068
1.2603501
-1.2012689
-2.6978002
0.42769077
-0.777585
0.7693132
-0.10886326
-1.3787336
1.5346502
-0.9099674
3.1372252
-1.1735482
0.89360535
-1.7146922
-0.7698717
0.33763438
1.1687855
2.868485
-0.6153008
2.4030175
-2.9823132
-0.7358516
4.3382316
0.7602561
1.7644536
-4.694616
-2.32499
-0.78411746
0.48692584
1.0061873
1.0306776
3.7029352
-1.2236532
-0.797314
0.3262613
-0.97141516
-0.25735766
-2.0152626
1.0772977
-0.12747838
3.107444
-0.7545277
-1.427019
3.2059445
-1.2791587
-1.1064138
-0.9280203
0.98215747
1.6824853
2.3602872
3.7733026
-0.6826803
1.372552
0.2979747
5.33
-1.2685412
1.3654449
-0.6097262
-1.6198664
-0.025010087
-0.9792441
-2.880889
-1.1104549
-1.3481019
-0.9189269
-0.6404055
-1.0794779
-0.5277566
-1.7838582
1.03361
2.3752007
-3.315393
-2.5035026
0.1303133
1.0840083
-0.84155154
0.33871374
1.7483276
-0.85187
-1.316914
-0.11543717
0.8831432
-0.6236312
3.5358677
-1.8569341
0.25788042
0.55862737
-1.9461232
-3.6215043
-0.13443854
2.450137
1.3757294
0.9363428
4.7076206
2.3824368
1.7047076
-3.1032052
-0.88428706
-0.049903996
-2.8805895
-3.0803704
0.8683674
-1.6454661
1.245983
-0.8135673
-5.102266
-3.2089095
-3.1753604
-4.941952
-3.6002934
-2.0364194
3.0688677
-1.1151614
-2.8952553
4.57918
3.5867515
3.0005534
1.9222052
2.059908
-3.6179566
1.2276813
1.011666
0.39029813
-0.06690222
0.7970257
0.033279575
-1.5496511
-1.871583
2.7217724
3.2604964
-1.5716329
1.8355542
1.6597551
0.75540644
1.4709127
-1.4713775
-0.5362313
0.5094364
0.30295065
-2.7928545
-0.11858755
-0.8983027
-0.8329808
-2.8988614
-1.0340716
-3.0252857
-0.3373981
-0.45953372
0.50896007
-1.8591672
0.3362508
2.984096
1.0132016
1.9004788
4.8925567
0.8435567
0.8324195
1.6475344
3.299046
-0.4113214
-2.042191
0.47885612
-1.2074702
-1.7687739
-0.5401937
1.6410791
-1.5448076
4.799108
1.0816156
1.9011216
-1.4576788
-0.8743197
-1.1925156
-0.45687872
2.5583038
-0.8839497
4.938028
-1.1045256
-0.8832546
3.2910123
1.4155859
0.26754987
-3.015044
3.676847
3.273651
0.5204192
-1.71335
-1.3219005
-0.44363493
1.1559346
-1.0787028
1.0969621
1.4589014
0.92322886
1.0269941
-1.1175727
0.9542753
0.57220143
0.13325158
3.2193089
-1.9121786
1.5711812
-0.71377337
-1.0065598
1.234914
-0.1297631
-0.28351098
-2.811667
0.850897
1.2321718
2.6223583
0.44533527
1.7074316
-2.5211709
-1.1490064
-1.7424878
0.97538507
-2.2976053
0.42991215
-0.15396315
1.5750203
-3.2041593
3.3281775
0.2563315
1.1749102
0.18872765
0.8645475
1.4372451
-0.7412463
-2.2449021
-0.0036455505
-1.4103608
-1.7262787
-0.94605625
-0.8010092
-2.1074276
-1.7529265
-0.30606344
-4.460909
1.0089058
4.2495375
1.2126895
-1.0071882
-0.2547044
-6.5401816
-0.20037492
1.7074643
1.2017072
-2.1613233
3.0929272
-0.23607773
1.3196164
-1.3593491
0.16796365
3.2219896
0.80386716
-1.521008
2.3753726
0.84065324
-0.91517293
1.1003718
1.1616031
-0.9619147
0.7985902
-0.9030324
-0.76068246
2.1343622
-0.7072594
-1.6919473
-1.4401128
1.7113355
0.3688913
0.36537334
2.8870568
-0.8052746
1.2763525
-0.9871561
-2.2553823
-2.0730119
-4.206992
0.94042444
-1.7852292
-0.58747727
1.1958896
-2.8715267
-0.7428514
1.6758391
0.081357695
1.2612851
2.2936113
-1.1923202
-0.15061408
4.242287
-1.3272471
0.5003913
-1.4515725
-2.4190996
-2.5672405
-1.2703176
-0.46987578
1.526464
0.56075186
0.14957917
-1.2018201
1.9641848
-2.8369143
-1.3716586
-1.3642987
-3.018707
-0.3967464
0.852951
-0.8460023
0.622278
1.0295058
0.60746276
0.8151818
1.5247297
0.33470723
2.8991246
-1.557997
0.37873733
-0.7961301
-0.7880348
-1.228321
0.8143588
1.0414613
2.448243
2.0531728
0.8624161
0.3748537
0.9675916
-4.5334373
-0.72346276
-2.514296
2.768699
0.06268518
0.4247582
-1.2165936
-0.09753708
-2.1645603
-0.82277226
1.4660885
-1.7773112
0.28179747
-3.253296
-1.8477247
-0.8650233
-2.3192253
1.9044288
1.3360678
-1.275491
-1.1045095
-1.2877427
-2.9480596
2.351707
2.3188524
-0.15995067
-0.775542
-2.6146798
-3.0907316
-0.19272983
0.4914075
1.7526757
-0.077472426
1.7915634
1.1206965
0.89554965
-0.42058265
-0.046007358
1.0799477
-2.3749475
-2.585833
2.1951737
-2.278348
0.14368474
2.8432224
3.6010008
-2.3906722
-0.51789784
-0.106349625
1.1585505
-2.720581
0.4664853
-0.010907851
-3.879584
-1.8820723
-2.0119588
-0.26096064
-3.614413
-2.525622
0.4463941
-2.56129
1.9135131
3.5493755
3.3767462
1.0129482
-2.0675223
0.7108405
3.555616
-1.0568606
-2.186736
2.4180934
1.5292176
0.5897262
1.6598955
-1.3919185
2.941763
-2.3092158
-3.0508585
1.417858
-0.033099197
-0.38239396
0.46531233
0.06634329
2.2175508
-1.1301965
3.5278728
4.6877375
-0.42221165
-1.2592132
-0.47850716
-1.1694021
0.74745446
-0.012927182
1.8352396
2.5487387
-2.0152683
3.280387
2.1592135
1.0142912
2.5427809
0.14152843
-2.0186536
5.322367
-2.3287978
1.4461704
-2.1614738
-1.0860686
-0.9058158
0.37778297
-1.673911
-0.7104177
2.968003
-0.70213
-1.7752523
0.9489528
0.46702203
2.0156925
2.0905957
-0.87277186
-0.5274775
1.4707222
1.0501682
-0.36905554
-1.2371682
2.103747
-1.2964029
-0.76572466
-3.465681
0.32394734
-3.2513924
-2.4412563
-0.55360913
-1.688764
-0.17325252
0.107325636
1.153449
4.2137585
2.900367
1.063335
-0.83537674
-2.841679
1.8680736
3.6578603
0.91305417
-0.5272442
0.5385218
-1.5728694
0.45307627
2.7613456
-0.34968635
3.331544
0.5468743
-2.296187
-4.2221694
-1.2959869
0.74859065
-2.5209625
-1.8698477
-1.1217942
-2.0170493
0.7251079
0.13126417
0.7693461
2.360853
-1.1871434
0.9394012
0.7986615
0.42037788
-0.21060711
-3.7879524
1.3313087
-1.5391061
-0.3066171
0.68770087
-1.6523627
3.4661083
-0.93188965
-1.3504226
-2.4495993
-1.7126983
-2.557384
-1.4057795
1.2141554
-0.40822223
-2.4500756
-0.030644458
3.4844034
-1.2187172
-1.4450558
0.33361018
-2.102766
1.5097302
2.0241382
-1.6911303
-1.5506722
-2.8688908
0.94859105
-1.4796731
0.89463717
-1.5423225
2.9788444
1.2353272
2.1213486
-0.3767405
0.46373746
1.051279
3.9412508
-1.898032
1.7657207
-0.78448576
-4.6830616
-4.5125284
-1.2381854
-0.8341085
-1.0590929
3.1796067
-4.187777
0.24557966
1.3243685
-0.81921893
-1.0985972
-2.216693
0.21308509
1.5855016
1.0522631
0.030080866
-2.3485558
1.4716431
0.85695916
1.2067767
3.2572913
0.16285843
-1.586557
-3.753208
-3.4919086
-0.75036925
-1.2835653
-3.3951268
1.7955196
-1.6247444
0.6764978
2.2280178
3.1379094
-3.1314027
-1.0669624
1.3973659
-3.5486906
0.031064447
2.2109516
0.8442647
1.9817
-3.2601645
0.19498631
-1.782093
0.15027887
-0.25686032
-3.0239775
-2.6525996
-1.8936676
-1.5070474
0.44027528
0.5788358
-0.42578378
-2.092519
2.6246762
0.16688365
-2.2261288
4.1732645
-3.801808
-2.433759
-2.9670198
2.5072682
-1.5598506
1.3833691
0.44702828
2.82381
-1.8105112
-1.9200628
-0.047720157
0.51470554
-1.0542002
-0.1459069
-0.21070309
2.5276444
2.9431047
-0.58065236
1.5468372
-0.43832558
-1.6385714
-0.015097436
0.2909189
0.57169276
-1.8964517
2.5122988
1.7546091
-0.08311389
1.3636613
0.21729386
-0.29542062
-0.363659
0.06754741
-0.1712228
-0.20010653
-1.1385664
-1.9621402
0.91179204
1.821257
2.4076128
0.76195246
-1.6555252
0.8622281
-0.567339
0.23094109
-1.000724
0.54598516
-1.8361989
-2.6104496
2.3458903
0.38671806
-0.59654284
-0.9964732
0.5118667
0.44818935
-2.8554099
0.70543855
2.4408598
-1.3211932
2.3168852
-2.1830423
-2.7256186
-1.2449598
0.94762146
-0.752184
1.4030303
2.0821807
0.48517966
-2.1269753
1.829513
0.12184741
-3.0734708
-1.8755804
3.319307
1.0218852
-0.5446657
-0.9582022
4.244465
-0.41559285
1.5601407
-1.1579645
0.6799938
1.1092604
-0.95076716
-1.4113947
1.870583
-0.63504916
2.947504
-0.74934936
1.5881336
-2.4633179
-1.0671929
-3.0461278
0.81777525
-2.3515434
-1.1879456
-0.2578246
-2.2459102
-1.6784136
0.4464535
-2.040954
0.6390264
0.3456999
-1.3388104
3.1508248
1.7767828
2.6767797
0.10883575
0.05176314
-0.38903686
-0.40738857
0.8014899
0.2922665
-1.0746497
0.4088771
0.36289755
0.32100073
-1.4642247
0.6915142
3.1608315
1.3129663
-1.5188495
-0.48024088
-3.4771175
-0.8547005
-4.1115746
1.5337682
3.3769534
0.56689954
0.5727203
2.6095388
0.5795892
-2.342267
1.3142152
-2.739002
4.042397
0.5254957
-0.94474506
2.1366088
0.83448416
-0.19842666
2.7088351
0.8913723
-0.010369398
-2.472853
1.6370971
2.277072
-0.086907655
3.1397133
-1.1041822
1.4005655
0.61251396
-0.42585793
2.9754305
0.7594276
-2.2057211
-1.9203186
0.22887611
-0.6074155
3.1456556
2.8478725
2.1397376
2.5183191
-0.1425786
-1.8329364
-2.400029
3.2794657
0.19179688
-2.6006622
0.943315
-1.5018443
-2.6658459
2.2756138
-0.6502968
1.9690008
-0.7429206
-3.9837048
-4.1814847
1.2636739
-1.3558288
0.34842753
0.8358841
2.4865494
2.8951955
-0.77130187
0.75873077
-2.7015524
4.4119425
0.45113176
0.64090765
-0.0011703521
-1.6345925
2.3358283
-0.17602195
-3.189887
-2.0204139
-2.6334379
1.6285896
2.6162076
-0.693549
0.3318974
4.5873427
-1.1906368
2.4968612
0.9787661
-2.6580124
-0.6956378
1.5398563
-0.82614034
3.4114366
2.5251436
0.7555963
3.0764587
1.1049008
0.90770555
-0.0537021
-2.8982267
-1.3411125
-2.8025508
1.4457054
1.3874137
1.2006365
-2.758007
0.32837197
3.5669825
-0.37394723
-3.3880196
2.3299701
0.30680737
1.4335355
-0.34994292
-1.1429459
-0.24474338
1.7116725
-1.6465179
-1.2787364
-0.30663207
2.2233493
-1.002581
3.4159482
0.28940848
1.0939604
1.5469462
-1.8646191
1.1441319
-1.0853477
-0.5784193
0.4129502
-2.1246648
4.1538405