Ceara
1
-0.5029825
-2.775411
-1.0058595
-3.0087798
-2.305907
-0.8195802
3.656671
4.785558
0.57219166
0.26243085
0.044120006
-1.30899
-0.74828917
-2.23364
-0.07653368
3.4399238
1.4778565
3.7388887
-0.7196578
-2.1825488
1.2705076
-0.32751828
0.8608852
1.0456676
-0.9345755
1.5455784
-1.9603838
-0.028322443
1.5486021
-0.7552911
-0.1626853
0.5820691
1.2963496
1.5381773
3.8688505
-0.38143122
0.15907297
-1.1326444
0.74874604
-2.3156946
-2.0737104
-0.88467735
0.16162431
3.3871448
-4.397066
-0.8145399
0.4386899
0.9219076
2.857887
1.112984
1.894407
-1.8979852
-0.46783462
0.50285363
2.6010294
-1.2151897
1.2440966
-0.71609336
0.2442078
-1.0255979
1.7082062
-1.9839532
2.5049226
1.0469118
-2.0638514
1.5261643
-3.6510017
2.1237032
-1.9073828
-0.9781192
-0.6148048
-1.1555551
0.24367523
-0.0974435
-4.524136
0.13112992
2.67995
0.046121642
0.7396144
3.284988
-2.4470115
-2.485166
2.0585487
1.3398709
-0.67577094
1.122045
3.0661798
-2.558069
2.584753
-1.1934594
-1.4538864
-0.18532243
-1.4671106
0.542319
-0.7743427
-2.4968524
-4.4518876
2.9604971
-2.7157137
1.0473522
1.5416628
0.4338609
-1.459248
-0.29628
-1.7063307
1.0948272
-0.9266076
2.8633237
0.35531598
1.9643024
1.6756738
-0.12701893
-1.23172
-0.9569459
-3.1950016
-1.0020452
-1.034606
2.8390253
2.6588006
2.97054
2.8901603
-0.21993443
1.9648461
1.055758
-0.08497484
0.23776731
0.21907932
3.4594603
0.007690437
-1.0736647
-2.0646796
1.0246269
1.7337176
-1.1984209
2.2862897
-0.9711156
-3.2823596
-0.16161072
0.79727376
-1.5780171
1.4936146
2.0191505
-0.053356383
0.18131912
0.3657648
-0.42127964
-1.2071397
1.1167494
-4.0457716
-2.4502795
-3.3611798
-1.0616267
-0.6792994
0.24723665
-0.6254916
1.5630935
-0.31862894
1.263442
6.0183034
-0.60032344
1.0116162
-0.9748629
-2.738204
1.7220639
-2.710746
2.197675
-0.13345596
-0.07356172
-0.36371613
-0.862198
-3.4153225
2.537995
-0.7418159
-3.0174139
1.539812
-1.84843
0.76503927
2.2168524
-0.7496965
-1.053972
1.208317
0.18304574
1.7170113
-1.442875
-0.9743586
0.73369783
2.1545284
-6.6252327
0.02072268
-0.2897065
-2.102954
-2.080437
-1.1885853
4.771172
-2.4833066
-1.5045053
-0.1700514
-0.08457146
-1.3545438
0.7552953
0.72750336
0.17679396
3.7903922
-2.498722
0.54381156
2.0397046
-4.0937552
-2.4279797
-3.0017405
3.8032284
-3.5643559
-2.4904337
0.027391374
-1.2322776
-2.06401
1.2683558
-0.9869554
-0.38792926
-0.9431627
-0.49187014
-4.7109795
-1.4883883
-1.2669531
2.8106163
2.73627
-0.19316907
2.9057097
0.22570261
1.4627934
-3.1257665
-0.86964166
2.3829818
0.88112146
-3.0435708
3.7477357
3.960791
2.0071616
-0.9420852
0.03365908
-1.1790321
0.40308514
3.0000055
-2.5168748
-0.17534183
-2.6065695
4.0449667
2.5673275
2.1607022
0.40800965
1.34417
0.03608777
-1.0666409
-0.1575657
0.5558152
1.76578
0.44527617
-2.0364897
2.500158
-0.003382422
-3.4254715
-1.1652322
2.9478807
1.6510122
0.615201
2.1550083
-2.0648975
-0.39800274
-2.013079
0.64735574
0.90754294
0.29791135
-0.81646866
6.335952
0.64653176
2.4832315
3.3966925
-0.2917602
0.02413202
-1.4040501
1.7841486
-5.360974
-2.566863
0.22798517
4.100463
-3.3536325
0.44247827
1.0537183
-1.0777034
1.5970019
0.9020075
0.57435465
-1.1834613
0.06690775
0.106063835
1.3978422
1.272364
-1.2901678
1.5857725
2.9795525
2.4282439
0.7504583
1.8047305
-2.1666706
3.2615907
-0.34905547
1.1186911
0.784997
-0.0601839
-1.8771533
1.2663746
-0.32428
-0.3143498
3.1476536
1.2346991
2.0463564
-2.2696576
1.0854348
0.6838213
1.5701414
4.4247
1.4523779
-0.003544405
-0.7858705
1.0955181
4.075719
-0.370231
2.4180453
2.2304223
-0.4401585
-0.39523363
-0.51546896
-0.18258058
2.2177155
-0.52037036
0.88060045
0.8906092
-0.32658607
0.025781259
-1.0459651
-0.8532055
3.956734
2.8544369
0.6148946
-0.4532371
-4.1108794
0.28083628
2.4739072
3.542192
-0.7848918
0.4934905
-3.7799804
-0.29044053
-1.3202964
-1.3006693
-0.2505697
2.0761724
-2.1730225
2.0042105
-1.5102563
-1.2636195
-1.1134849
2.6409853
-0.0075150877
1.4562397
1.0214499
-2.9609625
2.834369
-1.2459276
1.6541843
1.5857998
2.4557748
1.4617888
0.75501215
-0.15190437
2.1433911
-2.0298562
0.1477824
1.1213531
-2.04397
2.796396
-1.8099769
0.8526993
1.8844293
0.80337995
-0.28817365
1.0581702
1.1608506
-1.1040843
1.3597181
2.2501683
-0.7210619
-1.8475637
1.9831866
0.016225956
-1.096873
2.538204
-1.057718
0.51339567
0.13124198
-2.899613
0.25146523
1.9304616
-3.0138173
-0.06775285
0.01717604
-0.64455307
0.55650383
1.9496965
-0.09855605
-1.3794307
0.46036124
-0.8102507
2.576927
3.722768
2.372754
0.44683054
1.2424843
3.6189618
3.6803997
-1.9096426
0.00455942
-0.80060786
-1.1773303
3.5235062
4.286923
4.236892
-0.8769118
-0.20183092
4.7495823
-0.9499764
-1.5654701
-4.3108563
0.344069
1.9906307
-1.1726093
4.3135085
-0.5230828
2.4598455
-1.4184726
-1.7247382
-1.9328264
-2.0570383
-1.5297656
-0.7567913
0.7487164
1.8413655
3.3988109
-0.3226026
-1.3185753
0.5788014
1.2631665
0.779894
0.08734644
-0.696146
1.0973073
1.6864729
-1.6879221
1.03509
-2.8425012
-0.34814543
0.13421205
-0.553832
1.0736969
0.0259348
0.27603912
0.2040388
1.5786921
-0.85038626
0.39048377
0.48891252
1.9949489
-2.2388208
0.1770868
-1.4256781
-1.4103723
0.006113142
-2.048398
0.36867502
-2.2340465
1.3280493
-1.3858565
0.7817015
3.9205945
-0.31458429
0.44360685
0.5641941
-0.046317317
-2.4569526
0.50192
0.45073676
1.4564246
4.5074835
-0.05551067
-0.14002256
0.6298269
2.5138566
0.17161675
2.4151893
-1.9856939
-3.5978913
0.24338657
2.1072128
-0.4305868
-0.5721279
-0.24867636
1.7453685
-0.63801306
-0.24755566
2.0988626
-2.0955782
0.9079337
1.683468
0.04515831
-1.5884818
-1.7304187
-0.44898647
-2.1087496
0.7577272
-1.1073052
-1.4150311
-2.102597
3.2360368
-0.7253751
-0.62709206
-2.0879397
4.166328
-0.6612527
1.629926
0.51891255
-1.2784579
-2.5483375
0.70358443
-0.072633654
-1.696421
1.1873695
-0.9906244
0.10325335
0.8047487
0.21183726
-0.19919404
0.29119977
-1.9686061
0.007811971
0.45664737
3.370413
-0.5811517
3.069811
0.4356069
-1.6842265
1.2686026
-1.7321756
-2.4459941
1.7284602
0.8048279
3.156873
0.5855905
-2.1152444
-0.33218256
0.8222521
0.19198483
-1.1144146
-1.7231499
0.58224887
0.93927544
-1.3543514
2.38121
-2.133222
1.9818891
-0.62484825
0.63453645
-2.8017647
-1.2284386
0.37943703
2.405395
2.9169972
0.38375467
0.5158229
-2.1647015
2.2328403
0.6348922
-1.4230955
2.996358
-2.3527668
0.7382201
0.093869604
0.8992506
-0.075274915
0.7108894
0.12246673
5.4521646
-0.58810085
0.368286
1.2871941
-3.1765172
-0.43506044
-2.149314
1.0411279
2.824994
-1.4976629
2.0082984
-0.61126065
0.9444892
-2.996451
1.8384151
1.061528
2.8103826
1.1930803
3.1352482
-1.2664688
1.6490589
-1.3877233
1.8575174
-0.71831506
-1.1848239
-0.006427251
-0.05516904
1.6801732
-3.6877596
1.6487259
-0.84510976
-1.2514621
-1.6700804
3.177786
-1.6318337
1.343748
-0.17723161
1.7473667
0.5115691
-0.2778579
0.17840075
1.1350982
2.8100305
1.4753368
0.95157284
2.3810713
2.5783374
1.9549652
-0.9134323
-2.0245938
-0.12200646
-1.5758784
1.271118
1.6566285
-1.6970257
1.8470588
0.5144888
2.4689724
-0.4332216
2.3038034
2.0943272
1.5076909
0.9335978
-2.2991686
-0.02012233
-3.7479239
3.2782485
1.5555608
0.15923999
-0.52047765
0.370965
-1.4277861
0.5946362
1.5954877
-3.821403
-2.6600373
1.750217
-1.712834
-0.87988126
-1.3772637
1.3750603
-1.2507979
1.5824155
1.7864518
-0.39970368
0.80908203
-0.560285
-0.10776072
-2.4517167
-0.7957495
-1.3636143
5.090904
-0.51624745
4.367863
-1.6666754
0.67031014
1.4345516
-1.5493541
3.6054814
1.7807682
-0.36466572
2.6629477
-0.23885244
1.6372952
4.6925144
-0.35394853
-3.3734024
-0.9415972
-0.54831916
0.7107649
0.3559245
-1.3906242
2.8578374
0.44798207
-1.9751484
-3.0585632
3.5268822
-1.1806743
1.9627812
-1.060541
0.99004716
3.0136633
0.72614616
0.52498496
1.6543511
-0.09356834
1.4785852
-0.13614094
1.5864658
0.41618446
-1.4276783
-0.49250713
0.19235197
0.27166057
1.5547249
3.4300349
-2.295284
-1.3961759
-1.5744929
-0.008481219
-0.58468395
0.05461958
1.8209535
-1.9241674
-2.9944415
2.5086172
1.1879036
-2.4183729
-2.6289966
-2.1445396
-1.3756769
-0.83574986
1.0000973
1.9975076
2.550097
0.32713845
1.4318163
1.6121573
2.592659
1.3569242
-2.541032
3.6614497
3.127632
2.7793427
-1.4096043
1.4658079
2.1285236
1.2002853
0.3795042
0.37417707
1.785342
-2.519449
0.1463086
3.7543635
2.1251032
-5.0446415
2.1491637
1.1889513
1.1282284
-0.06834334
-1.2663202
-2.5316286
-2.594101
-2.5047235
-3.7817168
0.5786458
-0.74023134
-0.041403607
-0.94171286
2.159994
1.574973
-1.4901541
-1.3338009
-1.1560899
-0.49437186
-2.340492
2.9641068
-0.15681487
3.2110758
-0.8243706
0.92685944
-0.018589973
-1.4326519
-0.55491596
0.28232864
2.5091982
1.1028663
-0.08797363
0.05776617
1.0954914
-0.00936082
-0.6825921
-1.6351734
0.82913965
-2.7850606
-0.5717859
2.186196
-0.092538156
-0.17973036
0.88835657
-0.85349625
-1.6101241
0.71333885
-2.0252466
-0.5398246
-1.85108
-0.57768536
4.0613194
-1.808663
-3.1729393
-2.9490843
0.590385
1.5873411
-0.08138081
0.96265364
0.43283373
-0.3783606
1.669436
-0.4387955
-0.09513118
-0.7924732
0.5717637
0.77950317
1.7807796
1.4027379
1.6203923
-2.7770767
-0.9497338
-0.24484551
0.116787605
-3.2751765
0.70789826
-2.4185698
-0.18740532
-0.9564076
-1.5820618
0.3819571
-1.6242955
3.0565155
-0.89365584
0.51950395
-0.55251855
1.817266
-2.1058156
-0.96134776
1.1473156
1.7199279
-2.1072414
-0.094115496
0.40968496
3.42147
-2.5426702
-1.6248394
1.6733611
-1.6714538
-0.08536786
0.3578042
0.034658924
2.0174649
1.3168485
-0.07785334
-1.292185
1.424206
2.2283926
-2.3682504
-2.931669
2.1693048
-1.7649798
2.1921444
2.2781801
-2.774011
1.9188279
2.5924332
2.405664
1.503916
-1.9244295
-0.018284567
0.5392165
0.64435965
-0.23869966
-0.18673307
0.5713702
2.1385229
-2.879567
0.9660525
1.5868546
2.47261
0.26897267
-1.1197988
-1.1875108
3.0027363
2.7641757
-0.063975625
-3.2870321
-3.6002226
-2.7896433
-0.6682618
-1.6516615
0.6379205
-0.499238
0.8117498
0.6746379
0.20894724
0.8888776
-0.40351307
-3.752558
0.5026321
-1.4345174
-0.47681177
0.65745014
2.026726
1.33292
-2.503449
-1.9264638
-1.4828707
1.7425839
3.0107448
-1.593275
-0.49279281
0.92106724
-3.5021608
0.7120117
2.904175
-0.42995498
-0.27226296
3.085836
0.6219087
-2.594852
1.3592069
-2.033916
1.2707886
-3.7880118
-1.024537
2.1217222
-1.6009439
0.9158771
4.0561833
2.9555976
1.6767507
0.13842228
2.048596
-2.0550938
-0.7129942
0.48289475
-1.1597242
-1.4803096
-3.4445693
0.091830544
5.291746
1.2268022
-0.88251996
0.03994941
0.13349617
-0.4681936
-1.0794156
-1.5669259
-0.62423134
-1.0637918
-1.209795
0.8153219
-0.41031218
0.5050207
2.9912925
-0.40011096
4.9244037
-3.4721048
-0.3544113
0.34280092
-1.3093781
0.49937692
-1.7223375
1.0159237
2.5914629
1.2769495
-0.20530093
2.171766
-2.0473218
-1.3409355
0.23096058
1.8827513
1.7144914
0.79146945
3.561201
-1.3363568
1.0953063
-0.9675547
2.4303136
-0.89412487
-0.67597973
0.90311843
-2.8730729
-0.43654388
-1.3108157
-0.91001755
1.7797551
0.88148236
3.0684426
-1.030572
0.98148596
0.43493032
-2.399185
1.5277972
-0.7072251
-3.372237
2.308799
-3.6605296
0.3101014
-1.459118
2.144694
-0.42579663
-0.6301849
1.3130035
0.32174152
-3.9854686
0.74785495
-3.55886
0.41830787
1.301994
0.18837193
-0.3218828
-2.1281257
-1.2293621
1.3306228
-2.0534604
-1.0998982
2.7442923
-1.9010873
-1.1157563
0.46477562
-1.7408204
-1.9257569
-3.046386
1.1805806
0.9859433
-0.41135395
0.39430475
0.15625516
0.5676695
2.219676
-1.7536473
2.3081334
0.2199879
0.7547669
-1.8528818
-2.7545643
-5.1875496
0.7972899
-1.7626975
-1.1639569
1.5986125
-0.3640046
0.5804824
-1.4329971
-0.152391
-1.0791365
0.08171077
3.5751882
-4.2786756
-0.65401816
-0.16714257
-0.7843282
2.8521378
1.3087697
-0.8099339
-2.5484257
-0.3502683
-0.8525597
4.0966024
3.4160545
0.74649924
-0.102150865
0.049587622
0.589503
-0.23611555
1.7423203
0.064205274
-5.8731866
-1.7366184
-1.0887377
-0.17070088
0.93159974
-0.44624332
1.1605052
-1.6851492
1.6239089
-0.70787394
0.5032085
-1.4454565
-0.37185854
0.5146436
-1.9931228
-3.1419706
-1.7012364
-0.61513686
3.3561885
0.6973568
-3.0275378
0.26575485
-3.212157
-1.2636923
-3.65954
-0.6018572
0.42829484
-1.5676825
-0.51966715
1.3889254
-1.9653232
-3.6879108
0.59860003
2.8571832
-4.622484
1.870054
0.4634125
-0.648865
3.510631
2.0757425
-1.8986857
2.3148046
1.4017391
-1.6569034
2.4410634
1.3127211
-1.5857748
2.4110098
1.3540068
-1.3168386
-0.32966116
1.6486
1.2376269
-0.9351782
3.6549697
2.40184
3.690626
1.8576542
0.39642408
0.77209616
-1.2082914
-0.79438585
0.99617887
-1.3251271
0.20515479
0.54647243
2.0365973
0.07680045
1.9740257
-2.9046595
-1.0224034
-1.6338354
0.721562
2.0387335
0.74081826
-2.3002164
-2.5865011
-1.5915065
-0.44406646
0.10559203
1.7703025
-2.6075375
0.4631761
-0.71438795
-0.37981334
1.375808
-0.5867049
-0.2207835
-1.7975576
-3.2546556
6.2827406
-1.9309314
-0.94218934
3.9770057
1.9514488
-1.9886516
0.77587473
0.45783246
0.74096215
-0.23138879
0.35485896
-0.18668196
1.9379774
-3.2483768
-0.14344463
1.9302365
-2.6366935
-0.79461277
-0.36782384
-0.5661253
-2.890622
-0.2199102
-0.9958883
-1.6718415
2.4675598
2.245812
1.5614018
2.3856325
-0.05731464
2.6322308
-0.21988136
0.19086595
1.7212472
0.5074088
-2.183746
1.074086
-0.43824065
1.1210707
0.26253197
0.9889841
-0.6512767
1.3672451
-0.011794709
-1.0041375
1.7008206
1.5078301
-0.35767072
0.8329778
-2.7565029
1.348124
-2.4228065
0.9571713
1.2584333
-0.40591112
1.5460452
2.907067
0.6085042
0.3314625
-1.4866822
0.6577535
-1.0087191
-2.0255523
1.1028256
2.5102625
1.8631556
-1.0621048
2.1536672
-2.584498
0.51378864
-0.6520015
-4.8124466
-0.0372808
2.173956
-4.029307
-0.13226451
-1.3460605
4.1632094
0.91164476
-0.89895386
-2.766816
-1.4371469
-0.2632248
-0.34805354
-0.39812836
-0.5201702
-0.82867575
-0.37623027
2.335628
1.3353971
-0.33343872
-0.9228163
-2.268223
1.3020848
0.32979172
-0.75003904
1.3979352
-1.068208
-4.7233233
4.465992
2.6462488
-4.8258595
1.8984407
-1.2317894
-2.1244807
1.0243932
-0.8761971
2.0899475
1.09584
-0.008020014
-3.7607837
-0.86854106
2.5877955
1.2946261
1.6394277
-0.695146
-1.8392526
0.38680413
0.13001655
0.543581
1.0248326
-0.5486807
0.5251111
0.6268996
-3.8851264
0.5627176
-1.1058424
0.33438036
3.2502892
-1.4594012
0.7548949
0.79790944
-0.86119676
3.2843935
2.68668
-1.3107301
0.87631
-5.524299
0.86158264
-0.1303092
-1.9658016
-3.574717
-0.5797947
-0.12339451
0.4678061
0.11159981
1.6826386
-1.3335599
-1.045929
-2.3367245
-2.9178598
0.3477483
-0.58982646
2.9116154
-1.2135575
-3.1663134
-0.23287201
-1.062719
-1.2202102
1.67835
4.195789
-0.04092022
-4.0774508
-1.3952703
-0.35887164
0.11045907
-2.6278863
-0.35431156
4.5775805
3.7234173
1.3872948
0.40138116
-1.3742054
4.319867
1.1465136
-1.3245921
-2.0841296
1.3206079
-4.582368
0.73231125
-1.5464741
-0.19827841
1.2633721
-2.0311818
-0.51556325
-1.0968444
0.19968417
-0.77198315
-4.013206
0.036195196
2.2718794
-0.7420755
-0.32062957
0.6274026
-1.2067487
2.15879
1.5235934
-0.5245245
4.080932
-0.068400644
1.615768
-2.665344
0.64269835
1.8224343
0.6971466
-0.6191496
-1.9261221
-0.35700393
-1.3996464
1.9824748
-1.8236151
0.45305043
-0.4749371
-0.7553018
-0.64651644
1.1499057
-2.9117148
-3.8986485
-1.6898923
2.1903396
-1.4190933
0.3566502
-0.8660409
0.07540287
-0.66420615
0.47310808
-1.2763692
0.836599
0.40441936
-1.4953715
-0.18430696
2.2812176
-1.0324594
1.5648124
1.0765274
-0.7871111
0.37734398
-1.955434
-0.24716716
0.08282244
-2.5318599
-0.3912712
-1.2935084
1.4804052
-1.4339066
-3.0018191
-2.732586
1.5022103
0.53983164
0.6579236
1.2853343
1.5370522
1.1362765
-4.0944886
-0.16429497
4.586468
-1.2532885
0.330021
3.1191533
-1.7789288
-0.6326876
-2.4257438
-2.9328797
-0.886148
0.53664184
1.6490453
-2.1433275
-1.3825574
2.6705847
0.17411408
0.7946777
0.61867136
-3.2529197
-0.17612118
-1.4708807
0.9396529
0.20085333
-0.5902988
0.9013044
1.6664032
-2.4880853
-0.94661885
1.3228942
1.2454836
2.4991944
-1.103664
2.494433
-0.12053497
1.9213178
0.5364089
-3.6105907
-1.090686
2.0555263
0.014558431
-1.0861087
1.5830392
0.39309508
0.7424947
0.7137608
1.2507174
-0.51969546
-1.7757134
-0.44777
-0.3282447
0.45127866
0.4734386
0.8577625
-1.2757121
3.828141
1.8356932
-3.4253213
-3.9139214
-1.8873689
-1.0867115
3.4912243
0.29062372
-3.2309308
-2.9389393
0.38740316
0.21778199
-0.351259
4.4452796
2.1446428
2.4811943
1.3140832
-1.8378025
3.9454217
-1.8187141
-2.0185254
2.6020682
-0.11759034
4.256986
-0.2140514
-2.4206676
0.29226336
4.3255773
0.8555541
0.9408343
1.288224
-3.3266523
3.3084962
-2.342416
-1.3487922
2.268302
-1.0894916
-2.6630387
-0.7962548
0.7932494
-1.4534531
2.4894547
2.0428224
1.1532459
-0.28765458
-0.14489481
-1.1357951
3.7600968
1.319822
-3.0213363
0.6298689
-0.17957406
2.3508472
2.9744234
-2.0988421
0.10401067
0.07588671
-1.0546542
-3.146501
-2.096522
-2.4995894
0.98096144
0.49240986
-0.7628287
-0.55340654
2.811282
-0.24870998
-1.6172016
-3.2373512
1.7359406
-2.43008
2.2655773
0.6795063
-2.2056837
-0.18183509
1.7930712
2.0129578
0.70018303
-0.5980854
-0.9016555
3.2910256
-2.8186646
3.151931
2.2047606
1.7826825
-2.510075
-3.4756525
1.1679807
0.8285521
1.8838886
-1.3569715
-1.2818695
-0.5752572
0.18569577
-0.44939
0.9098368
-1.2873586
-0.5476204
0.8638728
-0.42626438
1.1839317
0.6794378
2.090717
-1.7664849
-0.18470079
0.22976923
0.61107475
1.3864458
-2.6749206
1.7770945
2.1917558
0.44960696
1.7349406
0.59211874
0.57324624
3.9963515
0.80994797
1.8742902
1.0783002
0.058125094
1.8374149
0.015523352
0.9502163
2.2114687
-1.6132592
2.3524084
-4.7936215
0.39569432
2.9938202
-1.1204607
2.6114144
-1.7625769
-0.17578673
5.4093623
1.9937079
-0.04652028
0.3154896
-0.7126955
-2.3096528
0.9267125
-2.3483393
-0.5080625
2.2459135
2.9627166
-1.1870203
-4.4585123
0.003398873
1.5855012
-0.2843742
-2.1454384
1.0375063
-0.4778405
5.167784
0.49287006
3.3833556
0.16025737
-3.533867
0.03797946
1.586502
0.4089223
1.9159954
-0.93287945
3.0123627
0.5129569
0.21630868
-0.8918839
0.9369468
-0.71357965
-4.0643086
-0.085859805
-0.36428294
0.84441066
0.124379985
0.57385486
1.7258341
-0.43861178
-1.9727228
-0.4353812
-2.532173
1.196274
-3.4347777
-1.8643409
3.455465
-0.041355647
0.6920542
-2.2836535
-1.2461509
-0.4222757
-1.1951435
3.254445
-3.6311893
2.229265
0.6811471
-0.41274568
0.21427113
1.9951789
0.35509056
-0.91479784
-0.57000536
-0.0009852946
-2.0777853
2.0987396
0.69511044
0.33364028
0.2085006
2.019327
0.35355043
-4.765856
2.4020438
0.3538827
1.0345612
1.7119973
2.58967
1.83206
2.5983543
-0.8065704
-0.7895967
0.24860652
1.7616684
-0.42118624
0.74017113
-0.71316725
-1.9770453
-0.5892136
0.6996228
0.30321312
3.9303818
0.7795059
-0.5938865
2.2779064
-3.695604
-0.0010980554
-1.7920043
1.1076138
0.9890966
-3.3676136
-0.2924111
-1.740786
-1.4134485
-3.2313032
0.86231107
-0.0008901544
-1.9454732
-0.830959
2.3270729
-0.49889508
2.1353998
-2.4101253
2.3047879
-0.9159277
-1.8503733
1.8332459
-0.69362384
1.3306457
1.35357
-3.015545
-0.5866615
1.9967722
-1.3852811
0.8181584
0.13983583
-2.530789
2.0511346
0.84265804
-1.3865944
0.9792752
2.0369685
-0.77384526
-3.1946177
4.352508
0.5647496
5.223932
3.3300314
-0.076596215
0.10272686
-0.27283275
-3.533145
1.3253994
-2.0666413
2.3638203
0.21672142
-2.0760527
0.34727058
-0.8684651
-1.9616742
1.448747
1.0503923
2.1964998
1.147375
-0.037437275
-2.6427078
-0.66968554
-3.2379708
2.107641
-0.9421744
-1.5400794
0.03310787
2.0164688
-3.6980097
1.7717952
0.4841205
-0.8833362
2.0726008
-0.7771185
0.74838614
2.1136906
0.4057721
-0.24656793
0.1955764
1.5652775
2.0291653
-2.071365
-4.146052
-1.828491
-0.7952309
-2.1721098
1.2577927
1.987189
1.7257979
1.3615221
1.5832851
-0.94218755
1.9590056
2.2334013
2.4667325
-0.020048391
0.38920483
-2.3649702
-0.669706
1.1256785
3.2094004
0.8209966
-5.6008525
3.0778959
-0.006828524
-0.5273703
1.6676602
-0.823979
0.8492294
2.5663128
-0.6442867
-0.40628332
-0.40643787
-0.18997729
1.2398667
-1.1492097
2.1647038
-1.1825677
1.2639351
-3.701162
-1.398565
0.116409525
-0.42136633
-2.0613143
-2.886282
0.03508322
-1.3164653
4.7393
-1.1430161
-2.5419009
0.5608996
-3.0355444
2.0368938
0.6420919
1.7744322
-0.6575424
3.6778183
-0.5465701
-0.8893219
-1.4400882
-1.4048352
3.2914412
-0.8049301
-2.589802
-0.7091132
-1.78662
3.1182227
-0.95836425
1.1605421
-1.5538278
1.8085155
-2.0624607
2.1990075
-3.2808948
1.4248852
-1.6573905
1.7111307
-1.5553107
-1.2324069
-3.4326248
1.6494086
2.6379838
0.17224531
-0.40807912
2.3054438
-3.315317
2.8563733
-1.223518
1.7138071
0.9275137
-0.50471556
0.45550698
0.10092088
3.5811152
-0.54694784
0.40897995
-2.7035623
-0.3081295
-2.4286127
-0.103250094
-0.6599969
-0.16814038
0.2968493
0.9677389
1.6819925
2.8933651
0.66886836
-2.390305
-2.6968532
-0.6706298
-2.053876
0.29313886
-0.820496
1.9930921
1.8938277
-0.64523536
-2.0975344
0.118133694
0.8111567
0.7976026
3.3829348
1.1441433
-3.5991423
1.9527243
-3.5616386
-0.12341259
-0.23890671
-0.83458114
1.478871
0.47247648
-0.43918377
-1.1300905
3.7197404
4.3612604
2.517086
-0.03255716
0.85245955
0.4109723
-2.5775683
2.281997
0.28719088
-0.52107173
1.5592359
-1.4523501
1.2665455
0.07310205
-1.6519803
-0.42460817
0.38200197
1.530724
1.4581478
0.23094998
-1.4240407
3.9473145
-4.2989893
-0.065339364
1.3298299
2.1481612
3.6893966
1.0349422
1.8337336
-0.56623673
-0.46293962
-1.3906989
1.6420332
-1.6211176
-0.054198273
2.350653
4.690927
-1.0893232
0.4578167
-1.3946307
-0.29008508
-3.1133785
-2.1228974
-1.0293833
-0.38418588
2.3038166
-1.0969048
-2.0693214
1.432008
-1.5851783
-1.8344227
1.7997636
1.0021319
3.1712618
-3.9360306
-1.6339762
-2.0351174
0.7079005
1.9819858
1.8647897
-0.14184797
-0.002350606
-0.55330956
0.07722348
-0.7694781
-1.7792503
-2.948276
0.7323359
-2.0241573
-0.9349679
0.36661512
2.5508926
2.9756837
-1.161493
0.045216084
-1.6854472
1.6738758
3.372437
0.914745
0.21207795
-0.600867
-3.1469004
-1.2638218
-3.327665
0.747275
-1.1771747
-0.7807892
-3.9622815
-1.8606564
-2.7683213
0.99604434
1.1762892
1.6567125
2.1304874
2.2117424
1.416633
-0.21471746
-0.6031498
2.8095803
-3.504904
-0.029885441
1.7612011
-1.1487149
-1.2092465
-0.93100613
-2.1592112
-1.5959024
0.5546834
0.93476605
0.14515868
0.28264904
2.4828677
-1.5692623
-1.6796424
3.1793137
0.7420827
-0.02990361
1.3159986
1.5860803
-0.779443
-4.268295
1.1612711
-2.676409
1.225656
1.6714104
2.7168972
-2.7969735
0.9157372
-1.0625153
-2.843648
2.3144586
-1.7065622
-2.9406185
3.25269
0.08277767
2.0457907
0.5362145
-0.43887466
-0.49957687
-3.6499484
-0.899273
-2.3308117
1.4091978
1.595639
-2.4425712
-2.1291454
3.1851244
0.043881442
-0.8792284
0.2908674
0.8608198
-1.8844353
1.2304991
-1.3749545
-2.4343615
-1.0581979
-2.5258875
3.2798269
1.206116
-1.8449217
-2.07839
0.900203
1.3689837
-1.1959437
0.087009355
1.9919493
0.19860843
1.557539
0.4726013
0.93053013
-0.67675644
-0.32992595
-0.5431806
-0.15673399
1.2265713
-0.43624517
-2.790012
2.2090569
2.648981
0.47517118
0.37735516
-0.8509198
2.7847335
2.47751
1.122433
1.0021862
-1.5013118
1.9059378
2.050904
3.9366717
-1.7032889
0.28141502
-1.1345203
3.5942593
4.0777154
1.0350969
0.874593
-3.1434157
2.1041632
0.5457887
-1.2146317
-0.043027975
1.5293674
-0.41836646
1.1547223
-2.2433727
2.197103
-7.5880146
-0.3933071
3.1378567
0.5194904
-6.301601
0.09685852
-1.0407857
2.1962478
-0.734073
-0.88277876
1.0555271
-2.7331522
2.257658
0.32561898
-2.6754508
-4.165457
0.27798465
-0.0147509165
0.5381779
-3.558114
0.082145095
0.049681164
0.17292264
2.0315619
2.7286656
-0.7300453
-2.7632413
0.33656314
-0.9628723
0.649922
1.2690439
1.8726894
1.6957517
2.0205727
-2.0450063
-0.56828547
-0.58894545
0.33972853
3.5741665
-2.4864075
1.1295424
-0.14173031
1.0122855
-0.18786144
2.6375291
0.55304193
2.1786053
1.1128814
-5.6172733
-0.06985948
1.2599173
2.8660862
-0.3872042
-1.3300776
0.1443919
-1.8069288
1.2749221
0.03532209
1.3074039
1.4606392
-0.25000596
-1.5937561
2.295763
0.6375409
-1.5780525
-2.8724306
-0.7965102
-0.2519144
2.5088031
-1.1788411
-0.76209813
-0.4031804
-2.371571
-2.4138422
-1.2370108
-2.1083322
-0.983379
3.6608143
-1.2054673
-1.9783854
-0.91148514
-1.9034588
-0.24354191
0.07905688
2.5676916
2.7294447
-0.45097074
-0.9365827
1.916051
3.305044
-0.807849
2.7757893
2.4559267
0.39013365
3.4375436
2.4689054
1.811897
0.06606861
-1.0201957
-0.15799266
4.4241757
-2.3703043
1.61063
-3.0501268
2.0522451
0.6770778
0.34455693
-2.0587194
1.2165912
0.6560615
-1.7315404
0.40865445
2.0717921
-2.1090937
0.25613987
1.1887087
-0.24374712
0.91244966
0.4083826
3.3879733
1.4725574
-0.32115245
-3.1517537
1.7131981
-0.14176443
-1.064018
1.2264553
1.6390282
0.50291437
-0.33983788
-2.099796
-1.6995411
2.382106
2.7782419
1.2993586
-0.30755737
-1.7471324
2.7905607
0.49432427
-0.5565348
0.3923349
1.9711984
0.49229577
1.1748285
-0.1404035
0.120139405
-2.4965148
2.9391644
-2.0622277
0.4783048
0.19677646
0.2242533
1.5699248
-2.3890586
-0.40833285
-0.6098843
-3.3065963
-0.74688596
-0.6005282
-1.0909213
0.051054932
-0.91130656
0.8110587
0.6329045
1.6808842
-1.4891073
-3.5692275
0.035866015
0.7103799
3.3756435
1.1955458
2.502286
-1.5984634
0.3812656
1.0271697
-0.2222746
-0.66912305
-0.86033916
0.8801492
1.0471773
0.65495914
-3.0365403
-2.2240455
1.1594058
3.5891018
-2.302072
1.5206301
1.010594
-0.82593125
-1.2567718
1.7568986
-2.2338812
0.13748758
1.6010344
0.016134866
-0.865838
2.853361
1.6888894
0.0013959706
-2.4193106
-1.8613567
-3.1432269
4.178901
-2.6676173
-0.46178326
-0.099104635
-1.73794
0.86287975
-1.0705291
1.5423864
-1.0029166
-0.17105612
4.7805448
-1.2595329
3.741906
0.27367005
0.12507758
-0.8160246
-2.4661968
0.20560834
2.278617
0.66653514
-2.5907319
-0.5501173
-2.5345197
1.0181715
-0.09560434
0.29870793
0.9816871
-2.817706
-0.17378277
-2.6537468
-0.730711
3.5159402
-0.52408355
0.96913785
1.1258241
1.4345592
-4.9613185
-3.9458957
1.548432
-1.2117963
-1.2815582
2.1070957
1.6808122
2.47418
-3.037853
-2.664887
-0.33623138
-1.9298664
1.0023451
0.7042547
1.2905953
4.3282814
0.86412406
-0.62090355
0.09481716
-1.3480215
3.620445
0.40097618
-0.8126686
-0.9132646
-2.0377896
-1.8973649
-1.4566953
1.3421918
0.43886265
4.610317
1.2818757
0.07209495
-3.1652927
1.8502969
0.33830836
1.7781202
-1.0237467
4.615585
-0.93372405
-1.3242775
-0.20930834
0.14893618
1.6496184
-1.569636
-6.525775
-0.43587148
2.344391
-3.1440375
-2.052372
0.1826465
-1.8006043
-0.31601697
-3.114737
0.5393876
-3.0699246
-1.4092876
1.8426013
-2.8690445
0.81710184
3.3946161
2.1227477
1.3085003
-1.3400893
0.7500585
2.0729744
-4.0554895
0.17870006
-1.1066444
2.9120398
0.5199533
-4.0183434
0.44138804
0.6919469
-2.537587
-1.7107533
-3.6976514
-2.4976745
-1.5036091
2.2694695
1.4930786
-3.6390026
-0.2184803
1.0911394
1.0932269
0.0043260753
-0.57687265
1.1742628
-0.7822072
-0.9164451
0.6298534
-0.37385285
-2.23324
0.05310245
1.2148051
-1.8998928
3.3079152
-1.0487696
-3.9337976
-1.8126936
-0.15103939
0.23674494
-2.6344054
2.3113656
-3.821878
-3.267876
-1.116289
-2.1040905
1.5359496
2.0985682
0.4603063
-0.7781057
-0.78900087
-1.8922517
2.3589108
0.5005256
-1.5209193
-2.1589077
-0.26986545
0.404599
-3.432893
0.5143747
1.3363624
-3.6682715
-2.9938595
0.5631609
1.8475909
-2.6624465
2.24656
0.31617704
-0.5000582
0.00261081
0.38328558
-1.4579461
0.88637817
-3.538417
-1.9383355
1.3661152
-1.8930255
-1.4723969
-0.30280203
2.3566687
0.5836802
-1.487582
-1.1982194
-3.7991593
-3.2056746
-1.0954003
-2.1968079
-0.09880727
-1.9195625
-3.9446921
3.0730586
0.9228177
-0.48629442
-1.9557021
0.2013938
-2.2318532
2.4580264
0.0051132664
-1.6359727
1.9833077
0.9143504
3.4765837
-3.456906
-3.9022512
2.441671
3.6139119
0.86203
0.9512418
-0.3759774
0.8688094
1.2116103
-1.3942578
2.8885798
0.59299976
0.08495276
-1.9807894
-2.3881786
0.92492235
3.7970488
0.64568365
1.5028652
1.6597663
0.17393363
1.6829909
0.7328206
2.0243235
-4.644755
0.61328006
-1.786477
2.0454807
7.860742
0.73196965
1.5872847
-0.6726013
-0.3115559
-2.4959595
-0.46661633
1.337346
1.6292793
-0.22647366
-1.1076183
-0.6442505
-2.9388404
0.15180244
-2.296037
2.2177577
-2.9423041
0.56006294
2.0248845
1.3784004
0.2268182
2.4555454
1.9339128
1.691076
-0.19270822
0.09033868
-0.9872877
-0.69134814
0.7086782
-2.4483573
1.2355636
-3.8951612
-1.4515002
2.203908
0.9430488
3.0000544
0.085143045
0.3212552
1.5669963
0.09804667
0.5754457
-1.3373584
0.73710334
1.201924
-0.80365276
0.27140814
0.8390339
3.2874885
-0.19691294
-4.5611734
2.5484724
3.0455236
0.24929184
0.056644723
-2.7562819
-0.5742299
-1.3450313
3.2427692
0.6652372
0.07249868
-0.9046411
1.0050993
2.4428804
-1.3722268
-3.603983
0.6512593
1.2647334
-2.7556112
2.0037832
0.82366586
1.8409443
1.1158592
1.0221223
-2.9908912
0.7159241
1.4980156
-4.3847647
0.33854005
0.7500248
1.2628988
-1.1129194
-1.5380027
1.9927056
-3.1260686
2.52289
1.6061639
3.9089367
-1.6848456
-0.19432703
0.0756757
-0.92318773
-2.318387
-1.0700076
-2.025123
-3.105735
0.96253
-2.5363433
2.7085357
-1.3070902
1.8533024
0.08479564
0.6754499
-0.38594407
0.5797409
-0.7272304
0.35399586
0.39640164
-1.508117
-2.6983762
-0.07429125
-3.196814
0.44566616
-0.81801206
2.5177865
0.08081453
-1.5087062
0.67313397
-0.48090273
-1.1625297
-0.32490245
0.7127301
1.6972001
1.0485563
1.4572374
0.49545717
0.49356365
0.5508628
-0.7411095
-0.60105926
1.2716875
-0.39597467
0.543248
0.8761358
0.57557404
-2.9871037
1.0182291
-2.3137484
0.45438582
-0.14061949
0.9188809
0.00017048791
-1.2436001
-0.26918057
-2.3556488
-2.7907984
2.4359741
0.39810094
0.5424842
-0.8082252
-5.9107523
0.13315132
-0.5997746
-3.0783904
3.3797991
1.7239151
-0.37245247
-0.43144095
0.20640862
-2.746111
4.9161
-2.420403
-0.34867513
-0.044055223
-2.8754396
-1.996966
-1.1311166
2.194312
1.2284417
-2.3810248
0.5726644
0.7480268
0.37343872
-0.25523943
0.16736054
2.352962
0.7864497
-3.3231366
-0.25519985
-3.3731182
-1.9712325
-0.3174198
-2.394558
-1.6338078
-2.0462623
-0.39653388
-1.6624906
1.2637098
-0.4219777
0.6583714
3.1005573
-1.6342974
0.04189692
-0.67960113
-0.74195313
-1.1116061
-3.8916483
-3.9898412
1.1097467
-0.17130151
-2.0514133
0.25479484
-2.9841788
2.7728114
-1.2162884
1.0963613
1.333505
-0.034153048
-2.2862837
-3.2986422
-1.3558201
-0.12574342
0.047522303
0.96266896
0.9135931
2.1176424
1.2358196
0.021918222
2.1065464
-0.6820301
-1.2365514
-4.115805
-0.31489313
1.2846735
0.1432758
0.24615782
2.021805
1.6327665
-0.025043145
-0.4555406
3.606352
0.40065682
3.7312596
0.021732487
-2.1782238
0.27021778
0.26163754
-0.38969466
-0.7132561
-2.8444798
-0.055757552
-2.629535
2.2788706
-1.5166363
0.52234524
-0.41217694
0.844167
0.086772405
0.5144351
2.1140609
-0.6386233
-3.8617828
-1.0389025
-1.2600759
-0.63748026
1.366799
-1.6931301
-0.59867096
0.3855182
-0.77659255
3.193498
4.4222083
-1.5036596
-0.16361873
-2.8970063
2.6386843
-2.5569463
1.4169848
-1.1949781
-1.8103931
0.69018584
-2.8650808
2.0771642
1.7951516
-0.65212065
1.4131655
-0.6573484
1.5608618
-2.6607418
0.67479193
0.6428036
-1.9192258
-3.6420643
-1.9561108
2.3452063
1.3520479
0.8522127
2.9912348
1.0184854
-2.0151348
3.0635822
1.7656771
-0.71830124
0.19946373
-1.1836929
-0.8457245
0.09711885
1.8575574
-5.3664374
-0.7852932
1.5872811
-2.085274
-1.2065874
-1.7568152
1.0633608
-1.2552509
1.8447336
-2.3438227
1.8353388
1.3845961
-1.9573463
-0.64695174
-1.2082893
-0.4980443
-0.46507975
1.2975528
-0.9488304
1.5776056
-1.0537815
-1.7150067
-0.45587558
5.871093
1.5098789
-0.6452492
-0.8313223
0.41094035
0.8134456
0.93960613
1.7457619
-1.0665115
-0.4399419
-0.66239476
3.4963338
3.4490683
-0.46849823
2.2024379
-0.055719122
0.0000038444996
-2.5614586
-1.9518739
0.45339656
-1.353923
-4.263002
0.015219476
1.1768034
-0.35354167
-1.610891
0.20085189
-1.1833442
-0.6632639
0.74833256
-2.1419322
1.317855
-0.84264654
2.2552648
3.2685575
1.4825524
0.66885394
-1.83042
-0.8920767
1.809052
0.79759234
0.994437
1.271628
0.6395501
1.2364292
1.9779927
1.704999
2.573209
-4.0147743
0.35409164
-0.6756343
-1.4858457
-2.2950606
0.5285576
-5.2502723
-0.7937222
4.6675496
1.4676939
-0.11106861
1.0633118
0.18552084
-1.3250388
1.1301831
0.3053659
-2.13043
2.1251347
-0.3875508
-0.9567663
1.656392
1.3983524
-1.8145176
1.1860055
2.0218852
-0.37724507
1.4165298
-0.8038056
-0.94998354
3.2206833
-0.16823736
3.6942894
1.1474437
-3.24132
-2.256898
2.174879
1.6251924
-4.671779
1.6440179
0.49803394
1.0158302
-0.21248223
1.655984
-2.310243
-4.0716624
0.29538774
3.2315755
-0.97661877
-1.3276367
1.5588425
0.76313424
3.6946325
0.72167057
0.48609692
-0.07544369
-0.4971247
0.87274426
-2.568139
1.0753361
-0.42920032
-1.0562922
0.3002537
1.0151392
-0.48417228
2.4953003
2.0105858
-0.09450764
1.9907506
-1.5199529
-1.5123652
-0.8286648
-2.9401956
1.7600231
0.21331152
-0.28652182
-0.004993908
0.37239683
-0.09911842
-2.0682232
-1.4238358
0.2688042
2.0919926
1.307878
-0.49988025
1.870796
-2.2417655
-1.34572
2.5464923
2.662599
0.38798404
2.1251643
0.7259127
-1.4991167
-2.637957
-1.1776899
-2.0035555
-2.1469882
1.0434467
-0.57946336
-1.1297224
-0.52400166
-1.6048876
-1.987021
-0.5211412
-4.839294
1.3976282
0.7651283
-3.169163
-4.4647894
-2.0504606
-0.0882593
0.87229997
1.1950569
-0.16046894
0.28930587
-1.5529875
2.2956927
-1.9888369
4.4836154
-1.5062597
-1.6430278
-3.3268452
-0.5454531
0.97304356
-1.2059736
-2.6587439
-0.8410647
3.1955218
-1.7163585
-0.030526891
-0.8327605
-2.7538686
1.7205518
-1.3145981
-0.4100834
-1.6857824
-0.11243584
-0.60400176
-2.7370586
-1.5575655
-2.2182138
4.3436093
1.0134683
-1.6315134
-0.7438105
0.9796771
-1.7687105
0.7641182
-2.857504
-1.3927252
0.21709877
-1.4615442
1.4738595
0.1121131
-0.34329125
0.5295492
3.9310107
-2.1456401
-1.0109774
0.38423592
-0.2431276
1.0077751
-1.1610093
0.8223504
1.0471411
-5.3369336
1.7609441
1.1405064
-0.0063491613
1.1163636
-0.5369579
0.60102683
-1.7585173
-0.8274069
0.005799141
-1.7917633
2.8836026
1.4848051
-1.4730632
0.3104825
1.8443204
-3.91954
2.0979555
0.22183575
-3.7397437
3.1299782
1.463307
-1.1062467
2.10672
1.3184552
-2.257919
1.7289369
-1.9326904
0.70753723
-0.15451759
0.9492001
-1.0322585
-2.266077
-1.0071836
-4.8078737
-4.1256194
-0.9638322
1.9657824
-0.3939253
3.7371883
0.000016383827
-2.358539
2.1486397
-0.75045323
0.21475473
-1.8672917
1.9355862
-0.88503164
-1.6182058
0.13155118
2.995053
1.070394
2.5771747
-0.81851596
-0.086362995
1.865424
1.7280921
-1.4765985
-0.7030378
2.2062652
1.190647
0.7841748
1.1764203
-2.247523
-0.72357637
1.3279545
-2.65198
-0.050027482
-1.2585554
2.44264
3.6837294
-0.779799
1.4245151
2.699205
1.047588
2.4813364
4.4874716
-0.6710579
1.1099682
-0.73669684
0.61123943
1.1101341
0.8522717
2.571239
-0.7513044
0.24722505
-1.4652674
-1.997768
-1.4248168
-3.4214876
-0.08485972
-0.21517044
-2.871643
0.4332129
0.72252584
-2.6049263
0.7259742
-4.078572
-1.3003522
-1.8897611
-1.45399
0.8346118
0.5091532
-1.3965759
-1.7811692
1.5899504
-0.34866485
-1.3123574
-3.1412795
0.49336776
2.290175
1.1567185
2.3890986
-2.5951836
0.630502
-0.8497777
-2.027598
0.58002996
0.8070429
-1.4457351
-1.1132903
2.8094065
2.4464407
-2.5867708
-2.5569177
-3.86571
-0.43554455
-4.190416
3.1488602
1.7949537
1.8564645
1.5339592
1.0991656
1.0570915
-4.755662
-2.8681252
-3.3455462
-0.13417673
-1.0783556
0.91812867
1.6379888
3.4985769
0.7079312
-0.4079505
-2.5989087
2.3916187
-4.8360243
-0.75300014
-1.2170559
0.8772878
3.8414688
5.1315265
-2.247885
1.4927946
1.5385753
-4.130001
-0.9609238
2.5414762
1.3255763
3.208507
1.2059302
-1.3173347
-0.41229692
-1.2642617
1.923169
-1.3033078
1.5612395
0.32217985
0.98808026
-1.7641478
1.3087766
2.244794
-0.20861092
3.0166636
-1.8056927
-0.9865355
-0.5515043
-0.9964067
-0.49795341
1.5375835
-0.21303609
1.5162262
-2.1411734
3.321278
-1.8601588
3.20355
0.095142625
-1.7768824
-2.9571419
-1.0794488
-1.0574803
-1.2598714
-2.9269724
0.71251535
2.5127363
-1.9303907
0.86252606
-1.3761464
1.586807
-0.6921087
-2.5116844
1.6295302
0.4814497
-2.5185769
1.0318251
0.029009651
-0.94971013
0.4246937
-3.3445044
1.7243365
1.1244655
-1.54346
0.1754373
-2.044286
-0.7605526
0.037602015
0.67545605
0.08529181
-0.42119747
-2.0180326
2.325755
1.4476253
0.72651076
1.6866767
1.3202981
0.553471
-2.5638814
2.6244602
1.1289482
-2.7918894
-0.7218588
-2.1248412
-2.0988126
-1.4767817
-0.5874098
-1.1903305
0.5643694
-0.6281409
-2.6293726
2.8376217
-0.6587313
1.1740214
-0.12719734
0.17096484
0.3911871
0.15230307
2.1741934
1.6936662
6.0972714
-0.1630255
-1.5388746
1.5892562
-0.0034621656
-0.19387648
3.301177
-2.6259933
1.5655491
-1.0402396
0.63589543
0.040746395
4.410085
-0.9053329
2.5127888
-0.34025788
1.0483752
4.352154
1.8358372
1.77477
-1.9373922
-1.3781455
1.056995
0.34111613
-2.451348
0.5032719
0.7361666
2.0072665
-1.0134449
-1.0446266
-2.9167461
0.048003018
-0.41409683
-2.68122
-0.17995653
0.42001355
-0.15199363
-0.6587789
1.4255005
-0.3770143
1.7949265
0.9941071
-1.8115871
0.7796719
-1.6254038
0.14683166
0.48647904
2.3868692
-0.22997217
-2.4704616
-1.0891387
0.62449217
-1.6984445
0.0123927295
-3.7006633
1.6935188
-1.6095582
-5.273673
-4.09899
-0.24378845
-1.1992636
-0.3100763
-0.77484936
3.169182
-2.3038952
-2.3791568
-0.3934561
2.5969718
0.09122808
-0.69810635
0.24805148
-2.5126498
4.554821
-0.4553842
-0.08490821
-0.5937357
-0.40421084
-0.7270233
-2.5386252
-0.87880635
0.33894143
2.2247307
2.4611404
-0.8807467
0.25528413
0.71419674
2.2410963
1.1335158
-0.7287157
3.2354417
1.6901518
2.1077144
2.7085583
-4.7756166
0.5855491
1.7826957
-1.9301453
-1.7128524
-0.7159352
0.15894233
-0.31713036
0.8668262
0.8770727
-0.029065054
-1.9666849
0.24256143
0.7186253
-4.3886905
-1.3080006
0.9833542
-0.73518103
0.37893873
-1.1647073
-1.6195604
1.2275739
-0.24488062
1.7465986
0.5472275
-0.5830554
-1.287496
0.56956404
-0.058260296
-0.48400378
-0.5883369
2.3781428
0.23314019
-2.1062717
0.5290806
2.0563095
0.28631625
-2.475954
0.39607495
2.0148158
2.5654302
5.263589
0.7088756
1.2978561
-0.94908667
1.8037039
1.7454964
-1.3245906
-0.54344213
-0.13808388
5.520896
-1.2307338
2.0540125
-0.067269586
-1.4120445
-0.6605147
0.35233486
-0.24608645
0.6245131
0.76381654
0.24502349
0.22908103
-1.2349447
2.7819583
-1.2796205
5.017272
-0.4624289
0.94539714
-2.1072218
-0.43599957
1.3267471
0.9046552
2.1168792
-2.504396
3.5090778
0.126804
-3.5746307
-4.003524
2.1602595
3.5848958
-1.2724587
1.4298725
-1.8700691
1.5714948
-1.2836263
1.3317367
-1.9516913
-0.285169
-0.038956694
1.5874543
0.40617704
2.446747
-0.11113519
0.4951797
0.48144653
-1.4045978
1.6598246
-1.3917421
-1.530567
-1.2537242
2.8472447
-1.1674594
0.9738128
1.1155027
0.6427533
-1.6427819
3.0592022
2.7155757
-3.368824
-3.5515296
-1.768817
-0.74713314
-0.2654276
-2.220836
-1.6317145
0.020806417
-1.9241744
0.24672607
0.22735736
0.47987747
3.480406
-1.8646362
0.19022807
-1.7927088
0.45355767
-0.9305733
3.494637
1.7343241
-2.2096343
1.0004393
-0.92073524
-0.6059848
-1.5679077
0.5507855
-3.0850658
-3.302627
4.1209245
5.1799097
-0.25911072
2.4729905
-0.30128938
0.13349378
-0.46358085
-1.3393291
1.4730827
2.9251986
-4.8629103
2.8282247
1.077694
2.7452126
-2.2402205
-2.8969343
-0.23913369
3.2664378
1.7564378
1.1650515
-2.5909843
-0.049023993
-1.4459057
-0.30766279
0.00073013455
3.4675264
0.69879436
0.3704282
0.4889061
-0.68438894
4.3742046
-1.417079
0.5500391
1.543338
-3.1342773
-1.3681656
1.7936954
2.2567706
-1.4322256
0.32403612
-4.834721
1.3646437
-0.6693617
-3.2018332
-0.33297426
1.9275844
-1.218532
-3.9740949
0.17736933
-0.9798306
0.53319013
0.55536044
1.7260523
-1.2724904
0.3981079
2.04158
0.88918245
0.2615348
-1.7760118
4.918198
1.0050315
0.35853773
-0.03684348
-0.37513545
1.7682914
-3.578773
0.94357336
0.4228728
1.538131
-0.4137865
-0.7336146
2.1579118
-0.360632
1.193255
2.017469
-0.40796563
-1.6334774
0.20495851
-3.7248871
-0.43488756
-0.5078151
0.66193473
0.9186177
0.00055646896
1.987111
0.9402218
-2.3862226
-0.8683909
-0.58060807
-3.7244456
0.10591631
-0.6353023
-2.5409384
-0.31056434
-0.056272887
-0.10615157
-0.97111356
-1.0505767
-1.2919562
-1.8137281
-0.623277
3.5881858
-2.2871494
-0.028392307
1.1757851
1.8503858
1.4698684
-1.2251632
0.29649526
2.5852573
0.76865554
-0.93347216
3.530169
2.8486671
1.2976263
-0.21167126
0.60258603
2.314164
-3.3280175
-0.3144936
-2.8639114
-1.5752894
1.8333529
-1.5423702
1.2888641
-2.2433672
0.6171984
-0.3992152
2.494089
-0.15934737
0.7331255
1.2713089
-0.70673126
0.905661
-2.3535995
1.2929283
-0.16852085
-0.04511997
-1.6227355
2.8095622
1.3487632
-2.038238
-2.6798148
-2.1910844
-1.7056899
0.5033487
1.9774042
2.1211095
2.6541657
-0.1579935
1.1048265
0.053685308
-3.6542976
-1.4880321
-3.915036
0.22216307
-3.2134442
0.7304743
-2.1253169
-3.0015159
-0.18135528
-3.5623422
0.27382877
-2.1745234
-0.6091799
-2.036281
-1.1310201
1.1605816
-0.55069625
-0.12404054
0.31972176
5.689921
3.2726352
-0.15761237
-1.9114811
-0.44536796
1.7395175
-0.90996486
-1.4117287
-2.1818027
3.107804
-1.4700497
0.7276492
2.1885798
2.2131734
-2.6940465
-1.3928967
0.9379844
0.41312885
1.8246042
-0.26116964
-0.66218185
-4.429573
0.27469742
0.4336292
0.24164626
3.0778606
1.5924705
0.33148968
-2.5181332
1.4690529
-3.505497
-2.888028
-0.20404282
1.3950166
-0.26472574
4.546756
1.0444046
1.8286701
4.73407
2.629439
-1.6257836
2.0882378
-0.6766058
1.2836274
-0.2335473
-2.8576481
1.1057607
1.2903411
-1.1246675
-0.11494448
3.6189854
2.1276946
1.8975815
2.5149927
0.16189392
-4.5779676
4.2624674
1.3947941
2.3526874
0.25310764
-0.6088904
-1.0146339
-1.5071418
-2.5737667
0.27261633
0.11892104
0.46038982
-0.09166061
-0.255345
0.78335214
-0.97874343
1.034425
4.402838
-2.0455167
1.6706038
0.29795402
2.0290992
-0.034787886
-0.3510784
-0.5173313
4.4879665
3.8594022
0.6820904
-1.4990069
1.2158647
2.0116725
0.120248616
-1.4601262
2.737604
-2.936329
-0.33358073
0.33144182
-0.13745466
0.47818133
-0.1795294
1.7713435
-0.007898875
-0.19880189
0.90521
-2.544143
-0.29240775
-2.2309034
-1.4597073
3.634107
-0.79857665
1.7609922
-1.885723
0.4690282
0.14943025
-0.63023525
1.2542859
-1.2650868
-5.4617586
0.7302791
2.5325565
-0.14036345
-1.9629723
0.2450076
-3.6381414
1.1255771
0.6000462
-2.2477922
1.6463264
-1.1974623
-1.0278194
-0.5589774
-0.50204456
-1.6861088
0.49624357
0.5111679
-3.945096
-0.509707
2.2219586
0.1370529
-1.5830698
-0.8177699
0.3826117
1.2039833
1.7564636
-2.8245437
-1.6599829
-1.9730691
-1.9477911
-2.2887337
-1.8431832
-1.2076031
0.52743053
2.0492902
-1.5677735
0.65698296
-0.15203294
0.7652263
1.1626645
-0.9841658
-0.17438819
1.4768513
0.15395492
0.9093765
1.4535084
2.981402
-2.6777642
1.0243111
0.75996524
1.3381026
-0.32221982
-0.82665074
1.6436181
-4.472024
0.8382696
-0.13505763
4.0764766
2.0450273
-1.4595573
-0.7550449
2.4980683
2.372137
0.6407322
-0.4319007
1.9011863
0.096776195
-0.9939444
-1.1889881
-3.7848353
-0.06907837
5.0459404
-2.5592995
0.5639405
0.30242172
1.4704773
-0.4694633
3.4692724
0.462627
-1.9367486
-0.4525488
-2.845505
-1.4259632
0.3960302
-0.23499884
-2.426266
1.5283822
2.632035
0.22013298
-3.3513424
-1.3183692
-0.027883988
0.70706844
-0.8421455
-2.0626342
0.65131223
-1.1828074
-1.8160727
-3.5508509
3.0058324
2.4570658
-1.304715
-4.7731657
-1.9214653
0.62691575
0.61273116
-1.6918821
-2.238304
-2.4325118
3.5706453
-0.6447734
-3.4688842
-2.0717993
1.0884919
0.9935266
-1.0373645
0.538498
-2.6362014
-2.7526593
-0.3676681
1.446653
2.972555
-1.368225
-4.655013
0.16017109
3.8944056
-0.89848834
-4.169455
0.8079663
-2.826281
-2.3121336
0.61861587
1.3958964
0.39557862
3.0501964
1.097668
-0.29381403
-0.657306
0.6216461
1.4328953
2.08482
3.1265905
3.5248039
-1.2189913
1.5332469
-3.8381832
2.2868958
-2.040126
1.6288635
1.0235529
-0.19148196
-0.46103036
1.116957
-0.86902344
0.5324465
0.31776884
0.6153995
0.65056515
-0.03644801
1.4302404
-0.34119388
-1.2788872
2.221565
-4.662183
-3.4736738
2.5266802
-0.54688424
0.29880908
2.4540927
0.48814481
1.0694919
0.20442598
-1.6716166
1.4106696
-0.6128219
-0.54025525
-0.0071925595
0.8784208
2.9329727
-2.5098772
-3.375677
-0.40518263
-0.5903944
-0.46404308
1.5940336
-5.1601586
-2.7287774
1.0143447
2.2125466
2.75035
2.4796536
-2.7670643
2.1741993
0.7556166
-2.6751113
-1.454496
1.1591586
-1.6477162
-2.9887168
-4.73982
1.5782874
0.012137778
0.5345921
-0.031155571
1.0325091
-0.7351839
1.9516991
-2.3583484
-2.8849063
-2.115562
-0.14533225
2.5265331
4.142044
-1.2982658
-2.830821
-0.16067979
1.1341405
-3.4124794
-2.7846987
-2.5185497
0.2580161
-0.91939664
-0.74323905
-1.3555863
0.8484571
-0.8077525
0.8095136
0.5085131
0.65776706
1.4585377
-2.441629
2.3775177
0.62762415
-1.2616749
1.4668429
-0.4760004
-0.062147863
2.2302577
3.747369
-0.055299334
-0.7497259
4.480089
-1.2460992
-3.6683326
0.7063786
2.8532887
2.1399176
3.2475348
0.7596128
1.4956868
-2.245704
-0.33939695
-2.392694
-3.6466343
0.27350658
-2.3491027
0.88703084
-4.2064543
0.4899648
-2.9432063
-0.70155996
-0.36596468
-1.7280264
0.22954084
1.1562686
0.24602792
-0.5508074
-0.616358
-2.1717756
1.8184807
-1.2762473
1.2044908
1.1701897
-3.734744
-2.4395998
-1.2028452
-0.38222626
1.5423226
-1.3879172
1.0149378
0.3853897
-0.9165787
1.9897473
1.2892259
2.3757355
1.2932646
2.1109126
-0.5765632
-0.48569798
-1.3790832
1.6294372
-1.3634952
-3.4701836
1.1655955
1.9821222
2.352178
-1.1080755
-3.2552295
0.98503804
2.5581045
-0.5760894
3.0583565
0.33747134
0.5925263
-0.33469638
-0.026637532
-2.5531275
0.73174626
-0.5898365
-0.03669511
3.0715654
-0.68034095
-1.0480618
1.4212445
-0.3470987
1.1560956
0.11415381
-4.563806
-0.040440984
-1.5056901
0.41664279
-4.7834024
0.6092771
1.638224
1.9062184
0.29411787
-0.5214429
1.28559
-0.35236707
1.845016
1.8198974
0.5225533
0.5341082
-2.489899
0.9328252
2.0266848
0.21671872
2.5893517
0.23347913
2.7028203
0.40561175
-0.7811234
0.04943929
-3.970557
0.6359086
1.8575808
1.7578658
-2.2103095
2.5888877
-2.1323583
-0.02631564
1.0271753
-5.1839886
1.3850315
-0.8414592
-0.5617709
5.9277105
-1.379524
-0.7845984
-3.4270554
-0.16555998
-3.5513258
0.34519947
1.7536126
0.18926619
-1.2278867
-1.5661731
-0.21133181
-2.9058862
-0.7420675
1.5816599
1.0903282
0.35651425
3.2827098
0.29778144
1.2788061
-0.20449531
-3.3516045
-0.45047086
1.5088792
0.20699248
2.4789658
1.3039045
-4.052779
-2.2091458
-1.9888071
2.2877731
0.07660985
3.178801
-0.19023147
2.5377495
-1.4868312
1.4594282
-1.7311944
1.2104095
0.57518864
-0.7116415
-1.1592393
-0.911001
-3.2767062
-2.728532
0.19792926
1.3895285
-0.8767052
-1.372812
-1.592552
-0.22772563
0.9610023
-0.70528823
2.410636
0.08786388
-1.7663859
0.67623574
1.2796472
-2.7623012
3.94265
3.1473582
-0.4869992
-2.6943717
2.0771575
-1.6959541
-1.131174
-0.49146014
0.6656866
-0.9087668
-0.5950371
-3.3546913
-2.3943448
-0.91277343
2.514393
-1.2378461
0.9233559
-0.08328917
0.2614584
-2.9734647
-0.7335432
-2.3683586
-1.1583886
-1.1437876
-0.6786425
-3.5263371
-0.4433085
2.184794
2.9427466
-0.16210103
-1.8902996
2.505759
-2.8720374
0.93820107
-2.3470893
1.6309532
-0.5702362
2.2592096
-1.8703569
-4.3847904
1.129185
-2.7801073
-3.642253
-2.01511
2.950513
1.7486271
0.29581672
-0.9607875
-2.9938724
-2.0190659
0.0761387
2.9300225
0.61442614
-1.3803028
-1.1688275
-0.98054713
-4.8469443
0.3798939
0.5183212
0.20958471
-1.2975816
-2.360228
-0.33093357
0.41471326
-0.8967053
2.5403562
1.2520111
2.0660822
0.08296874
-0.17137027
-0.62761813
2.1079204
-0.39398792
1.0812901
0.6777593
1.6902888
-3.2722735
-2.8454933
2.3155742
-0.2595005
-1.3451979
-0.20098484
0.3949188
-1.4472964
-0.5540117
4.9918947
3.8353705
-2.5907295
0.33794183
-0.521704
-2.3527143
-1.5251613
-0.11525496
0.11637135
2.6413372
-2.199137
2.6767979
-0.2575667
1.0805756
-0.27688795
1.1424001
-3.8480556
-2.1407843
-2.7223637
-1.2716154
3.8357737
-1.3367528
0.12855294
-1.9008734
1.4002765
0.17959782
0.34868538
1.9898752
-0.04307066
0.41264212
0.68993306
0.53864205
1.5031615
-0.4704494
0.16624731
-0.7515837
1.3692356
-1.5715967
0.0745896
-0.96839017
-1.0471293
-1.0039905
0.87957984
-0.87142295
0.5231671
-1.5660912
2.525138
-0.6756183
-0.830318
1.229041
1.9659923
1.4597219
2.1330476
0.8614631
1.8278617
0.05073066
-0.023201399
1.1181222
-1.990492
-1.896981
0.9160833
1.6183635
-1.3533094
1.8131921
-1.0911257
-2.744282
-3.7958827
-0.49129966
1.3678095
-4.257576
-1.8122014
0.7370414
-1.0862538
1.9605346
-0.91816825
0.63434154
3.3814626
-1.131343
0.908679
1.7116137
0.5450494
3.8567498
1.6839737
-0.16238087
1.5005823
2.8947659
-1.3386141
0.9544066
1.8057784
1.2924818
-2.2163332
0.9146145
2.316193
-0.9807537
0.6635035
2.8708854
-3.1288416
-2.1116161
0.38141236
-2.165543
0.15816148
0.02917695
-0.10965198
2.6692152
-0.60530794
5.4005876
-1.9139313
-1.1580387
0.41435587
3.8039787
-0.5841717
-2.897653
0.69620454
-1.0556719
1.856313
-0.49246377
1.6399343
0.115230955
1.2775922
0.25443295
-1.7631485
-1.2562903
2.7645411
0.20042507
-3.6154554
-1.4787095
1.2548128
0.09350095
1.2949454
-1.4983466
0.9405374
1.9378475
-0.1587016
2.5958397
1.5148877
1.5125477
-0.15193307
2.0372622
-1.5710702
-2.1553862
2.0939193
-1.6584901
1.3517331
0.6076924
-1.2288966
1.1996671
1.7862977
-0.524542
-1.4271228
-0.11599853
-4.66933
-0.58643925
0.7760331
-0.2564654
0.05561495
-0.38568437
1.4480004
0.05825065
1.3778425
2.1611865
-0.3341493
-2.761854
1.3134563
-0.66385764
3.3582585
-3.1352835
-1.5753933
-1.9787157
5.162244
2.689061
-1.492373
-0.8379891
4.0975795
1.4370375
-0.4483542
0.5995259
0.6972925
-0.78318167
1.3091744
-0.4301005
0.4730925
0.35527897
-3.9361076
-0.0031219348
0.5711871
1.7809062
-1.2348738
-0.01502686
2.2228074
1.4530485
-4.4801626
-1.4399817
0.6007218
-0.4269895
2.055194
0.17219703
3.5452116
-1.0691156
0.20759712
-2.6797197
0.37732983
1.3591971
-1.1254683
-0.23718521
-2.5639923
-1.5200524
-3.3669727
-1.2879409
0.3690173
-0.87079966
5.3401546
3.6479287
1.457812
0.93301815
3.1676202
0.7509782
3.0738518
2.8725057
2.5349987
-1.1001445
-0.81773436
2.0026531
-3.6587555
-0.8389856
0.39328477
-1.4196696
-0.18216565
-1.3718765
-1.1802129
-2.1872776
2.0428026
4.472867
0.85905755
-3.412145
1.1550909
2.0923302
1.890269
0.2691531
0.71374786
0.14209424
2.467979
-2.7149897
2.4306781
-0.6182331
-0.53796893
0.8802428
0.763209
1.9864883
1.6028031
3.09674
0.5973274
1.0542051
-3.2044053
1.0667652
1.3200996
1.281493
-0.40558666
-0.8514475
-0.4250958
-0.5654303
2.7628186
1.5464029
0.6870943
-0.98323864
-1.9212936
-0.3507912
1.9076905
2.0041308
-0.9235847
-2.3697457
0.947767
1.6300547
0.019125067
0.8856118
-2.7468967
0.50682724
-0.20327404
0.2950254
1.6796198
-0.7302531
-2.3490674
-1.5623106
-0.118956186
7.2248006
1.1886419
-0.15373406
-0.7524196
0.3910914
3.420113
-1.8802446
2.7788057
-3.354
2.0848818
1.5532078
-0.32764035
0.112550944
-1.5051367
4.2624016
2.145818
-2.3959937
0.13656655
0.3795943
2.4150708
-1.4034928
0.42761782
0.7447592
0.34566224
-0.75219864
2.2846909
0.248901
-1.2218457
-1.3073899
-0.4922171
1.1403925
-0.6934835
0.12268953
0.96784866
1.7586197
2.813167
-2.20979
3.679925
-0.7139896
0.87807393
2.7007606
2.0325003
0.6026415
-4.1506567
-2.6432028
3.8579016
0.27268606
1.2878247
-1.5124495
-0.95400447
-0.7578878
0.77497923
-0.90486795
-3.8434205
0.41109446
0.8281047
0.3014968
0.14965446
-1.1646569
-0.8410169
1.0887988
-0.5477786
-0.2322874
1.2707886
0.5519449
0.4466044
0.36266878
-1.8516479
-2.289235
-2.3601136
-2.3286629
-1.875002
0.86893713
1.483702
1.5885811
-2.2976263
1.8202546
1.0003269
1.3900794
0.6800364
2.7205744
0.93653077
1.4992634
-1.3643241
2.5529127
-0.8246146
-2.9356291
-0.9237697
-0.85638046
-2.0500956
0.47313932
0.15471694
-0.27018985
1.0301021
1.2586639
-1.2107908
1.3350573
-3.0962715
0.928088
-0.8722964
-1.6583527
1.8217485
3.7816038
-0.14229742
-2.7798953
1.5469639
2.5775056
-0.59561896
-1.9678679
4.0755467
1.471949
-2.922634
-0.8287225
-0.22706074
-1.0935066
-4.020732
1.0624578
2.7718966
1.478656
-0.6719048
-2.3222494
-2.339217
-0.45902902
1.448635
-0.22196543
-1.0179267
-1.084187
-5.1035385
0.6731009
-1.0044228
-2.2835515
-1.4470402
2.0407255
1.2661115
-0.88458383
0.3703999
-0.61807317
0.5586563
1.0105098
-1.8226856
-1.0039254
2.9739988
0.13433889
-2.2500606
-1.7648355
-0.44961572
1.6826422
-0.22640169
-0.76602453
-1.7368879
-2.9890878
1.4345728
2.2430973
-0.17937931
0.12451844
-0.074254915
-3.059577
-0.042082056
-1.8187579
0.004644785
4.9544783
0.112464525
0.1293798
1.8012769
-3.3231204
-0.8127761
-0.3682187
4.692683
1.6264449
-1.5240812
-0.895905
-4.5294757
-1.3313975
-2.612923
2.4367464
0.84261197
0.4860222
-0.58314705
-3.0667324
-2.2182813
-3.0416157
0.68822616
-0.9137932
1.6675273
3.088789
-1.8530563
-0.73969805
0.9158105
-1.1960394
3.389897
1.6635418
-1.250466
1.4254167
-3.0697048
2.645048
-1.7476181
2.2808545
-1.4017805
0.032291286
0.51423115
-0.91362363
0.88579893
0.49720743
-0.860135
-1.6584313
0.98547643
0.038163014
2.9096804
1.1063906
1.603142
0.35736015
-3.1516702
-1.2464111
-0.3422638
-1.8301775
-0.38798
0.024998296
0.09397338
0.65152764
-0.96742725
2.7915468
0.8039908
-3.203547
0.3233645
-0.76534295
0.44569585
0.6963028
-0.015459079
-0.71785504
-0.81954616
-1.4526176
-2.5312872
-1.8427918
1.6307834
-1.7972376
-0.6021616
0.26997107
1.7737614
-0.29037762
-0.8596425
-1.7867355
1.0140265
-2.5502408
-0.15660965
0.61668885
-0.8360395
2.042101
-3.9394627
-1.2314744
-1.9680723
0.6681423
2.7045014
1.7191348
1.4034449
-0.42966396
3.408246
-1.300838
-1.8792105
1.6390425
-2.7535992
-0.88003373
-1.0180123
4.1579695
0.48033863
-0.38852063
-2.8452203
2.2434366
-2.5636787
1.9564997
-1.014754
-0.078037396
-0.6976893
-1.0413147
2.0043635
-0.3920527
3.0639186
-3.240662
-0.046874873
2.638555
-2.3499494
-1.8927746
-1.597983
-1.7912915
3.254939
-1.4395491
0.3930597
-0.34888205
-3.432084
-0.26044452
-0.8243755
0.8740384
2.5113444
-0.029710129
0.81709194
-1.7521888
2.4176066
3.714708
0.39263803
-0.8079915
4.8697805
-3.0476995
-2.1309364
4.6320972
2.131571
0.5901651
2.4512675
0.15558073
-1.3224357
2.7199728
0.121664956
0.4706991
0.14970708
0.03631922
-0.71187645
-0.17297313
-2.2111127
-2.621811
-2.2257402
-0.20826913
-0.8037452
2.2946224
0.7264847
0.99487674
-0.4331326
-1.0127017
-1.6681787
-2.56624
0.4069335
1.4809163
0.5503569
-0.12475425
0.62071687
-2.4006217
4.0588675
0.24768971
0.049957592
-0.8284043
2.137113
-0.74477786
0.5714057
-4.2756953
0.18956977
1.1927317
-1.8501761
-2.2085543
0.47858122
-0.38128516
-2.038603
0.54130083
5.628619
3.2620533
1.346839
-2.3094902
-1.6286265
1.5998287
0.5692045
0.5421285
-1.3323169
-1.9436176
-1.5554212
1.9353224
-0.4968401
-0.7609029
-1.3986795
1.1153779
1.3607686
-2.1788208
3.2355044
1.0345373
-1.551541
1.6486398
-0.005291663
-0.8823485
0.11227277
0.062678605
0.8636257
2.7592337
-2.3556447
1.4050285
1.0146774
-1.1677722
-1.602967
1.2684538
0.7200989
1.4147544
-0.10532384
-0.12442852
2.0428662
1.2160416
1.6178027
1.839704
-0.7697193
-1.626349
0.92525333
1.1914685
-4.0805144
-0.73655653
-0.036941387
0.46925494
-0.66743547
1.9776697
-3.4973907
-1.8998977
2.211306
-0.99557054
-0.79147303
3.0854566
-1.1017613
-0.03630522
-0.18481398
-1.4138923
0.053862765
-0.97233105
0.51808065
2.7272384
0.6163224
0.44146603
-1.7869914
2.578986
0.3443246
2.2189689
0.5734312
-1.0988486
2.3489592
0.4299443
-0.1081421
0.61477643
1.2047997
-0.42510572
1.5610033
0.20949516
2.4885604
-0.31289342
-1.0834078
1.109533
2.453288
1.6622932
1.7303344
-0.8878941
0.4814199
0.8262174
1.879837
-1.8644834
-2.1908329
-2.4559534
-2.5697536
2.6410575
-1.0831271
0.48917222
1.6398952
-0.8404981
-0.72217464
2.0418606
-0.27809086
5.553352
-2.1159723
-1.5355365
-0.1895408
-2.859966
-0.52213633
2.404647
1.7469
-1.2918988
2.696862
-1.7188923
-0.31281233
-0.7262048
0.60785824
-0.56805736
0.7899884
-1.152296
3.169364
-2.4588275
-3.0822322
-0.9273567
-0.3519926
2.3244233
-0.5945771
1.5735624
-1.1042387
1.0565555
-2.174461
-0.15784138
0.4000782
-0.06792891
0.6385978
2.0346649
-0.9352226
2.1018553
-0.79058886
-0.23077084
-1.6255292
1.2613217
0.44037515
-1.2359182
-2.0435667
1.407516
1.4888635
0.86984384
3.442058
-1.14746
1.3476809
0.6770272
-2.2578888
2.8655667
0.64386034
0.79353774
0.28491727
-6.848801
0.9913365
-1.5438317
1.0183247
3.363301
1.511457
2.2213192
0.4684503
-0.020398691
2.2844748
3.1605437
-1.7186788
-0.3404145
1.735022
0.5248613
-3.0800529
2.1388626
-0.5657255
-0.86809975
1.931746
1.0136025
2.238886
-1.764525
-2.398209
3.2952652
-2.8947594
-1.8897892
4.6750107
-4.682237
2.0707433
-1.8338403
0.21385416
-4.6285286
-4.0015974
0.3851065
-1.3418427
-2.1113076
1.4894384
-3.8116686
0.27030295
1.1823305
-2.4369323
3.3051088
-2.2999365
-0.12277571
2.907764
0.7082191
0.8731668
-3.010455
-0.17979541
-3.933183
-4.278914
-2.5533943
2.7809906
-0.7089122
2.50838
-0.20769262
3.4664502
0.9317006
0.5251101
-2.5770957
1.8665546
-3.075678
-1.6985428
1.0295575
0.040731177
0.5881372
0.22778688
-1.9386723
-0.28285697
-0.519807
0.82864785
-0.1402086
-1.1039854
1.3764822
-0.06735184
1.1601862
2.0476537
-0.73922056
0.9715836
-0.18962757
1.5998234
1.624513
0.5687511
0.58223826
1.287871
-0.35336363
-1.9566102
0.6521977
-0.39084423
-1.3391949
-1.5709814
-0.24762371
1.0262929
-4.257189
-1.874252
2.6743124
0.82581
1.243176
-0.88838613
1.6841649
-0.5986739
-0.51126313
-0.4652954
-1.6707723
3.0042474
0.60716826
2.429809
0.31284907
5.761557
-2.5771365
1.782728
-1.8238717
-1.312747
1.3438075
1.9842889
1.5433576
-3.4302447
1.6551336
1.4122853
-1.7460207
-0.31664577
-3.128521
-1.294403
1.6570908
-1.9600414
1.0493219
0.61532694
-1.7077105
2.1820436
2.1802197
-0.96804166
-1.4960263
2.211222
0.3826431
0.71379876
2.2759817
1.3235246
-3.592247
-1.2252166
-0.21533695
-3.2863312
1.8943033
-1.240272
-4.7372637
0.80219424
-0.1230708
-2.9047077
-2.2156477
0.05383821
-1.2092702
-3.8480206
2.7701793
1.1550304
-1.1173466
0.9955759
3.0706325
2.0992131
2.9966788
0.20281939
-2.7934153
-0.12449437
-2.258449
-0.18613186
-1.9508637
1.1844221
0.0038342625
-0.9837525
0.59723896
2.6848493
3.1729689
1.1311057
1.5342009
2.1540349
-3.920155
0.50377285
1.1450468
-0.16772401
-1.2963911
3.3930914
-0.3816712
3.8444424
3.8785353
4.2131524
-0.53047967
-1.2809523
-0.5533656
1.1950883
-1.1783748
-3.1734538
2.0547736
-1.6218661
2.7769434
-1.2056948
-1.3937486
0.20309407
-0.36165053
0.17531252
1.6325954
0.47897986
-0.8392878
0.42688036
0.052669674
2.8567119
-2.4708993
-0.9356776
-2.1626363
-2.4143298
0.74670106
-0.18110886
2.941212
-1.054007
0.101952866
-0.2481722
-2.5556126
1.8510877
-0.17625766
-1.2374336
0.5830938
0.092229426
-0.21791285
0.15017322
2.8517342
-1.0374101
0.39660433
-1.7046762
-0.1979166
0.33557197
0.49606073
0.08163665
0.56609565
2.3805356
1.268612
-1.2425234
-0.69653326
-2.857579
1.0160885
-4.9927974
-2.230468
-2.2962642
-0.94993657
1.1405486
1.0447135
-1.0642451
-2.153506
0.14894274
3.8600557
-0.097222574
2.0841901
0.525146
0.41687554
2.5752835
-0.07986838
-2.7002816
0.79218376
-3.1632645
0.06775456
-0.42787114
-2.7167118
1.4307116
3.179917
0.53313065
0.40698725
1.1736019
0.8380978
3.6319492
-0.6559644
0.2370699
1.9975107
-0.8813096
-1.089769
-2.6197832
-4.36948
-2.4340332
4.627446
2.3950634
-3.9896996
-1.4830465
0.94250625
-2.2743373
-2.9759915
0.16350204
-2.7805371
-3.496865
1.5794662
0.061940014
-1.5786631
0.4829082
4.1521688
-0.6860745
-0.7035795
0.662308
0.95229274
0.023539051
-0.11304602
1.5199804
2.122185
-1.877116
0.5144067
-0.85991156
2.3577259
2.0723455
-1.4010078
0.5505271
1.6892409
-0.336301
-3.9264708
-0.104122125
1.8920616
1.1168011
-1.3471624
-0.72448486
1.5293967
-0.9402259
0.5715354
-5.553218
0.8582114
-1.9210231
-1.2643619
0.99549925
3.907752
-1.5722735
2.3435607
-2.3616946
-0.26930392
0.46970767
1.2364246
-0.047613762
0.678138
3.5494018
0.065192714
-0.99334884
-2.4762301
-2.276696
0.86550933
-1.4864286
-0.5547649
2.489013
2.6216986
1.7453204
-0.7693711
1.403999
1.37691
0.7739595
0.9820127
2.6593783
-1.1381323
2.501787
-0.1254811
-1.1405424
-2.714061
-1.2535409
0.38152933
-0.5577993
-2.2047384
-4.077756
-1.7291484
0.6259402
1.7888458
0.566103
-6.0158525
0.45258492
0.31524658
-1.8054916
-1.3375579
0.39835733
0.5647409
2.4134858
-0.95300573
-0.85371
1.9352136
-0.3217265
0.4766116
0.30167788
-2.409583
-1.3348262
1.0649426
-1.8200524
-0.32883596
-2.1350427
1.3564415
0.03610369
-1.3077691
-2.551769
3.1369963
-3.0169954
-1.7840016
1.6043291
-2.5338056
-3.3630633
-1.2500277
1.2042042
-1.7915303
2.1385136
-0.68913066
-2.306438
1.7513734
1.6395643
1.4906845
-2.7465506
0.40770423
-2.5997565
2.0749438
-0.13651916
-1.1076183
-1.051592
1.9613223
1.7548505
1.0637618
-4.0037184
1.0867794
-2.922956
-3.7188234
1.6218148
3.123574
0.037235074
0.13947141
-2.5590885
-1.5130855
0.4623307
-4.208119
-1.5116832
0.48339027
0.7310529
-2.413646
0.043993667
0.044611953
3.743857
2.065076
-2.5967855
1.2436625
0.69258416
-0.7934286
2.4496102
3.6417525
-1.8222364
-0.99636334
1.2109168
-0.106206
3.0691688
1.5766096
1.7554351
-1.2009369
-3.3004317
-3.3902857
-0.20340243
1.2701507
-4.2488165
-1.5954522
-0.739726
-1.2049907
-1.0079355
3.1770563
-3.359659
-0.65759856
-2.6104
-0.63037896
1.3334345
4.7452507
1.4499334
2.8315125
0.9891847
4.7209587
-1.323406
-1.068334
1.4861058
3.737251
0.86319584
-1.1791923
-0.23705211
4.479847
-2.687049
0.60386175
0.9464582
-1.3940765
1.8324034
0.2717601
-0.57646126
-1.6964742
-0.5215388
-0.035351433
6.120898
0.48834094
-1.7921476
0.38664365
-3.3787396
-2.804852
2.3262124
-0.04658901
-0.44554806
0.43278384
0.36573234
1.255984
0.47582108
0.9612587
1.363556
0.31119606
1.6865966
2.0917585
-0.76461214
-1.8301213
0.4194653
-0.53663975
2.1283503
2.7563965
-2.5924659
0.96843684
-1.8403805
0.57905173
-1.8904341
-0.81920826
0.8771963
-1.0170546
0.3380723
-0.0006107949
-1.4516879
-1.3608786
0.53982973
-0.7963595
-2.1661642
1.8280998
0.38302532
2.2224104
-3.704398
1.0862764
1.4238203
2.2015836
0.38364604
-3.90386
1.3116082
4.6958566
1.1157584
0.3591608
-1.6891508
-0.08117617
-2.0152783
1.0129948
0.28534046
1.0863637
2.099098
1.7732772
1.4936504
-2.1759827
1.8851279
2.94348
-0.2876947
-1.44692
1.49813
5.646418
0.9204028
-2.2569318
0.42582834
-0.58522403
-1.1155185
0.10931839
-0.80436707
-2.236966
-1.5975095
-1.6364324
-1.7210732
-0.5242741
1.4701952
-2.509386
-3.003388
-4.519733
2.4385388
2.5523474
1.4446181
1.8791384
0.46911174
3.1611018
-0.51126945
-0.14083101
-1.2846674
-0.6371382
-0.13519445
-0.28905696
2.4409218
0.5682803
2.423433
-0.14102024
1.478826
-1.0709267
-1.1072618
-1.6416111
-0.7660626
1.2053763
0.50777835
0.01442311
-0.46462783
-1.6674321
0.051713753
1.858068
2.6886513
1.9582217
-2.31981
-0.053987823
-2.405228
-0.789532
-0.95787483
3.5059693
-2.0310621
-0.8331693
5.05184
5.2388215
-0.74954
-1.6607025
2.8578541
-0.6995572
3.3233206
-3.7253711
0.82839036
1.5987687
1.6407119
-0.45750523
-0.4876632
1.6871903
-0.44002312
-1.5719604
-2.9098246
-4.411925
-0.124544226
-3.133071
0.7262749
-0.43346083
-1.7846231
-1.9173644
-1.2872648
-1.3254087
2.2745402
0.1923121
-0.031526495
1.9921306
1.0139621
-2.2592728
-0.22236586
0.547856
-1.8654833
-1.3876026
-0.6665331
-0.5230324
0.46496043
2.212814
0.4554931
-0.2559863
-0.56012243
0.31328857
-2.710712
-0.7305037
1.7110009
3.0375316
-1.0465686
1.3544018
0.14634374
-1.7601762
-1.2815558
-2.1183403
-0.89499855
-2.8296523
-1.0329863
-2.0503669
-1.4498562
2.0676467
-3.5947714
0.39362475
-3.2387626
0.16584717
-0.8085074
3.9704545
-3.7321215
-3.162674
-0.076970346
-3.4597733
-0.38436046
-2.1001441
-3.6888776
-1.2259846
-0.10186736
0.85301924
0.8001886
-1.9014385
-0.64214116
-0.89368165
1.5792304
-0.8562043
0.56827223
1.8643732
-1.502285
0.23031348
-2.7281845
1.135689
-0.77788126
1.0653698
-1.1466708
-4.2446976
0.917164
0.78692293
0.7809563
-1.777392
0.578747
-1.108411
-1.9848335
-1.6429253
1.7972443
3.2582674
0.5480243
-0.28998983
-0.23560914
-0.84183174
1.4737996
-0.4684897
1.447001
2.1808941
-0.19922128
-0.47416362
2.888969
-1.1465776
-1.2201353
0.45805517
-2.95355
2.0970423
-1.7319239
2.5317025
-0.91212565
0.947224
-0.031054132
-3.539665
1.5272437
-1.398358
0.6702411
1.976055
-0.24595654
2.03535
2.0830986
-0.40443894
2.4328098
1.3442554
-2.5023038
2.3952458
2.118069
0.13972855
-1.4891224
-3.073441
-0.74590015
-0.5399595
-0.436463
1.2806225
1.807452
3.832057
-0.5020953
0.100392945
2.274018
-2.3393185
-2.7364838
1.2150851
1.2466428
-4.009225
-0.08512612
0.21583152
-3.1687865
0.39881712
-0.35786238
-0.10604893
-1.592239
-1.4919814
0.06284666
-4.011902
-0.058888115
-0.44030207
-3.0957665
1.7211652
0.45338398
4.260499
0.6381859
-1.1681907
-4.170274
-3.5916402
-2.3931668
-4.7439337
-2.5413399
2.8222337
-2.4106474
-2.87285
1.6438031
0.752933
-0.97022104
-1.987971
2.933188
-0.46707752
2.0562904
-2.5602958
-0.5913213
1.0630989
1.4858495
-1.5209227
-2.6591158
2.3534505
0.30213436
-3.4941223
0.45065147
-1.2251062
-1.134685
-0.54513514
2.384462
0.25329196
-0.2647412
-2.2821608
-0.071077734
2.9474266
1.376768
-1.6970642
-0.4633445
2.6842275
0.14422628
-1.7277226
0.70425045
-0.36448503
0.7581593
-2.4161067
-0.41182816
-1.7217475
-0.603523
-1.0253804
-1.3935062
-1.1081792
0.09263053
1.4732786
-1.2929895
2.4081848
-0.3348964
0.66889685
-0.35022914
1.0487033
-0.86614203
1.9139416
2.3989098
-0.29225844
-2.8536236
0.4836142
1.3769364
1.3723533
-3.8783526
3.1415102
1.4063337
-0.29371375
2.43542
-1.4669477
1.2752339
-1.6465526
1.1378056
1.8052988
-3.616224
0.55247533
3.6333199
0.12750009
-0.42087454
0.89023334
-2.847278
2.15844
0.7383827
-2.5803251
-0.41139716
-2.49648
-2.236199
2.5899806
-0.8919029
0.051514067
0.2134523
2.9327888
0.34521425
-0.70871323
0.68942326
0.021473601
0.43623614
2.0195386
-0.9169469
0.27432585
2.23604
-0.46193567
-2.0120704
0.4995043
1.1772453
1.0520766
-2.2346566
0.0013565645
-0.077746905
0.8863875
-2.0856586
2.0472274
1.7911631
-0.52445954
1.0350099
0.2353046
0.5384116
-1.0096643
-0.3083463
-0.67700166
-0.20541301
0.24325165
2.1754355
-0.75199354
1.3725692
0.5744735
-3.082789
2.3270924
1.1403723
0.6084779
1.5102147
0.4813801
-0.3698138
-0.894094
-0.57235503
0.14739345
2.4838476
0.05110052
2.0619168
-1.1820166
1.3843267
-0.6727606
-0.5213341
-1.7076745
-2.256393
-0.36509076
2.4636817
2.019989
-1.8260896
1.7148867
0.84317434
-0.45113194
-3.5638874
1.0741084
-0.20307037
2.351304
-2.4310746
-1.2810278
3.2711642
-1.0585666
-0.39193636
0.6151207
-2.383334
-1.5383074
0.4146359
-1.0221493
0.55035645
1.0582392
-0.2928389
-3.2985601
-0.49630612
-0.57952416
-0.0880315
1.6110548
2.0240827
0.41976568
-2.0341444
2.2008665
0.34061062
2.4370553
2.94103
0.328463
-1.245703
1.9608301
-0.66043663
0.5456963
3.5405517
-1.5065941
-2.1807575
-2.3706303
1.8030722
0.6898998
-3.8089597
-1.720338
0.9730742
1.8759645
2.5585272
-1.2437351
0.6090919
-0.12813124
-3.0869162
1.7240863
0.65030533
2.8177848
-2.5611486
-1.1367025
1.8200847
0.2006714
2.4272878
-1.0693139
-3.6847644
-1.0537544
0.33643618
-2.7403398
2.8032103
2.1326241
1.7079079
0.9077044
3.049858
-0.23708539
1.2642604
3.1880343
-1.2587692
-2.225958
-1.2139153
0.3619573
1.2837205
1.6994398
0.40948734
1.0464864
-4.2593875
-2.0423434
-0.23533684
-1.1343228
1.3535999
0.4866469
4.386453
2.2129102
-0.27877212
1.5279386
-2.115908
0.09708944
-0.020389277
2.2606258
-0.4631641
-0.25506428
0.35143235
0.09257529
0.7674056
-0.24198604
-1.3051409
0.98197603
-4.413481
2.8380594
-1.5273468
-1.2057484
-0.24353701
-0.14713651
1.0356876
0.9338893
0.8846664
1.2100906
1.8717948
1.9468472
2.1405015
1.1446996
-1.7880601
1.3118038
-2.0105414
3.2302291
0.5059253
-0.610797
0.35573554
-0.3955006
-2.1549537
-2.1520333
3.9501894
-1.6953125
2.350144
-2.1132483
0.4611004
-0.38667068
0.025142208
-3.6263497
2.774054
-1.0709226
-3.2294848
-1.7436514
-0.74476266
0.882718
-0.8575587
-0.27640718
0.6336071
-0.7944683
-3.0595012
1.2220542
-3.1902802
1.385425
-1.9313657
-3.1377382
0.2317285
-0.13810976
2.987411
-0.86546844
-0.5635776
-0.46971774
-1.0006535
-1.3972127
-0.068749316
-4.078619
0.48156232
-2.4694533
-2.073736
-0.4803158
2.867956
-0.9587878
-3.1841574
-1.3341057
1.918935
1.0763153
-3.7921243
-2.4919014
-0.2495327
2.073179
2.3805487
0.88528675
0.37615353
-0.4415761
1.4100283
-1.6102695
-3.3862908
-0.27326116
2.0977905
-1.0198216
-1.7635779
3.6632516
2.4154787
1.057039
0.29498217
1.4715034
0.19891426
-0.65035
-3.5764594
-4.971682
-0.48694113
0.89953154
-1.4677063
1.0253876
-0.7757296
-3.771202
-1.034838
4.367333
1.4659948
-1.1504983
4.461333
0.95760065
1.4048446
4.041223
0.3517726
-3.502469
1.5268707
-1.4181964
1.4793912
1.0170763
3.9049318
-3.7025318
-0.7674673
0.09958888
-0.9448858
0.5215186
0.68930477
0.26482183
-2.9470036
2.5019631
-0.4257797
0.7391072
0.44032925
-0.7653738
0.4403843
-0.80113196
-2.2148511
-3.2388823
-3.1770923
0.73388404
-0.17707905
2.1364882
-2.7338781
1.6096363
-1.0641445
-0.5133762
0.21205509
-0.7879656
0.79031587
-1.7693812
-0.16934228
-0.3983526
0.81614995
1.7005917
0.8554912
0.5517875
-3.1063585
-2.3141854
1.827104
-1.2753457
0.25785705
-0.19399473
-1.7185829
-4.703665
-2.4448872
-2.3772566
-2.871405
-1.138577
-2.4741614
0.83620924
-1.4813392
-1.7352799
0.26846805
4.1989455
1.5636821
0.29044482
-1.4396328
1.099355
0.26416045
0.7303517
2.106274
-0.36263236
-0.04483352
-1.2162603
-0.5107906
-2.3818564
1.0654076
1.9667597
0.7611521
1.500824
-1.3894042
-1.8066864
0.68843234
-1.9973704
1.9720328
1.4753493
0.71142155
1.6666871
-4.439898
2.2841399
-0.32298923
1.4530625
1.547497
-1.2708324
-0.35690087
-0.65794885
0.071897775
0.8283762
-1.5619919
-1.5915341
1.6079097
1.2627169
2.7364702
-0.33161527
-1.3005322
4.595404
0.035751857
-2.7653642
3.6802938
6.0103807
-1.0964192
0.26833838
4.8830876
-0.32864246
2.5483289
-0.24035475
-0.5863307
-2.0836155
-3.8606837
2.7703736
-1.9550335
-0.7330585
-0.11062948
-0.52897245
-0.7874626
-1.21859
1.330526
-2.2194142
0.712462
1.1496855
1.5621845
-2.155893
1.1159508
-0.8941081
0.3290055
0.12987575
2.5816588
0.4311701
0.8122347
-0.5497214
1.2500142
-2.913195
2.337396
-1.6111194
-1.5420364
1.6487924
-2.045084
1.5739223
-0.3543871
-3.2198007
-0.7695652
0.7707205
0.7694325
0.64511675
1.8476077
-3.5631328
0.55405134
1.4367446
-0.041847125
1.3832304
1.1935158
-0.3488179
-1.2460907
-2.0859125
2.1017241
2.5656683
1.6706884
-2.1802351
-0.5830523
-1.1563414
-2.0842748
1.0840514
-0.37788948
0.3195836
1.1544759
0.052789994
2.5463707
1.202736
-2.063365
-1.7490262
1.7266915
2.173109
1.822988
1.5259988
1.439786
-0.8048769
-2.2755144
1.56104
0.6586901
6.482115
-0.7930692
0.24566819
0.5427888
0.14962474
1.3196363
2.6982281
2.503095
-2.9018486
-0.23194006
-1.9211866
0.04579469
-1.6449944
4.862485
-2.1561444
-1.203076
2.4735792
-1.0124239
-1.8923784
0.31202894
-0.6651576
-2.9064531
-1.3916181
-2.0131927
2.1285763
-0.9520493
-0.5302408
0.5389392
-1.1472064
0.06046641
0.32702065
-1.8905761
2.7892315
-0.5097701
0.78632563
-0.24260017
-2.464067
-2.3677254
-1.3140296
-2.2581437
-4.0852265
-0.5329031
-0.33962655
3.097009
1.9447951
1.9873857
-1.121263
1.7055056
0.2092201
-1.3153399
1.5630136
3.2780225
0.041073464
-3.845783
0.08725938
-1.4394252
-0.20417023
-1.9377339
-0.4019425
3.6823263
0.8601558
-1.3496968
-0.21110955
-1.9831923
1.1783769
-2.7396102
1.1578977
0.9122707
0.5820244
0.021513201
-3.1093435
0.3625339
3.2502909
-0.90868306
-1.3732735
-2.197398
2.1271665
2.6683311
1.0944384
-0.6418556
-2.235211
-3.425293
-1.0030991
-0.09616559
1.7032118
-2.6373713
-1.3525945
1.0765475
1.8382876
3.1934938
1.5238014
1.8397067
-1.5131251
4.3100295
1.5944724
0.16824366
-1.3488191
-0.93256813
0.5513047
-0.094906636
1.7798597
-0.15766385
-1.015119
-1.4499167
0.94848806
-1.2277626
-1.4284053
-1.3984147
0.59264153
2.5231578
3.3230708
0.37554348
1.9287608
0.54734814
0.7618973
0.98576605
1.463073
1.8194196
-2.7200005
0.3984279
-0.19856663
2.5178008
3.4923873
0.0130434185
1.5474192
-2.8753855
-2.7528818
0.40451264
-1.3062899
0.81826067
1.2764037
-0.08822015
1.0200256
0.3667288
1.6572622
0.9562814
0.7568841
-0.089349926
2.2418864
-0.18801883
-3.36118
-2.3047757
-0.81018263
0.9293978
-0.96772313
0.06443415
0.99834144
-4.6765566
-0.041522063
-0.19912857
-1.5778328
-0.40116048
2.3170488
-1.9888889
1.1647469
-1.1155108
1.8189338
-0.27834386
1.8290066
2.143203
-1.4786234
0.53374094
0.7186475
5.5992045
-0.9263168
2.196984
2.1094573
-2.9818084
-2.884505
-1.1727788
-2.225409
0.0791394
2.6495564
-0.8651152
-1.5879681
4.075467
1.7052343
-0.48256052
2.6956437
1.5209464
-0.16207999
0.7302251
-0.66659516
-0.9722576
-0.1762318
1.1585737
1.4425027
-1.4217433
-3.0821552
-0.8555062
2.021375
-0.24437457
0.94392717
1.9416481
-3.5401094
1.0574285
2.1218626
3.1514938
3.7294176
-2.4786816
-1.3480623
-2.033729
0.2847216
1.694874
-1.4066346
-1.052039
-0.20362924
0.56126875
2.36482
-0.11540019
1.1078635
0.78621936
-1.3664024
-0.3035493
2.018542
-3.4148197
-0.41666904
-1.280394
2.6705344
-1.4352052
-2.1544478
1.608193
-3.288597
-0.36535138
0.4729987
2.6634316
2.8984249
2.8825483
-2.5686324
0.12055255
-1.4676296
-3.6862595
-1.6346403
-0.060110606
1.5968443
0.83802354
1.4615456
-1.883115
-1.4692509
0.71304595
-3.4799957
1.654661
-1.0311437
-0.98767835
2.7381444
-1.3397728
3.6461854
-2.8431566
1.2512699
-2.4658055
-0.2902446
-0.83788997
3.1262178
4.2565866
-0.838585
2.0193303
-2.91272
-0.96309537
1.8217424
1.7436335
1.7431653
-4.5977407
-3.023626
1.8691288
0.68277264
0.3145162
1.2253724
2.1161127
-0.6523689
-0.56038153
0.06893247
1.6462011
0.40898153
-1.8841963
1.9374071
2.1019127
4.1779404
0.7690303
-2.2751224
3.2319787
-3.2486565
-0.29907516
0.68244374
1.0354327
0.9988822
1.4886683
2.5606697
1.2117935
1.3514787
-0.03195466
4.69667
-1.3846133
1.499987
-0.23612125
0.2444888
-1.2990563
-2.0767605
-1.9178189
-0.40589595
-1.9760331
-1.2271608
1.1945245
-0.7125122
0.72337675
-0.4203831
3.3673644
1.5096692
-2.7854702
-2.187439
0.934562
1.5603554
-0.71875846
1.5785319
1.9975939
-0.9700192
-1.5551003
-0.22162786
1.5233446
-1.2274919
3.6897762
-0.34972554
-2.7192526
-1.0324544
-0.79771805
-2.5191355
-0.9844917
3.0353723
1.3281204
-0.51887125
4.1175857
1.8436322
1.7880473
-1.0697527
-1.0461637
0.89461726
-2.5336916
-3.1400185
0.14167456
1.2399789
-0.4160774
-1.1887296
-3.8618248
-3.1696577
-3.032671
-3.6713676
-1.837536
-3.187778
3.1635087
-1.5784681
-2.9462914
3.4751673
3.0124776
0.21909404
0.53638136
0.185927
-3.5263922
0.95460534
1.9774777
2.3716054
0.27376503
1.4795756
-0.34917334
-1.8196354
-2.082273
1.5432283
1.5002534
-1.733504
0.056306537
1.4697881
0.95233214
3.4102554
-1.806086
-0.91975975
-1.4744732
-1.0194308
-3.5010793
1.1409621
-3.0148108
-1.3867741
-2.7268457
-1.8231138
-2.289106
-0.65245575
0.4658796
1.7110946
-0.874843
0.057845436
1.1799748
1.4236765
2.5818703
4.7564864
2.0162184
1.615369
0.4976554
2.8551319
0.6033525
-1.4572397
-0.5496445
-0.27960926
-0.63282865
1.762809
-0.09020045
-1.9692359
4.1734967
0.22295117
1.309835
-0.3917783
-0.8787711
-1.0219793
-2.222014
1.7154125
-3.2223496
4.027302
-0.36425692
0.32075495
1.658435
1.632089
-0.26715562
-4.993005
3.2687852
4.8699856
0.31934103
-1.3364682
-1.2578831
-2.2523272
0.9906651
-0.20348889
1.0939829
1.4587698
-0.55648834
0.124664456
-0.72440565
-0.4912861
0.38927227
0.27598867
3.477035
-3.207265
1.8597322
0.5372775
-0.17549396
0.045389816
-2.1316996
-0.8161527
1.1176943
1.0864826
1.5195403
0.8320941
-0.783318
2.646113
-2.1371837
0.46687472
-1.5651312
0.96246123
-1.3390973
-0.25297418
0.6507426
0.8754886
-3.1050427
3.2767742
0.027269818
0.68558156
-0.042624816
-0.23157078
0.039838895
-0.49052086
-2.3448904
-0.14082728
-3.3367772
-1.4193105
-0.2770085
-1.0569462
-0.83393335
-2.254489
-0.47767678
-4.4326296
-0.95317864
2.3644598
1.4424219
0.9222024
0.8496748
-4.7056775
-0.28982183
1.8391218
3.774035
-2.0193381
1.6682358
0.18079156
1.8787129
-0.39331412
1.0994728
2.597863
-0.5240681
-0.88065857
0.6328201
1.1256051
0.21735722
2.198368
-1.0841337
-1.7411164
0.6687598
-0.18048102
1.5872449
2.5072064
-0.25729465
1.2912925
-2.9590557
3.8436084
0.58350956
-1.064297
2.6925812
-0.64713305
3.682954
-1.049469
-0.67383665
-0.8537271
-3.6141682
-0.37340522
-1.9954084
-1.1553483
2.137666
-3.3136384
-0.81724536
2.3823168
-0.12589745
1.6858035
2.5251021
0.49493033
-2.350326
3.511724
-2.3442955
1.256956
0.9168383
-3.039247
-1.33419
-1.3161749
-1.0469131
2.1535149
-0.7121892
-0.18481049
-0.1555152
0.6066876
-2.061163
-2.7294664
-1.8878081
-3.9114885
-0.41320258
-0.8772462
-1.3846604
0.9825815
-0.39698124
-0.84852296
-0.010947697
0.2924633
1.3479993
3.9567838
-3.0046935
0.2274737
-0.30161786
-0.8069673
-1.8392054
0.8567262
-0.83327866
0.47018576
3.0483987
0.05672556
2.3997405
1.0900418
-4.8813167
-1.6037915
-3.0019526
1.9145129
1.3608692
0.19648251
-0.62978655
-0.8150673
-1.8391371
-0.8851864
0.10476241
-1.2042731
0.122196876
-4.765836
-2.715649
-1.161083
-2.539896
-0.01615205
1.1128193
-2.684574
-0.38865486
0.021534506
-2.4842427
2.9740777
2.6187432
-1.2749786
-2.2490866
-1.462421
-1.5754952
1.6071326
-0.65340626
2.8784397
-1.9359245
2.487331
1.7393038
0.68552166
0.27305886
-0.98963344
0.38474393
-0.38305244
-4.2267237
0.20715293
-4.169327
-1.643623
1.9909409
2.794502
-2.2399406
-2.083624
-0.2001491
0.7742893
-1.6808448
0.08829117
-2.896342
-2.3751347
-2.1125875
-1.4005625
-0.03956241
-4.3022976
-2.0384865
-0.88465476
-1.3581352
2.899623
2.122313
1.9435365
1.4866424
-0.61868036
1.3711168
3.126946
-2.0089498
-4.1979523
1.9760035
2.108189
0.9770048
2.3934
-0.85156864
1.5787622
-0.4816866
-3.3248265
0.89258736
1.1399724
-1.1887596
0.6606788
-0.9268307
0.53002125
-2.309021
3.963294
3.4365025
-2.5351825
-1.8989846
-0.4410596
-2.739968
0.10062922
-1.4599508
1.1936914
1.1135888
-0.9250775
1.2649522
-0.50964105
2.4196875
1.0955801
0.18370858
-1.8994334
2.9398093
-1.6593682
2.2512653
-3.165203
-1.8676523
0.13303202
0.03734834
-1.8390167
0.3081845
3.543074
-2.376797
-2.2935598
-0.88025486
0.16494828
0.1783914
2.6453328
-0.9058912
-0.63355726
0.36614177
0.40393
1.6540264
-0.23082173
1.492769
-1.6946012
-0.72540057
-3.3027706
1.2004192
-2.0569816
-2.2681665
0.9530335
-2.6325154
-0.6994147
-1.3292655
1.4184552
2.5721705
1.1818522
1.5693362
-0.30532256
-0.6236923
0.63156366
1.9470392
0.6466098
2.1492987
1.7365395
-4.893452
-1.1268724
1.2090958
0.38244832
4.032537
0.2829146
-1.6305549
-4.28657
-0.25194177
2.4623191
-3.3658774
-1.4955091
-1.2019037
-1.3054354
-0.57084805
-1.6911914
2.0494795
3.64005
-0.9353464
-0.3338187
1.7896096
0.87558913
1.1261475
-2.3153229
0.004828058
-2.760682
0.8637584
0.06417264
-0.31783772
0.7886656
0.38376462
-1.571056
-2.3654184
-0.20363864
-2.3016486
-0.9432746
1.3783334
-0.96274614
-2.3938673
-1.2722
1.9400504
-0.44479913
-0.7285821
0.3556453
-2.5944943
1.8973436
0.87884116
0.59177554
-1.8986155
-1.9047489
1.3835065
-1.0626578
0.42621633
-1.8483831
3.409693
3.9359865
0.103833236
1.9541146
1.0243797
2.5654745
2.1693368
-1.3633488
1.9548379
-1.469479
-3.235281
-4.088924
0.2663859
-0.046117157
-1.2766407
3.2160947
-2.7927628
2.2226923
3.3628519
0.13439758
-0.04373739
-3.3687491
0.05117377
2.2607498
0.96567994
-0.16770947
-2.1445413
0.953661
0.3702957
1.3176246
3.7550793
-0.2143309
-1.2867259
-3.4872522
-3.4971695
-0.13902238
-1.8723629
-2.8794253
0.73784536
-1.1514338
2.4211578
0.3267005
2.9272816
-4.1382966
-0.06684964
-0.7339874
-2.8123713
1.1014376
1.6267334
-0.4620636
1.6524322
-0.08347099
0.3598039
-1.4753424
0.986326
1.048368
-2.1238701
-0.24150494
-0.6123158
-1.0122901
-0.9537662
-0.5534695
-0.33315942
-0.4641528
2.3444586
-2.0555935
-0.67965204
3.7646449
-3.6608791
-2.9826293
-1.4462907
1.270832
0.5979082
0.7896716
3.3451135
2.420185
-0.6505507
-1.4606619
-1.2126714
-0.091241665
2.2841918
-0.8999478
-0.8383384
1.4454119
1.6133085
0.91751766
-0.1004544
-1.3320253
-1.1854453
1.1828073
-1.0516198
1.1879008
-1.8458829
3.2204328
0.20268945
0.59619695
1.3058556
-2.1470313
0.7242067
-0.42068145
-2.2054558
-1.6032962
0.24651884
-1.5559223
-2.0796533
2.3621945
1.1564499
1.1747632
0.8463364
-2.7560782
1.0047346
0.13948147
0.1397725
-1.4827368
1.3451717
-0.67824924
-2.2505136
2.349786
1.7245241
-3.439617
-0.7097566
1.7617527
-1.4141794
-3.196929
-0.22822964
2.0067117
-1.0634577
1.062008
-2.329793
-2.7921858
-2.788547
-1.0812432
-0.15413287
2.3705108
2.171797
-0.98894125
-1.2797289
1.1562335
1.3084632
-3.124873
-0.19181663
3.098077
0.5022694
-0.86361104
-1.5722339
3.0438235
0.33909097
1.259487
-2.1767912
1.2756861
3.3333251
-0.20748234
-2.1938875
-0.52317226
1.4249601
3.890906
-0.7306401
2.7240763
-2.92344
-1.9754845
-0.9923589
1.2811551
-1.2363245
-0.8258495
-1.29277
-1.1263901
-1.2037491
0.79929465
-0.8964877
0.48823074
-1.9846315
0.31535202
3.9751906
2.7555156
1.9853189
1.1959983
-1.5020149
-1.7189691
0.42933208
-1.5213411
2.0045524
0.21954127
-0.38966286
-0.34008574
0.15091744
-0.3422472
0.8150424
0.57748985
2.056569
-0.4791754
-1.0879858
-2.9613101
0.34854832
-2.5787888
1.3325143
2.967938
3.1419532
-0.44446546
0.8764504
-0.41615775
-3.4302337
0.6029051
-2.1407144
3.3986058
-1.0530139
-1.3427808
2.9101262
0.26026794
0.2601091
3.1191864
0.53338057
-0.36709598
-1.9428939
1.5059156
3.508467
0.8542676
2.5562701
-2.4584963
0.69233286
1.5205417
-0.9467845
4.874783
1.914221
-2.2934644
0.6375958
-0.007169418
2.2708232
3.4572706
1.075647
0.4110672
1.9138519
-1.452986
-2.7340095
-0.48437542
1.7801374
-0.583864
-3.4723084
1.3082498
-0.6642078
-2.706793
2.4498856
0.30508018
0.9341221
0.2566086
-3.103815
-3.177597
0.18810438
1.5960547
2.9641464
2.4897046
1.6541139
1.2704622
-1.1067299
0.85462713
-2.0464284
4.118606
-0.856239
0.55714816
-0.8404113
-2.4138718
1.8686477
0.78148884
-3.6917207
-2.1237528
-2.0053353
3.288516
3.1129456
-0.9458446
0.6932499
2.5647187
-1.3823416
3.4110126
-2.893841
-1.2857215
-0.98976827
0.57914233
-0.7658976
2.3283966
2.9134026
0.2428686
4.5430436
0.036617987
1.2357465
0.80922836
-0.5383854
-1.8551779
-2.4543293
0.22630331
0.14350754
2.610618
-3.5876937
1.1755745
3.1249318
-0.083349206
-3.1757247
0.90195966
0.0064414144
2.5641463
-0.548115
-1.7236907
0.45830283
1.2536145
-1.547394
-1.1435375
-0.52464277
0.07145748
-0.82966876
2.729767
0.69787896
-0.57340735
0.8307177
-1.3323175
1.4433931
-1.2040005
1.2262375
-1.0659311
-0.9578888
2.5005574