Ceasar
0
-0.16686043
-2.4174109
-0.43528318
-4.361809
-1.6718075
-0.6468031
3.1937299
4.245538
0.08500441
-0.5581619
-0.11570476
-0.04549754
-1.4123963
-1.048591
0.040464424
2.9512553
0.5479575
2.6010523
0.017455779
-1.7036728
1.5733953
-0.5322719
-1.0669942
0.036334507
0.12449217
0.640138
-1.299071
0.5447734
1.2437495
-1.0373925
-0.14441866
1.4307423
1.6477507
1.5272154
3.7572384
-0.10793204
-0.060792137
-1.6843859
0.61917126
-0.88690066
-2.823144
-1.1266434
0.29170516
3.7755945
-3.8352268
-1.7282968
0.5056694
0.53745943
2.3784692
0.38482267
1.233254
-1.4649513
-1.3957567
-0.5581575
1.1130629
-0.025383227
2.139531
-1.0574529
-0.8427988
-2.0806212
3.384102
-3.568767
1.2928015
1.1754488
-2.165388
1.0342401
-2.8856127
2.1532032
-2.9130874
-2.114292
-0.68518907
-0.13436037
-0.32432812
1.0863434
-4.645507
1.0307182
1.8368853
0.138909
-0.94248754
3.9020944
-1.3958623
-2.6981993
1.6979196
0.9618937
-1.8942101
1.0595976
2.7623534
-2.6955385
1.7005932
-0.6094631
-0.9376441
-0.9999431
-0.9364604
0.13383713
0.93944067
-3.7145724
-4.9895887
2.501956
-1.7489067
0.16949588
-0.3731108
0.45576417
-0.8320912
-1.0050684
-2.221856
0.9182461
-2.1588387
2.451073
0.52815133
2.7608976
3.6030982
-1.0074133
-1.4731052
-1.2551556
-3.0117867
-1.3210517
-2.073649
3.0550082
3.2695148
2.0443878
2.5330548
-0.77758485
1.8567164
2.4593034
0.34211648
0.39745477
0.2971299
3.5217612
0.5914623
-2.2696278
-2.319256
1.2764752
0.46330875
-0.5679431
0.85969555
-1.2635579
-2.5428665
-0.05438888
0.6680305
-1.0189357
1.7660562
1.8789473
-0.5533269
0.033663757
0.72092205
-0.6294706
-1.7243067
1.994008
-4.4726667
-2.4829953
-2.6218824
0.19247347
-0.23975146
0.72713673
-1.2940608
1.231258
-0.26323098
-0.29509276
5.8389835
-0.6339208
0.15568423
-0.21881996
-2.5162933
0.59099245
-2.1765575
2.435104
-2.6573071
-0.3571769
-1.2507719
-1.3352301
-3.0066595
4.0780196
-1.5843397
-2.891118
1.7304571
-2.547884
0.40237078
1.8109374
-0.47929516
-0.17391373
-0.13244966
-0.10424347
1.9033395
-2.2836766
-1.0271764
1.1102211
1.689739
-6.466897
1.7490702
-1.2372891
-3.446211
-1.5838814
-0.9018332
4.135901
-1.8330085
0.25322735
-0.400522
1.2349352
-0.63748133
0.89129764
0.9246686
1.677443
3.8354316
-2.1624098
-0.22876096
3.1182203
-3.85081
-2.3008301
-1.3541843
2.8328786
-3.427969
-2.2980788
0.14743803
-0.20840989
-3.0140505
1.43751
-0.8872365
-0.89789134
-0.5497987
-0.76262945
-3.0143192
-2.2510679
-1.2675244
1.6844572
3.9440346
-0.26434606
1.8962573
0.17886811
1.8104514
-2.6764565
0.5296926
1.3520468
1.6081406
-3.30022
2.7804356
3.8286061
1.2234868
-1.1402013
-0.26947513
-1.933729
-0.05837526
2.3763936
-2.9075568
0.26255426
-1.8173729
3.8380456
3.6401207
1.7312431
0.67133284
1.3254529
-0.99223584
-0.95102465
0.65561503
-0.64189774
3.8072681
-0.0072628707
-0.96853447
2.5362883
-0.9408649
-3.9504092
-1.4109906
2.1579587
1.4125767
1.0395877
2.6315033
-0.89370227
-0.59189683
-1.3492848
1.3340014
2.538549
0.34714252
-0.61791307
5.0307097
2.044088
3.5421467
3.209817
-0.236965
0.4448572
-0.11133032
2.3774257
-5.3109922
-2.6955912
-0.20340367
3.8513932
-2.7225115
-1.308856
0.2346941
-1.6655649
1.1852304
0.36691982
0.31875846
-1.826406
0.4326837
0.35871243
1.6938689
0.54819995
-1.6206137
2.4637043
2.9691758
2.4328308
1.2664346
2.272056
-1.6883467
3.58215
1.3306574
2.1094902
0.6845574
-1.4365084
-1.7690367
0.79933846
-0.30430937
-0.8164441
2.5475225
2.0012972
3.3458624
-2.0211449
1.4471343
0.64750826
1.26668
2.8689592
0.008883718
-1.1811837
-1.0915331
0.07054212
3.3878958
0.54916644
2.4387858
2.6164734
-1.5326576
0.10870713
-0.41790408
0.09229308
2.2040448
-0.30920938
0.73820907
0.1873426
-0.46911395
0.57115215
-2.2002566
-0.49034017
4.287412
2.846509
0.666283
-0.40252587
-4.4557433
1.611495
2.2431536
3.995615
0.30459684
1.2169464
-2.656858
-0.87018526
-1.0992491
0.25790027
0.35410038
2.1146052
-2.6281497
1.2619642
-0.559774
-0.3510226
-0.060409375
2.7066724
0.3240059
1.2014886
0.8495089
-2.8051438
2.693141
-2.9252436
1.9916502
1.5964228
1.7769253
1.8050103
0.3450842
0.9718975
1.9693608
-0.8918651
0.54852045
1.017108
-1.2940876
1.4283799
-2.004528
2.4115753
1.6166747
0.3129853
0.6541955
0.8895241
0.9460306
-1.5255958
2.8361995
1.3351814
0.19009647
-1.0456119
1.903463
0.8141591
-0.76181835
1.618907
-1.6201596
1.5288942
-0.7632955
-3.249258
-0.3258573
1.5311894
-2.2878053
-0.33329657
0.2225537
-0.600334
1.0570562
2.3779256
-0.5687823
-1.4381511
2.0943007
-0.76579696
1.1718642
4.1279016
0.44671687
2.0604563
2.8445268
2.6879482
3.5052593
-1.800213
0.17163114
-1.172954
-0.56101483
2.3690689
4.615922
4.799113
0.34104836
-0.16692871
3.5933192
-0.12763289
-0.60269016
-2.9732833
0.0706682
1.3170344
-0.5689856
3.6528533
-0.11559852
3.5034285
-0.94727874
-1.761506
-0.9777868
-0.44520637
-3.3040066
-1.530038
-0.38250414
1.5153666
3.2332335
-1.091066
-1.9922532
0.63829976
2.0782764
1.197131
0.28448007
0.16753921
2.1656814
1.1860406
0.18337995
3.0064855
-2.5523179
-0.15012139
-0.46498334
-2.3710277
0.65979743
0.5995162
-1.2365055
0.627675
0.9139425
-0.77623904
0.42601788
-0.07557436
1.73038
-1.6738093
0.1851592
-0.8149483
-0.5834546
-0.07409574
-1.5578095
0.96239185
-1.742799
1.9099772
-0.04911357
1.8736185
4.842123
0.38181326
0.39062226
1.1180344
-0.46091586
-1.4088776
0.46275595
-0.42750013
0.5429018
5.246683
0.39869335
0.58836144
-0.35235426
2.9235358
0.01921887
2.592667
-2.7242525
-2.6375203
1.5678296
1.0691652
-0.8378179
-0.7480967
-1.2953953
1.9254094
-0.7158155
0.33969173
2.4142942
-2.4800854
1.6570269
1.240718
1.6353227
-2.032886
-1.2654225
0.25611395
-1.4382523
0.9613347
-0.4103537
-0.585691
-1.6567955
2.8617432
-0.17665882
-0.96502954
0.21674064
2.8837442
-1.0578023
1.0217758
0.9387955
-1.3127494
-2.9521627
0.6843379
-0.52855945
-1.2618818
2.2852738
-0.96951115
-0.34767282
1.1839442
-0.07265139
1.5070779
-0.6881345
-3.389386
-1.9370352
0.10095965
4.677792
-1.0312535
3.4722435
-0.03697753
0.18078041
0.7544796
-0.9577957
-3.064511
1.8232974
0.010697298
2.8307312
-0.20944926
-1.2361543
-0.5365529
2.0018413
-1.0404143
-0.23551208
-1.6074371
0.839311
0.5314947
-1.0555279
3.0241895
-2.0489929
0.64417
-1.3476111
-1.0565122
-3.642759
-2.1534336
1.4264045
2.3795724
3.3297746
0.3231738
-0.044578888
-2.217345
1.5954181
-0.4837007
-2.1099372
2.4967315
-0.5171457
1.59531
0.19974738
0.8183788
-1.7762887
0.19367102
-1.1219691
3.816413
-1.5550965
1.6003004
0.060250223
-3.9756093
-2.1203797
-1.39269
0.13443623
1.7579491
-1.8430018
2.8566139
-0.3958899
1.5250833
-2.085148
1.3533689
0.31478938
2.172934
1.8592606
1.6673288
-1.9126962
1.4655359
-1.9676206
1.0710924
-1.0227811
-1.0475724
1.2725984
-0.02797249
2.2564561
-3.2054558
2.0724008
-1.1664556
-2.6377428
-2.657109
3.5174081
-0.61548823
2.4350975
0.1279487
1.5091136
-0.33086085
0.4153473
0.59874016
1.4165428
2.2282603
2.5695016
-0.012167465
1.8945111
1.2514945
1.6737819
0.05769755
-2.0893347
0.14168428
-1.2998589
1.4449487
1.3448566
-0.830836
0.9533236
0.35369298
2.8142517
0.9834982
1.2479564
2.297583
1.9102447
0.9931768
-1.2518553
0.32062203
-3.1299934
2.53528
0.8035592
-1.0617782
-0.045478582
0.206408
-0.9145698
1.1690371
0.09230247
-3.627985
-2.3249102
1.2924163
-2.1907573
-0.20267189
-1.8858491
1.181973
-0.48072192
0.57540816
2.1780896
0.7339203
1.94465
-0.84880865
-0.04172597
-1.0940198
0.19791149
-0.27927628
4.8651557
-0.045444325
3.3867567
-2.248705
1.6807295
2.1338491
-1.983553
3.7025788
0.23041037
-0.5451124
2.3067155
0.95292646
1.7269181
4.4852495
-1.6590086
-3.366659
-1.3102988
-0.8345359
-0.66268444
-0.4871324
-1.9403021
2.8670583
0.42335227
-0.6939338
-3.6219158
3.1029892
-1.435683
2.2641668
-1.2645149
-1.0068184
2.60588
0.4594156
-0.21975741
1.562323
-0.69962186
0.9610038
0.032086186
1.7252295
1.3359873
-2.1135607
-0.10132945
-0.0059533343
0.5854257
2.3555336
1.9827977
-2.2294166
-1.4918388
-1.6116339
-0.69193166
-0.9639034
-0.24306968
0.47641405
-2.2129009
-2.455076
2.5349894
0.80394155
-3.1282983
-3.5350487
0.5857305
-1.4149297
-0.18547486
-0.40763173
1.5741092
1.0788411
1.0095932
2.212348
1.0157756
2.2703896
1.0196905
-3.3242593
1.7324309
3.2492273
2.0627267
-2.5581355
1.540791
1.0353934
0.7523824
1.0792966
-1.1782805
1.6584227
-1.7100706
-0.87865275
4.18074
1.3043245
-4.7608247
2.2761712
1.9437801
0.84301996
0.58519316
-1.7838018
-2.6623504
-2.4531264
-2.7046914
-4.849744
0.6830773
1.5851909
0.016417261
-0.29449502
1.163406
1.2984095
-0.19837448
-1.6341388
-1.0624447
-1.3927206
-2.2826974
1.9869814
-2.536194
3.0210757
-0.75429356
-0.41085702
-0.26440144
0.4313374
-0.9734891
0.838704
1.9063956
2.5644813
-1.5039228
-0.34828657
-0.35992676
0.09002442
-1.4664462
-0.95814985
0.4103936
-2.089741
-0.9832153
1.8121929
-0.8622304
-0.3845197
0.66191417
-0.6915028
-1.1792444
1.1574838
-1.0774535
-0.68440884
-1.1275012
0.35996354
3.579899
-2.06747
-3.590694
-1.8883477
1.0755043
1.277405
-0.18981762
1.0213388
1.0791342
-2.2470376
2.1766093
-1.8523321
-0.6137717
-1.2340473
0.79732674
2.1962776
2.9696147
-0.7969766
-0.18343526
-3.2811933
-2.204637
0.5656035
0.29336813
-3.1206405
0.55293036
-2.2206266
0.069745764
-1.6576028
-2.0194163
0.36039075
-2.5203266
3.4791749
-0.96271527
0.16373396
-0.1089726
3.6949623
-2.8603387
-0.05512692
1.016344
2.0130582
0.038025655
-0.4890903
0.32936168
3.4287858
-2.462609
-2.01563
2.7669492
-1.4336883
-1.0801849
0.7770525
0.9914697
2.9853768
1.3762457
0.09897551
-1.3170671
0.3338503
1.9719579
-0.9314625
-2.4534874
3.0886207
-1.5556605
2.7678425
1.1533248
-3.720218
0.25866407
3.1021004
0.8709533
1.4955276
-2.017145
0.88522136
1.1604538
-0.39311406
0.1085712
-0.64699167
0.81242955
1.4470705
-3.4921656
-0.05383889
1.6987919
2.8997273
1.0772022
-0.80298346
-0.51266575
2.0877206
2.3913662
0.5726046
-4.0016437
-3.7638307
-2.628349
0.48409775
-2.9221082
1.3885701
-0.04121008
0.5697036
2.1695423
-0.43687794
1.3829048
-0.49197316
-4.4311953
-0.48961905
-2.0665824
-0.631112
0.43532798
1.2698694
0.2352601
-1.3544601
-2.4538286
-1.68711
1.5489607
3.630521
-3.4904046
-1.9217722
0.6024019
-3.4800003
1.2837591
2.7590425
1.3972416
-1.4554187
2.4256232
1.1050496
-2.3682563
1.9545549
-0.7079678
1.1486099
-3.549581
-0.9037326
2.330345
-2.9753265
-1.3242614
3.0206769
4.485409
2.5166266
0.31710815
2.7002563
-2.804715
0.7792329
-0.34520027
-0.2482374
-1.5940759
-3.0893145
0.4757459
5.384769
1.5723132
-1.7257302
0.8405123
-0.37841707
0.07822123
-1.4172662
-0.85016835
-1.5173293
-0.91645825
-2.0866323
1.9011272
1.0331707
1.3617115
2.566328
-0.21337067
5.5947714
-1.8767892
-0.33950597
1.6097828
-1.4995178
0.72220117
-3.080365
1.0252333
2.2209709
0.9875001
0.9716182
0.7927167
-2.6970792
-0.5697344
-0.5553552
0.5366475
2.0804255
0.34738296
3.662581
-1.547538
-0.54842687
-0.5747787
2.680703
-0.8625095
-1.6334027
0.37354988
-2.2784436
-0.43544018
-1.0753961
0.16134045
2.3626704
1.7713752
4.419635
-1.090362
1.7007387
0.656127
-1.9716619
1.5748338
-0.9567831
-1.7655737
2.2859833
-3.578557
1.1265756
-0.55431336
3.3819866
-0.1418789
-1.165066
0.17314309
0.32175222
-3.3280423
1.2588753
-2.507808
-0.116499566
2.377946
0.7005265
-1.0622743
-0.071486115
-0.7683943
1.0264351
-1.2045233
-1.732231
2.6412952
-2.4564834
-0.6273558
0.34121355
-1.1549935
-1.793224
-2.9131405
1.0557293
0.18753423
-0.57759583
-0.038067445
-0.68418175
0.8305672
1.7249824
-0.85316736
2.008748
0.9590684
0.599888
-2.0605392
-2.8289433
-4.7386093
1.6145227
-2.4660418
-1.0277982
0.28656673
0.6147815
1.3146068
-1.5023715
1.0347377
0.39425382
-0.29948395
4.4543147
-3.536097
-0.4739973
1.3594686
-1.3130379
4.1164184
0.34154344
-0.23697017
-0.8702665
-0.045970038
-1.0217081
2.524197
2.1202106
-1.0079591
1.6315296
0.66924554
0.46301463
-0.50408787
1.9132695
-0.8067391
-6.1840057
-1.2212024
-0.9078834
-1.0676243
1.8267837
0.8003825
0.6883795
-0.7194691
2.5269527
-2.0255268
0.13828069
-1.0042961
-2.56846
-0.9841759
-2.117946
-2.4393604
-1.547079
-1.4179121
3.222997
-1.181994
-1.7950155
-0.7213439
-1.9577755
-0.3552289
-3.9785504
-1.3351825
1.7517623
-0.90817845
-1.5208725
-0.03263346
-2.5958345
-4.151638
1.6223505
2.2152028
-2.830801
0.82549995
0.85408884
-1.943562
2.080864
1.7346166
-2.722034
2.7972138
2.0479937
-1.6654184
2.1664877
0.22409558
-1.7355294
2.0731063
2.7683375
-1.0735129
1.0382332
1.5674535
-0.6284508
-1.1389836
3.3087277
3.073709
4.2897263
1.6871517
1.7112436
-0.4635551
-0.21753788
-1.2227063
0.90642864
-2.160091
1.1847059
1.506673
2.2162588
0.91304857
2.5891223
-2.9398055
-0.12431165
-0.99842453
-0.2049053
2.729836
0.34239003
-1.5247885
-2.831457
-2.2056787
-0.65278244
0.7841347
0.92990744
-1.0063989
0.037983272
-0.633649
0.01929225
0.7916799
1.3148704
-0.14943948
-1.9003371
-2.326617
6.665917
-2.1670768
-1.2153478
3.7100906
2.2298112
-0.32922915
0.73222154
1.2658896
0.26465863
1.0169122
0.5432478
-0.8388871
0.98775923
-1.947176
-0.8767921
1.1721208
-1.8064198
-0.96840423
-1.4728316
-1.0834655
-2.4485471
-0.00087818503
-0.09559738
-0.48292178
1.449607
2.027532
0.23916656
1.3177232
-0.20415634
2.9520648
0.31134906
0.9814774
2.7759266
0.5532995
-1.8527228
1.80326
-0.8598313
-0.03264804
0.55931306
0.46040747
-0.24465226
1.1388144
-1.6775442
-1.7708892
0.44073775
1.1198868
-0.44306618
0.66187763
-2.7422843
1.4892335
-2.0700195
2.6151328
0.7522494
0.3651296
0.96142364
3.4623637
1.4058503
0.05013372
-3.6870458
1.9375534
-2.095597
-1.7072167
2.6714127
2.8783317
1.5110438
0.5056962
1.6085352
-2.8745737
1.7067757
-3.2451692
-3.5413766
-0.5704293
0.83000124
-2.687472
-0.06338984
-1.2513572
4.8450017
0.80838466
-0.7325239
-3.7934585
-0.9404095
-0.42870045
-1.5442917
0.97595996
0.0003977716
-0.7933389
0.20358944
2.30165
0.6360047
0.14498517
0.13243154
-1.9364861
2.1249273
-0.28172177
-0.6661895
2.13603
0.21324207
-4.8382664
3.62153
1.8363202
-4.803325
2.9827821
-1.8271027
-1.830912
2.616493
-0.4681299
0.6987712
0.96336436
0.12965435
-2.9529314
-0.9059844
2.3089
2.0578916
1.4275575
-0.16022065
-1.5544717
-1.329294
-1.3741282
0.88512367
0.34781227
0.45814112
2.0463955
2.532906
-3.42431
0.44083294
-0.21090463
0.87178653
3.9970417
-2.395247
1.1543226
0.75354576
-0.18253711
4.1984105
2.6136348
-1.6564022
0.92497385
-5.33688
-0.29780018
-0.291654
-1.243735
-3.2864456
0.1632534
2.3793788
0.24081856
-0.6342821
1.6039792
-0.50561666
0.0039976127
-0.91624385
-2.467719
1.8993515
-1.3327264
2.7997644
-1.5355915
-2.599626
-0.4708203
-1.934632
-1.6239072
1.9034532
4.0195103
-0.9211857
-3.2313206
-1.3071101
-0.6233274
-0.7884223
-2.0539017
0.11543275
5.1697216
3.882829
1.4080874
0.81739575
-2.7571058
5.481778
1.4839942
-0.534067
-0.3384154
1.9138534
-4.4207444
0.853856
-1.9362795
-0.95730567
-0.00278683
-2.344825
0.16957968
-0.73431885
1.3257731
1.7869247
-3.3644307
-0.71272266
2.7840345
-1.6320736
0.28296325
0.55931926
-1.4893967
0.8650739
0.563742
-1.4408134
4.9146075
-0.19187915
2.4108431
-1.7664526
0.037874468
1.5572182
0.69513834
-1.9669743
-2.1399903
-0.078429006
-1.8775142
3.102251
-1.4079694
0.7888167
-1.3304815
0.084670715
-0.44314837
1.0704886
-3.3335562
-4.2683234
-1.056581
2.5861933
-1.5425164
0.94176525
0.83101165
-1.0549036
-0.007164277
-0.90515345
0.15046379
0.80562055
0.023168758
0.08161428
0.58070886
2.5259306
-1.3717332
1.9825941
0.091694646
-0.7855706
0.8449682
-1.6559635
-0.74079597
0.58604574
-2.1760862
0.033124432
0.1207253
1.4401243
-0.46021837
-4.8655815
-3.5440395
1.5350895
-0.011457674
0.97801393
0.18247873
0.6780884
1.118476
-3.5752294
0.15404487
4.0820556
-0.78048587
0.22100508
2.9775949
-2.1053224
0.084617436
-2.3315868
-1.0957369
-0.40840328
1.5173646
1.4719136
-2.2936096
-1.0555778
3.74834
0.4025253
1.4577965
-0.7162296
-0.83526856
-0.04414799
-2.3617349
0.061572812
-0.051954947
-0.7861363
-0.44148287
2.0098815
-2.075861
-1.1125144
0.611354
1.8810811
1.8693202
-1.1987685
2.233518
-1.1888181
3.314403
0.81149375
-3.1383102
0.27287546
3.6427212
-0.6177041
-0.78541976
1.4151815
-0.21300757
2.4898665
0.7495991
1.460418
0.4171315
-1.1102425
-0.22087595
0.21886581
0.056666173
0.4300893
0.16933432
0.58564657
3.2830758
2.3177087
-2.8289099
-3.3513005
-0.89310724
-0.99262786
2.611907
0.9523201
-1.8271712
-2.3488548
0.66838956
0.13397041
-2.1811547
3.1869924
1.0786762
3.3836813
1.5654097
-2.3760371
4.018915
-1.0888224
-1.3157434
3.8090124
0.12817532
3.2653563
-0.23756546
-1.0535142
-1.1413369
4.7929215
0.5776476
0.68309927
1.3087745
-2.5657742
2.6138563
-2.3578277
-1.7018784
3.2908976
-0.90137243
-3.1684854
-0.99134153
0.39070445
-1.1484078
2.2572796
1.7237891
0.35838228
-0.66564125
-0.1301713
-1.1744382
1.90203
1.9767022
-3.0255814
0.60959965
-0.04002992
1.9960805
0.39406666
-2.638875
0.65127
0.1577594
-1.5296985
-2.4274988
-1.9036825
-3.718361
0.60138935
1.1004092
-0.62368166
-1.142357
1.9161578
-1.8329021
-1.7149899
-3.2328744
1.1867985
-1.8990793
1.9808978
0.2407752
-1.1730812
-1.2491078
0.46075022
0.71913016
1.6087549
0.23473787
-1.419529
1.9925293
-3.0258646
3.234652
2.1825743
1.6278621
-2.2305915
-2.5782042
2.6905966
2.334252
2.774405
-2.1846764
-0.5406006
-0.92507493
1.0478418
0.9711976
-0.4741822
-1.9916465
0.9056146
0.28561756
-1.4201767
0.7077006
0.90087926
1.7932303
-1.1975992
-0.5956132
1.5132698
-0.08496217
1.7473443
-3.7957866
1.8542635
0.45630157
-1.7710757
-0.5478077
0.5862005
0.090821
4.145234
0.84641796
0.42473587
2.340025
0.1003862
1.6398308
0.67806125
1.7308768
1.8153608
-1.3016778
0.728382
-5.0471725
1.1242212
2.5296745
-0.80425394
2.5395222
-1.5375427
-1.1853579
3.0906317
1.9176238
-1.084708
0.5643531
-0.6260811
-1.3942273
0.4652128
-2.8649018
-1.3887798
1.3232452
2.4644992
-0.9005148
-4.3389573
-0.4303943
1.4504329
-0.11125051
-0.6609781
1.7417213
-0.9501454
4.2136984
1.7700592
2.8525984
0.071995825
-3.7729452
-0.6987146
1.0683331
0.49004287
1.7266939
-1.5559037
1.3680475
-0.4702245
0.5970999
-0.649922
0.5481358
-0.95180565
-3.4834323
-0.11601248
-0.58143616
0.08052794
1.3715152
0.4659593
0.73833495
0.5261872
1.9363369
0.5883329
-1.428965
1.4239918
-3.6341724
-1.3513534
2.4823568
0.14186196
1.4139059
-1.0554711
-0.42722124
-0.66302097
0.34414992
3.856526
-2.9949584
2.805173
1.7859361
-1.6933362
0.7846817
1.3839309
0.12935285
-0.41117743
0.19463335
0.040650047
-1.7608304
1.186769
2.152471
0.18139362
0.11038318
2.6677876
1.5849094
-2.3685966
2.2790449
0.59487337
1.3131028
0.7964434
3.609086
0.90582526
1.7492133
-0.107610375
-0.24777745
0.14339441
0.52639616
-0.7863296
0.7082911
1.2348638
-1.3155549
-1.5469178
0.64629036
-0.50093883
3.3242655
0.5581442
-0.072397195
2.412931
-4.6078033
0.47271654
-1.0039442
0.6414858
-0.3714243
-2.8385174
-0.2891291
-1.9633334
-1.8747604
-3.36118
1.0609423
0.91120523
-1.5996722
-1.3457046
1.1479925
-0.7903131
2.1685998
-1.293605
3.9533048
-1.2081612
0.018913373
2.4340866
0.6503998
1.7906834
-1.242329
-2.4535935
0.15299946
1.3052841
-0.9014412
-0.4456265
0.28460294
-3.4480937
1.9588099
0.25749665
-2.6343875
0.6134753
1.9759344
-3.8270783
-2.2111454
2.990966
1.0155581
4.3906803
3.799984
0.62017375
-0.08190427
-1.7817065
-3.1937947
0.6313425
-1.6851832
3.0058684
-0.24198937
-2.7324371
1.1692418
-0.25538692
-1.5671214
2.3786054
-0.82004726
3.2467694
0.752557
-0.13504477
-2.5250041
0.15256685
-2.3829844
1.9545759
-1.4705162
-1.4975922
-0.29986393
2.597612
-3.5482786
1.5109563
0.36062846
-1.3592911
0.97599304
1.7442893
0.8324317
2.144007
0.4151755
0.9809533
-0.28242597
1.8310487
2.0519035
-0.8650939
-4.5016527
-0.18942258
-0.7285124
-1.6792722
1.1649463
1.5440017
2.169299
1.1308339
1.9908835
-0.022973165
1.6974026
2.3247976
2.2973986
-0.54273665
-1.0230236
-2.781135
0.8328015
0.62604415
3.2673116
1.1886377
-4.5740266
1.8934453
-0.29023933
-1.7497114
1.9489864
-0.6231951
1.7429211
1.9141117
0.5335699
0.9049714
-0.26017147
-1.0207831
0.83454394
-1.1267842
2.213019
-0.033513315
1.2090541
-3.462213
-0.4429667
-1.043851
-0.27961123
-1.6336778
-2.3583508
0.05069699
-0.57527083
4.2923274
-2.2728705
-1.7420777
1.3751441
-1.9853375
1.2024314
0.16057691
1.0143846
0.07869265
3.615108
0.25637698
-1.6459533
-1.7017452
-1.7139986
0.98387414
-1.8608837
-1.4348912
-1.2640058
-1.2315496
2.2140567
-1.0195978
0.3475773
-2.1508284
1.4445183
-0.4037498
2.9918556
-4.3813424
0.99529064
-2.051159
0.76567376
-0.46147415
-1.5088094
-4.650935
0.8796187
3.002692
0.6988207
-0.6738829
1.1760962
-2.471503
3.7222247
-0.62543136
0.8892269
1.4710708
1.2111001
1.0157746
-0.95796835
3.964682
-1.4308448
0.4946414
-2.2171571
-0.40983045
-2.115167
0.1935782
0.755816
1.203419
-0.13239008
0.87083644
0.0496261
2.7048106
-0.76385427
-2.9256148
-3.3103137
0.19458562
-2.6201935
0.55197984
-0.6083518
1.1911116
2.6518257
-1.6954911
-0.70629823
0.9047941
0.558088
0.80649304
1.8987699
0.698234
-2.4018822
1.1703141
-4.4628615
-1.7012303
-0.2932157
-0.37108102
2.2948089
-0.23548415
-1.1876625
-1.2589538
2.6273794
4.045496
3.1745896
0.8776672
2.317119
-0.1573489
-0.754158
2.1133053
0.6245464
-0.2082015
2.187688
-1.5351946
1.0039155
0.004113123
-1.8543082
-1.1904577
0.21606313
2.2697675
2.910549
0.48672307
-1.0228215
2.5842285
-3.366423
-1.2457553
0.13315892
3.7945094
2.894834
1.0429159
0.93484914
-0.634768
0.69944614
-0.8193892
1.4718862
-0.35657808
-0.2657174
2.0529068
4.620761
-0.6006438
0.077861816
-1.241644
0.055223636
-3.0472624
-1.550681
0.31655183
0.4422758
1.8542491
-0.026655428
-2.3214788
0.66464424
-2.045678
-2.3689885
1.4917142
0.891787
2.0172813
-2.9138055
-0.21663424
-2.0925155
0.5294746
1.9869231
1.6163665
-1.2236453
-0.41944873
-0.005049996
-0.34826624
0.83168894
-1.2738205
-2.5647626
-0.044670448
-3.144151
-0.6948855
1.2330263
3.0697563
2.6863475
-1.6083001
-0.20361283
-1.4412357
1.7410504
3.6118019
0.5949744
1.1398234
-1.0664961
-3.9333363
-0.31546697
-2.7855752
1.2936571
-1.7011589
0.1358522
-3.096106
-0.719376
-3.7185638
1.2868664
1.7915058
2.123582
1.36279
1.4314866
1.754544
0.29909497
-0.27995646
3.3446052
-3.4763331
-1.1556848
0.64128953
0.28111982
-1.790052
-1.3988672
-1.5187095
-1.1087548
0.23250441
1.0987602
-1.4596524
1.0318644
1.074972
-1.7916274
-0.7112564
2.5233026
-1.1633623
-0.6274782
1.1817087
1.5777541
0.7852852
-3.05209
-0.07633188
-2.66697
0.75824225
-0.16923527
3.9488423
-2.1793337
-0.4684075
-0.99679124
-1.7842225
3.1897318
-1.5881197
-2.901318
3.2877326
0.094308294
3.1378658
-0.8743328
-0.21314976
-0.15570343
-2.5419023
-1.6310569
-2.266717
1.8679765
1.8439952
-0.7458499
-2.7527692
2.8021374
-0.52462906
-0.4344169
0.0050114915
1.287541
-1.0464852
2.4107075
-1.7159476
-3.977572
-1.5655358
-2.542563
2.58741
1.1400031
-2.5534317
-2.9557898
0.6206392
2.0387344
-0.7428937
-0.9783766
1.4357914
0.69403017
2.904092
-0.3073097
0.6931789
0.81848407
-0.8437231
0.16455102
0.47479552
1.0971706
-0.16901359
-2.6254363
1.4942428
2.9526622
0.32032824
-1.1683956
-2.0342064
2.9059994
2.6105318
-0.46267605
0.7496022
0.10714655
3.2451737
2.830396
3.555646
-1.3154281
1.2216979
-2.3067117
4.184833
4.0449452
1.877852
0.47539803
-2.5303662
1.9257302
0.4876392
-0.111019485
-0.107133366
0.872888
0.35541803
1.7050709
-3.3671017
1.0066243
-6.4847016
-0.1832296
3.1003451
0.59230083
-6.13921
0.057199605
-2.2385256
1.7077317
-0.1351057
-0.10669392
2.229522
-2.6088629
-0.26989618
1.7908874
-2.7451515
-3.6259203
0.05569452
0.17815393
0.38128433
-3.4142747
0.2782469
-1.6805027
0.72771937
2.014491
3.1048486
0.12017652
-2.4713128
-0.13508454
-1.31288
1.5202937
1.5245594
1.9307675
2.2453437
1.9208649
-2.062152
-0.4751395
0.8694812
0.33360517
2.693343
-1.8668643
0.0018440634
0.841157
0.069622904
-0.32572222
3.8252585
0.27303743
1.9281768
0.8205471
-4.5437837
-1.6988257
0.89200026
1.9914732
1.1582602
-2.300364
0.56170225
-2.427177
0.7318504
-0.53136855
0.68351746
2.008014
0.37815017
-1.9217021
2.988731
0.38939908
-0.27141938
-2.430445
0.5555146
0.2274915
3.637872
-0.06488102
-1.4524522
0.13585486
-1.9459001
-3.4678516
-1.2546115
-2.6296947
-0.36271298
4.0476856
-1.9680114
-2.1813617
0.3467148
-1.5074278
-0.94449186
0.64234376
1.9558048
2.543886
0.7224106
-1.0486276
2.1091835
3.015095
-1.2688466
2.7593832
2.198633
-1.3538166
3.172385
1.1705798
0.84816027
0.7381944
-0.27643427
1.4004817
4.201481
-2.4600372
2.7836635
-2.2793734
2.1171587
-0.40197295
1.6895543
-1.1730838
0.6653433
-1.4314737
-1.5612788
0.4254412
2.6934593
-1.1358353
1.1234957
3.4053574
-0.8989015
1.1133548
0.6183316
3.098827
1.7221866
-0.8502333
-3.1121724
1.2987081
0.84258556
-1.4638637
0.4705531
0.8512962
-0.75109714
-1.0273823
-0.76442444
-1.1940687
2.9568937
2.1488836
-0.11861893
0.57375735
-0.77842957
3.45873
-0.031865984
-1.0882396
0.2866299
2.1892805
1.9720765
1.6605754
-0.14376068
1.6202811
-3.6471298
2.144646
-2.6712909
0.890918
-0.835498
1.0438726
0.9040297
-1.3574216
-0.17153384
-2.1241407
-2.6671197
-1.119356
0.10841669
-0.82272786
-0.57025254
-0.49593335
0.6463945
-0.46835208
2.1980019
-1.5618775
-3.9733973
1.2977107
0.71272105
4.055691
1.5654638
3.1133792
-1.7546276
0.10503448
0.70283026
-0.93641436
-1.5623751
-2.0583253
1.3147265
1.7620487
1.1815743
-3.6438053
-3.1912346
-0.15042236
2.6272209
-0.44991168
1.8938156
1.1118959
-0.73574716
-2.119746
2.0368948
-2.8277645
1.3672073
2.2862306
-0.20420687
-0.99249834
2.3447387
1.3279256
1.1585201
-1.6918445
-2.619999
-3.701541
5.2418056
-3.3177216
-1.5787958
-0.5906019
-1.2054654
1.2262868
-0.8039086
0.28225243
-0.44600677
0.38743082
3.9304626
-1.8244225
3.7785227
1.4188453
0.36039245
-0.37529337
-1.1589198
1.324878
1.5754915
1.1393049
-3.0407045
-0.4348028
-1.0959986
0.65646994
-0.07621591
1.036994
1.0963132
-2.8226273
-1.0986487
-3.6660628
-0.36979708
3.738993
-0.21638377
0.79821104
1.6443979
2.338736
-5.0595045
-3.3329625
0.74104756
-1.4090881
-1.3786942
2.0653737
0.70999634
1.6973554
-2.8177402
-1.1974742
-0.93935716
-2.372031
0.15497616
-0.2811934
1.7641389
3.0941477
1.5332144
-1.2982496
0.18074644
-0.9282315
3.1490974
1.3685433
-1.5927263
-1.8299685
-1.9272006
-1.8860471
-0.9785488
0.582762
-0.6455882
3.554863
1.1118068
0.14212039
-2.8406389
1.3506722
0.6584323
1.154681
-1.0308201
5.505572
-0.9286418
-0.9015503
-0.49295032
-1.0958092
2.1562743
-1.9238744
-5.351607
-0.8360279
1.7767873
-3.3762996
-2.0240226
-0.74946696
-2.6934054
-0.50028294
-2.060417
1.0505704
-2.3758082
-1.481555
1.7648513
-2.3811998
0.797948
2.8454387
0.6743068
1.8863851
-1.2231385
0.946798
0.82051647
-5.4041066
-0.08258731
0.0951918
3.8742306
0.119073816
-2.5701582
-0.083067805
-0.01299138
-2.7281585
-0.77532434
-2.4655876
-2.1642826
-1.1714964
2.4731944
2.1543639
-3.4925246
-0.5398078
0.16476923
0.56796306
0.10942833
-1.2543498
0.8948364
-1.1292168
-0.008083209
0.6081002
0.05418653
-1.9516034
-0.07888353
1.4403139
-1.7929416
2.441801
-1.4173902
-2.889312
-0.36340472
1.2445513
-1.4670212
-2.7314343
1.2966832
-3.4684167
-2.344323
-2.7557783
-2.7223854
1.619139
2.989111
0.8460624
0.13708332
-0.44409844
-2.1923041
1.7991203
-0.9085966
-3.0900438
-1.4665272
-0.5849882
0.26884696
-1.5471482
1.0319549
3.5783453
-3.1829195
-1.5508912
0.43774164
0.6069797
-1.7832015
2.0131125
0.33696538
-0.49038678
1.2738961
-0.6195102
-2.1352277
-0.032658823
-2.3693273
-0.79006976
1.804257
-2.1799788
-1.2646263
0.71729517
1.6969125
0.89994276
0.015757874
-2.335339
-4.1153984
-2.4083095
-1.345467
-1.8868803
-1.937012
-1.1089451
-2.1273644
4.3102937
1.3844128
-1.6170638
-2.6297464
-0.42552733
-1.1079113
2.4076622
-0.20552036
-2.1962187
3.0206146
-0.61982816
1.925474
-2.1503444
-2.3774107
2.1427598
3.7564797
-0.8982944
1.0675529
-0.13541828
0.7800538
1.9196925
-0.5209003
2.4376993
-0.6251771
0.31031656
-1.4075547
-2.723502
0.7787005
3.112542
1.7916962
0.58842003
0.952718
1.621269
1.4348885
1.4267567
0.53274643
-3.857656
-0.074518695
-1.6615258
2.3104599
7.6806884
1.3081733
1.2727439
-0.6400312
1.4244899
-1.8127723
-1.248232
2.6802073
1.5105984
0.5384522
-1.0502425
0.07473802
-3.6345282
-0.8256037
-2.692022
3.0788684
-2.9294295
0.21660355
1.6208482
1.0582316
0.7777378
1.965732
1.8147804
2.3032415
-0.09391182
-0.30486864
-1.372512
1.0337706
0.53086
-2.8793385
3.2094386
-4.4420743
-2.272164
4.0435243
1.1322491
3.4655516
0.17279139
0.1823512
1.2717832
0.35486203
1.2675866
-0.8942982
-0.6536444
2.0089395
0.40185896
0.4290143
1.1419274
3.666639
-1.1167117
-4.4508896
1.7931205
2.021808
1.0885134
-0.2518144
-2.5006526
-0.20125811
0.8139534
1.783069
0.45994943
-0.7743796
0.5711226
0.56064624
2.0333035
-1.6549222
-3.768319
-0.01237135
1.0217388
-1.623007
1.7114168
1.3507514
1.5256609
1.6822182
1.5271993
-3.6607113
0.22442369
2.393199
-3.816847
-0.29306704
1.0458386
1.8901469
0.57533056
-2.0579348
1.9405495
-2.39711
3.279313
1.3685793
4.261872
-1.442924
-0.28555626
0.9518015
-3.0666
-1.3510715
-1.2109394
-2.5292556
-2.8510408
1.4546156
-1.0540899
2.9954994
-1.4775597
2.3342633
-0.8082824
1.9827352
-0.3614391
-0.3782846
-1.0864447
-0.11375322
0.48801184
-0.4982124
-2.226462
-1.9727648
-2.7828274
1.6144538
-0.33722803
2.683036
-0.64600325
-0.99760926
0.5874183
-0.5319932
-1.2727038
0.30060375
-0.18022525
0.9463836
-0.6398937
2.5414526
0.7331227
0.5136259
2.0209296
-0.4726285
-0.38175523
1.098127
-0.56275016
0.86688185
1.5575052
-0.47118682
-3.2417982
0.53064865
-1.3989412
0.38184774
-1.1064948
1.4552175
0.23178676
-2.0475545
-0.47769427
-1.8153677
-1.3890688
2.7977712
-0.34393382
0.07298619
0.11705312
-5.9414134
0.38217944
-0.8229855
-3.4756868
2.7053494
0.843849
0.03138005
-1.2337568
0.10056474
-2.1367617
4.1872077
-2.3424618
0.649508
0.680921
-1.1008677
-1.7685026
-0.45436758
2.8640754
0.95068204
-2.238696
-1.2931613
0.4062653
1.4063998
-0.12686935
1.8579868
1.4473727
-0.22465274
-2.6491365
-0.53843576
-2.1407914
-0.87668204
-1.0743476
-1.5869228
-1.3231368
-1.0512938
-0.8140601
-0.67746514
1.702058
-1.3772118
-0.19552359
1.5928181
-0.88097334
-0.91757953
-2.0166874
-1.461815
-1.558382
-4.0377307
-2.0205412
0.3096083
-0.104274474
-3.8547578
-1.002048
-3.9211497
2.7629757
-0.56203246
2.0449243
2.5460052
-1.5947917
-0.40898055
-3.700074
-1.4871042
-0.17066188
0.84804225
0.5559101
0.17628233
2.2828565
0.95407903
0.77072614
3.5837812
-0.59772277
-1.3173841
-4.1037292
-1.152538
0.6069795
-0.7367952
1.9446728
1.6184051
1.5305771
-0.6627935
-0.24711329
4.4945765
-0.035954982
3.5844994
0.04802496
-1.8001099
-1.0212841
0.48862892
-1.0551279
0.19724382
-3.417458
-0.58470875
-4.402181
2.5755572
-1.5054572
2.582678
0.102865964
0.5018304
-0.4948354
1.1729555
2.0171547
0.12725507
-2.0405412
-1.0804844
-0.93084365
-1.221531
0.6133104
-1.3398234
-1.5274329
0.56918144
-0.8290163
1.9934185
2.9649024
-1.421008
0.10433879
-3.5672767
3.4455001
-2.884913
1.2971212
-0.8747469
-1.5256349
-0.61593765
-1.6599225
1.7172296
0.24454328
-0.48856825
1.443278
-0.83341074
1.9906906
-1.74611
-1.2613876
0.8728674
-2.7943602
-3.3680632
-0.41909274
1.4715387
-0.12399325
2.555013
2.741635
0.99974626
-2.7101626
3.1082
0.38622653
-1.5418149
0.43243107
-1.0754038
-1.0573013
-0.11822753
1.5598279
-6.098984
-1.1907042
2.4806087
-2.3900943
-1.6821058
-1.9191417
-0.18502444
-1.5341731
3.0774214
-0.40953824
1.9971021
1.035513
-2.3155363
-0.77671945
-0.25328064
-1.0513304
-1.7405388
1.6862959
1.0305989
0.58909893
0.10265298
-1.1623465
-0.23244753
5.1319413
2.182629
-0.9602565
-1.0428509
1.534489
0.9611751
0.8213194
2.5645192
0.13134824
-0.4826974
-1.0779628
3.0380938
2.873349
-0.43133128
2.2089
0.30653104
0.015683949
-2.6800187
-2.0955484
-0.6231286
-0.20917663
-4.6823697
-1.0393616
1.2073522
0.1500274
-1.1924603
-0.5636219
-0.0229761
-0.5170997
0.7533443
-2.920027
1.8319988
-1.0597091
0.8029845
3.4195151
1.2478112
-0.35783425
-0.08777176
-0.067930184
1.1619084
0.6829866
0.9124154
0.5598752
-0.37822127
2.6712747
1.1567413
0.32986623
1.7705233
-4.349974
1.5759027
0.08742055
-1.3676392
-1.693532
1.5709103
-3.8916447
-1.243835
3.8828907
1.7611758
0.24770914
0.9209056
-0.008675337
-1.4944365
0.9409929
1.4999629
-3.8117597
1.6714277
-0.17923859
-0.5237395
1.1610261
1.1857901
-1.7640749
1.6618637
1.5061837
-1.3501698
0.97047085
-0.8777758
-1.4246893
3.3887098
0.18294215
3.0433595
0.7152967
-2.2138262
-2.9258125
3.3545673
1.9677321
-4.8976107
1.3294297
1.104753
1.755307
0.07596196
0.25265977
-1.6504672
-3.8893607
-0.6723714
3.7873158
-0.7233945
-1.6516254
1.7924519
1.5607926
2.1927898
0.89274544
0.71062505
-1.8340194
-1.0415783
0.55601925
-2.366093
2.5161119
0.5184516
-0.39954337
-0.04756355
0.342762
-0.881001
0.8949032
0.69436127
-2.702384
0.5525321
-0.38118488
-2.417348
-0.281134
-2.673925
2.9344273
1.4009569
-1.1850786
0.47295216
-0.7029888
-0.858407
-2.0765727
-1.6858497
1.091867
1.2921816
1.6181121
-2.112445
0.8776486
-1.9341161
-1.294791
2.5407178
3.625919
-0.41690773
3.0886955
0.95813435
-1.1395628
-2.7986567
-0.9264955
-1.7064413
-1.8141271
0.49525785
-1.2992381
0.2935411
-1.9926064
-1.608187
-1.7053295
-0.48828995
-5.8363957
2.1845279
0.19470271
-3.2773533
-3.7777696
-1.0474411
-0.21020842
-0.17780982
-0.12132305
-0.68100977
1.6173177
-3.3367498
2.5883944
-2.904165
3.7324848
-0.84554946
-1.3923428
-4.302976
-0.8207184
1.5103225
-2.605552
-2.2551727
-0.5464217
2.359402
-1.449617
-1.0435169
-0.009962156
-2.7690444
1.4017402
-1.6654993
-0.5637661
-0.8042463
-0.51028776
0.85168546
-3.7238867
-2.1396043
-3.4574742
3.6312337
1.24737
-0.93614894
-1.3795118
1.020306
-0.5342704
1.3674724
-1.6652523
-1.6870424
-0.6266738
-1.6267391
0.9831157
0.12135932
-1.2028735
1.4633486
2.9440544
-1.3975141
-2.1484673
-1.3029021
-0.6990902
0.22711675
-1.1742104
0.17476903
-0.099058084
-4.7046185
1.7780858
1.7145315
-0.7055659
0.8961641
1.7721151
0.9104973
-0.4949178
-1.0817114
0.06057878
-2.2067664
3.5888267
2.1009183
-1.3584753
0.7539669
0.4195836
-2.9016075
1.1955489
-0.5842729
-2.381673
1.8117902
0.68201566
-0.5020177
1.7098097
0.8306958
-1.1464633
0.48178998
-1.5482574
2.0547233
-0.70096207
1.3562356
-0.6327496
-2.8253703
-1.1717231
-4.6412673
-4.438605
-0.8266909
2.1153839
-0.20834497
4.2958574
1.7571228
-3.2032921
2.6199822
-0.83104706
1.2751182
-2.3591268
2.174154
-1.551837
-1.3122222
0.5539395
2.7129636
1.1545107
3.2969267
-0.9135854
0.69812626
1.2053442
2.8127656
-2.2425988
0.780473
1.4821768
1.3127168
0.55620885
2.3138368
-2.6594014
-0.2220785
1.2000237
-2.1049118
0.008738048
-0.8882164
2.1994658
4.6587567
1.1581637
-0.09619588
2.6726654
0.20488966
1.0544642
4.3080254
0.089398265
1.3495455
0.31553245
1.7631909
1.1447054
0.8404603
2.93674
0.39788938
-0.783829
-0.8906989
-2.336138
-1.5625995
-2.3489587
0.20623691
-0.11478839
-2.4933586
0.7847108
0.025030594
-2.15187
-0.17170036
-3.5055072
-2.1915605
-1.4638388
-1.9961898
-0.1430482
-1.2800117
-2.2263408
-1.1009375
0.63669455
-0.3071037
-2.0321305
-2.4852028
-0.2660076
2.9775896
0.99104
2.0198216
-2.4910753
0.5657386
-1.9431001
-0.98920876
0.69489735
-0.22288623
-1.4059069
-1.2899576
3.2173696
3.2604387
-2.7242203
-1.7049711
-3.3958812
-0.45812264
-2.8431597
2.9585457
2.3250237
0.6679259
1.3248098
0.15684143
3.2961354
-4.0952225
-2.697272
-3.3681064
-0.5728117
-1.655358
0.36100042
1.9453373
3.218405
-0.332111
-0.09730479
-2.7847054
3.8569403
-4.677374
-0.08831404
-0.66279733
1.0797671
3.8184154
6.0435195
-1.9055475
0.6798258
1.3704146
-4.4445043
-0.33259
2.7424123
1.8143556
2.467472
0.96233326
-1.5974262
0.82823807
-1.365056
-0.10423374
-1.7593747
1.0713093
1.1841542
1.7145634
-1.1676489
1.9132824
1.668544
0.059830688
2.2955852
-2.0392811
-1.3011903
0.19633618
0.9282001
-1.1654689
0.91220737
1.0689547
2.7225063
-2.8371623
2.6793067
-0.9283964
2.847424
1.140846
-1.1160092
-1.168954
-0.41593757
0.12586893
-2.1316464
-2.8814824
0.8581719
2.4139957
-1.8782123
2.8003514
-1.8319868
1.3192527
-1.317015
-2.3067493
0.943595
0.12079498
-2.7227695
0.8367263
0.13044465
-1.2598872
-0.17209077
-2.0317626
2.4333053
2.385796
-2.641345
-0.049393095
-3.3915682
-1.1253362
2.0655124
-1.0835842
0.08562249
0.3515259
-2.8392332
2.1948068
0.8907051
1.2465216
1.973462
0.7189091
0.07937495
-1.2661412
2.4105823
1.8242565
-4.152307
0.05436509
-1.9966478
-1.2561468
-2.346699
-0.6509444
-1.9064101
0.3829852
-1.1481116
-2.227629
2.113075
0.72946465
1.5151999
-0.96606565
-0.8117174
2.0762477
-0.23636582
1.5970759
1.9353125
5.541769
-1.2195317
-1.196704
2.4398336
1.2128476
1.0924796
2.703206
-1.7447304
1.885696
-0.8782699
0.19394568
0.07632669
3.6374888
-0.4112038
3.2591398
1.0275608
0.6359523
3.8306336
1.7223784
1.9133584
-2.1057706
-2.1673887
1.9218196
-0.42920673
-2.5136595
-0.3886801
-0.46725124
-0.05796638
-1.2672385
-0.2741322
-2.524535
-1.1215837
-1.229323
-1.6160249
-1.0148044
-0.4751522
0.796947
-0.56658936
-0.6490183
0.50155073
1.1935474
0.6280557
-1.192323
0.3364982
-1.8552763
0.83898807
0.640463
1.7592683
-0.16562752
-2.2717607
-1.4784404
0.82380813
-1.6244144
-1.3613433
-4.0894256
0.28492892
-2.279687
-4.71343
-3.7882915
0.8860251
-1.1038878
0.9380064
0.3189257
2.5865095
-0.35604286
-1.7118632
0.36692336
3.4216883
0.45790797
-1.019065
1.3749104
-1.8562143
5.1336217
-1.7655765
0.026168741
-0.83026195
0.55891293
-0.9750126
-2.1089368
-0.852374
1.2491004
2.2925868
3.1170056
-0.66522557
-0.46013254
0.38476488
3.823288
1.1890024
-0.08608248
3.2736773
1.7314774
1.3129156
2.6060712
-4.8405848
1.2366978
0.7187921
-1.115511
-1.3998334
-0.096836805
-0.49501812
-0.54815316
-0.74969506
1.0182263
0.08381443
-1.33834
0.016444638
0.6055393
-3.7074378
-1.6186084
0.59313715
-0.9534767
1.7186741
-1.3417205
-0.7417291
1.1869314
1.5328412
0.81850237
0.48889172
-0.6369465
-0.8116073
0.027444907
-0.38741505
-0.20930311
-0.39390844
1.2976884
-0.2945887
-2.123376
-0.18181454
3.2420192
1.1387821
-3.031794
0.46183407
2.991805
2.99316
4.9733515
1.2448517
0.8014262
-0.53116107
2.4440336
1.0809478
-0.88715076
-0.7074064
-1.2558016
6.6412334
-1.886802
2.7819288
-0.05645468
-0.64059496
0.4793226
1.3592943
-1.3653847
0.089500785
2.164698
-0.37540355
0.3187939
-2.629607
2.3146799
-1.3669876
5.1254296
-0.07086623
1.9518955
-1.6252692
-0.7520973
0.5775773
1.2786531
2.0540986
-3.2449207
2.688665
-1.5363865
-3.0853255
-3.90399
1.3273298
1.9465773
-1.4735528
0.5437103
-1.9845709
0.45838112
-0.64248055
0.7056055
-2.5062468
-1.1214676
0.2916997
1.8862463
1.1850948
1.92443
-0.016475692
0.18392128
-0.00766813
-0.38122213
0.20749587
-2.023022
-1.1747005
0.46300322
3.2369132
-1.1001465
0.2921735
0.29571906
1.4570854
-1.0950167
2.2731333
2.8216045
-3.5460272
-2.7095113
-1.8616909
-1.4147073
0.053049296
-1.9504962
-1.3609408
0.93016994
-1.3869026
0.6330069
-0.22371213
0.5910698
2.7594123
-2.572967
-0.6918889
-0.60981387
0.012637988
-0.4937777
3.740383
0.58797705
-2.0058875
0.41721866
-1.2924396
-3.0376666
-2.829075
-0.3998989
-0.9045252
-2.3706431
3.6691406
5.0271955
-0.105783485
3.6308665
-0.45533884
0.7149348
-0.7565589
-0.20489898
0.26098126
1.9481632
-4.7813168
2.5564787
1.1269596
3.0353615
-3.062167
-1.9120046
0.0047020763
4.0982885
2.8337162
1.304396
-0.788618
0.6645859
-0.2537217
-0.005374551
0.24783656
4.046577
-0.8449642
1.7106035
1.248689
-0.05214791
3.8124428
-1.0472186
0.4816981
1.7343017
-4.141889
0.09069051
2.219208
1.5467781
-1.4802874
1.3178293
-4.316315
1.402426
-2.0883946
-2.812079
0.09835647
1.5918758
0.5002403
-3.6141222
0.51606524
-1.9484401
-0.58652705
1.0199182
2.131877
-1.3633398
1.3045619
0.97504216
1.3760989
1.3787616
-1.009595
4.510538
0.22558156
0.89300334
-0.2213731
-0.8826524
1.8334719
-4.8206367
1.3378364
1.9199976
1.2276797
-0.6776839
-1.9868109
1.5736942
-0.6959033
1.6814044
1.525267
0.4974972
-0.98060155
0.09234445
-4.2941504
0.3494358
-1.5352587
1.4765905
-0.089242525
1.2084206
1.8233371
-0.012031242
-1.8631765
-0.4558557
-0.2624365
-3.4287264
0.94892
-0.024088047
-1.8340182
-0.54326254
-2.211648
-0.6851086
-1.1458192
-0.32787618
-0.29470077
-1.2950761
0.19208845
2.2485867
-2.4884703
0.76605767
1.4393927
2.3107057
2.2966776
-0.7305311
0.17332873
1.2894523
0.5126071
0.006111525
2.7486043
2.6536288
2.018385
-0.40469298
-0.11379372
1.7291547
-3.522395
-0.25447875
-2.9562018
-2.1420338
0.92739284
-1.4774128
1.7413949
-2.1909397
0.495322
0.6592218
1.8918368
1.0526257
1.2691501
1.5577149
0.1338946
1.7277473
-2.5770116
1.6480669
0.48447543
-1.3539959
-1.7504755
2.6815166
1.4013796
-2.1403031
-2.9274554
-1.2513111
-0.38729066
0.81550044
1.9808532
1.3718945
2.2142859
-0.29264456
-0.105079524
0.061078914
-3.6341112
-1.3666408
-3.371683
0.51479864
-3.6663806
-0.47706914
-2.3080564
-2.100725
-0.84708023
-2.3669941
0.9271113
-2.8695197
0.42567128
-3.943108
-0.35284764
0.9009412
0.562262
0.51211935
0.65854263
4.5372763
2.4518955
-0.67419
-0.2730994
-0.21974239
2.3170786
-0.09213995
-0.19384572
-1.5188347
2.46001
-0.4402918
2.1203341
0.53254503
0.79571646
-1.3717527
-0.7578504
0.17458382
0.9618002
2.5272279
-1.0422777
-1.1772435
-2.550058
1.5239208
1.3341306
-0.12094183
3.7481174
2.4718223
-0.6989457
-3.0694437
0.6103677
-2.0583165
-2.5673783
-0.7341421
0.6764389
-1.0703582
4.9865484
0.25208288
2.380488
5.4357214
2.425156
-1.8106893
1.4933019
-0.81076306
0.9248411
-0.795584
-2.4532666
0.7925664
1.8230085
0.30797765
0.84030426
3.0395184
2.3217533
1.0976855
3.7776077
-0.07100845
-3.5818646
4.025352
3.3332505
2.548994
0.24281368
-1.9967738
-1.6306771
-1.9874603
-3.2713103
-1.0588248
0.07692625
2.2376642
0.43282852
-0.51031524
-0.05098579
-1.2364848
-0.15021536
3.7198133
-2.5815263
2.5612483
-0.5135522
2.1939125
0.37971234
-1.3319696
-0.46447992
3.192482
4.121058
0.7233028
-0.11509643
1.2895819
2.3018708
1.1544325
-1.0701541
0.7331346
-4.1597137
0.087148465
-0.016172498
-0.63012725
-0.09637086
-0.9270561
2.2703671
-0.5002972
0.35693064
0.8103563
-2.306693
-0.7137754
-2.5729392
-2.0303955
5.5107594
-0.08011355
2.374368
-1.8916187
1.4411433
-1.7165487
-0.35913512
-0.09997978
-1.9064697
-4.7485814
0.56124026
3.1914878
-0.772978
-2.4210038
1.9859397
-3.2424705
0.89743507
1.0403111
-0.7372062
1.6363273
-1.6296194
-1.2895173
0.35415152
0.98565257
-0.98798704
0.21323362
0.5148009
-4.255048
-0.61610854
1.2197508
0.00077502057
-1.045563
-0.36620942
-0.37534428
-0.15216121
2.6154985
-1.4061055
0.2099644
-3.411706
-2.177955
-1.1709012
-0.8825977
-2.3190806
0.49754354
1.2501559
-2.403606
1.8601359
1.2213404
1.2489303
0.058448803
-1.2030189
0.92600006
0.78892845
0.92597955
1.2110497
2.5245838
4.158855
-1.4563849
1.9412186
0.80779225
1.7580322
-0.99061376
-0.35810164
0.727631
-3.9183884
1.1230422
0.7671211
4.157306
2.8596027
-1.353514
0.0230138
1.8106809
3.2548316
1.1765012
-0.24544546
0.26988822
0.20989749
-0.83848053
-3.0203485
-3.587054
0.4722801
4.380334
-2.28786
0.41478598
0.028515752
0.66653925
-0.7954709
2.7227366
0.5866083
-1.8773963
0.08667569
-2.1970472
-1.1675508
-0.20384908
-0.304708
-2.0351398
1.837247
3.0909638
0.41421795
-1.9587002
-3.589
-0.011874348
-0.29409528
-0.24596485
-0.7310382
0.7725593
-1.419863
-0.7159022
-3.0907881
3.365024
2.2087195
0.5789921
-3.8265588
-3.081192
1.0342089
1.3132277
-2.0961978
-2.726132
-2.3213956
4.4795628
-1.4762443
-4.416637
-1.6937071
1.4802738
2.1628861
-0.66959584
1.3756187
-0.80686206
-3.1866844
-0.41511068
3.0453944
3.1398072
-0.95917517
-4.55968
-0.39691573
3.4324906
-1.4749339
-4.1926427
1.3318478
-3.7347019
-2.8616655
-0.19655377
-0.4941827
-0.30651182
2.4203122
0.94998544
-0.7250353
-1.2920812
-0.48818663
1.8754218
1.9903154
1.9019016
2.9809403
-1.2375311
1.8597945
-3.820445
3.0849986
-1.9146665
0.9330757
1.206917
-1.8156037
-1.2350118
0.16929567
-1.9254565
0.28108242
-0.1381179
-1.545894
0.1845782
0.050218694
1.0339495
-0.28370604
-1.3622097
3.8692977
-5.134476
-3.9983487
1.5145531
0.29436275
-0.5107676
3.1451716
-0.73522466
1.8877667
-0.4420784
-1.8395755
1.0427889
-1.2773613
1.1010183
0.47283256
1.9706391
3.129817
-2.7342725
-2.6270444
-0.23298374
-2.0175953
-0.18205568
1.9411436
-5.1736765
-2.2450013
1.012983
0.5189386
2.2139926
2.7147684
-2.540502
0.8652235
0.29606596
-3.5118234
-0.8641384
0.99939686
-2.653189
-2.5013819
-5.040561
1.9392495
0.69882613
1.0353575
-0.36763805
0.3175574
0.786065
2.886296
-2.9563234
-1.590351
-1.481863
-0.31007975
1.8217294
4.8905773
-1.1448246
-2.4876828
-0.19500472
-0.008677565
-2.0034966
-2.165972
-2.169133
-0.3954239
-2.3336897
-0.8109783
-0.6212495
-0.49391532
-0.08926533
0.92615765
-0.09033107
0.4012397
1.2593764
-1.0885726
1.593476
-0.39559698
-0.59291613
0.6824472
-1.0739303
0.91642684
0.41278684
2.4878676
-0.17320162
0.5494707
3.814607
0.041745566
-4.2072315
2.0514982
3.1497202
0.7475241
3.5284162
-0.6848057
0.83568615
-1.1821227
-0.93144304
-1.7930151
-2.7424781
0.10157475
-2.9338727
-0.22068495
-4.6181707
0.14522938
-1.9360843
-0.8809832
-0.49136892
-1.3297808
-0.73391485
1.9197413
0.25900635
-0.11901925
-0.92736423
-3.4370084
1.3456649
-1.8843347
1.1756009
-0.29913726
-3.6681874
-1.0818671
-1.1029094
0.24395323
1.4879153
-1.2511625
0.7432882
0.58235264
-0.88084674
1.174997
1.9743294
3.6564238
2.2759511
0.8941408
0.02889286
0.07640056
-1.2542385
3.025676
-1.7969962
-3.9939299
1.838806
2.8203487
2.1533928
-0.67296726
-2.9291651
0.71581554
2.2062092
-0.45866397
2.8217058
2.0135384
1.0321145
-1.4640234
-0.9701282
-1.2627838
1.5166342
-0.9349348
0.9003272
2.230583
-1.5084786
-1.4837294
0.9776363
-0.28523406
1.0153619
0.90959215
-3.5741386
-0.2994087
-1.0485932
0.63997644
-3.7021015
0.59232205
0.5669146
0.597323
1.1666905
-0.87070906
-0.09182547
-0.59136724
0.94880587
2.567737
0.84005785
0.146552
-1.6036276
1.94759
1.3923146
0.19480176
2.293481
-0.7233424
2.328636
-1.6817727
-0.5730569
1.127544
-2.0553265
1.7093364
2.0838206
0.9099563
-1.9055786
3.0503945
-1.9151037
1.7047694
1.576691
-4.406152
0.11729493
-0.096084714
-0.90115523
4.610192
-1.0917821
0.16409677
-2.36105
1.5974814
-3.877849
0.57177824
1.3570904
-0.22654842
-0.41352978
-0.63975936
2.239803
-2.122894
0.8840651
2.2724729
0.825631
0.4998202
3.2648704
0.34904087
0.8352816
0.9216764
-1.971871
0.25363472
0.88526267
0.78476894
2.9647737
1.9366279
-5.687582
-1.7579584
-1.8860486
0.56681913
0.082566276
3.812144
-0.6306805
2.6310675
-0.8335966
1.1801466
-2.192305
0.5316996
-0.07585783
-1.2912847
-1.2527078
-1.2702706
-2.684654
-2.3399498
0.11833165
0.9642767
-2.1227477
-0.64323956
-1.2810683
-0.8119868
-0.7531688
-0.43753034
1.8242838
-0.03505511
-0.78262204
0.21880274
1.6011494
-2.7030337
3.8085833
2.5781126
-0.54734594
-2.1295617
1.088585
-1.5354763
-2.3118327
-0.8424087
2.7955918
-1.6347178
-1.4099836
-2.5931036
-1.9436488
-1.59514
3.951656
-0.45660347
1.9335055
-0.40210724
0.02345452
-1.632268
-1.0474981
-1.9998076
-2.1239443
-0.035471573
-0.19044931
-4.4896092
-0.30138502
2.2334576
3.2537737
0.13562512
-3.0955257
3.3308125
-2.620746
0.9799799
-3.0231357
0.8581391
-1.2632343
4.261669
-0.09852063
-2.9641447
0.8896405
-2.434074
-2.473484
-0.99942654
2.8128927
3.1117032
0.27371514
-2.0005298
-1.9706963
-2.9204214
-0.07009381
3.434529
0.113570064
-0.5478879
-0.09216859
-0.5174062
-4.539841
0.98364156
0.91705656
-0.75547725
-1.6387378
-1.3383018
-0.3151244
1.4123799
-2.132607
0.3224883
0.8239237
0.9228747
0.5659019
0.23279756
-2.3133173
2.0188932
-0.87879515
1.2504034
-0.33133352
1.1139368
-2.3054206
-2.0871303
2.798959
-0.38241485
0.2435101
1.3286642
-0.4776762
0.018949628
-0.27616876
5.2769723
3.352698
-2.9267526
-0.46841502
-0.6366281
-1.2667685
-1.689317
-0.2788885
-1.0258589
3.0608478
-2.3250566
3.0002487
-1.5717947
1.6829572
-0.28377745
0.7779308
-3.341673
-2.158945
-2.9561954
-0.946019
4.186112
-0.81923807
-0.38779417
-1.8402984
1.55958
0.18252245
-0.20077895
0.9651259
-1.8130524
0.667674
0.7762083
-0.85737795
0.7209661
-0.8599063
0.9766483
-0.3116685
1.4602292
-0.112905174
0.22447482
-0.56767505
-2.1672225
-1.7725767
1.0322996
-1.8962522
0.86745036
-1.3773636
2.966321
-0.8812673
-0.008934777
2.5553892
1.6678544
1.2354747
3.3363874
-0.9400677
1.4500545
-0.4508777
0.42911813
-0.68731534
0.108856834
-0.65245557
0.1614197
2.5283313
-0.48378617
1.9982717
-2.2528164
-4.5940266
-4.659274
-1.2253835
0.9058143
-4.6899223
-1.4675921
0.99978757
-1.5072799
1.0038806
-0.605035
-0.5204296
1.9378328
-1.0167698
0.4956858
2.3225727
0.0051870346
3.0239384
2.924065
0.36594343
2.1580007
3.2747118
-1.421461
-0.39635128
0.7382475
-0.039244592
-3.2207782
1.2221735
0.85803235
-0.81409985
0.5602766
2.712131
-1.3536558
-1.2766947
0.23075825
-2.1214957
0.102790594
-1.51815
-0.3496037
2.3788638
-0.19008507
6.311605
-1.5183845
-1.4527906
1.4159616
4.0535874
-0.22383994
-2.1483982
0.22526044
-1.3266504
2.053657
-1.6539007
1.3528326
-0.3746885
2.2628903
-0.74528986
-1.4964536
-0.09084688
2.1556385
-1.0204457
-3.4327388
-0.9007072
1.4918842
0.08022741
1.5516645
-0.44858164
2.333429
2.358435
0.21895072
2.435135
1.4486948
0.11508877
0.059585124
3.106404
-2.6947017
-2.008051
2.3715367
-0.40210927
1.5672498
0.6909988
-1.9897246
0.45535618
3.8192677
-1.7506598
-2.4109035
-1.3853213
-4.1177216
-0.10831451
-0.2695892
-1.1478269
-0.4463479
-0.8170132
1.3719252
0.28123164
2.409887
0.5183228
0.95334804
-1.2929376
2.7845247
1.362688
2.2405984
-2.481063
-0.9236109
-2.3399496
6.2845216
2.5733407
-1.2327533
-1.3780224
2.314404
0.50194037
-0.4958064
0.8389796
0.557088
-0.8921937
1.4382999
-0.11257911
0.21518776
0.919322
-3.241234
-0.7156587
-0.009901211
2.5758004
-0.80491513
0.3342834
2.7195282
0.5793011
-2.9703364
-2.0650702
-0.26618734
-1.5942327
3.007968
0.22307092
3.0597143
-3.2463295
-0.011369377
-1.9708393
0.3839083
2.8362906
-1.017608
-1.2020649
-4.2179484
-2.0974941
-2.8261561
-2.1604593
0.71619534
-0.86582845
4.5234714
3.0458713
2.101536
-1.5484605
2.3954034
1.3933079
1.9273895
2.5062797
2.235845
-0.47783095
-1.308882
2.1929264
-3.9818351
-0.3522905
-1.2073227
-1.644956
0.44148397
-0.85308063
-0.8088694
-2.0137534
0.5996906
3.9189978
0.872001
-3.1614783
1.3270006
3.1486049
1.6910794
-0.24243028
-0.18370755
1.0564753
2.0351717
-1.563483
1.6161789
-0.0923556
-0.5687947
1.2514956
1.7093633
1.5328828
2.1387825
1.9750171
1.5277103
2.1508496
-2.6996787
0.6657628
2.0539804
1.9664537
0.020704452
-1.1689558
0.22879264
-1.1211011
1.8694173
1.4244293
-0.2166906
-2.106171
-1.0805653
0.29258972
1.4696993
2.163243
-1.2919497
-2.0367756
0.50147015
0.6379021
0.8497117
-0.053192154
-3.2465901
1.3940583
-0.44692576
1.2427949
1.133036
-1.5219417
-3.5194674
-0.32917228
0.39202613
7.4783187
1.7905766
-0.4373135
-0.6443257
-0.55547774
3.7283287
-1.3981878
2.0604696
-3.1195748
1.1117558
1.666987
1.0077375
0.85713714
0.056365807
4.422322
2.0672936
-2.3433561
-0.25890574
0.2975157
0.95433486
-1.7475243
1.3565396
0.7209916
-0.7919947
1.4779974
2.2020826
0.745527
-0.6920417
-0.19836828
-0.32394695
0.77488977
0.2909168
0.0040137023
0.42269742
1.8783642
2.2371578
-1.4006262
2.544475
-1.4315864
1.1927578
0.36874714
3.722902
-1.1193038
-4.5295033
-3.359541
2.3189106
-0.40405518
0.8406444
-1.6330609
-1.7150925
-1.5557967
0.6848099
-0.78347695
-4.2851233
-0.1443313
-0.059868455
-0.9682013
0.5565687
-0.9699689
-1.6899692
1.6570235
-0.59466004
-0.5482153
0.14314166
0.27320614
-0.16991767
0.04542394
-1.5373633
-0.9790156
-3.7400458
-0.8185701
-1.90316
-0.4780863
2.1099262
0.4919077
-1.9787571
0.6643475
0.48787427
-0.15322174
-0.3783333
2.4783013
1.5500259
1.1191795
-1.6978309
1.2454007
-1.119726
-2.9307058
0.47547278
-1.6135759
-1.7269875
1.8617319
-0.0018900707
-1.0715345
-0.64054215
0.99734324
-0.36125886
1.0707607
-4.0216184
1.5272257
-0.13487534
0.09858826
1.1381875
2.6133368
0.29625824
-3.0884495
0.5964266
3.36012
-1.3345753
-1.6657934
4.815244
1.1871886
-3.079033
-1.3411353
-1.7666125
-0.75361454
-4.8732786
0.73844
3.7031143
1.1924868
0.5451499
-2.563288
-1.6569556
0.37310094
1.1733154
0.03300271
-2.1396308
-0.8701867
-4.6767807
1.4407077
-0.41858304
-2.093717
-1.8822995
1.1937851
1.3551648
-0.8687948
0.8319882
-0.48128617
0.88611597
1.3790448
-1.6147913
-0.05662276
1.909479
1.648534
-1.1706752
-0.73747784
0.16828622
2.1671555
-0.401022
-0.31979254
-0.4061993
-2.9154606
1.0902864
2.3917377
-0.6840235
-0.42797884
-1.5906838
-3.507136
-0.3519804
-1.8001437
0.7346979
4.7167807
0.38911265
-1.2407495
1.1716691
-4.4092975
-0.24086583
1.0480705
5.346056
2.116722
-0.546966
0.1156238
-4.278387
0.06159251
-1.7005377
1.9358053
-0.16573417
1.5639677
-1.0551844
-1.2326497
-2.4934335
-2.1966598
0.370387
-1.7480676
3.274866
2.9094894
-1.411111
-0.22501987
1.4800581
-0.99924076
2.4526422
0.56232405
-2.261123
2.3513923
-4.12554
3.8275723
-2.2660866
1.9388989
-1.1113532
0.8698242
-0.53805894
-0.32592374
0.06802965
1.0318149
-1.7332903
-1.505641
1.365011
0.5500556
2.0417287
2.1441255
1.8752915
1.5053148
-3.3988233
-1.407628
-1.6140448
-3.014279
-0.7087217
0.84292245
1.2849255
1.5051486
-0.4769981
3.744167
0.32130313
-3.2170177
0.83358836
-1.2949426
0.80572903
0.23599833
1.2315494
-0.48147225
0.27101648
-1.7514356
-2.8852227
-1.1054636
1.8756542
-2.3534353
-0.039576463
1.8617963
1.1463282
-1.5593635
-1.427493
-1.6040391
2.4035575
-2.6554103
1.7211013
0.25861531
-0.35028154
0.21673864
-3.3867257
0.5519518
-1.8713259
1.0405661
2.3356416
2.6159902
1.4333335
0.20970759
2.20153
-2.0680335
-1.133052
2.6412904
-2.6346936
-0.062239826
0.932939
3.0408964
1.0044267
0.10407826
-2.2647042
1.5470879
-1.1599605
2.0664291
-1.2064953
-0.4957251
-1.4311519
-1.0498241
1.4529542
-0.23230755
3.0663364
-2.5110364
0.5242464
2.085098
-0.9646837
-2.9176953
-1.62236
-0.32355362
3.3392463
-0.91812396
-0.6358064
-1.0806644
-2.743392
0.309192
-1.0951099
-0.8844921
3.2790306
0.5563587
0.079421625
-1.5032507
2.3276396
3.674144
0.18724686
0.29014552
4.1618476
-2.4271996
-1.9524835
2.6108372
2.232896
0.13504381
2.3789897
-1.0632702
-0.85323167
1.8716934
0.12060304
2.0168233
2.0753374
-0.34626713
-1.3743985
-0.7889698
-1.6384783
-0.43141082
-1.5008311
-0.07326968
0.063251525
1.3978512
0.5306283
1.619381
-0.2507661
-2.1570003
-1.9926736
-1.89182
0.8339451
2.6757839
-0.5723398
0.4713873
0.26734847
-3.512321
4.0944552
0.61815435
-0.5655077
0.35553193
2.1311085
-0.5840097
0.8898755
-3.3839765
-0.33558905
2.117194
-1.4159571
-2.3666923
0.5474864
0.30847377
-2.1717865
0.3995719
4.8818636
2.6913056
1.7029859
-2.1073384
-1.747599
2.6269393
1.5069906
0.26133645
-2.0562434
-0.8658327
-1.9246598
2.4832609
-0.429038
-0.41308522
0.3939533
2.1456447
1.3686494
-2.32665
3.0870407
1.0008414
-1.6253918
1.3124862
-0.10291549
-0.81805634
0.38115036
0.97794324
1.0643632
0.9446286
-2.4629636
0.45672688
0.18642268
-1.7577373
-0.88808864
1.6107229
-0.29089382
0.21082667
-1.0309485
-0.16009179
2.637493
0.846689
1.3766739
2.271753
-0.3472772
-2.0081182
0.2655296
0.7587074
-4.511003
-0.86052597
-0.24607605
1.7938755
-0.0053973347
1.1181463
-3.7920601
-1.0287546
1.7124072
-0.9303664
-0.14483604
1.80338
-0.9081471
-0.41724828
-0.99885374
-1.7655206
-0.4267221
-1.571287
-0.068574324
3.1806762
0.28895527
-0.16609482
-2.2361398
4.38158
0.41119364
2.2572157
-1.3033581
-1.1884093
3.2887793
0.6173784
0.0041848235
1.7524183
1.9208593
1.4250053
2.8390472
0.2364896
2.5029433
-0.40349004
0.7283694
0.7651737
2.347764
0.23766452
1.5187631
-2.3090172
0.44362602
1.1698843
1.2033654
-2.3049965
-1.4673542
-3.0820038
-2.0887933
2.950701
-0.69101006
0.8915371
0.7795731
-0.26056167
-2.4934065
1.2827203
-1.9136715
4.6721725
-2.621263
-2.1484358
-0.30635938
-3.5163093
1.1176142
1.9466343
1.2816834
-2.869685
2.5515904
-1.1142123
-0.07500734
0.40112072
-1.1869835
-0.10404634
1.5019472
-0.43355048
2.406143
-2.038033
-1.6382967
-0.2637718
-0.42896926
1.4989041
-0.35602438
1.0045587
-0.9889424
0.94873214
-2.6214685
1.0115789
1.1147255
0.22921991
-0.059590057
2.6047802
-1.3727217
3.4031467
-1.331499
-1.3200938
-1.3262225
0.57336134
0.11746354
-0.9376765
-2.5191345
1.9005105
1.6673741
1.6421884
4.1418257
-0.5957418
2.40233
1.118865
-1.4012533
2.0652926
-0.78622663
0.0834503
-0.07721081
-4.621883
0.7502622
-2.1269913
-0.5971947
3.048913
1.3670266
2.1647902
0.2043702
-1.3571411
2.8816538
3.9818158
-1.5701036
0.55289644
1.6065489
0.41908845
-2.5819159
2.7605605
-0.9100077
-0.3436535
2.7186368
0.9065937
2.0513232
-1.0298929
-1.7455678
0.82825756
-1.922615
-0.17257282
4.6114883
-4.5997553
1.849478
-1.128827
0.75732744
-3.6529424
-3.1934206
0.43517342
0.5070131
-3.2170248
0.11907718
-3.940359
-0.5911203
2.0928588
-3.614305
3.2647538
-1.7607596
1.6615498
0.98066646
0.77989787
1.3063507
-1.8666763
1.6688112
-2.8242087
-5.6322727
-1.9955152
3.1469245
-0.27746585
3.4850307
-0.060445823
3.4588728
1.5687428
0.4924069
-2.8343554
2.9839332
-1.9704336
-3.0603588
0.38660085
-0.6662261
1.2157224
1.4684043
-1.2483162
-1.8436698
-0.5530856
-0.3257429
-0.8684094
-0.5893151
1.5149746
1.1686834
0.2765929
2.0655744
0.18093422
-1.1640958
-1.3995192
2.8772168
2.4155045
-0.48285922
1.7932687
1.3585341
-0.9082213
-0.4095116
1.9297175
-0.62781304
-1.802152
-1.8683373
-1.1153896
3.0275402
-4.8724384
-1.386465
2.2512562
-0.76331115
-0.27820468
-0.9533623
0.70445096
0.7937303
-0.8800404
-1.1299077
-1.2429659
2.0402622
-0.960812
2.5166981
0.6961447
5.2663803
-4.2097573
0.92787653
-0.32316512
-1.8873825
0.73188007
2.019022
0.31698453
-2.9942005
1.8733735
2.28515
-2.1620572
-0.07829144
-3.725267
-1.4261714
1.8253583
-1.984294
1.2106595
0.7957605
-1.8273438
2.3156657
2.067949
0.56132543
-1.4911848
2.441026
0.40337566
0.6861187
2.9553938
0.8959137
-3.3471997
-0.7119614
-0.32745028
-4.3221188
2.611664
-0.14270604
-5.403144
-0.1696116
-0.36790785
-2.936812
-3.6471953
-0.9828341
-1.8734179
-3.5210419
3.5145488
1.109772
-1.4410046
0.95609367
1.8285854
2.8537402
1.6302981
0.16790342
-2.382931
-1.3254051
-1.9068422
-0.17325759
-1.8464056
0.20882428
-0.6478405
0.5142384
0.96019983
1.4717133
2.5382574
0.1745412
1.4757279
1.8573992
-1.5856047
0.7467751
2.063103
-0.9162949
-1.524644
2.3192816
-1.5191021
3.3982532
4.686794
5.238528
-1.0144032
-2.2949314
-0.16472971
0.85936236
-1.7419323
-3.0372472
2.1881936
-1.1860125
4.194899
-0.3587623
-1.2053264
0.9950858
-0.8834319
1.3577505
1.2207414
-0.12020612
-1.3238387
-0.38317657
0.8017529
2.147252
-1.2169741
-2.0898693
-1.8501021
-2.2187123
-1.8759817
0.522719
3.7114835
-1.506921
1.0137907
0.1180374
-2.5600057
0.8528712
-1.1716689
-0.8069007
1.9855921
0.8366748
-0.7084846
-0.45163375
2.4130647
-1.326254
1.2440175
-0.8832579
0.40375203
1.8072995
0.4808439
0.44114104
1.5903283
3.2719543
2.4057264
-3.2564607
0.31564337
-1.8885477
2.248578
-4.473373
-1.6409074
-2.1229842
-1.2318033
1.2043953
1.1319686
-1.9864641
-2.3328483
0.31515226
3.8382165
-1.3596772
1.3614789
-1.0434154
0.7620812
1.4412029
0.506875
-2.5989141
1.7352947
-2.9659152
-0.56268436
-1.148722
-3.5057995
1.5744435
2.6420448
-0.45085144
0.86471254
1.6886731
0.45051816
2.7699938
-1.3971026
-0.023947656
1.2177788
-1.3292193
-0.23101887
-1.9882745
-4.7385187
-2.9192126
4.7633095
3.0117588
-3.32668
-1.4322987
0.35772258
-0.35494864
-2.8496382
1.141627
-2.630468
-3.25807
2.7428591
-2.0906093
-2.2303925
0.42265755
5.0579743
-0.82235014
-1.2186391
0.71755666
0.2763092
0.12959854
0.3322174
2.4097166
1.5363364
-2.898291
0.12577099
-3.0497706
2.57032
0.7929048
0.6433179
0.79448944
2.1362832
-0.65200496
-4.2618375
-0.7036135
1.709614
0.39529502
-0.76070565
0.7578002
1.1798111
0.12723723
0.09340122
-4.075375
1.3015397
-1.8932527
0.6611941
0.29693592
3.2475328
-1.0652131
1.9304267
-1.8900325
0.6783089
-0.9127127
1.7459271
-1.0753247
-1.1946958
3.569794
-0.49821466
-0.23345767
-2.215088
-2.8859468
1.6087915
-0.9192925
-0.14022803
1.2809626
1.7736173
1.7225956
-0.44981545
1.6818609
0.6248946
-0.27457604
1.0260663
2.1656888
-0.6689952
2.8167696
-0.22389823
-0.7053178
-3.0691657
-1.7247498
-0.5380803
-1.1166207
-0.6343806
-3.6127367
-0.695139
-0.30036446
2.6570141
1.2199148
-5.3872986
-0.1832377
0.5890951
-2.1583977
-1.3147138
-1.9362154
0.77513266
2.2769203
0.365236
-0.008029446
1.9188936
0.21190798
-0.84638506
-0.8772088
-2.2901108
-0.73398495
1.9398098
-1.2915807
-0.9333678
-2.596283
0.5481753
0.4335622
-1.9561459
-2.3516586
2.2814858
-3.2555854
-1.8405428
1.880019
-1.5892631
-3.561379
-1.91387
0.83273226
-2.2822773
0.7761772
-0.591449
-1.8319417
1.3480293
2.2113402
0.5885864
-2.3147497
0.5096167
-3.581342
2.610369
-0.20185965
-0.41395476
-2.2334838
2.1748545
0.6907321
2.0138693
-3.3035421
1.8211119
-3.0149207
-3.5722756
2.4338367
2.1675124
0.20965797
0.15279186
-2.748057
-0.8714163
-0.45734656
-2.6781452
-0.79552805
1.8217486
-0.024636477
-2.2060852
-0.3249294
0.14187649
3.1228142
1.4246382
-2.3624134
2.3734133
0.24956912
-1.7024523
0.43632725
2.5761218
-0.66333055
-0.7732894
0.68277293
-1.4157349
4.203237
-0.00040840358
1.2743464
-1.6082987
-1.7037624
-3.3085353
2.0350895
0.2979052
-4.6080046
-2.0137362
-0.94223094
-0.9230581
-1.7912309
2.7902322
-3.6132631
-0.48893118
-2.5957913
0.29320425
0.5815821
3.633823
1.0171332
1.3910657
0.95623165
5.1894956
-1.364188
-0.8541899
0.114795625
4.467406
2.8184855
-1.9429944
0.25238594
5.2794423
-1.196804
0.70392597
1.4778613
0.552226
1.7449523
-0.16149512
-0.66548747
-0.25829536
0.71369225
-0.028480425
4.8645973
2.7163656
-1.327627
0.677347
-2.2597578
-3.8701715
3.1296742
-0.10404803
-1.1455659
0.2192184
-0.11433578
1.2653987
1.4224383
0.58311933
1.3523884
1.5685067
0.990418
2.4420183
0.6671718
-0.7230307
1.7457788
-0.76414603
1.7017639
3.7750888
-3.086362
1.1335882
-1.7178168
0.3707104
-1.5733258
-1.2604138
0.5602745
-2.7002869
0.4514428
-0.38334513
-0.09396754
-2.0049412
1.0822996
0.93576103
-2.2047765
2.546894
0.7355753
2.175509
-3.2098334
0.96435046
0.19835818
2.5727763
1.1366628
-3.8416026
0.62264764
5.2667313
0.8145649
1.1550863
-3.085853
-0.81250066
-2.2403853
1.8382667
0.34732783
0.59579515
2.5619352
2.133679
1.9469796
-1.2509176
1.5314412
3.3954153
-1.9625659
-1.9898212
0.26490486
4.8558044
0.57183206
-2.3574219
-0.7168324
-1.8177007
-1.3756772
0.75143427
0.14978512
-1.8018879
-1.1402911
-1.0489104
-0.6840197
-0.34955585
1.7062896
-2.7618122
-2.372418
-4.2146187
1.4824371
3.25965
2.5696533
2.4101944
1.0336175
2.3925972
-0.93799454
-0.035513077
-1.2517297
-1.017892
-0.024934463
-0.6301757
2.5927377
0.7790893
1.6650658
-1.6185943
0.32854474
-0.64062387
-1.7117225
-1.5368601
-1.2219785
-1.4645464
0.39746305
0.1163295
-0.84094906
-2.013958
-0.33372024
0.8163672
1.9746684
1.5823985
-2.2538028
-0.17174959
-1.7832012
-0.2647433
-2.188119
4.072913
-1.3841853
-1.4386151
4.8858337
5.248103
-0.64952236
-1.8895744
2.0719557
-0.5505139
3.2923803
-3.0003505
0.8053707
2.009647
0.7821544
-0.32064122
-0.37642717
0.49956354
-0.3104719
-0.92984074
-4.216849
-4.6439805
-0.9114618
-3.964628
-0.9540515
0.047046
-0.42225394
-2.0373082
-1.7915418
-0.72337043
2.4611442
1.220895
0.21884131
1.985237
0.616449
-2.3573697
0.29444295
0.2712524
-2.3448024
-1.7777264
-1.8304938
-2.5677688
0.9955294
1.3165675
-0.13427542
-0.8435601
-0.36882207
1.2029306
-3.541885
-1.2754623
1.2334428
2.382645
-0.3631422
1.9369398
0.7531075
-0.9574788
-0.8794779
-0.75239044
0.7420506
-0.83471113
-1.2262859
-2.5540285
-1.8559371
1.0790414
-3.804207
0.22325438
-4.258416
0.6638499
0.28329897
4.0342407
-2.4081726
-2.7829907
0.7468726
-4.271264
-0.28958338
-0.9979679
-4.8088202
-0.80379
0.691896
1.754408
0.49142167
-0.74141824
-1.7105185
-1.5589846
1.6405481
0.016292974
0.8563516
3.5756824
-0.16568622
-0.023323953
-2.9885716
1.4834383
-0.4905415
0.04705984
0.2058971
-6.251663
0.5961945
0.25150785
0.85920936
-0.8479241
0.80827147
-2.8881426
-0.45400327
-0.9228489
0.99261355
2.8130908
0.39227927
-0.32810694
0.48068294
-0.7651361
1.4985677
-1.0830839
2.10957
2.1177902
0.7607405
-0.87864524
3.4657526
-1.6915175
-1.7667104
0.11507252
-3.039805
1.9119508
-1.5869025
1.6007504
-0.74589074
0.47654876
0.017636962
-2.7073002
0.30235153
-0.8440068
0.89996415
1.0787272
-0.23803146
1.2307593
1.8220575
0.31960246
2.2412736
-0.22846869
-1.4391782
1.8449262
2.0387256
0.28868645
-0.72866493
-4.1502733
-1.7294569
-0.57919854
-0.80952823
0.92383474
1.6619534
3.3093975
-0.3921026
0.7615049
1.0623149
-2.7821379
-3.060041
1.3902404
1.1572903
-3.1810954
-0.045602627
-0.71428245
-3.366393
-1.2527245
0.20407623
0.8204683
-1.5616801
-2.1767938
0.4133472
-4.822366
1.6637679
-1.352497
-2.2149951
1.0601596
0.3398375
4.5871773
0.18009701
-1.3844186
-3.090174
-2.4522603
-2.9741507
-4.3846264
-3.1397886
3.472432
-2.4422183
-4.582638
1.6574833
1.7555133
-0.75552195
-2.4984856
2.3750541
-0.4275095
2.545579
-1.7628077
-1.9436977
0.74066645
0.9110841
-1.5487353
-2.386555
2.2250862
0.34947145
-2.6759202
1.941259
-1.5581653
-1.035314
-0.50871843
2.743413
1.2779549
0.10453237
-2.7906272
-0.4680374
3.18505
0.9216741
-0.8068727
-0.3010335
2.7988648
0.69519585
-3.5198076
0.79952574
-1.2909598
1.3649405
-1.5476484
0.79269445
-3.40298
0.45961756
-0.66790116
-1.2018423
-1.7544764
-1.1365137
-0.049067862
-2.007204
2.2570386
0.3782072
-0.2255001
-1.0936947
-0.30850083
-1.1650032
3.7683423
2.3806565
-0.9219333
-2.7853212
1.7618841
2.8604398
1.290163
-1.8680756
2.3957548
1.1293288
-1.5184307
2.1120784
-1.5417751
-0.99806726
-1.5386415
0.09764201
3.0590768
-3.4581964
0.23587129
3.3164883
-0.09863319
-1.0797614
1.0145001
-2.993165
2.8491442
-0.8054757
-1.9640387
-1.7229767
-1.9900521
-1.9056162
3.395219
-1.7492207
-0.6807815
0.99764305
2.7780557
0.87193763
0.21745639
1.2125299
-0.5729687
1.0526216
2.0030324
0.23704018
0.63801485
3.0086238
-1.2503967
-1.7596582
0.15241969
2.381135
0.098147534
-2.9185674
-0.5274512
0.5632178
1.4048735
-4.4896784
1.7983887
-0.010559671
-0.25490388
0.89046013
0.18011753
0.91061544
-1.4568261
-0.051169284
-0.4917203
-0.8148347
-0.8644256
1.7912986
-0.753306
2.0227969
0.01794102
-2.4291773
2.636585
0.542137
1.4648019
2.2729871
0.19263701
-0.76282203
-0.27761453
-0.8239052
0.20573312
2.7750564
-1.4214078
0.7147438
-1.0322107
1.2198979
-0.69466054
-1.1504389
-1.0125374
-2.3044863
-0.63497955
2.7945623
1.9159644
-1.9981943
0.9607238
0.27259892
-1.165191
-3.5873475
0.21038604
0.9625313
1.8083748
-2.5652087
-2.1872814
2.4047933
-0.4664916
-0.28343716
1.3579358
-2.3635051
-0.09072443
0.68204284
0.06776476
0.70708
1.0264363
0.8355303
-3.6073332
-0.7244223
-1.1119187
0.34316403
2.4069283
0.9575542
0.4045131
-1.3302206
0.46536058
-0.60493314
2.227492
3.6968112
-1.2107939
-0.87479657
0.34877855
-1.3036491
0.7447762
3.9431129
-1.7245142
-2.1337392
-2.3419325
1.2283782
0.6808076
-3.1660888
-1.7602493
-1.2948849
0.31461662
4.088442
-2.8196106
-0.6078988
-1.6499981
-2.0120978
2.3911097
0.51635003
3.0773203
-2.0789824
-1.9146736
0.7352407
0.9870821
1.3216202
-0.7598674
-3.7979515
-0.41881567
0.32791546
-2.4494953
2.4731083
2.157732
0.7216821
1.7173399
2.8619728
0.11906033
1.3643247
1.7027012
-0.5261099
-1.597834
-1.1120619
-0.37064493
0.1337749
2.172829
-0.17757228
0.88187784
-3.8100805
-2.0698504
-0.56177276
-2.8122213
-0.5660052
-0.73470175
5.0761304
2.895816
0.4258335
1.5296934
-2.905493
-0.89495534
0.48836342
2.9312773
-1.0455747
-1.1937903
1.2725295
-1.1969057
1.0066355
1.1979836
-2.3586247
1.2655545
-5.0595174
2.8353107
-1.2341112
-2.61759
-1.367713
0.65934163
0.9640019
0.2244279
1.3642243
0.037229538
1.3643825
1.4962672
1.1043102
-0.25057018
-2.6334746
0.3527123
-2.17744
3.7145252
-0.16193879
-1.1063123
-0.5421652
-0.87259215
-1.456517
-3.0406852
1.7177019
-1.8229674
3.7305634
-2.2576742
-0.4092335
0.81712425
1.09195
-2.5358377
3.377053
-1.8701959
-2.7822711
-1.335446
-0.36041537
0.93698066
-0.75328034
-1.3479136
1.0097343
0.3412546
-3.1158898
-0.11614037
-2.7791235
1.3151742
-1.2487515
-2.6255984
0.98882157
-0.16589653
4.482042
-1.7777337
-0.48733106
0.32533288
-1.1548448
-0.4773143
0.629139
-4.4048753
-0.60425127
-3.4484096
-0.834071
-1.178838
2.0452838
-1.3796389
-2.6386147
-1.9325336
1.4138423
1.9845216
-2.6614182
-3.2120984
-0.6907504
2.6516144
1.6458389
0.3233221
-0.031057369
0.1286824
1.2642365
-0.6541189
-2.0230896
-0.16390848
1.6547478
-1.6258135
0.21049777
2.2842438
1.0344058
-0.13867837
1.3352138
-0.8030115
0.6241054
1.1878572
-2.9459
-4.721195
-1.7591287
1.8614271
-1.5423138
0.17622519
-0.8630211
-1.8895115
-1.9173888
5.0574865
0.9251976
-1.2840979
2.3003025
1.887981
1.5866098
2.9920893
-0.06845729
-2.3622458
0.54040766
-1.8326535
2.6106718
1.6693331
4.4185534
-3.4627433
0.09851226
0.29551193
-1.2105578
-1.2905115
1.3031951
-1.0703226
-1.7801676
2.0688431
0.47811225
0.6354631
-0.33430934
-1.4360912
-1.0803983
-1.9772487
-2.236532
-0.64987904
-2.2082794
1.2779108
-1.1356623
2.6177492
-2.176151
2.741442
-0.9487547
0.041605715
0.33713406
0.63707656
-0.1797247
-1.1135966
0.7387542
-0.11146888
0.40041316
0.6816091
0.72881496
0.7375166
-2.6546104
-2.503493
2.2102873
-0.591544
0.11884544
-2.3036437
-0.18042871
-4.044633
-1.6835523
-0.81073046
-1.6252737
-0.2664791
-2.0390172
0.5136281
-1.4937248
-1.3819945
0.5595877
4.445151
1.2739375
-0.32996684
-1.3361424
1.8048424
0.8051499
2.475432
2.7241004
-0.9899135
-0.3775291
-0.50158775
-1.5421988
-2.2492561
1.4306788
1.5521607
-0.16070464
0.25915807
-1.7695669
-0.93728006
1.5344564
-2.6332688
2.0265439
1.5605521
2.4728992
1.4774759
-4.5010877
1.2865812
0.51389545
0.234436
1.9016656
-2.6473832
-1.6736728
-2.0014474
0.77628636
-0.34850648
-0.39770544
-1.5207814
1.5685619
1.9564849
3.3566668
0.14372534
-0.23672935
3.2839913
0.13983008
-2.1995897
2.5836573
4.9504266
-2.5590098
1.1189418
4.57133
0.3350162
2.8115757
0.041900225
-1.0644816
-0.59362805
-4.5790887
3.2838154
-1.776289
-1.0110854
-0.50929403
-0.9311693
-0.30790845
-0.8872711
0.17359732
-2.2540634
1.2208333
2.5159059
2.0650363
-2.2320397
0.29586577
-1.0352471
-0.43360832
1.0002763
2.0729449
0.3081026
0.5449375
0.5341453
1.4064099
-2.7365727
2.698829
-1.8608171
-2.0269654
2.0514014
-2.7563713
0.02292617
-0.92688614
-2.6786065
-0.18118498
0.3799431
-1.531602
0.8996189
1.7122004
-2.2208078
1.3744184
1.1448431
-0.16806883
2.402439
0.85357213
-0.6134334
-1.3368235
-2.0432894
3.324991
3.075581
1.5706987
-1.025605
0.16498256
-1.7328626
-2.5964904
0.7016842
-1.3470224
1.1586219
0.034475677
0.335894
2.7388635
0.8759656
-1.501224
-2.3315165
1.2727468
2.518549
2.4142785
1.5522113
1.7210957
-1.2479614
-2.7533267
1.2372563
1.2027843
6.126089
-1.3749042
0.14830284
0.2996874
0.46796325
1.0128813
1.6370728
2.1675613
-2.373469
-0.17407688
-2.5182464
-0.26560727
-1.727639
4.720224
-1.2541606
-1.0332432
2.3731198
-1.7581912
-2.3290844
-0.79525846
-0.73003596
-1.9750121
-0.56867903
-2.0383322
3.0440474
-0.8696752
-0.25150588
-0.4239624
-0.6472999
-0.025021985
-0.2681846
-1.8336694
2.0648196
-0.8092471
0.7082543
-0.8509918
-1.6245548
-1.2520312
-1.6075612
-2.072121
-3.0804448
-0.16382882
1.5704877
2.1740034
1.9583106
1.7528876
-1.240359
1.068453
1.1488858
-1.5007442
0.07180566
3.860302
0.7252912
-3.0600514
-1.497422
-1.5604062
-0.29158717
-2.7216728
1.0754598
3.875207
0.6106759
-1.4303317
-0.2750136
-1.2340034
0.7423905
-1.0686388
-1.2524687
0.35278046
-0.9342344
0.09089561
-2.8799393
1.2236125
3.073818
0.8941217
-1.2788955
-1.7214302
1.7165377
1.1553338
1.3751893
-0.20562679
-3.230515
-3.9453447
-1.6412144
0.87751794
2.2968366
-5.566591
-1.9103719
2.3644521
2.441767
3.4572968
1.675637
1.8103955
-1.7650527
2.9619153
2.6230114
1.0737553
-3.1208944
-1.1054285
1.9931394
-1.6931201
1.7635869
-1.2713822
-2.5150397
-3.0968976
0.59914726
-1.8230948
-0.72583693
-1.84049
1.4290861
1.7570632
2.869506
-1.1469027
2.9219272
-0.1847898
0.72914875
0.036379695
2.3706236
2.1847382
-3.1472507
-0.5274838
-1.4856402
3.9757886
5.3193445
0.5879568
0.5556151
-3.5932574
-1.8065773
-0.145361
-0.5824806
0.9928264
0.2370615
0.520164
0.49512577
0.55412316
2.0898306
0.8329644
0.59444267
-0.16449842
1.5573385
-0.7586523
-2.3080108
-2.1893811
-1.5043516
0.95401317
0.080578424
1.6033107
0.84564537
-1.5939419
0.18890989
0.1020552
0.17740722
-0.8285718
1.4258481
-2.0193868
1.9147928
-0.36857277
2.5197053
0.95696753
0.74591666
1.7247127
-1.4521239
0.78736955
-0.6305942
5.4131327
-0.99561214
1.2039464
1.3107765
-2.2663713
-2.628001
-1.1393993
-2.0692885
-0.01392689
2.174531
-1.3623712
-0.88323253
4.8515215
0.36833587
0.14069833
4.0203767
0.5374483
-0.7237098
0.03918489
-0.83180875
-0.32721835
-0.12391948
-0.23836663
1.1928241
-2.2821028
-1.7879907
0.04839252
1.6248856
0.42241305
-0.013340555
1.4516742
-3.5815883
1.5716791
1.7261356
4.5829406
2.5211651
-2.477364
-0.0079686865
-2.5521393
1.2998897
3.1177433
-1.7827052
-1.7289182
-1.200774
-0.71982604
1.7488539
0.7544325
0.4151435
0.16068529
-0.4489488
-0.8469881
2.9629087
-3.016428
0.45358968
-0.6636569
3.0201042
-1.1641103
-1.9332296
1.8419014
-2.132002
-0.8660332
-0.5029023
3.4413917
1.2355512
2.4387074
-2.0662389
0.4837023
-1.6167375
-2.3846211
-2.147099
-0.99364674
0.47168732
0.7013073
1.2718632
-1.4016091
-2.7287607
3.0828462
-3.7460444
-0.016036257
-2.2068985
-1.7880019
1.922682
-1.6584003
4.7097816
-3.8047316
1.2634897
-0.75014263
0.21794736
1.2457392
3.141193
4.447622
-0.39849228
3.3109825
-2.7046175
-1.2522808
1.7800163
0.64711034
1.2280105
-4.209685
-2.1054773
1.9141794
0.21609895
0.19802803
0.88106596
2.818018
-0.2748687
0.28889447
-0.55407226
0.3069754
0.011642307
-1.0638707
2.5134957
0.97102565
4.9185133
0.39819506
-3.3484588
4.050516
-3.6012263
-0.39110485
-0.25950283
-0.08742868
1.7390692
2.3295152
3.5804927
1.2929962
1.1582204
-0.057492003
6.0659738
-0.6722428
1.9160849
-0.15634605
0.539511
0.83231395
-1.1306802
-2.1041183
-0.9870692
-0.63254076
-1.5229747
1.1422645
-1.0772538
0.49597198
-0.1808801
0.64213246
1.8034877
-3.3894014
-2.286269
1.537291
1.0361786
-0.5920722
0.252777
2.9900625
-1.7786922
-1.3561488
0.7671757
0.63786757
-1.0171909
2.6259077
-0.8654345
-1.6041278
-1.003531
0.35722548
-3.8448753
-1.9680144
2.1746151
2.6355166
-1.1805748
3.7546806
1.0164297
1.7171307
-1.7827302
-3.3319793
0.8471929
-3.1950428
-1.6574265
-0.45246738
0.2297796
0.08420487
-0.80337924
-4.1308904
-3.4672012
-2.0596352
-2.6652606
-0.94151247
-3.894835
2.3227198
-1.5577794
-3.1913142
3.8892193
2.1267667
1.0529613
1.6157483
1.4105195
-3.1573331
1.889627
1.932187
2.3638697
-1.0124573
2.3393514
0.82018703
-1.7508397
-1.9787918
2.05054
0.8163452
-1.4432876
0.075904
0.45707652
0.7819217
2.2481503
-1.8845842
-1.2657912
-1.0332731
0.43477353
-2.995053
-0.8957336
-2.8446333
-0.3829749
-3.449686
-1.3115003
-1.1867814
-0.4031172
-0.30374238
2.38167
-1.2270765
1.4006491
1.7405928
1.7497748
2.135968
4.794291
0.8305635
2.5908515
1.5646319
1.570921
1.1587348
-0.9869168
-1.502534
-0.9843066
-0.36367622
0.33989522
1.4638002
-1.5491462
2.2444446
2.0885344
1.1496388
0.5665153
-0.59169185
-1.4405077
-3.1138763
1.5648127
-3.625507
4.1203513
-1.4436156
0.9493098
2.1248567
0.3524377
-0.48930985
-2.7954254
3.3279147
5.164835
0.3008893
-1.7391592
-1.1813799
-1.1421632
0.3414501
-1.7179322
0.40882963
0.81132525
0.54235464
0.9037953
-1.1216208
0.70805603
0.65121907
0.21537125
3.5924246
-1.577485
3.281861
-0.8766555
0.81106776
0.8145025
-1.4797637
-1.5812349
0.22562857
1.3355553
1.4727876
1.2542752
0.05978296
1.4196328
-3.1022842
-0.22978705
-3.1652126
0.433832
-1.4171064
0.27446148
-0.58341384
0.89305025
-4.602797
3.8234541
1.1133628
0.6423337
-0.96473193
0.22496547
1.0757737
-1.1536299
-2.8911426
-1.3206385
-2.310258
-2.7652936
-0.387792
-0.72914195
-0.9532801
-1.526574
0.31386614
-3.1754313
-0.25719425
3.1973262
0.734213
1.0787867
0.6388109
-4.0720735
0.19641113
1.6659852
3.2651916
-1.359517
0.2638124
0.18684849
1.0251505
-0.5510368
1.9956063
2.7664864
1.4157655
-0.43341565
0.9095798
1.0911071
1.1646912
3.0997696
-0.1690428
-1.2541664
1.582777
0.7287697
1.1506428
2.6401365
-0.20170283
0.057235032
-2.9342568
3.3707972
1.9043705
0.10455539
1.6843964
0.34776753
4.006751
-1.3161465
-0.992651
-1.9015851
-3.0669334
-0.059817478
-1.0930389
-1.3257693
2.889984
-2.647244
0.20869568
2.7105043
1.2849346
1.1868087
2.4935844
0.6910952
-2.0494037
3.674018
-2.4487023
0.35372967
1.0440978
-2.9345906
-0.88936317
-1.3369452
-1.626663
2.2952623
0.6849625
-0.42077637
-1.6466665
1.2542053
-2.2485962
-2.7093077
-1.0651742
-4.38503
-0.8348556
-0.11675247
-0.8042256
-0.24417254
-1.3351625
0.23529899
0.38513392
-0.8932909
0.53316426
3.7004166
-1.7366209
0.23268569
-1.1465809
-0.49966237
-1.4250844
1.6228492
-0.7434124
0.6507651
1.5358437
0.88592154
1.9155385
2.200182
-3.7117472
-1.5102108
-3.196789
1.9678228
1.570673
1.765218
-0.8359073
-0.9040753
-1.9811156
-0.8755627
0.8037223
-1.7894665
1.2752339
-4.662095
-2.8695958
-0.6779843
-2.7035682
-0.75620455
1.2374929
-2.983688
0.95596665
-1.2925639
-2.127943
3.135551
2.9295044
-1.4425871
-2.6629672
-2.7941213
-2.2408898
1.3585246
0.03626121
2.9469817
-1.7009466
1.6004483
1.8033435
0.6849799
0.41469878
-1.3518444
0.7039148
-0.7792314
-4.761385
-0.42236638
-2.5817013
-1.2336705
2.702903
2.7794845
-1.3261831
-1.068369
-0.41077456
0.9198925
-1.1835808
-0.52729917
-2.1724083
-4.45483
-0.78860694
-1.3115252
0.27055347
-5.317009
-2.6578848
-0.90811217
-3.8124487
2.2789204
2.7989314
1.205944
0.65541047
-0.30327398
1.0974158
2.1423376
-1.8367118
-4.2133846
2.2897768
2.0937266
-0.10450194
2.3295975
-0.7293261
0.78727835
-0.5602341
-3.5493681
0.62410593
2.2243414
-1.1165339
0.788866
0.7009817
-0.118379325
-1.9410508
4.0165267
2.989661
-2.3579519
-0.4950038
-0.96963894
-3.2320197
-0.5838838
-1.3510638
1.4767548
0.8391408
-1.3603637
1.8826683
-0.23297396
1.908221
2.1319392
0.9234464
-3.8477685
2.2802315
-1.7959925
2.919779
-1.6681799
-2.054788
-0.18002492
0.0318205
-1.880871
-0.20420474
3.7051103
-2.911439
-2.8346853
-1.295046
0.94706094
1.4710342
2.8467207
-1.9970877
-0.2436989
0.21658696
-0.91765213
1.3243412
-0.48772913
1.0516177
-1.0779865
-1.1558374
-2.3884563
1.2668687
-2.0154133
-2.848926
1.5192897
-3.4560337
-1.5351601
-1.5480169
0.9789549
2.15039
1.2187616
1.5003712
0.19426894
-2.4607453
1.3293532
1.9181854
0.36355743
-0.39221954
1.7635051
-3.3932834
0.21644425
1.258691
-0.24652469
4.3853297
1.5816346
-0.9342207
-4.4441633
-0.43216693
2.8968067
-2.8328273
-1.4646728
-0.037599117
-1.9173601
-0.58400846
-1.141683
1.2741023
3.4177103
-1.4330933
-0.9653769
1.0680363
0.17068616
1.5860293
-1.8326285
0.9637843
-2.4815776
0.7667528
0.014064889
-0.74620944
1.0203793
-0.49057084
-0.26541206
-2.7839985
-1.201888
-2.0934303
-1.1525466
-0.24087518
-0.45602387
-1.1971394
0.17462298
2.2440886
-0.91291475
-0.629645
0.9510829
-3.3116624
1.063186
1.461526
-0.2645101
-1.0324686
-2.0941849
2.017866
-0.5381209
0.4747895
-1.2452601
2.655154
4.457015
1.3336952
1.3731415
1.782423
3.2798953
2.5058284
-1.7689835
2.2179272
-0.24730861
-2.6415505
-4.3841147
0.84230065
-0.13683774
-1.6344006
3.0638938
-2.730088
0.2963023
2.7780294
-1.3573453
-0.15801242
-2.9770858
0.057928413
2.49654
0.5666574
-0.5059135
-1.8365796
1.150282
-0.463303
1.1719377
1.9614853
2.2991645
-0.3142382
-3.8059509
-2.9798856
0.20731148
-1.4517367
-1.1179386
0.5496076
-0.3171951
3.8738227
0.43700162
2.6826518
-4.242715
-0.14028391
0.17519525
-2.4083607
0.52552533
0.70462507
0.21457061
1.692114
-0.9672513
0.9073135
-1.138515
0.66703355
0.29240963
-1.583513
-0.97755045
-2.1509836
0.42531833
0.03668776
-0.030632574
-0.48794085
-0.29653597
2.7500486
-0.9851908
-1.3043158
4.524093
-4.7615914
-3.0199065
-2.4390757
-0.16906242
-1.2728174
-0.8218925
1.8452746
2.3633769
-1.0574832
-1.104245
-0.62636036
0.33828303
1.9349457
-1.0179904
-0.40798897
1.0776284
0.9245566
0.72755015
0.27599737
0.6697547
-2.1513803
-0.16888851
-0.6401089
1.8945383
-1.5033133
1.279057
1.2068758
1.298041
2.3562214
-0.83781224
-0.2670978
-0.47198343
-1.7763125
-0.3296604
-0.339351
-0.75954014
-2.8836317
0.50603515
1.368287
3.1532598
0.29311886
-2.3062098
0.5933819
-0.060431324
-0.1233988
-0.825461
0.9966795
-0.6439134
-1.94352
1.9927399
1.0779577
-1.4797899
-0.1850655
1.5670875
-1.5279251
-2.0929978
-0.72903115
1.7465402
-0.36005297
1.6477511
-2.0527847
-1.262115
-1.7760967
-0.26088762
0.4891009
2.4246252
2.7068205
0.13490063
-1.2340275
0.7023981
0.89447504
-3.105552
-0.74517614
2.144568
1.1731501
-1.0509605
-0.6616535
2.5255663
0.981784
0.02220643
-2.0766635
1.6776477
2.927128
-0.2895836
-0.480406
-1.010386
-0.24358323
3.8221262
-0.7974982
2.0549445
-3.568635
-1.7481658
-2.0676787
0.8172846
-2.193249
0.34137043
-0.8446476
-1.0551963
1.0577091
0.17096005
-2.4534976
0.09020787
-1.2247047
-0.88400877
2.9647105
2.4490447
2.0201378
0.2740299
-2.75897
-1.4167846
-0.31373006
-0.4130077
0.16487487
-0.693364
-0.7123359
0.66242075
0.33265972
-0.14022365
0.98509866
1.6167598
2.2631521
0.6472668
-0.19755667
-1.5879743
0.08550437
-1.2470638
0.04810051
1.7690569
2.7795222
-0.079549156
1.47842
-1.0266476
-3.0826125
-0.4327535
-1.6595378
4.425287
-0.69331014
0.44908112
2.5046382
1.4763325
0.72393656
1.3612509
0.016809203
-0.5667603
-1.7732762
2.0745108
3.1352222
0.18152733
1.9927466
-3.2780464
0.11776327
2.1621966
-0.60155964
3.769246
1.9131157
-3.054799
-0.37380213
0.10994629
1.9648695
3.7401223
1.6030321
0.13746923
2.0819824
-1.3160771
-1.8231114
0.9028295
1.521337
1.0362952
-3.8172498
0.58369094
-0.7048611
-2.4012508
1.1360985
0.021079518
2.4939878
0.39718413
-4.2298656
-2.4344645
0.8970272
1.3971174
2.3922198
1.9934647
1.5833032
1.869697
-0.36891162
0.3734318
-2.0098186
4.0530953
0.030004315
0.3769553
0.25538385
-3.2028346
1.9552088
-0.90720224
-1.84397
-1.0222591
-3.1837604
2.695814
2.2191954
-0.43575388
0.7444895
2.8216918
-1.1942862
3.8399081
-3.2879634
-1.53634
-1.7051849
-0.9770562
-0.69445014
1.6625841
3.5595279
-0.19519597
3.6537082
0.13044357
0.74017483
-0.33706555
-0.78609747
-1.1199311
-0.713568
1.0613592
0.59161294
1.6686132
-3.5642965
1.7600371
3.3138576
-0.5699832
-4.018836
0.6640968
-0.82793987
1.1037707
-1.4790261
-3.098365
0.31258178
0.41543862
-1.5855907
-0.68942684
0.5492595
1.4911543
-0.15586898
2.2689688
0.504004
-0.047244698
0.5061674
-2.186431
1.8112867
1.1924354
1.2562748
-1.4532267
-0.79594386
4.1650043