Ceasa
0
-0.7106077
-2.5643716
-0.29924083
-1.7374403
-2.6298492
-0.16233516
2.5880113
4.110492
0.89410996
0.9269096
-0.6670368
-1.2089982
-1.6645707
-0.9321361
-1.4012853
1.5653267
2.245149
1.8178668
-0.24900648
-0.6529629
1.255082
-0.8874993
-0.15623814
1.4928018
-0.7737821
1.6115524
-0.25829947
0.6874798
1.0348421
-0.54831594
-1.3304213
1.8005408
1.9110259
1.4717933
4.0003924
-2.3231213
2.1157744
0.43593743
-0.6577934
-1.8555582
-3.398124
-1.225146
-0.03018184
2.807882
-2.5386548
-0.32462704
0.2805041
0.11453447
0.56426346
-0.4289507
0.9386706
-1.0955154
-3.4756417
0.24067336
0.8346768
-0.77450424
1.5284506
-1.6521717
-0.17039949
0.4179898
2.1839426
-3.5751169
0.9660951
1.9700584
-1.6671655
1.8048707
-3.1961966
1.8016921
-2.3211317
-1.80988
0.76255673
-1.3432969
-1.34829
1.1278641
-5.161177
0.20582145
0.58834136
1.0623572
-0.5764661
4.817171
-0.72517663
-3.420392
1.5188211
0.8270829
-1.7531428
-0.41659784
1.5490905
-3.5665576
1.1038527
-0.22309321
-0.55807394
1.4055371
-0.96124274
-1.0877929
-0.05023185
-2.1688137
-3.6966686
3.1369917
-3.2353208
-0.92985284
2.3120685
1.1360432
-1.7386303
-0.24140303
-0.53461313
0.10522379
-0.67411697
1.3730712
0.6165245
2.2298427
2.6113238
-0.89143777
-1.0163562
0.24986127
-3.70245
-0.71999294
-0.46445352
4.3718266
2.9532375
2.4038916
0.57618946
-0.04756906
1.9698596
0.13001037
-0.9893893
0.48286247
1.1879541
4.0486226
-0.36358064
-0.71152276
-0.52046686
-0.06268358
1.1686766
-2.0108562
2.2670476
-0.36969715
-2.2181747
-0.25813827
-0.2526938
-1.3081377
0.29544783
3.201836
1.0606489
-0.75813663
-0.41408998
0.7790143
-0.31078693
1.4481828
-3.471829
-2.2069967
-3.9849277
-2.5946527
-0.31621373
0.103636004
-2.3058944
1.0113864
1.0233148
2.0445733
5.0797157
-1.635223
-0.06683084
0.15866573
-2.194813
0.1891444
-2.4631
2.0363603
-0.9350361
-0.49024785
-1.0286915
-0.5331754
-3.1877325
2.627556
-1.0236896
-2.3700683
1.9126389
-2.8688745
0.21494192
1.1681632
-0.9520721
1.1627005
0.8923642
-0.0062384717
2.291944
-2.451129
-0.32821867
0.008672476
2.4694018
-5.9197354
1.8350663
-2.017085
-3.1081626
0.777798
-1.6284007
4.1090946
-0.39096048
-0.17621443
-0.027569443
-2.207813
0.3448947
0.70151985
0.2768126
0.46708718
2.8249755
-1.9958187
1.4390028
0.25249007
-2.4549208
-2.9900913
-1.7664661
2.33295
-2.9372225
-2.0285764
-0.76534635
1.2574657
-3.6434648
1.253321
-0.75203526
-0.2509613
-1.3224974
0.011286914
-3.8950286
-1.9901521
-1.2257916
2.8211792
2.642348
0.31432492
3.3283467
-0.48941612
2.1791894
-2.2452812
0.29008195
3.3986182
1.6085056
-2.6145797
2.5441687
3.0865703
1.6406411
-0.47661832
0.64927024
-0.787711
-2.8523
1.1848906
-3.3661075
1.999184
-2.3793716
3.6844327
4.0287414
1.9651855
1.814805
1.6078976
-0.3433719
-0.9623859
-0.51211137
-0.33391127
2.5252082
0.50391734
-2.8041742
2.0622165
0.061599195
-4.1009793
-1.4863851
2.7859187
1.5392965
0.9663764
1.5807987
-1.4987783
-0.029552564
-1.3271409
0.028071031
3.261488
-0.052699827
-1.8553355
3.9996448
1.1481814
0.5057203
3.6656473
-0.5264323
-0.7276948
-0.33008146
2.5619917
-6.2885394
-3.7890062
-0.7669682
2.5231924
-2.145017
0.3931841
2.0776129
-0.41634843
1.2975922
1.4605272
-1.9139034
-1.6839669
-0.03924661
-0.2170848
1.5693593
1.2255126
-2.85644
1.6412085
3.5967674
1.6346403
-0.66187257
2.9442894
-2.141043
2.6920004
0.87810385
2.2969303
0.14518608
-1.1190985
-2.8791664
-2.4598498
-1.0743383
-1.4992311
2.3986173
-0.6587359
3.5219328
-1.7351152
1.4604568
1.4287888
0.26575765
2.7612195
1.5410082
-0.5943597
0.11374007
1.1407083
3.8328664
-1.4369876
2.0433817
0.8919654
-0.6655778
-1.1580033
-0.19990146
-1.5237433
1.5031121
-0.00035875663
0.26160794
1.0753659
0.48949707
2.5891724
-2.2746181
-1.2194964
4.287153
2.6423936
0.5514652
1.4407581
-3.9949632
0.8423415
1.2892284
3.9038308
0.53371304
0.8880842
-2.3340364
-2.085552
-0.35567042
-2.630166
-0.38716468
1.8460538
-1.4811125
0.693792
0.56448805
-1.3235581
-0.16746727
2.5288472
0.98211336
1.7945807
1.2689885
-3.3920453
1.7908394
-1.3726096
0.90802413
2.1514413
2.3588324
0.17493199
1.1120696
2.044625
-0.2363803
0.3154402
1.1535215
0.018314749
0.059371673
-0.42940176
-1.5617889
1.6500715
1.3043935
1.3640405
0.6853912
0.036243945
1.7413864
-0.59759897
3.0025485
0.6549251
0.9899278
0.7908175
0.6437799
0.361149
-0.94551027
1.985991
-1.336513
1.5413585
-0.44368336
-1.9710516
0.6468765
3.5750122
-0.67386866
-0.5739753
0.99149346
-0.5244188
3.3944066
2.8410153
-0.071336515
0.98075515
0.46247238
-1.1192176
1.7719935
4.0179796
1.5836296
-0.2726467
-0.22892472
5.2529387
4.3289156
-1.6019139
-0.27745038
-0.4604875
0.48318633
1.6213349
3.5678318
3.673049
0.07467756
-0.8225185
4.27792
-0.3748223
-1.3729594
-3.710957
0.7887317
0.75031155
-1.5146469
2.8339415
-1.0293273
3.8710036
-0.17193335
-2.6706424
-0.46702808
-3.3549497
-1.6933303
-1.3561596
-1.221068
2.9145215
5.722869
-0.08987194
-0.23927881
0.71004695
1.1565324
0.30404502
0.3329812
1.1999209
0.68042105
0.48206833
-0.66828763
1.7396386
-1.7191554
0.6867246
-0.523648
-0.7636615
0.12506005
0.10051268
-2.223229
-0.47232246
2.668291
-1.0496453
1.3691429
1.0297278
2.5552635
-2.1814735
1.2780695
-2.7712066
-1.9944257
0.49533263
-2.0719154
0.02138086
-3.5542638
1.3049538
-1.0707711
0.16630358
4.815248
-2.2353773
0.52470714
-0.26819342
-0.89744544
-2.5097508
1.9074633
-0.6918351
-0.14273003
5.0977163
-0.49952883
-0.5137471
-0.5540005
3.6730459
-0.038802147
1.4760212
-1.547993
-2.704272
0.5539127
0.88520473
-0.04252466
0.30407947
-0.6096744
1.6227187
-0.75113815
1.3699228
2.1326246
-3.7903836
0.3707756
1.2897594
0.38275367
-1.6987613
-2.1058896
-1.666497
-2.8127682
1.8697431
-0.9451365
-1.1249639
-0.00567732
2.3004637
-0.6708748
-1.5273141
-0.8693135
2.7152567
-0.32258466
2.237823
0.89675653
-0.27370924
-1.1322404
1.5412686
-0.38816607
-0.52024853
0.88905776
-0.5693502
-0.37284237
0.3963616
-0.12788804
-0.7150999
-2.0887866
-5.8551083
-1.79746
-0.24294269
3.8148146
-1.1629907
3.7306075
0.44066522
-0.32002616
3.7295096
-1.0619826
-1.7694561
2.0683424
-1.996412
2.6552157
1.2442526
-0.82822996
0.009537004
-0.52731925
-1.1210334
0.18616419
-2.4598541
2.7452216
1.4805309
-1.603416
0.85828984
-1.4181498
0.17075518
-1.2588935
1.447859
-1.735653
-1.166167
0.49548078
3.4974868
3.7875292
-0.097789295
0.9745807
-2.4742458
0.87729824
-0.31143332
-2.5177183
2.3262992
0.6233985
-0.015151359
-0.5265861
-0.57889944
-0.10642845
0.8525595
-0.63829696
3.5179248
-1.4189612
1.748664
1.764254
-1.9411145
-0.014113367
-1.7204552
-0.16840369
4.3790097
-0.8019385
2.1459687
-1.3592179
1.6303447
-3.3636727
2.7787843
1.2770514
3.6097403
0.5004685
2.703258
-1.227528
1.1972195
-0.05003058
0.83878875
-1.6114368
-0.45392686
0.88113636
0.466487
1.9407622
-3.1249115
0.30245087
-1.4425684
-2.4545002
0.24891816
3.2828474
-1.7922267
0.77480423
-0.9512068
3.337286
0.66524035
-0.057981662
-1.1816516
3.4196334
1.8946552
1.2308686
0.54254436
0.0708836
0.43476057
2.198152
-0.49620536
-1.0693126
0.7436069
0.03806144
1.1608549
0.21927097
-1.1025425
1.2958095
0.80656415
1.3340486
-1.1327164
1.2286791
2.7439897
0.4154145
0.75428057
-1.6247294
2.4759817
-3.2955425
1.0842205
1.5759001
-0.51413196
-0.7402374
0.43628246
-1.2501328
-0.22601894
2.058598
-3.4799325
-2.0405552
1.8546256
-0.71898925
0.44737715
-1.7338489
2.0692945
-2.4332285
2.0846944
2.0498295
-0.31062868
0.5543685
-0.87733763
0.96064794
-2.6233706
0.16413039
-0.974764
4.0142074
-0.19098806
3.469988
-0.7721503
-0.026851226
1.4684589
-4.0851336
4.498702
-0.4775299
-0.46968058
2.0649767
-0.7393415
1.0547061
3.860309
-0.7123545
-3.070844
-0.040151812
-2.2627165
-0.019782677
-0.54780406
-1.2853185
1.7525575
1.1333656
-2.0461023
-3.598687
2.2098413
-1.2208043
1.6911883
-1.1584996
-0.6816826
2.3509898
0.916682
-1.1192626
1.875301
0.2036098
1.7858258
-0.2978021
2.1030235
0.34880376
-0.73091424
-0.75098604
0.9200905
0.24632299
1.8448768
-0.011705838
-2.4108438
-2.4239984
0.18730476
-0.08915331
-0.10334903
0.5725548
-0.09574849
-2.1701698
-2.5564594
1.6024549
1.0293438
-0.8407112
-2.046741
-1.0916945
-1.1742879
0.43699595
0.7845615
1.4485434
0.62990856
1.5790995
1.2396594
0.7828511
3.3117301
3.0577707
-2.833174
4.3274765
0.86646295
3.2081203
0.34523433
1.3371783
2.351128
-0.080603786
1.3854485
-0.46025342
2.7985227
-1.3771036
0.029368646
3.9208336
1.2363603
-4.281833
1.1271948
1.306958
0.63808775
0.06113241
-2.4909973
-0.6144124
-3.0482998
-2.8923004
-5.689985
-0.9978205
2.0461802
-1.7708902
-0.046769246
2.8730516
0.8466954
-0.15953815
-2.0094302
-2.0778828
-2.3546314
-1.3430018
2.4055834
-1.4436421
2.23065
0.32108808
-0.046724655
-0.9954797
1.2017365
0.28903574
-0.40183476
1.1473233
2.474457
-1.7989951
-1.5738906
1.248325
-0.8173577
-0.17835769
-2.2162428
0.8379476
-2.425089
-0.41866633
2.018187
-0.28153512
0.032264363
2.4704208
0.9739841
-1.823102
2.0946789
-1.5206245
-0.50728846
0.2850089
1.2311335
2.8038201
-2.7563627
-1.6594695
-1.7120414
1.4688927
1.8199772
-0.22893298
1.457176
-0.5045663
-1.0448624
1.5284237
-2.3994474
-0.45277962
-3.0262115
2.4842668
0.32142752
1.6987015
0.38277838
1.3444016
-3.6085443
-1.9260644
0.0029604733
-0.6458216
-2.5099466
-0.120016314
-3.3120232
0.72916126
-0.5653616
-0.59474134
1.2044019
-3.327942
2.740109
-0.024792887
0.6712808
0.31591737
1.8217162
-2.6380513
-1.1710213
1.5699471
0.7443795
-1.1857735
-0.013183642
1.420821
0.8734715
-2.0359793
-1.8814654
2.344071
-0.9941449
-0.1764378
-0.27334243
-0.018148832
3.1669443
0.23045027
-0.4760957
-1.3996215
0.1827333
2.660029
-0.44692102
-1.6561414
2.1704247
-2.0227795
2.573023
0.27459922
-2.522134
-0.57134247
3.9321587
-0.3671319
1.5673989
-0.41589338
0.5656223
-0.08158886
-1.587736
-0.11199138
-2.0792017
-0.73702663
0.8391041
-3.528625
0.38003042
2.0456958
2.01203
0.83551604
-1.645666
0.16284576
1.9514142
2.9888387
-0.081180505
-4.4689198
-2.984509
-3.2430303
-0.038677007
-2.0576942
1.5862589
-1.8692591
2.9099612
2.1407845
0.78076833
0.42125502
-0.87017584
-2.8462965
-0.11592843
-0.43268687
-0.93534225
2.7256982
1.8734848
2.1386034
-1.0539132
-2.5454981
-2.501619
1.7222438
3.2724552
-2.2278404
-1.2235999
0.68276125
-2.487659
-0.217245
1.8261987
-0.5830217
-1.4809191
2.3310926
2.0320878
-2.024443
1.7337577
-0.27514508
1.1643156
-3.3203216
-1.6303234
1.8425032
-1.1243117
0.28874603
2.8932877
2.2560256
1.4451499
1.5000163
1.3768429
-3.1548324
1.603619
-1.9885421
-0.7601024
-1.3450118
-2.2753634
0.18350509
3.6405632
0.9953944
-1.0127867
0.18999137
0.8077897
-0.40963477
0.0022109225
-1.7047013
-0.32494467
-0.78895724
-2.6479325
0.8178266
0.07999296
1.4630405
2.9171793
-0.91833085
4.6056743
-3.3777254
-0.018788233
0.88389426
-2.2551208
1.0926495
-1.968258
-0.7606678
1.005281
-0.10755987
-0.40338385
1.0755732
-3.2503362
-0.91759086
0.114327975
0.00910107
-0.10183045
-1.2558459
3.0339856
-0.59561694
0.72231895
-1.6700732
3.4274886
-1.9840932
-0.9858161
1.1489369
-0.41924307
-0.40616873
-1.0426229
0.5935286
2.0765064
0.48876387
4.4601297
-0.6887688
1.0334238
1.3361032
-3.2158005
4.38615
-0.9562207
-2.6630495
1.2689198
-3.8967037
-0.5522188
-0.61407423
1.5073466
-0.9923417
-1.214017
1.0204538
1.8993052
-4.662758
-0.7451309
-3.1864316
0.97081864
2.145418
0.25212586
0.12538925
-0.00090203434
-0.31187758
1.4576923
-1.8535713
-1.3837564
4.4198623
-0.6121607
-0.51227117
0.026154213
-0.21542534
-0.44227567
-1.5143296
2.2493904
1.7802477
0.6211356
-0.7854779
-0.5115883
0.7364829
0.81585616
-0.34320545
2.9055371
0.91118014
1.0418168
-0.5711137
-3.593214
-3.204338
0.4219044
-0.041797787
2.416636
1.1051528
-0.6178505
0.7151666
-2.458352
1.196178
-1.6089407
-1.12555
1.7679979
-5.0974708
0.12017025
0.056602206
-0.98414356
4.202748
1.1956365
0.715338
-1.0973871
-1.2334545
-0.8146767
1.9688443
3.0423973
0.97448677
0.6540405
1.7309866
-0.8585766
-0.23390698
1.8013262
0.5323994
-4.6154337
-1.4458125
0.5547759
-2.1553805
2.7052648
-1.0208721
0.5405407
-1.7875324
-0.043546088
-1.0922308
0.05780769
-1.4044441
-0.37107012
0.59716344
-1.0735545
-3.83103
-1.066324
-0.62703294
1.1711239
0.16395241
-3.0827725
-1.0277402
-0.78063655
-0.059344515
-3.4593644
-1.3103634
0.18821576
-1.2509476
-0.31156474
0.502094
-0.9336641
-2.138318
1.7071723
2.7392344
-4.0184517
-0.19126086
-1.2080159
-1.2577002
2.316644
2.435659
-0.8331902
1.9021797
1.6932422
-1.4099352
3.2237043
0.23844653
-1.0977137
1.5704514
1.2292023
-1.6723962
1.9807802
2.2085817
1.6564223
-1.1110657
3.0831556
0.75944346
3.2997527
1.2287817
1.6099814
-0.27879915
-1.4821702
-1.2187608
2.3576205
-2.4182725
-1.4462341
1.4426236
1.8112001
1.2266705
2.9189794
-3.396918
-0.95138603
-1.2381864
0.76143384
3.66725
1.3678284
-1.6917254
-2.862012
-2.515337
0.14400247
0.12673064
1.9328129
-1.0797904
-0.20296344
-1.6158454
-0.090495765
-0.29923743
0.99763066
0.14113349
-3.16904
-2.2121725
5.7612476
-2.1409464
-0.810434
1.0930258
3.094739
-0.44245705
-0.12584037
0.9418182
0.86542356
-0.805414
0.053198956
-0.11650133
0.4608628
-4.050091
-0.17339125
-0.6130135
-1.0455233
-0.695243
-0.80793077
-0.521561
-1.9453752
-0.04161893
-0.63970584
0.76780164
2.1092207
1.8705415
-0.20083001
1.0030586
2.3212368
1.0090119
-1.1789597
0.111040615
1.7952576
1.1634113
-1.6511713
0.18059662
-0.7245342
-0.98366916
1.4343424
1.3282918
0.5647981
1.258633
-1.3992265
-0.9567139
2.05361
1.6672332
-1.0781285
0.20376988
-3.087717
0.79261416
-2.0363772
1.7942001
3.332056
-0.31905204
1.3591526
2.3843658
1.8868027
-0.40178573
-2.5504036
1.1201341
-2.1472166
-1.8530881
0.7350301
3.851591
1.436993
-1.659645
0.06866049
-2.9585967
1.1112893
-1.9340348
-4.514489
-0.71781373
0.89139676
-1.4509864
-0.19458318
-3.0114346
5.537488
1.7628529
-2.180768
-5.46987
-1.0688095
-1.1599917
-0.32215703
0.10442045
-0.60978353
1.2629493
-2.2138298
2.5182686
0.43025294
-1.0487255
-1.5352488
-2.0478938
0.108401425
-0.58741766
-1.7716298
0.7361181
0.010682099
-5.68879
4.3547688
1.7605599
-2.440342
2.1064763
-1.8324709
-3.257986
2.7803624
-0.88515764
0.5320777
0.17943676
0.83799183
-4.505459
-1.2038492
2.243661
0.65683746
1.5744741
-0.45409355
-1.8135905
-1.0029083
-1.9850427
1.4124938
2.0654309
0.997339
0.8239135
2.4068794
-4.027411
0.3100196
0.062831774
1.1815451
2.3348851
-2.908806
1.3568397
-1.3157158
-1.0836943
4.7710147
3.2190769
-1.7231055
0.5267969
-4.7822113
0.84153736
0.12950298
-2.0584226
-2.3412576
-0.47087047
0.15319994
0.9347879
1.3372763
-0.07978813
1.6109874
-2.6464393
-1.9071862
-1.2621809
-0.99726737
1.1378125
2.1757069
-2.1359243
-2.0375626
0.17638773
-2.8226638
-2.1146572
-0.1640599
3.4035413
2.118637
-4.6819606
0.15692171
0.75845516
0.68934965
-0.6615851
0.036593083
4.5876126
4.1952415
0.13577041
0.6128827
-2.411041
4.342298
0.13271677
0.12138809
-3.279668
0.9623836
-3.308298
-0.32038558
-0.87557715
0.037017547
-1.1717514
-0.9141759
0.24513647
0.17701326
0.1498186
1.562938
-3.8643985
-0.60661834
2.9747941
-0.3890765
-0.39395222
0.33877954
1.8074346
1.3604232
0.31310177
-2.374764
4.250176
-0.71051353
2.1891294
-2.6271782
0.5590474
1.4907285
2.0707781
-0.37390128
-2.0549974
-0.5936985
-1.6242932
2.5294857
-1.3162247
1.2633556
-0.6795964
-0.6660155
-0.56904
0.21107046
-3.014469
-4.283914
-2.0187984
-0.09427813
-1.5265555
-0.4409631
1.905485
0.44292367
-0.74164695
-0.9865227
1.2547978
0.48296332
0.072204545
-1.5060511
-0.16321465
1.8427219
-1.4958616
3.4543629
-0.4303217
-0.9040996
-0.23452438
-1.9224789
-1.027253
-0.3421814
0.5163887
-0.26311907
-0.69588745
2.0194435
-0.681408
-5.254696
-2.197102
0.6370166
0.74049145
0.06694166
1.3008316
0.23684481
-0.39008677
-3.2509043
-0.5172499
4.9796734
-0.60721034
0.035750337
2.6169298
-0.9924683
-0.7632211
-3.5178716
-1.3610394
-0.048673727
2.7362697
0.3776823
-1.0275638
-2.0301614
3.196079
-0.54154104
0.65392405
-1.7056348
-1.7662699
0.33684266
-1.7060544
2.3398395
-0.3150624
-1.0366106
-0.2828557
0.82266384
-2.244232
-2.206651
0.399231
1.6371607
3.6137238
0.01731969
3.803448
-1.8949997
3.24001
1.9211268
-2.6788344
0.520873
3.5659554
0.32463917
-0.1951816
0.52518034
0.5471066
0.44425547
0.7146402
0.5180597
-1.7641424
-0.047608502
-1.7724696
-0.9263106
-1.1664449
-2.616997
-0.204678
-0.72722787
4.0045586
2.7730443
-3.932089
-1.5716264
-2.1475794
-1.3208803
2.8725238
2.136454
-2.3549616
-2.420423
-0.2584916
1.2407787
-1.7807361
3.001697
0.26629803
1.8475733
2.3071115
-2.3865285
5.6235714
-0.7636873
-1.8246157
1.8966442
0.07303421
2.7296965
-0.101315066
-3.1453304
0.70743227
4.069363
1.6547734
0.7126887
-0.05558201
-0.89955986
1.7103254
-1.9985179
-2.2259984
-0.046255276
0.03230218
-3.2728746
-1.6900302
0.497598
-1.6793025
2.1302724
1.6961647
0.35067153
-2.709514
0.20637019
-1.2799672
3.7204452
3.6059139
-2.0316625
2.0393164
0.26743802
2.1588411
0.68077666
-2.6315176
2.522824
-0.7894349
-1.9310448
-3.566197
-2.3787377
-3.4930758
-1.2375544
1.7431247
-0.30299518
0.036453456
2.290312
0.4404077
-0.8909052
-1.0477155
1.3563902
-2.5643477
1.4324838
-0.017766267
-2.1301832
-0.59042656
2.0361
1.4523509
-1.1220598
0.8923241
-0.14045408
2.8196816
-1.990087
1.293858
3.9397264
1.1359643
-2.8924236
-3.9756904
3.4169378
1.3251721
2.620322
-1.6158656
-0.85522795
-0.7276863
1.1531168
1.2698178
-0.2845584
-1.5530841
0.6736573
-0.19120634
-2.9373147
2.3251493
0.6460691
0.8979832
-1.7938825
-0.65975386
0.72524786
-0.5935105
1.8175923
-3.7248447
0.41125995
-0.35107383
-1.2373543
-0.55997473
1.3544847
-0.2327717
4.116808
0.26802197
0.8067566
2.8544261
-0.7015489
3.408436
1.574195
1.6101543
1.5912119
-2.1955
2.2977674
-2.6930795
2.3907728
2.361323
0.3430543
1.9215662
0.2652605
-0.6686763
2.6802044
1.6463691
0.53832686
-0.29467016
-2.1493945
-1.2240245
0.68917733
-2.0023131
-0.6256589
2.3578646
4.1348047
0.04074258
-2.5607347
-1.061369
3.178223
-0.5418332
-1.3085077
2.3257542
0.041483715
5.3356166
1.382299
2.81214
2.3898275
-3.7809346
-0.5587188
0.6153398
0.87272286
2.747002
-2.295279
3.844962
-0.052675568
0.47768518
-0.44865742
2.3094316
-1.8893427
-4.969352
0.59946525
0.47475407
0.6082735
-0.48999113
0.91358215
1.1979065
-0.602324
0.9448943
-0.053103726
-1.5051962
0.0023622997
-3.1533904
-1.4371452
2.7284648
0.32831213
0.9624037
-0.29417643
-1.1563011
0.044940505
0.45175505
4.5565157
0.32644704
1.7399074
2.807824
-1.9393922
-0.12324055
1.2060512
2.0100324
-0.5839703
1.3745177
-1.2458487
-0.6954301
1.4025259
0.87119174
-0.79508686
-0.7753386
3.580963
-0.06608765
-4.789995
2.5819716
1.7367822
1.1895273
2.2504375
1.5718398
2.5473359
1.9097033
-1.5756257
-0.6383847
0.03926687
-0.41787675
0.07194874
-0.24871038
1.749419
-0.7551318
-1.1208857
2.1074147
0.51851016
3.2769547
-0.31056038
-1.683253
0.99640656
-2.978155
-0.28597862
-2.3422425
0.44280013
0.23549685
-3.8300292
0.3332494
-1.4024165
-0.34141555
-3.1223488
2.085248
-1.0970937
0.30170166
-0.6685965
2.6898825
-0.70493215
0.9108483
-0.045292336
3.8264875
-0.5818439
-0.8808901
1.6393266
2.1892369
1.4412334
-0.065569066
-2.2804952
-1.5663325
1.3508788
0.19904718
1.0495934
0.6281816
-2.0464885
1.9631327
0.44073486
-3.5841725
1.4719349
2.5589426
-0.2814786
-1.6650105
3.2195709
1.420261
3.141173
3.1039193
0.855083
0.022856139
-2.1234574
-3.8251317
0.05459372
-2.902248
4.787394
0.47926316
-1.768204
0.005644262
-2.0952826
-4.232668
1.2588196
0.45654735
0.094385795
-0.4359614
0.33548594
-2.5810084
0.88666946
-3.0239055
2.7053556
-1.3987956
-0.50866157
-2.087627
2.2340062
-3.4825046
1.2804596
-1.1782025
-0.960632
1.2000456
0.834099
0.59252983
1.6894022
-0.14167605
0.73183846
1.2448654
1.4265529
2.161654
-1.6895636
-2.9862058
-0.45216632
0.7805443
-2.0949855
-0.4599834
1.3721288
0.13189602
0.3438475
2.2213693
0.6431433
-0.22065225
2.936209
1.3097736
-0.63145334
-0.69180244
-2.4211652
-1.5635977
-0.022134133
2.6476262
0.27773845
-5.568763
4.389025
-0.6772781
-2.0893495
1.4184501
-3.1168902
1.8792459
0.6352913
0.63511294
-1.1250216
-1.5227802
-0.47959742
-0.64721423
-0.6401135
2.119709
-0.45301527
1.6069324
-3.7658026
-0.4269759
-1.6493767
-0.87929773
-3.6778946
-2.8386405
-0.15358981
-1.3210231
2.6043324
-0.41490945
-2.5153499
0.36147276
-2.0332298
1.077233
0.77014107
2.4158115
-3.5763583
3.2707822
0.23207465
-2.0822947
-0.8429026
-3.4874887
2.4300144
-1.7030448
-1.1591411
-0.35477123
-2.0977616
1.413911
0.05639516
1.4551122
-0.52631235
0.57765603
-1.1502342
1.1304452
-2.3060117
0.7966809
0.11729589
1.4270786
-0.5850078
0.09259655
-1.5943654
1.9105289
3.4737415
0.06547809
-1.6287568
1.8256171
-1.614327
1.8332906
-2.1890242
2.587342
0.88916343
1.671331
1.2624412
0.963982
1.531297
-1.3986481
0.77263767
-2.1893044
-0.7984616
-3.0799778
0.18867204
-1.5620383
0.80290985
-0.1726749
-0.07932442
0.62692815
2.4060662
0.36017627
-1.3158753
-2.4406297
0.81821656
-3.3502913
0.8285608
-1.3697133
1.1617707
1.9118807
-0.6160685
-1.8262066
-0.18519792
1.5982832
-0.20264706
2.0465343
0.35917765
-3.3433468
0.8045089
-4.545007
0.1716226
1.3116176
-0.12604654
2.5740693
-2.1010628
0.85494936
-1.46978
2.5178456
6.283689
2.7280653
0.07426321
0.70528156
-0.90456027
-0.22039503
1.6538291
0.038898245
-0.21551582
1.7987807
-1.3109151
-0.7732634
-0.12623338
-0.5573585
-0.41875926
-1.8967822
1.0832825
3.4159083
2.490698
-1.0211192
3.0198636
-2.181129
-0.369762
0.9344455
3.021361
3.396745
1.4812541
-0.29428667
-0.2998932
1.0574661
-1.0679723
1.4288152
-1.6266047
-0.7539512
2.871934
4.9358635
-1.4234897
-1.5533249
-0.41587785
1.3330898
-3.1081674
-2.3181481
-0.63574415
0.7026904
1.7789706
-1.5176859
-1.9715445
0.008988734
-1.7910088
-2.4581256
1.7609429
0.18792844
3.1921756
-2.4928021
-0.29136232
-1.7588443
0.93215764
1.2705988
1.3415611
0.13006449
0.45533395
-2.201037
0.14397648
-0.51435685
-1.0736113
-2.3686428
0.30360654
-2.342727
-0.41960698
0.66939586
2.0241616
2.972706
-0.055760615
1.0566489
-1.1111978
1.5797037
4.720945
-0.360633
2.39437
-1.0999271
-2.6323225
-2.0083447
-2.0872374
1.1869673
-1.4338623
1.6986085
-0.6903236
-1.0402254
-4.384296
1.5109524
2.5746176
0.306857
3.5356395
-0.018197276
2.8711238
0.37193596
-0.49873555
2.0144315
-3.8532772
2.535105
1.634683
-0.9796516
-2.1410763
-1.0630183
-2.4247706
-0.42944077
0.30932996
-2.0090115
-1.0838238
1.2229801
1.4306964
-1.8361623
-1.8263808
1.6230177
-0.6679367
0.40307796
0.0045813248
3.0371866
-1.3472364
-2.04992
2.1894886
-2.0252542
1.8258722
0.061733447
4.513532
-3.8330948
-0.6112874
-1.1248468
-0.5886853
2.064049
-0.96427315
-1.5844136
2.96581
-1.3914655
1.9070836
-0.8338332
-1.2180647
0.08797719
-1.3518113
-1.6556896
-3.2457726
0.18735215
0.71665245
-0.8049499
0.3084611
3.701275
-1.7225872
-0.9171701
1.5417936
0.76375943
-2.223601
-1.0064559
-1.3692503
-3.5004015
-0.063942365
-2.789286
2.3786314
0.84090626
-2.5131307
-1.1259048
-1.3219206
1.470296
0.5714718
-0.73627734
2.003157
1.3515685
4.4722376
-0.24875513
1.6645232
-0.68237114
-0.119848445
0.2390807
1.0789557
0.4755087
-0.8435952
-1.4895756
3.8065467
3.109139
0.9190831
-0.94152194
-0.6654398
2.3702362
1.4996026
2.5924659
-0.64486593
-1.7549701
0.06790844
1.9174098
1.8665643
-0.6529792
1.0798879
-1.2485387
2.8955462
2.9817467
1.402302
1.5549897
-1.9271238
2.245164
-0.042246394
-1.3571256
-0.3734631
-0.5004645
0.51336217
-0.214923
-2.7513397
0.73823065
-6.5484242
0.9340501
1.7689698
-0.06941895
-4.9118853
0.2495521
-1.8299208
3.0864525
-0.70514643
-1.2256614
4.402881
-2.1636496
0.18921569
2.5535126
-4.5846033
-4.2008114
-1.3710414
0.59070104
0.17026229
-2.6241663
0.386472
-0.07389554
-0.5453247
1.9325461
1.5967108
0.788822
-1.2987709
0.49497586
-0.81300074
0.85631526
2.289111
0.98970467
0.8835476
2.053447
-1.8868792
-1.5111204
-1.2536263
-0.2128168
1.9634525
-2.2636762
1.1580802
-1.4305207
1.0787749
-0.3953526
2.0457578
-0.24761885
1.6986091
1.615159
-4.755597
-1.2781827
-1.3878535
0.9536417
0.39328983
-0.6345673
0.057762608
-1.0546328
0.8922821
0.37078416
2.091908
0.9684839
0.25157714
-1.6561562
2.671129
0.9991568
0.42311075
-3.4358637
-0.18279615
0.27984616
4.3854227
-1.8457264
-2.023798
0.5559779
-2.3612678
-3.542498
-1.1461638
-2.0212078
2.4334214
5.488864
-0.943505
-1.8050469
-0.45643264
-0.26909924
0.42571208
0.25754625
1.4497766
2.1528728
0.71885574
0.4348447
2.382432
0.4491279
0.12809241
3.3318233
1.0813841
0.2879091
1.4276812
1.0873235
1.0124495
-1.3677208
-0.46589404
2.2360172
0.5898499
-1.5843955
1.8529563
-5.1509624
2.5924747
-0.99655426
1.6239758
-2.210263
0.9072067
-1.1595342
-1.4759585
0.7684207
2.34531
-0.7454827
-1.2221979
2.2775347
0.9911971
0.3831967
0.11277619
1.923364
1.1228099
-0.9313108
-3.4262097
1.6009915
1.3253907
-1.7915317
0.37509823
1.2288282
1.2782563
-0.30014718
-1.7958713
-3.2910354
3.1235185
2.0045004
0.7568649
-0.21360755
-1.4391611
3.1436243
0.7675726
-2.552849
0.14122316
1.0484328
0.62255764
1.5693341
-0.32427904
-0.69530505
-1.5697421
1.6062063
-1.2415107
-0.26626125
-0.57494843
1.8662624
0.30219173
-2.1315284
1.2677464
-1.6037382
-1.8472204
-2.0190332
-0.20786038
-0.8688873
-2.108231
0.18198815
-0.796042
0.93370914
-1.7052734
-0.45980102
-2.6640232
0.9180004
-0.15593326
2.9341016
1.0707278
3.2169254
-0.36322793
0.66281193
1.5971963
-1.0272411
-1.591785
0.36989617
0.05043096
1.8164054
0.5698515
-2.2838616
-4.1332603
-0.62898594
2.6319423
-2.8538756
3.5841963
0.9724098
0.54968154
-2.148635
2.7193396
-3.0579205
-0.47163004
1.2970425
0.9703919
-0.5616324
1.5693736
1.3004843
-0.27015644
-1.7415788
-2.424708
-1.3033559
4.4163184
-2.4117448
0.54610586
-0.9678378
-3.2988605
0.3512361
-2.7309709
1.7376925
-0.24748251
0.47830364
3.8529758
-3.2963092
1.3018281
0.37834615
0.30030072
-1.4080691
-2.6894429
0.70837337
0.9741565
0.8027816
-3.498253
-0.77633107
-1.0971051
0.123177804
1.3827724
-0.2158327
1.9729828
-2.2051835
-0.34078097
-1.6865429
-0.22401324
4.9350476
2.155815
-0.3868019
1.0414339
0.031629354
-3.5683389
-2.783325
1.9014863
-0.3266983
-1.2279503
1.4243118
0.41620895
1.2955449
-2.5072494
-2.1173084
-0.87119025
-2.2953463
-0.5245484
0.7890744
2.5180612
1.9505668
2.6422772
-0.7399071
-1.0250787
0.20025565
4.2399306
0.7397069
-1.5971419
-3.134622
-2.765731
-1.5521383
1.3288939
2.3812017
-0.04217179
2.7410018
1.9647808
0.61970025
-2.455727
-0.5930616
1.9886061
0.8398834
-1.6972158
4.8539314
-1.070234
-1.2657555
0.668596
-1.853486
2.9714272
-1.1637893
-5.2017403
-0.3155314
0.86399364
-2.0583506
-2.1332111
1.5893228
-1.8231648
0.7786346
-2.3022375
1.4599352
-0.8857968
-1.7983879
2.0155196
-2.7324529
0.82000405
4.0896435
0.09377829
0.30169946
0.2020519
0.087602824
0.64079845
-4.4168057
-0.47170776
0.14442942
3.1567688
1.6635138
-1.471424
0.2762862
-1.2433078
-1.5030121
-2.8681479
-3.7735062
-1.4732157
-0.52969784
2.7842658
0.0882325
-3.5965412
-0.5587735
-0.50656843
0.84444064
-1.0913409
-1.7172362
0.52656144
-1.8581065
0.18429442
-0.22402677
0.0065261126
-1.6050112
-0.9558838
0.38901433
-3.3884044
2.4114385
0.2546739
-2.9603105
-1.0583587
0.1530741
0.8866339
-1.623437
2.5198727
-2.1748796
-1.3700275
-1.8878689
-1.7842399
1.2867455
4.009654
-0.564438
-0.22914341
-1.2216465
-2.3002322
1.3989608
0.29693133
-2.2638147
-0.35513404
1.1458939
1.0816607
-2.1138427
1.7143012
2.3466735
-3.2932062
-2.134271
-1.4541425
0.58983654
-1.2054892
1.4466329
1.7537141
-0.09600485
0.5295098
0.21914336
-1.2309291
0.96159595
-2.5694184
-2.091257
1.6200908
-1.1855253
-1.034578
0.31288803
2.371292
-2.06835
0.5685368
-0.72031516
-3.2709339
-3.7627406
-1.8375117
0.033298124
-0.45616725
-0.11335366
-3.6615722
3.8510761
1.8786715
0.09048944
-1.2655405
0.12353195
-2.8752346
1.4724119
0.14407909
-0.81666887
0.879522
0.23217462
2.3457968
-2.747837
-1.439161
1.9468998
4.580529
-0.28955248
2.3093526
-0.08855775
-0.67687684
2.61137
-0.79806346
1.5008746
0.91355264
-1.2105038
0.3467551
-2.3347125
0.9403919
5.031846
1.7700456
0.47291636
1.7026541
-0.70506084
0.62044436
1.0813308
1.0523368
-4.043172
0.25904864
-1.1164917
1.5261881
8.042866
0.0927137
2.7091901
-0.46944883
0.4537411
-3.4159987
-3.3646483
2.3511045
0.15980664
0.22620153
-0.8326098
-0.7034997
-2.1585565
0.85149306
-0.5984488
2.045224
-2.497652
1.6203668
2.803116
3.4880154
-0.8493566
1.6228249
3.2169476
0.11350533
-0.94044
-1.2014939
-1.052251
0.5613212
0.87080806
-2.753193
1.0526124
-2.9548879
-1.5568833
2.8502324
0.51329285
3.330565
-0.303206
0.0008500479
1.6712569
-1.5097872
1.2538528
-1.726118
0.49364492
1.5797327
0.97440577
-0.56696445
2.6522043
3.3599417
-1.3950217
-2.96947
0.51447237
1.3991578
1.5484015
-0.38535208
-1.79241
0.15774146
-0.36493886
1.731183
0.92609215
-0.97559035
-1.2618564
1.1010741
3.634108
-0.20352583
-3.5538309
0.8798723
0.10326041
-0.57485193
2.2774441
0.7017302
1.8385288
0.98899937
0.8996596
-3.7067394
-0.7089053
2.3940442
-3.1394002
1.2632709
1.2298766
3.1683865
1.5792587
-2.3053453
0.93476164
-2.6751292
1.7009451
1.9573811
3.4671004
-1.8356864
-0.33512923
0.89936876
-2.4897816
-1.7305356
-0.46041036
-2.4464753
-3.919334
0.84608936
-1.19849
2.6854086
-2.0581226
0.7877683
1.5052799
1.5225997
-2.314336
-0.6658661
-0.45366976
0.6839644
-0.049025126
-1.1415508
-2.8008118
0.052810572
-2.2922144
0.093362086
-1.2550896
1.1025381
0.5638539
-0.08869701
0.23777264
0.88600695
-0.3353865
0.3149447
-1.4971281
-0.78593683
-0.05412493
2.69562
-0.16116452
1.8138998
3.0746467
-0.8363422
-1.6211101
-1.011486
-0.45351526
1.5886381
0.42583168
0.68464947
-2.5496447
1.9008263
-1.3796244
0.69836295
-0.89897925
0.84361905
-0.26186702
-1.7447643
-0.81626785
-1.6638826
-2.6346645
3.9362473
3.3178134
0.65698725
-0.053690344
-4.3418493
-0.5333481
-0.38929918
-3.1803346
2.2056758
1.7806878
0.1396951
-0.805724
-0.4305316
-1.6552925
3.8347743
0.10349108
-0.38356334
-1.5050607
-0.28858554
-0.9738142
-1.0803707
1.4871224
1.7968762
-2.3347185
-0.7307739
0.75740945
0.46729434
0.9228721
1.3042065
2.9498796
0.10159038
-2.126967
0.55080885
-1.1730582
-2.2075727
-0.7482209
-2.8535104
1.1125475
-1.3298447
-1.9006166
0.024990238
1.2767295
-0.69534254
0.8059014
1.9907715
-0.5826545
-3.194317
-1.8031309
-0.45581424
-2.4048753
-3.91897
-1.5873929
-1.0495468
0.15332723
0.68994135
-0.56629646
-2.5100005
2.977531
-0.82906145
1.081982
2.1490467
1.5645279
-0.212378
-1.3678594
-0.84347147
0.04515233
-0.48100674
0.7890517
2.1789002
1.3341825
2.0574412
1.9533956
2.0495312
0.04070138
-1.4037591
-3.112438
-1.6248333
1.4784603
0.28520194
1.862764
0.24761882
0.03211941
0.5690893
-1.7497034
3.2215254
0.56082016
3.351004
0.183459
-2.4295297
0.24117744
0.55044097
-0.8493925
-0.8124264
-4.1870008
-0.5236158
-3.1139302
2.625371
0.33245555
0.9134233
-0.8753403
1.4344279
-0.72453713
-0.65423924
-0.53784
0.043447778
-4.130501
0.35271984
-1.3406261
-1.04783
0.75104797
-0.7575824
-0.7042348
1.4568682
-0.77664626
3.694487
4.0423303
-2.9788845
-0.8800197
-4.249165
2.637126
0.020072445
0.11906857
-2.1634743
-0.95337015
-0.82051635
-2.0630503
0.4067046
0.9586084
-0.8472136
0.96715194
0.5475783
-1.1411573
-2.5957503
-1.311755
0.5598329
-0.37954965
-4.787709
-1.9523822
2.5918043
-0.1966593
2.4167511
2.2951887
1.3230083
-2.0257053
2.0967507
1.4148233
-2.2177763
-0.7982245
-2.2489054
-0.18112798
0.38599402
2.131574
-4.802255
0.95057154
2.5630581
-2.1364517
-1.8650727
-0.8605644
1.0215176
-2.4768038
2.8956735
-1.6650249
1.4438764
-0.57123625
-2.5079544
-0.118381016
-1.8281827
-0.73483324
-1.3535995
0.049239226
-0.68407136
2.3306773
-1.8218032
0.6190307
-0.70522076
4.4272294
1.6440673
-0.22873014
-1.8515514
2.958216
0.2454183
2.8033767
2.269472
0.010280602
-0.9148058
-2.0203402
2.0287879
2.4086175
-0.553988
2.3983533
1.4653163
0.3117626
-2.7752407
-2.750113
-0.5634359
-2.1336503
-4.4734163
0.66771173
1.0753981
-0.020624526
-1.7188752
-0.10669141
-1.4068121
-0.6198129
-0.5364472
-3.1750798
1.6898792
-0.1504975
1.5189908
0.9518513
1.7480105
0.43822634
-0.9721673
-0.47768036
2.3003976
0.7396663
1.1167748
1.1662836
0.90841156
-0.452271
0.10659191
1.2582905
1.5195619
-2.5624714
0.9513013
0.40616512
-3.2807412
-2.134376
0.89890766
-3.69908
-2.9133866
5.467939
2.348809
0.57109016
-1.338008
0.5400716
-1.8812932
2.3126447
-0.4077743
-3.7987301
3.692091
-1.6067089
-1.8855762
0.9304562
0.4804138
-2.0376902
3.4717338
0.07729088
0.7676966
1.4528844
0.05517318
-1.1702608
3.4550762
-1.8304639
2.69967
0.90863323
-3.3958097
-0.3195137
0.6881758
-0.7848703
-4.0869336
2.9936578
1.8070171
0.559753
-0.23865241
0.6136965
-1.5635294
-4.933637
0.30535448
2.823108
-2.0674136
0.21695882
1.3296419
0.11477413
1.690538
0.81950384
-0.024015807
1.0468243
1.2326005
-1.2659273
-3.8000083
1.0568582
0.6073838
-0.9845462
2.0651464
2.3278217
-0.82268775
1.6747807
0.77264786
-1.2037318
2.1919246
-1.0920852
-2.3301
-0.35864282
-2.3613217
2.593782
2.3487103
1.0491563
-0.92491966
-0.05567961
0.25840077
-1.6749758
-2.6082013
-0.59218395
-0.046229064
1.3123326
-0.39304262
2.2474031
-1.0926739
-1.3664113
3.2530594
2.7388804
0.083969
1.4731803
1.8664781
-1.6401812
-1.2429276
0.2598781
0.53197944
-1.0805155
2.392154
-1.4610714
0.9499889
-0.35239393
-2.110129
-2.7014081
-0.5426961
-4.736698
1.1885083
0.3532408
-1.7354991
-4.0759053
-1.4037693
0.33235073
-0.52598876
1.6947049
-0.1560193
-0.96808916
-3.192176
2.0585995
-3.0251253
2.772915
-1.755079
-2.4881759
-3.0384817
-0.9192397
0.8112748
-2.4692254
-1.7380441
-0.89903635
1.3720323
-3.9449384
-0.48754326
-0.97317034
-2.3080485
1.6011219
-0.576765
0.010532267
0.40006438
-0.14424053
-0.3401911
-2.8356652
-0.07711849
-2.627578
1.1470387
2.2285612
-2.7392697
0.47333246
1.3956434
-1.0279133
1.9324843
-0.6167679
1.0705452
-1.1591941
-2.2061265
1.1297704
1.0618857
-3.3967638
0.82352686
3.3748367
-2.1091936
-2.1364877
-0.42670166
-0.055692118
0.046301335
0.87558347
-0.19338751
0.06441016
-4.8904796
1.4858644
2.237958
0.20009153
1.740407
0.9481734
1.472403
-1.3151872
-1.9756957
1.4572868
-1.3410599
3.3675225
2.5656781
-0.04727403
0.81894153
-0.07182451
-2.908505
1.2755101
-2.119509
-4.6996775
1.3793598
1.37066
1.2868459
1.626713
1.9440104
-1.9616935
1.3539267
-2.878552
2.450251
0.4049032
1.5213282
0.30646616
-1.1696227
-0.44805068
-3.1134949
-2.7011743
-0.31262746
1.2631103
-1.0315917
3.9659638
1.0938607
-2.2032194
2.238037
-1.2370486
0.59733474
-0.7226468
2.6704905
-2.2472687
-2.0416343
0.82610226
2.5233626
1.2529482
0.22489983
-0.7810289
-0.18168357
-0.02818001
0.57069635
-0.3721649
0.107774705
1.970799
1.7369648
0.8827599
1.7522424
-1.9080032
0.42498678
2.2491715
-2.4231749
0.028718248
0.38877642
1.3615865
4.4743247
1.5255375
0.5374196
4.314279
-0.93448675
3.3914495
4.5268726
-0.21385807
1.3657076
-1.0731174
2.3751469
1.4299597
2.6640816
3.542165
-0.74371046
0.7024124
-0.6079145
-2.1349921
-1.0434917
-0.80700463
-0.21590078
0.11198157
-2.6673617
0.94935006
0.005244538
-3.4373996
0.7981082
-3.761553
-2.6118457
-0.60715353
-3.4352603
-1.0972828
0.46637726
-1.5045654
-1.2261635
-1.206496
0.06387585
-0.7193147
-1.0522064
0.78028125
2.7632604
0.53582484
2.8472826
-1.9645072
0.30327052
-2.405685
-0.9732026
0.14408466
1.8588337
-0.9010179
-2.1812503
3.3492796
2.165485
-3.6846259
-2.5622344
-4.0986757
0.49509427
-3.4332
2.4572966
2.1231582
0.6294059
0.4262959
-0.42123857
2.7960355
-3.4842298
-2.3511438
-1.6926191
0.8726538
-2.5109382
-0.16254562
1.4363401
4.2553263
-0.008665666
-0.77662224
-3.7692134
3.6575844
-4.5218644
-0.5571423
0.9072579
0.8902012
2.8833678
5.001523
-2.0510426
0.13431303
-0.085342996
-3.895949
-1.1290991
2.0586286
3.5951257
1.6717043
0.7154278
-0.9763067
0.05198416
-0.7095353
0.43646854
-1.2384968
2.744688
-0.56572956
3.2845674
-1.7362243
0.616035
2.0953615
0.5522019
2.7372632
-2.0395238
-1.017913
-0.8834596
-0.33640096
0.47317025
0.92132306
-0.0016031638
1.6131384
-1.1862329
2.40436
-1.851656
2.889946
1.613308
-2.3081326
-1.7435635
-0.0001504831
0.15150826
-3.7054763
-1.8256805
-1.0676129
2.2235465
-0.80848217
0.39817703
-1.561754
0.8362814
-1.9788457
-0.92808235
0.12088682
0.3145282
-2.5877078
2.153425
-0.9117265
-2.2087705
-0.4544485
-2.7303276
2.8798404
0.5116463
-0.92314494
-1.147235
-2.0720925
-0.9613679
1.0387048
-1.8496859
-1.0140758
-1.9974085
-0.75788444
1.6164932
1.8840467
0.37402016
1.0166037
1.042352
-0.5083075
-0.7421471
2.0291538
2.0246592
-2.0099273
-1.9859408
-1.0932883
-2.3845077
-1.0305879
-1.2399836
-0.85163593
-1.1494064
-0.25724635
-0.6546871
2.9830217
-0.042155385
2.0583317
-0.77616847
-0.26285595
0.75769776
1.8758153
1.5629936
0.6601111
6.0536942
-0.2621576
-1.2606047
2.102666
0.64656013
2.0313892
1.5962402
-2.7408729
1.7788063
-0.48209
1.074445
0.15156585
1.1044389
-1.3900311
3.5261233
1.1495134
-0.46159
2.7802434
1.4272995
2.0922835
-0.61356646
-2.4918566
1.0182348
-0.18248412
-0.7084029
0.9482085
0.9339758
0.79168177
-3.2972898
2.8453574
-3.4430873
-0.8314353
-0.07810178
-0.26499206
0.4846518
1.8101203
0.3947721
-2.077355
-1.6737709
0.30342072
0.8107837
0.76178855
-2.312519
0.16729647
-0.39813772
0.943028
1.0699714
-0.23688202
-0.5521483
-3.6594985
-1.5661783
1.4339453
-2.1612604
-2.5856998
-3.4581668
1.0619936
-0.8111881
-1.7596236
-2.9278703
-0.17606676
-1.053907
1.8033129
-0.4166824
2.8386295
-2.3621688
-2.5928202
0.47973958
3.6952713
-0.66807234
-0.32843858
0.8576964
-0.94800013
5.313984
-0.40112856
0.091278
-1.3251177
0.75894576
-1.4653939
-3.6574183
-1.1162714
-0.25809476
2.3840706
2.5614128
-1.598142
0.4501176
1.3347723
3.1287618
0.48376763
0.31446853
3.344609
-0.44057697
1.1702466
2.9926245
-3.2811012
1.2628772
0.36291796
-2.7034533
-1.2314255
-0.47032169
0.595697
-2.7261915
0.19056718
0.2574094
0.94851536
0.10553865
-0.546275
-0.47752014
-2.3979323
-0.9439503
-0.15208244
-0.35144454
2.9119005
-0.11480569
-0.33342528
2.3249435
0.19878867
0.90644157
0.60888886
-0.36644602
-1.7639841
-0.380495
-1.5705326
0.685352
1.6409558
0.70054394
0.72869205
0.15969375
0.33568504
1.7130617
0.34207007
-3.6191273
0.07633324
2.8245282
2.2149696
6.572758
1.4768597
1.9785256
0.0021338314
1.4321444
0.8317607
0.27165827
-0.72045755
-1.1170124
5.9482346
-0.8005327
1.6176387
-1.8639466
-0.47020245
0.23003638
-0.8106704
-0.22760275
2.708105
1.4913975
-2.051244
-0.73929596
-2.8367867
1.3597074
-0.9854926
3.527504
1.1219121
1.0383912
-1.0335019
-1.0515271
0.66533625
0.33685413
0.1495611
-2.0216305
1.4605244
-0.4488842
-3.9391947
-3.4973521
1.3969303
2.707405
-1.1018565
0.16834143
-1.2523334
0.46351734
-0.8025655
-0.23230389
-2.5499182
-1.134477
0.29862893
-0.8914007
0.3707562
2.6788514
-0.59621775
0.86506796
0.14922926
-1.8158668
2.6183984
-2.4972534
-2.3292053
-2.156508
1.5323932
-1.2777276
0.4915176
0.71933645
1.9932847
-1.0194151
0.45558313
2.6930306
-4.6539
-3.4809558
-2.9353821
-1.0832603
0.9698595
-2.9457386
-1.521362
-1.0005188
-1.4524798
0.02159892
-1.033118
-0.82734984
3.7315397
-1.9866744
-0.0073068067
-1.3010334
-0.87361264
-1.8414139
4.124523
-0.80385596
-2.235841
0.30602452
2.059818
-2.5370665
0.26633698
-0.32015425
-4.720572
-0.8738874
2.765787
4.5453773
-0.014440075
2.898835
-0.793467
-0.10311957
-1.5756252
-1.305833
0.9013585
2.9052982
-4.2585306
0.6300792
3.4004257
2.1554446
-2.0584764
-2.8051996
0.659051
4.707737
3.1428483
2.2741961
-2.0649095
0.772838
1.1626856
-0.37947088
1.4742237
2.6049998
0.32873875
-1.648213
0.3656108
0.22187567
3.8329384
1.7089943
-0.72760904
0.6890227
-2.693123
-1.7192947
3.866889
1.8466054
-3.1349459
1.8045914
-4.4576035
0.95556015
-0.60721815
-3.4135237
0.49842632
2.819941
-0.3183642
-3.2500658
0.5214685
-0.8644771
1.2804208
1.4770339
3.241501
-0.37326092
0.8891154
-0.39318717
1.2969613
-0.337762
-0.2536497
5.0453296
1.5212502
0.9239272
-0.7509059
-1.1243988
1.8685219
-2.9233878
0.99973124
1.8251896
-0.40174687
2.8483362
-0.75530493
1.6901126
-0.16265026
2.2847712
0.58031905
0.14207813
-1.469228
-0.3559597
-4.9845424
0.5082103
-0.40993398
-0.2592017
0.33467805
-0.77036643
2.7337534
0.18589228
-1.4409584
-0.9120197
-1.2922038
-4.9400682
-0.0546993
-0.16567461
-1.1861593
-1.4820354
-1.1879904
1.1015915
-1.6566101
0.38755876
0.10514917
-2.21289
-2.0019648
1.7939999
-2.6035988
-0.089732386
1.3942488
3.8323607
2.184578
-0.641183
-0.2446162
1.2496583
0.37467512
-0.64557695
2.750487
3.103052
0.8109452
0.22959587
0.22602484
1.9197897
-1.8928982
0.28262234
-2.9196627
-1.7375277
3.1302547
-2.6111224
1.4704344
-2.1673856
0.3198489
-1.6521236
3.0621648
1.5557449
0.54941624
2.249728
0.17563212
-1.3126857
-2.5366673
2.3198106
0.9285649
-0.20370147
-0.97355694
1.7376287
1.8252474
-1.4046019
-3.6664505
0.096355215
1.1053734
0.6284271
3.3785524
2.897185
1.0600581
0.075744554
1.6419008
-0.12737206
-2.6291974
-2.225855
-1.5818703
2.0198486
-3.376525
-1.0721173
-1.7712469
-2.199563
-0.83853453
-2.8825927
0.59924185
-1.559224
-0.5688001
-0.21622477
0.6840438
0.12100677
-1.0542097
-2.0420434
1.7363005
5.2613525
2.515462
0.8322857
-0.44632453
-0.091959916
2.4627123
-2.08447
-0.035802707
-0.7726898
2.9356396
-1.5099764
1.7018806
-0.06565508
2.0085347
-1.1370912
-0.7833728
1.3929553
-0.62701076
2.829887
-1.1475692
0.0577062
-3.7253191
0.30329445
1.8778014
-0.11738137
1.7953761
1.6031153
0.06513072
-2.0343568
0.31141174
-1.3173913
-3.618882
1.0851822
0.61040187
-0.20572707
4.496411
-0.13594654
2.1507168
4.283215
2.9932292
-3.4261558
2.7444482
-1.2071526
1.1082739
-0.508582
-0.94679105
-0.44558322
1.0795276
-1.0936918
0.43267593
3.934651
2.461456
2.3693788
2.4565177
1.8329309
-2.085205
4.0543103
2.92899
2.9740496
-1.0448383
-1.4658759
-1.6012597
-0.08246433
-3.525158
0.045201585
-1.3099931
0.5925017
-0.18731606
1.1637449
-0.0015882552
-1.9995323
-0.50294524
2.8124068
-0.6425746
2.0489578
1.4905031
2.2592385
1.3722161
-3.0160115
-0.85302293
3.8271263
4.3959904
0.43818542
-0.6335331
-0.5103375
1.7049984
1.2772154
-0.15553793
1.8071774
-3.8481166
-1.4847206
-0.42886353
-0.07040382
-0.2982251
-0.61020136
0.77846354
0.4325451
-1.383752
-1.2885824
-1.9845371
-2.327072
-1.4691224
-1.190593
5.631436
-0.13112485
1.4494727
-2.380044
0.8422165
-2.545434
-1.2912873
-0.20962231
-3.2169309
-5.890104
-0.43288273
3.4960792
-1.3219444
-0.9642691
1.7282819
-2.9472647
1.600521
0.64142746
-0.63719624
-0.12651107
-2.6716125
-2.7967403
0.009802103
-0.16650511
-0.7093751
1.5857522
0.7838189
-4.369226
-0.46453494
1.4871241
2.0368223
-0.18739526
-0.040865414
-1.361227
1.0831591
2.4027426
-3.477944
-0.21612716
-0.3115735
0.47084022
-1.2033876
-0.16964021
-3.0150185
-0.9646776
0.6199106
-1.5394703
0.79425603
-0.44142947
1.3791022
0.6736975
-0.9991006
0.65346885
-0.02415774
-0.28614902
0.39210087
1.3024275
3.1825457
-0.7842384
0.98282695
-0.28336003
0.4918171
0.4672868
1.2512683
0.370692
-4.444055
2.0401359
0.09026938
3.9793315
2.514112
-1.4047003
-1.1758211
1.1483986
3.6370177
-0.9099272
-0.7956616
1.964665
-1.2024177
0.092136055
-0.39444837
-3.2620735
-0.8202901
4.7693357
-2.0067046
0.4393561
2.3389935
1.694485
-0.13762894
1.511965
-0.74427766
-2.811931
1.8062818
-1.5945748
-1.2646396
1.236156
-2.2456565
-0.5047572
2.7234662
3.0603042
0.7885695
-2.4834876
-2.967068
0.8508244
-0.4312217
1.4447111
-1.1127865
2.338794
-0.466529
-0.010481197
-2.2397943
2.3505354
3.2154331
-1.1366338
-4.1728945
-2.747679
1.1346214
0.03101391
-1.283139
-2.3835783
-2.2839508
4.787507
-1.9138447
-3.1063619
-0.7630117
1.573446
-0.12911636
1.0313709
-0.0033850446
-2.261734
-0.6948433
0.1525327
1.2731532
2.761809
-0.48682198
-3.4504423
-1.14491
3.8316069
-0.51036257
-3.8764625
1.9556351
-3.313218
-2.6310368
0.5085649
0.9308758
0.008152254
2.8357058
0.69002265
-1.7252067
-1.8736703
-1.5232575
0.6820003
3.0031776
2.7165701
3.1459937
0.4583999
2.021594
-4.365882
1.2617023
-1.8984089
0.5439851
2.379681
-1.3843998
-2.3457851
-0.0005925335
-1.4145372
0.40784913
0.47057796
-0.5052462
-0.38814342
1.0668766
-0.12918118
-1.44742
-1.6596955
2.503841
-2.6008427
-2.6474867
1.0465944
-0.19751787
-0.13196312
1.8981134
-2.009035
1.653865
0.44501078
-1.7745886
0.868415
-2.0485837
0.039427876
-0.031961672
0.99159694
1.2137841
-2.9523559
-1.6078639
-1.8010834
-0.27295238
-0.42515403
1.7229868
-3.8447812
-1.614408
0.74268717
1.0345727
2.8742073
2.0263705
-3.216433
1.8898338
0.9002412
-3.1766062
-0.32864264
1.5356013
-0.81694734
-1.4034095
-3.9928946
1.0745426
-0.68363976
-0.6492155
-1.3146316
2.0403414
0.18771315
1.2961987
-2.7739763
-2.2685156
-3.475352
-0.070533745
1.0893266
5.3581395
-1.2605538
-2.0352774
0.5900715
0.43656006
-4.5611305
-2.3842752
-1.7930669
-0.67465186
-2.4636207
-2.5073524
-1.9606557
0.4266834
-1.4392923
-1.0748203
-2.3565865
0.849034
0.07746697
-1.2415309
1.6456076
0.8391364
-0.71916234
0.58608425
-0.36603087
-0.79161936
2.7088988
1.749799
1.6250006
-0.6498283
3.2426302
-2.0255635
-3.4276445
0.5301126
2.421403
1.1744595
3.23799
0.9874629
0.26787832
-2.1667802
-0.38142443
-2.083199
-2.0263212
0.44514948
-2.316094
0.42209426
-3.8035529
-0.2900271
-1.6109368
-0.007998988
2.4595358
-2.1531126
0.269652
0.6123521
-0.27603623
-2.6699467
-0.77372545
-2.9574244
1.5788817
-1.4882088
-0.36587787
4.1154795
-2.4044945
-2.3916585
-1.5037079
-1.7463673
1.0819321
-2.5356388
1.6566116
0.21496785
-0.9362882
1.3101526
0.3092614
2.2088413
2.8470883
-0.57447124
-0.0010584667
-0.6679929
-0.4485855
3.5441298
-0.9244172
-1.517136
3.1026266
1.3572545
3.4931712
-0.415611
-3.2783062
0.11154788
2.7042627
-0.6702678
1.4604275
-0.13452992
0.7586676
-1.7870207
-0.12006242
-2.7658856
2.382616
-0.08521793
-0.42349136
2.9426687
0.6337037
-2.239673
1.53789
0.37696317
0.85371166
1.5436468
-4.323914
0.59028244
-2.1186044
1.9077512
-3.0372407
0.70210445
0.30996916
1.3090086
0.0036284924
-0.8137109
1.689358
-1.5824305
1.2463665
1.5074041
2.2237175
0.17194696
-2.6842544
2.2923853
0.85598487
0.08503414
2.8459966
1.1524366
3.8415887
0.68095
-0.64629567
1.2108229
-1.5884237
1.9603233
1.6167859
0.746013
-1.0602328
2.16838
-3.416359
3.5138845
1.5828065
-6.345873
2.4252844
0.1465118
-2.2454767
4.265043
-1.8095238
-2.8166783
-3.793041
-1.1256126
-4.4425173
-0.26333892
2.8680472
2.2229385
-1.6010975
-1.0964006
-0.004181549
-3.310513
0.5676858
3.2297661
-0.7447827
1.6424853
2.3683798
-0.24233457
-0.533389
0.074401945
-1.9692429
1.8808278
0.92472154
-0.8436507
3.460035
2.2386203
-5.1815286
-0.6266463
-1.5318394
0.4415635
-0.8843112
2.290736
-0.98598915
0.75803137
-2.8333855
0.19249734
-0.9243545
1.0280988
-0.01924859
-1.3544766
-0.6478291
-1.1143013
-3.7024305
-1.7713541
-0.3296586
0.17259246
1.2563206
-1.3285474
-3.1148963
-0.41733533
-0.7310434
-0.83881694
1.1828145
0.81475693
-0.94120544
-1.0021493
0.09862618
-2.7414687
3.0773816
2.673041
-0.3891723
-1.6715381
1.0963682
-2.4416873
0.39130554
-0.46967635
0.4246744
-0.65648395
-1.2989544
-3.5060358
-1.2929323
-2.1405652
2.9863453
-1.4731123
0.600466
-1.7407669
1.2980125
-3.3453457
-0.47497985
-1.4153028
-0.13099715
-0.24662863
0.58712435
-3.6544728
0.5312532
1.9138789
3.067561
-0.28453663
-2.3229802
1.9460726
-2.97051
1.0146195
-2.553003
1.404988
-0.26632485
2.9489446
-0.86258394
-3.4659863
1.271248
-2.275785
-0.9892714
-1.8451117
3.5021267
1.5769197
0.83062446
-1.4043095
-0.18573835
0.4049495
0.39132503
3.181111
1.0050567
-0.17027554
-0.029591113
-0.5394729
-4.2636223
2.4140937
-0.45482737
0.008138388
0.26638946
-1.6886438
0.08855965
0.39756826
-1.0062219
1.512056
0.42620537
2.0384927
0.08772196
-1.2121457
0.14771973
0.87935644
-1.765956
0.4167388
-0.35616738
2.8170352
-2.038035
-2.091172
2.058446
-1.9023962
1.127206
1.282256
1.319465
-1.0566591
1.3028152
2.1269732
3.6408062
-3.8368146
0.8820773
-1.7148509
-2.9183407
-3.2952547
-0.13735059
1.4198889
2.3556604
-1.5873457
3.2758543
-0.009136371
1.4596305
-0.25045264
2.4274263
-4.56009
-1.5672299
-2.295508
-1.2311517
4.2608533
-0.5310525
-0.65510756
-0.23790333
0.5180397
-0.4968636
0.5738867
2.6965828
-1.4077816
0.028776638
0.24035901
-1.6191672
1.2050786
-0.89868504
-0.3300991
0.76130456
2.5870442
1.3617256
0.5610131
-1.6563593
-0.49216494
-1.7171301
0.4439717
-1.146336
1.1264875
-0.5961381
3.3013215
-0.9289278
1.5362686
-0.28426078
1.0724988
0.79633087
2.1922762
-0.9381958
0.9061884
-1.1724968
-0.9879634
-1.0688666
-0.17680979
-1.1009243
-0.77214825
0.97465396
-1.2185427
-0.21048401
-1.158411
-2.9067929
-3.64835
-0.22856171
1.011095
-2.746393
-1.0134779
1.5906321
0.1773319
-0.4924505
-0.6266204
0.69887334
3.2564664
-2.1715326
0.27760747
1.9421697
-1.2485518
4.116384
1.3727648
0.22597477
2.3270314
0.82236075
-0.9228875
0.5210209
2.2328372
1.616665
-1.9519811
1.3433015
0.97959185
-1.8822293
-0.60990024
1.6678705
-0.2225677
-1.6885939
-0.16000333
-1.4505529
0.025234152
-1.5688014
0.63034177
1.9833441
-0.1403439
5.656488
-0.76842475
-1.5896678
0.99403626
1.985837
-0.2902159
-3.5690696
-0.10690891
-0.36393154
1.2709907
-1.8671191
1.8345699
-0.51859933
1.689229
-2.3183975
-1.8473341
0.51826686
2.4013174
-0.14063135
-3.521459
-1.9703149
2.530443
0.88030046
0.29733658
-0.9923555
1.1262931
2.892478
-0.054589547
3.0909007
1.2486582
1.5176549
-1.7487288
2.2441297
-2.7235093
-2.3714943
1.3385549
-0.12548426
-1.3901551
-0.33527818
-2.453448
-1.1411822
2.4879296
-2.4187825
-1.4295723
-1.6714787
-3.0962121
0.16708319
-0.07985642
-0.17491159
-1.8074505
-0.27343535
0.4762314
-0.29606885
-0.63123065
1.0477118
0.34490374
-2.5429907
0.9398519
0.9649617
4.2746105
-2.349505
-0.5929562
-1.2961173
5.710718
2.4138105
-0.13922997
-0.2082919
4.008499
1.1798326
-0.70265174
-0.7293564
1.452617
0.4082998
2.148114
0.24476074
1.936371
1.569992
-4.134774
2.4515643
-0.94180506
3.736884
-1.3307697
-1.6293527
4.121386
1.5812201
-2.7133293
-0.2913923
-1.0932006
-2.6223876
3.060735
-0.8834652
1.8993511
-2.9984152
-1.24466
-3.0270958
0.7558824
2.7169983
-0.8671182
-1.4899963
-2.1564393
-1.135728
-3.6772952
-0.031022146
-0.497507
-0.6698704
5.037266
2.6760542
0.64541566
0.798879
3.8115585
0.9139464
2.2518759
2.145146
1.5450544
-1.2116469
-1.1775542
2.2566202
-2.8538647
-1.5255934
0.06710309
-0.4853366
-0.06908065
-1.7569689
0.26296622
-2.3681102
1.0062696
3.883258
0.03185541
-2.2846117
1.6526972
2.0583615
2.3705645
-1.034539
-1.7180907
-1.5799341
0.7974501
-1.7866184
1.2929014
-1.0030047
-1.095209
0.27116427
2.8088408
1.0123744
2.6761608
0.47161388
0.01728296
1.192002
-2.708265
-0.48117065
0.5067632
2.3501453
0.9841671
-1.2044669
-0.08133854
-1.7670168
1.5564873
-0.4937812
-1.0129528
-3.5286121
-0.55737954
0.42854714
1.1794548
2.5164542
0.9468166
-1.6219509
0.76408553
2.0691571
0.9247111
0.2815703
-1.8605883
2.3670168
-0.06676165
-1.7332884
0.50584644
-1.0583698
-1.5544428
-1.8323247
1.1128215
7.3684163
1.515597
-1.5390453
0.058885545
0.30765828
2.3351579
-0.83800036
1.1224461
-3.017647
0.4630759
1.7239748
2.3820238
1.077429
-0.45894563
3.4946568
0.078482695
-1.7615825
-0.052391097
-1.3484138
2.9698896
-2.2635145
1.9761592
0.5887876
0.26281452
0.12311661
2.1453216
-0.014038108
-0.51542056
-0.18989424
-0.68211627
1.053109
1.6093009
0.42148906
-0.19647312
2.0532804
0.7642813
-0.7863093
1.1018167
-1.3111262
0.8675786
1.8027081
4.2915254
-1.166134
-3.515178
-2.909711
3.4790378
0.54490435
0.4599276
-1.290573
-0.9220192
-1.05313
1.231282
0.6900643
-4.0991836
-0.7656142
-1.4289602
-0.94435495
1.7878734
-0.88965225
-2.101929
1.7464979
-1.3564084
0.6419475
0.38727948
1.4704647
-0.58460724
0.4845154
-1.2151521
-1.0012612
-2.2269795
-1.0387337
-1.1231416
0.22588252
2.3383274
1.1359645
-1.8256379
1.5215287
1.9957637
0.37342942
-0.64506406
2.063557
0.727594
0.14943251
0.0986953
3.995772
-0.62077814
-3.114832
-0.5339472
0.5010579
-1.6735758
1.3896146
-0.20838195
-0.7210142
-0.21764478
1.3219023
1.0098114
1.5908588
-3.3816981
-0.25529012
-1.6287348
-0.45690024
1.6173556
2.8427374
-0.7324537
-2.772295
-1.0943797
1.1774607
0.15379858
-2.4507933
4.194112
0.48818004
-2.5369678
0.44742894
-0.96562314
-1.3944151
-5.1383576
0.7772292
0.8445374
0.8827205
1.6648883
-1.0543839
-1.3725318
0.13053255
-0.29565704
-0.27844906
-1.0071367
0.22699177
-4.032847
0.31682432
-0.81899095
-1.5148053
-1.2006842
1.7582067
0.49728322
-1.5741516
0.49130437
-2.3081715
-0.08425949
0.91958994
-2.2994637
1.0144962
2.8151321
1.7555844
-2.375703
-1.1140655
1.2615294
-0.5245121
0.9067565
-0.21037525
-0.10385249
-2.6651535
0.6463436
0.36581832
0.6646524
-1.1234084
-2.5601382
-5.2954793
1.3100908
-2.803392
0.31419212
4.3065763
-0.045305066
0.8760368
0.59958225
-1.6737224
-0.61806417
-0.3763148
4.7110143
1.3382844
-0.7618277
1.6017158
-3.2310128
-0.32096833
-1.5291957
0.79346246
1.8407606
0.53421026
-0.7902333
-2.0942264
-0.8814422
-3.2177866
0.78421056
0.37484208
3.868296
1.2029167
-0.41239873
-0.29446855
-0.19228306
-0.634808
1.12157
2.7241554
-1.805288
2.4084544
-2.0758297
0.7770039
-1.2805129
1.7973332
-2.7830234
0.12325885
-0.30716363
0.2217471
0.70320773
0.02693113
-2.0245173
-2.3398745
1.9510703
-0.06662687
1.8151793
1.9608523
2.5538645
0.6709972
-1.6652374
-0.4755277
0.5035317
-0.91535777
0.62737155
-1.4203432
3.7399256
1.1544297
-0.9521694
2.790267
0.46131566
-2.5746627
1.3655187
-0.3752674
0.84645134
0.94201374
1.0565321
0.706468
-0.14708334
-1.4661071
-3.7808716
-0.71413946
1.1944393
-5.978785
0.15887994
2.1540627
0.9452526
0.9050861
-1.3359655
-0.74614525
0.29535404
-2.1714447
-0.047094375
1.1387522
-1.3063565
2.0891817
-3.5738904
0.3346285
-1.6176984
0.13029209
3.068665
1.9030081
1.9869658
-0.35379294
2.7578518
-1.3953617
-2.557775
2.151014
-1.6340963
0.26613033
1.1779009
4.0202403
1.3642584
-0.0688837
-0.2642092
1.0037388
-1.2603039
1.2095374
-2.6327438
-0.87336415
-1.34432
-0.15032604
2.1193385
-0.27823108
3.2491903
-0.1892491
1.0668682
3.215483
-1.2192855
-2.2427382
-0.74714166
-0.8848276
2.6298227
-1.7461116
0.49427375
-1.2512876
-3.1382382
0.07123601
-2.5011513
-0.28709355
3.6270294
0.7097234
2.0679855
-0.31119874
1.8291634
2.9433484
0.58010894
-1.1018456
4.2403774
-1.2481803
-1.2823586
3.5394542
0.36631325
0.8574414
2.1354682
0.61069745
-2.2121558
1.1469198
0.7975382
1.5709202
1.4858512
-0.17635895
-2.8387175
0.36840716
-1.3154753
-0.44085568
0.50937825
1.3710625
1.0640779
0.22013538
1.0773671
0.3133092
-2.0976672
-1.3896393
-0.761952
-1.4464694
0.15069002
0.7840931
0.51772684
0.7187489
0.30826434
-5.3191385
3.5761604
1.0261592
-0.642047
-0.6356639
1.2716764
-0.33369085
-0.81046665
-3.0752993
-1.1774395
2.0829563
-0.12282095
-1.9288417
-1.3849592
0.08768017
-3.171854
-0.05843659
3.4179564
2.4905314
0.9420899
-0.5686266
-0.44539332
1.2086161
1.477598
0.28215885
0.40183854
-1.1157966
-0.48444158
2.9870603
-2.2563674
-0.47040218
0.12672044
-0.42504513
2.1848798
0.85973096
2.7731178
0.9407968
-1.9810748
1.6873252
-1.0878035
-1.0315007
-1.4154613
0.004690971
-0.05545589
0.6653578
-1.7215925
0.06571891
1.919629
-1.4735304
-1.0482571
2.3192537
-1.8241976
0.70144314
-1.8778948
0.028489985
2.4934404
-0.098445155
1.4702309
1.9378034
0.053898484
-2.4082437
-0.61593884
1.9043636
-4.0818524
-2.1375165
1.1792864
1.5366184
-1.0096492
1.0442898
-3.6667433
-1.7529874
1.762787
-0.4784205
-1.380712
2.1339355
0.5760151
-0.55026996
-0.114853874
-0.82967794
0.07873775
-1.867218
0.13007483
2.6194947
1.0911192
1.3058244
-2.181897
2.602766
-0.3256968
2.368802
0.12135705
-0.6759416
0.32415628
0.05212858
0.5056041
0.15534201
1.1955875
1.4946171
2.568039
0.77686834
2.0503953
2.0102901
0.5180414
1.30147
1.3123373
0.7326485
1.2162865
-1.0928031
1.7074487
1.8117553
0.3990593
-0.28202313
-2.0751743
-2.4795063
-4.3633494
2.6039462
-2.0663898
1.2523553
0.14571783
0.03728139
-0.86361134
1.5077157
-1.6609372
4.704404
-1.6226665
-1.6679925
-1.0835758
-2.2529356
1.8720018
1.3799458
2.1534646
-0.8453223
2.7410386
-2.93232
-0.16244668
-1.5355154
-0.21004659
-0.17175543
2.377656
-0.6347757
1.7450463
-0.43275523
-0.7276493
-1.5208431
-0.07267319
0.1072651
0.9226689
2.2550557
-1.071909
0.32502547
-2.169243
0.4916863
0.9673708
0.34205747
-0.08983396
2.2020438
-0.13804805
2.335721
-0.5617074
-1.5344943
-0.3717674
0.7912629
0.5146787
-1.1380694
0.7288569
2.3414855
0.5487143
2.7053647
2.5654807
0.6898783
1.9837844
1.1031278
-1.214762
2.0839608
-1.7200719
1.6251644
0.55168897
-4.3046145
0.29284614
-2.6144109
1.8284934
3.049909
0.9499995
1.0224369
-0.7787236
-0.008717686
1.8693558
2.8857043
-1.3407335
0.37009
0.697709
0.3299967
-2.154099
2.3342576
0.36523077
0.6911833
1.9232839
1.198344
0.36601853
-0.3633416
-2.6110108
1.4006873
-1.0184548
0.06775306
2.9702566
-4.41222
2.856537
-1.7182049
1.1788863
-3.518939
-3.1011875
-0.60889065
-1.9572577
-3.9256568
3.2589436
-5.58005
1.6819712
-0.78617764
-2.7044406
3.8292367
-0.79611486
1.7126024
2.627097
-0.600537
1.738341
-0.7647667
0.29562658
-2.6789105
-3.5486636
-1.7479153
2.1165137
-1.8452502
1.9183271
-0.047331013
1.8881078
1.4191068
-0.146308
-3.3172216
1.9462217
-0.6827043
-2.7498226
0.4117619
-0.4261924
-0.5063495
2.0829468
-2.5990186
-2.7270465
-0.17522016
1.3150707
1.7675803
-1.1747509
2.4381306
0.10460105
0.23382814
2.1433306
-1.8731365
0.68317455
-0.62524164
2.3011959
3.2639203
0.71029794
0.3139204
0.51104796
-0.6197957
-1.7059487
2.1898935
-1.9011859
-2.397521
-0.99116814
0.39066225
0.8931997
-6.067049
-2.1072392
2.0978515
-0.49638066
1.4309077
0.49886277
2.2472174
-0.18252674
0.38039124
-1.5550735
-1.3094295
1.9675671
-0.7490697
3.103701
0.2434938
7.0179567
-1.8147726
-0.57867914
-0.7090434
-2.1953409
-1.1113882
2.2335296
1.2362626
-1.9785348
-0.005102515
1.9242735
0.12944923
0.8734571
-2.4839334
-1.0081778
1.5783778
-2.108055
1.0034505
-0.9169527
-2.905914
2.8580344
1.0353383
0.8176294
-0.33856145
2.9692307
1.8475976
0.75612414
2.310129
1.0685638
-2.196634
-0.07382422
-1.208561
-3.182474
3.5827925
0.61719847
-4.553915
-0.5882988
-1.095387
-2.672277
-1.734342
-1.5358557
0.22873425
-2.2023566
3.2651317
0.57119626
0.0025455207
2.4373484
1.8169432
2.2184422
3.290897
0.12681852
-1.1126603
-0.4341674
-2.945413
0.024900865
-0.549489
0.49854466
0.968318
0.22779916
0.352104
1.2006031
2.3028185
1.886182
1.8848059
1.8858265
-2.2422688
-0.7912981
0.7128477
-0.29391932
-2.4608653
3.426399
0.6277965
3.4821215
3.820932
4.018723
-1.5463166
-1.2822646
-1.6909398
0.057471573
1.1636332
-1.8684043
0.6703218
-0.3600109
4.346835
0.26699698
-0.5330757
2.2909071
-0.5696128
0.29348764
3.3242118
0.3712669
-1.2563448
0.915968
-0.22856197
2.2737823
-2.823385
-0.93574417
-1.941625
-2.7188609
0.5271753
0.23542258
4.059477
0.23910017
0.04640436
0.2691357
-2.4372969
2.27752
-0.80447626
0.19264406
2.2421722
1.6199899
-0.23129345
1.4058379
2.2487984
-0.8888646
1.7754282
-0.032185845
1.5200646
0.74178743
0.48903325
-1.1195865
1.4152708
1.8892547
1.5716882
-1.4818506
-0.16433126
-3.3956609
0.76256096
-3.6874259
-1.2289845
-1.1326908
0.46339202
0.1293103
0.7797513
-1.9407762
-2.379183
-1.1296144
3.229899
-0.8791659
2.0512962
-0.045384467
1.5340408
1.2268192
0.19346851
-2.173303
0.5007077
-3.086705
2.045374
-0.23011637
-2.8629084
1.8634686
3.1663432
-0.6209143
0.59525496
1.3176858
0.51606274
3.2244701
-0.76263344
0.5030977
-0.2995591
-0.6599151
1.7970965
-1.1120907
-3.262265
-2.780072
4.5427756
2.1640584
-4.0654936
-1.7048517
0.99870425
-0.5484199
-2.3095334
1.0949113
-1.6457912
-1.5374933
0.9711009
0.27208418
-1.3966697
-0.33855078
3.1225662
1.2356585
-0.511661
0.34450537
0.80503553
-0.023038268
1.064213
2.151074
1.1484191
-2.5401947
0.737094
-2.0930698
2.6658869
0.027252592
0.7293497
0.27522716
2.6799347
-0.77243006
-4.370481
0.4453301
0.77220416
-0.1273761
-1.2401019
0.040183228
2.29815
-0.7936274
-0.53067833
-4.1153936
0.42344326
-0.87185454
-0.8875337
1.2134688
4.6220756
-0.57899153
0.20017093
-2.4761531
-0.7673987
0.48740363
-0.021902569
0.074760646
-1.8740791
3.674939
-0.048597313
-0.6016849
-2.3196824
-2.5213375
0.5650528
-2.794672
1.0741624
2.1608918
2.1987062
2.311023
-0.14121166
0.47951713
-0.7884081
-0.28354424
2.0707295
2.113218
-1.0010633
1.7480364
-0.37218705
-2.3822248
-2.1638024
-0.45623973
1.557281
-0.6689242
-0.4024424
-4.630624
-1.381962
-0.40938228
2.7014122
0.7981654
-4.9157085
0.26653117
1.4150715
-1.2449517
-0.5255426
-0.17197242
-0.067770794
1.5309954
0.55894226
1.1353278
2.9660184
-0.2381134
0.44256186
-0.6470247
-3.2568743
-0.8962035
1.4841213
-2.4446423
-1.8274207
-1.6463851
1.624271
-0.37967205
-1.2255625
-4.0074325
2.860019
-3.6629858
-1.0124534
0.64248526
-1.7646716
-4.6526628
-1.4086597
1.9162152
-3.000417
0.48151273
-0.33952385
-2.1661718
0.099207535
1.4996318
1.7100044
-1.9998473
-0.39201564
-2.18771
1.687203
-0.8363907
-0.71275085
-2.1317115
1.8765159
0.3503855
3.0555453
-3.092265
0.40231502
-4.452144
-1.1025338
0.61712986
2.6181748
-0.29237846
-0.05624395
-2.9111013
0.43355313
-0.26946
-2.1423743
-1.8331822
0.61093444
0.117552586
-2.463289
1.2575773
-0.5468066
3.4125128
0.41180336
-2.315023
-0.56191516
1.2712811
-0.8362275
1.6394126
3.3979933
-0.9122406
-0.45944378
0.09789547
1.32567
3.8542137
2.232397
1.489743
-2.6624434
-0.8034863
-3.982307
1.2699878
0.7829781
-2.752495
-1.929682
0.0059283897
-1.2479943
-2.2868676
0.6000735
-3.4263396
0.918412
0.117839225
-0.4070218
1.7688698
3.715465
1.4629703
2.8810964
0.6725028
4.7414074
-0.32334277
-0.2011384
0.26946315
3.241273
3.040779
-0.8576772
0.7403538
4.5021515
-2.5811672
0.95759374
1.457043
0.83346784
1.9608847
0.7655436
-1.3592172
-0.9651058
-1.5140076
-2.8232558
4.6215625
0.9902571
-1.6815174
0.24669763
-0.51687187
-0.9531692
1.1057397
0.020161688
-1.339183
0.5537397
2.242708
1.8640431
1.9433101
1.0719777
1.4718494
-0.20516315
0.026702516
2.0458283
-0.5962544
-1.9650866
0.8009757
-1.7760944
1.0921285
4.0325403
-2.2716272
1.7594857
-1.0095582
-0.29625845
-2.1249897
-0.8320638
1.1598498
-0.5237127
-0.9485049
-0.72193223
-1.2425228
-0.92218417
1.1505369
0.95940036
-1.8168137
1.9658413
0.97620213
2.0148306
-2.547946
0.09065811
1.0169442
1.6979825
0.4552144
-2.4725585
3.5309582
3.0234337
0.16471155
0.9889026
-2.157103
0.5621799
-1.8653151
1.6014808
1.3846295
0.8397111
1.6348243
1.2184825
2.6092596
-0.6128104
1.3417193
1.6828746
-0.44387543
-0.65471894
-0.14377978
6.037877
0.6536349
-1.6031325
-1.2018538
-1.0479448
-0.31827763
-0.5060049
-1.7687997
-1.72246
-0.99715817
-2.5116456
-1.012929
-0.3072368
2.8835576
-2.8450017
-1.9940296
-3.5197847
1.9629433
1.3664057
-0.18614025
1.500706
-0.18134245
2.5218756
-1.5803053
-1.4216022
0.21847518
0.5900972
0.02956722
-1.7681513
1.5521443
0.117996015
1.8051251
0.13736969
1.7947661
-1.7329506
-2.4552412
-0.4959768
-1.2838151
1.0332434
1.0569749
-0.73962504
-2.500692
-1.3990686
-0.49713546
0.7832661
2.244388
2.2487748
-1.2938014
-0.55175835
-1.5371436
-1.4972556
-1.0981828
2.6273503
-1.3046027
-0.94263965
4.7761273
3.9017925
-0.78720057
-2.0473816
2.8080623
1.1615154
1.7563032
-2.2023654
-0.56020975
2.0362444
0.97801244
-0.37922966
-1.6347355
2.667295
1.648286
-1.2188132
-2.646582
-2.7084622
-0.114485845
-2.8217793
-0.8050709
-0.11526151
-1.9168644
-1.3720851
-1.525649
-0.74001414
3.2569005
2.4195755
0.45583525
2.5520504
0.943273
-1.818011
-1.1868234
0.65222293
-1.9477099
-1.6276505
-1.1364195
-0.33354354
1.587717
1.982704
1.2746602
-0.8807898
-0.44862062
1.2974095
-3.2169883
-0.8822805
1.1462716
0.93198305
-1.0259744
0.39205295
1.4842205
-1.3949386
-1.1445465
-1.4012672
0.77765113
-3.6696272
-1.3286281
-0.10727504
-0.5596445
0.9345506
-3.8876848
-0.52512264
-3.9521606
0.040238097
-0.8876007
3.276638
-3.1311727
-0.6082865
2.205166
-1.5350794
0.1604861
-1.5930432
-2.9219155
-2.0289674
2.3412006
0.94618833
0.6994793
-1.6818043
-1.0592431
-2.2802632
0.2207559
0.61204565
-0.23920691
2.3363276
-0.96335787
1.607134
-2.4376378
1.3533098
-1.6493806
-1.6665481
-1.0375252
-5.571682
0.9269648
-0.3061447
1.791713
-1.8289132
2.582698
-2.4199622
-1.177063
-1.5656822
-0.46169648
2.3808315
0.122243896
-0.19708878
1.1489357
-2.2125933
0.61020404
-0.94614714
1.2184546
1.8841245
0.26076403
-1.9881349
3.288249
-1.1006521
-1.7793638
-0.19406666
-3.3201854
1.8349086
-2.2949586
1.5143694
0.2707757
1.1596537
0.7002285
-3.1551042
1.1432601
-0.052263387
1.3998961
1.9979982
-0.34780267
2.2566724
1.5197558
2.1166406
1.7790525
1.1161591
-2.5395553
1.5581007
1.4462792
-1.0363472
-1.3750942
-1.5552287
-1.8279004
0.83406234
-0.8278207
0.8031491
1.3899622
3.709878
0.68303716
1.4770243
1.3153338
-2.7012265
-3.8915758
4.26643
1.0759
-2.6328197
-0.8173838
0.13558204
-1.9270462
0.6329743
0.8671529
-0.12190171
-0.37473303
-0.58462805
0.46102166
-3.1280274
-0.039029993
1.0595062
-3.180777
0.0793529
1.8673384
3.5750706
0.6496235
-0.10012683
-4.1324663
-2.2343028
-1.2280115
-3.7525508
-1.4749179
1.1934315
-0.531397
-3.7130756
3.2099717
1.7464641
-0.87610435
-3.0776124
2.00655
0.7742378
3.0021858
-1.854199
-0.2701263
0.72242206
1.4317657
-2.8722682
-3.3117757
1.7289965
0.18764989
-2.736148
1.597413
-1.4598951
-0.2474212
-0.90577537
2.6787307
0.8684235
-2.1213243
-1.2532412
-0.83884597
4.5404105
2.1323264
-0.93765855
-0.2174826
3.28925
-0.1934759
-3.23213
-0.58684486
-1.6256632
1.4978731
-2.9464357
1.0332066
-2.150591
-0.3762319
-1.3828539
-1.0571234
-1.2011652
-1.1632043
-0.48120576
-1.5683606
2.3535078
2.0418167
0.6005783
0.5998582
0.4099971
-1.1872125
3.0555413
1.7756464
0.06388433
-1.7457141
0.9700341
1.6428394
1.2075856
-2.512474
3.4592993
2.6418893
-0.40819284
1.9510736
-1.148516
0.08047699
-1.3213431
0.16775233
1.1455693
-5.1313314
-0.49533027
3.5297544
1.6153661
-1.9776831
0.6406452
-2.097418
1.2216382
0.9312055
-2.700203
-0.26765174
-0.89518934
-3.759684
2.789607
-1.2536123
-1.2167722
-0.3453328
3.4886782
1.2083696
-0.27217668
1.446975
0.14364757
-0.7215787
0.48512024
1.492407
-0.1908277
2.8316355
-1.2437432
-1.2602097
0.31080666
0.88721865
0.25230408
-1.3405596
0.5230602
-0.59873754
-0.0630567
-2.691013
0.16441102
-0.9176665
-0.6681301
2.1373436
-0.2027676
-0.29434043
-2.9252338
-0.40889278
-0.27776054
-0.84474313
-1.7104567
-0.19050619
-1.4904658
0.47369683
1.4493489
-1.2672089
1.4367584
0.07255273
0.93390393
2.966269
0.43813178
-1.503923
-1.3018371
-1.3515847
-0.6610181
1.5745794
-0.77522254
1.2196064
-0.86384505
-0.54410017
-0.051275693
-0.66748244
-0.97682583
-2.5295217
-1.1232265
1.0577707
3.384916
-1.5646188
1.0903271
0.30442107
-1.298499
-2.0149932
1.0165834
-0.38848966
1.410364
-0.4232946
-1.5185536
2.7470527
-1.3491043
-0.0038461238
-0.53365844
-2.3052275
-0.8101829
1.0903795
-0.85017365
-0.028335467
-0.22623211
-0.22496828
-3.1110692
-1.1997932
-0.40970024
-1.8572688
1.5224125
1.1655608
0.60737723
-1.6484802
1.1548035
0.30495507
2.2318382
4.2310877
0.84289914
-1.332267
2.6855881
0.80649054
0.13665122
2.5535536
-1.0278931
-1.3403374
-3.8687017
1.1842486
-0.40181705
-3.2995875
-0.20906666
-0.8269248
-0.25712454
2.9985158
-1.830236
-1.4271188
-1.2826409
-0.76694906
2.0107448
0.8124308
2.7123358
-2.8564923
-2.2663417
-0.26075664
0.6478245
3.6035297
-3.0492911
-2.3945432
-1.6629273
-0.043566145
-2.9640808
1.4864521
-0.5660934
1.980733
1.2258425
1.9259534
-0.60471565
0.5097944
0.637831
-0.67107964
-1.5554217
-0.3332756
1.8582424
0.5234919
0.75608045
-0.5613914
0.54277587
-4.33549
-1.2916085
-0.8547593
-0.77614444
1.167947
-0.7444158
4.5149226
2.626241
0.5302954
0.47640032
-2.7293174
-1.5847675
-0.06235656
2.5113544
0.85685563
-0.10110988
0.3883373
-0.20410906
1.3287165
-0.91221696
-1.3263112
0.9173948
-3.128561
3.3690448
-1.7244995
-0.050031275
-0.8879533
-1.3266431
1.6657845
0.6542577
-0.029628582
0.6561762
1.1398283
-0.96395123
-0.947511
0.07441761
-2.7361596
-0.7041669
-1.7965786
3.0318792
-0.6061977
-2.148431
-0.14799178
-1.3786812
-1.2501792
-2.9989774
3.1922994
-1.5957066
2.568749
-0.30155754
2.7957177
0.7951136
-0.400718
-1.6894236
1.1669462
-1.6895137
-4.8025827
-0.8687288
-0.6761552
1.021656
0.5048871
-1.1437978
1.5320385
-3.2355723
-2.300328
0.11485447
-3.0787888
0.53134274
0.1599042
-0.95886266
-1.2764623
-0.6931892
2.716597
-0.6023728
-0.73968834
-0.6758706
-1.7074986
0.041927103
1.0632058
-2.7524638
0.5826533
-5.390884
-1.5599363
-1.5658158
2.4572856
-0.8671081
-1.152478
-0.39370224
2.3497155
1.6646813
-3.5089092
-3.211684
0.5507312
1.5423127
1.5817304
1.1278989
0.8407705
1.9049034
0.842346
-1.4391503
-2.8404927
0.6771022
1.3151393
-0.33826596
0.55023634
2.7987332
0.35523736
-0.09189149
-1.1911557
0.29731375
-1.4375896
0.19269624
-3.9124713
-4.8608813
0.28151864
0.6202964
-0.7530273
-0.9470787
-0.8055246
-3.7918658
-2.073294
3.59383
1.6751093
-1.6109487
3.8032742
0.12060433
0.6776386
2.407105
0.89321566
-4.5151086
-0.5698878
-1.6345683
0.8413409
3.536234
4.167339
-2.464235
-0.6303719
0.8783153
-2.247643
-2.2109408
1.94463
-0.68502736
-4.0707536
2.3370373
-1.4318264
-0.7340908
-1.2115192
-1.4304085
0.42200732
-0.69086736
-2.3568943
-2.0186012
-2.4621422
1.6620003
-1.8660764
2.4305289
-0.79239035
1.0573289
-1.632928
0.05493202
-0.43960294
0.29385436
0.41408846
-2.3600175
0.0027329214
1.3552728
0.4393511
0.68514764
0.33744478
0.22959387
-2.8532681
-0.51076955
1.5671313
0.37217838
-2.0809882
0.08790455
0.2179957
-3.3741784
-2.118376
-1.5805719
-3.6675267
-1.855753
-1.8470229
2.208195
0.18049139
-1.5934315
0.50529456
4.000589
1.9199842
-1.387176
-2.634068
0.55055404
-0.64626217
2.3368933
-0.7457584
-0.8342657
0.5790716
-1.2843884
-0.57184255
-3.2076058
-0.25623834
2.1616082
0.04602007
0.37879544
-2.4863503
-1.9334917
0.35705963
-3.1342053
2.628488
1.1742368
2.7103603
1.2891501
-4.4986086
1.0326395
-2.1391745
0.4935549
1.6665848
-1.5549717
0.3235141
-3.463527
-0.10486839
1.5408181
-1.7358336
-2.091676
0.9822392
3.0830631
3.3176095
-0.2986891
-0.17327362
4.8502684
-1.57247
-1.9417256
3.0814219
4.733142
-2.628343
0.57787913
3.8371394
1.5929661
3.6240802
1.7358843
-1.387292
-0.90159595
-1.8537171
3.4980912
-0.17875913
0.13212332
-0.30035743
0.68725425
-1.449747
-0.60283226
1.8251065
-2.0466816
0.8022381
2.7217991
1.5625275
-3.2698874
-0.061127134
-1.4967481
0.047827348
1.0822906
4.0445676
0.102771215
0.75572675
-0.003270708
1.7424612
-2.4167602
1.3918877
-2.3610764
-0.5680499
1.7242634
-2.460636
-0.85545886
-1.1366608
-1.916155
-1.3764334
0.80172884
1.026344
-0.13011402
2.2036045
-2.469908
-0.2905268
-1.0571196
0.65439874
1.4788834
-1.2076799
-0.69783205
-1.2584784
-3.5356655
1.4394627
2.2340543
-0.38785762
-1.3844081
-0.35756984
-0.34254032
-3.4385052
-0.03705819
-2.509469
1.169534
-1.0689403
1.3478483
3.1042452
-0.063004464
-1.8684968
-1.7946867
0.03650099
3.045961
3.7913852
0.6098466
1.8223608
-1.3112833
-1.0604024
0.9680207
0.43869546
5.86988
-2.4978092
1.1261156
-0.6734502
-0.018619463
0.15153557
1.9660695
1.863229
-1.4894495
1.030943
-1.6974171
-0.9609117
0.3174572
3.2786374
-1.7983135
-1.9429351
2.3984842
-1.7070487
-0.9814546
0.8461298
-0.2410397
-1.35821
-0.7903454
-2.6340177
0.859596
1.9047513
2.9396393
-1.4740673
-1.1880907
-1.9109395
-0.28607225
-2.864331
3.8348436
0.6688874
0.2309955
0.66067713
-1.206281
-0.040681027
-2.7246342
-1.8701916
-3.207883
1.0463209
-0.68665546
2.1630437
1.0977578
2.667403
-3.6920035
2.0774941
0.662878
0.2608887
-1.1729704
2.7348664
-1.3699619
-3.5318525
1.0110127
-2.8397732
-0.2465586
-1.4572972
2.4202037
2.362439
-0.1542607
-1.1575245
-1.2161782
-1.3250889
0.7291255
-1.243968
-1.1617972
1.1069276
-0.7496359
-0.19978388
-2.5850568
-0.00923859
4.9855657
-0.53105986
-2.1157477
-1.8090514
1.0695877
2.1127012
0.26299125
-0.37788123
-3.07771
-2.1254773
-1.6966865
-0.45684165
2.3413494
-3.1499202
-0.9469051
1.212279
3.115284
3.4883819
0.6911753
0.26760805
-1.2917949
2.6110632
-0.7367285
-0.01752624
-2.0435114
-0.7847763
1.7161795
-0.009172469
1.1165113
-0.56684583
-0.3899096
-2.5533853
0.59805423
-0.837762
-2.4200706
-1.070044
1.146063
0.21656483
1.982278
-0.18711302
2.3385563
-1.111701
1.4696625
-0.81318855
0.092363685
1.6939715
-1.0901812
0.37908685
-0.41220102
2.7012382
4.3109527
0.89550775
0.97056854
-1.5823271
-3.730004
1.3034251
-1.0139656
0.6829628
-0.5637445
-0.7613284
0.6784971
1.3897111
1.7918475
3.2470539
-0.23170066
0.19226077
0.70157886
0.31001267
-3.6072547
-2.2928247
-1.0134648
2.4965677
-0.23395714
1.0026861
0.82610947
-2.6907942
0.37883747
-0.69536555
0.6034367
-0.123163395
3.048415
-2.4921248
1.7329983
-0.9106325
2.353543
-0.44181243
1.2295697
2.2194421
-0.9234171
-0.67706454
0.3657016
4.1431537
-1.5522944
2.6907248
0.5558817
-2.1294386
-1.8272938
-1.6119674
-2.3953166
-0.34448853
2.795967
-1.3274193
-0.36036313
5.0585628
-0.056788594
1.328607
2.9149008
1.6637481
-0.27376905
0.40132383
-1.2265512
-1.8797457
0.22199263
-0.050779738
2.0738351
-3.880815
-2.6708834
0.60484546
2.4398444
-0.12828708
1.2052548
1.8851621
-4.6637526
1.4144207
1.991835
3.6418202
1.9156737
-0.90967673
0.38805002
-0.1426294
0.15684706
2.6126056
1.3381222
-0.656389
-0.7342478
0.6218136
1.509698
0.55211717
-1.1582626
-0.613974
-0.40507302
-0.34110332
1.0163429
-4.2183433
-1.4099044
-0.07965613
1.8382254
-0.003412012
-1.5501963
0.53910446
-0.99085766
-0.43968424
-0.8812975
2.1494644
0.44192123
1.052534
-2.7001152
-0.49892548
-0.3001486
-1.7776455
-1.9225441
0.9701236
0.067137085
0.35005426
0.36393324
-2.5416107
-1.71834
0.10613131
-1.6133809
2.546383
-0.21111275
-1.4254022
2.242293
0.12766007
2.303895
-1.3965853
-1.0658717
0.18868732
-0.84523195
-0.14083393
2.3169565
2.2420292
-0.33924615
2.4207447
-4.342157
-1.1129392
2.6185434
2.5464864
2.1476266
-5.594666
-1.9462582
0.87016106
0.43243754
-0.71775866
2.272675
1.8440037
-1.2302717
-1.7398633
0.41110286
0.6631159
0.97033983
-1.4688389
1.2745668
1.53529
3.0084567
-0.6882977
-2.6433096
2.9467206
-2.0777404
-1.0766708
-0.9071525
0.86730117
2.3544443
2.2084436
2.6445117
1.6035267
1.9793147
1.2886084
3.869535
-0.62994736
1.6540598
-0.97301495
0.86121505
0.87292546
-1.5777514
-3.605333
-0.48327148
-2.4219177
-2.0936701
0.64489603
-0.31879824
-0.40616077
-1.0115945
0.07107652
5.1479177
-2.429075
-1.6050364
1.8909426
2.1455512
-0.13082653
0.44143245
2.4144566
0.0945301
0.46446028
1.7374294
-0.1388867
-0.20627174
3.1571558
-1.6970398
-0.59255576
0.52952194
0.027663514
-1.853876
-1.0801276
2.8562891
2.0124567
0.09226787
4.9858346
1.4407675
2.1278026
-0.83140033
-0.39547238
0.7646231
-2.435861
-1.0152705
-0.534335
0.2537376
-0.09178116
-0.7278472
-3.68718
-2.6477594
-3.0090775
-3.0406237
-0.8917589
-3.418292
3.4130356
-0.2496596
-2.6417696
4.413476
3.0568461
0.5784262
1.2980046
1.013853
-2.286384
1.2466522
2.1058493
1.3066931
-0.3508171
1.7744921
1.0766494
-1.6772922
-0.93572545
0.7381135
2.7574255
-2.9630072
0.25259075
0.5768363
1.1064736
3.1301637
-1.7622471
-1.9934183
-1.2442927
-0.32037592
-3.9714828
-0.89595324
-2.5679276
-0.80772555
-3.1896434
-0.90511
-1.7448243
0.82672215
0.6340715
2.7709742
-1.5362483
-1.1846583
2.2123942
1.1916962
1.991427
2.6221085
2.317519
1.4215907
2.05964
2.4836726
-1.5754869
0.90511537
0.7382801
-0.61284477
-2.9918811
0.8108606
0.74888176
-1.3883778
4.1879096
1.2254775
-0.04500343
0.22043064
-1.3228865
-1.684031
-1.0870599
1.5201188
-1.616304
2.6752634
-1.7344897
0.93099064
2.8491468
1.125922
0.013915859
-2.8713486
2.8414886
4.5449433
0.2893657
-2.045684
-0.9514532
-0.54725903
-0.5398183
0.56819844
1.4986968
1.1253232
0.5373461
0.0022256374
-2.0210717
0.5185364
0.18498439
-0.06860234
2.662057
-2.0526867
1.1774262
0.19434904
-1.2082065
2.5375996
-0.7437116
-0.058660507
-2.1843176
-0.26235443
1.2615077
1.7999693
-0.8057701
0.56161696
-1.8548338
0.2244131
-2.3703225
-0.06475865
-1.1893417
0.90746194
-0.08856332
0.5335384
-3.748467
2.4592295
0.9393594
0.78004795
0.12181708
0.06603077
0.8575172
-0.7277603
-3.6022696
-0.77603996
-2.1953626
-2.5723312
0.5957475
-0.00094465166
-2.145749
-2.04663
-0.048699334
-2.2296298
0.86153054
3.3306983
2.2290308
0.29701424
0.047934897
-5.578784
-0.012236133
-0.58665633
3.7142665
0.9215863
0.9903771
0.092276484
0.4309989
-0.351474
1.121489
1.3165134
1.0829718
-0.4753392
-0.810151
1.604749
-0.43701452
1.7981428
-1.2793479
-0.28763053
-0.42887318
1.5269768
0.608187
1.1941533
-0.73810405
-0.09693519
-1.901219
1.5783178
1.059119
0.73295856
2.5539088
0.61661077
2.7301362
-1.31303
-0.533631
-4.0403404
-3.9157774
1.0036097
-3.0033398
0.46269673
1.6242144
-3.1472216
-0.63846093
1.6866093
1.0727667
0.21691945
2.1450691
0.6003032
-1.7706767
3.888626
-0.7733924
1.4145931
-0.79618955
-2.3280814
-1.3467338
-0.032950237
-1.3210294
1.2409112
-0.63234556
-0.15622464
-1.3554512
0.02432102
-1.6942976
-1.3405496
-1.9580438
-4.0842047
-0.17757487
-0.052310333
-3.2966464
0.9998528
0.77221936
0.8795969
0.49397483
2.2541063
-0.74305373
2.305115
-1.1143153
0.703855
-1.3605114
1.1090472
-0.43694976
1.1451045
-1.1401141
1.7831565
0.47074413
1.0119282
2.4042184
2.7701068
-3.8986652
0.64914143
-2.5376174
1.2020938
0.8951145
0.0483143
-0.71105295
-0.36942703
-2.5157037
-1.6731324
-0.6509231
-1.3955479
1.8661834
-4.8179045
-2.5438476
-1.8340063
-1.9229603
0.36351374
2.0411873
-1.6671269
-0.8811981
0.043795496
-2.8316975
2.773456
2.0276332
-0.22444585
-1.4502221
-3.1756272
-2.5376725
0.6847816
0.7497442
1.6440703
-0.2959986
0.29309046
0.73722786
0.3710447
0.5323999
0.23451167
-0.5333484
-1.376959
-2.1342945
0.076240204
-3.7476847
-0.5064568
3.566685
2.249082
-3.6146781
-1.0059512
-1.9833239
0.8933413
-1.4954503
1.0673261
-1.3384987
-2.976121
-1.9805456
-0.62504077
-1.5441341
-3.7404473
-1.6578779
-0.27252504
-3.528855
4.1538687
3.1134715
3.0992956
0.5893691
-0.8659623
0.8164062
1.9281751
-1.0098463
-1.7118093
2.550765
1.9311354
0.56325513
2.0591774
-0.014902897
2.2271366
-1.4479645
-3.5892177
0.7632968
0.16469502
-1.1501067
-0.18050908
-0.6842662
1.7352093
-0.9082341
4.313287
3.9470413
0.56685054
-0.98463356
0.6540852
-2.029316
0.3862972
-2.1105018
1.1832552
1.927692
-1.4322164
1.5081222
0.63687056
1.2484919
1.9081796
-0.076611936
-2.6784856
2.8381345
-1.125432
2.4052994
-1.0765446
-2.2097766
-0.8443578
0.7776605
-2.2372403
0.73303634
1.7895066
-0.5170711
-2.9469926
-1.3313142
0.8962386
0.35763195
2.3068478
-1.3142177
0.42673242
3.689401
-0.97843146
-0.5520715
-0.55931854
1.5059922
-0.22924337
-1.1741052
-3.5650158
2.0225365
-3.0100412
-1.5239867
0.42202443
-1.4102271
-0.8836154
-0.16890055
0.3321669
4.5773973
2.9860153
1.8782104
-0.8618241
-1.8228065
1.3460116
1.6278685
0.6099516
0.16062158
-0.073680535
-2.657886
-0.47223914
1.4729633
-0.36505067
3.7402606
0.7783505
-0.49494588
-3.3394666
-1.8588412
2.716637
-3.4044223
-1.0570695
-1.6419088
-1.2167888
1.1521261
-0.5879207
0.8199463
4.249326
-1.8727955
0.32744306
1.0521033
0.4247403
1.3684466
-2.7830133
1.102504
-2.1746774
-0.46068636
-1.1727217
-1.1245223
2.339075
-1.0837687
-0.7040922
-1.7872946
-1.5671793
-2.4370537
-1.827346
0.54766154
-0.35610947
-0.59703636
0.73599356
1.0120691
-1.0962173
-0.6730073
1.9337873
-3.0605996
1.3841697
0.3921055
0.4254266
0.104939826
-2.4686496
1.0935653
-2.4738579
0.986903
-1.2055174
1.4900701
1.2435061
2.1984513
0.091472454
1.6620525
0.5506957
2.9692597
-1.7127113
0.047796912
-1.0499424
-3.2599669
-4.160827
-0.217542
-0.6823164
-1.0466526
2.482899
-2.0134814
1.6694008
2.5094872
-1.3399826
-0.3512363
-2.3212018
-0.40834585
0.9843787
0.18768519
-1.3638353
-1.4921614
0.97249866
-0.31380066
1.6268137
1.4885147
0.8439716
-0.16005942
-3.3934374
-3.4461484
-0.37426662
-3.2175288
-2.672738
0.70304894
0.6116387
2.9402514
1.1257675
3.8312552
-3.2168384
-0.31133372
0.4996066
-3.3734436
0.75383717
1.9959096
-0.024551392
1.8801599
-1.1997292
2.2284856
-0.83848
0.4475261
-0.0043288805
-1.5504789
0.32425645
-0.7920381
-0.5617819
-0.48780763
0.9013861
-1.4510356
-2.7524483
2.9997592
-3.6196783
-1.0491121
2.892778
-3.3760586
-1.8956561
-1.4922907
0.12510106
0.1531519
0.40538236
3.788118
3.024164
-1.6741716
-1.2680919
-0.31641883
0.51812345
0.54944026
0.26314703
-0.31660846
0.36904138
1.6641552
1.299999
0.032241933
-1.1950561
0.6720411
0.15454777
-1.6006727
3.227193
-1.4682087
1.3194921
0.71873975
0.7885859
1.849848
-1.2218758
0.040030587
-1.4833949
0.78627235
-0.9496461
0.14769351
1.3157055
-3.3627224
1.2630047
1.3597301
2.9755976
1.5663209
-2.171939
2.010025
-0.9025814
-0.5293305
0.9303899
1.6691307
-1.3020078
-1.8010478
2.9641156
0.117941156
-2.2961974
-0.37687165
1.0311304
-1.3157816
-2.7207594
-0.63383496
2.703088
-0.6426633
2.1117895
-3.1962914
-2.760011
-1.1664253
-0.32815605
-0.30007768
0.6893438
0.8009648
1.3684936
-0.98341906
0.67113954
-0.05504053
-2.9132297
-2.3429794
2.3471515
2.828007
-1.2286888
0.33408925
2.443292
-1.1422888
2.3512492
-1.6088496
1.1331116
2.1010826
-1.3901627
-1.4186636
0.3371237
0.27770302
4.186343
-1.0914015
2.688984
-1.1170774
-1.2443705
-0.93031377
0.32169545
1.4255853
-0.7628145
0.49336407
-1.9982996
-1.4879241
-0.330486
-2.4521155
1.0645226
-2.27387
-1.1649123
2.876822
2.974597
2.1813064
1.187621
0.30016872
-0.58548355
-0.856554
-0.20562738
3.3690615
-0.36530516
-0.37832892
0.9136598
0.7365612
0.051270287
0.8371681
2.7045105
1.7953986
-0.8419435
0.14149478
-0.18154491
-0.27333188
-2.3024263
0.0717629
3.9196699
1.8107635
0.7983726
0.70513195
0.3529397
-2.7936175
-0.104833834
-4.0440345
4.322692
0.5369093
-2.5285559
3.2155778
1.3684721
1.8373656
1.6378654
1.6179392
0.25046074
-2.027592
1.7010573
2.116055
-1.4096358
2.5011055
-1.7007577
0.019913346
1.2435306
-2.4187407
2.3667593
0.09948969
-3.3268037
0.036435694
-1.3395638
0.48882318
1.6788855
2.645089
1.4133841
1.9392707
-2.2393792
-1.2371206
-0.6651386
2.7064703
-0.45838097
-2.7903328
-0.00880383
-1.9042274
-1.2685752
2.6938686
0.20412369
1.9967747
-0.25579974
-3.5857346
-1.7708578
2.1650338
0.0022416264
0.24434945
0.9374612
2.5892525
2.765969
-0.14710474
-1.0307548
-1.3301165
3.739127
0.8610188
1.5583854
0.9389459
-2.488479
2.4118016
0.49545515
-2.1225448
-3.2191153
-2.9580915
2.201167
3.5628178
-0.9828649
-0.7295957
4.310858
-0.7718976
2.8808138
-2.4037993
-0.54140425
0.1467073
-0.12003613
-0.94004494
2.7997527
3.8167508
1.3591343
2.2085044
1.5422727
1.7788478
-0.4018143
-2.4528658
-0.14156564
-2.158236
0.73977894
1.942378
2.4144053
-3.5904784
1.804298
4.5881524
-0.2164697
-4.7303176
0.82779324
-0.27469254
2.5988235
-0.6734906
-3.0921106
-0.47007835
0.62976706
-0.2150237
-0.6221862
-2.2135365
1.67397
-0.54554135
2.7997873
0.5047444
-1.4188716
-1.3268296
-2.049409
1.0060747
-0.6240255
-0.8138877
-0.019723456
-2.3879657
2.046887