Ceasus
0
-1.6291457
-1.5697995
-0.33620772
-4.132195
-1.9399114
-0.18212786
0.2219867
3.3562338
1.5554426
-0.18104583
-0.7874865
-0.17802721
-0.95345193
0.086561635
1.8535258
3.6536608
0.5598646
3.4289138
-1.8198671
-1.2816536
0.05423671
0.48343325
-1.4689122
1.1371732
-1.2517207
2.2217643
-2.547799
0.24226579
1.6207143
-0.9571332
-0.055144202
0.49223801
1.3717607
0.9199943
4.6476254
-1.0887626
2.4952056
-0.80781865
1.1891608
-1.5153538
-2.6656516
-0.9557186
-0.52946633
3.4219835
-3.4115312
-0.8794278
0.770474
0.98293805
1.9137214
2.0251892
1.2192867
-1.6851392
-2.536354
-0.50019145
1.4185495
-0.30697253
2.1907554
-0.66756845
0.85588706
-0.5906794
0.29764977
-3.792938
2.4938202
1.1366398
-2.6273224
2.2879977
-4.232151
1.6220149
-3.3064702
-2.2989514
0.14344609
0.23925403
0.24804229
0.8111729
-3.5860326
-0.05213765
2.9667826
1.5426695
-1.2191613
4.191533
-2.3710876
-3.3194768
1.2754859
2.3495035
-1.5251361
0.35400218
2.2193604
-3.4913387
2.5043068
-0.12481045
-0.6201348
0.18828845
-1.2022818
-0.26500797
-0.33435428
-4.0408278
-5.1032734
1.0834024
-2.9135094
0.002044946
1.6643796
1.0442728
-2.0305643
-0.020305552
-1.490547
-0.07190038
-0.8063455
1.9068159
0.7400336
2.0329056
1.9888797
-1.680852
-1.3358033
-0.8431339
-3.8580873
-0.6069735
-1.025225
4.1611147
3.2357063
1.36478
2.507614
-0.62228507
1.2588037
0.6422777
0.48056978
-0.057132594
1.1662736
3.8753457
-0.20519346
-2.8388498
-1.4181248
1.4908581
2.120865
-2.504571
3.2058525
-0.35772067
-2.2750907
-1.1780021
1.2108771
-1.4033228
1.9883301
2.359344
0.8251506
-1.472815
1.1236507
-0.5375978
-2.9223137
1.1223226
-2.7103999
-2.6804636
-2.7146223
0.39305475
-0.4591591
0.33841676
-2.6749737
0.9548541
-0.37678263
0.8006581
5.420962
-0.5307518
1.058346
-0.54437304
-2.6967797
0.4758422
-2.6919293
1.389005
-1.3597258
0.08478303
-1.3273239
0.10592283
-2.7481544
3.9424152
-1.6212894
-3.1644657
0.518022
-1.7956158
0.08304369
1.2413795
-1.0579412
-0.32624343
0.8909068
2.2101142
2.1118722
-0.307918
-0.7661287
1.023345
0.87455106
-6.058412
0.9882401
-1.1845421
-2.1588523
-1.1925554
-0.8080355
5.2504454
-1.6473054
0.21462893
-0.094211005
-0.53145576
-0.74985254
2.1487296
0.029431183
1.1612616
4.502757
-2.0449193
1.3248987
2.0379243
-3.664565
-2.4244533
-2.5049722
2.8817623
-3.8599024
-1.9887657
-0.8071913
-0.4954669
-1.9376951
1.653188
-1.0948249
-0.9296521
-1.5394566
-0.9811429
-2.830058
-2.408057
-1.0482934
2.6595159
2.8980198
-1.695444
2.781274
0.7929533
2.3225977
-2.7797523
-1.0314071
2.6600556
1.7546803
-3.197788
2.938946
3.6875093
1.5381433
-0.8203637
0.6596149
-1.2554928
-0.39609626
0.687761
-2.701898
0.025291257
-2.233084
4.489451
2.9716582
1.2554011
0.95689684
1.3060932
-0.67948925
-0.7841556
-1.2151442
-0.2428098
2.4988332
-0.77331585
-2.7553678
1.1374121
0.68492657
-2.973382
-1.2352208
2.423095
2.641444
0.55225307
2.377176
-0.67704034
-1.2494006
-3.2104347
-0.055333517
1.1332246
0.24754936
-0.8852924
5.5351963
0.53326696
1.4799176
4.0099707
-0.24757466
0.113833606
-0.9053345
1.0665195
-5.948344
-2.0795236
-0.04227746
4.212667
-3.127463
-0.77286226
0.35492074
0.31294113
1.6133432
0.7526129
0.14064127
-0.053493075
-0.59796023
-0.15409288
2.5608437
0.030469991
-2.510582
2.422149
2.1615834
2.6565986
1.46689
2.1226504
-1.9188689
3.303413
0.8294181
1.7365736
0.91017157
-1.3132156
-2.2674224
0.7233821
-0.17739666
-0.0019014403
2.6911523
1.4383279
3.8420074
-1.354628
0.4009544
-0.045788452
0.687739
3.4396954
2.6336946
-1.0626775
-1.283105
0.6628211
3.178426
0.4137146
3.3597224
1.6682531
-2.2228844
-0.42467502
-0.56851584
-1.0912498
1.809605
-1.7075964
1.4818919
0.033479653
-0.95852315
-1.0017982
0.18775386
0.47935474
3.951285
3.2654576
0.7158754
-0.96851784
-3.6889665
1.2510139
1.7814012
3.8488822
2.0830412
-1.2394748
-2.9251792
-2.1893594
-1.6093233
-0.66443235
0.23877192
2.5582714
-2.307845
2.2654383
0.01943554
0.35829768
0.0042201206
2.9411135
0.114689276
3.1461844
1.8473266
-2.4392836
2.3131485
-3.1818547
1.0109586
1.786376
2.5138183
1.2674171
1.9112296
0.7971244
1.7671205
-0.45627716
0.31805915
-1.2307173
-2.1942239
1.6423131
-0.95242786
1.2606887
1.0695885
1.1830181
1.2535195
0.6439969
0.14849645
0.7826687
1.6959589
1.310562
-0.5323914
-1.2374629
2.855434
-0.8084049
0.112653464
1.969898
-1.9524623
1.6117636
-0.1483671
-2.1636329
0.67282903
1.8439604
-2.4510605
-0.6408615
0.4652312
-1.1887265
1.8474547
2.7603045
0.14963937
-1.4851924
0.8525382
-1.3970397
2.0514321
3.649586
0.8033631
0.5722172
2.4741032
4.499063
2.0196888
-2.123858
-0.13049674
0.7365026
-0.75514054
3.0925183
2.9333544
4.028641
0.053394824
-0.59099936
2.9263365
-0.7093807
-1.6322821
-3.8292603
0.58203626
0.057637207
-1.7542449
4.4687443
0.5438808
2.9417458
-1.2829473
-2.7409756
-0.031070959
-2.1807263
-2.60407
-1.988349
-0.3261198
2.092137
3.259473
-1.7702433
-1.3634791
-0.6855935
1.9012212
0.82272947
0.35177025
0.39525208
0.59785014
0.33890122
0.105337664
1.6692828
-3.506524
-0.009776257
0.87286353
-1.1500236
0.76704234
0.2004224
-1.3485818
0.57679003
0.55882794
-1.0968403
1.5654161
1.2330008
2.3300774
-3.1500683
1.1427592
-1.8472853
-0.9209001
0.5369454
-2.1033337
-1.0938016
-1.1054893
1.3792427
-1.3507246
2.3006582
5.3039412
-1.7926981
1.2163504
0.24297076
0.89585
-1.108637
1.6747459
-0.39901745
-0.4826997
5.6222277
0.5320493
0.042003505
-0.34959322
3.8156154
-1.5165335
1.6944362
-2.5942388
-2.2492995
1.214733
0.989018
0.5686241
-0.0017061755
-0.65781873
2.342997
-1.2994145
-1.0074334
1.2648396
-2.2707722
0.95110714
1.7734747
0.9954908
-0.8946686
-1.6860512
-0.98496974
-2.6043484
1.2501221
-1.2344458
-0.27550584
-0.47476926
2.3028173
-0.253985
-1.0438576
-1.1232874
2.9100142
-1.312537
0.3060101
1.3965925
-0.45643115
-0.9417249
0.71267176
1.1603018
-1.2185382
2.1206405
-1.7956182
-1.1839881
0.9020811
-0.90538263
-0.27802134
-0.16383049
-2.636979
-0.7735574
0.31568807
3.9682975
-0.4559633
2.7242007
0.5106826
-0.4527463
2.601301
-0.5586677
-2.166885
3.0425203
-1.6041007
1.4758077
-0.15278071
-1.5948405
-0.65076035
1.361399
-1.4524716
-0.8062298
-2.3799672
1.7435956
0.6351533
-2.231142
1.6828167
-1.5438215
1.9389305
-1.3532088
0.42317355
-3.404421
-1.6435444
0.28436774
2.3709369
4.1528883
0.75297683
-1.4910713
-2.1860437
2.3191729
0.6444494
-2.1913218
2.8700287
-2.1266062
-0.98772514
0.47876936
0.22682507
-0.06315438
-0.42102057
1.3582567
5.326751
-2.6286197
1.9189005
1.5833372
-2.9841413
0.7436192
-0.8628478
0.34982497
2.0511
-1.4834213
1.7586854
-1.6781446
2.384563
-3.4629014
1.7362796
0.19521533
2.9386494
2.6507986
2.6521637
-0.86893755
1.901395
-2.07156
1.6690214
-1.1608696
0.8526561
0.75217
1.1721002
0.9344698
-2.952492
0.65668213
-1.2951223
-1.770472
-2.627033
2.6657927
-0.16879836
2.5216045
0.5834172
0.7702838
0.16913626
-0.45120716
0.040357694
1.6541986
2.5001519
2.4209645
1.9060768
0.96395046
0.7058677
1.3910972
-1.1960188
-1.8035129
-1.1874869
-0.4970637
0.9111168
0.6182709
-0.8498956
2.5683835
-0.14578831
0.17037113
0.23691757
0.9334296
1.655301
1.8484994
1.6868348
-0.41288206
1.4182949
-3.8103201
2.4987693
1.8163948
0.5365851
0.29974368
0.6990333
-1.4353156
-0.28361177
0.77916926
-4.1578474
-2.324699
2.477962
-0.9524693
-0.2242054
-1.6122866
1.891566
-1.1562843
1.4030125
1.4390671
0.3802216
0.53093773
0.15720443
-0.0064981133
-2.9193864
-0.14442699
-0.55394167
4.6840816
-0.72234845
4.1694727
-1.2663745
1.0744182
1.0226527
-2.7092235
3.5903869
1.5627913
-1.1256537
1.4027375
-1.2105235
0.9046472
4.242509
-1.872651
-3.609388
-2.1575947
-1.8412061
0.82157594
0.44176805
-1.0279737
2.5611944
-0.70243007
-1.8106408
-3.6693964
3.5751798
-3.1132953
2.5720887
-0.57098114
0.15254283
2.051933
-0.22006774
-1.1527624
1.4439604
1.6633878
1.6754304
0.081444316
0.95995337
0.811539
-0.78622085
0.25127584
0.5047
0.9453172
2.087161
1.8222136
-1.3634199
-1.6844528
-0.5267338
-0.00061332807
-1.6863952
-0.4029956
0.18757904
-3.266153
-2.8792026
2.2094116
1.0789864
-2.8002005
-2.3610873
-1.3422042
-1.798327
-0.71174073
1.3591988
1.657521
0.06910321
0.37119713
1.258268
0.44075128
3.0468462
1.0896028
-3.275196
2.4895022
2.423386
2.486052
-1.8154513
1.2071753
0.08390953
1.4457746
-0.015997
-0.122848205
2.3034647
-1.5037613
-0.53247297
3.231316
2.555643
-4.2377234
2.6230493
2.6602287
0.72576916
-0.885036
-1.4472283
-1.6281432
-1.5049702
-2.5786586
-3.4885066
0.79430383
1.375736
-0.24212539
-1.8966774
2.8747814
1.0104988
0.5725268
-1.2912
-1.3876568
-2.081529
-2.345469
3.5873756
-2.555374
1.220528
-2.5227857
0.30562466
-0.89080834
1.1088876
-0.3607307
0.3871562
1.601449
0.5638643
-0.16849384
0.3326596
1.427006
0.093448244
-1.1730819
-1.8954276
0.9718563
-2.0789032
-1.3510181
2.02625
-0.2594335
0.17217308
1.6305735
-0.543147
-1.1316117
1.3621709
-1.4794786
-0.22610605
-0.13565665
0.097043924
2.8719878
-2.7526252
-3.0200577
-3.222082
-0.3853407
2.4038644
-0.74227005
1.9483306
0.64434576
-1.2663088
1.7046981
-2.6108105
-0.5532613
-0.90759754
1.3719125
-0.41256523
2.0043802
-0.96172327
0.354634
-3.1838398
-0.7958286
0.43604776
-0.1586
-2.009691
0.9584331
-2.473598
0.7278937
-2.4723995
-1.4326787
0.06710549
-2.2252314
3.0523787
-0.17580706
-0.20180127
0.44841814
2.4729984
-2.5785084
-1.0386827
2.697806
1.3608285
-0.5035114
-0.6176224
-0.124578424
3.335153
-3.272595
-2.368854
1.8247849
-1.5401826
-0.56753427
-0.76780516
-0.39645475
3.3987443
1.7807916
0.3318073
-2.1476276
0.83951825
1.932359
-0.9526286
-3.2257686
2.2130947
-1.4180927
2.5507355
1.8400778
-2.6748703
-1.1150113
2.9087908
1.0924519
0.698234
-3.0862236
-0.18723577
0.93259794
-0.47315794
0.25708848
-1.525992
0.7792837
1.2124214
-5.355819
-0.046094846
1.6829413
3.9120493
1.8644309
-1.5391774
-0.3994133
2.4340327
0.8575544
-0.86792797
-3.1496556
-2.3776248
-2.562585
-0.86784416
-2.3039083
1.6063212
-0.5597565
-0.029198237
2.3611155
0.54270905
0.79450506
-0.90176153
-4.8385096
0.3234281
-0.620032
-0.7991056
-0.53746194
1.2511082
1.3280472
-2.2181115
-2.3892686
-0.17287454
2.4150846
2.403777
-1.4120834
-1.3689206
1.3565272
-3.2075567
0.69605416
3.4826922
0.8575454
0.31657568
4.0138645
0.23945534
-2.6864777
0.3319203
-1.3597988
1.5580777
-3.8760333
0.28004938
2.7384756
-0.3894987
0.15010102
2.5550022
4.091287
1.6356966
0.67402154
2.010866
-1.7040344
-0.31986636
0.051744446
0.2275244
-1.786166
-3.5735378
0.52803624
5.201026
-0.11624437
-2.4863062
1.18401
1.5552717
0.40900934
-0.97893465
-1.8426782
-0.42775223
0.25923195
-0.7220126
1.2464993
1.2612911
0.20499298
2.8497996
-0.4806971
5.5120625
-2.2522466
0.40894327
0.57128334
-1.7177296
1.0826976
-2.2761812
0.6454102
1.4660264
-0.56411207
-0.36962312
1.3611516
-2.3970094
-0.9029808
-0.43948698
1.07557
1.9556563
-0.80192953
2.5192482
-1.9010098
0.22593361
0.5521404
2.9326835
-0.36993015
-1.9736809
-0.2950508
-2.2614233
-0.43347275
-1.4982691
0.47693563
2.425795
-0.5733314
3.3236043
-1.3389794
0.40928027
1.284723
-1.436344
1.7462305
-0.6864576
-1.5582545
1.5435379
-3.0196462
-1.0035801
-0.859967
0.9710866
1.492071
-1.4154348
1.6278714
1.8173232
-4.66158
-0.3591098
-1.6798201
1.1621858
1.1359468
1.7373558
-0.20666939
-1.0746171
-1.4314959
1.1935548
0.20861116
-0.2917311
2.3040478
-1.6309346
-0.6053069
0.7556606
-1.2405356
-2.1506116
-1.8807083
2.1493576
-0.3270348
0.23880136
-0.21289696
-0.070420414
0.95476913
2.1482882
-1.5912488
2.7178352
0.08543408
0.002574578
-1.146991
-2.4020076
-4.3767037
1.9330984
-0.7444449
1.2933276
-0.14596853
0.7029835
0.602892
-2.3938282
2.1218085
-0.7714093
-0.50157905
2.4038694
-4.129843
0.468709
1.4477826
-1.0466675
3.5325313
-0.6424639
-1.0618706
-1.6901878
0.19966713
-1.1717153
3.2232907
2.1739142
0.66054744
-0.25585672
0.75866884
-0.06206232
-0.9343645
1.9892113
0.11598408
-5.529306
-0.8361604
-0.81985766
-0.822407
1.579764
-1.3504559
0.9246933
-1.7320925
0.7362376
-1.0329267
0.8476473
-1.5927532
-0.4549433
-0.25925222
-1.0174145
-2.9745781
-1.8961979
-0.40057275
2.852651
0.9975607
-2.8942301
-0.5517534
-3.135
-0.44383037
-3.9820387
-0.8901731
0.23509577
-2.7145855
-1.3087062
0.5862612
-2.2965362
-3.7886372
0.973539
3.2171223
-3.0978286
1.064585
0.49261028
-1.2825537
1.8406323
2.9060125
-1.8403404
3.8512316
0.2634971
-1.084268
2.4307728
0.96538603
-1.1937891
2.7808564
2.245566
-2.258011
-0.07444559
2.4936178
1.2924763
-0.5769421
3.8554704
1.3740164
2.7020066
2.6735744
-0.81870127
0.06637701
-0.9553905
-0.5800221
1.5962832
-1.6757638
1.0467621
-0.067964435
1.5836118
0.93222034
0.96852714
-4.2029915
-0.30463752
-0.24645069
-0.28053245
2.1103597
1.1333079
-1.6939186
-1.4191864
-2.1600435
-0.6234098
-0.021372184
0.33308443
-1.887239
-0.30632508
-2.323829
-0.72043306
0.13201058
-0.07712176
1.0802255
-1.1071576
-3.428854
4.381677
-2.2057621
-1.1876346
3.3537533
3.7316046
-0.75390077
-0.53719765
-0.09032129
1.0368987
0.67496353
0.10233121
-1.7215441
2.0652778
-2.461209
-2.110184
1.2581718
-2.3928652
-0.40134385
-0.6373171
-2.160499
-1.9902045
-0.23551421
0.01812289
-0.32667178
0.59038466
1.6678647
-0.22763981
2.1378174
0.4014279
2.9650877
0.57320154
0.28182226
2.5665426
1.5090784
-2.8654385
2.3691015
-0.0070497915
-0.2621116
1.9533352
1.1082041
-1.1951474
1.0767667
-0.91255265
-1.2752533
0.014700301
0.7682894
-2.2484877
0.2406264
-2.9339604
2.2476315
-1.8362552
2.7583332
1.5532019
1.2025155
1.0446275
2.0964053
0.34736487
-0.16146353
-2.4473863
1.1203924
-2.6404235
-1.1860231
1.7300314
2.9785564
-0.43513122
-1.2549574
2.0579143
-3.0025487
0.9150507
-1.2797663
-4.4222517
0.84168655
1.9353938
-4.2958117
-0.3799016
-2.252456
3.3412263
-0.1319187
-1.4022931
-3.4931097
-0.86968637
-0.23138902
0.76382273
-0.30692607
-0.24317908
-1.2097626
-1.175797
3.0359244
1.2860273
1.6099796
0.3305625
-3.2970598
2.614427
0.73368305
-1.1788092
2.107934
-0.2648857
-5.097699
2.3280096
2.0973773
-3.8344862
2.2940283
-2.5535176
-3.1015568
1.7447739
-0.77825356
-0.07167435
0.9186167
1.1261007
-4.3049526
-0.7900481
1.5228515
1.521382
0.5392498
-0.29287815
-1.9175372
-1.8902718
-1.5532117
1.6082712
1.1231774
0.074940234
1.2645217
0.9406926
-4.2487946
1.3591472
-0.6477624
2.1026874
1.9983011
-0.7899551
1.9483011
0.36900067
-0.81633186
2.7695024
2.526958
-0.97764075
0.8027951
-6.4585624
0.3718112
0.5370344
-2.2765603
-4.1784525
-1.2003918
0.9777056
-0.23310614
0.32736838
3.2458599
0.5061576
-0.39869997
-0.080334656
-2.5058024
0.69927144
-0.5437244
2.4600441
-1.7691956
-3.0533485
0.58648634
-2.6297307
-2.4187274
0.38999847
4.9251413
0.43066674
-3.8137746
-1.9373136
0.117352515
-1.1273491
-2.511253
0.12432058
5.0630493
3.7061596
1.3194976
0.23851201
-2.1998103
4.992024
0.7323668
-0.4943703
-2.0652857
2.0368652
-4.4763885
0.54312885
-2.562907
0.24130729
-0.41584423
-1.6192995
-0.8074333
-0.1525152
-0.6616998
1.0047548
-3.0092678
0.24407199
1.9259105
-0.71110994
-1.3011178
0.86564827
-0.81949484
2.8957732
1.037726
-0.40031487
3.940742
-0.86758924
1.2391646
-2.437457
-0.1922703
0.49050894
0.98694456
-1.3276669
-1.3200165
-1.8895195
-0.3989057
2.853977
-0.5321013
-0.16530919
-1.0926853
-1.2409692
0.14231265
0.08109186
-3.797546
-4.675501
-0.8340431
1.5436393
-0.06331829
0.40385693
1.0077852
-0.093933545
-0.06982703
-0.92005
-0.5802634
0.42914522
-0.42933583
-1.530838
-1.4520705
2.0910177
-1.7247084
1.9871091
1.9101708
-0.32243028
0.36313874
-1.5164555
-0.35442778
0.3727583
0.5585523
-0.7222552
-0.078806825
1.0600537
-0.8488431
-3.7524922
-3.5778675
1.1740419
-0.04045733
1.1114706
2.524466
1.2605836
-0.4359482
-2.7507343
-0.9102254
3.9011812
-0.11221544
-0.5464131
3.0239713
-1.3131284
-1.6284178
-3.5293646
-1.9827999
-0.5637593
0.014194913
0.9173585
-1.8688991
-1.2880949
4.5300903
0.3565005
0.3900149
0.027697772
-2.4089282
0.96223557
-1.1218826
0.67380005
-0.3641807
-1.0758301
0.17460263
1.3598753
-3.0217538
-1.2215736
1.7119824
1.097354
2.9506795
-0.19591409
1.9588255
-1.4818093
0.91710585
0.071644805
-4.455694
0.75104105
2.5136929
-0.9948491
0.29859504
0.28265765
-0.15130624
1.1583681
1.2839274
0.545382
-0.41429895
-0.91845125
-0.26798803
0.71318996
-0.5888926
0.49656302
-0.49002302
-0.2220451
2.3910546
2.1334958
-4.583777
-2.9285274
-1.5389874
-1.491213
3.2776098
0.8187827
-3.0857286
-3.7040162
-0.66972965
-0.13271175
-1.6434987
2.31051
0.78359723
1.9422406
1.9560726
-3.13057
5.4153843
-0.38265562
-2.305738
3.3680606
0.093302764
3.4914923
0.90276337
-2.5446217
0.9074066
2.9191356
-0.30265176
1.581283
0.4233257
-2.0533433
2.0770588
-1.7316899
-0.988962
2.3560357
-0.5832058
-2.6393075
-2.5974696
1.5937268
-0.26398376
1.5484321
1.9041204
-0.36524448
-0.35258368
-0.8504366
-0.25647736
3.4476209
1.4751374
-2.1415627
0.95976275
-0.26590812
2.4289207
2.3915284
-2.5333138
-0.65084785
1.0610739
-1.3912061
-3.273497
-1.6356616
-2.9825735
0.69570065
0.68760395
0.43696094
-0.19411942
1.3983576
-0.32849833
-1.676289
-3.177129
1.0061146
-2.6555924
1.9914303
1.4381379
-1.0500071
-2.1839373
1.5446062
1.8408431
-0.38800126
-0.37532485
-0.98527986
2.9259286
-3.3338406
2.7617378
2.6465118
1.7000678
-1.0387243
-2.886272
3.0193617
0.54167336
2.2572148
-0.85619074
-1.2681937
-0.20087233
1.1807071
1.0765566
-0.78774065
-1.1570833
0.28195372
0.75334466
-1.632227
1.8108186
0.48240885
0.9610921
-0.7424897
-1.7618604
0.9627214
0.108260036
0.8320986
-3.357048
1.0114425
0.59728026
-0.048814546
0.8083998
-0.24224786
-0.014657475
4.4624
0.8321216
1.2601999
2.2791703
0.1495462
1.4159442
-1.2939824
2.305347
1.5705215
-1.7542558
2.194125
-4.8935204
1.2243496
2.9403622
-0.62409276
2.302307
-0.5200162
0.16464752
4.204563
0.9239618
0.42718977
-1.7791085
-0.32412243
-2.3052804
1.3137326
-2.2618315
-1.247545
1.8059903
2.1012695
-0.60848856
-4.72536
0.5454886
1.3194896
-0.6757153
-1.032514
2.2467318
-1.4273227
4.201555
0.22814694
3.1066332
-0.2478447
-2.494429
-0.4403443
2.840997
0.8936609
1.3083097
-0.6581361
2.0386877
0.9549179
0.448612
-0.52648234
0.99794173
-0.6754122
-3.6561115
-0.94755685
-0.9443838
-0.17490771
-0.13427186
-0.4746708
-0.31439236
0.033161975
-0.49569637
0.2970017
-2.1930842
-0.35750973
-2.926046
-0.91658443
3.0498917
0.24804524
0.6912736
-0.38002706
-1.4213973
-0.42631754
0.0848418
2.961666
-1.8055909
2.6562407
0.85408807
-2.1280572
0.67809063
1.7508887
-0.063126825
-0.4693045
-0.019794665
-0.764797
-2.798258
1.7814318
1.5916069
1.0901041
0.109182656
1.5761837
2.646125
-4.168419
3.1142945
0.32001087
1.0124289
1.0280209
2.4617887
2.5673013
2.5063283
-1.0492749
-0.006085865
0.40822333
1.3208857
-0.79568845
0.51630914
0.8794157
-2.4601712
-0.9034113
0.9936445
0.35417172
2.1587746
0.5958802
-0.7537767
2.6634233
-2.9918334
-1.1385123
-0.99716604
0.42270714
0.094432175
-2.6658356
0.45840776
-2.7244675
-1.2592906
-3.3694408
1.4461658
-0.25332448
-0.98235565
-0.50841475
1.8412892
-1.7849472
2.8579662
-1.2382215
4.6645727
-1.2410889
-0.9575737
2.0374053
0.91066194
1.6552671
1.4521407
-1.301818
-0.26437318
1.3198475
-0.15102983
-1.0102626
0.92962486
-2.8475616
1.8402381
0.06810808
-3.4074528
0.1033309
1.7082024
-0.6350285
-2.5404377
3.9215426
1.1698076
3.9838216
4.4837823
0.7055294
0.11960983
-2.0038595
-2.4238374
1.264333
-0.29496026
2.8931403
-0.1763518
-1.9142579
0.23751763
-1.2429897
-2.2560632
2.2295225
-0.41436356
3.0349045
1.2647308
-0.06870204
-2.0264337
0.35523587
-1.7164437
1.6049882
-0.7267439
-1.6420308
0.8843278
3.1297677
-4.9852166
1.8006994
-0.985017
-0.4843628
1.128355
0.8581152
0.44530398
2.066834
0.13450654
0.78173494
1.5955771
1.3809551
2.6851888
-0.99599576
-3.72444
-1.0340942
-1.3114488
-2.110359
0.79658145
2.9449546
2.087375
0.1083655
1.9975545
0.5064586
1.273864
3.3841286
1.8120283
-1.3812757
-1.5901904
-2.2943184
-1.2669706
1.2039489
2.7512338
0.7737603
-4.7532706
3.1881094
0.26121575
-2.7588599
2.7955456
-0.5970531
0.5286101
0.9132341
0.70608723
0.08610857
-0.7971253
0.38480276
1.68529
-0.47621426
3.8093174
-1.1668228
2.1458514
-2.913473
-1.5105758
-1.0733511
-1.3237045
-0.76816714
-3.955759
-0.13908333
0.17640378
3.2980947
-2.0570524
-2.8320785
0.47072718
-2.9773893
1.4529064
0.70150465
0.15919347
-1.9144175
2.5645094
0.7846234
-1.5764372
-1.7635677
-2.9319465
1.789554
-1.0887799
-2.5175834
-1.2761852
-0.29702073
1.8183024
-0.1726296
0.11193143
-0.1822311
0.49454042
-1.6512996
3.3244543
-3.790121
1.4683368
-0.004205577
0.49271902
-0.20074119
-1.3916285
-2.628311
1.2431808
2.1038053
0.8046314
-1.3619726
1.4347261
-2.6557708
2.9833648
-2.012813
0.78555524
2.1758986
0.03662149
2.7152555
0.9306981
3.4308443
0.18936914
0.3829936
-3.0784101
-0.75710523
-3.8687706
0.6916869
-0.7223562
0.9702716
0.4300556
0.21053891
0.61041576
3.5803797
-1.38037
-2.9000344
-2.601398
-0.96144384
-2.272228
-0.19654489
-0.14130129
1.4707042
2.0986333
-1.168314
-1.3686973
-1.5625948
0.9125477
1.4561856
1.6705433
-0.18579675
-3.0071576
1.4429818
-3.0932734
0.8412485
-0.5818688
-0.16433626
2.5729702
-0.37487656
-0.4620855
-1.0938038
2.9697387
5.462821
3.0294676
-0.5602563
1.5445291
-0.75386703
-3.1359901
1.887065
0.17397615
-1.181985
1.1412815
-2.4502218
0.5469074
-0.1842365
-0.9704232
-1.8235799
-0.20100051
3.369234
2.8179772
0.8976521
0.61309123
3.1872933
-2.7786334
-1.510143
1.43633
1.7932439
2.3265367
1.8225852
0.101825595
0.34326792
0.89763194
-0.22586739
1.7663668
-1.0875403
-1.1218435
3.1896524
3.2292194
-1.1913837
0.58531463
-0.9826936
1.3814667
-3.0346646
-0.32469577
-1.8994254
0.91454476
1.1453304
-0.92958045
-2.6002243
2.6074371
-2.3285363
-0.72454256
-0.52426445
2.1123726
2.75831
-3.2507608
-0.5828669
-2.7051895
2.1855114
2.780864
1.704583
-0.48874855
0.4694737
-0.17816526
0.36281836
0.8267098
-1.2970866
-2.8178518
0.86176455
-3.3856845
-1.4270575
0.62269336
2.1935034
3.2599225
-1.6069963
1.9897995
-1.8480479
0.5739035
2.7375116
-0.102436475
0.6866478
-0.5497993
-1.6630687
-0.44828802
-2.0574484
0.967223
-0.7423318
-0.54475427
-2.1548746
-0.80163103
-3.8507197
1.3142657
1.7730387
1.8002796
4.286392
1.2364758
0.6599124
0.63753545
0.5051639
3.6216493
-3.3583899
-0.22198114
0.25079927
-0.9302346
-0.7371649
-0.43785092
-2.1166394
-0.6178695
0.3168902
-0.7122579
0.68540996
1.0301096
1.6223097
-2.869482
-1.2372715
1.975476
-0.53645384
-0.26607472
1.4851764
2.1053574
-0.8751869
-3.9889681
0.6829215
-1.8495307
1.3514892
-1.0967511
3.3884945
-2.3687375
0.5644685
-0.8169941
-1.666773
1.8629701
-2.7133741
-3.1368885
2.5403254
-0.6405939
3.3194163
-0.22853169
-0.4580983
0.31493294
-4.305871
-1.108232
-3.1396232
1.265067
1.8669229
0.20728043
-1.6879219
4.5778337
-0.29406065
-0.2566372
0.24271837
0.92311853
-2.417549
-0.01877436
-2.4314353
-2.1201017
0.08605265
-2.8395526
3.4378848
0.80586255
-1.3013533
-3.2072723
2.2439427
1.028994
-0.4376774
-0.39479184
2.2629313
-0.50665396
2.3316534
0.09692521
0.038503
0.1720705
0.74234694
-0.39447856
-1.2316254
1.3860396
-0.5368357
-1.8093745
2.4480574
2.2220454
-0.9089197
-1.4762231
-0.84487736
3.0114834
1.5774783
1.5456965
1.5371491
-0.23159206
0.7944897
1.745964
2.9725485
-1.7358943
0.5625415
-0.4367103
3.3803248
3.1791627
1.6957432
1.1446718
-1.7354612
2.7465994
-1.2871666
-1.4007822
1.0818369
-0.07225206
0.26989964
1.7504871
-1.3564129
2.078883
-7.8483577
-1.1812246
3.4156492
-0.63315177
-5.5734544
-0.5916143
-2.0936642
2.408884
-0.5893915
0.5770456
2.2571595
-2.3108406
1.2846116
1.122796
-3.7763782
-4.7691894
-0.89926326
0.8936206
1.0558138
-3.335288
1.0674976
-1.787451
-1.130074
2.4310856
2.6212275
0.2461425
-2.6535456
0.25990957
-1.1085032
1.1299253
0.580131
1.5062858
0.66557676
1.4920591
-1.787129
0.43230245
-1.730291
0.5921854
1.8467606
-2.3473308
1.2451515
-1.1251427
1.7129177
0.5819531
2.8103883
0.72038037
1.7288042
0.27677408
-5.5974956
-1.1052816
0.34331664
2.2557166
0.57926756
-1.2486362
0.3017806
-3.329783
0.30940866
0.107836924
1.6372595
1.3986583
0.69981295
-0.42159376
3.1874094
-0.51581824
-1.4818962
-3.2020578
-0.6977752
-1.0387193
3.5492215
-0.7719873
-2.380544
1.0869601
-1.110209
-2.4382286
-1.4585805
-1.020961
-0.092029184
2.5369287
-1.101296
-2.2895768
-1.4460183
-1.9489039
-0.7020978
1.0275886
1.7470229
1.8435876
0.3959832
-0.8512277
1.8110911
1.3665797
-1.2554706
2.8740802
0.79227704
-0.31795013
2.1795504
1.5176286
1.2873092
-0.44501212
-0.55700874
0.7703433
3.9432976
-3.283485
2.6743422
-4.4984913
3.2035813
-0.21690995
1.6211568
-0.6818344
1.2949402
-0.2880911
-0.019882806
0.79904217
2.148996
-1.4330738
0.52951586
1.6820998
-0.15727082
1.7038759
-0.44147265
3.5716054
1.479817
-1.6829985
-3.0070388
1.762451
-0.17770469
-0.9133452
0.29696217
1.973894
0.9803839
-1.0472512
-1.1682162
-1.4629261
2.207035
1.8905776
0.9308842
-0.9480558
-2.3169346
1.8380303
-1.2521676
-1.3803091
-0.4253796
0.45285466
2.0088809
2.8953493
-0.33995846
1.21148
-2.1503775
3.8643408
-2.1972704
0.5696444
0.17833759
0.7532586
1.6279469
-2.0066261
-0.32209018
-3.0310442
-2.6182165
-0.11566595
-0.70818555
-1.979656
-2.0197773
-1.3999102
0.98272246
-0.4558599
0.9096996
-0.5288699
-4.004642
0.4977761
0.42247733
3.8265414
0.19160551
3.0623865
-1.98485
-0.1728062
2.2716413
-1.9736083
-2.4121265
-1.1092998
1.5652864
2.84406
1.7247614
-4.4255667
-3.4120905
1.4288716
3.1702743
-0.74589074
2.1901753
1.896533
-2.120575
-2.6842089
1.9999331
-2.07423
-0.4513492
2.0954993
-0.45004392
-0.10165443
2.7970152
0.48506743
0.776073
-1.1365894
-1.7592847
-3.1036246
3.9094286
-2.3969553
-0.29620162
0.28692117
-1.8198497
-0.83759886
-0.18740225
1.9355162
-0.010983199
0.936895
4.842598
-0.8644813
3.0481174
0.19916873
-0.4935235
-0.9800869
-2.3178895
1.626188
2.515917
1.6111115
-2.7436314
1.18058
-1.8316367
1.2677628
-0.97101766
-0.20585497
0.91853064
-3.762344
-0.5887828
-2.1053443
-0.6019885
3.6955318
0.37289238
0.5196767
1.1915386
1.6390486
-4.26164
-4.3695073
1.6836672
-1.1807199
-0.71872693
3.3299456
3.4329214
2.0922143
-2.766428
-0.5089264
-0.95547396
-1.6148669
-0.08743549
-0.68450606
1.130114
2.6776729
1.1309006
-0.93630797
-0.3927378
-0.34403482
3.3719857
1.4386961
-2.2969966
-1.0612009
-2.5230944
-2.2264473
-0.20575127
0.7987321
-1.5690546
3.6487913
0.29146108
0.7534821
-3.0699215
-0.15625983
0.07317417
0.55439115
0.074219644
4.7468967
-1.104096
-1.7790784
-1.0619211
-1.6323296
2.9090059
-1.7517787
-4.5007243
-1.4358003
1.9831694
-1.809149
-0.39796764
0.2964756
-3.9267275
0.87133706
-1.0969464
1.1863116
-1.2009306
-2.3665264
1.147636
-2.5563965
0.25347042
2.77699
0.8884962
1.1406451
-1.1817913
-0.864109
2.6697643
-3.1973984
-0.65118307
0.8981933
4.0839286
-0.073756196
-2.780759
0.8089699
0.07518779
-1.6813409
-0.742138
-4.540473
-2.4395485
-1.5384312
3.6158433
1.7645005
-4.727943
0.16054253
-0.16170608
-0.1979694
0.22619677
-0.7595071
1.595189
-0.7808271
-1.0174756
1.6769133
-0.56776273
-1.2022411
-1.2305716
0.7337534
-1.6652776
3.370057
-0.85811245
-3.271788
-1.4385121
-1.0390528
0.16539732
-2.6742492
2.8186643
-3.7068079
-3.282711
-1.2235653
-1.0173275
0.92343587
1.47936
0.97779375
-0.7997978
-0.7000039
-3.618419
3.0736573
0.0045611337
-0.75183964
-1.1958246
0.23697919
0.5207649
-2.7642958
0.3085019
0.5721249
-3.8345993
-2.1730206
-0.20107803
0.7544565
-1.0242212
1.9937227
-0.909351
0.30663136
-0.10217391
-0.32398129
-1.030436
0.122688375
-2.5613346
-1.5072107
1.4480873
-1.5737876
-3.1594656
-0.33731976
1.6245915
-0.70029134
-0.45838764
-1.744552
-3.4071767
-3.429744
-0.469586
-1.8627985
-0.034353867
-1.1120877
-2.8721664
4.050448
1.8796049
-0.2413593
-1.4165133
0.12239142
-1.6561104
3.040118
-0.7158548
-2.3985796
1.5079476
1.1120938
1.7848828
-2.3728151
-2.6821373
1.8651029
3.0553162
-0.5082918
1.7835732
-0.63530314
-0.038245283
1.4019626
-0.9180377
2.1381834
0.675307
-0.5529115
-1.6196606
-1.4671756
1.3061563
4.7337737
1.6088212
0.36533976
2.3940208
1.6442462
0.80503
0.036409736
0.9205634
-3.8614242
0.45097876
-1.8091307
2.9282641
8.569301
0.4143846
2.1220193
0.3551871
0.4217071
-3.6572897
-1.7715889
2.237854
1.6240362
0.35574198
-1.2322043
0.7547279
-2.127919
-0.3356091
-3.2192082
2.508402
-2.9271934
1.5183934
0.60090524
1.0385927
-0.17031047
3.1611853
2.6610222
1.9241717
-0.050697327
-0.26790997
-2.3006334
-0.21056794
-0.6369009
-3.0408375
3.1952121
-3.1866164
-2.4665132
2.2642152
1.6352215
3.8948607
-0.38820732
0.5537202
1.5488005
-0.23726007
2.1060326
-1.5223141
0.07135049
2.500573
-0.7271933
0.27650142
2.1200957
3.3120983
-0.3350174
-4.4531355
2.1342561
3.851069
1.1425443
-0.19812891
-3.2224267
0.62447715
-0.26406685
2.5883634
0.52509284
-0.8728945
-0.9628639
0.7108889
3.2480536
-0.4725038
-3.5572479
0.48831925
1.1469151
-1.4944215
2.7221959
0.77120143
2.2908235
1.661803
1.8223863
-4.591795
-0.28982866
1.988456
-3.0301232
-1.1912776
0.69950044
-0.0059735775
0.20461313
-1.6224508
1.7668194
-2.6726856
4.038505
1.4192342
3.453007
-1.8598294
-0.35398912
1.0180769
-3.3136473
-1.8367058
-2.2727196
-3.3249106
-2.465149
0.7957472
-2.7341409
2.4445653
-1.3444841
1.6520134
-0.2998488
0.60531616
-1.5847251
0.19176707
-0.7077382
0.70779806
0.6906652
-1.3283497
-3.1345136
-0.055164553
-3.0354784
0.81925225
-1.3601042
1.3323919
-0.20151201
-1.1558448
1.7683128
-1.3024021
0.0112911165
-0.92149824
-1.687003
0.41280243
0.09841499
1.0835149
1.4542145
1.5183338
0.61186105
-1.2878697
-0.836171
1.3536574
-0.40147296
-0.7390084
0.40657663
0.48790136
-2.1259284
1.8092388
-0.8007617
1.1763489
-1.7274375
0.52688855
-0.85179853
-1.4500902
-0.4513754
-1.8560055
-3.818521
3.0927472
0.8664263
0.3006394
-1.0676239
-6.298467
1.102277
-0.94228643
-3.814011
3.0117679
1.8623817
-0.44816098
0.16390032
-0.2558918
-1.8216435
4.9321756
-2.7615037
-0.3818513
0.48530096
-1.9601417
-2.0241392
-0.82607293
2.7022257
1.6293861
-2.3775296
0.4877014
1.4191554
0.2015855
-1.0841153
1.5730174
0.8998813
1.060676
-3.930602
0.1721786
-2.470251
-1.4926656
-1.0958874
-2.7250817
-1.4267651
-1.7903212
-0.5121439
-1.5666026
2.5558937
0.29025403
-0.30823565
1.9242654
-1.4871287
-1.6155618
-2.1421702
-1.0099391
-1.3338462
-3.8454416
-3.659628
0.065780155
-0.9778926
-1.9010124
-0.07448565
-4.1900597
1.1914958
-1.3861605
1.7004747
2.0174665
-0.24946155
-1.1472403
-3.312554
-0.9700937
0.14065976
0.31930685
-0.2746984
1.7032613
1.9801745
2.2584348
-0.088806696
1.5509651
-0.45625815
-2.4086576
-5.1246395
-0.6027265
0.26185328
0.6671324
1.2429054
1.4071985
1.5351323
-0.4996002
-1.6831462
2.5322962
1.297734
4.2011385
-1.88367
-2.0500906
0.014664471
1.6046543
-0.56051296
0.051176056
-3.1082635
-0.34571472
-4.3364015
3.0077085
-1.8516034
2.4501991
0.2410337
1.2717519
1.1648284
1.2235057
1.5538555
0.32659143
-2.2508674
-0.55295295
-1.3064615
-1.9909348
1.8920175
-1.1326457
-0.12585098
1.6500597
0.9266766
2.9865255
3.7750027
-1.2000773
-0.039145835
-4.1270943
0.9560311
-2.495452
2.3652442
-0.32052314
-0.33946678
-0.03715472
-1.6414597
1.7035359
0.6953034
-1.2989206
1.0295497
0.523443
1.6099728
-1.3004872
0.2377557
1.3534663
-1.7692354
-3.6291647
-1.1548591
2.4325433
0.52447367
1.237749
2.2630007
0.93479526
-3.3503053
4.624592
1.5522082
-1.2317344
-0.009720899
-0.81045675
-0.52517164
0.105035074
1.2427936
-5.447163
-1.7772853
2.4609947
-1.9215221
-1.9561526
-1.0987395
1.6187751
-2.5498962
2.5249195
-1.0144308
1.6305766
-0.08025017
-2.1597302
-1.1063558
-0.43962842
-1.1662625
-1.162644
1.2220832
0.1188728
1.2756829
-1.9137013
-0.24919777
0.27769327
5.1047773
1.3641411
-0.3347827
-1.7965386
2.706939
0.82727563
2.009996
2.0090172
-0.71330863
-0.19777745
0.21283603
3.7535367
2.9365911
-0.90410906
2.4743114
0.6660053
1.0284717
-1.7051697
-3.3020542
-0.20592788
-0.93704516
-2.5585737
-0.9885679
1.9578183
-0.011668123
-1.3301613
-1.0215406
-0.07894512
-1.8718376
-0.12469507
-1.8316191
1.2462304
-1.620803
1.0664554
1.7398059
0.8300892
0.4670212
-1.0688637
-2.1329749
1.527627
0.49041757
0.21544816
1.4658004
1.1874102
1.6679679
1.801719
1.0119439
3.6329408
-3.9105546
0.72623116
-1.2450476
-1.5008115
-1.5092418
-0.43551102
-5.8934608
-2.3532648
4.955662
2.1080532
0.7167986
0.15702395
1.8619663
-1.9821537
1.1521337
0.76089114
-3.7856538
2.8188167
-0.13922763
-0.32568195
1.831053
2.5456784
-1.3405919
2.824663
2.2393053
0.26378685
1.2696861
0.27156168
-1.9225543
3.6363168
-1.2669402
3.5864222
0.82735837
-3.4092953
-1.6218379
0.32370782
1.7555358
-3.848628
1.3383614
1.4341834
1.6725045
-0.018159583
0.6506542
-1.9137383
-4.3673296
-1.2081643
3.61167
-1.1825885
-1.105525
1.737361
2.4504952
2.0204992
0.2469894
1.4446213
-1.1660058
-0.27881542
1.8752545
-2.3214247
1.668072
0.605601
-0.5873355
1.0462791
1.9282326
-1.6138453
1.9902642
1.621523
-1.2305241
1.0817552
-1.0422283
-1.9993113
0.47537452
-2.1166902
2.2355764
1.1043276
-0.20465574
1.0845264
-0.09510798
-0.61329067
-2.0681906
-1.3859714
-0.4714488
1.7261534
1.4263332
-1.23626
2.3651142
-2.6240785
0.039738588
1.9883642
3.0882564
1.0464376
1.979423
1.6459545
0.45779717
-3.5222838
-0.6534845
-1.5972248
-1.9411103
1.4611276
-0.83862513
-0.8031208
-0.6545293
-1.4553396
-1.3212376
-0.42976755
-5.14075
1.3177048
-0.45481628
-2.9389634
-3.9137595
-2.306808
0.5112677
0.8956876
1.2170756
0.12144114
0.9642836
-2.9796834
2.6816528
-2.664455
2.5709417
-0.6694382
-1.9275769
-3.5948188
0.54645747
1.8130717
-1.4825782
-2.107674
-1.8631873
2.0124443
-2.3849149
-0.48298284
-0.5178994
-2.3083866
0.87644273
-0.9678321
-0.9301841
-0.5250744
0.12795566
0.13968214
-2.0585387
-1.4915751
-2.352841
3.5161612
0.5328674
-1.6523895
0.36760986
-0.1603481
0.81320584
1.398464
-2.2409625
-1.2758822
-1.1805685
-1.4983522
1.1189176
0.8593391
-1.6918483
0.379074
3.6495519
-2.068158
-1.5334884
0.7418841
-0.07336103
1.18852
-0.15092473
-1.1768903
-0.32981652
-4.2699146
0.91393745
1.3976825
0.48166543
0.670853
2.4550626
2.1307697
-1.0831609
-0.2516719
0.72554773
-1.9886222
2.6679416
2.090471
-1.2094792
1.1091723
0.095963396
-4.10029
1.4576609
-0.32473668
-3.2541473
1.6740129
0.22461578
-0.92349017
2.938112
0.5268784
-1.596274
0.38657382
-1.9401385
1.867623
-0.116966076
2.565857
-0.24592245
-1.9808751
-1.3207636
-4.256999
-2.7557452
-1.6446507
2.3835664
-0.8526144
4.3766165
0.45864856
-3.7564745
1.9195727
-0.37072355
0.15650842
-2.0470932
2.2236466
-1.2035859
-2.0979269
-0.08770199
3.0058253
0.3809478
2.4630828
-2.8106704
0.06935036
1.286325
1.9277768
-1.844511
-0.118292905
1.4837633
2.7780957
2.0341737
1.1270952
-1.7453731
-0.008356541
1.6825966
-3.1162424
0.008778438
-0.050569862
1.4529724
4.371987
0.34024656
1.1737032
2.3011734
-0.4534642
2.2371898
3.6708372
-0.21165773
0.34194767
-0.18176979
0.19276996
2.006359
0.7770155
3.1398118
-0.49623063
0.5740071
-1.2637975
-1.7057241
-0.4322053
-2.055219
0.45166388
-0.34947222
-2.671189
1.3773404
0.23526552
-2.5836391
-1.1515524
-3.4555862
-2.393557
-0.52354425
-1.2049303
0.8546909
2.1803725
-0.40974855
-0.98930436
0.5915513
0.57415694
-1.1130937
-1.7988652
-0.51231337
2.7505076
1.2837533
2.1762674
-4.076563
0.40496153
-2.3929713
-0.5300333
0.0043388046
0.8277133
-2.2753031
-0.8107216
3.9704306
2.5784314
-2.4237413
-1.5670718
-3.9696732
-0.7496275
-3.3677433
3.5963326
1.6666384
1.1521001
-0.46529093
0.6851362
0.92601633
-3.7168696
-1.5364805
-2.253722
1.111115
-0.9451307
1.1558127
1.9177998
2.7137551
-1.0959336
-1.1500738
-3.7123537
3.3328996
-5.464496
0.03265635
-0.4683786
0.27116314
4.00208
5.38451
-3.2034469
1.5293753
1.0995921
-4.055951
-0.72800577
2.9254806
2.6358392
4.009203
1.0938889
-1.7643641
0.6105514
-0.95936817
-0.7236926
-1.8286682
0.2988625
0.3787601
2.4631357
-2.4947357
1.1363151
2.2747388
-0.7732146
1.7114115
-1.9920795
-1.8192888
-0.60677534
-0.54680574
0.46858987
1.6434202
-0.5769214
2.0889723
-1.6674428
2.2138782
-2.1545892
1.8490059
0.8772465
-2.1095133
-1.7473575
-1.9482459
-0.58980095
-2.1554887
-0.9802399
0.8897598
1.4123398
-1.4587736
-0.44750392
-0.56779236
0.5556377
-1.7187897
-0.60277075
1.2591999
0.218844
-1.231165
1.4229987
-1.3368081
-1.662542
0.4845543
-2.1144464
1.6316786
1.5498484
-1.0592965
-0.9961567
-1.59662
-1.5375065
-0.54268914
-0.7457232
-0.27097988
0.5518961
-2.878692
2.3037171
0.46370164
0.018131308
1.8323287
1.0175993
-0.539526
-2.7790313
1.1305985
2.6383543
-2.2856007
-0.20602906
-0.71240604
-2.967677
-1.6614809
-0.24984488
-1.118655
0.21679808
-0.26495355
-1.4426832
2.3835468
-0.20033209
0.1024184
-0.5958932
-0.64603204
0.4272706
-0.43577722
2.6582928
0.4502438
6.043798
0.2696945
-2.4553883
1.9412698
1.2200383
0.1293334
3.1549714
-2.1577713
1.1748359
-0.049426325
-0.040753335
-0.89527667
3.210033
-1.5867244
2.1746538
-0.53127
0.03686319
4.1029778
0.8536408
1.6888096
-1.9065447
-1.5925139
-0.21438634
-0.67229617
-2.2477865
0.41349387
0.6999939
0.8724891
-0.12767667
-0.49552813
-4.3968463
0.4312091
-0.49969426
-1.4763769
-1.4875448
-0.08255463
0.6942684
-2.0959394
0.7046159
-0.80163467
3.0087218
0.7247476
-1.1505381
0.9332209
-1.7379649
0.80605906
-0.96571237
1.8275583
0.86310494
-0.68688256
-0.22511068
1.5395344
-1.0632194
-0.5274914
-2.1923366
0.6788566
-2.0395825
-5.4385834
-3.980609
0.12552044
-2.277855
1.0703512
0.73461413
3.687806
-2.0376496
-1.5752411
-0.90663946
2.2810953
-0.12961724
-0.66525155
0.97891873
-2.2739868
6.238134
-1.0995519
-0.5708132
-0.68913054
0.7649879
-0.72367454
-0.699737
0.55670017
0.5463273
3.4794898
3.2200463
-0.34688136
0.18615806
0.24354622
3.7020147
1.6808236
0.12772486
3.041252
1.7554536
2.2224889
2.427899
-3.007138
1.5350844
0.71213037
-0.56734437
-0.66234916
0.312539
-0.32304546
0.12066981
-1.6351448
0.57734096
-0.06848224
-0.842935
-1.8889529
-0.55585617
-3.5522528
-1.2766603
0.44555292
0.57924694
0.7595668
-0.79360884
-0.39184642
0.3342855
1.091339
0.81773543
1.2614815
-1.8185921
-0.6232378
1.1504936
-0.665561
0.7166343
-0.0018094406
1.5774171
0.87237453
-1.619546
0.18967527
2.2760262
-0.9341165
-1.3833828
0.71871006
3.146194
2.6926932
4.0331016
1.1399109
1.9598722
-1.5145054
2.4270866
0.7799221
-0.11833239
0.03259755
-1.3400875
6.3576236
-0.3414323
3.279255
0.15417534
0.5672883
0.4005225
0.23021032
-0.99305314
1.1188874
2.626014
-0.97884846
-0.78870714
-1.9243709
2.8293192
-1.2691799
5.2558675
0.8045174
1.474264
-2.4499693
-0.8953757
1.366338
1.6848445
0.7762858
-2.8986402
0.9136879
-0.45166323
-4.1283245
-5.393958
1.6850429
3.1203535
-0.5505419
0.58697444
-1.525365
1.3656626
0.01737256
-0.5075225
-2.5655634
-0.49543142
-1.2354376
0.987741
1.3804802
1.9367746
-0.8619671
-0.25345293
0.27262387
-1.7297814
2.677973
-1.1918298
-2.1925147
-2.0095677
1.3821595
-0.55900085
0.8505072
-0.70840824
3.1412938
-0.4937573
2.0590074
2.5617044
-3.4227824
-3.1899583
-0.20088714
-0.5438527
-1.2310623
-2.2470868
-1.5415019
0.9119488
0.42969516
-0.73603594
-0.53754735
0.34309953
1.9869071
-1.665325
-0.37337455
-1.6428021
-0.25596437
-2.0780525
3.6632113
1.2872036
-2.1196327
0.78506684
-0.88359725
-1.6049694
-0.7461387
-0.2680598
-2.6415627
-3.6238885
4.976838
4.4596276
-0.4798787
3.2714515
-0.33946237
1.1974831
-1.183628
-1.3120977
1.1381485
2.1749318
-4.704115
2.465898
1.4499544
2.6895833
-3.339287
-2.9940445
-0.7876059
4.717999
2.3125215
1.4855639
-1.8728923
0.72011966
-1.3643532
-1.692829
2.2740633
3.6392183
0.672099
0.7253086
0.24000895
-0.060303695
2.731422
-1.3756849
0.27757815
1.0199941
-3.7604346
-0.5127151
2.7953866
1.1805618
-2.542725
2.7364826
-4.06945
-0.39907977
-1.0461831
-2.2946804
-0.4220932
3.3648853
-0.75309175
-3.5731447
1.1191106
-1.5795348
0.7650399
0.9362812
2.7073567
-1.2217033
-0.35958365
0.14923003
2.0172715
0.013467312
-0.60358673
3.9612489
0.44495872
0.24669826
-0.29798013
-0.13844377
2.2900145
-2.2791667
-0.50700873
2.322369
-0.15092689
0.5011775
-0.88160336
0.9564278
-0.30131206
1.7383983
1.9995596
1.0168935
-0.43192968
-0.34023565
-3.5012126
0.9479549
1.0034987
1.1192371
0.44844258
0.77463
1.9012836
2.1138775
-3.0522819
-1.4700685
-0.15076262
-3.8791983
-0.450181
0.7571589
-3.111032
-0.4968995
-0.9926836
-0.3016893
-2.9437242
-2.337535
-0.9472208
-2.6908295
-0.84153974
3.4296918
-2.1311183
0.21453771
0.7604296
2.527408
2.208363
-0.9960497
-1.0431565
1.9114976
2.4496353
-0.094832025
3.692289
3.4518766
1.1641749
1.1421794
-0.07890727
2.271928
-3.2844138
0.23471232
-3.255142
-0.53294605
1.6683985
-2.400453
2.6062486
-1.9594802
0.21149293
0.35138014
2.3721902
0.21628302
0.6598357
2.3643687
0.63919336
0.46732393
-2.5653448
2.4040809
1.0346192
-1.0148802
-2.5089445
3.4484518
1.9099134
-3.9105
-2.2642086
-1.1020459
-0.02068787
1.1759249
3.3206067
1.2204161
2.340207
0.0020528212
0.9195046
0.7667596
-1.8365455
-1.6109384
-3.2788944
0.9987998
-4.741681
-0.27770913
-1.8741862
-2.5546863
-0.49003837
-3.8237212
1.067109
-3.1922162
-0.800894
-3.283964
-1.8707237
0.017412834
0.4382432
-1.031581
0.22198915
6.404344
1.4591628
1.0438571
0.07659479
-0.6114908
0.808656
-0.689124
-0.834559
-0.47867626
2.1187575
-0.8374795
1.8918391
0.9414065
1.3637697
-1.9598608
-0.28120205
0.7342213
0.4218926
1.6683819
-0.07974958
-0.4722598
-3.6687398
-0.8120132
1.6210731
0.17695858
2.7542615
1.8478864
-0.3907404
-1.965302
0.5025991
-1.5251396
-2.4561355
-0.9567813
1.2544014
-0.19023648
4.198737
0.48731324
1.6757147
5.5323534
1.6546751
-3.5374076
2.279428
-0.5956625
1.9461074
-0.5549103
-2.2309184
-0.56759304
1.8791256
0.2850062
0.6643427
4.014314
2.1800082
2.2440455
3.5322378
0.37342614
-3.18566
3.8735633
2.376165
1.8513566
-0.49909723
-0.91234094
0.01932533
-2.6951747
-3.7317984
-1.6224902
0.27310213
0.61207014
0.12353497
-1.3249134
2.5095527
-1.1142238
-0.06671063
4.3052325
-0.99222106
2.9655144
0.6072575
2.2732074
0.599592
-1.6196336
-1.0227518
4.2792077
3.6045432
0.48702982
-0.41425234
-0.84689635
2.499475
-0.17155221
-0.01926278
1.994116
-2.690201
0.17287527
-0.3471908
-1.7033238
-0.4227662
-2.052155
0.82223135
-1.3532779
-1.5622805
0.3725169
-1.9122847
-0.41152114
-0.786127
-1.7608641
4.903103
-1.1942036
1.30841
-0.8487715
0.38999486
-1.302773
-1.2439594
1.2232338
-2.1820338
-5.4770427
0.45009115
1.3899425
-1.772777
0.33599937
2.130469
-3.2212403
1.0625306
1.0825605
-2.3201497
1.1172588
-2.763871
-2.6227229
0.57011384
0.65331167
-1.581408
1.0523988
0.2950259
-3.7849193
0.9270907
1.1562228
1.1213611
-0.64428115
0.08253571
-0.94616646
-0.059190907
2.5862114
-2.4243963
1.0174925
-2.3452487
-1.4158205
-1.4030337
0.4162366
-1.954278
-0.33746698
1.5279458
-2.221173
0.6504392
-0.60158205
0.30954465
0.2765852
-1.8455954
1.6283357
1.6555113
0.10084795
0.6822697
2.0466123
3.0549927
-0.30102435
1.8385134
0.18997112
0.61746395
0.39824218
0.49630463
-0.47840485
-4.992824
2.3549595
0.36303896
3.9983897
2.8063338
-0.81225127
0.26539558
1.0388081
2.8957117
-0.95545363
-2.1802444
0.38187146
-1.5779032
-0.76574785
-0.9764423
-2.8966663
-0.80193716
3.5206232
-3.0414104
-0.16423935
0.24398592
0.02521418
0.415645
4.3597927
-1.1011672
-1.6769072
0.50303173
-3.3524208
-0.5459965
-0.3609904
-0.7690129
-1.8464187
0.86432904
2.9616961
0.18435591
-3.0420904
-2.857501
1.277616
-0.3655358
-0.92252094
-0.8262173
1.3648434
-2.0677018
-0.6798625
-3.2174714
2.1825278
1.1076792
-0.046539433
-3.282446
-1.7667499
1.6574827
0.13760968
-3.1085129
-1.8547279
-1.42374
2.400071
-1.0822973
-2.8769941
-0.8380667
0.7830233
1.7064927
0.10876396
1.4150828
0.60452044
-1.7614113
0.7554234
1.682764
3.342319
0.5576473
-4.7447724
-1.579173
2.8078368
-0.57259697
-2.3067677
1.309012
-0.98546493
-2.8877401
0.6584723
1.4522886
0.39548352
3.0410545
0.14683141
-1.3889147
-1.1250011
-0.9879376
2.2708702
1.5087423
2.1421878
2.4857078
-0.56987023
0.6928304
-2.5842721
1.1879025
-1.0463523
2.401426
0.6118276
-0.16489297
-0.8586012
0.8827642
-0.93541163
1.0679812
1.5757959
-0.21732575
0.23824783
0.54763174
1.2840259
-0.11641881
-2.8016646
2.9371936
-4.7962966
-2.508396
1.7246193
0.020258304
-0.19720848
1.5691078
0.28980452
1.5608102
0.2921281
-2.0993714
0.5821638
-0.9238092
0.3142559
0.75412613
-0.19994497
2.168985
-2.315848
-1.3093616
-0.6873279
-1.1309731
0.06455041
1.6752312
-4.8318276
-3.058378
0.8025947
2.7216249
2.9375615
2.148202
-2.9061446
0.40053684
0.5880617
-2.1354303
-1.1725799
0.42196146
-1.9366772
-3.1835835
-4.1178885
2.1742165
-0.3754402
1.4329262
-1.0483539
1.682993
0.037347026
2.7133687
-2.7199612
-2.5256708
-1.7980522
-0.88591737
1.7387555
4.4962907
-1.570574
-2.9351153
0.01341527
0.35777736
-2.6837592
-1.9811239
-2.136148
-0.9432141
-1.0049908
-0.942616
-1.4552666
-0.8303553
-1.5857073
1.0965216
-0.3969049
0.43489188
1.406363
-1.7693186
2.1432483
0.23120281
-2.2226148
1.1314163
0.3746062
-1.0474988
0.79072124
3.3790963
-0.28033847
-1.0186388
3.735026
-0.88055027
-4.0726213
0.64248365
2.9723644
-0.29992178
3.309048
-0.44142836
1.559547
-2.6117022
-0.21206489
-1.3438339
-2.8188848
0.341241
-1.3196502
0.12007205
-3.7544196
1.2601312
-1.3522711
-0.25064754
0.6573716
-2.600706
-0.43992135
1.3678391
0.88000095
-0.93599206
-0.30342928
-2.912898
0.9722173
-1.7660686
0.5465221
1.2477763
-2.026434
-2.8282936
-1.3486639
-1.4534075
0.8272781
-1.8218145
1.383889
-0.21586208
-0.5890135
0.4722223
1.0036689
2.6606224
1.9985403
1.2527022
0.13655794
-0.2085067
-2.2307174
2.7877955
-1.4802837
-2.6919086
1.6383946
2.0365767
2.3157175
0.4050693
-2.7621212
1.1345383
3.3967636
-0.078105144
1.7901399
-0.2732836
1.4278643
-0.8306964
-0.56238586
-1.3328084
2.0384037
-0.058152802
-1.1994811
1.5401399
-0.5591664
0.0978887
0.91308016
-0.030708745
0.5695366
0.8158661
-2.3623533
0.76751155
-1.9677908
0.5603924
-3.8771682
0.72283167
0.7846128
-0.6968432
1.2827723
-1.4157356
1.6472336
-1.4520019
0.93122077
2.90308
1.667448
0.3723698
-1.1387433
0.9502862
1.9417452
0.56861615
2.9725046
-1.6119796
4.00353
-0.5129549
-0.36553797
2.2123535
-2.627853
1.5215526
2.1982517
0.99221003
-2.8135314
1.7482927
-2.1488247
0.26884153
1.6466454
-5.0603747
0.6586401
-0.42177477
-0.74498916
5.5299454
-2.142306
-1.2762101
-2.2458625
0.42773944
-3.6497996
0.42966276
0.9662034
0.46658432
-0.82934195
-0.992478
-0.27059835
-2.0567224
0.023147047
2.6600397
0.2837181
1.03355
1.2869948
0.34662524
0.11176044
1.1923038
-1.2993493
0.3453697
0.2870067
-0.020663403
1.0189234
1.4957504
-4.8581867
-0.4737815
-2.6493464
0.6230203
-0.25679213
3.7638469
-0.91057986
1.974663
0.45329797
1.1208364
-2.5721917
0.47939116
0.47069323
-0.33726016
-0.55701846
-2.2016048
-2.1691322
-2.6134408
0.10927081
1.3565383
0.7025095
-1.5993413
-1.3573825
-1.6707338
-0.44867903
-0.41409838
1.211141
0.2495861
-0.38700804
1.0446289
1.1026076
-2.7008169
3.7234993
2.4069622
-1.2073731
-1.4174219
3.1449645
-1.4465868
1.0835698
-1.2757002
2.3925662
-0.9576383
-1.7038895
-3.1164298
-1.611096
-1.7131135
3.721983
-1.6601888
1.3257893
-1.0119262
-0.24387185
-3.114849
-0.4971299
-1.1329769
-0.64070475
-0.5541614
-0.78328204
-3.7413774
0.9074472
2.5804873
2.7905407
0.82072353
-2.139534
2.931103
-3.0291233
1.9801579
-2.463948
0.87397426
-0.22459799
2.9561992
-0.80867356
-4.0787225
-0.5098106
-2.6180866
-3.792324
-0.8440144
2.6896462
2.7081094
-0.22959968
-0.90796846
-2.0394409
-1.764557
-0.69112444
2.0409427
0.19886601
-0.7094827
-1.0469798
-1.1795732
-4.27644
1.1417559
0.83359563
-1.1758068
0.24265651
-2.1580553
-1.2675467
-0.16853717
-1.8423496
1.1123236
0.7935685
1.7099824
0.4000156
0.44641155
-0.00494083
2.8235734
0.32192197
0.5449711
-0.85494393
1.4416902
-2.0647702
-1.4096516
2.5738242
-0.47355336
0.67722017
0.9570557
-0.19180214
-0.23726928
0.18115546
3.6838303
3.2299213
-1.8984076
-0.046844184
-0.14331672
-2.8472047
-2.1894772
-1.06141
-0.4253747
2.2709043
-2.534884
2.4356914
-0.12609215
1.4306134
0.3754163
1.6770588
-2.735771
-2.3376453
-2.7171202
-0.57555366
4.1016474
0.26531678
-0.62636745
-0.31452662
0.4251136
-0.58462673
-0.3206108
1.5963184
-1.0230399
1.5986325
1.9563533
-0.27837893
1.2683523
-1.231939
-0.60667235
-0.3252147
2.9264913
-0.51499236
-1.3893951
-0.28313696
-0.8287089
-1.583976
1.8039215
0.37579685
1.2228452
-0.6934031
3.6185365
-1.043114
0.70576
0.63169694
1.4783568
0.6417136
2.5937734
-0.9787007
1.0387933
-1.2541457
0.46422753
-0.40811372
-0.22638267
-2.465938
0.57605356
0.20524268
-0.8779736
1.331462
-1.0757746
-3.7187726
-2.3610163
-1.0150322
1.1733658
-4.7693267
-1.8072457
2.087179
-1.0163317
1.0318286
-0.4880641
0.9408909
2.3886206
-0.81798893
0.50169176
1.9866003
-0.37066352
4.392176
2.3264759
-0.42330226
0.38572085
0.74559164
-0.4098425
0.23705286
2.3585093
0.8019335
-1.0858282
1.4920017
2.0483894
-0.82205856
-0.7248082
2.4717932
-1.4154637
-1.8435336
0.22739075
0.05418401
-0.4475231
0.41527426
-0.24872619
2.2825005
0.17724437
5.402128
-1.5907949
-0.84915346
1.5062219
3.523038
-0.5931655
-1.9637696
0.22379069
0.09147931
1.5427035
-1.2049452
1.1390524
-0.5976754
1.4686437
-0.14071861
-2.109425
-1.4607283
2.4478421
0.93848467
-2.6404502
-0.9137938
1.0387129
-0.55792755
-0.5829226
-1.2941253
2.6562834
2.3010483
0.26681614
3.1307209
2.0595124
1.1731253
-0.3988339
2.6306899
-2.921363
-1.2309593
1.405257
-0.69327
0.6229747
0.091083795
-0.95741534
1.8024906
1.6991498
-0.013806254
-2.2579894
-1.9028621
-4.5925636
-0.18812078
1.2521046
-0.54979706
-0.5541571
-2.0035412
1.0872205
-0.33827204
1.2189913
1.7261955
0.7962167
-3.0210662
2.90013
0.043909054
1.6997739
-1.6407225
-1.1414328
-2.1104407
6.321024
4.476509
-0.4130392
-1.0703989
3.0278509
0.62546724
-1.2251438
1.7307965
1.6114986
-0.71478987
1.7842389
1.0719731
1.014163
2.0851758
-4.0485015
0.90108156
1.4770672
2.9139795
-1.9663035
-0.21554577
3.8110476
1.5842805
-2.8599122
-2.7660568
0.029412188
-1.3364589
2.913737
1.856442
2.9157436
-2.3348799
0.47089934
-2.0879166
-0.35555243
2.0519497
-1.3262067
-0.09636261
-2.8468037
-3.4266133
-2.6370966
-0.68131095
0.90905976
-0.3358515
3.905114
1.9059614
1.4876473
1.4657788
3.4799526
1.2940586
1.2871541
1.7195332
1.6512289
-1.379525
-0.30421472
1.8223842
-3.8000188
-0.2845462
-1.445896
-1.3540763
0.47755972
-2.0945482
-0.22671233
-1.9098248
0.27214548
4.154817
0.83351654
-3.4269652
0.06586929
2.719628
2.4504213
-0.8493679
-0.4218892
0.957424
1.6749091
-2.8902106
2.2919397
-0.16357374
-0.36377776
0.7942181
2.027391
1.03774
1.6948998
3.5090091
1.1671034
1.5353162
-2.4519086
0.5553767
0.18087447
2.6081142
-0.4710555
-0.6206774
-0.09688395
-0.61824876
0.77934396
0.23640369
-0.45803964
-1.1557384
0.43864945
-0.03353646
0.71016365
3.7643127
1.4206327
-1.5332452
-0.044941917
0.63486034
0.30770382
0.05596722
-1.5530355
0.521036
1.5239667
0.32563287
1.8326339
-1.4963257
-2.4261818
-1.063369
0.25012448
6.8627357
-1.1355891
-1.5571638
-1.5383009
1.7110848
4.539401
-1.1420928
0.8624467
-3.7719805
0.89914286
1.2703934
0.37947792
-0.017554391
-0.7070269
3.280261
2.11827
-2.173637
-0.57791674
-1.0415671
2.1753633
-3.5625963
0.040797055
1.5159416
0.53246063
-0.77815264
3.3180993
-0.22728968
-0.8113581
-1.455067
-2.0337143
1.7375631
0.8578042
1.0057639
0.96058387
1.221431
0.36990294
-1.1835413
3.3922315
-0.45749867
1.2058396
1.4045845
2.6045468
0.14963812
-4.128859
-3.0139704
3.5808227
-0.18654037
2.5433483
-1.8240138
-1.2899536
-2.006064
-1.0173178
-0.10078931
-5.1632524
0.7462257
-0.15422836
-0.5306048
1.3632028
-0.99289423
-2.8790352
1.2265596
-0.4558251
-0.36135435
1.0328573
-0.24695711
-0.021168798
1.1790136
-3.8633478
-2.5650373
-2.5659254
-2.1604402
-2.088633
1.6968863
1.8634802
0.14071794
-0.8892828
1.535625
-0.020279095
0.75286585
0.66165465
3.5473688
1.2464429
1.008546
-1.9620278
1.4233564
-1.2396636
-3.2425675
-0.7859625
-0.29874212
-2.2707639
-0.2546026
-0.13619451
-1.3718913
-0.47252503
1.0106875
0.32207456
1.7518473
-3.1689987
1.1766155
-1.5220733
-0.45545062
0.2668854
3.741888
0.409955
-3.8146715
1.550352
3.91228
-0.822308
-2.2627554
4.5595145
0.9363942
-2.366418
-0.9601602
-1.941811
-0.43766737
-4.9453554
1.2940797
1.541665
0.33427185
0.27199733
-3.1377778
-1.2296813
0.07101937
1.1076394
-0.2633879
-1.5434488
0.5164701
-4.370084
1.7677432
-1.197056
-2.401913
-1.568061
2.3355968
0.84362787
-0.5837355
-0.49110144
-1.3206699
1.02918
0.79499394
-2.7380736
-0.38178232
1.8706273
1.6327025
-2.6070096
0.5385403
-0.35647058
1.7338674
0.470412
-0.37590384
-1.4259944
-2.6425784
1.3789135
2.3373702
-0.3417197
-0.6740369
-0.78786325
-4.6208587
0.46396726
-1.2065167
1.7644005
3.8359373
-0.24332173
0.6443402
1.7537688
-2.5902214
-0.5456535
0.9767426
4.860554
0.6721665
0.33644626
-0.34811008
-3.9599664
0.3375762
-3.1369262
2.3565474
-0.21423978
2.0649035
-0.4544741
-2.685487
-3.8857803
-3.1480973
0.392184
-2.0914094
1.7398447
2.6501355
-0.23834434
-1.8620927
1.1050018
-1.7181796
2.9734147
0.83536416
-1.5702019
0.32079417
-2.6434276
2.6469126
-1.7902782
3.3885965
-1.3899423
-0.6112551
-0.8205468
-0.35207182
0.84323555
-0.008919094
-1.5582585
-3.3826306
2.1471548
-0.9031304
2.083469
2.6655874
1.546041
0.18352106
-2.469888
-1.1824235
-1.7790123
-2.0513358
0.002447635
-0.7749939
0.8130047
0.8498422
0.11036697
3.4925752
1.2540607
-3.4571044
0.13468598
-1.7939148
0.8518773
0.11019862
0.23111868
-0.10563496
-0.38354626
-1.2910991
-1.8656956
-0.6765634
2.3309045
-2.4136882
-0.03353897
0.8704729
1.7127975
-0.7873624
-1.1329082
-1.1691874
1.3647778
-2.2264528
-0.22519115
-0.29313123
0.0856919
2.3558123
-3.3664517
-0.13191342
-3.2323186
1.2993222
2.3532944
1.8259736
0.011828877
0.4530511
3.7912514
-1.5879866
-0.45471483
1.741151
-1.262503
-0.21651728
0.61647534
2.7621694
1.0779731
-0.4275778
-3.3511424
2.9114056
-1.2235382
1.288234
-1.4297363
-1.0404375
-0.17468709
-1.6963724
2.3036482
0.12814024
3.4674027
-3.1489317
0.9822037
2.6835904
-0.58257604
-0.95961076
-2.8281693
-2.5768983
2.1521878
-1.2264556
0.016671635
-2.4687626
-3.738526
-0.46801203
-1.5263052
1.0283781
3.2807748
0.8588793
0.535586
-0.95750874
1.9148977
2.448939
0.53495383
0.44543424
3.3199456
-2.408965
-1.3726335
3.0587454
3.4964228
0.6036529
1.3691435
-1.061629
-1.9777398
1.9976008
1.3331861
-0.19733226
0.76021075
0.6378303
-0.45894653
1.4643916
-2.6117907
-1.8210263
-1.5543543
0.086839005
0.61136305
0.16295129
0.45089132
0.7931936
-1.1602908
-0.3763442
-3.0017016
-2.3559296
0.6724698
1.9020351
0.7669678
1.3219379
0.6400134
-3.4732883
4.459925
1.1573826
-0.31548464
-0.92430353
2.5195618
0.1343016
0.9443
-3.127615
-0.2829762
0.40411738
-1.8722212
-2.7367432
0.289572
-0.72721994
-2.2819774
0.70285094
4.6062016
2.5432029
0.9688634
-3.3675153
-0.085339
1.9828751
0.28390074
-0.11272704
-1.4684107
-1.3769672
-0.67626184
3.147304
-1.3010571
-0.3213714
0.6034356
-0.13380441
2.3150485
-2.9308672
3.0490203
0.8482725
-2.421399
0.6702375
-0.6956052
-0.5583759
-0.8712203
0.87386274
0.59531873
1.8985653
-2.3907146
1.3453271
0.10890496
-2.0917635
-0.9196682
0.21900587
-0.7751482
0.22733305
-0.8157347
0.93280274
1.6145555
-0.06587587
1.7949146
1.3542311
-0.3038482
-2.0586767
0.5952554
0.69793296
-3.5967944
-2.4440558
0.69144756
1.6847415
-0.35732666
1.2853295
-4.248687
-2.7643814
1.2719401
0.43792048
-0.5455807
2.4069872
-0.3706364
-0.2775394
0.30806687
-0.16550866
-0.25021592
-2.1046648
-0.6665985
3.7020135
-0.27425015
0.67409706
-0.22735342
2.1639097
0.9919055
1.7845722
-0.4727969
-0.7976054
1.6963828
0.86109316
1.1888651
1.5485022
1.3980073
-0.29555058
1.5985792
-0.41114506
3.2263136
-0.6911672
0.88479906
-0.07673775
1.8138961
1.0968877
1.6208187
-0.6873978
1.3041039
-0.38837412
2.0372972
-0.60437095
-3.0136256
-2.7566006
-2.3429885
1.6686534
0.02419404
0.100964874
2.6501505
0.016513735
-0.5791167
2.8777814
-0.93724716
4.574726
-3.007985
-2.5951335
-0.11913284
-1.7446432
0.80088943
1.9358661
0.9081119
-1.7158657
2.0818503
-1.3198491
0.35832557
-0.37168217
1.2814628
0.095173106
2.4350748
-1.4387611
3.2117226
-0.17127207
-1.8579814
-0.3624416
0.19119704
1.0531107
0.41041404
2.1696908
-1.9840282
0.20899126
-2.4463785
-0.46124703
0.018563189
1.0876881
0.8671234
2.5960863
-0.52318627
0.9481719
-1.5551442
-1.1824554
-0.028107889
0.8246151
0.46418548
-2.150112
-1.0057826
1.7257583
1.9351535
0.3735176
3.3027503
-0.36806017
2.7227569
0.37806273
-3.6078942
2.4090009
-0.6361981
-0.16309361
0.80451083
-4.991847
1.2966057
-2.6383154
1.1927648
4.1893234
1.8289231
1.0567114
-0.6807153
-0.74967706
1.6190225
3.7642617
-1.40324
-0.06741073
2.0672033
0.24960002
-1.9385692
1.2616407
-0.20382014
0.1725446
3.7715535
0.25248078
1.3657607
-0.2392846
-2.372583
2.4235163
-0.7076454
-1.0833311
4.4569526
-4.1627684
2.3410408
-1.6003747
1.9845685
-4.971727
-4.408036
-0.20031211
-1.0020237
-3.3796046
1.9343283
-4.822305
-0.13435033
0.5916449
-4.2774076
4.1185293
-1.7274327
0.6387479
2.3692694
-0.15254846
0.3411987
-3.277422
0.32879013
-3.6527765
-4.3497286
-3.0888724
2.3834057
-1.6780913
1.8886395
1.0470556
3.0202327
1.491203
-0.2606359
-2.4770584
1.8332351
-1.4930316
-1.5239636
-0.55735224
-0.08457424
0.9544392
1.745714
-3.556332
-0.9479169
-0.4689873
1.4830053
-1.6659399
-1.1386375
2.084705
0.90032345
0.6626603
2.3581684
-0.0786581
0.19476146
-2.3627658
0.64467275
1.801368
-0.58254987
-0.18453988
0.05099728
-0.7059566
-1.3241566
1.0019947
-0.91744953
-0.7242943
-1.1539594
0.07980699
0.7226854
-5.9117513
-1.8609768
2.961201
0.772861
0.4001264
-0.71830165
2.1404986
-1.0147071
-0.26044196
-0.7849695
-0.47095084
2.956912
-0.6164735
1.8193356
1.1164349
4.703796
-2.5738544
0.8544453
-0.11017821
-0.2550109
0.523183
1.9521859
1.4705443
-3.9151294
1.0734841
1.4520475
-2.2848976
0.4972623
-2.371158
-0.7380859
2.1586432
-2.5438876
1.9530824
0.989853
-3.7849877
2.3115444
1.5992062
-1.0955181
-1.8150306
2.5620139
1.2792437
1.4615359
4.068664
1.703926
-3.6983647
-1.2333807
-1.448113
-3.2928073
2.1447313
0.29754427
-3.2069464
0.18832839
0.13844404
-3.1486363
-2.367275
-0.105727896
-0.28950372
-2.2700787
3.0768118
1.3423176
-0.12997943
2.0235813
2.391961
1.7667007
2.3693879
-0.07357633
-2.7999732
0.5051907
-1.754345
0.08043686
-1.9077864
0.0862215
-1.2592101
-0.5953276
0.50786984
2.1126788
0.6044813
0.3716182
0.31266183
3.3824089
-2.485833
-0.29714754
2.5064793
-1.0801308
-1.0538496
3.3399189
-0.6530004
3.6763365
3.3311393
4.1554418
-1.7801625
-1.5144955
0.0032611862
1.4912431
-1.5880688
-2.8857286
1.1527293
-0.48390326
3.0770721
-1.8461916
-1.4856356
0.8732583
-0.12059494
0.73143995
1.4532179
0.91143644
-2.5798907
0.14239737
0.9190518
3.8674917
-1.1268361
-1.0898056
-1.5084982
-2.2264123
-0.94977033
-0.48049706
3.319015
-1.1177517
0.28538623
0.29130694
-1.7911423
1.3365601
-0.1618638
-0.94917214
0.53229064
-0.1703447
-0.049720705
0.9296338
3.1268222
-2.1122055
0.4046939
-1.6185962
-0.97395957
1.076498
-0.64468694
-0.21907458
1.2005963
2.7445292
2.1566706
-2.2885768
-0.5065174
-1.8797319
1.8270676
-3.8912854
-2.3925781
-0.5806617
-0.6135991
0.15398142
-0.18050548
0.17197806
-1.2207824
-0.82562214
1.9578369
-0.35476327
1.2904372
1.3237231
-0.28864476
0.8256565
0.255754
-2.7149775
0.4681715
-1.8435673
1.6420486
-1.4265206
-3.7852652
1.7659057
2.3135548
-1.1387347
-0.8380044
2.5734622
-0.15085158
4.095433
-1.5646212
-0.46786708
1.7781607
-1.1824557
0.5958318
-0.5255139
-2.99368
-3.5798633
3.1717947
3.0662806
-3.70122
-1.5402284
1.6306101
-0.2425968
-2.9531546
1.9218519
-2.9362814
-1.9830943
1.1712531
-1.110523
-1.1705004
1.2310417
3.687583
0.4443375
-1.3233302
0.27316147
1.598366
0.48985133
1.299656
0.29724136
2.5958126
-2.2179067
-0.0751136
-1.5333775
2.5247626
0.12121445
-0.08888345
0.5914271
1.7301037
0.30528754
-3.4354038
-0.45435268
1.0954572
0.68238264
-1.56497
1.282192
1.3301778
0.5633829
0.51487
-4.4363456
-0.63129514
-0.1713363
0.008198891
0.18738532
3.771173
-1.2145519
1.4526558
-2.6132488
0.8924777
1.3015571
1.3355957
-0.4904127
-0.21235138
3.538879
-1.2832676
-0.7291534
-1.724745
-2.5205376
-0.9322023
-1.5620413
0.086466916
1.4756209
0.24391592
0.93400186
-0.68323654
0.006773457
0.1820663
0.37476113
1.123153
1.1780568
-0.54235625
2.514273
-0.024199974
-1.424108
-3.0989397
-0.91724515
-0.83175653
0.18038468
-0.9515755
-4.7272224
-1.6033105
-0.18366581
1.4326202
2.28721
-4.69072
1.0488895
0.36942732
-2.2162719
-1.3677732
0.20101249
0.24447495
0.7849648
-0.8608221
1.5907658
2.9581323
0.48574936
-0.17137113
-0.73286545
-2.8965461
-0.12114067
0.7497031
-2.6342764
-1.2639856
-2.9826663
0.45168412
0.719104
-2.5644028
-1.8949618
1.3075856
-1.7343324
-2.058722
1.4284406
-2.1776414
-2.0239935
-1.7282796
1.2762827
-2.3141384
1.616614
0.46466908
-1.749242
1.529084
1.6483881
0.5500346
-3.390616
0.48995483
-3.4157057
2.8002186
-0.32703543
-0.93347704
-1.2028563
2.6924105
0.77918154
1.8361542
-3.7768648
-0.02231212
-2.3382816
-2.5415921
2.0570831
2.3654077
-0.11084118
0.027331047
-3.1723855
-1.73412
0.7192015
-1.8463345
-1.0578938
0.95875305
-0.3626005
-1.9562864
1.0698949
0.10707749
2.1788075
1.6655728
-1.9222165
-0.4380513
0.3195991
-0.81908405
1.5531913
2.2607784
-1.9071867
0.02349028
1.0372497
-0.7486779
5.1037407
1.8534045
2.872189
-2.0827754
-2.0601902
-3.6562965
2.2614799
0.90925556
-4.8685474
-1.5393374
-1.478034
-1.0907409
-2.1181903
2.0991101
-2.3330624
-0.7233265
-1.8949608
-0.31746298
2.0461733
3.707916
1.1706704
2.9447312
-0.1941557
5.5241485
-1.7741143
-0.22821173
1.2828045
2.8259463
1.0218308
-1.9998987
-0.6783597
4.381285
-1.8483937
0.60366553
1.4433533
-0.17979074
1.8363177
1.0271902
-0.45105487
-0.34678158
-0.12691028
-1.0724763
6.0351586
1.5635968
-1.6457211
0.060588554
-2.7322586
-2.8697166
2.180713
0.2300733
-1.0066338
-0.01358157
1.3221048
2.0666144
1.3191037
0.2996322
1.3399794
-0.36203754
0.9789753
2.5014749
-0.6070643
-1.6744759
1.2634572
-1.2824111
1.65802
3.3421028
-3.2634952
1.9077569
-1.8795643
0.5928818
-2.106834
0.41245827
0.8013253
-1.4869962
0.7573082
1.229438
-1.2429818
-2.4649642
1.7327447
-0.048690215
-1.8587711
2.3552723
0.9561882
1.594709
-3.582432
0.52628887
1.7234937
2.9883413
-0.0028630644
-2.86506
1.6057329
3.1781018
0.23884921
0.35272276
-2.1943448
-0.3496158
-2.1800635
1.0210596
1.9884484
1.0490782
1.4905107
1.705221
1.297723
-2.4193535
1.2086694
2.2917714
-1.3195189
-2.4707925
0.88063174
5.5016265
-0.047171883
-1.6691482
0.41736507
-1.5975667
-0.860489
1.1110759
-0.6756094
-2.0671842
-1.8495572
-2.6013322
-0.066211194
-1.4703977
2.128216
-2.4151506
-3.2227829
-3.8109019
2.7033327
2.4272563
1.306309
1.8290063
1.0614448
2.1970026
-0.625765
-0.18204267
-1.3162183
-1.0122848
0.5083988
-1.2424566
2.6124108
0.11038574
3.0035384
0.9505956
-0.99431926
-1.964904
-2.0135112
-1.9759781
-1.4452198
0.2064697
-0.5704948
-0.35754588
-0.86693245
-1.9223764
-1.4666935
0.62562275
2.7822206
1.7775686
-1.0549463
-0.056942172
-1.0001638
-0.15920037
-0.85918796
3.7848935
-1.8328923
-0.44340613
4.8266273
4.437451
-0.8251707
-2.6235135
3.3272865
-0.24062794
1.3552332
-2.9915032
-0.5587234
0.7808819
1.5216062
0.50515306
0.40788293
1.1071358
0.4553602
-1.6069161
-2.8696713
-4.6116304
-0.011248335
-2.799095
0.52294093
1.1171466
-1.6473922
-0.79230833
-0.24705192
-0.24679029
0.5186893
0.7607014
0.2430493
2.1959162
0.7383714
-3.4158316
-1.4657414
-0.21363384
-1.6044841
-1.9463377
-0.5811474
-0.31238967
0.7292391
1.9602995
0.67362434
-0.25882626
-0.4709844
0.62398493
-2.442124
-0.62102294
1.9565785
2.28058
-1.0708835
-0.8253135
0.9280375
-1.827239
0.024062812
-1.276445
1.0865202
-3.5512664
-1.2776769
-2.0733566
-1.3962429
2.2633882
-2.8487697
0.93949723
-4.1444073
-0.8849352
-1.0878186
3.9270182
-3.183312
-2.963555
0.26482892
-2.7068253
-0.7670932
-1.6753037
-3.5630636
-1.4196817
0.9663372
2.2255175
1.2172493
-1.6806915
-0.2128078
-1.7942865
1.369439
-0.28096846
-0.47556835
4.0684566
-1.6564356
-0.30877137
-1.3955566
1.2502159
-1.1941272
0.35283396
-0.20704082
-5.509053
0.7835071
-0.041124955
0.19786769
-1.8435649
0.615063
-1.3199536
-1.2081566
-1.296255
0.44979653
2.3115253
0.6283641
-1.5501472
1.2638597
-1.9140246
1.9423068
-0.18892443
2.296078
1.4047879
-0.28985363
-0.9510446
2.700031
-1.696733
-1.160578
0.705886
-3.0524235
2.5796542
-2.9180627
2.600889
-0.25370225
0.33471394
-0.018536821
-4.392775
1.3327672
-1.118213
0.41705653
2.4359994
0.315392
2.7738955
1.4776056
1.2899936
1.8786188
-0.24816136
-1.5267011
1.8162292
1.9369011
-0.32924944
-0.5876535
-2.7112296
-0.8540931
0.028366324
-0.96631444
1.7115442
-0.017289482
4.1480846
0.07366441
-0.7483791
1.8414546
-2.406281
-3.2191389
1.0061867
0.49992615
-2.6175175
-0.378849
1.7889827
-2.4653032
-1.5460258
-0.4577373
0.38731116
-1.4655933
-1.7305351
0.97151107
-4.2282877
1.8157111
-0.8993184
-3.5383873
1.4654071
0.70921797
4.364136
0.94979876
-1.6756217
-3.8432157
-2.7487996
-2.4154432
-3.8581161
-3.162275
2.9243448
-2.399318
-2.6300266
2.6019266
0.8708137
-0.42313063
-1.9496514
2.513627
0.42657334
1.3740221
-2.5303466
-0.72361344
1.4120225
1.70991
-1.2585906
-3.6285038
2.1623583
1.154072
-2.4597554
1.6968973
-2.9639213
-1.3492702
-1.3468128
2.1893234
1.703797
0.47165492
-2.736285
-1.8765626
3.1975882
2.5373416
-0.9522603
0.1611165
1.7203451
0.9871777
-1.7922294
0.42876112
-1.2012899
0.67214185
-2.68982
-0.13416108
-1.9263445
-0.45341927
0.68965185
-1.0033476
-1.3517957
0.29839346
1.703576
-1.350963
2.6952877
0.7714761
-0.24820885
0.1421068
0.2215144
-1.29971
1.6117986
3.0233488
-1.9583151
-0.5652537
-0.45172805
1.000449
2.4740028
-1.9611022
2.1856065
2.608145
0.16507126
1.7047485
-1.2779347
0.01913777
-0.8979398
0.7883253
2.5775647
-4.5700307
1.4227611
3.6932847
0.36300385
-1.0902822
1.5636142
-4.786539
2.505559
-0.4546945
-1.4467249
-1.4249158
-2.7948084
-2.7073298
3.4837356
-0.39558408
0.2565962
0.70942986
4.233255
0.54084307
-0.91647327
1.0427445
0.37462664
0.14284328
3.4765286
-0.076591834
-0.8308624
2.4390519
-0.78558356
-1.2121179
-0.46435294
1.8200988
1.0980132
-2.163706
0.5222549
0.9502755
-0.5690647
-3.7983809
1.8388921
0.8547526
-1.3237003
2.6284995
0.83351374
2.1127217
-1.7211069
0.57559115
-1.2096462
0.72824687
-0.22911978
1.3632213
-0.7052749
1.2680238
-1.0848119
-3.1056168
2.6741416
0.38779092
0.89964294
2.681015
1.1680057
-0.6946503
-0.68961674
-0.035691466
0.71756464
2.2296941
0.6162048
1.5400943
-0.43045354
0.5570529
-0.5936282
0.34766635
-1.3468064
-1.5612866
-1.5959089
2.325908
2.2972577
-2.1029243
2.4023628
1.0801172
-1.689563
-3.310126
1.987257
0.32009268
0.9732481
-2.9972844
-1.6476514
4.4297233
-1.2471882
-0.41037545
1.5107927
-1.7564348
-0.930276
0.9238509
-0.6766806
0.5002744
0.9364661
-0.7011408
-4.3405557
-0.34180647
-1.5721462
0.008493438
2.211995
2.0325012
-0.8536686
-1.4824297
1.6716619
-0.19091558
1.9262283
3.0749454
-0.213998
0.6338012
1.303278
-0.13627213
0.6051857
3.8126836
-2.0295162
-1.803776
-3.6265633
1.752987
0.76775503
-2.7918835
-1.187841
0.6868446
0.81916153
0.9275927
-2.0802057
-1.2815691
-0.42943135
-0.9391796
1.5639563
1.5305355
3.9602542
-2.594625
-1.701485
1.072859
0.125043
2.725397
0.271456
-3.1796353
-0.647321
0.30607983
-2.6351974
2.420896
0.614121
1.8242404
2.7832847
2.547763
-0.934039
1.0886507
3.0708096
-0.6751418
-0.9362741
-0.8674522
1.436573
0.3922574
1.393061
-0.5980758
1.2534842
-3.608205
-1.572804
-0.32566684
-0.8305553
-0.012883112
0.24632722
5.0470557
2.1646204
1.3646568
0.040118255
-2.4440076
-0.89977044
0.80411357
3.0113778
-1.3273593
-0.41253543
1.665173
-1.146784
0.7164981
-0.86395836
-0.5440285
-0.18387496
-3.0211196
3.0029287
-2.3107982
-1.3741832
-1.5540824
0.18708247
1.1405025
0.8777693
0.5578907
0.5428761
1.747475
1.7660902
0.28626868
1.4771011
-1.883651
0.40859583
-2.763326
2.4643724
0.15052232
-1.1306307
0.7138415
-0.2669543
-1.2932879
-2.995495
2.1633701
-0.45867306
1.9299645
-1.7779944
1.1442417
0.6259247
0.84086066
-2.5192268
2.1001601
-2.9318671
-4.022153
-1.2257472
-0.5060597
1.609964
-0.25308737
-1.1020123
0.092280954
-1.2556138
-1.552258
-0.45908222
-2.619424
0.75098836
-1.3747437
-2.4461067
1.002846
-0.5777914
3.0793786
0.4572117
-0.7774963
1.0099866
-0.61798847
0.38275945
-0.89082235
-3.004094
0.12439151
-3.3885999
-2.6430235
-1.6358042
3.253156
-0.2461564
-2.866244
-1.2719817
2.1284611
1.4062177
-3.2793605
-2.61549
-1.5527642
1.4265302
3.4733322
0.5416166
1.2621309
1.4220994
1.5039465
-0.63276803
-3.6985133
0.40020445
0.86842644
-0.7882596
-0.22998944
2.9905663
2.2049632
0.728974
0.11405119
0.2651834
1.2283907
0.5150489
-3.9327471
-4.226489
-1.3293135
1.3650054
-1.3002508
1.3389796
-0.16122088
-2.361933
-0.9231913
4.6123877
0.11338615
-1.9187607
2.5839956
1.4421198
0.035996836
3.8273768
1.573383
-3.6741314
0.6314205
-1.7287748
2.3881357
1.8893806
5.0872455
-4.2863884
-0.8065533
-0.5100187
-1.8166707
-1.2117177
0.27607802
-0.8069541
-2.9042172
3.5744753
-0.6029428
0.9325822
0.5783606
-1.447464
1.1495147
-2.3474445
-1.88003
-1.8201952
-4.008032
2.2890472
-1.231367
3.6983259
-2.835784
2.0185575
0.4390481
-1.3028731
0.5131754
-0.7116888
-0.88728446
-1.5635585
-0.013182908
0.9543282
0.5941587
0.155806
0.04069727
1.9145869
-3.0873904
-2.6522663
3.4037511
-0.21665293
0.7116
0.2950865
0.5560696
-4.9364815
-2.6650813
-1.7034628
-2.3631082
-0.3121223
-2.5434918
1.2235553
-1.1492541
-1.9009217
0.8694449
4.713384
1.7381171
-0.45965293
-2.3233964
1.1642574
0.38427338
2.6652753
2.8910341
0.77727467
0.029226057
-0.25622302
-1.9403076
-3.0454516
0.48169124
1.4362438
-0.93712556
1.2403139
-0.6330446
-0.35188094
-0.25811613
-2.9388754
2.2581992
1.4933405
1.3324405
2.477236
-3.8705416
1.3446765
-0.55913025
0.66290003
0.87548286
-1.2939559
-0.5752144
-1.9727734
1.1148355
-0.32105315
-1.5395939
-2.2282412
1.4710796
2.5997934
3.493731
0.63100713
-1.5838202
4.7067833
-1.0005991
-1.360936
2.8259056
4.7827415
-1.7932293
1.1788679
4.072559
0.40471694
1.9757079
0.5867234
-2.0324986
-3.1622534
-3.778484
2.214413
-1.0630041
-1.4142921
-1.2604352
-0.7213401
-0.82371795
-2.1013968
0.12802029
-2.4389794
1.2999581
0.3687372
1.0535294
-2.7236032
0.22924581
-1.3498539
-0.65002245
-0.39696798
3.2919414
0.7028205
1.109532
-1.5267627
1.0304306
-2.94826
2.149684
-2.5103457
-2.0870733
1.6126276
-0.7927399
0.2605969
-1.9416723
-2.2013593
-1.5186455
0.5319258
-0.40324342
0.03128138
3.1104252
-2.6461835
1.1197088
1.4831929
-0.03180798
1.4318662
-0.05593904
-1.112332
0.06733235
-2.7282753
3.3139915
1.4951522
0.8560861
-1.4921622
0.40454373
-2.314079
-2.1211958
1.1124567
-1.4223735
1.1847597
0.7551336
1.0572319
1.1506178
-0.35997784
-1.34555
-3.2632978
0.38268796
2.7647874
2.773947
2.404501
1.4222537
-1.0378525
-1.0156269
1.9822184
0.7640314
6.396587
-0.6256199
-0.19128785
-0.096264124
1.5088766
1.1320014
1.894798
1.0020968
-1.9612753
0.11022511
-3.3320458
-1.2456074
-0.36942568
4.179583
-1.9115385
-0.5972884
1.3500521
-0.8378873
-1.2702253
-0.2602331
-0.17904691
-2.0235095
-0.80410516
-1.3889735
3.0081556
0.30515993
-0.090906255
-0.27961615
-0.5355536
-1.9171375
-0.18750696
-2.6558776
2.511122
-1.0792913
2.0866404
-0.03683173
-1.4480329
-1.9002844
-3.1516538
-1.3375095
-5.934903
0.46981817
0.7684416
2.6192093
2.263489
1.9009508
-1.6020234
0.76445556
0.61791605
-1.824001
0.1356823
3.0920637
-0.10202635
-2.8728776
-0.710331
-1.8546684
-0.9792162
-0.88958526
2.2941735
3.57674
0.91594684
-2.155702
-1.5197511
-0.5186444
2.1621587
-1.7558743
-0.76443285
1.0253315
0.45128772
0.09769414
-1.8312457
0.06941293
4.389403
0.014301389
-0.4521142
-2.0327232
2.465558
1.6383444
1.7884353
-1.99662
-3.168636
-2.8616116
-0.28638333
-0.07891302
1.0384439
-4.864335
-1.9625568
1.5080644
3.5382547
3.8371975
0.12306023
1.9868776
-1.1256751
3.6325572
1.0320008
-0.9196789
-2.6776307
-1.6081802
2.213608
-0.5425739
1.4868046
-0.8953599
-3.0932095
-2.5461235
1.393761
-1.72338
-1.8945472
-2.2598267
0.9075687
0.46891508
1.9011111
-0.47381008
1.709685
0.11979957
-0.051176473
0.97885525
1.5438176
1.752688
-2.3134472
0.65638065
0.06751527
3.5404868
5.2602987
0.47898224
0.012554742
-2.278454
-2.2680848
1.8316449
0.22635567
1.1133329
1.34328
0.5495873
0.6266626
0.2455854
1.0509387
1.6354456
0.36474115
-0.35982978
2.9786422
0.41311896
-1.1724476
-1.3508984
-1.4962064
2.146772
-0.98508626
-0.09174223
1.9269501
-3.2991588
-0.033525847
0.33678895
1.1159657
0.8672457
1.701976
-1.394281
1.3916337
-0.34018806
1.4242607
0.42681324
2.6976502
1.489228
-1.5567926
-0.014110185
0.4482066
4.738572
-0.70540315
2.4634101
1.8869892
0.17726405
-2.8697429
-1.5013107
-0.90285313
-0.41648027
3.1729121
0.40012378
-0.26886982
4.832588
0.49662304
-0.009629343
3.034568
2.4797406
0.15186259
0.91826224
-1.668449
-1.1342419
0.14807522
1.0295901
1.6186869
-2.9163985
-4.28223
-0.27880606
1.5881997
-0.74706316
0.40218675
2.3829525
-3.5930114
1.2221985
0.38448244
3.335294
3.2991192
-1.7102667
-0.54635495
-2.412661
1.04524
3.3810174
-0.27885696
-1.5342717
-0.52840155
0.80162615
1.3176236
0.03908415
2.0306015
-1.8127912
0.6565108
0.16526715
2.194763
-2.8636868
0.258477
-0.45701528
2.9099085
0.010563515
-1.26771
0.5162881
-3.6710372
-0.97876465
-0.30390558
3.1055465
2.4254758
2.8236945
-1.6867038
-0.8286428
-1.519478
-3.2713099
-2.2988636
0.10332544
1.3700829
-0.61001074
0.9123913
-0.31904647
-1.7629628
0.742363
-3.195641
2.1053078
-0.9028832
-1.701999
1.2936621
-0.17136613
4.0871882
-2.5284002
1.1163505
-1.0740006
-0.23793304
0.087019995
2.1433694
3.071854
0.54342574
2.9654663
-3.4456232
-1.1026356
2.6826582
0.5486569
1.0962001
-4.467681
-2.9024217
2.6466126
-1.4744267
-1.1066911
2.7447035
3.3770745
-0.46658507
-0.7696117
-1.0253057
1.6143517
0.36752582
-2.6725314
2.668373
1.3213335
4.180244
-0.7404588
-2.617128
2.8407726
-2.7304173
1.886694
1.0081956
0.50855374
1.214646
0.67878413
3.3522048
0.6592907
0.814994
1.5072187
6.325848
-1.4278593
2.5071464
-0.1016915
0.59649295
0.0041197985
-0.96741915
-1.4744139
0.8657034
-1.923593
-1.0416913
0.692023
-0.2895865
0.32355776
-0.6249512
0.44898355
2.06166
-3.559227
-2.4435453
1.1955532
1.3708224
0.95071185
-1.0909814
2.3717177
-0.78038573
-2.500184
0.043113343
1.4071509
-1.0836012
3.2947357
-0.5526619
-0.98249465
0.09516849
-0.2644344
-2.2187707
0.030601047
2.9712787
1.1159447
0.0064937845
5.2404895
0.96681815
1.3400905
-0.2622377
-0.792997
0.25797775
-4.0502253
-1.6488657
-0.19531277
0.4405321
-0.30624923
0.6317491
-3.8240027
-3.1804178
-3.1412036
-4.0059752
-1.77324
-2.411395
1.9155476
-1.6343404
-1.9791225
5.5187316
2.2446275
-0.022221848
1.317614
2.584048
-3.7162135
1.4296011
2.71951
1.3335037
-0.5088496
2.8250668
-0.37504363
-1.6638705
-1.151998
1.11685
2.0185513
-1.9320867
0.25073007
1.3058404
2.3779275
2.5061126
-0.7717024
-0.8126494
-1.5710746
0.62332726
-2.5940158
-0.016395744
-1.656585
-1.1440519
-4.545957
-1.4016756
-1.0806068
0.3529235
-0.64319444
1.3697995
-1.127392
0.9997425
3.7411177
0.7807427
2.6604295
4.38917
0.37912992
1.2578025
0.91635835
3.1772902
0.34112152
-1.3413348
-0.058372296
-0.98274034
-0.31434262
0.8067608
0.53302675
-1.7780654
2.535066
1.3934464
0.20013541
-0.4342238
-0.5378326
-1.6627281
-0.45870793
2.4506319
-2.1704721
4.497602
0.09378144
0.8235864
2.9163585
-0.09063705
-0.5370355
-3.1765363
3.8210466
5.122157
0.83675045
-2.0517948
-1.8970995
-0.8019459
1.1246563
-0.68704724
0.21274936
2.6416285
-0.58568025
0.43197235
0.354136
-0.9544592
0.78075445
0.22579688
2.5126877
-3.0233648
1.7791462
0.06950212
-0.31396767
2.2415078
-2.1857002
-1.7439706
0.66404897
0.51611364
0.5834307
1.1417404
-0.9579298
1.5507195
-3.5446384
1.1183184
-1.6302395
1.4081767
-1.9009525
-0.5795931
-0.63131744
0.5470385
-3.575368
3.8941092
1.8561068
1.1597327
-0.33682907
-0.406983
1.734168
-1.1285273
-3.1890604
-0.3624736
-1.8091037
-0.8945717
0.6365742
-0.27299556
-0.28222066
-3.7654986
0.99134964
-4.9324536
0.33976045
2.9486299
1.387766
0.49073884
0.7011607
-2.9117486
0.4893917
0.7271888
3.9452913
-1.6355593
1.3401322
-1.857849
0.817951
0.14936794
1.7800149
2.8915114
-0.6616913
0.018277973
-0.2657944
2.355648
-1.539507
2.1004033
-1.8599437
-1.1126877
0.22140366
0.7067539
1.0401077
2.6906796
-1.6794598
-0.19916031
-2.1384292
1.952842
0.9271357
-0.56430763
2.0064666
0.34246546
2.149292
-0.7627821
-1.0534707
-1.6522717
-3.0989807
-0.7265923
-1.0312047
-1.8985523
2.8938422
-2.2188766
-0.9552473
2.0774639
0.040140107
1.6057343
1.5675817
1.0900898
-2.9543037
4.115003
-2.4463773
1.5509338
0.16372168
-3.1174748
-0.30757537
-0.40998572
-1.1626736
2.3191092
0.16594192
-1.5529946
-0.4551573
1.4733732
-2.5840569
-2.686579
-3.0239525
-4.458096
-0.94297516
-0.63369673
-0.9550446
1.2177175
-0.32280523
-0.6300719
0.18117024
-1.0424929
0.9352168
4.1866913
-1.8101193
0.9865913
0.50325286
-0.014996722
-2.2889464
1.7684215
-0.8976697
1.0712359
4.0221047
0.21403956
1.4384375
0.9950124
-4.090567
-1.5246058
-1.4171367
1.9684514
1.1239693
0.84881335
-1.2885154
0.59912634
-2.437986
-1.8794389
0.23170727
-1.630829
0.7569691
-3.4943688
-1.4035268
-0.7993201
-2.2649796
-1.3752458
1.5185614
-2.4315865
0.5263664
-1.5964181
-1.7886566
3.093564
2.6525595
-0.38386512
-0.95116895
-2.2661119
-2.9839642
1.7444549
0.01196219
1.9920285
-1.9503443
2.4181616
1.9073757
1.008643
1.0656679
-0.79090345
1.3958746
-0.80775815
-4.0915537
0.57449293
-4.014984
-1.7248904
3.4410927
3.5152397
-3.1909008
-1.3754531
-1.1573517
1.1338047
-0.9576743
-0.17160273
-2.3146734
-4.796123
-1.5568041
-1.1395754
-1.5248705
-4.4607325
-1.789747
-0.5977596
-2.6742916
3.1158197
1.5040963
2.0009627
1.2424173
-0.114094265
1.5059206
1.7833583
-1.7166184
-3.048053
2.3845403
2.2197096
1.2808311
2.6586914
-0.4480558
2.0129223
-0.44259113
-3.7060535
-0.60023445
0.6832787
-0.01188755
0.2638257
0.7465935
1.3244895
-3.0803316
5.2754917
1.9638947
-2.3118303
-0.098120354
-1.2091823
-2.0760887
-0.45960072
-0.102666534
0.64342165
2.0815864
-1.821605
0.97387636
-0.6548385
2.5026574
0.41194585
-0.42136514
-3.1011555
1.8549829
-1.9216884
1.2886778
-2.6356802
-1.7183896
-0.8814982
0.18725681
-2.1831336
-0.8927802
1.7081794
-1.340571
-1.5836204
-1.41909
0.747354
0.9287898
2.86364
-0.07107608
-0.072219476
0.82844394
-0.4729229
1.7225653
-0.80124044
0.7523176
-1.2248753
0.7816615
-2.6685507
1.043434
-1.8484144
-1.3040333
1.2784669
-1.7539185
-1.5059644
-0.5803239
1.7099527
4.0489354
1.3183358
2.3910055
0.089755274
-1.4542166
0.742906
1.7395993
1.1592666
1.0945835
2.5897126
-4.6957173
1.4538267
2.1570802
-0.7352286
4.87728
0.149109
-1.7670773
-3.6204197
-0.7410074
2.855034
-3.9893072
-1.9598414
-0.9286813
-0.46592918
0.14803103
-1.715802
3.5651352
3.157969
-1.7218862
-0.68847954
1.4479147
0.7218037
0.8168389
-1.8800024
0.4139588
-2.072467
1.1489615
0.43829194
-0.3190981
-0.019694172
0.69875884
-0.34934205
-1.7739698
-0.23335856
-1.7406187
-0.9763584
0.7918301
-1.9747177
-3.2269487
-1.5952
2.354336
0.2693779
0.12816826
1.1557417
-4.662475
1.5956895
0.3238568
-0.30912024
-1.6996517
-2.0862544
1.077374
-1.5311623
0.6115054
-1.1018921
2.9248528
3.0463471
1.7460191
2.242007
-0.18950109
1.9884651
1.896063
-1.5009745
0.0004703477
-0.9870074
-1.5144382
-3.7805533
0.81925464
-1.5286722
-1.008105
2.5600705
-2.4568844
1.8819777
3.2214258
-0.98356396
-0.30718848
-1.8762362
-0.7931771
0.6415777
1.4204532
-1.466839
-0.9774897
0.99874294
0.5669976
0.68578136
4.211097
1.033924
-0.33495125
-3.30488
-1.9691415
0.45354724
-0.63193166
-1.9561739
0.30134863
0.3560637
1.4926989
1.2326503
2.9204068
-3.352719
-0.18301445
1.0874952
-1.1684492
-0.16960248
0.9659539
-0.770916
2.404711
-0.5342959
-0.10202681
-1.0835257
-0.94611716
1.201799
-2.120961
-0.02781925
-1.1295956
0.35808277
1.243835
-0.7830918
-0.47338736
-1.1779406
2.3679767
-0.63229996
-0.90258014
3.0785158
-5.3853426
-3.1347883
-2.716525
1.0864005
-0.63519156
0.41969815
2.7084274
2.1424503
-2.120232
-1.3912005
-1.3302969
-0.20681292
1.1494436
-0.67147017
0.473222
1.594116
2.2797854
0.37596658
-0.25672674
-1.7223964
-0.7906034
-0.29367635
-0.7842928
1.7371104
-1.5637201
1.8385426
1.0469803
0.67013717
2.1699739
-1.9189371
0.88198406
0.6350438
-1.1312952
0.67382365
0.9171793
0.73102695
-1.7614965
1.5638707
1.2763991
1.9493697
1.2011356
-2.222743
0.761849
1.3104064
-0.8030367
-1.1205069
0.5233022
-1.5475236
-2.552208
2.0641346
1.0036584
-2.384819
0.15998223
2.0968657
-1.5470179
-3.4910092
0.022289403
1.9534608
-1.8685724
0.9235205
-3.1662147
-2.5821927
-2.2994423
-1.2174561
0.2584138
2.869767
1.6930116
-0.3002032
-1.1513832
1.7911325
1.2006127
-3.311802
-0.21156922
2.573952
1.0224029
-0.08838885
0.50217915
2.6133263
-0.0024965256
1.5715848
-2.7991655
1.4395677
2.7620544
-0.5942629
-0.3541491
0.090617746
-1.1515818
4.3796244
-0.8756628
1.4173636
-1.8073268
0.09543348
-2.6986089
1.0336227
-1.4497623
-1.377072
-1.1552808
-0.66749215
-0.25512075
-0.7000007
-0.9351473
1.4445653
-2.6232383
0.8711815
3.4652379
2.303193
1.4380057
0.49300307
-0.62521887
-1.490576
0.2951311
-1.5004259
0.7339333
0.14026079
-0.2052544
1.4982102
0.5231568
-1.0545346
1.9511915
0.7844436
2.4982913
0.37929872
0.4760451
-1.640062
0.59625363
-2.5678263
1.2123455
3.4746406
3.140662
-0.42998424
1.9071538
-0.90854716
-3.2192898
0.13139465
-1.427564
4.776229
-1.8537712
-1.2398024
2.5617363
-0.2051896
0.9282003
1.8832507
0.026751395
-1.974629
-1.8690964
2.1402512
3.7918913
0.2806586
1.8054985
-3.812012
1.2732254
2.327921
-2.188371
3.7558687
1.6284785
-2.381117
0.104945816
-0.22936684
1.2103716
4.2751527
1.5015634
1.7055143
2.5504432
-0.5802039
-1.8125073
-0.2239863
2.5394578
0.5487057
-3.2887998
1.9703496
-1.741798
-2.394756
3.089707
1.031661
1.7943288
-0.12714303
-3.5472448
-2.1096144
1.3894718
2.2595983
1.6181499
1.6752361
1.0569718
1.4850844
-0.826716
0.1738464
-2.1252217
4.1575155
0.17513219
1.8348411
-0.39071852
-2.6828294
1.6717373
-0.06410869
-2.927597
-1.7381583
-2.2777576
3.3257122
3.7501545
0.51175284
-0.48324054
3.247913
-1.6774265
2.773809
-2.6697936
-1.2882682
-1.1811565
-0.19555017
-0.032074906
2.3860524
3.9576292
0.9314771
4.4149146
1.6760327
1.2189723
-0.8406391
-1.7846031
-0.57053727
-1.7807987
1.2619393
0.687154
1.7786381
-2.9413168
0.9908922
2.9753048
-1.1406301
-4.1028147
1.2028186
-0.036307655
1.6544188
-0.6047297
-1.2160554
0.33504373
1.2297376
-1.769271
-0.2722446
-0.15164933
-0.10142271
-0.06656132
2.2284658
0.56727785
1.1136531
0.977481
-1.1426406
1.1055608
-0.62066793
1.3496383
-1.0875658
-2.1872327
2.9741921