Ceaticus
0
-1.1322476
-1.7106891
-0.44096267
-4.2365723
-1.707794
-0.21993157
0.21953517
3.357876
1.363973
-0.21321401
-0.30652058
-0.14426306
-0.3962288
-0.13822748
1.7160466
3.4430754
0.9919237
3.629858
-1.6560984
-1.5787517
0.690809
0.6552837
-1.690165
0.7804569
-1.1594603
1.9591151
-2.042552
0.3236426
1.4659913
-1.1266445
0.10834831
-0.33163273
1.0179614
0.8013834
4.751102
-0.60465425
2.0289207
-1.213475
0.8670011
-1.8353682
-2.3262715
-1.0969595
-0.065761946
3.2926865
-3.3941646
-1.1347972
0.9694344
0.939742
1.9345214
2.0408049
0.97360057
-1.5639058
-2.2732983
-0.25812894
1.1466469
-0.39531815
1.7607602
-0.49670073
0.94447255
-0.6206123
0.2930188
-3.7120059
2.7905426
1.4373474
-2.8661754
2.048384
-3.7996187
1.4032449
-3.2177181
-2.0619621
0.489411
-0.23881495
-0.741216
0.22280473
-3.5771582
-0.014307998
2.3772936
1.6398344
-1.2650347
4.3372946
-2.1311793
-3.3826883
1.2146021
2.633306
-1.2713058
0.43815744
2.0707853
-3.5541213
1.9743881
-0.35930192
-0.58136594
0.34458116
-0.8883281
0.09393883
-0.5971706
-4.0297136
-4.74424
1.2022738
-2.7100236
-0.29450572
1.869409
0.8461924
-2.0554519
-0.27673233
-1.6159985
-0.0062534064
-1.0826318
1.5793986
0.81250256
1.9050088
1.5764301
-1.2806793
-1.4873823
-0.7037006
-3.8317883
-0.7354959
-0.8920476
3.5870943
2.9198022
1.5301715
2.5856736
-0.75325596
1.4283543
0.60295117
1.1693661
0.0046723634
1.1325386
3.6588984
-0.18920687
-2.31133
-1.7496704
1.481907
2.2180421
-2.507146
3.1186447
-0.46346754
-1.922477
-0.87902766
1.0051781
-0.775801
1.984315
2.157332
0.5988536
-1.6126292
1.0165123
-0.40120763
-2.888385
1.4054639
-2.557451
-2.5986915
-2.6766663
0.62483627
-1.0698084
0.48264313
-2.870706
0.9292237
-0.628857
1.2888875
5.507683
-0.4480741
0.912101
-0.09042035
-2.974389
0.74133
-2.4894576
1.8548076
-1.1769186
0.31688595
-0.9329207
0.048327547
-2.4672291
4.304998
-1.8652096
-3.2582111
0.51598936
-2.0431938
-0.007459134
0.6779991
-1.0324814
-0.4112811
0.74197525
2.0663025
1.365764
-0.53468573
-0.8202216
1.0040443
1.1635278
-5.3656573
0.67498845
-1.0635734
-2.3510036
-1.1346711
-0.7279664
5.221011
-1.8567744
-0.12407861
-1.0630201
-0.8332152
-1.2879194
2.289332
0.16544557
0.80090934
4.3498096
-1.9562775
0.869403
2.5409749
-4.3796926
-2.9088426
-2.4365733
2.6275277
-3.4033303
-2.2245972
-0.8210224
-0.11477323
-1.9092197
1.6675668
-0.74413085
-1.5503088
-1.8388603
-0.8076549
-2.421419
-2.3733249
-1.1752715
2.649942
2.6249886
-2.0695217
3.191281
0.68145484
2.471468
-2.6579
-1.1396692
2.7146008
1.9665059
-3.674296
3.3204014
3.436697
1.3483087
-0.99008816
0.3302257
-1.3312184
-0.4208775
0.76355255
-2.3031871
0.027469285
-1.7789123
3.8196144
2.5611773
1.5435659
1.1006016
1.5171976
-0.88415265
-0.26390946
-1.03357
0.060207613
3.233134
-0.93316185
-2.5323975
1.1155188
0.38872975
-3.084644
-1.5457988
2.9845438
2.4554946
1.1170586
2.1658173
-0.7012505
-1.5833054
-3.2637844
0.04103034
1.0947335
0.35757467
-0.5474371
5.7743716
0.5816147
2.0096104
4.3008046
-0.25223333
0.20433679
-1.1289009
1.3485494
-6.03328
-2.3906229
-0.48021248
3.9360464
-3.2975707
-1.1870404
0.33922914
-0.14112374
1.1841263
0.7484505
0.057451606
-0.08059152
-0.5670152
0.23383701
2.6365716
0.14627472
-2.6053474
2.8599162
1.965656
2.7065556
1.4133357
2.54943
-2.3085008
3.0863497
1.1010276
1.985483
0.89903605
-1.471463
-2.271124
0.8396946
0.4793863
0.17314547
2.2608118
1.7252113
4.0152893
-1.1946448
0.8100873
0.63138485
1.3047513
3.5132062
2.409115
-0.8453749
-0.99989915
0.2170893
3.7272823
0.35642728
3.2572718
1.2966473
-1.911564
-0.40354443
-0.33841237
-1.4387473
1.6429565
-1.3051653
1.2900174
-0.16496843
-1.0741643
-0.7375347
-0.3529454
0.37463486
4.041276
2.9975803
0.7081041
-0.6296258
-3.388879
1.461881
1.496709
3.7459564
1.7822918
-1.2118146
-2.6550899
-2.0847049
-1.3761886
-0.29379094
0.06860555
2.4046414
-2.1968071
2.3675282
0.058784664
0.49053758
-0.6268973
2.6826153
-0.39494884
2.8745773
1.6753592
-2.681368
2.8372583
-3.1928906
0.8570414
1.9828101
2.290508
1.4961194
1.8694043
0.66491014
2.125116
-0.5473711
0.5237783
-0.5430484
-1.9454769
1.4715885
-1.1807122
1.2334751
0.93672246
1.3686109
1.0362028
1.0812427
0.48478112
0.32711762
1.5649179
1.6245954
-0.45026448
-1.3578438
3.0661798
-0.6944887
-0.31443954
1.6345738
-1.749527
1.4075222
-0.2047014
-1.9235114
0.25373685
1.7639924
-2.627296
-0.82371813
0.8450865
-0.8685966
2.063837
2.4471133
0.37974405
-1.3768437
1.2657816
-1.000085
2.4109545
3.5654578
0.67028576
0.75452626
2.011925
4.278175
1.9351984
-2.2630172
-0.39266998
0.7621391
-0.86257327
3.005267
2.614366
4.0824313
0.20015407
-0.76517546
2.7884471
-0.6061152
-1.6547208
-3.6682987
-0.10316763
0.20310923
-1.9692118
4.5817885
0.6933319
3.0573826
-1.071858
-2.9316418
-0.19173622
-1.8552837
-2.2292523
-2.1173368
-0.3036096
1.6979904
3.4703164
-1.749964
-0.63249713
-0.2860239
2.0083344
0.80967116
0.2813996
0.37293732
0.91356534
0.35235357
-0.22156057
1.730126
-3.4521208
-0.41072303
0.95199776
-1.2493575
1.1636473
0.16570945
-1.5380191
0.272297
0.5562669
-1.0460038
2.114843
1.4743588
2.1595473
-3.0670824
0.6106195
-1.3295028
-1.29791
0.42350942
-1.8882316
-1.3898414
-1.2827679
1.0455325
-1.418869
1.7813994
4.9216995
-1.9858185
1.1102493
0.23499478
0.97997904
-0.8783226
1.602483
0.19758521
0.00054926425
6.187444
0.8206126
-0.11497917
0.26646233
3.5047555
-1.3694504
1.4041004
-2.8107631
-2.181504
1.2320067
1.0744884
0.69630235
0.13851407
-0.54657835
1.905846
-1.3450288
-0.828651
1.4994836
-2.3110843
0.9534652
1.4175545
0.9832729
-1.0180941
-1.7005001
-0.659905
-2.4374545
1.4570024
-0.98693883
0.073981956
-0.8676084
2.281906
-0.40975595
-1.0253803
-0.8611797
3.0862386
-1.3792568
0.3611876
1.6460104
-0.62239856
-1.133242
1.0224903
0.93148685
-1.8167521
2.1480331
-1.7238618
-0.54385823
1.0153792
-0.6633855
-0.552745
-0.24823958
-2.4981885
-1.0253485
0.33204266
4.374971
-0.39746016
2.7551992
0.48453245
-0.57829475
2.3471346
-0.49763837
-2.1355114
2.7690845
-1.4510257
1.6445779
-0.47412792
-1.6890968
-0.8365662
1.5740899
-1.6359069
-0.8471843
-2.372045
2.2064998
0.350559
-1.7110852
2.1105676
-1.5020944
2.0439703
-1.653012
0.48923767
-3.1006174
-2.0545065
0.51136374
2.4073894
4.221778
0.14612724
-1.2837387
-1.851551
2.7634165
0.9329564
-2.6788354
3.1043632
-1.885412
-0.9727375
-0.0857232
0.55731446
0.16782111
-0.7002288
1.5062087
5.7715874
-2.9165795
2.0253425
1.0286913
-2.8067417
0.54375106
-1.2656372
0.34242985
2.0535262
-1.2472526
1.7926338
-1.8373042
2.1593843
-3.3200865
1.9907156
0.47932732
3.1419704
2.8159513
3.0151873
-1.1356266
1.3622128
-2.1084478
1.3434181
-0.93142956
0.8199131
0.59707576
0.92143077
1.0503643
-2.7681212
0.5711823
-1.6100492
-2.1885433
-3.0990956
3.1755028
-0.2323046
2.5330641
0.7726331
0.9438921
0.10146975
-0.55969894
0.20820227
1.9910498
2.440845
2.7029352
1.4744623
0.80721414
0.6398607
1.6280931
-1.0993462
-1.7518805
-1.0146922
-0.62512696
1.2192063
0.73006994
-0.47968638
2.8339164
-0.23210281
0.0995552
0.6538816
1.0305691
1.811035
1.8047562
1.8911405
-0.9193686
1.1501218
-3.7254958
3.169616
1.8270407
0.42711842
0.3536288
0.5209075
-1.7898887
-0.03301446
1.1106687
-3.8108375
-2.6115065
2.534015
-1.317847
0.3808915
-1.7436969
2.2448874
-1.1757536
0.90269774
1.7429979
0.6279549
0.91372335
0.4698246
-0.46657842
-2.646907
-0.0635017
0.08899075
4.794074
-0.56262153
4.60857
-1.1156414
1.1085733
1.5711317
-2.7223506
3.4208245
1.557083
-1.149956
1.441645
-0.84856945
0.6675311
4.1763196
-1.4340333
-3.3436975
-1.8247447
-1.7934781
1.1053717
0.8097717
-1.2545046
2.029542
-0.67467225
-1.7016435
-3.8240447
3.818843
-2.751237
2.6784685
-0.08640868
0.51034456
1.8701298
-0.20476797
-0.8771166
1.4211031
1.2185038
1.708446
0.2846862
0.6655478
0.85240734
-0.8551141
0.36371937
0.2502196
-0.012950733
1.9762653
1.6268321
-0.9455577
-1.1924318
-0.20546687
-0.29599014
-1.5351894
-0.10225644
0.18065773
-3.3504746
-2.9840794
2.188075
1.0634923
-3.1113462
-2.2019331
-0.99759185
-1.5351725
-0.9417687
1.6344663
1.7135977
-0.35941315
0.33399633
1.955172
0.6154518
2.8811042
1.01001
-3.1954396
2.426014
2.6924562
2.4519358
-1.6261786
1.01138
0.70486605
0.89401114
0.33364367
-0.17834835
2.5648553
-1.2875721
-0.1847539
2.9583967
2.3543441
-4.3576074
2.6005325
2.8480055
0.69918174
-0.578651
-1.5645043
-1.650314
-1.6908108
-2.7114158
-4.022856
0.64992756
1.869628
-0.17851332
-2.020682
2.9413188
1.5314552
0.68263614
-1.5081532
-1.4313397
-2.0088584
-2.6545503
3.5241249
-2.555732
1.4869131
-2.6925313
0.5980511
-0.5953234
0.8551314
-0.82581604
0.6614287
1.9553866
0.97690815
-0.615753
0.33151564
0.6772516
-0.19904813
-1.2066945
-1.8848386
0.43486434
-1.8632312
-0.7968231
2.3915029
-0.17375524
0.20564899
1.3454041
-0.5963854
-1.3382487
1.5833837
-1.0244391
-0.18267444
-0.64675957
0.18952723
2.960569
-3.0145025
-3.1232982
-3.027893
0.27006227
2.2059774
-0.7402383
1.7150552
0.6136541
-1.4842534
1.2655594
-2.48172
-0.3276666
-0.66903317
1.2705722
-0.36754614
2.2330549
-0.9794672
0.4203725
-3.1344042
-1.0956659
0.2692573
-0.41877937
-1.769486
0.75038445
-2.7342224
0.69548285
-2.7322304
-1.4210864
0.187886
-2.4666278
3.1524158
-0.09177665
-0.19416004
0.14490578
2.6485488
-2.558568
-1.2400687
2.9264972
1.1284374
-0.73107564
-0.68885934
0.04834574
3.5515974
-3.35626
-2.3677795
1.4822565
-1.1553291
-0.31759927
-0.6941521
-0.299828
3.5586364
1.3707539
0.109271385
-2.2074344
1.3328989
1.9155779
-1.397465
-3.3934715
1.8998181
-1.8985858
2.3595352
1.2542845
-2.4665697
-1.4681754
3.0461214
1.191247
0.87043965
-3.032771
-0.9412054
0.26536676
-0.8067892
0.19924694
-1.1340969
0.88355345
1.0579057
-5.0465508
0.2461701
1.9065113
3.627623
1.8474234
-1.46458
-0.48839933
1.7430637
1.4204117
-0.785152
-3.3620017
-2.5806007
-2.3329024
-0.7886162
-2.303616
1.5801781
-0.32127383
-0.11808818
2.388897
0.12440269
0.8555182
-0.41848016
-5.177295
0.53965443
-0.8831888
-0.6982938
-0.1672326
1.322501
0.973818
-2.1188533
-2.4071996
-0.4067176
2.7288506
2.7962077
-2.070508
-0.8803686
1.098368
-3.158346
0.43704122
2.721323
1.1744411
0.53566736
4.111457
0.49583954
-2.5215855
0.5618108
-1.2612368
1.7076916
-4.102418
0.51610315
2.7198737
-0.50597876
0.41338688
2.4112966
3.8767416
1.3451566
0.71585757
1.8574889
-1.8556143
-0.27364224
0.20576614
-0.3978625
-2.1772697
-3.549072
0.37322375
5.711351
-0.03948579
-2.5576727
0.64224935
1.0869669
0.4446128
-1.2557774
-1.6002641
0.2576703
-0.021653414
-0.6147978
1.2438531
0.8196381
0.5413164
2.8866522
-0.53244716
5.2479925
-2.427228
0.18865925
0.63712436
-1.8730118
1.0879792
-2.4379506
0.16989931
0.9217343
-0.1814581
-0.5599802
1.4154282
-2.4061923
-0.8980605
-0.40746185
0.58812916
2.049823
-0.75022215
2.5312123
-1.8902968
-0.055276163
0.5252204
3.150502
-0.32052934
-1.9323456
-0.409114
-2.4816046
-0.3406449
-1.8009752
0.9035501
2.3380427
-0.77954113
2.905989
-1.1227735
0.76301056
1.0215273
-1.156306
1.7021786
-0.7762741
-1.3874339
1.6881319
-3.0016127
-0.8695192
-0.7266357
0.8604684
1.2535856
-1.0507789
0.84962434
2.4658606
-4.5043297
-0.033046827
-1.9173183
0.8480951
1.1430973
1.427947
0.10723421
-1.3253859
-1.2035679
0.76582134
0.47845796
-0.40859514
2.1164792
-1.6608794
-0.7806205
0.808815
-0.8474962
-2.7235706
-1.7626231
1.9034022
-0.38820046
0.4813546
-0.65134144
-0.3186953
1.1969618
2.168606
-1.5335984
3.000006
0.6210794
-0.010717876
-1.5118902
-2.4783528
-3.7241042
1.6015849
-0.5781937
1.0391567
-0.03353345
1.0564742
0.7311903
-2.0950167
1.5864669
-0.6557233
-0.09186886
2.2761111
-4.020417
0.47682673
1.2186346
-0.73690796
3.3719118
-0.4319428
-1.0349085
-2.3084507
0.23597476
-0.89618766
3.0916216
1.7280192
0.38325492
-0.0051488504
0.81254244
0.15576154
-1.1345272
2.2022984
-0.3277235
-5.26466
-0.6441597
-0.83376694
-1.0495936
1.2572604
-1.032379
0.8754785
-1.3019173
0.49126637
-1.0076612
0.58294064
-1.2821715
-0.4505392
-0.10278838
-0.8243614
-2.9221935
-1.2881569
-0.34382418
2.8095481
0.7311125
-2.978168
-0.50423974
-2.7874982
-0.26761988
-4.104652
-1.146646
0.39416653
-2.5675755
-1.5648177
0.25275284
-2.2194142
-3.7626941
0.4937279
2.7452614
-2.8056836
0.7121977
0.6209294
-1.0318179
1.8688157
2.9923255
-1.9437119
3.5357862
0.2962383
-0.5272194
2.3581998
1.1776801
-1.8023477
2.4971678
2.7603393
-1.9514114
-0.36696914
2.5515475
0.9822234
-0.6717648
3.817955
1.123234
2.806258
2.5684621
-0.70726657
0.20300399
-0.885061
-0.86505044
1.2557979
-1.4492377
1.074254
-0.24893884
1.4477547
0.82382524
0.89505637
-3.8968234
-0.3876405
-0.47468537
-0.0059307665
2.0609212
1.0004123
-1.6939354
-1.5977974
-1.8211871
-0.755288
-0.05162092
0.16504109
-2.1171296
-0.53197896
-2.482324
-0.8951208
0.384492
-0.019627258
0.8691992
-1.5935798
-3.3706086
4.574484
-1.9233506
-1.5777272
2.8807862
3.8150067
-0.88513565
-0.5714875
0.018675108
1.0170271
0.7565121
0.016123623
-1.6742016
1.9349304
-2.4301953
-1.584329
1.0743357
-2.4060965
-0.9831614
-0.53332967
-2.2459142
-1.7727348
-0.5969988
-0.06512238
-0.4944622
1.0656742
1.3864571
-0.26624468
2.0293803
0.7497201
3.0171103
0.75251216
0.48054394
2.7233005
1.7153845
-2.7750204
2.5427823
0.04685687
0.050827153
1.8703643
1.1528797
-1.0077081
1.1708876
-0.8150895
-1.3115408
0.565674
0.3862051
-1.7062508
-0.051821947
-3.15675
2.5680761
-1.6884311
2.3142338
2.006973
1.0299126
1.1733506
2.0245621
0.3023709
-0.1286641
-2.4256263
0.95457
-2.7615705
-1.0335028
2.0115638
2.8565056
-0.90644217
-1.1869749
2.376916
-2.9828432
1.1098497
-1.0990233
-4.8239484
1.4870725
1.7060583
-4.7824535
-0.8285974
-2.068056
2.9444404
-0.15528812
-1.3505194
-3.4513683
-0.73574936
-0.29442498
0.8473483
-0.52683455
-0.01653096
-1.1094263
-1.084132
3.4020967
1.5281944
1.4709119
0.3790724
-2.9040387
2.383677
1.1163486
-1.0525347
2.2939684
-0.4070986
-5.2112308
2.2385032
2.3613067
-4.4414377
2.5785868
-2.6579015
-2.6312275
1.9211755
-0.7954949
0.32185912
1.1533
1.0049113
-4.456095
-0.52625465
1.7868422
1.9312199
0.863935
-0.28789678
-2.0916638
-1.5923309
-1.9457421
1.8516253
0.8672198
0.023477599
1.2057306
0.5805938
-4.4123116
1.0776466
-0.49607778
2.1543672
2.2238524
-1.0046414
1.9081758
0.06706532
-0.6364187
2.6820548
2.8203542
-1.2383606
0.67483705
-6.603616
0.11101982
0.6272784
-2.168211
-3.970428
-0.70928586
0.66668856
-0.18093267
0.3238494
2.9676793
0.45364034
-0.09352167
-0.6113649
-2.4329796
0.600225
-0.65104383
2.038825
-1.7938849
-3.1542108
0.89441895
-2.119524
-1.9037355
0.5283543
5.0374737
0.8680654
-4.118559
-1.5517493
-0.040219918
-1.1713384
-3.0273266
-0.11993259
5.2793036
3.701349
1.0660812
-0.05521343
-2.4963603
4.9823093
0.35947785
-0.8691567
-1.6262852
2.0839252
-4.3663015
0.06914066
-2.3318517
-0.711735
-0.749747
-1.9210495
-1.0813298
-0.40624636
-0.27482647
1.1277684
-3.3981392
0.36144757
1.935374
-1.2598876
-1.220021
0.5771915
-0.76917833
3.020378
0.9161623
-0.5765426
4.046199
-0.67769426
1.1486179
-2.2728987
0.45321432
0.52206504
1.2425424
-1.5836078
-1.1349243
-1.9032955
-0.13114603
3.216115
-0.5605147
-0.26791745
-0.7026549
-0.729256
-0.28097957
-0.066119716
-3.5041444
-4.598475
-0.8073572
1.5840098
0.22354779
1.0064776
1.1185544
0.23260331
-0.25895306
-0.77244896
-0.6185525
0.3256826
-0.5754892
-1.3088685
-1.3872895
2.0433743
-2.0306666
2.0017943
1.9343688
-0.25972497
0.36382443
-1.5041484
-0.31714728
-0.020300359
-0.49753496
-0.23257428
0.2967378
1.135992
-0.8992861
-3.979349
-3.25948
1.7342489
-0.3549815
1.2582225
2.3232088
0.6396667
-0.053962186
-2.4081821
-0.86940575
3.9068234
-0.23658854
-0.37661234
3.149694
-0.80490667
-1.5265622
-3.1449134
-2.169528
-0.65579677
0.2986073
0.8242543
-1.5617149
-1.4772595
5.0331016
0.7043006
0.13699573
0.4627064
-2.3397048
1.1401106
-1.1354494
0.44286886
-0.4670282
-0.79537916
0.14099371
1.5152895
-3.0226793
-1.139842
1.3181212
0.58355564
2.7959497
-0.3937266
1.9956019
-1.4408879
0.5712634
0.22531542
-4.524833
0.7640195
2.199909
-1.2882981
-0.17978905
-0.1916605
-0.19240722
0.87846607
1.8918366
0.12999561
-0.37066257
-0.930557
-0.18399501
0.42058316
-0.49628094
0.51005363
-0.3461797
0.06665521
2.6463199
1.9034321
-4.7279024
-2.9255102
-1.5484244
-1.5960015
3.3821006
1.2515659
-2.9345856
-3.6250598
-0.6533719
-0.006581329
-1.3552499
2.7189112
0.9129738
1.7257817
1.585236
-3.0747724
5.4329257
-0.42547783
-1.6918042
3.345527
-0.044448666
3.6731563
0.60191774
-2.1983411
1.0681006
3.456941
-0.31204343
1.120411
0.5822482
-2.2059753
2.5367348
-1.5678633
-1.583099
2.1480885
-0.34521767
-2.6775107
-2.2383828
1.374551
-0.28951317
1.8811077
1.6858127
-0.68103033
-0.15550809
-0.4739148
-0.26631033
4.104053
1.7225021
-1.9118757
1.0772728
-0.01472529
2.536474
2.339416
-2.5450227
-0.12209479
0.97639084
-0.9985714
-3.2653582
-1.5949156
-2.8212943
0.48547104
0.68785465
0.86468667
0.19139645
1.6969981
-0.19188283
-1.8758736
-3.1836967
1.2497491
-2.7469308
2.2231245
1.3484429
-0.8496814
-2.203897
1.8279047
1.4253973
-0.5512999
-0.5623306
-0.9360644
3.4589286
-2.9352183
2.450571
2.6294594
1.8844794
-1.223563
-2.573327
3.2257059
0.8757156
2.1752348
-1.2944688
-1.2470968
-0.10640583
1.6331478
1.0688924
-0.6586934
-0.8855396
-0.07261772
0.7337086
-1.784158
1.6352459
0.29139596
1.6157672
-0.8237398
-1.2757479
0.6729286
0.2965544
0.9657181
-3.4771147
1.0268345
0.017088443
-0.1754083
0.48573983
0.033657264
0.1083746
4.222551
1.0924757
1.3157415
2.5122182
0.14969286
1.4330636
-0.8959327
2.7096276
1.7081572
-1.2176071
2.1946747
-4.932742
0.87230504
3.4136605
-0.6250298
2.2231014
-0.25881198
0.2434387
4.069179
1.51321
0.22341004
-1.9882483
-0.53821737
-1.8810807
1.0945016
-2.7119083
-1.5127779
1.3208888
2.250677
-0.40305686
-4.59223
0.59734684
1.3566763
-1.2369524
-0.9400093
1.8672113
-0.9472217
4.0680075
0.1660564
2.8791966
-0.42715424
-2.4279697
-0.0485567
2.2333536
0.93558484
1.0967112
-0.52898026
1.9960874
0.66595894
0.41029817
-0.6446379
1.3771129
-1.2475953
-3.4811144
-0.5330939
-0.84929603
-0.0044267476
-0.09690294
-0.45030883
0.28443316
0.06189204
-0.0845981
0.13573799
-1.7121146
0.26500568
-2.6336465
-1.0948583
3.038247
0.070044994
0.7421826
-0.66722345
-1.3707441
-0.031330697
0.6246405
2.7735043
-2.0043888
2.893113
1.4381211
-1.9859684
0.012419224
1.3619763
-0.19283372
-0.6433154
-0.07448181
-0.7122809
-2.9386067
1.9727445
1.1601343
1.3775867
-0.25770307
1.8200023
2.4509766
-4.2626777
2.842302
0.46003446
0.5523051
1.1344525
2.3167524
3.180615
2.275043
-1.7665116
-0.3520382
0.5263312
0.8200986
0.08751699
0.42280063
0.6876804
-2.0331469
-1.0852054
1.0330907
-0.2253822
2.3833485
0.5406882
-0.7014961
2.5070484
-2.814687
-1.3275777
-1.1257888
0.051332597
0.10348016
-2.9013674
1.1778117
-2.2838254
-1.4969504
-3.2524724
1.1075859
-0.3888625
-0.31406263
-0.8635221
1.250859
-2.0965147
2.9278708
-0.79469234
4.9931693
-1.1021451
-0.8110435
2.0974996
0.26697946
1.6638932
1.4337339
-1.7596699
-0.043742
1.2786207
-0.37700492
-0.97679293
0.53456056
-3.1165445
1.8648412
0.12051074
-3.7377574
0.267034
1.2873026
-0.29901975
-2.4314034
3.533042
1.5824577
4.2313547
4.2332582
0.8988016
-0.023581363
-2.0236683
-2.2749877
1.1662251
-0.45141724
2.6315355
-0.15005353
-1.853861
0.70952773
-1.4111956
-1.9001173
2.2648935
-0.86444235
3.3293374
0.9931206
-0.11392389
-1.8166089
0.4980914
-1.3916148
1.5763668
-1.096126
-1.8188955
0.63946146
2.7873352
-5.4748254
1.9954507
-0.34387422
-0.4825065
0.4927155
0.81192786
0.2824838
1.775126
0.27457455
1.2294358
1.3472434
1.5377917
2.7383518
-0.74690664
-4.2711973
-1.0208843
-0.8610156
-2.0867832
0.7825449
2.693679
1.7536986
0.8821803
1.9230233
0.70134187
1.8091253
3.0800831
2.0393696
-1.3523662
-1.8139226
-2.1130412
-1.415023
1.0830433
2.5458524
0.72112554
-5.096637
3.0418468
0.08363381
-2.5616937
2.9912431
-0.6369914
0.5857953
1.0797676
0.87488526
-0.29809064
-0.43322188
0.7713525
1.5127196
-0.49563
3.5770068
-1.4605716
2.4097223
-3.4635658
-1.9815418
-0.6013146
-1.2942479
-1.2784965
-4.038514
-0.01221282
-0.33395916
3.556884
-1.8989185
-3.3432152
0.21599656
-2.938713
1.5032749
0.71873426
0.3318053
-1.7356594
2.6881735
1.0610479
-1.5410073
-1.4620255
-3.490821
1.8376173
-1.4593393
-2.2505603
-1.2251295
-0.5499175
2.1470146
-0.07166926
0.32741505
-0.05828219
0.45802414
-1.1845901
2.8421519
-3.790365
1.5775473
0.6137655
0.33943823
-0.5185421
-1.2697247
-2.4302933
1.2573075
2.419508
0.79798216
-1.7507972
1.1442367
-2.9117215
2.7564888
-2.2772732
1.1586047
2.2622418
-0.09612494
2.9761295
1.1708115
3.1285887
0.5887643
0.047509603
-2.7725346
-0.97508913
-3.3890195
0.62245834
-0.29694247
1.0317233
-0.011899114
-0.02359607
0.65246606
3.5599008
-1.0865127
-2.7057147
-3.004129
-0.5899438
-2.1480768
-0.33704165
-0.13824907
1.5031695
2.0810642
-1.5107403
-1.342293
-1.6245366
1.1092539
1.4562434
1.6081535
0.041953627
-3.14652
1.715829
-2.9185889
0.3175888
-0.6614991
-0.36944076
2.5097058
-0.18518877
-0.56657195
-1.5469574
2.9637902
5.2227044
2.9613495
-0.8430056
1.5043083
-0.7844613
-2.5378113
1.7808994
0.3215575
-0.7986044
1.5830494
-2.618797
0.83234584
-0.57511485
-0.7430969
-1.8145818
-0.47425383
3.3295746
2.7592466
0.6952724
0.58862066
3.0901027
-2.6833315
-1.0071584
1.557566
2.3236332
2.2173173
1.9720299
0.061121687
0.7809542
0.97651595
-0.44054946
2.4260721
-1.275669
-0.6874529
3.5180645
3.8047223
-0.99955076
0.72655046
-1.2299597
1.1703703
-3.3147893
-0.21948007
-1.851267
0.39718696
1.2672778
-0.7860149
-2.793331
2.642723
-2.4754257
-0.8830501
-0.49578932
1.7904842
2.3691354
-3.430633
-0.48801413
-2.7290754
2.0909505
2.524892
1.6515439
-0.7036113
0.46743163
-0.20280132
0.40412438
0.44604287
-0.98045653
-2.8578506
1.0037824
-3.0630941
-1.1149849
0.62023216
2.3440483
3.8507814
-2.065232
2.190102
-1.9463717
0.7936629
2.7917836
0.011790194
0.053419515
-0.59953547
-1.622807
-0.48788527
-2.0379968
0.66805834
-0.7165647
-0.72583216
-2.2778606
-1.0422299
-3.9230938
0.97110695
1.6279552
2.4222977
4.259375
1.3005959
0.55312145
0.79760873
0.2849296
3.5257225
-3.14969
-0.25346833
0.626333
-1.0107673
-0.5653614
-0.22119632
-1.9964651
-0.32831785
0.2333163
-0.510464
0.37027413
0.6682272
1.8897833
-3.14601
-1.7457498
2.3201187
-0.540155
0.0855818
0.8267727
1.985388
-0.83927333
-4.0831904
1.576255
-1.5116197
1.1976753
-0.64884615
3.4337456
-2.4556181
0.6669195
-0.60931087
-1.4413749
2.072714
-2.6448863
-3.3684986
3.0796113
-0.79780364
3.3824477
-0.71329373
-0.68025035
0.29842106
-4.243377
-0.90879595
-3.2127678
1.3557314
1.6568836
0.23888797
-1.7293708
4.2946086
-0.5900844
0.010827437
0.06980396
0.48998415
-2.3343418
0.28018385
-2.1799676
-2.4689398
0.2494542
-2.4154491
3.2942796
0.62362486
-1.7177184
-2.949687
1.9006325
1.0865862
-0.51426166
-0.24182099
2.1587012
-0.49827665
2.2210903
-0.0020282194
0.3225697
0.10040848
0.6894282
-0.41909927
-1.1995655
1.3262824
-0.565007
-1.6796504
2.5349693
2.5537994
-0.60316867
-1.8024069
-0.23409024
3.0844185
1.5052933
1.8210579
1.5350626
0.13619325
0.8015362
1.898034
3.0581992
-2.318448
0.6996348
-0.7772206
3.6712155
3.2764904
1.5014347
1.6101731
-1.7420235
2.4684916
-0.9577735
-1.2247794
0.8272795
-0.16274735
0.17841014
2.3775914
-1.2251709
2.0604246
-7.980366
-0.6356695
2.9455097
-0.20488676
-5.4316516
-0.542338
-1.9377615
2.9254382
-0.9333517
0.67682153
2.3792315
-2.1924624
1.3057667
0.8657084
-3.6127298
-4.4315395
-1.1313717
0.86876845
1.4141679
-3.0052497
1.3409708
-2.1261759
-0.86605555
2.897392
2.285157
-0.13059154
-2.636322
0.33213133
-0.9167632
0.6574928
0.13545014
1.2838407
0.5926957
0.9957278
-2.121772
0.5670367
-2.1048431
0.740442
1.7006022
-2.5646863
0.83686185
-1.2355218
1.7495822
0.46888083
2.2325604
1.125426
1.6043308
0.10285734
-5.553239
-1.1266782
0.34828568
2.0184326
0.32750916
-1.1717708
0.3615948
-3.1688278
0.5801384
-0.05833394
2.2898407
1.6894073
0.48210412
-0.118003346
2.6582296
-0.42239314
-1.1042402
-2.9053164
-0.9059503
-1.0873421
3.825415
-0.52115905
-2.5277677
0.5995414
-1.0072515
-2.679956
-1.4820582
-1.1071807
0.08751755
3.1540563
-1.3567821
-2.5426602
-1.0005839
-1.9341688
-1.0663843
1.0559703
2.0810833
1.5751126
-0.016118534
-0.45151016
1.9920992
1.0560721
-1.4604359
3.0035586
0.89470774
-0.12866826
2.2829976
1.2370497
0.929826
-0.87002987
-0.2706046
0.74471074
3.8766918
-2.9644556
2.3804903
-4.157091
2.7438862
-0.30549356
1.50471
-0.76039
1.5687535
-0.46553054
0.1637039
0.49848238
2.5064065
-1.1920732
0.48707113
2.0950236
-0.39521003
1.6672392
-0.84519327
3.585174
1.3903517
-1.7237577
-3.0026567
2.0328465
-0.32262504
-0.9928034
0.40715003
2.0558057
1.004827
-1.0995164
-1.3394569
-1.1271174
2.3636634
2.173086
0.08382785
-0.74202603
-1.8736892
2.0493455
-1.0505639
-1.2506418
-0.6299782
0.7888898
1.7954729
3.1004333
-0.21627107
1.2109401
-2.2032163
3.8616028
-1.8822699
0.5904506
0.17722708
0.37841785
1.6272733
-2.6429849
-0.21864209
-2.6448123
-2.7241116
0.3806316
-0.36951882
-1.9096891
-2.2978106
-1.6101942
0.5983702
0.008985013
0.57938194
-0.4454236
-3.9893227
0.17561969
0.35770753
3.9656909
0.46166694
2.7978244
-1.5309085
-0.3101216
1.8254392
-1.6970687
-2.4141426
-1.5249094
1.8614671
2.991268
1.5677662
-4.1648965
-3.6203713
1.4221598
3.2074182
-0.995276
1.9846756
1.8546376
-1.9651945
-2.8017607
1.6308956
-1.968895
-0.35094014
2.1256392
-0.5828118
-0.2577476
2.8937018
0.5598439
0.66366017
-1.1402829
-1.9598196
-2.607461
3.9397113
-2.3665519
-0.3404038
0.027261667
-1.917775
-0.7055238
-0.33324546
2.500292
0.07581899
0.9521262
4.639439
-1.4354146
3.0284102
0.58692575
-0.97206473
-0.35602522
-2.3001714
1.5716743
2.9968925
1.7529936
-2.77701
1.0345272
-1.9461904
0.9741761
-0.89000016
0.117683366
0.8961325
-4.013297
-0.8714622
-2.044766
-0.86917293
3.797857
0.4682008
0.50499725
0.8681329
2.0980313
-4.303094
-3.8704371
1.6590233
-0.9740348
-0.98556036
2.9248292
3.1881542
2.3659525
-2.9134579
0.09111604
-0.7901181
-2.1181622
0.16658157
-0.66445124
1.3488945
2.9810448
0.7075259
-0.82171535
-0.8357509
-0.48849452
3.4207058
1.1164395
-2.3444645
-1.145554
-2.6470256
-2.2852087
-0.54088634
0.9000973
-1.3999617
3.7738829
0.5155503
0.86441237
-3.750088
-0.32546738
0.18878216
0.7687012
0.077085786
4.726145
-1.4210879
-1.8217357
-1.0547507
-1.135957
2.909507
-1.4101202
-4.60235
-1.6926221
2.2928565
-1.3916953
-0.58698684
0.419608
-3.8855476
0.5619417
-0.66398793
0.84815156
-1.359278
-2.561316
1.1195865
-3.0384667
0.282633
2.782495
0.80766034
1.2282501
-1.2858536
-0.9026592
2.4620492
-3.58054
-0.72211045
0.91005945
3.9318154
0.04607296
-2.6403081
1.2363614
-0.013692312
-1.3749758
-0.8564563
-4.5497727
-2.2931056
-1.4981968
3.408399
1.7257782
-4.2256093
0.11894081
0.20459875
-0.1686326
0.4817826
-1.1536927
1.8033524
-0.6749421
-1.6531861
1.0810366
-0.47823763
-1.3574572
-1.1548352
0.09635854
-1.3881085
3.5219097
-0.49840975
-2.99758
-1.5346727
-0.9752473
0.3380541
-2.4403186
3.0072312
-3.351101
-2.873938
-1.2452075
-1.0391426
1.7756124
1.604099
0.74799126
-0.9760844
-0.4345343
-3.7248485
3.0150707
0.06535621
-0.67411834
-0.84553164
0.08243767
0.13631722
-2.2927997
0.13613832
0.62605053
-3.6113377
-2.6947489
0.021719843
0.6376987
-1.2818055
1.9124506
-0.75351495
0.58532983
-0.17340216
-0.13335367
-0.6674281
0.3677613
-2.2823896
-1.7385081
1.5394157
-1.5247946
-2.7470396
-0.48987266
1.8781997
-0.48746365
-0.6621816
-1.4537486
-3.7662597
-3.912522
-0.47927287
-1.999675
-0.08790285
-1.3671646
-2.7957082
3.8659995
2.0199494
0.027991138
-1.8101486
0.083759725
-2.1594305
3.1093717
-0.9406736
-2.2586305
1.6170707
0.6912531
1.4801457
-1.9152262
-2.6395679
1.4438957
3.0953798
-0.47012025
1.2171599
-0.5664269
-0.19662023
1.5810689
-1.2562715
2.31492
0.60520244
-0.5469792
-1.7546062
-1.5116773
1.0710937
4.2927265
1.5700754
0.35087806
2.603094
1.4281512
0.9521312
0.01666522
0.8887291
-4.0605974
0.20490256
-1.4164277
2.6497965
8.804236
0.31158286
2.8548133
0.33223137
0.18859002
-3.166302
-1.817298
2.448312
2.1329243
0.4824396
-0.6278924
0.6556358
-2.0751774
-0.03342671
-3.5272584
2.3832924
-2.6865466
1.6852502
0.65791154
1.0045987
-0.04258751
3.5502496
2.7223577
2.164059
0.32531503
0.28940773
-2.6592667
-0.42554623
-0.5751858
-2.7571552
3.0553546
-3.0481474
-2.0761433
2.1007893
1.5304645
4.1023664
-0.71656644
0.12238256
1.0099163
-0.3261625
2.0240722
-1.487047
-0.2788645
2.3993797
-1.2206262
0.5756409
1.8986828
3.6495922
-0.3490278
-4.1036854
2.2144496
3.424181
0.9609424
-0.0020715743
-3.4644723
0.699831
-0.07806947
2.0152073
0.80950266
-1.0207845
-0.6862009
0.21767017
3.4220831
-0.5337185
-3.312093
0.71989363
0.81940645
-1.622216
2.2163374
0.54110414
2.423978
1.6962055
1.8632214
-4.75566
-0.7270235
2.090919
-3.0990603
-1.3628701
0.79729104
0.33610368
0.1918668
-2.0268877
1.9185245
-2.5225592
4.478444
1.1728034
3.2436235
-1.9346353
-0.34752855
0.52315307
-3.3410075
-1.7918408
-1.9204199
-3.403602
-2.814304
0.56524223
-2.89828
2.5019
-0.9271022
1.8466066
-0.35745966
0.2660232
-0.9967967
-0.049730234
-0.29494816
0.9006185
0.6865551
-1.5566596
-3.1078444
-0.5009982
-3.2579036
0.3721811
-0.92539585
1.5128616
-0.270428
-1.2623359
2.039431
-1.4707701
0.45430803
-1.1634222
-1.6220013
0.6059975
0.20193951
1.0570226
1.1734885
1.3574289
0.6499427
-1.7676524
-0.9101365
1.6377605
-0.20424536
-0.054849125
0.60142785
0.9804862
-2.0752547
1.6285492
-0.83698416
1.5480775
-1.9277152
0.67769855
-1.0741519
-1.3077713
-0.71200746
-1.7093283
-4.0454016
2.6850362
1.0734776
-0.26932472
-0.9602112
-6.130605
0.67444843
-0.8230804
-2.9662905
2.839607
2.0755177
-0.19602713
-0.044592217
-0.2675055
-1.3561138
5.1906934
-2.903867
-0.43478745
0.1866124
-1.9674443
-2.487293
-0.85902816
2.465843
1.5010716
-2.279439
0.16508166
1.395771
0.006257251
-1.2936778
1.4888718
1.3007951
0.7032947
-4.076569
-0.1554606
-2.5478752
-1.5434877
-0.7222011
-2.8424253
-1.6619678
-1.5530843
-0.39717793
-1.9410119
2.7287164
0.6103274
-0.3890971
1.5200449
-1.5695399
-2.0209723
-2.1274443
-0.93229085
-1.1686771
-3.9919078
-3.4167655
0.70216393
-1.104003
-2.1062427
-0.12555385
-3.615017
1.0180713
-1.1736654
1.7056801
2.0249887
-0.3014984
-1.5855122
-3.3798962
-1.1130434
0.6341405
0.69919765
-0.028898254
1.4375724
2.22324
2.0408351
0.30750775
2.0122366
-0.81410444
-2.2541988
-4.725822
-0.40515333
0.27768284
0.8368521
1.3101696
1.0785964
1.8686422
-0.17599423
-2.1194646
2.6665707
0.8549772
4.280698
-1.980344
-1.8444616
0.25115943
1.1402087
-0.282426
-0.015846752
-3.1542134
-0.5451916
-4.589541
2.8630247
-2.3458443
2.376933
0.38724172
1.4379618
1.126886
1.1040772
1.4488089
0.40629435
-2.5719273
-0.16327271
-1.3521695
-2.3387632
2.1381738
-0.79775316
-0.043563515
1.9848899
0.5814979
3.1990895
3.9649284
-1.3295586
-0.013268836
-4.2794337
1.5088165
-2.7030108
2.2710338
-0.47654814
-0.6320909
0.2256921
-1.57356
1.3882799
0.73166496
-1.4553212
1.2989964
0.1728765
1.5519143
-1.4543462
0.34829572
1.1958276
-2.1720326
-3.5351186
-0.50580907
1.9424914
1.0671816
0.8921359
2.482525
1.190526
-3.3985784
4.725817
1.3822005
-1.1648295
-0.04356526
-0.69490194
-0.7480781
-0.026164949
1.1971501
-5.264707
-1.5956584
2.200282
-1.9178364
-1.5888563
-1.7194844
1.8977767
-2.4998028
2.8708024
-1.4653753
1.8163829
-0.21947667
-2.2408383
-1.0132654
-0.54519343
-1.1094755
-0.75370395
0.8404227
-0.5444741
1.1394529
-1.9220641
-0.23554838
0.27301273
4.782731
1.5757481
-0.14055383
-1.7299005
2.4154787
0.6590544
1.8625759
1.9480748
-0.05962824
-0.041125454
0.62511146
3.7157743
2.7667234
-0.9374374
2.5110028
0.87556756
1.7267879
-1.8983864
-3.589912
-0.46825907
-1.1240537
-2.2828176
-0.45202184
1.5787847
0.058272563
-1.5886787
-0.7425423
-0.18721014
-1.6547272
0.076350495
-2.102631
1.538944
-1.6142323
0.8617026
1.6547318
1.085763
0.21115497
-0.5666026
-1.5817958
1.5882006
0.010699235
0.5634216
1.3725069
0.92905736
1.7184385
1.6455598
0.9125241
3.5642016
-4.369339
0.95505023
-1.4353108
-1.8220888
-1.3034724
-0.73963255
-6.1749225
-2.2057605
4.6251726
2.1563046
0.49564037
-0.06550853
1.7918955
-2.276847
1.0050483
1.0121368
-3.8103805
2.8300529
-0.3958805
-0.5363122
1.4243578
2.712439
-1.1034393
2.9433298
2.048627
0.46020314
1.2125651
0.1818111
-1.5775527
3.7822056
-1.1100336
3.2932482
0.8974071
-3.0400593
-1.5994993
0.9032201
1.6695194
-4.1311507
1.432899
1.5865093
1.8467088
0.16696881
0.90004754
-2.1249447
-4.4231367
-1.420061
3.5329854
-1.2661221
-0.9038049
1.4268692
2.3261023
2.0915885
-0.07242774
0.99837774
-1.2640005
-0.32921627
1.6136296
-2.3930578
1.8706284
0.7111025
-0.9394837
1.2249887
1.5832924
-1.9568111
2.0879295
1.4376838
-1.1795691
1.1879016
-1.0150479
-2.2410464
0.6371913
-1.8714668
2.542048
0.88098454
-0.45634198
0.6768656
0.28348732
-0.5061444
-2.1569104
-1.4755763
-0.34292102
1.5671045
1.1273998
-1.0952753
2.239342
-2.6171472
0.09448383
2.1146345
3.106864
1.0394278
2.2121117
2.0407507
0.5135171
-3.2519696
-0.40450108
-1.8991193
-2.3131256
1.5087719
-0.9021473
-0.3427202
-0.38207868
-1.0294014
-1.1646206
-0.7330228
-5.0222254
1.4201164
-0.3465744
-3.1263304
-3.7890706
-1.9148365
0.7732619
1.1255512
0.6991355
0.11698979
1.5402882
-2.7438357
2.6112494
-2.3961627
2.870596
-0.7759564
-1.8408384
-3.5484848
0.97562253
1.9922571
-1.4278867
-2.0464175
-2.859816
2.047529
-2.6021705
-0.77457476
-0.5090472
-2.7817998
0.8357945
-0.68057305
-0.7901082
-0.17478055
0.32442817
0.4607755
-2.1708844
-1.8313613
-2.4850314
3.088003
0.7753995
-1.697025
0.6743518
-0.22307618
0.7896844
1.4940253
-2.0667849
-1.7549132
-1.1276988
-2.0903869
1.1725076
1.0632426
-1.7933372
0.1371077
3.3302777
-2.0957177
-1.6574017
0.2372714
0.119126946
1.062111
0.055859912
-1.2773396
-0.46796358
-4.503567
1.2848055
1.0134145
0.421613
0.59185225
1.7507925
1.8955137
-1.1843175
0.01869724
0.7608834
-1.9829367
2.9161086
2.3760614
-1.249325
1.2005408
0.020882472
-4.3943844
1.4621289
-0.0368691
-3.4697385
1.6850222
0.030062318
-0.6429866
2.1491635
0.773538
-1.7048917
0.4287226
-2.399963
1.907293
-0.029748928
2.4896433
-0.28091997
-1.9964427
-1.4798607
-4.206146
-2.4362013
-1.8794897
2.5009935
-0.73464817
4.4020486
1.0698371
-3.6572127
1.545683
-0.4301655
0.36368456
-2.1917088
1.7480103
-1.1104616
-1.8396493
0.1518786
3.5943651
-0.15342358
2.436787
-2.7993114
0.33884165
1.3283342
1.6044434
-1.8468338
-0.07852012
0.8939494
2.614585
2.505942
0.96386886
-1.9357119
0.5641123
1.5656799
-3.3013592
-0.22204527
-0.07976427
1.5925914
3.9662063
0.09986137
1.2056144
2.3264275
-0.63022983
2.4632165
3.8951066
-0.10809267
0.48789954
0.058846157
0.369652
2.4271708
1.067531
3.1891198
-0.44980955
0.51382273
-1.2450471
-1.3896062
-0.43280154
-2.2647617
0.02922488
-0.620035
-2.766813
1.8079228
-0.015818026
-2.5170918
-0.9299496
-3.710968
-2.0870004
-0.1464513
-1.3596323
1.2033801
2.1165178
-0.14747262
-0.8707195
0.80219746
0.6972795
-1.1386935
-1.8905275
-0.5884257
2.3798292
0.90997547
2.3580115
-3.5849888
0.74973375
-2.499331
-0.27415267
-0.07982055
0.845291
-2.5658553
-0.7303927
3.7311327
2.7883394
-2.9760265
-1.5901299
-4.135107
-0.46224928
-3.592567
3.7143648
1.3618107
0.83066505
-0.44901487
1.0100319
0.9785788
-3.8365562
-1.9590416
-2.3374388
0.6022322
-1.3761727
1.1831743
2.1618772
2.7047772
-1.3468451
-1.2183812
-3.9137895
3.2607138
-5.0044613
0.12233121
-0.4293179
0.42312974
3.6826105
5.665557
-3.5622761
1.082864
1.0410345
-4.1308637
-0.7470719
3.1415308
2.5477877
3.7725027
1.4583502
-1.9055854
0.8192134
-1.0206896
-0.22953388
-1.8159863
0.47716033
0.66461563
2.490523
-2.8037746
1.2620027
2.3858774
-0.6664139
1.7375683
-1.9905894
-1.7882402
-0.9077738
-0.5084103
-0.21607669
1.7329329
-0.7731896
2.0520973
-1.6310303
2.420454
-1.8280393
1.8936174
0.31999993
-2.6947381
-2.0506098
-2.2702703
-0.7727678
-1.8631126
-1.102008
1.0423895
1.1927854
-1.3043069
-0.6701682
-0.6597643
0.83090764
-1.784279
-0.7763687
0.6133393
0.19432555
-1.3577335
1.206702
-1.273053
-1.5172173
-0.20525262
-2.2753437
1.1112733
1.5636998
-0.9698654
-1.2970257
-1.6489269
-1.955144
-0.24098453
-0.6407487
-0.25552106
0.02771775
-2.6233616
2.023151
-0.090391695
0.11236459
1.7415897
0.8270049
-0.16757303
-2.3891997
1.0092689
2.5493052
-2.233834
-0.20673892
-0.9014509
-2.63425
-2.029967
-0.5005822
-1.4455446
-0.06860447
-0.3374884
-1.3749576
2.1670868
0.059342176
0.30946738
-0.26787192
-0.2151125
0.25507593
-0.48929107
2.8775597
0.7564733
6.201938
0.33570203
-1.987023
1.3504539
1.7084963
0.20189694
3.0306911
-2.1505637
1.0973711
-0.20032865
0.01973411
-1.0727994
3.5567024
-1.5384326
2.179046
-0.36483815
0.31856775
4.4383245
0.95018065
1.7804941
-2.002834
-1.3187759
0.21518722
-0.2567495
-2.1050186
0.73595506
0.82311493
1.2040576
-0.22070348
-0.77763045
-4.1059647
0.326859
-0.506246
-1.7268783
-1.5291787
0.047488905
0.7395045
-2.4749696
0.9373881
-0.541358
2.8827002
0.5971097
-1.6757282
1.1132753
-1.3971415
0.6346827
-0.9595382
1.9523715
0.66550595
-0.777456
0.26113915
1.8530824
-1.3500644
-0.65758836
-1.5278567
0.95075893
-2.2556596
-5.2743106
-4.1434784
0.2343064
-2.0069265
0.8644501
0.8957768
3.711685
-1.4360161
-1.7800155
-0.84243107
2.3375132
0.01096686
-1.109825
0.82440406
-1.9526461
5.6201897
-1.6719218
-0.6914888
-0.91250604
1.1681056
-1.1190001
-0.61890215
-0.07924685
0.61984736
3.4669013
3.7215996
-0.27529946
0.070853144
-0.14286192
3.861734
1.6582799
-0.038863666
3.4472513
1.6624631
2.2324004
2.184616
-3.2258854
1.6206331
0.38345
-0.66133803
-0.761025
-0.14915484
-0.28228027
-0.13112214
-1.4940281
0.47006232
0.229523
-1.1963445
-1.3732709
-0.24426965
-3.2241719
-1.1862974
0.166323
0.497589
1.0080955
-0.24127507
-0.58419317
0.6157318
0.6631509
0.36023295
0.6202503
-1.4168676
-0.8058738
1.2042897
-0.8345748
0.2712811
-0.06297744
1.097942
0.6626999
-1.114816
0.11514857
2.2731717
-1.0726789
-1.4186099
1.1137279
2.6355968
2.669789
3.9338722
0.5778651
2.1089911
-1.4687741
2.069973
0.92691875
0.31664997
0.5942045
-1.5760562
6.094436
-0.65006673
3.334901
-0.57021934
0.33450794
0.62653655
0.73609346
-0.8691636
1.3260385
2.3177469
-0.71034646
-0.7270521
-1.8578387
2.6203535
-1.4390312
5.1037617
1.2378792
1.5409794
-2.7360675
-1.2193826
0.9494015
1.8613722
0.70013356
-2.965719
1.4995595
-0.5082838
-3.9952385
-5.078713
1.6302576
3.0109386
-0.7019329
0.933016
-1.6740693
1.7913171
-0.07245967
-0.31108955
-2.1933832
-0.4129715
-1.2966093
1.1204044
1.3590316
1.4478087
-1.0606184
-0.5015847
0.12558934
-1.6188202
2.630843
-1.311937
-2.470891
-1.3990101
1.689096
-0.39197996
0.5329535
-1.1839939
3.4471984
-0.23824239
2.2745779
2.5972855
-3.4273095
-3.000954
-0.44907063
-0.43772507
-0.7320523
-2.554464
-1.5109364
0.39159858
0.28449586
-0.54765356
-0.67861056
0.42133608
2.0755875
-1.3213907
-0.64386266
-1.8613423
0.019602269
-1.6589161
3.6586637
1.3658373
-2.0430217
1.0486065
-1.1482008
-1.4988382
-0.8331278
-0.23953576
-2.4912052
-3.9518716
4.9907207
4.4464087
-0.53125703
3.363762
0.059630007
1.1380087
-1.331712
-1.5006714
0.7725033
2.3523962
-4.1049967
2.4826722
1.6524901
2.7817607
-3.5833127
-2.801805
-1.0639483
4.8834205
2.4563017
1.5468593
-2.033617
0.73555505
-1.426941
-1.3491411
1.9341277
4.110039
1.0250101
0.94260937
0.40532637
0.17744559
2.9505618
-1.163747
0.25171143
1.3423808
-3.7507813
-0.5962422
2.9306946
1.2877133
-2.6209183
2.6810334
-4.519364
-0.10831407
-1.2001951
-2.9915168
-0.60970724
3.3008585
-0.77026033
-3.7997055
1.0794373
-1.3998239
0.4896668
0.7113488
2.4981222
-0.9401668
-0.2780218
0.46414462
2.2295995
-0.075263515
-0.45051655
3.8881662
0.589387
-0.42591295
-0.22081801
-0.49255618
2.131968
-2.1069841
-0.06306738
2.1682465
0.0869476
0.8568726
-0.38187018
1.403009
-0.04740121
2.04854
2.23383
1.0705488
-0.72543967
-0.24642202
-3.7029934
0.64779097
0.7639818
1.9750894
0.15392224
0.53998864
1.8205419
1.800019
-2.7651389
-1.1988131
-0.50211066
-3.8077087
-0.81466013
0.8456248
-3.4568043
-0.5879629
-0.79544294
0.025366396
-2.7273288
-2.153071
-0.91878307
-2.8183467
-0.979247
3.3083575
-1.8788102
0.23452652
0.21720064
2.5898316
2.495396
-1.0055317
-0.97768325
1.7388228
2.729733
-0.1948244
3.679678
2.7970579
0.99573827
1.190121
0.49461544
1.8917291
-3.4952762
-0.020236537
-3.375445
-0.70568746
1.9288268
-1.7973746
2.4540312
-2.073812
0.33537462
0.14005916
2.1465938
-0.15335931
0.48253435
2.1023853
0.52239287
0.4101665
-3.0443766
2.5215654
0.93862253
-1.1705338
-1.9397829
3.409826
1.6985064
-3.7469783
-2.0756888
-1.7987
-0.054715946
1.3975296
3.4697533
0.9846704
2.4351137
0.29091042
0.8738682
0.8638372
-2.0309052
-1.9344503
-3.375044
1.0034204
-4.3141785
-0.39461285
-1.7216976
-2.3474832
-0.29869777
-4.269077
1.2480297
-3.3162081
-0.7884384
-2.9621892
-2.0068135
0.58695793
0.479236
-0.73171514
0.8411308
6.5680137
1.6565909
0.97023827
-0.38223165
-0.17193198
1.1149566
-0.6238633
-0.39614847
-1.1603098
2.5755513
-1.0068994
1.8773434
1.319978
1.1572584
-2.0607305
-0.27121314
0.86381644
0.6015387
2.0750127
-0.34690785
-0.35372904
-3.1894908
-0.6102344
1.112291
0.08814505
2.6625643
1.8112338
-0.5437785
-2.437846
0.6484895
-1.9912226
-2.4483116
-0.1710436
1.0865415
-0.55243075
4.2379766
-0.09514108
1.5863905
5.7947955
2.197684
-3.5363352
2.4957397
-1.0635619
1.7426107
-0.49617043
-2.1460886
-0.57372034
1.8857032
0.0066823736
0.6986347
4.0864153
1.5513369
2.3002422
3.7348576
0.1740093
-3.359595
4.1980243
2.308911
1.9107099
-0.7783479
-0.7135326
0.3767274
-3.1181118
-3.725404
-1.4809796
-0.18602411
0.5404789
-0.25601333
-0.8527963
2.3122153
-1.2087361
0.21831328
4.682618
-1.1633657
3.2393963
-0.06551814
2.3083653
0.41301304
-1.4033382
-1.0476819
4.6051908
3.5158656
0.45227796
-0.8615204
-0.3677542
2.182452
-0.20678754
-0.5865815
2.544731
-2.3806324
0.048128955
-0.20979023
-1.5774132
-0.25474632
-1.8033191
0.89311343
-1.5478
-2.2151127
0.011788659
-2.286515
-0.97453225
-0.774957
-1.3764107
4.0619864
-1.0252833
0.80497175
-1.0938905
0.1772132
-2.0384073
-1.1505901
1.5580323
-2.31112
-5.371134
0.6327074
1.8166754
-1.912164
0.39240876
1.8140447
-3.4450455
0.91001433
1.1355488
-2.0519567
1.5583483
-2.6007369
-2.2072008
0.77094465
0.41546696
-1.1049082
1.1531388
0.76963407
-3.5367596
1.0364474
0.73938453
0.70076853
-1.1048849
-0.39431018
-0.8162991
-0.49778426
2.9286854
-3.207422
1.2685485
-2.2477593
-0.7685058
-1.7364261
0.6939109
-1.91223
-0.67629176
1.477344
-2.1329572
0.8756206
-0.6243364
-0.25394034
0.35780764
-1.9698007
0.9088061
1.6194332
-0.03396108
0.9429136
1.8512539
2.864312
-0.15534316
1.365525
0.06200867
0.43684453
0.027987078
0.52223665
-0.876069
-4.602236
2.4987833
-0.01792176
4.6682916
2.9825957
-0.7083867
0.14760795
1.2007182
3.2274342
-0.5771593
-1.8382473
0.371872
-1.4153485
-0.94152707
-0.6567476
-3.1839085
-0.4955223
3.7106988
-3.0589056
0.0063502416
0.3512149
0.5104782
-0.007866342
4.4359345
-1.451932
-1.4711429
0.7562777
-3.1699395
-0.26019788
-0.8895433
-0.505645
-1.7556233
0.8938463
2.4674218
0.051537972
-2.840528
-2.7655709
0.9877388
-0.5735783
-0.8327774
-0.9282936
1.3979028
-2.01905
-0.9058788
-3.5426126
2.2528281
1.1662256
-0.3211432
-3.6648014
-1.0976107
1.4714531
0.35960305
-3.043276
-1.7513789
-1.8136487
2.8167517
-0.933314
-3.3122544
-0.50305957
0.9037064
1.384329
0.027465947
1.2143314
0.021110673
-2.0547736
1.0737743
1.7914568
3.344331
0.60783446
-4.6969824
-1.4461436
3.3514647
-0.96386755
-2.3802693
1.4868945
-1.2371775
-3.0016987
0.7893771
0.7770426
0.17648526
3.2222412
-0.06616351
-1.0162216
-1.1859505
-1.2385613
1.8457235
1.0781043
1.6135756
2.4769716
-0.38693324
0.90940815
-2.7280412
1.3441374
-1.4546416
2.203809
0.7384394
0.102720805
-0.37092364
0.7850036
-0.53972626
0.58422816
1.6872425
-0.21024165
0.44886395
0.6638141
1.4356494
-0.22703493
-2.8531005
3.1359837
-4.887115
-2.303555
1.6995851
-0.12113982
0.15811294
1.8014382
0.29988673
1.5818193
-0.311584
-1.9757124
0.28865406
-0.966127
0.40547407
0.4834394
-0.14855272
1.957522
-2.113493
-1.4047735
-0.35912058
-0.7958485
-0.08196606
2.2114475
-4.877858
-2.8389602
0.6639592
2.3485782
3.3081214
2.0847192
-2.8840322
0.680622
0.76931745
-2.1648169
-1.2292302
0.2464865
-2.2121613
-3.1401258
-3.998871
1.8379289
-0.31528145
0.7796777
-1.0274113
1.6288487
-0.21112946
3.1979892
-2.6829884
-3.0938892
-2.0316367
-0.17176586
1.8259645
4.2699666
-1.586458
-2.5749571
-0.044871975
0.030323453
-2.8302877
-2.3053722
-2.3011496
-0.75612575
-0.83957875
-1.1519272
-1.327666
-1.0952568
-1.9680674
0.9637824
-0.52032423
-0.0007789135
1.2824056
-1.8745377
2.294512
0.21744697
-1.8002445
1.03339
0.45431852
-0.8112315
0.77901846
3.084877
0.36834005
-1.0220405
3.6452606
-1.1365464
-4.0067105
0.55246776
3.384869
-0.09914594
3.5156
-0.2153284
1.3475063
-2.393534
-0.2693597
-1.237103
-2.791412
0.5140797
-1.4549729
-0.034314908
-3.7961276
1.1565166
-1.652933
-0.103124745
0.5038682
-2.9955406
-0.16332406
1.3786662
0.7753312
-0.7557
-0.48099127
-2.6784153
0.90982276
-1.1036915
1.1902992
1.0709546
-1.6680408
-2.9519415
-1.5617684
-1.0835408
1.0117362
-1.8968128
1.617821
-0.34661043
-0.6842672
0.61315376
0.46606705
2.7936578
1.8597953
0.7401018
-0.10637577
-0.44058394
-2.2887726
2.7688525
-1.3762403
-2.6516304
1.4333669
2.2163675
2.2242756
-0.05387797
-2.645292
1.0882595
3.4373782
-0.07436856
1.9489312
0.12043976
1.493333
-1.0931182
-0.12943742
-1.5592552
2.318423
0.25670663
-0.91639435
1.2240233
-0.42176646
0.16844216
0.9716171
0.022997607
0.53839797
1.0497178
-2.6095207
0.70073414
-1.4344014
0.91408134
-4.2597375
0.5617796
0.6333316
-1.0297129
1.5973959
-1.4885536
1.2017871
-1.003839
0.8738266
2.7605507
1.5746232
0.69174397
-1.427713
1.2914004
2.0818107
0.37595704
3.4714243
-1.2710242
4.0495324
-0.6734926
-0.68162596
1.2745559
-2.4256856
1.4654641
2.0060577
1.2896261
-2.3727927
2.03175
-2.4779415
0.329736
1.8396932
-4.9024787
0.39023957
-0.48863605
-0.71255964
5.3749733
-1.879092
-1.2804654
-2.5003138
0.6787163
-3.773964
0.35732684
0.890676
0.52555585
-0.99441713
-1.0457873
-0.22971138
-2.031416
0.22615963
2.8096719
0.06678836
1.0572163
1.515145
-0.03159298
0.09257262
1.1923482
-1.3864896
0.42150635
0.085719906
0.12695038
1.5643857
2.0656357
-4.5665536
-0.6216447
-2.698479
0.40824223
-0.09436952
3.4935932
-1.0657183
1.7149377
0.69803464
1.4874027
-2.7844481
0.6257449
0.35785577
-0.23225588
-1.0297358
-1.7836878
-1.8877442
-2.5867448
0.017173313
1.2123657
0.84896946
-1.692354
-1.0704329
-1.7424467
-0.64646626
-0.7353068
1.55761
0.2786333
-0.79007924
1.0629617
0.6515072
-2.8813667
3.6444542
2.6304958
-1.3753662
-1.1045465
3.0606403
-1.72103
0.76583546
-1.1392169
2.4683416
-0.26396042
-1.4073269
-3.1679702
-1.2550528
-1.2571136
3.4917862
-2.0670354
1.2957118
-0.5738101
0.023374572
-3.107857
-0.31696406
-1.2719651
-0.46580976
-0.46447265
-0.87879217
-3.5113308
0.763286
2.0922227
2.7503996
0.60459214
-1.7497861
3.1117387
-2.903285
1.8605208
-2.544691
1.0077764
-0.055852532
2.478569
-0.771212
-3.896883
-0.49700302
-2.6570613
-3.7720358
-1.1143576
3.0358844
2.3365755
-0.8579947
-1.0194919
-2.0947423
-1.7647368
-0.24488752
1.9275391
0.4068779
-0.91346717
-1.0519747
-1.1154915
-4.395811
0.82768583
0.6009915
-1.083899
0.53387195
-2.4419036
-1.415884
-0.065325044
-1.7807487
1.3225247
0.9166154
1.4754243
-0.024741784
0.81373143
-0.2522052
2.9364798
0.22513631
0.45083427
-0.47136623
1.1258363
-2.074815
-0.8934279
2.5178328
-0.7497627
0.96629226
0.8224355
-0.4617089
-0.46580446
0.36453632
3.7327409
3.248312
-1.6369017
-0.14556602
-0.37959778
-2.842944
-1.7121056
-1.0563766
0.40814897
2.3939111
-2.6716077
2.5430908
-0.3848509
0.9967401
0.49909943
1.963173
-2.8434436
-2.2694492
-3.2975852
-1.3408304
3.7468386
0.27934545
-0.700218
-0.7471337
0.35661167
-0.6289709
-0.32472914
1.601861
-0.97200996
1.3259557
1.6755103
-0.13076957
0.6635119
-1.5061879
-0.8759554
-0.5064998
2.2278826
-0.5712083
-1.6187409
-0.19660002
-0.6066586
-1.3783162
1.6173735
0.516099
0.84917104
-0.96092993
3.420265
-1.2278014
0.5018996
0.85824555
1.8112156
0.7369959
1.9658549
-0.97570807
0.75037956
-1.3619729
0.6789437
-0.20312753
-0.6026163
-2.1121945
0.4595539
0.6616933
-1.1046635
1.3076146
-0.83605534
-2.7895103
-2.2392774
-0.9888438
0.90326935
-4.5982013
-1.9895282
1.6879936
-1.2904932
1.1743598
-0.50589865
1.165743
2.3929703
-0.2753427
0.30217245
2.0460804
-0.26713818
4.3277216
2.034489
0.14462094
0.72764397
1.5646904
-0.31527334
-0.17689463
2.3902967
1.1418481
-0.90260535
1.5226407
2.0388582
-0.6344776
-1.0338235
2.449384
-1.4125898
-1.5677587
0.1650045
-0.1552724
-0.00718987
0.38150236
-0.22153202
2.4220874
-0.0180123
5.4102526
-1.796734
-0.9666054
2.0654278
3.7346864
-0.6860567
-1.8769042
0.048648633
0.18756635
1.50514
-0.88678086
0.73102695
-0.7366112
1.0755258
0.6286785
-2.429165
-1.5690618
2.5479198
1.0005754
-2.6813223
-0.32882842
1.6744078
-0.40126294
-0.78162867
-1.5960541
2.721091
2.240467
-0.06673503
3.1823804
2.1724908
0.6027198
-0.5370459
2.4814613
-3.0371833
-0.81396586
1.9719428
-0.52062374
1.1308315
0.45527932
-1.1944456
2.0687711
1.8790165
-0.046388313
-1.8799242
-1.8469563
-4.14236
-0.09232303
1.487853
-0.52724135
-0.36698025
-2.2041082
0.8940484
-0.2579674
1.6299605
2.0456843
1.1109236
-3.020059
2.9203038
-0.07272114
1.5435834
-1.4990826
-0.7470651
-2.2341375
5.5525274
3.900148
-0.56720406
-1.0708748
3.2280374
0.9298674
-1.1348261
1.7253087
1.699793
-1.3274213
1.9797301
0.793579
0.9844084
1.7226363
-4.230977
1.0523372
1.1549572
2.5608366
-1.7597802
-0.41022286
3.8435624
1.328443
-2.6425345
-2.6588643
-0.11240306
-1.467455
3.0766146
2.2314813
2.9014282
-2.565692
0.29816043
-2.077097
-0.269404
2.0632143
-1.062865
-0.18472567
-2.717096
-3.3723023
-2.8496785
-0.7613661
0.6411751
-0.24615246
4.448278
2.4765387
1.0453421
1.0870078
3.3917813
1.3271782
1.0975764
1.5589132
1.9544833
-1.3056961
-0.2935018
1.7737682
-3.73633
-0.22785935
-1.636921
-1.7332972
-0.10944812
-2.5725799
0.49047458
-1.399718
0.5893428
3.9458022
0.94610155
-3.5711114
-0.11658936
3.0027509
2.5799706
-0.89868957
-0.21141824
1.0365225
2.1222959
-2.6991324
2.6576562
-0.047354065
-0.6152592
0.82885534
1.8677614
0.9316656
2.1867206
3.3788815
0.48851612
1.56695
-2.672431
1.156516
0.30002996
2.6318867
-0.1916068
-0.16604799
0.1640648
-0.59671575
1.1107183
0.45181853
-0.09173304
-0.90688986
0.27338132
0.035604842
0.6607759
3.581332
1.0815058
-1.6918668
-0.13078454
0.3728146
0.14308047
0.261586
-1.380553
0.56327283
1.4596552
0.1146383
1.6074933
-1.277413
-2.327774
-1.3885086
0.652377
6.90558
-1.4415181
-1.8357112
-1.6991562
2.2778656
4.1790676
-1.0828153
1.5477045
-3.5674882
0.9159703
1.3612987
0.6635417
-0.097159825
-0.919366
3.3200946
2.0262806
-2.4281
-0.6453522
-1.3512988
1.8409454
-3.3247545
-0.50508565
1.3215021
0.8244015
-0.63882166
3.966386
0.40123793
-0.8256695
-0.956517
-1.6359015
1.2331508
0.48892632
1.0186901
0.766425
0.4993737
0.9102658
-0.9053009
3.6946173
-0.54799116
0.6013808
1.6972107
3.4019396
0.24111694
-4.2343764
-2.9751647
3.4840384
0.27215415
2.9670389
-1.6598173
-0.67346996
-1.8470143
-0.93674815
0.1861918
-5.2375536
0.54397756
-0.16989663
-0.37335718
1.5817183
-1.071251
-2.788653
1.6404637
-1.008411
-0.6092259
1.1925592
-0.5253494
0.25699323
0.9817972
-4.136807
-2.0055861
-2.1740642
-1.8408604
-2.2951298
1.5489861
2.29192
-0.02489879
-0.9208604
1.6051934
-0.011503436
0.5996901
0.634877
3.5162745
1.2917697
1.0970781
-2.028676
1.7108103
-0.87198454
-3.893589
-0.7629773
-0.23437569
-1.834806
-0.5295082
0.11875956
-1.5916983
-0.16867596
1.1475428
0.21188343
2.2165265
-3.2831059
1.3449413
-1.4171319
-0.37558556
0.761258
3.3084097
0.4809578
-4.156828
1.445416
3.9586287
-0.65565133
-2.1047125
4.667236
0.836445
-2.3556151
-0.55110884
-2.0453677
-0.583847
-4.6615353
1.5746374
1.6693921
0.7995595
0.82896626
-2.8938046
-1.02766
-0.2418914
1.3189702
-0.037836082
-1.3852173
0.14419737
-4.1340933
2.037266
-1.1617008
-2.6051013
-1.5635988
2.449424
1.1574299
-0.67355484
-0.2450434
-1.4003576
1.1912388
0.61857486
-2.857763
-0.43203917
2.0259743
1.8559363
-2.7137568
0.25930148
-0.10048073
1.3119558
0.77383715
-0.37829128
-1.3329854
-3.310049
1.3766501
2.441669
-0.6569714
-0.37507007
-0.8098516
-5.170399
0.65339774
-1.4323285
1.5319505
3.5745444
0.41440058
0.6737051
1.749582
-3.111772
-0.45074534
0.43954837
4.670786
0.48356873
0.03254714
-0.52320826
-4.0437512
0.3484677
-2.9795108
2.5660942
-0.6133097
2.0177302
-0.23466584
-2.8186693
-3.8262706
-3.126715
0.13695046
-2.3582006
1.9500312
2.3838532
-0.44151127
-1.9946537
0.9242407
-2.2662442
3.2334018
1.2340727
-1.568154
0.7283122
-2.4433908
2.6207154
-1.7193685
3.372099
-1.4297043
-0.32102066
-0.52350694
-0.37399805
0.82173693
0.27447572
-1.6490742
-2.8205125
1.9820014
-0.7038577
1.6993432
2.2788389
1.3471307
-0.10079267
-2.4215333
-0.6277296
-1.4757239
-1.7550788
0.107613645
-0.3673768
0.8039026
0.90380573
-0.10767516
3.5976896
1.3409532
-3.4250646
0.37062594
-1.860399
1.0716099
0.09432925
0.66249347
0.11226006
-0.3001886
-1.5686228
-2.2727406
-0.83729434
1.8269489
-2.5326407
-0.04440909
0.8126634
1.6608971
-0.9459053
-1.1358154
-1.5063282
1.1407981
-2.3327851
-0.096522026
-0.082877375
-0.16729783
2.3529425
-3.1622183
-0.4421578
-2.74258
1.4260248
2.2285354
1.9975119
0.23480326
0.4025614
3.5870035
-1.4154749
-0.71171
1.4058384
-1.279277
-0.5589155
0.40936774
2.651884
0.63499683
-0.84960973
-3.2289057
3.1205554
-1.8755106
1.2596368
-1.6137607
-0.8584584
-0.2707669
-1.8232601
2.0702612
0.37594953
3.4477592
-3.0874937
0.9090598
2.3832312
-0.48215428
-1.1100689
-2.5834079
-2.9493532
2.3691545
-1.0066335
-0.30284154
-2.0868702
-3.9337516
0.056266636
-1.6866164
0.91838884
2.7710295
0.7779736
0.4666539
-1.5819026
1.9490119
2.286217
0.45410836
-0.0020051189
3.7071729
-2.633753
-1.2388985
3.4302828
3.4758644
1.2357954
1.3570694
-1.0126097
-1.9654607
2.3447022
0.88567924
0.1515926
0.915987
0.8593828
-0.9702939
1.4022901
-2.649408
-2.1795123
-1.7179468
-0.38868374
0.64294577
0.41912323
0.7523874
0.64166987
-1.5565174
0.015127592
-3.336951
-2.753789
0.32018703
1.3693537
0.702187
1.5499066
0.6601314
-3.0067997
4.293596
0.93928003
-0.20582798
-0.8214226
1.8431795
0.51647335
0.7154946
-3.1626534
-0.32110453
0.5670189
-2.153199
-2.8711655
-0.11051126
-0.57899463
-2.0704062
0.7518276
4.374438
2.0094388
1.0690737
-3.344932
-0.31269917
1.9829265
-0.035354897
-0.30527496
-1.3122472
-0.75395536
-0.75550026
3.1602175
-1.1031922
0.08914705
0.9766731
0.33692318
2.0071805
-3.1956162
2.968651
1.1040078
-2.200356
1.1246244
-1.0759587
-0.48424163
-0.9655379
1.1536068
0.29805794
2.2557688
-2.1267252
1.1697438
0.6251607
-2.1740096
-0.987449
0.42377108
-1.3662969
0.42139587
-0.67316
0.7333903
2.282706
0.05094649
2.2310627
1.3790817
-0.57654697
-2.2770514
0.424834
0.61828977
-3.719129
-2.351478
0.19708818
1.4375454
0.13836028
1.026107
-4.7814918
-2.9625316
1.417014
0.36923695
-0.82838386
2.6187894
0.15879852
-0.25051808
0.5173532
-0.5479207
-0.4351248
-1.8428771
-0.474358
3.781443
-0.90256464
0.24186459
-0.8053704
2.0908334
0.87039334
2.1020124
-0.8267999
-0.73924935
1.642203
1.152844
1.5658945
1.2739207
1.454235
-0.8580346
1.9089293
-0.28255436
2.960376
-0.470811
0.71081597
-0.07971723
2.0542042
1.2245498
1.4035078
-0.8155594
1.4654785
-0.3880581
1.5540819
-0.9038291
-2.8461456
-3.1524563
-2.2782679
1.437759
-0.5328524
0.3166547
2.6226406
-0.36111248
-1.3419563
3.2091258
-1.1109291
3.9693236
-3.194557
-2.4320195
0.07308205
-1.8360312
0.88921463
1.6617408
0.96796244
-1.7196943
2.3454742
-1.570428
0.50158995
-0.43090647
1.6974735
0.24221376
2.6008797
-1.7909704
3.3695605
-0.42550606
-1.5730109
-0.43660548
0.4130492
0.8123874
0.70273155
1.9809268
-1.684543
0.1707329
-2.3390865
-0.50250405
0.20538044
0.98395437
0.7720372
2.6614614
-0.89066374
1.2619971
-1.521523
-1.3537953
-0.67907614
0.6937885
0.62926126
-2.3398788
-1.246927
1.1982565
1.8933128
0.3848932
3.1038117
0.12145009
2.5384462
0.46440935
-3.6265814
2.1925478
-0.48522985
0.025427558
0.8143205
-5.0769625
1.2886195
-2.6889532
0.994472
3.9831495
1.4323806
1.3648314
-0.42677206
-0.9493844
1.6342232
3.6429076
-1.734072
0.012857713
2.3151822
0.22588964
-1.9880139
1.4758227
-0.21954718
-0.11179836
3.3511002
-0.106679305
1.6429197
0.33152887
-2.569219
2.0501864
-0.98593056
-0.26845542
4.036184
-4.81505
2.7028115
-1.653201
1.873549
-4.688
-3.960877
-0.5311221
-1.0863063
-3.4532208
1.8644347
-5.282691
-0.3559311
0.7728278
-4.298664
3.9675105
-2.1616817
0.59602827
1.9738219
0.20289835
0.5028891
-3.133221
0.29058313
-3.5365586
-5.039411
-3.1731815
2.7498739
-1.8845276
1.9314603
0.8601493
2.8281255
1.5597533
-0.62308145
-2.5114772
2.3219883
-1.260216
-1.4866135
-0.23859546
0.1476644
1.2422532
1.9410303
-3.9302597
-1.1354593
-0.31186852
1.430056
-1.2554891
-1.4230059
2.1688514
0.89547974
0.5134203
1.7689277
-0.21396208
0.5211696
-1.9953406
0.91459423
2.2281013
-0.6116315
-0.060001038
0.08425104
-0.88959616
-1.4426118
0.8658569
-0.45678374
-0.5371105
-0.9790448
0.45820937
0.93657666
-6.239498
-2.100212
2.8265183
0.37430292
0.747743
-0.8234756
1.9373419
-1.2565488
-0.48014235
-0.3165719
-0.57130873
2.438284
-0.4618084
1.741753
0.7937547
5.1389136
-2.633843
0.656551
-0.22152458
-0.43075812
0.36496374
1.8691925
1.3015683
-4.3406577
0.7099667
1.4335272
-2.5408962
0.42330012
-2.605495
-0.41094834
2.3098204
-3.1877964
1.9892894
0.90265036
-3.8200357
2.1915038
1.1110651
-1.3814976
-1.480812
2.146491
1.2251227
1.611042
4.2866344
1.2509134
-3.535698
-1.0240889
-0.8973217
-3.272742
1.9330795
-0.07221354
-3.5729537
0.33691826
0.3635074
-3.1217508
-2.7738388
-0.7011671
-0.047184065
-1.6910722
3.3274388
1.1632105
0.022827309
2.0701582
2.3337765
1.8520912
2.109539
-0.009424761
-2.860323
0.37288404
-1.9529878
0.0639807
-2.1872904
0.49930435
-1.2508011
-0.5713526
0.18611884
2.0329633
0.9330569
-0.13044325
0.5753476
3.3301632
-2.7566094
-0.089894265
2.6200724
-1.0490738
-0.48277572
3.5536177
-0.7415535
3.3110585
3.1381242
4.8101716
-2.1465855
-1.5502079
0.27166584
1.5215524
-1.5387214
-2.8813176
1.2101378
-0.533308
2.826952
-2.00493
-1.1690083
0.79495
-0.1579948
0.797133
1.8042543
1.313894
-2.2417412
0.08222914
0.5505321
3.9828534
-1.195757
-1.3229216
-1.3674358
-2.465497
-0.7897855
-0.54445887
3.553297
-1.2199857
0.1057762
0.26266566
-2.4326034
1.3304083
-0.6956623
-1.0535915
0.7107798
-0.27727926
-0.38969374
1.348061
2.8304038
-2.1532447
0.3847031
-1.48275
-0.71721506
1.4614002
-0.86110365
-0.07131958
0.9726205
3.0643177
2.0090873
-2.0020947
-0.4262249
-1.713508
1.6824589
-4.2795577
-2.3543186
-0.46806592
-0.5740698
0.60791963
-0.30331638
0.21579191
-0.9343605
-1.1359606
1.653313
-0.05776553
1.2934068
1.6993809
-0.22425702
0.7633468
-0.44216812
-2.808465
0.19763222
-1.8968676
1.725257
-1.5438592
-3.311429
1.5872897
2.6972775
-1.0426133
-0.2610104
2.0270813
0.14785357
3.833711
-1.1789846
-0.378915
1.9208297
-1.0129302
0.4107625
-0.17281485
-3.3378353
-3.3814313
3.0545216
3.1207721
-3.897333
-1.7279727
1.590967
-0.5935455
-2.910465
1.6505101
-2.6939216
-1.9731525
1.1609136
-1.4837359
-1.1343367
1.4655049
3.615377
0.07777653
-0.970634
0.07029274
1.2687196
0.42595005
0.8129297
0.6246005
2.546625
-2.0946743
0.024272133
-1.4575155
2.649307
-0.107806936
-0.33167133
0.4636736
1.6332926
0.3627775
-3.4766912
0.11460142
1.1378614
0.7571777
-1.8412893
1.7803015
1.1408347
0.9478349
0.09629545
-4.34957
-0.6251895
0.24128614
0.17753434
-0.081766225
3.7344778
-1.2023948
1.386598
-2.905218
0.79048663
1.0831835
1.1624056
-0.4105108
-0.26346678
3.6632931
-1.606232
-0.28447247
-1.3581635
-2.268734
-0.443315
-1.7484465
-0.24392724
1.0192981
0.6091317
1.2858094
-0.5694148
0.21374503
-0.37249947
0.20607424
1.2352182
0.4153767
-0.8110504
2.8638916
0.3856917
-1.681582
-3.4553032
-0.93054026
-0.2488702
0.2169886
-1.0192966
-5.193831
-1.6421494
0.0028512254
1.253581
2.5543532
-4.5219045
1.224596
0.15371943
-2.1169097
-1.6186738
0.11074911
0.420967
0.85741603
-1.1549338
1.5486476
3.3014736
0.30285907
-0.5382489
-1.0249712
-2.7466402
0.06877479
1.0469108
-2.3335886
-0.94463044
-2.8472548
0.68976766
0.481618
-3.113068
-2.3760836
1.3121018
-1.9193723
-1.768452
1.7797968
-2.0352566
-1.9143234
-1.7453871
1.5164139
-1.7282815
1.4546361
0.65317386
-1.5913569
1.4081943
1.7668718
0.93269384
-3.6311247
0.3921131
-3.3307564
2.7345645
-0.03293293
-1.004021
-1.4222572
2.6234
0.8613277
1.9994787
-3.720074
0.05108057
-2.0454185
-2.7210104
2.1498227
2.4579086
-0.36322492
0.010601558
-2.7505298
-1.8265638
0.44424623
-1.5685883
-1.15861
0.876409
-0.17627746
-2.2121446
1.0666205
-0.117461435
2.284456
1.7594844
-1.6721824
-0.5003026
0.61163163
-0.90127367
1.2695025
2.0146062
-1.5362257
-0.34853253
0.30792293
-0.60458195
4.725024
1.5712016
3.0913355
-2.1487865
-1.9512981
-3.9900818
2.6854336
1.0535307
-4.933648
-1.7592497
-1.2051315
-0.7136865
-1.8645923
2.0301213
-2.9402323
-0.5984985
-2.1047719
-0.40054423
2.3274446
3.64159
1.3996451
2.9824133
-0.0017341301
5.177467
-1.2383457
-0.2830059
1.3606309
2.9783359
1.3742586
-1.8540875
-0.18743938
4.482089
-1.6173171
0.75013965
1.2520576
0.09740473
1.4969407
0.9780948
0.18358806
-0.9919728
-0.37731817
-1.4080275
5.3572273
1.6648735
-2.1855464
0.06080184
-2.5790634
-3.2565453
2.0002658
0.0035844892
-1.0500246
0.17925555
1.5044259
2.1790576
1.1275985
0.61067253
1.0379506
0.0049226843
0.7611696
2.313914
-0.5514336
-1.4070408
0.6314491
-1.4653099
1.9802862
3.6155994
-2.9222212
2.1787627
-1.9565372
0.31934687
-1.8709894
0.20809177
0.97229
-1.3449999
0.8333682
1.4865932
-1.1513891
-2.5750728
1.893139
0.06761103
-2.0984073
2.335229
0.7801565
1.4562589
-3.4975798
0.7091909
1.7084109
2.813392
-0.071930684
-2.958117
1.5831441
3.3043423
0.33397168
0.4219975
-1.8375154
-0.23041324
-2.3411698
1.1663427
2.2164524
0.65989214
1.7101555
2.1363082
1.4451016
-2.665426
0.9782269
2.3977656
-1.1462014
-2.5227547
0.73965853
5.5564737
0.30493996
-1.4730736
0.031007148
-1.7348708
-1.143848
1.1794065
-0.56094605
-1.6449885
-1.931242
-2.399785
0.15853307
-1.5237826
1.5513177
-2.7001812
-3.794055
-4.168314
2.5869045
2.360167
1.6316158
1.8861666
0.9027725
1.8212327
-1.0447615
0.226484
-1.6345432
-0.61748004
0.45446256
-1.3932278
2.3081486
-0.15688154
3.0942745
1.1158471
-1.0040599
-2.4173481
-1.9468063
-1.870512
-1.3737127
0.16120255
-0.6797045
0.0026008114
-1.145025
-1.5444717
-1.5701444
0.993181
3.1440406
1.5341356
-1.0040183
-0.04554403
-1.3029232
0.10058591
-1.2025396
4.1082954
-1.5708346
-0.4392103
5.1151485
4.5031276
-0.82939696
-2.2418158
3.011575
0.11224352
1.3609325
-2.8256783
-0.06785458
0.9844198
1.5270125
0.3095978
0.17448184
0.9370335
0.8859994
-1.3308039
-2.7783713
-3.8917124
0.5380127
-3.1585546
0.5820218
1.0314449
-1.5346794
-1.2718513
-0.48425108
0.34870404
0.4056271
0.786746
0.70337534
2.2881827
1.4424856
-3.1361678
-1.4807725
-0.21854094
-1.5332732
-1.4312525
-0.5871467
-0.2100549
0.4515548
1.6906213
0.29420996
-0.14467666
-0.016174652
0.5690521
-2.3263493
-0.7006668
2.267921
1.7532852
-0.84946275
-1.037065
0.7359483
-1.5272098
-0.02567882
-1.208457
1.0819062
-3.1766927
-1.490277
-2.6287003
-1.3888794
1.9241837
-2.9661663
1.2472847
-4.290802
-1.0262265
-1.2699023
3.4264889
-3.4520903
-2.500714
0.28465247
-2.3665404
-0.47111884
-1.4412134
-3.986258
-1.1817343
0.5093953
2.5432882
1.3255491
-1.4405092
-0.059753247
-1.8819951
1.4113275
-0.66524786
-0.2510529
3.886088
-1.6112672
-0.9091298
-1.7056679
1.1814119
-1.1087683
0.3635168
-0.075816564
-5.4628158
0.8301472
-0.021340571
0.37716764
-1.0227381
0.813455
-1.4544742
-1.0808479
-1.0419587
0.61205614
2.5865743
0.7283728
-1.4147166
1.1286979
-1.6762044
1.4829842
0.003440626
1.794986
1.1672169
-0.22657058
-1.0640671
2.694397
-1.8604736
-0.7835065
0.71518445
-3.1212974
2.9054692
-2.991158
2.7504017
-0.4052518
0.28662175
0.12826905
-4.0918283
1.1156986
-1.0027506
0.65040445
2.4728477
0.094889335
2.8595607
1.3756142
1.2878492
2.042125
-0.10254144
-0.97992
1.709918
2.2408037
-0.6226728
-0.49639764
-2.6937203
-0.7951953
0.14523697
-1.0824889
1.4079235
0.11537908
4.109191
0.43978077
-0.44282183
1.6473314
-2.2361286
-3.4736092
1.4257997
0.36855727
-2.813717
-0.55127543
1.6871282
-2.548851
-1.1692028
-0.48448873
0.088591576
-1.1598669
-1.6803768
1.0539314
-4.0556974
2.3017187
-1.0994025
-3.2383294
1.7892646
0.031177647
3.880545
1.0964862
-1.3316396
-3.8778841
-2.4260676
-2.1616426
-3.4530602
-3.1063728
3.0356815
-2.735275
-2.7241294
2.9116147
1.3041623
-0.18337975
-2.2530215
2.6663225
0.24219336
1.5983778
-2.5666947
-0.7302984
0.9599204
1.3759791
-0.83347243
-3.3727305
2.0710316
1.3983216
-2.25561
1.2562208
-2.801356
-1.0915084
-1.5019315
2.502012
1.7772641
0.93546504
-2.369444
-1.921406
3.324208
2.7808359
-0.09097319
0.573578
1.6533866
0.8649467
-1.4478847
0.48033008
-0.458488
1.1860635
-2.8733199
0.2074525
-1.448398
-0.56546646
0.87284106
-0.82726866
-1.6054631
0.3386051
1.58693
-1.5282158
2.3377993
0.73624
-0.055662166
0.18315133
0.06293903
-1.0294648
1.5637876
2.8962314
-1.9024504
-0.6548014
-0.33382553
1.0247139
2.2994432
-1.602266
2.4111993
2.4770415
0.62462765
1.9825088
-1.1605009
0.32653388
-0.3559911
0.46850646
2.8949947
-4.20115
1.4252065
4.2191634
0.18398485
-1.5320133
1.2251165
-5.1179304
2.3842316
-0.8121119
-2.1552477
-1.4530584
-2.695613
-2.8359435
2.9512746
-0.7449988
0.08264628
0.48441765
3.9026318
0.30880445
-0.72167504
0.80651957
0.25245428
0.12709346
3.3457637
-0.36647695
-0.7738376
2.163299
-0.8750132
-0.5298783
-0.57599205
1.7145188
0.95587575
-2.2019026
0.4718077
0.59765446
-0.80317795
-3.9777021
1.5903087
0.9437724
-1.4309461
2.5236926
0.4939784
2.5028284
-1.6322105
0.76303375
-1.2696557
0.43322116
-0.085462265
1.202774
-0.6278671
1.5006826
-1.1200203
-3.575115
3.2211955
0.9222038
0.64405364
2.5515945
0.7352444
-0.49717897
-0.6244066
0.2830438
0.4939861
2.1989157
0.750944
1.1268334
-0.24935424
0.4309661
-0.41473413
-0.50209576
-1.9189242
-1.2752033
-1.7002989
2.1911433
2.422313
-2.002575
2.0896466
1.1356783
-1.8759304
-2.7711616
1.8139565
0.04727827
1.3753629
-2.8845599
-1.5432512
3.7049255
-0.88649416
-0.33712855
1.6821977
-1.4280732
-1.0232965
1.1370137
-0.7143692
0.38707846
0.95118976
-0.31436878
-3.8453524
-0.43377435
-1.3090261
0.099529594
1.7047001
2.349637
-0.84821075
-1.1161045
1.9525143
-0.19159728
2.2411716
3.80177
-0.5179231
0.52371275
1.7894756
-0.24858306
0.8437164
3.943956
-1.9088559
-1.9819875
-3.4882736
1.5763158
0.88107866
-2.6454453
-1.4618938
0.3633681
0.7958755
0.99190414
-1.8103985
-1.5183797
-0.5262693
-0.66602516
1.6860638
1.6651303
3.8018937
-3.1069713
-1.7778503
1.1264539
-0.01571517
2.5860722
0.60525364
-3.370107
-1.2357002
0.50653505
-2.7058504
2.5967753
0.9057022
2.1897254
2.9280124
2.624985
-0.9105737
1.4778446
3.274972
-0.7251925
-0.7668851
-0.67794293
1.4403508
0.14620885
1.321916
-0.8582304
1.0238236
-3.5627568
-1.339885
-0.34950018
-0.6128036
-0.22086579
-0.22285742
4.649375
2.3972726
1.6431087
0.13731986
-2.7061827
-1.2114646
0.89693964
2.731258
-1.5304998
-0.4120163
1.5585506
-1.2079213
1.2399987
-0.620211
-0.6994659
0.43464372
-2.8036988
2.66633
-2.016876
-0.6928908
-1.8298719
0.34860927
1.040619
0.4568858
0.030708205
0.46745417
1.621421
1.9030739
0.22758123
1.3122631
-1.9145759
0.92681396
-2.9294858
2.7451177
0.25193465
-1.472681
0.36282507
0.105685994
-1.5282772
-2.8621454
2.9248831
-0.5834023
1.6629244
-1.4867035
1.1544993
0.21670741
0.93273276
-2.6407082
1.6403862
-2.6373966
-3.7748086
-1.268222
-0.11265957
1.507236
-0.074185975
-0.9262475
0.06045745
-1.3195175
-1.4233505
-0.44772246
-3.1479087
0.73834085
-1.3416605
-2.9084523
1.1769662
-0.91055053
3.4746337
0.37072718
-0.8557805
0.6090018
-0.5792526
0.8831599
-1.126187
-2.985169
-0.38679844
-3.5982492
-2.6169121
-1.7925594
2.528845
-0.44745278
-2.7900817
-1.3109524
1.861143
1.754541
-3.0950544
-2.0658493
-1.4287515
1.5386976
3.3303492
0.70648706
1.0302722
1.2995014
1.4199094
0.0006971881
-3.8520443
-0.13515303
1.1202086
-0.98730934
0.05303196
3.2199445
2.300242
0.2234364
0.379609
-0.23468906
1.5112084
0.6158625
-3.8567998
-4.3171816
-1.2728399
1.1632692
-0.92311686
1.3274332
-0.48159724
-2.338813
-1.2905174
4.554295
0.08204548
-1.9541233
2.487867
1.3891637
0.49980986
3.7486918
0.9362083
-3.7729967
0.9176774
-1.5406989
2.75699
1.7492846
4.5542693
-4.460369
-1.2822562
-0.31421447
-1.3281593
-1.1030189
0.24504244
-0.48407668
-2.6826267
3.4962587
-0.66557884
1.0520685
0.65840334
-1.5417073
1.4064708
-2.2681332
-1.696281
-1.808211
-4.1519165
2.3429298
-1.4344157
3.1587224
-2.6654787
1.7655908
0.5097976
-1.1516286
0.49327368
-0.9251016
-0.7783061
-1.565233
-0.017776445
1.077389
0.7688451
0.10190322
0.46432728
1.6550907
-3.3655987
-2.643265
3.390802
-0.3756224
0.92562735
0.51780283
0.49116334
-5.0805845
-2.1916144
-1.8013589
-2.3113241
-0.3994313
-3.026426
1.6241469
-0.49820843
-1.5597149
0.6284283
4.679129
1.8129951
-0.35280973
-1.8808601
1.0986828
0.8086617
2.6401317
2.8326848
0.65540284
-0.35830295
-0.2607255
-2.1581914
-3.12844
0.7555555
1.4683794
-1.0873562
1.0834998
-1.162322
0.16428375
-0.23696035
-3.1197796
2.5293047
1.7458941
1.0974952
1.877712
-3.9886
1.1823679
-0.57365084
0.12921943
0.68203634
-1.4277229
-1.0762947
-1.3519509
1.2540493
0.020055741
-1.2222817
-1.6625706
1.9134061
2.332078
3.2968595
0.30641326
-1.8234051
4.366687
-1.2061472
-1.9393998
3.5262516
5.034716
-1.7150955
0.766362
4.0963373
0.4912555
1.8378094
0.043305594
-2.0722573
-2.954121
-3.8914518
2.1989899
-1.2563618
-1.5083648
-1.4929571
-0.44046587
-1.0020669
-1.9463719
0.2667963
-2.8914654
0.99188024
0.6277885
1.1919347
-2.1276646
0.54435664
-1.3457767
-0.79907167
0.077997066
2.9524646
0.7378412
0.93284017
-1.5262848
1.214561
-3.5475144
2.1321793
-2.0470507
-2.5502946
1.4343742
-0.34694764
0.19410717
-1.8491405
-2.2859952
-1.8367858
0.24109904
-0.46427506
-0.061196156
3.1266985
-2.2183504
1.052319
1.6164335
0.27608114
1.192201
0.033309877
-1.3607655
0.21185213
-2.8589473
3.3522704
1.9005144
0.9041059
-1.4311947
-0.1494392
-1.948563
-2.2615125
0.5214226
-1.6668125
1.2521185
0.6368404
1.3137976
1.3891901
-0.19571336
-1.5401537
-3.1852863
0.5666067
2.5963578
2.772474
2.2988498
1.2937953
-1.1658962
-1.0456934
1.9278603
0.6352775
6.477226
-0.76946557
-0.013621401
0.30506733
1.3353348
0.9194004
2.057342
1.1558677
-2.3552246
-0.056743495
-2.722584
-1.5876486
-0.124258034
3.9463408
-1.6646012
-0.18598145
1.4774959
-0.27699634
-1.4597721
-0.08894742
-0.013371177
-1.8542178
-0.55930305
-1.4285687
3.1028721
-0.22260627
-0.37682304
-0.38587332
-0.68935
-1.33603
0.063830264
-2.5305388
2.6092033
-1.332542
2.4574485
-0.29046816
-1.1463428
-1.5429957
-3.241068
-0.95063114
-5.65608
0.4917172
0.7339588
2.0688384
2.266534
1.6695311
-1.198862
0.5585454
0.17165086
-1.7373667
-0.32396868
2.8879678
-0.13504685
-3.0055559
-1.2132735
-1.5222079
-0.7517157
-0.9477322
2.4195294
3.904686
0.88476056
-2.7305555
-1.265786
-1.0783777
1.9079196
-1.5852451
-0.41833496
0.75474924
0.1258688
0.14504312
-1.753811
-0.12743294
4.6057453
-0.072222024
-0.77904445
-2.0368102
2.55521
1.5465615
1.4591582
-1.9636248
-3.2717998
-3.0701897
-0.2005869
-0.39273742
1.0883486
-4.8892703
-1.9939626
1.1044321
3.424077
3.8233151
0.53151965
1.944556
-1.5338653
3.3192756
1.0639116
-0.77168167
-2.4689589
-1.9421706
1.7730237
-0.4090836
1.0286477
-1.0501353
-3.3771782
-2.482931
0.91851443
-1.8328166
-2.3582592
-2.3284657
0.6940775
0.8027167
1.9027709
-0.35127988
1.7946185
-0.051212523
-0.17176498
0.6387249
1.9449819
1.7725658
-3.1489043
0.6495423
0.07964297
3.5091457
5.194703
0.42303574
-0.000717327
-1.9328237
-2.7505634
1.7710097
0.043888606
1.1030234
0.9046956
0.542414
0.6893212
0.24003355
1.4720126
1.7000353
0.30071688
0.12808907
2.9270456
-0.057393737
-1.4020926
-1.462892
-1.2531044
1.6213447
-1.1100546
0.50581974
1.6048872
-3.8161225
-0.034073226
0.19925891
0.9001764
0.80218935
1.7957497
-1.6876591
1.4118986
-0.22992344
1.7188231
0.6961074
2.6899283
1.4736131
-1.9915451
-0.16194373
0.12541974
4.554202
-0.48278815
2.6930928
2.0877182
0.24200103
-2.7817996
-1.6113393
-0.798145
-0.05922033
3.0842075
0.36343634
-0.22452405
4.3156953
0.87813514
0.14855419
3.4592843
2.2731717
0.36753806
1.082217
-1.5026587
-0.97534746
-0.08327719
1.1390618
1.6226661
-3.1045918
-3.9682255
-0.2642808
1.7866988
-0.7879433
1.022725
2.2821589
-3.743044
1.3669374
0.44437677
3.3897743
2.8858066
-2.047191
-0.5194635
-1.7484072
1.278885
3.6110654
-0.54907674
-1.7629464
-0.78064954
0.89377975
1.7470163
-0.41109064
1.9956508
-2.0003946
0.48468775
-0.37802988
2.4631205
-3.331001
0.1379353
-0.46199095
2.5127413
-0.31423414
-1.3891978
0.7983023
-3.3939931
-1.3455791
-0.3371275
2.8067293
2.2298622
2.9615343
-1.614584
-0.68423957
-1.3076733
-3.1243327
-1.6877495
0.012092508
1.6416823
-0.26487896
1.1909164
-0.60764277
-1.9841094
0.6985976
-3.1310222
2.0746748
-1.0484878
-1.5946778
0.6913442
-0.5132681
4.0691023
-2.6338608
1.3332735
-0.8127492
-0.6284783
0.06995342
2.423746
3.2018533
0.40882614
2.4666443
-3.5175445
-1.2066307
2.9054086
0.20958632
1.080642
-4.6261563
-2.91243
2.7103536
-1.7496735
-0.89785576
2.5028818
3.085564
-0.28095752
-0.35322815
-0.55077696
1.8023976
-0.056637794
-2.6845758
2.5113816
0.9543381
4.4152412
-0.71480346
-2.5897894
2.4318433
-3.1720111
1.6127594
0.9519379
0.7068187
1.2738609
0.80990356
3.1144836
0.41953477
0.4984851
0.8792194
5.5077133
-1.5311054
2.3448496
-0.39352572
0.36157334
0.13039252
-1.2338003
-1.7238216
1.0536944
-1.7828147
-0.99264604
0.42923114
-0.7152772
0.12768432
-0.7241498
0.27764073
2.0272598
-3.7534811
-2.5179632
1.1821563
1.6274079
1.0433048
-1.0853951
1.6861227
-1.157589
-2.357128
-0.10701445
1.2493765
-0.94296736
2.8989215
-0.3489517
-1.2050699
0.0563669
-0.33866107
-2.31676
0.007874891
2.5615234
0.98827225
-0.051915705
5.078539
1.0119224
1.2110138
-0.49324632
-0.8443765
0.22720349
-4.4184947
-1.6712027
-0.17898916
0.24203482
-0.5030296
0.49502456
-3.6689832
-3.2372985
-3.3581548
-3.9556372
-2.2773492
-2.3628225
2.3301904
-1.7452962
-2.4024365
5.888379
2.0439258
-0.10434376
1.1966872
2.55924
-3.4929922
1.3703116
2.833808
1.3640305
-0.29616395
2.5308688
-0.2434476
-1.7861573
-1.1271261
1.1956618
1.4313897
-1.8059889
-0.046554044
1.3948112
1.9060348
2.0734546
-0.9760597
-1.0202454
-1.5390391
0.5724792
-2.930966
0.34690508
-1.1996981
-1.0598826
-4.1608477
-1.306952
-1.0461913
0.46783563
-0.49983174
1.2465926
-1.2045892
0.7895577
3.9190097
0.45190626
2.3267014
4.7430544
0.34631345
1.8281949
0.9382957
3.2343931
0.5691338
-1.606212
0.16148177
-1.438015
-0.7408472
0.89189065
0.16466296
-1.9021885
2.5571377
1.585566
0.14050919
-0.64609295
-0.4722156
-0.76319194
-0.7078607
2.1031399
-2.190275
4.9750986
-0.017026387
0.7067229
2.7897875
0.025159061
-0.87678957
-2.8441827
3.965914
5.5151634
1.0329996
-1.8992547
-1.817267
-0.71168303
1.3305975
-0.84401023
-0.29305696
2.7445004
-0.67141944
1.1133841
0.40787062
-0.65754515
1.2955525
0.3325077
2.2888453
-2.5588145
1.7844903
0.14083329
-0.31929383
2.154458
-1.9810773
-1.5696859
0.37304363
0.3798717
0.45912746
1.267374
-0.8945486
1.4187493
-3.521256
1.2974764
-1.5897455
1.1871247
-2.3937945
-0.608602
-0.3147623
0.84262776
-3.3421319
4.109061
1.9908005
1.43457
-0.038095012
-0.36042267
1.4722704
-1.5679897
-2.9837697
0.28836632
-1.6843523
-0.51438844
0.5542899
-0.22191092
-0.43100417
-4.001286
0.717577
-4.746717
0.25343314
2.882633
1.4637913
0.455165
0.90988165
-2.9565818
0.40636653
0.23184681
3.9153404
-2.1530395
0.99514866
-1.8454722
0.42623764
0.21949764
1.3167334
2.8610516
-0.46472374
0.1924171
-0.24546167
2.0298207
-1.0647388
1.8337952
-2.380391
-1.1614693
0.43067434
0.8173898
1.1519821
2.5512207
-1.7585105
0.13318081
-2.0846968
2.225517
0.82708514
-0.6063202
2.4010904
0.22363137
2.5403676
-0.4955826
-0.8430002
-1.5080622
-2.5677743
-0.60956055
-1.1867375
-1.9387443
3.131358
-2.4346008
-1.0052234
1.9473577
0.3618742
1.6714122
1.5958856
0.9456712
-2.6226819
4.2784996
-2.6739254
1.6480535
0.09983883
-3.5447793
-0.31962276
-0.16968977
-0.76842785
2.3839123
0.059262663
-1.2907735
-0.6306892
0.9050574
-2.7315211
-2.7562518
-2.2841268
-4.4026084
-1.2098451
-0.32417682
-1.0674112
1.1373035
-0.49403146
-0.6385982
0.38221878
-0.7295405
0.79915845
4.361566
-1.7098424
0.6709381
0.41869637
-0.055189155
-1.9064564
1.7666286
-0.21411568
1.1676188
4.0109634
0.28147852
1.8651953
0.8237599
-3.972125
-1.3807495
-1.521329
2.0184846
0.57526076
0.94625086
-1.2818315
0.5877903
-2.4154937
-1.8765659
0.30547112
-1.2757686
0.55953246
-3.07027
-1.6973311
-1.2068999
-2.5557945
-1.0376965
1.7970381
-2.5352964
0.48822835
-1.3020922
-2.0048091
3.0319219
2.2995384
-0.2975062
-1.5297095
-2.7644885
-3.0654607
2.0812504
-0.3971961
2.0622776
-1.7648104
2.4129224
2.4691331
0.9556355
0.76381874
-1.0653275
1.1967171
-0.795567
-4.030882
0.85671073
-3.7826605
-1.5760877
3.2612598
3.5363998
-3.3605845
-1.193771
-1.5421784
0.83774793
-1.4136757
-0.043630913
-1.8127017
-4.4746213
-1.0711228
-1.1108409
-1.4341705
-4.2962275
-1.5553972
-0.5779842
-2.2755573
3.0868652
1.4682559
1.4775308
1.2036682
-0.008190177
1.6633521
1.3318721
-2.190663
-3.2884872
2.2276745
1.9478831
1.1729342
2.6180465
-0.23207581
1.8919017
0.005614035
-3.8727632
-0.30279234
0.76972425
0.4998771
0.005618483
0.47700202
1.2067065
-3.067839
4.770363
1.3704845
-2.3555381
-0.51371396
-1.0855311
-2.1925137
-0.27077767
0.25900108
0.37558848
1.7959572
-1.9538664
1.3191105
-0.7302542
2.6676514
0.19842845
-0.72128075
-2.8023112
2.197969
-2.0544055
1.4944477
-2.1698115
-1.1686991
-0.63635045
0.6267102
-2.384741
-0.7250866
1.559864
-1.5955559
-1.7091924
-1.4955698
0.8842692
1.0944808
3.2007818
-0.07251922
0.30822217
0.6568582
-0.6802589
1.0139512
-0.6191563
0.7981393
-1.1961691
0.63936853
-2.4908137
1.3884366
-2.0788643
-1.1631111
1.2042797
-2.196694
-1.2850718
-1.19903
1.6844202
3.9249344
1.0174508
2.3820877
0.2956584
-1.8023024
0.2845074
2.0900362
1.0071808
1.5670468
2.8236997
-5.315819
1.4667194
2.163538
-1.2611158
4.7012568
0.6790384
-1.4886849
-3.6221747
-0.82185
3.3973053
-3.9388843
-1.8214948
-0.9126886
-0.44373235
0.13052067
-2.0198176
3.2828405
3.0549676
-1.4859397
-0.5172416
1.1581421
0.5498485
0.6510612
-1.9164876
0.24691963
-2.0255358
1.3125501
-0.069968656
-0.04089307
0.38063112
0.5337183
-0.38672215
-2.102814
-0.3599292
-1.3553822
-1.0560826
1.1257437
-2.4250531
-3.0512583
-1.5580885
2.420055
0.5684998
0.15335268
1.0098948
-5.019935
1.1755651
0.50253123
-0.1994241
-1.734971
-1.6825492
1.288885
-1.7763375
0.8517573
-0.9094751
2.4935799
3.3122766
2.0043802
2.7214618
0.5043018
1.8472171
1.9058654
-1.7580096
-0.12704101
-1.0071986
-2.407285
-3.6103878
0.67780054
-1.5696986
-1.0787969
3.2866998
-2.592609
2.1803038
2.9586806
-0.75072986
-0.20356318
-1.7122108
-0.6904607
0.9844191
1.5204239
-1.6964989
-0.7767764
1.0729426
0.14496577
0.8255547
4.018427
1.5604761
-0.04548209
-3.107816
-2.2540936
0.82527894
-0.19976546
-2.3554251
0.45167294
0.08680703
1.9958458
1.7558078
2.5772102
-2.94277
-0.42992768
0.6472849
-1.2634755
-0.0123671815
0.6882222
-1.1011094
2.0312018
-0.43477193
-0.23945941
-1.1238604
-1.0945823
1.0716102
-2.2921028
0.23614183
-1.3984959
-0.120277144
0.9050434
-0.6515557
-0.49234998
-1.023083
2.532056
-0.7785664
-1.2427295
3.0491562
-5.548827
-3.0851264
-2.5089478
0.89660406
-0.9258867
0.14055875
2.717671
2.2136397
-1.8759487
-1.1137938
-1.4311134
-0.4480157
1.1211778
-0.9922775
-0.047918275
2.0762782
2.1631217
-0.16118604
-0.43731582
-1.6477811
-0.31239098
-0.92313516
-1.2080097
1.4716768
-1.5883439
1.8342718
1.293655
0.5972544
2.379783
-1.8758452
0.7603376
0.5897799
-1.1814997
0.51951814
0.72048134
0.1860334
-1.5855956
1.6149712
1.378957
2.102494
1.0275028
-2.4404802
1.0236051
1.6936246
-0.6746327
-0.5372564
0.35709682
-1.7189217
-2.9655683
1.6645863
0.6035932
-2.3012283
0.110113226
2.018386
-1.9680661
-3.4484491
0.284574
2.1984532
-1.9304106
1.0942687
-3.0549061
-2.5636547
-2.6221726
-0.9078655
-0.21973816
3.2042217
1.5112405
-0.36754113
-1.0186954
1.7433158
0.63066715
-3.56998
0.1249854
2.3659039
1.7349553
-0.86464727
0.6656558
2.3549027
-0.012303151
1.4726123
-2.1110554
1.3918538
2.3242304
-0.8991799
-0.018568903
0.2142803
-0.69635195
4.221092
-0.3755086
1.4925272
-2.2952998
-0.09253704
-2.3667765
0.74940825
-0.9271314
-1.4875199
-0.5738256
-0.74854285
-0.691479
-0.5636961
-0.8493116
1.2735909
-2.5670686
0.5787003
3.6295855
2.322823
1.8089063
0.23659381
-0.27817914
-1.1389627
0.38572317
-1.4751751
0.6688799
0.048323534
0.08974232
1.0449853
0.3658228
-1.417952
2.0469208
1.185578
2.8105004
0.1298143
0.29845136
-1.875816
0.78340524
-2.3381834
1.6828493
3.7021863
3.1528883
0.08443027
1.6884698
-0.56598216
-3.2392173
-0.06244438
-1.3283681
4.4950857
-1.5132815
-0.987998
1.8589174
0.5314911
1.0927231
1.8449956
-0.081474625
-2.0939217
-1.834497
1.6363134
3.8495405
0.03229867
1.7303138
-4.136487
1.6511612
2.206583
-2.066459
4.2957582
1.4489076
-2.03819
0.5100811
-0.22828412
1.9307258
3.9850612
1.7775232
1.2624174
2.7943907
-0.37057328
-1.8505661
0.010874182
2.666661
0.24303079
-3.7062092
1.9536456
-1.5396386
-2.413299
2.7704372
1.3954903
1.7009135
-0.018510535
-3.665141
-2.0386355
0.7425255
2.427337
1.3615141
1.0715024
0.5554048
1.1333108
-1.0670687
0.29024512
-2.3410432
4.1282525
-0.14513603
1.7024355
-0.47288415
-2.69838
1.9046028
0.014820892
-2.7238727
-1.7797242
-2.4230773
3.3375344
3.9785123
0.2419801
-0.6799908
3.1054661
-2.0088122
3.0969145
-2.7413306
-1.3211188
-1.44981
-0.42644295
0.07453901
2.374459
3.806778
1.1232402
4.566565
1.3699604
1.1020215
-0.745225
-1.9425855
-0.5344253
-1.7081794
1.031988
0.578739
1.6941353
-3.3396857
0.87804264
2.9728312
-1.4899298
-4.3263116
1.080045
-0.2736605
1.5886512
-0.7626445
-1.2454278
0.356305
1.3694568
-1.7595571
-0.045745134
-0.07899673
0.09898102
-0.44730836
2.5203757
1.0504247
1.0655214
1.2603145
-1.190533
1.0634687
-0.6972542
1.3824111
-0.88685685
-2.490582
3.1691918