Ceatica
2
0.92763996
-2.408042
-0.481074
-0.95193434
-1.5225662
-0.6785868
0.58775395
3.718496
-0.09398382
-0.7593741
0.3593221
-1.5134798
0.5721362
0.59422016
-0.3241152
2.0082603
1.2941115
1.618792
-1.03047
0.40136218
0.23044556
0.2435446
-0.2001119
1.2891387
0.2926399
-0.17526677
-0.48288816
-0.00057483464
2.0133836
-1.0843786
-0.42181665
1.5890355
0.58045805
0.6127091
4.560747
-2.7440352
3.5180912
0.12376202
-1.0123289
-0.2414816
-2.989655
-1.2251729
-1.0943857
2.8194516
-3.1148467
0.4009612
-0.40526408
3.0497696
1.5889609
0.31363857
1.1433959
-0.956262
-2.9861367
1.1504
1.8767345
-0.0019919984
0.9402471
0.5818256
-1.4134231
0.34848374
2.3464172
-0.8195885
1.9957438
1.6861073
-2.3641582
3.7954972
-2.3266983
1.0429502
-3.2546866
-0.82887334
-0.8729273
-1.2815694
-1.4696904
0.2786957
-3.8561208
0.040467322
3.0235186
1.3007813
0.037812095
5.089073
-0.016938448
-2.9626038
0.75187296
1.8198493
-3.371229
1.4092634
1.9523594
-2.0678592
0.62819636
-0.807942
-1.6463892
-0.481026
-0.7190346
0.6592365
1.1778882
-1.5312719
-4.422271
2.0310698
-3.9879427
-0.67246014
0.39346933
2.4322116
-1.7739112
-1.0050536
-2.0621161
0.4813469
-1.5133975
0.5589621
0.45799896
2.9713216
2.0471518
1.6798258
1.4773979
-0.5692123
-3.7400937
0.10747503
-0.93089
4.32535
2.8830366
2.4105482
2.0905273
-1.0720258
2.0205073
-1.31863
-0.5151934
0.2871538
1.1088101
5.119562
-1.3094368
-1.0216652
-0.5469134
0.73967373
0.6764966
-0.77797204
1.4669673
1.0896959
-3.0798323
0.7658299
0.3805031
-2.9445946
1.5848166
2.3449497
0.80510545
-1.3827987
-0.6560879
0.8096795
-0.77847147
2.016017
-2.3045218
-2.1721947
-6.0147014
-1.4936225
-1.312028
0.22784108
-3.351581
1.186231
-0.09374484
0.8644739
3.6864157
-1.1147535
0.53978044
-0.28742456
-0.9059267
1.1247743
-3.4619918
2.2301083
-0.8098903
-2.074798
0.60885006
-4.5361176
-4.448146
2.2125506
-1.2002099
-3.0830536
0.78532463
-3.6044214
-1.5944022
0.5299642
-0.21529059
-0.6485658
0.44834027
0.59316224
2.3726864
-0.8791894
-0.61071855
-0.83670586
1.5224143
-6.254342
-0.55731064
-1.0374733
-2.914839
0.34314877
-1.3189865
4.135952
-2.344509
-0.1817147
0.7774572
-2.6051016
-0.87156326
2.5662405
-1.6606064
-1.0599275
3.1486945
-2.453104
0.5800697
1.614567
-3.4513383
-0.05147139
-1.8876184
3.1111739
-2.8414772
-0.68061334
-0.8202637
0.50954413
-3.6519082
1.9238032
-0.9009714
-0.13143118
-2.9466026
-0.6625965
-3.1097064
-1.1729293
-0.46302298
2.3646317
1.7485152
0.15881431
3.3504217
0.24020182
2.5056508
-1.9066137
0.14822716
1.6635022
2.3995163
-1.6843511
1.6075171
2.7467647
1.5250988
0.9644575
-0.13369122
-0.18522605
-1.1063534
0.5122869
-2.7308035
2.064288
-2.8033304
6.1415405
3.3639073
0.72749865
2.8467743
0.05311706
0.9985972
-1.7818469
-2.4021719
-0.50251913
1.3175939
-0.54408354
-2.7553768
1.8864275
0.23282737
-4.7804
-0.5592432
3.5417287
2.7609084
0.70236397
3.2555957
-1.0034455
-1.1268055
-2.178176
-0.102675
1.5900127
-1.0923002
-0.8904396
4.08125
1.4751613
3.953117
3.5628135
-0.036144666
-0.083104424
-1.7410703
2.0754063
-6.570393
-3.080994
-0.15703063
2.6228495
-0.80296326
0.6496216
0.7404995
-1.6710023
0.3911269
1.3215744
0.15121883
-0.81088066
0.212117
-1.8705722
2.0833266
-0.3813857
-2.2896762
3.6316955
3.6347454
2.4078088
0.034460217
1.5819751
-1.2998251
2.8111117
1.4154056
1.466405
0.9904809
-1.5980805
-2.5654366
-1.4496734
0.93594056
-1.4082493
2.9017596
0.28816313
1.5700682
-0.7217774
0.96068907
0.20018461
2.2982435
3.117198
1.5107069
-0.75221276
-0.97442776
0.85822946
3.3864105
-0.26215005
1.8204217
1.9812853
-1.4562509
-1.6444745
0.73683965
-1.709351
0.98687136
-0.02327454
1.7786049
-1.2946849
0.9992539
0.5323454
-1.4177573
-0.5423114
3.5386438
3.3454077
0.66545165
1.590806
-4.7360024
1.6605575
3.0260994
3.2416773
0.595967
-1.1700472
-2.0399728
-1.790125
-1.5717868
0.7966669
-1.2710465
1.2470036
-2.2264714
3.399274
0.070981994
-1.6977512
-2.089568
3.403152
1.3290708
2.1375632
0.74932235
-2.0832512
1.4751383
-3.0953336
0.8852379
1.3189269
2.0451415
1.641084
2.4682882
0.37109578
1.1027963
0.090229794
1.3771235
0.28759733
0.23882556
0.91374946
-1.5039564
2.3545535
2.0150857
1.3044595
-0.67836905
0.89080113
0.9691841
-0.8493895
2.3772438
0.014537141
-0.13932814
-0.06680436
1.3963078
0.07382228
0.28600696
2.3701797
-1.8467178
2.2855046
0.900355
-2.8206758
0.11950889
2.1651652
-0.68803555
-2.2731829
0.35934967
0.39611545
1.2944659
0.8061655
0.14882402
-0.00096368045
3.6643782
-2.016875
4.374419
4.636568
1.1068616
1.2066649
-0.99020183
3.3572857
3.404738
-0.94634223
-0.28474322
-1.3373991
-0.9170095
0.54821587
2.9932163
3.4570894
-0.20949063
-1.8407382
3.5806172
0.17336121
-0.81816965
-2.7033036
0.328292
1.2224087
-4.2286434
5.550521
0.541162
4.140135
0.33705255
-2.6036503
-0.12299522
-2.1172733
-1.2910584
-1.5223308
-0.31403393
1.8693558
3.339977
-0.7112375
0.34330806
1.1489751
0.3892648
0.89741695
-0.12003337
0.9601151
1.0657834
0.09507667
-1.0685134
3.5352166
-3.7128026
0.5043598
0.031211324
0.37620524
-0.7808432
0.39137676
-1.4420226
0.66346604
1.5191575
-0.4530837
0.95414823
-1.7281212
2.1092992
-2.1852694
-0.38693693
-2.6946712
-1.634887
1.0561143
-1.8177345
0.057720564
-1.5300041
1.5061171
-0.14261176
1.2838165
4.96287
-0.9559875
1.0276699
0.32925552
0.20069042
-2.166731
0.6298278
0.10376677
0.4441151
6.171303
-1.0579537
1.0800467
0.06169802
2.200217
0.74284416
1.7991962
-2.536953
-3.7165763
1.6516134
2.719697
-0.4228616
0.45461795
-0.9887917
3.1576374
-1.2658579
0.78945124
1.3091273
-3.6483824
0.99995893
0.551973
2.376995
-0.058339775
-2.222314
-1.7209771
-2.7084754
1.1800607
-0.5317035
-0.4165391
-1.3165971
2.4487872
0.69811743
-0.84374535
-1.4420947
2.7782562
-1.0136029
2.3787339
2.5630033
-0.16471171
-0.6881685
-1.6084676
-0.33982742
-0.48199552
1.4333045
-0.80080616
-1.5073031
-0.4617118
0.45041528
-0.55728
-2.0103154
-1.6783409
-1.2412764
0.8796837
4.454191
-1.4283649
2.892513
2.611556
-0.47282743
2.4748495
-0.043504454
-4.539519
1.7869775
-2.433303
1.1634514
0.5358064
-1.7935709
-0.861055
-0.29480207
-0.99754393
-0.54941016
-0.39196208
0.9265634
-0.042471975
-4.0178375
1.5374955
-1.4011279
0.30039525
-0.7886244
0.26764312
-2.5929193
-2.935323
0.21637958
1.3620383
2.800073
0.38665158
0.30348238
-2.8255022
3.71581
0.11420939
-3.9351287
2.4616737
-0.2746987
-0.39601013
-1.6787566
1.5880086
0.6195571
1.0359572
0.36006013
5.5195427
-3.5866628
-0.2808383
1.6734424
-3.6050563
0.02807299
0.22047012
0.58602446
1.2441322
-1.7478892
0.6661101
-1.6932198
0.15756175
-2.5846176
0.07696413
0.79535395
1.7411808
2.2169657
2.055838
-2.2769005
1.646112
-2.1231964
-0.017721042
-1.5685191
-0.021021008
-0.6690358
0.1570814
2.129988
-4.4709435
0.9911716
-1.0771301
-1.1604819
-0.8525521
1.3740582
-1.2218292
1.2730718
-1.7544216
3.8171983
0.75994605
-0.24957092
-0.7117874
1.6651438
2.9332578
2.469433
0.46758795
1.2624841
-0.7139773
2.3134494
-2.699126
-1.6817824
-0.93505234
-1.1579083
2.8542237
1.052338
-2.6341848
-0.07448782
-0.02619578
2.1511781
-0.47542483
1.0353483
2.8282256
1.3149793
2.3102376
-1.5631632
-0.060281105
-2.9945447
2.1437593
1.5282195
0.22393346
-0.66779286
0.51276034
-0.24541438
1.1115603
1.2677561
-3.221495
-2.2606242
0.29112536
-1.460673
-0.9273358
-2.7970402
0.2786468
-2.208711
1.0012178
2.3920703
1.19199
2.1765807
-0.3930896
-0.8321849
-4.1543055
-0.37023032
-0.29822293
4.1741185
-2.3157794
4.207725
-1.5640283
1.6877233
0.56382483
-1.6056391
1.9344236
1.2650682
-1.4028263
1.9259975
-0.4854502
-0.5700429
4.391487
-0.3269341
-3.820696
-1.6800823
-1.3556317
-1.7460523
-0.45963204
-1.5718814
0.4467162
0.5209612
-1.5034631
-4.20551
3.1306732
-0.6302018
2.2350283
-1.4247067
-2.3336282
2.5691085
0.8717745
0.8746503
1.8300143
0.31192833
2.5796728
-0.5934965
1.0417036
0.297714
-0.3745564
-0.78415287
0.959444
2.7450693
1.7626622
1.5181596
-2.2742043
-2.0407922
-0.7594821
-1.1924733
-2.329884
-0.44542918
1.3516098
-1.3752838
-0.82769316
2.7733939
0.57422256
-0.010590084
-2.002122
-0.14547428
-0.4874323
0.09651088
-0.57211673
3.374646
0.14600089
0.6897784
1.5721382
2.44165
3.876207
3.2084837
-2.45658
2.9765372
0.6336701
4.51605
-1.2712158
0.34056023
1.4732742
-0.9103673
-0.206007
-0.77220523
2.4497952
-1.2200682
-0.12525351
2.4547014
1.0968379
-4.0546064
1.5795573
1.4882108
0.8062355
0.2669548
-2.3548944
-2.0186448
-4.185183
-0.692277
-4.007842
1.0281926
0.08027846
-1.6355602
-2.061815
0.8366165
1.6302822
-0.3551649
-1.6192206
-2.0910192
-2.0505865
-3.0869358
2.966336
-1.6412803
1.6195817
1.2209995
-0.51546395
-1.8879359
-0.5574362
-0.5162689
-2.047068
1.1499476
2.0846343
-1.5755564
0.31224918
0.67627865
-1.9332113
-1.145036
-3.2335522
0.5608952
-2.6897326
-1.2317814
2.119188
1.3838049
-0.57468724
1.7512076
0.17987335
-1.0924671
1.5180919
-0.9553166
-0.89069396
0.050048742
0.1439574
1.9153451
-3.1939855
-2.5587177
-3.566539
-0.4093535
-0.61605364
-0.51602346
1.6449828
0.44279516
0.08191396
4.2340894
-1.999723
0.044436723
-1.0659499
1.4629097
1.1250899
1.5701983
2.5176177
1.503705
-4.364845
-1.5470994
1.4805819
1.0852519
-0.97128665
1.4802462
-1.2246131
-0.18239138
-1.6053287
-2.4926627
-0.30982345
-1.4438558
2.0370317
0.23319286
-1.0401243
1.3902166
1.4778451
-2.8147385
-1.5472924
1.0224233
1.4191309
-0.5096618
-0.79582334
0.5463099
2.9710243
-3.4350178
-1.8164709
2.8676324
-1.8114967
-1.4146056
-1.6435722
0.23432136
3.3202224
0.73971874
0.6917129
-0.26187494
0.7088375
3.1245928
0.8029584
-2.2200634
2.234728
-2.2423823
1.5270854
0.8171394
-1.997946
-2.3669977
2.4516978
0.7372895
0.70565367
-1.3348012
-1.8535306
2.248672
-0.5609999
-0.110315695
-2.3477657
-0.55986273
0.71285194
-2.579854
1.898671
1.491654
2.3620338
-0.007298775
-1.3452216
-1.6108928
0.078963816
4.1177406
1.5371201
-5.3457923
-4.128873
-2.233185
-0.25353158
-1.3327692
2.1595082
-0.28285488
0.45571277
2.067499
0.72928846
0.45164734
-0.29246062
-3.724126
-0.26523027
-2.1961517
0.10779256
-0.054776862
0.45352158
0.64766014
-1.0766191
-2.91758
-2.0406737
3.2991536
2.373201
-1.230447
-1.0568256
1.184854
-3.0574658
0.71093935
1.8589998
0.63145816
-1.6536798
3.0919888
2.844196
-2.3414967
2.2584004
-1.7294619
3.2234097
-2.8681252
-0.6785154
1.9392622
-2.3060853
-0.59817123
3.6925766
2.2213354
0.7179303
0.40600082
0.45397073
-2.2822065
-0.21327704
-0.94776845
-0.6399676
-1.496791
-2.5484805
-0.37082267
4.0968037
1.49735
0.2819204
0.5255177
1.0801295
-0.46338123
-0.22742212
-1.3241867
-1.4917854
-0.73226345
-2.913286
1.4763863
-2.4169147
1.0774176
2.1473672
-0.45437208
4.4710007
-1.9275432
0.11004247
-0.1868903
-2.1875603
1.2387749
-2.8863728
1.079446
0.22062647
0.09008156
-1.7348282
0.48237032
-3.5435052
-0.98982716
-1.0861642
1.3863679
1.5743216
-0.34479243
3.1172369
0.92898715
2.0079892
1.0879956
4.2291665
-0.78398174
-1.6017652
2.0496178
-2.1966536
-0.24767159
-1.1414914
0.18865013
1.3355218
0.3115587
3.6662025
-0.599634
1.7756213
-0.29851648
-2.6655586
2.2513874
-0.5593159
-1.6719186
1.8215266
-1.349749
0.08446298
-1.3917668
0.9004547
-0.6978199
-1.5865434
0.86085445
-0.14616749
-2.7858977
-1.2971277
-1.0698416
0.43508407
1.3860099
2.3788157
-0.9606604
0.29661343
-2.2161052
1.3458194
-2.0992723
1.0605557
1.9513205
-2.0725584
0.19622283
1.1596202
0.35200083
-1.9291443
-3.2401688
2.965049
3.0912218
0.5189092
-0.05630652
-1.2177311
0.86871266
1.6750677
-2.5569777
1.0095067
0.57329404
-0.08553075
-0.773101
-2.3902223
-3.8901396
2.6407535
-0.6490784
-0.66868174
2.6227117
-0.5598533
-0.7151159
-1.8313663
1.3707592
0.5176872
-1.1407006
1.6312033
-3.5321612
0.13932028
-0.6922882
-1.9467566
4.692413
0.35803688
-0.4924674
-0.79812384
0.6499054
-1.1752009
2.0057313
2.0001757
-1.1646824
0.5590809
0.9023108
1.1082178
0.41386962
2.8472133
-0.5061295
-4.61333
-2.400057
-1.1211773
-0.7837973
1.586742
-1.9963924
-0.30529875
-2.4134173
-0.15406123
-1.112646
0.10774635
-0.11916806
-1.4807706
0.1683847
-0.14250964
-3.126329
0.20816654
2.10085
2.6688738
-0.97270536
-2.4424293
-0.10827661
-0.8690243
0.11388814
-3.9667294
-1.2485263
1.1174247
-2.4932826
-0.42313543
0.27097508
-1.4029462
-3.2282906
2.284591
1.6564674
-4.365906
1.0516912
-0.37974483
-2.019317
1.7948028
3.4115126
-2.6529922
2.116706
1.222688
-2.5745747
1.5773556
3.468438
0.42312846
2.7991674
2.206363
-1.9637753
0.6183148
3.6237757
0.26889333
-1.3900878
3.3909028
2.2991278
3.4075112
1.4216524
2.030276
-1.6965832
-2.866385
-1.1701167
2.1074252
-3.5198917
-0.23191309
-0.0689495
0.9342466
2.3390303
3.8465543
-2.4308736
-1.5207254
-1.9665457
0.6412991
3.3559773
1.9015775
-1.2287992
-3.7786632
-2.3764153
0.60914016
1.0045038
0.43685383
-2.3435547
0.16033013
-0.8728936
-0.4191125
-0.00663314
2.9477718
-1.4408758
-0.46593562
-0.97033745
4.6980824
-2.701545
-0.4705871
2.2390044
3.7994168
-1.0949283
-0.035917617
-0.13941537
0.44757417
1.8123821
-0.43598408
-0.14097807
0.5721325
-2.132556
-0.06851575
1.1675607
-1.9895533
-2.7014725
-0.8101781
0.1000553
-2.273134
1.773473
0.043472663
1.2262415
1.2431933
0.5718435
1.1960964
1.103309
1.9447899
1.106167
0.48817694
0.3930138
2.4174402
3.048314
-2.1101272
1.1670028
-1.0063647
-0.10809575
2.0965965
1.7768567
-1.2996858
0.48366684
0.8274874
-0.3830194
-0.14334786
0.7849516
-0.29171148
-1.5479269
-3.3210366
2.0623162
-1.0568976
1.0707076
3.188762
0.21726161
1.7624214
3.08681
-0.024906684
-1.0778313
-1.2425027
0.512502
-1.2563871
-1.1068484
0.8889566
2.8180578
-0.31991652
-1.0358807
3.3651292
-2.5176466
0.9695079
-0.94639844
-4.340662
0.2626368
1.1212627
-3.0534983
1.2949512
-1.1080685
4.458648
0.7913202
-2.2227724
-6.240358
0.7299581
0.31145304
-2.1829379
-1.2222773
-0.8035958
0.23921086
-1.8766207
2.9420261
0.123678826
-0.016815566
0.3336374
-1.0142871
-0.5060692
-0.3225912
0.57795966
1.4642082
0.023711711
-5.609801
4.205328
0.97584486
-2.6888194
1.6422238
-1.4286124
-1.9421983
1.7235568
0.21367055
0.8992504
1.4155113
0.3504408
-3.2502077
-0.47717345
0.30359417
1.5984226
-0.26170433
2.6505632
-1.1427537
-2.1798275
-2.176937
0.6768852
-0.35732108
-0.13462096
-1.1332017
2.4151714
-4.354051
1.3245169
-0.046852555
0.7394245
2.5062625
-0.95276934
1.8854221
0.68980736
-2.9545221
4.5923514
2.3936136
-2.3180146
0.3536207
-5.9344673
0.2426046
-1.9529413
-2.6249573
-1.0220778
-0.65151036
0.48015702
0.9462239
-1.5121443
-0.40662092
0.7457087
-0.94790894
-1.609001
-1.2949922
-0.15431175
-0.28671205
0.7930868
-4.114277
-1.1412631
0.35007244
-1.6354499
-2.6801114
1.9660879
2.4154823
1.1166738
-2.026623
-1.39018
1.0030599
0.4549176
-1.1410228
-0.040245272
4.428711
4.5400424
-0.55487007
0.87494856
-2.4189062
3.077867
0.89324415
-0.71844935
-2.449533
0.23423952
-6.3947234
-1.3755138
0.35857213
0.20395932
0.20780164
-0.11567161
-1.6145805
1.7784231
-0.3461152
0.6580806
-2.5654657
0.12531397
3.1468217
0.4245077
0.18056014
-0.24655184
1.7062199
0.69076496
0.9486481
-0.89567256
1.7021097
-1.9178487
1.3923455
-4.004546
1.0312502
1.4793723
1.5841295
-1.8904989
-1.5412427
-0.7850182
-0.25411117
1.0359591
-0.62333155
0.37797707
-0.64582723
-0.20647487
0.22517231
-1.1671798
-2.9091566
-3.6888099
-2.1265118
2.4242234
-1.0143822
2.5569298
-0.09803361
0.26191854
0.7206364
-1.9496638
0.44914186
1.0943046
0.9034179
0.7301551
0.37952694
3.145343
-0.55361867
1.9834411
-0.22623657
-1.5975931
-0.7524092
-2.4874585
-0.33239478
-1.3886453
-1.4704115
-1.5846721
-0.30818796
1.4485263
-0.097510755
-2.661661
-2.6742198
1.6763526
1.7825571
0.1095051
1.2485778
0.79094744
0.17231809
-2.4124029
-0.5686404
3.3356676
-1.7819612
1.1858923
4.4490423
-2.692425
0.2995863
-2.0642152
-2.253851
1.0642748
1.945312
0.0762692
-1.0208046
-1.5376194
3.6266785
0.77246803
1.1000793
-2.443504
-0.912614
1.0735207
-0.8902293
2.2804327
-1.1498166
-0.6678999
0.9335854
0.37662643
-1.4344323
-3.778567
-0.98739207
1.7907268
2.7581358
0.09638104
1.1217586
-1.7630783
2.339064
0.8659461
-3.9497166
-0.06357691
4.4851394
-0.34254232
0.039711103
0.84371066
2.19224
0.96363026
0.5468866
-0.13073227
-0.50230306
0.12508667
-0.9090881
-1.6866989
-1.3511003
-1.431544
-1.2728081
-0.10068355
0.49082184
1.9457483
-4.618379
-2.3568897
-1.222688
-1.1000376
3.2945538
1.5447785
-2.0695896
-4.92031
0.40608692
0.034983203
-1.5026475
2.9569697
0.11554894
2.336769
1.5091211
-2.8737807
5.699868
-0.1327897
0.060605697
3.374184
0.3206324
2.7779713
0.7532406
-1.6513335
0.7758648
3.4277246
0.8765108
1.2278304
-0.31990954
-3.0062473
1.7803661
-0.9770381
-0.5639631
1.7100521
-0.3065729
-2.533498
-0.9927896
-0.047303967
-1.5725437
1.4094089
1.1710584
-0.783587
-2.1730583
-0.33991036
-0.53875583
3.5391746
2.2217937
-2.914947
0.038167402
-0.5775353
2.8200686
2.6349654
-2.6939921
1.1763692
2.5647445
-2.1878893
-2.9737744
-2.2772844
-4.787849
-0.44301292
1.3590385
-1.5026124
0.58090353
3.212166
0.27636892
-1.4098442
-1.746163
0.89402914
-2.688126
2.5494332
1.7040335
-2.3877273
-0.30733263
0.49671963
2.2490625
-0.117308676
-1.5206882
1.4082984
2.157287
-1.1388491
1.5004759
1.4772569
1.985401
-3.6602674
-3.584621
2.5438297
1.8762662
3.9514546
-2.7439697
-1.2930453
-1.3992245
0.39664268
-0.073252104
1.4596963
-0.5121283
-0.9653888
-0.6417148
0.3009924
3.9697385
0.2566784
0.35359505
-1.2965287
-0.7987383
1.9165329
-0.48102754
1.0591905
-4.6275086
2.034225
1.1927744
1.4007534
1.0403332
0.9828827
-0.13974798
2.9602022
-0.52173185
1.3357115
0.77468663
-0.03449902
0.5345237
-0.4804252
2.2306242
1.3180319
-3.0776608
1.8122696
-2.9414935
-1.2111465
2.5908852
-0.2416676
2.6227324
-0.81319207
0.55340934
1.0900823
2.7992773
-0.3823864
-1.9981925
-1.5076606
-2.4385152
1.0865455
-3.7284625
-0.5314883
1.4964969
3.9572031
1.6302795
-2.7139971
-0.0054463893
1.3124927
-0.28131232
-1.040881
0.2950118
1.2027605
5.004561
1.6554857
3.52077
1.4884228
-2.6398993
-0.10698784
1.5941296
-0.24564207
2.2549646
0.09069999
2.905799
0.2925589
0.8004305
-2.2231956
1.8484105
-1.7061007
-4.0615783
-2.1711714
-0.9123764
-0.24165341
1.04574
2.1161091
1.1624289
-0.9567533
-1.1411579
0.10529694
-0.8701425
0.6999218
-3.1108828
-0.64716834
3.1992233
0.420377
1.4271482
-0.17113665
-1.9863608
-0.29632965
-1.1476825
2.7448087
-2.5235987
1.9918853
1.4412096
-1.7564852
0.10988628
0.738198
1.9923271
0.4118884
0.83795583
-0.19784465
-0.5094734
1.0469674
0.39184076
-1.4937494
-0.4699625
2.9734037
2.1531396
-4.1443725
1.9052043
1.2720789
-0.35868037
2.2689366
1.5036737
2.8155947
2.2410321
-0.5345716
0.04228922
0.5763569
0.40004176
-0.9030115
-0.892677
0.6026461
-1.1046404
-1.3534951
-0.76509917
0.27081314
3.1050038
1.0605036
-1.0959738
2.5519094
-1.6291596
1.2376796
-2.6631293
0.48194575
0.56880844
-2.3722832
0.3832949
-1.7181132
-1.878673
-4.9187675
1.1029856
-0.78928393
0.46577898
-0.47117054
1.1215466
-1.6657461
-0.24923286
0.81256384
3.5882475
-1.3109772
-0.7902894
1.5535504
-1.4108332
0.121624164
-0.37566394
-0.9457049
-2.9230773
1.6990538
-1.7044404
-0.49426
-0.27826047
-1.3743325
2.096471
-0.5233535
-3.8781521
-0.85028523
1.7634931
-0.77045095
-0.9124801
3.361175
0.9863295
4.2490945
3.4227679
-0.41889232
-0.15925552
-2.3059077
-3.1917715
1.1193211
-0.6943151
2.0480933
0.93950266
-2.595911
0.8614694
-0.9041419
-3.0344257
1.0975311
-1.8540865
1.7874112
-0.5653648
0.118627906
-2.6719377
-0.5987226
-2.473419
2.225426
0.2886281
-3.1979978
-2.1935866
1.9408062
-3.2886732
2.6811826
-0.24180827
-3.662844
0.27334538
0.9093388
1.3369222
3.5554974
1.5629077
0.5270796
0.28636035
1.2477224
2.7074764
-0.9143068
-3.8233492
0.22321905
0.4690607
-0.012896188
1.3727652
1.388143
0.48516873
2.2365797
1.7738974
-1.0705023
2.9243357
3.3116996
1.1957806
-1.1916482
-0.1906863
-2.3507485
-0.016996577
0.09573864
3.9355073
1.414431
-4.7668076
3.0662258
-0.94348025
-0.97332096
1.3416644
-1.8637674
1.4711627
0.25384963
-1.342262
-0.25280297
-2.263432
-1.506695
1.7793418
-0.040906027
0.4954583
0.21414138
2.739493
-0.78272855
-0.50354856
-1.5458105
-0.6387704
-1.5824286
-2.7796223
0.2407045
-0.048594624
3.8462274
-1.3656056
-2.7003121
-1.0207992
-1.6094509
0.8603145
0.05353
0.011883788
-2.173872
2.9052873
1.1867117
-0.39000612
-1.2091697
-1.6107485
3.8612058
1.0796473
-1.9052373
-1.9470448
-0.8329672
1.4802111
-1.6231618
-0.3942049
-1.3044969
2.1073174
-0.67152876
2.6086013
-4.3561144
-1.8836704
-1.092384
0.6646157
-1.239902
-1.6064906
-1.3161868
2.7589903
3.1845338
0.16984735
-1.2721816
0.745194
-2.1537218
3.2582128
-0.17889814
0.50540113
1.5474372
0.07997499
2.518057
0.5419505
2.49706
-2.6737838
-1.5973037
-2.5470436
0.3922364
-1.8064245
0.4210901
-1.5246521
0.0028618574
1.1267536
0.41788802
0.12910748
2.7854009
0.08562144
-1.3741381
-2.4789078
0.27357098
-2.4505575
1.2825421
-1.3323927
1.929993
3.0150316
0.4580952
-1.5734147
1.036322
0.55282474
1.6913567
1.3226496
0.60175246
-2.156921
1.8664826
-2.5464482
0.24221134
0.07529202
0.29055515
2.1378963
-1.5353867
0.9404672
-2.1938715
2.217786
6.8645654
3.110511
-0.32702315
1.4285744
-0.73642457
0.079448484
2.3202765
-0.48560745
-1.8906925
-0.99877894
-1.2851638
-0.49641767
0.6756851
-1.6445409
-2.3785233
-0.094024464
2.0152402
2.969648
0.77996665
-0.8276028
2.5171838
-2.9452455
-0.27327028
0.5482944
3.3534389
3.2552686
2.9399128
0.8582614
-0.3273283
2.5193307
0.2006379
1.7343153
-1.437051
-0.26642942
2.4282894
2.0330966
-1.02526
0.10732513
-1.0244721
0.68976057
-1.1044135
-1.6707646
-0.44195297
-0.78260523
0.83280456
0.05040579
-3.1525092
1.462183
-1.958628
-2.9688306
1.1382998
0.2800063
3.506828
-2.5917015
-1.6432183
-2.9691486
1.772268
1.8439026
1.075913
0.6073658
-0.06528152
0.363591
-0.20604429
0.92789793
0.6238888
-4.2355833
1.1451811
-3.6230853
-1.4803795
0.6731718
2.2514703
3.5719428
1.5672324
0.20144145
-0.85088164
3.4433296
4.4951997
-0.43428618
0.7034669
-0.37604305
-2.8385956
0.34657985
-1.8840826
0.0018873364
-0.620015
2.3914967
-0.9394771
-0.10950446
-3.5617049
1.0141423
3.1609778
0.7640872
3.8744822
1.1968448
1.3680859
0.33603066
-0.47251335
1.3286064
-1.8237752
0.31055334
0.88155913
-0.21856883
-1.480128
-1.2748187
-3.9442291
-0.6095411
1.0787766
-0.7205471
-2.117423
0.38571402
0.8605845
-1.9623487
-2.5730035
1.874099
-2.582024
-0.55095416
1.5653497
3.6749697
0.18061575
-2.2095897
0.7381829
-2.6016743
0.8780689
-2.023836
3.0171745
-2.8558602
1.7236681
-1.6188786
-0.26292822
1.4426726
-1.0911744
-0.49189168
1.9310488
0.3523116
3.5828547
0.21603227
0.09917475
0.15447628
-3.7796657
-3.054359
-2.1547155
0.5570549
2.0563552
-1.5700941
-2.8536634
4.2441316
-1.0067484
-1.3547633
0.14886025
1.2762656
-1.313586
-0.62561405
-1.3777921
-1.9091789
-0.67959344
-1.3472471
2.5494103
1.0919104
-1.9613128
-2.6564944
0.41384852
1.8473754
0.79894423
-1.3284366
2.6719322
0.046201672
3.3112345
0.6707578
-0.3836577
-0.63874185
-0.8954096
0.36342663
0.9387443
0.13624787
-2.2645812
-2.1628687
1.4638293
3.3503716
0.4782729
-1.3544408
-0.6893937
1.4609036
1.3805999
0.13695985
-0.03908532
-1.6112099
1.8562944
0.8555064
1.9134578
-1.5495783
-0.22949651
-0.0894641
4.1991134
4.532155
0.99532896
0.3534966
-1.6704574
2.9544456
-0.46165273
0.26578087
1.1511053
1.304719
-0.7544565
1.0438244
-4.1206646
2.0624502
-5.9345846
-0.1274899
2.0761642
0.45339623
-5.5154724
-0.025780596
-1.5847076
2.1381426
-1.8479018
-1.7818346
1.8552915
-1.9117103
-0.9050431
2.8732123
-4.883939
-3.2164075
0.0055692866
0.9855124
1.365394
-4.2539606
-0.14315808
-0.8093902
-0.9515153
2.9724464
0.8738949
-2.217129
-2.7642455
0.93750733
-2.1435597
1.471869
1.0662146
3.054586
1.4383177
3.0151856
-0.85229623
-0.70092165
-1.6251376
-1.0265933
3.564735
-0.44346514
0.35224712
-0.26239538
1.644537
-0.237427
0.89332175
-0.2573586
3.1242955
2.7038195
-3.3839736
-1.150693
-0.9920873
0.5617863
-0.89559746
-1.2267857
0.7682082
-1.3034043
3.3821087
0.6415332
1.3815631
1.4919355
-1.687827
-1.1804985
2.6401403
0.5002533
0.043977864
-3.8763967
-1.7121845
0.6748567
3.9934614
-1.3761085
-1.5801953
0.38309103
-0.6573579
-2.0758805
1.5022131
-1.2605008
0.13439804
2.9098291
-1.465092
-2.5311298
-0.02856939
-1.2027603
-0.4116894
-0.31803906
1.8326905
-0.42307076
0.09767133
0.8463394
2.1039052
2.5348594
-1.5296996
3.5448327
2.4153001
-0.41467863
0.48099136
1.1487405
1.0955526
-1.2812985
-0.7612768
1.5771006
2.219434
-1.6734768
2.7284544
-4.530627
2.0923305
-1.6615105
1.7814586
-2.3983874
3.4119077
-1.6883298
-0.7592617
1.5270472
2.2785354
-0.8877127
-0.15642503
2.4350166
0.61669946
0.940725
-0.5915292
2.6381307
0.16556135
-1.2094281
-3.0225573
1.743256
1.0180662
-0.858622
-0.12108931
0.16619104
-0.32857537
-1.2955939
-2.2083125
-1.9296097
2.7976458
1.7100323
0.7814304
-0.28198907
-0.3344428
2.7287378
0.28278762
0.0228509
1.4460689
2.3116074
0.41409513
0.8332224
-1.6708529
1.0122916
-3.9090183
2.5721195
-1.5949926
-0.12565574
0.99857765
1.3866699
0.77034
-1.8637038
1.3443267
0.5002566
-1.043079
-2.609076
0.1370018
-0.81923693
-1.0594335
0.21183518
0.14228645
-0.29198393
-0.8176857
-1.9135199
-3.499125
0.2683971
-2.55198
5.342545
0.38749295
2.875022
-1.2474761
0.14642747
-0.08984081
-2.7038884
-0.32968122
0.20589742
-0.07624524
1.983418
0.12039992
-3.8017685
-4.1552963
2.0118601
3.6308608
-1.1080874
2.862665
1.8354102
0.5686879
-1.2478275
1.8156861
-2.8193343
-0.87322915
1.6484345
0.0143726915
-0.9333847
1.9892781
1.4033924
-0.4747462
-1.2061845
-1.7333452
-2.806291
5.7667184
-0.8616873
0.09217198
-0.49135113
-1.3724693
1.0937507
-3.4715683
1.990146
0.20673774
0.8069828
3.3667543
-2.64192
2.8979335
0.27531204
1.2023112
-1.428913
-1.1810647
2.3822765
0.6919293
0.27029938
-4.2981877
0.8812346
-1.1497135
1.8287039
-0.9349378
0.9939667
1.4688225
-3.5756955
0.97791874
-1.0655736
-1.1606619
0.89413416
-0.25202188
0.93869746
2.3725111
0.4563997
-4.6019244
-2.941934
1.0324141
-1.0237154
-2.936023
2.6252215
1.3278661
1.4964823
-2.0522988
-1.5840379
0.017554015
-2.7524822
-0.4299413
-2.74425
1.4964477
3.2897983
1.6911399
-0.1277219
-0.22721672
1.1420177
4.820606
1.2576938
-1.6253916
-2.324866
-2.4226186
-1.0579299
0.8073752
2.2634552
0.4902228
2.459101
0.41605026
0.86050564
-1.9133761
0.036108006
0.24195871
0.66736466
-0.45788902
5.643304
-0.59848946
-1.5261587
-0.27015954
-1.2818223
2.7708664
-1.7061743
-5.2265716
-1.9938611
1.9948766
-0.63015324
0.29520085
1.494291
-2.7031815
1.0327908
-0.8746513
1.3297355
-1.1831709
-0.7601397
1.6814744
-3.4114585
1.107436
2.8003745
0.46583256
0.7617835
-1.1511035
-1.0481071
2.715615
-4.664942
-0.8734662
1.8960066
3.4281225
1.6723262
-3.6227238
1.3840659
1.6910483
-3.3704698
-1.5831645
-3.9474041
-2.581656
-1.7711339
3.0720155
2.0673566
-5.075554
-0.25592774
-0.24913156
1.0385699
-1.6853833
-1.0123883
0.84975517
-1.3741807
1.0679389
0.5682778
-0.6579329
-1.1333644
-0.16986594
2.2871134
-1.4651569
2.9158719
-0.6421629
-3.8034923
-0.67881006
0.37172306
2.3615568
-1.3626736
1.3976706
-4.1397324
-2.3277056
-2.1557157
-1.3027012
2.5410266
2.4290762
2.7387357
-0.85243696
-2.2878377
-0.10282572
1.1564579
-0.64642864
-2.0510108
-2.2345104
1.1237926
1.5026088
-0.8513156
-0.2316471
1.2593766
-3.2046106
-1.0582026
0.0018951967
1.2505618
-1.5722715
2.9477267
1.3352883
0.33933762
0.98930746
-0.31670043
-2.2230768
-0.7966031
-1.8400846
-1.1636952
2.485746
-0.5832965
-1.6582824
1.9391345
0.82334846
0.11877066
-0.18348545
-0.7470434
-4.0796466
-2.925656
-1.2290517
-1.0952599
1.2978661
-1.2691681
-1.7047515
3.3491948
1.2927216
1.6558081
-1.9441324
1.274251
-1.5518483
1.4556892
-0.26985225
-3.112776
1.5484797
1.8615435
1.3566166
-2.7149155
-3.1249366
3.2333915
2.1063561
0.36383677
1.562169
1.4303669
-0.7724567
2.013884
-0.707924
1.5686873
-0.05956065
-1.6564682
-1.6079831
-0.68565345
0.055319645
3.6795068
1.636738
1.4741111
2.1860387
0.7416065
0.5944245
2.5016875
1.9077066
-5.4643254
1.8656775
-0.644405
0.8308635
7.7143955
0.9268973
1.4840138
0.41368496
2.1507313
-1.1282003
-2.9069495
1.7017429
-1.0120591
1.5353692
-1.3930795
-0.61864775
-2.8276305
-1.1032221
-2.358634
2.8815176
-1.5323255
0.98966676
1.5336485
2.2878857
-0.26796615
3.3498464
2.2287278
1.2842476
-0.47029454
-0.19027269
-0.59725
1.2161359
-0.8182559
-2.8412411
2.6424193
-2.209718
0.043579027
1.8900076
2.5898745
3.889501
-0.85159445
-1.0554011
0.17200781
1.0168413
0.35975426
-1.0313503
0.91471106
2.4862418
-0.60043937
-0.14303401
2.53586
1.5826528
-1.0349748
-3.2516856
1.4119444
1.4887004
0.8419813
-0.51127136
-4.0395517
1.6745259
-0.7816628
0.33636963
0.78645307
-0.53191847
-0.39084527
0.30484796
4.202075
-0.12172965
-2.4139411
0.14664182
-0.3030191
-0.21592864
1.7937796
-0.174732
2.3925817
1.3496614
0.90083516
-3.3470933
0.020243637
0.15214165
-1.97087
-0.05286493
3.0882492
1.4122992
0.83502984
-2.5156431
1.6793032
-2.2103858
3.0619702
1.4730357
2.9324803
-3.771704
0.08704152
1.1774045
-2.6505368
-0.8377196
-0.9896924
-2.3987212
-2.5218954
-0.17338395
-2.1352115
4.99735
-1.7828336
0.8970911
0.7541493
-0.1524876
-1.7964783
0.08857964
-1.2903023
1.5998305
0.54133224
0.16203395
-2.226824
-1.2683215
-3.1739774
-0.11455368
-0.54959077
0.32788756
0.78209245
0.580968
-0.84631777
-1.3918842
-0.16407675
-1.4865279
-1.3827891
0.808939
0.33281362
2.9448059
0.052482657
0.8899823
0.7438778
-2.5885518
-0.21632671
0.16767925
-1.208158
2.334477
0.11333668
-0.19261417
-3.0656285
0.88509136
-1.9214525
0.13688251
-1.4937404
-1.2103102
-0.16638663
-1.6317422
-0.95854175
-1.6197809
-2.970931
2.0511296
-0.4141192
-0.66816145
-0.09725162
-2.79936
0.44689974
1.1401304
-2.2124255
4.337598
2.5731907
0.6609332
0.33341128
-0.30888256
-1.9210117
2.6722114
-1.0363815
-0.8321892
0.40934896
-1.0929943
-1.5238144
-1.6240643
1.0923936
2.038867
-2.8498502
0.80919653
-0.17499214
1.0296676
-0.7825993
0.7516254
2.5783877
-1.3940054
-1.9786958
-1.9453712
-2.3924284
-2.1502573
-1.163945
-1.5401732
-1.7295667
-0.61876833
0.015695877
-1.4043592
2.7343502
0.11595352
0.1940548
1.352717
-1.498338
-3.1029027
-1.9718897
-0.014009863
-1.9589705
-2.512125
-2.6936016
1.1012061
-1.1952661
-1.3125583
-0.5194246
-2.504939
1.5495023
-0.87458515
0.6408211
1.867063
-0.020160757
-1.5443087
-2.5467846
0.11865405
-0.032344945
0.40052214
1.0617471
1.5884967
0.28226674
2.6399505
0.93408674
0.71647704
-0.4592544
-0.9114366
-3.3032296
-2.0180788
0.55461323
1.0456607
1.5011096
-0.29976392
0.18348
0.064279616
-1.8377554
4.8887267
-0.8347174
1.8087063
0.2446672
-1.3352988
0.30936447
1.7175072
-2.1492765
-0.28983897
-3.9707797
-2.1197455
-3.524367
3.0591733
-1.410862
0.6247835
-0.6786134
1.9139305
0.106338196
-0.3614
0.7003929
2.8020787
-3.4721615
1.0709562
-0.8455082
-0.97120696
1.7013643
1.4484735
-1.5158056
0.67550194
-0.6732525
2.3997903
4.681714
-2.2257435
0.41459322
-3.3551328
4.172101
-2.4233737
2.746664
-0.13813213
-2.4472198
0.13426757
-1.5095071
-0.54033583
-0.37265766
-1.669661
2.187681
1.4171412
1.5009886
-2.4626436
-0.043738052
1.1397966
-0.88208973
-1.4314172
-1.334373
1.3646137
-0.38499096
0.25639734
2.9853902
-0.2145397
-1.3934237
2.4444952
0.7411375
-0.6365973
-1.0387383
-1.305207
-0.8415272
0.5662352
1.8841825
-5.2421684
0.54245645
0.40655947
-2.4923384
-3.0299134
-1.6032356
-0.4486155
-3.1849833
2.8276901
-0.7214192
3.9339366
1.6249866
-2.31093
-2.4305
-2.9661589
-1.2526195
-1.0928904
1.8373829
-2.424409
0.09104919
-0.9900468
1.219599
-1.3732202
4.526599
0.18991166
2.1547391
-1.6331881
0.76815116
1.035214
1.323173
2.481304
0.0580599
-0.1909031
-1.3750548
2.9576893
2.8610399
-0.94490767
2.7384446
2.7017558
1.0827428
-1.7453227
-4.399964
-1.0795897
-0.52193284
-2.7329476
1.2087967
3.0193334
0.19399102
-2.9906445
0.12700742
-0.7266187
-1.2128942
0.4662694
-3.4918141
0.41052577
0.96937996
0.21394096
0.016247578
0.40360373
-1.9522692
0.81057245
-1.6203268
3.0355537
1.57312
2.5424125
-0.11707198
0.38781986
0.17178476
-0.5656922
1.0455407
1.7576349
-3.9889555
1.5694017
1.7743329
-1.9383154
-0.9690633
-1.1995353
-4.1668687
-2.2091544
4.4549894
4.6571884
0.6092794
0.12782177
0.21389216
0.2817866
1.7068102
0.40717018
-1.573328
2.8435078
-1.2738366
-1.1764545
0.09399205
0.62803245
-1.1869643
1.02532
1.167867
0.89159113
1.7355148
-1.7866827
0.6752167
2.2087333
-2.0336494
3.0146606
0.6442424
-2.6292443
-2.7140024
0.53598094
-0.55834246
-2.3905814
2.2662916
2.3423166
0.47561902
-0.45849365
1.270444
-2.2608287
-3.458838
0.48997197
2.8924954
-1.4994231
-0.086928874
1.6595165
-0.37061444
1.38483
0.19707948
0.6756014
0.86369264
0.52921116
-1.172537
-3.6567025
1.6868804
0.31217813
0.7000651
0.7050169
0.937614
0.18612163
1.7010537
1.7164018
-0.57375073
1.8617159
-1.8925889
-1.5900294
-1.7710874
-2.5689998
3.5810478
1.4216385
0.4610258
0.07197921
0.23736125
-1.2138392
-2.0097425
-1.9654126
-2.654129
1.3279884
1.7869332
-1.2329284
1.2307037
-1.2587692
-0.2467739
2.035682
3.6380658
-0.020923994
2.065805
0.94085866
-0.35892805
-2.272162
-1.7265912
-1.7494706
-2.1899927
1.5211
-1.2468522
-0.35707995
1.3091189
-1.054472
-2.7658029
-2.7489686
-2.7904468
1.6231859
1.5525095
-2.5331523
-2.817447
0.73240185
0.5706975
1.6463697
2.6682677
0.1576623
-0.077580325
-2.556864
4.742049
-2.3327575
2.9945846
0.069894806
-2.463109
-2.6522934
0.5152466
1.8156615
-4.265642
-0.8421232
-0.4894315
2.2502506
-1.1999402
1.0087993
-1.2564353
-2.8366723
3.6408951
-0.86537635
-0.024404615
-0.76827896
-0.76169926
-0.6629513
-3.410697
-1.6917089
-3.0039744
1.7489928
1.3171815
-1.2365413
1.0263644
0.26482493
-0.75478894
0.68118083
-0.6704811
-0.4472803
-0.46007192
-2.8643954
1.6263405
0.8024185
-1.7263047
3.5174034
3.6568353
-1.9056708
-2.744714
-0.36273247
-1.0955459
0.84143215
-0.446828
0.3283144
0.17102025
-3.9463913
0.7557406
2.4424741
-0.40912238
0.68063825
2.3212905
1.2277979
-0.53550595
-3.1594305
1.1652457
0.050544098
2.2528358
2.0076063
-1.4293914
0.99848276
-1.9015129
-1.9519526
0.60757387
-0.4098584
-4.0186915
2.224141
2.4066665
0.47517386
3.152308
0.89048517
-0.6599749
0.7821549
-3.121475
1.3096402
-0.5044971
1.8045425
0.018911488
-2.079249
0.10060895
-3.6207135
-2.9508622
-0.7828708
1.1612175
-1.9596623
4.318952
1.5182068
-3.009127
3.304863
-1.4864063
2.0069852
-1.0745019
-0.023665681
-1.2096997
-2.2077918
-0.8148993
1.7804323
0.81938493
2.0375881
-2.8104959
-0.5768962
1.392637
0.83451813
-0.46073553
0.62363136
1.675933
1.6979245
1.0582104
0.4819253
-2.7172909
1.0389776
2.0796702
-3.847786
-0.15993455
-0.60358816
0.110870436
3.7053328
1.6239659
0.42610824
3.1585019
-0.5612157
3.6288435
2.7304795
1.063609
1.9550965
-0.35620567
0.7933721
1.3653337
1.0931739
3.0729537
0.24200079
0.18419203
1.9996141
-1.334905
-0.14634508
-2.7291472
0.79324085
-0.57106084
-1.8456435
0.8298803
0.2886039
-1.5507637
0.21773611
-2.067507
-3.018095
-2.3317099
-1.6622041
-3.6241088
1.6051761
-1.6379032
-0.59312737
-1.7881774
1.1055183
-3.3671637
-2.345549
0.2403363
2.7459435
2.488746
1.9360275
-2.63658
0.27470085
-2.3236187
-0.5687902
0.8608806
0.18877938
0.90159875
-0.40275702
4.3726077
2.1766481
-2.6908112
-2.7955747
-4.9435253
0.17467521
-4.0734572
2.3591897
1.2616628
2.716829
1.4688818
-0.45858335
3.1511652
-4.664599
-0.5166516
-2.2013416
0.4011929
-3.6379557
0.64190084
0.52693
3.2015927
-0.2603751
-0.81144345
-4.2156477
2.8139443
-3.0145075
-1.1094576
-0.5953359
2.3357563
2.6531796
3.796471
-0.9367717
1.1965322
2.7063954
-4.4664865
-0.93718433
2.4311776
3.6570852
3.030474
1.2169365
-1.4783964
0.029892884
-1.0507743
-0.64044565
-0.6729286
0.04158958
1.1596483
2.1203904
-2.7574947
1.3322519
2.564968
0.11455835
2.692886
-3.5895908
0.22092721
-0.82639235
-0.45842856
1.5240443
4.319767
0.012729421
1.2445657
-2.0212567
2.1696267
1.5497816
2.8172433
1.6593598
-0.62776
-1.3537836
0.05909518
0.103805475
-2.046548
-2.4962468
-0.6264761
0.94320047
-0.23100314
-1.3334321
-1.1936495
0.71575856
-1.2013865
-1.9208688
-0.46105748
2.1385784
-3.1681867
1.3604298
-1.8626802
-2.4664874
-0.43707117
-1.6365048
0.9014563
0.19105211
-0.6660416
-1.3820742
-1.4304632
-0.68785745
2.1983528
0.06891124
-0.91955173
0.18380105
-1.9603436
1.4700698
0.41198263
1.3203475
-0.68290186
2.5095127
-0.30490595
-0.065707035
1.1372616
2.4698367
-1.74416
-2.715439
-1.1913042
-3.0818553
-2.7119296
-1.6749555
-1.644484
0.5507114
0.58686185
-0.5656238
1.4907191
0.40736884
1.5022962
-0.9204888
-1.9015033
0.7508222
1.0731972
1.1500696
0.73598725
5.261994
-0.37195176
0.82852805
2.6672676
1.2470404
1.3880899
2.3315947
-1.1566133
3.4967737
-0.06867025
1.4867544
-1.8180732
1.1028383
-0.4440906
2.7717376
0.32957602
-1.992419
4.7566476
2.8088198
4.136971
-1.6091703
-2.7859876
1.3485509
0.98848253
0.20006335
-0.8431922
1.0376048
1.0734764
-1.904271
0.4300307
-2.6635013
-0.3253157
0.116483964
-2.225003
1.4501904
0.550728
1.7787945
-0.9831274
-0.34632614
-1.0484095
1.6733556
-1.3686382
-1.3769741
1.9530901
-1.0442507
-0.44486052
0.2626756
0.8665705
-0.24824265
-2.4882503
-1.7870893
1.2604278
-2.9037452
-0.32349262
-4.2498746
-0.48960897
-0.26633587
-3.5350335
-2.2212687
0.54836106
-0.4365856
2.6420426
-0.411478
2.9706726
-1.2634484
-0.73790777
-0.28316092
2.3856177
0.59661067
-0.73686945
-1.7602782
0.50700474
5.8533707
-0.18524197
-1.3341855
-0.17930704
0.44541132
-0.7852347
-3.0419762
-2.1880326
0.17882869
1.4215784
4.8061476
-1.1036723
-0.8290741
-0.42860508
2.7912374
0.71092844
-0.8574023
3.1273417
0.8981469
2.5705802
4.021107
-3.4686813
1.8902771
2.0105882
-0.9837679
0.50047773
-0.06959652
-1.458976
-0.14124025
1.2589834
-1.3867613
1.7798493
0.024679974
1.5387173
-0.60109717
-3.488769
-0.44669682
1.445355
-0.7929109
1.8880862
0.6835615
-1.9475046
1.7014973
-1.4073479
1.8319622
-0.7293011
-0.27623698
-0.5107728
0.47125983
-0.7625787
1.1144532
0.8904389
0.6043122
-0.7406243
-1.4592733
0.16455111
0.81875587
-1.6767101
-2.805112
0.14323668
1.8323165
2.6214528
4.7709136
0.3483006
0.85802037
0.36148503
2.085045
0.94980055
-1.5064212
-0.054854974
-1.509671
7.35908
-0.32799545
2.7758977
0.30443227
-0.5858822
1.2861612
-0.6009405
0.244632
1.0199995
1.8404704
-1.6204004
0.08889869
-0.89912367
0.69802123
-1.4540298
5.402434
-0.46553198
-0.08468889
-0.9179701
-0.6393165
2.2374036
0.21167594
1.1855195
-1.8414013
1.1412166
-0.7788607
-4.74759
-3.4721267
2.6166763
1.5527848
-1.0564778
0.9717819
-0.600094
2.129448
0.047880173
1.3456962
-3.2860022
-0.11616991
1.796112
1.354846
-0.59934556
2.1883018
0.8846984
-0.042873517
0.7149955
-0.27650717
3.1748254
-1.5755373
-1.1033466
-1.7400469
0.014991373
-1.1004268
1.2974107
0.5873962
2.407499
-0.036375917
2.395073
0.033682924
-2.9974275
-1.2800164
-1.9944191
0.22143154
0.33937564
-4.2924104
-1.7980111
1.0068257
0.45355734
0.94026965
-0.010128789
-1.1099733
1.3666033
-0.9588374
-0.8821198
-2.2309887
-0.2651198
-1.9135562
2.6943715
0.9689585
-2.0613475
1.6406423
0.09380152
0.12316517
-1.8531401
1.7268286
-0.16512461
-3.4672153
5.0942016
1.7019596
0.14554727
2.3376346
-1.7093832
1.1801279
0.22469977
-0.68917984
0.27146614
1.8741982
-3.8681664
1.5730418
3.7795365
2.4529178
-2.068761
-2.0140386
0.38404092
3.3998613
1.7974993
2.8158538
-3.7067494
1.1522553
-1.3733332
0.5437415
0.5484922
3.3697252
-1.8873968
-0.6151719
-1.1764187
0.5414564
3.550292
0.0587509
-2.3632388
0.5493472
-2.6514304
-0.99712455
4.483279
1.7200223
-3.2262657
0.8822079
-4.096284
-0.6728255
-2.0283828
-2.6847076
0.06754965
3.1442053
0.26604313
-1.6198367
0.19434637
-1.3686767
0.32328084
0.9667026
1.746578
0.5182786
0.9608042
0.57858694
2.4137943
-0.26558256
-2.5213978
5.4489884
1.3635914
0.30619502
-0.5484202
-0.04233339
2.3805144
-3.9404678
0.6877204
-0.26987264
0.02809111
0.8556852
-1.1271012
1.5797517
0.8972291
1.9530593
-0.4911238
-0.021882214
-1.7868636
1.2889413
-3.9899938
0.6366131
-0.5103662
0.2738381
0.8345717
0.8200335
1.5976375
-0.41071844
0.37181187
-1.0468594
-1.1871492
-4.2173524
0.1911849
-0.49528825
-2.2198873
-0.6780279
-0.15237391
0.56238765
-0.98862696
-0.10943816
1.0171093
1.2539079
-1.0650966
0.28645983
-2.3539398
-1.0110213
1.0026113
1.8766315
1.8488858
-0.9001827
0.25346532
1.1955441
1.2882214
-0.8655324
1.714341
2.9620743
0.56237245
0.29074532
0.23531672
0.52566826
-1.7848119
0.8724044
-3.8004935
-2.4049716
2.4939444
-2.4369879
0.69967574
-3.7632146
0.6514423
-1.2387884
3.1564682
0.044347852
0.7813242
1.5296501
-0.017129794
-0.30255985
-2.3622005
0.9877358
0.1388447
-0.3865551
-1.4913881
1.9840479
2.2152655
-3.1328628
-2.550618
-0.5741558
0.61059374
1.1107996
2.2819736
1.7775661
1.3643124
0.063017346
0.17073049
0.120979056
-3.332985
-1.439593
-2.3928177
2.972327
-4.0366826
-1.7633595
-1.7002207
-2.1815526
-0.5481005
-2.820761
-0.7376704
-1.4041888
-0.3069932
-1.1054868
1.3764966
1.6422547
1.2456287
-0.33620223
1.0279291
4.7463365
2.508689
1.2163701
1.7301805
-0.064713575
1.5446167
-1.7671456
-1.8368881
-0.004398003
2.9301665
-0.75807154
2.3248873
1.9501424
0.20035678
0.41679198
-0.045808397
3.3163302
-0.5233697
1.8105818
-0.83451855
0.6229044
-3.5116904
-0.21485594
2.8267457
-0.21248722
2.3373256
0.5983094
-1.0843945
-2.4113824
0.2834335
-1.317913
-3.3225493
0.927328
0.58255404
-0.9492212
4.0926924
-1.0694834
2.5387075
5.3021317
2.4600337
-3.5368958
1.5097398
-0.855802
2.68336
-0.11453993
-1.4177059
0.6470065
0.59795195
0.41380686
-0.58133006
3.8298943
1.5003005
2.9315271
3.393092
1.378666
-2.650289
3.7237666
1.892639
3.688771
-0.39029133
-0.82013935
-1.7885993
-0.95163447
-2.875459
-0.875832
-0.5226822
-1.103305
-0.029899247
-0.17955303
0.68827295
-1.8636985
-1.9778607
3.693057
-1.0990124
2.721174
-0.71743494
1.0541505
1.7390865
-2.5705109
0.042997427
3.8694603
3.2306626
-0.22261146
-2.250445
0.9043413
0.817656
-1.5528687
0.22959429
1.7900009
-3.0123737
-0.06288565
-0.77685386
0.6121398
-0.25602186
-1.9264452
0.27122325
0.106668234
-1.8045863
-1.2630231
-0.8193484
-2.2974188
-0.4554494
-2.311259
4.852441
-0.35269195
1.1362852
-2.2566757
2.082907
-1.537935
-0.88943803
0.66411394
-0.93450737
-3.9713326
-1.0662053
2.688525
-0.41072345
-0.73348165
1.6777335
-2.8837104
1.8078833
0.48988438
-0.5224546
-0.6085046
-3.093858
-1.8183475
1.3993177
-1.5715233
-1.1166136
1.8617382
0.07976114
-3.3777926
0.43923843
1.5237255
-0.5471941
-1.1983335
-1.8324546
-0.22833103
0.021502543
2.6633065
-2.776086
2.0128963
-0.798605
0.96176636
-1.1138146
0.22896537
-0.37948543
-2.219645
1.2592123
-2.033939
1.349831
1.6159235
1.341006
0.22103979
-0.6391008
-0.20162287
0.59684014
0.58157414
2.2548404
1.3724086
3.3859189
-0.23212041
1.2135086
0.8849752
0.71529585
-0.38526818
0.1613541
1.4776179
-3.6251307
1.9085667
0.1425044
5.461547
2.7917352
-2.6907375
-0.11720679
2.350863
2.959216
-0.14667344
0.42177534
0.59725547
-1.8872571
-1.4355187
-0.52578914
-2.2936168
0.8849686
3.6281667
-3.4524002
0.8147799
0.82477486
0.5007137
-1.215749
4.0096164
0.6976743
-0.87575173
1.6422596
-1.6777389
-0.67455256
0.586378
-2.5367494
-1.5788062
0.23839723
1.2762502
2.865957
-1.5397753
-4.522125
2.8298967
-1.3148085
0.649439
-1.6421517
1.0651321
-0.99568504
-1.5292917
-0.34635222
1.4034851
1.2912431
-0.00026409328
-3.3351803
0.3438013
2.0944567
0.94949794
-0.32081857
-2.1513774
-0.8985146
2.8684666
-0.8046642
-3.7436428
0.26472425
1.63802
-0.055913836
-1.14989
0.51384985
-1.9902651
-1.0638484
0.9480076
1.644749
2.3161287
-0.704899
-3.7278166
-1.4109102
3.8214974
1.4284993
-4.5563197
0.6485319
-3.377672
-1.7588791
0.47007143
1.0478041
-0.5760818
2.3465104
0.7364423
-0.5451339
-0.56447405
-0.9416908
1.5952246
4.24194
3.3462832
2.499736
0.5699914
2.218913
-3.4741125
2.4506009
-2.4058805
0.8174863
1.619079
-0.76403725
-1.8948869
0.4707791
-0.57043105
0.046038315
1.0812256
-0.56439704
-0.8703231
-0.24343088
-1.584782
0.0910572
-1.3850428
3.3883297
-3.093015
-1.8242494
2.5125136
-1.2434107
0.16009253
0.2817215
-0.2991751
-0.6186448
-1.3559487
-1.7992294
0.5840621
-1.4015924
-0.7419027
0.3035922
1.6572173
3.2389772
-2.6419375
-2.7732248
-1.0840483
-0.014212638
-1.1880034
1.6003505
-5.4520907
-1.2273833
0.9652309
2.06246
3.3038378
1.2796353
-3.339914
2.006352
0.028888412
-3.066458
0.3464911
1.45262
1.166481
-1.4550366
-4.180954
2.596928
0.38078588
0.8999269
-2.031711
2.0689764
0.31218475
1.5039175
-2.1208644
-2.3650765
-2.8279781
-1.2577176
2.884175
3.964893
-1.1197386
-3.6190004
-0.87035185
0.883989
-4.575639
-2.1069517
-1.8217835
0.21425937
-3.7070494
-0.7432858
-2.8655837
1.3063235
-0.34176743
0.057597574
-2.681548
-0.10961938
1.452554
-1.619742
1.2042171
1.7326014
-1.7983257
0.42525318
0.89815897
-0.19369395
1.0679616
-0.6137038
-0.4533008
-0.7783937
3.8269708
-0.0939626
-2.404513
1.2087246
0.25087303
0.06937493
1.9551352
1.3477044
1.0223199
-2.2928274
0.44713005
-3.0491858
-3.0673156
-0.65959084
-2.4514432
1.6943758
-4.524937
0.9475537
-1.0621371
-1.501749
1.9303535
-0.75415844
-0.693757
-0.10748147
0.28230134
-2.44209
-1.917137
-2.9229999
0.6422761
-0.24558821
0.06767535
2.8535085
-3.2429676
-1.2267432
-1.3072578
-2.2415137
1.5090886
-2.7759416
0.9763955
-0.5262566
0.2955463
2.3224218
1.5121157
3.2772803
2.2977936
0.17817914
1.533817
-0.88271767
-1.7387321
3.6323013
-1.7605475
-3.8468666
1.9665538
0.72922313
3.3771513
-1.1835092
-2.9501154
-0.59770787
2.175866
-0.06742962
0.9260653
-0.8099906
0.6501171
-1.335495
-0.9326987
0.5808769
1.3682643
0.11633244
0.23199496
1.9351869
-1.0236037
-2.3563385
2.196942
0.7355777
1.8871441
1.595192
-3.517855
2.562181
-1.3907542
2.7477808
-3.739733
0.091050595
0.58508605
3.423954
0.46485332
-1.1125956
2.7575784
-2.54602
0.5552325
3.336959
1.6094201
0.9269609
-1.6630249
-0.23359498
0.35868588
-1.3305639
1.7364198
-1.0793099
3.238397
-0.14568791
-0.3948982
1.5005242
-2.8158128
0.7623268
1.6585624
-3.0558453
-2.2000554
2.2818508
-1.9260079
2.5663018
1.8737612
-5.577291
0.42713797
0.48874635
-1.3584851
5.228617
-1.6768293
-0.9686942
-3.3644662
1.2157387
-4.023942
-1.7642127
0.28744727
1.8648493
-1.0186877
-2.168544
0.082840994
-1.810289
-0.5768384
3.1596937
-0.44141406
1.2347052
3.5522125
0.48319477
-0.44351515
0.45409152
-1.3951333
-0.2702859
0.009043723
0.7893764
2.220782
2.7525969
-2.8531218
-2.1707413
-4.1550684
-1.0981445
-0.67577285
5.334717
-1.0278168
1.5089568
-2.4435031
1.5356923
-2.8799055
0.74023384
0.4815808
-0.1416384
-2.0428174
-1.5817877
-2.155218
-2.3621635
-1.3914384
0.6129083
-0.9379808
-1.5115863
-2.7170877
0.47389048
0.50410634
-0.40425682
0.809822
1.1025931
-0.6432997
-0.6498173
1.1052859
-2.425104
3.9453921
-0.9184167
-0.70870614
-3.0179245
-0.043121114
-1.1798942
0.7023364
-0.3704224
2.01472
-0.6378985
-2.6038632
-3.9739218
-3.0487761
-2.8349469
3.1926057
-1.2079815
2.0854337
-1.216644
0.42200643
-3.9923964
-1.2148852
-1.6048975
-1.2832689
-0.22318777
0.16075766
-4.4747267
0.92023814
0.2199073
3.2642283
2.1793797
-1.6251619
1.9904994
-2.6104684
1.3249543
-1.4609612
3.1368008
-0.9345923
2.7107985
-0.5129171
-3.1825156
0.6911688
-0.81819797
-1.2665538
-2.237699
2.2936757
1.6323531
-1.3495244
-0.5851827
-2.5854807
0.15094063
0.75731814
2.3160021
-0.5115913
-0.5186737
-1.3439124
-0.34092188
-3.4773417
-0.0022862405
0.13965657
1.555511
0.12269472
-2.3105366
-0.43488288
-0.14477867
-1.5659906
3.0604224
0.4485594
1.2278655
0.979511
-1.7274622
-0.31778598
1.9730036
-0.4148597
1.4465812
-1.292212
2.6435652
-0.47232094
-2.7470996
1.3370509
-3.7144525
1.6310104
0.17361915
1.2467685
-0.573376
0.7357023
2.1946614
3.0841053
-3.8811448
1.3318189
-1.6620473
-3.9489758
-1.1010765
-0.3153271
1.2291969
1.7424247
-2.5238264
-0.07557414
-1.034684
0.68097794
1.2315881
2.201893
-5.525289
-1.9735446
-2.6834319
-1.2192708
3.7836492
-0.6483649
-1.8259
-0.16621876
0.01732637
0.085248865
0.088673525
0.641401
-1.4484376
0.9422348
0.6965636
-1.5743339
0.41406924
-0.8650154
-0.3182593
-1.0341016
1.8642924
-1.018886
-1.8752376
0.0661975
-1.2034394
-1.8349985
1.9612387
-0.6137127
0.8619618
-2.1082892
3.5581536
-2.2818975
0.5584775
1.870788
2.337055
0.55211735
3.3467348
0.036612913
0.5625088
-0.1919123
0.85942876
-0.015538201
-2.0928774
-0.27334753
0.3234569
1.4128612
-0.60666186
2.0782294
-1.3810192
-1.5226774
-2.2631202
-0.54176116
1.6197332
-4.0286326
-0.24347307
2.6008017
-0.3145107
-0.9164865
-2.0195308
-0.49537775
3.8246672
-2.7745557
-2.2828684
-0.2886523
-1.4831553
3.0755036
1.6440996
0.19953051
3.3131566
-0.8191661
0.71915734
-1.1355889
0.07030034
0.85856956
-2.3865569
0.3722775
-0.19599137
-2.3362176
0.51391125
-0.5706596
-0.5341092
-0.25446367
-0.20868722
-2.570334
-2.526386
-2.527114
-0.88367254
1.4179634
-0.36146924
5.213024
-0.17318614
-1.1394742
1.1562274
2.901215
-0.98794985
-2.63307
-0.30364534
-0.64456356
2.367726
-1.9347951
1.9455796
-3.0041728
0.7818777
-3.1447277
-1.3149713
0.1323081
0.29894853
1.1035715
-1.728206
-0.5382406
2.5609431
1.6867025
-0.030471101
-0.074812114
0.06926425
4.2223682
0.77024895
4.5342345
1.3489282
0.69544774
-1.0105748
2.1838706
-2.5886552
-3.766601
-0.42768472
-0.41465077
0.13030517
2.3315392
-3.305829
0.6577282
2.2806525
-2.763458
-1.6065191
-1.154417
-3.1457624
-1.2333889
0.24681218
-1.0369258
-1.1161816
1.137789
1.2370418
-0.7646166
1.8493332
0.99380594
0.49248207
-2.270656
2.4646327
1.5525604
2.2727065
-2.1680496
-2.214707
-1.7382565
5.7182045
2.1390042
-0.49794024
-1.4371362
0.93527836
0.3316749
-1.7746117
0.14896768
0.0961986
-0.4668365
3.0451872
0.6885394
2.6725175
1.0812283
-4.332778
-1.8327802
1.4059465
2.1844928
0.24821007
0.3146988
4.2602134
1.3518189
-3.5679412
-0.7570417
0.5822675
-1.507185
2.4311929
-1.689683
1.8612539
-2.3894675
0.94733304
-1.8511302
0.4438803
4.02779
-1.9557092
-1.3348508
-2.5790076
-2.062189
-2.379711
-0.55293286
-0.0680443
-0.7434287
4.0944724
1.7531394
2.354297
0.86037487
3.4745638
2.9402716
3.0288131
3.0974822
2.1752272
1.137342
-1.2242115
2.4134407
-2.99024
-2.3861399
0.19632128
0.27129525
1.20762
-1.2161046
0.26157603
-2.2584217
0.51871914
2.3567913
-0.5936822
-1.9242973
1.1077507
2.6082664
1.6107357
-2.0066464
-1.8709004
-0.26863658
1.3233343
-2.5894346
1.9433887
-0.9523739
-0.26606548
-0.01853855
1.8333158
0.43479326
1.8887327
3.5325432
1.6631774
-0.47569296
-2.1271076
1.4078373
1.0417544
2.6315699
-1.0962429
0.9767008
-1.5807576
-3.8066928
3.0868185
-0.01038675
1.112089
-1.2722932
-0.9373417
-0.036954448
0.99861854
2.9256613
0.46557286
-0.99980986
1.2180799
0.86596704
2.7624087
0.9530502
-0.5546714
2.8421373
1.4559982
-0.7932994
0.05208522
-1.093205
-1.8583536
-3.2845168
1.4416271
6.1020517
1.5266881
-0.5101264
0.058763213
0.5199558
3.8388212
-1.5788318
0.66248304
-2.2751062
-0.31594175
0.69075114
1.2240871
-0.49766335
-1.5317038
4.2371926
0.024749376
-1.7334256
1.19699
-0.48851085
2.0611486
-2.4113753
1.6436934
-1.259327
-0.29072067
-0.114328094
3.5340323
-1.1442239
-2.259685
-0.14756168
0.30408472
2.9124012
-0.6954035
0.77155155
-0.46828294
4.2333665
1.3462814
-0.45599806
1.8415445
-2.5925033
1.2709906
0.6798463
2.4215474
-1.6466606
-4.082501
-1.4513414
2.3355572
1.3781978
1.8390731
-2.959278
-0.38833797
-1.1878128
0.53190994
0.044223502
-4.507906
-1.2316372
-1.9836849
-0.038835794
1.1972736
-1.0337893
-0.8538797
0.80539536
0.07608007
0.63208485
-0.98790056
1.7969717
0.49030364
1.3180225
-1.0528027
-0.14643934
-1.9781678
-1.2200361
0.19341004
1.7345885
4.496035
0.8957447
0.032417737
2.8185706
1.1478301
-0.68909353
0.30035672
3.2424917
1.03029
2.0514894
-2.3350368
2.68801
1.3784076
-2.8942108
-1.4898484
0.8864028
-1.3498204
-0.23883104
-0.6633547
-2.2633588
1.5566446
0.23629779
-0.51383555
-0.7358797
-3.9373243
1.7272998
0.16065103
-0.83107567
0.68641686
1.3331326
-0.085426755
-2.9900837
0.55020773
1.337787
-1.6467448
-3.5919075
2.7299018
1.884697
-1.4624498
0.32780963
-0.5000856
-0.94846565
-4.9863772
0.22950959
1.077264
0.5252577
1.4783802
-1.2508658
-0.7087821
-1.2203364
-0.26094666
0.7184055
-2.4599602
-1.4717604
-3.5699031
0.022304058
-1.1395078
-2.5590022
-1.3548465
1.6084663
-0.077333055
-0.87499815
0.6252429
-1.2018836
-0.22885184
3.126816
-2.3984847
0.7285063
1.9457232
1.947685
-0.939805
0.578538
-0.42258918
0.385454
0.40742916
-0.51689434
-2.7711797
-3.0185049
1.1057144
2.1315086
0.5345602
-1.1526585
-1.0205767
-2.8976498
1.6551827
-1.53342
-1.0822403
4.5861783
0.42146707
-0.5579332
1.190425
-3.411751
0.65367615
2.2588732
3.8282502
0.71128
0.89823157
1.0576766
-3.3642702
-1.7484655
-2.0980709
1.4994922
-0.7767883
0.7341869
-0.47565305
-1.5430305
-0.6521835
-3.821892
1.2667669
-1.7396668
2.0616827
1.6020584
0.35685354
-0.56053096
-0.26174122
-1.4785866
2.8974628
2.7411988
0.5085952
2.5430949
-1.4972416
2.4988346
-1.5744109
1.8214406
-2.831655
0.57634354
-1.188285
0.6582143
1.0010923
2.5157788
-0.7757461
-2.6513894
2.2204018
-0.04301343
2.310533
3.589099
1.5261192
1.5046536
-1.454977
-0.4340914
-0.12012504
-1.6851398
0.112548195
0.038271435
2.2046797
2.4348547
0.19291377
2.4805799
-1.1333561
-2.9241498
1.0554243
-0.6940966
0.4234147
0.26499712
0.4694801
-0.027376164
-1.285029
-0.035810456
-1.0590388
-2.5068836
0.92758334
-1.5744002
2.360127
2.1444457
0.5261359
0.2363044
-1.7622405
-0.16143674
0.31027186
-1.9363227
0.105131775
1.3298253
0.33136973
1.556401
-1.9725386
-0.48287368
-1.9776667
0.7543533
1.368778
1.9149115
0.7570857
-0.10179695
2.6788075
-1.9469647
-2.3340647
3.0964901
0.58242697
-0.36087328
-1.2076352
4.906945
1.7515423
1.990841
-0.89981323
0.27989984
-1.3686649
0.74766785
-1.7478124
0.045189053
-0.82535535
-0.28901377
1.1000866
-0.011173308
1.1428422
-2.6591444
-0.19323514
1.2245162
-0.021507576
-4.216648
-0.7630828
-0.4125558
1.2167234
-2.988707
0.25498438
-0.39660215
-3.202538
0.31184343
-2.645682
0.9469629
1.1398286
0.48096913
1.7761388
-0.7087905
2.0140507
4.3747683
0.36602893
-1.5268921
4.3037367
-1.0048857
-1.6411221
3.3898773
0.6793826
0.1697739
2.413563
0.54102623
-0.44177312
1.1772715
-0.8758802
1.0788015
0.7279562
-0.82018185
-1.9221805
0.55047184
-3.859763
-0.49088842
-0.0010701232
0.26122025
-0.30370462
0.17562109
0.17962992
2.1698115
-0.30294064
-2.854235
-1.6267648
-1.5950028
1.1908398
1.2848303
-0.08205389
0.9749345
2.3491087
-3.46697
4.265167
1.0538394
-0.42126065
-0.37782034
0.29534322
0.62239707
-0.57064945
-1.6947606
-0.96885496
0.99086046
0.38793918
-3.463405
-1.742249
1.633698
-2.2750835
-0.1684978
3.7576888
3.2955005
1.0154258
0.2961934
-1.8930299
2.2792747
1.4026183
0.3931018
-1.0470535
-2.3234508
-1.8053554
1.1576556
0.33411232
-0.7105397
-0.8307049
0.5724224
1.5160246
-0.91304386
2.9430797
0.49715257
-1.4451257
0.5190484
-0.44009236
-1.4134724
-1.1147184
-0.13447802
0.469669
0.8135165
-3.2561386
1.3663132
2.2255476
-0.62937504
-1.8547474
-0.54926544
-0.07882
1.8318797
-1.9461281
0.7722815
1.9486514
-0.99760944
0.8034289
1.2009
0.7724027
-1.0268604
-2.3168478
0.6282374
-5.3352733
-2.2765987
-1.5165278
1.2802625
-0.884006
0.7201461
-4.134882
-0.79413986
2.7905657
0.66742104
-0.9864851
2.8695672
-0.3091465
-1.3774989
-0.63045293
0.7755582
-0.2775128
-2.5509353
0.6535763
2.9893641
0.04083544
0.68069667
-2.662858
2.9989715
0.63358164
1.2909204
-0.4487408
-0.06584526
0.89316636
0.6752348
0.62552017
1.0619968
2.4176676
1.352808
2.310952
0.034156576
3.3869073
-1.9411412
0.80912614
0.5860714
1.5948744
-0.08994846
1.4469241
-1.8795962
1.5312017
0.9366295
1.4730401
-0.81981176
-3.066698
-2.4756832
-2.9829216
0.16410094
-1.6034898
0.30085662
0.11070691
1.4256237
-0.11172621
1.2290161
-0.50475746
4.1548777
-3.5161018
-1.8057919
-0.6983811
-2.1988065
0.14942591
2.5734632
1.6023781
-0.9389823
3.2690692
-3.8480806
-0.8261766
-0.091082245
0.10035874
-0.107404925
0.65509826
0.33407107
2.7403514
-0.5786801
-0.34756666
-1.0578266
-0.89085495
1.0671982
0.43592623
2.3347285
-0.22351062
-0.90186965
-2.444288
0.13484558
1.4051404
1.0961975
-1.145226
3.1069906
-0.5806984
3.7948148
-1.4602183
-0.9164452
-1.1758337
0.9089532
0.054517068
-0.142822
0.35040608
1.879027
0.14757837
2.8142152
1.5875427
0.8803221
0.80656695
1.1978436
-1.715011
1.8402146
-0.5207703
0.07100657
-0.27783546
-4.981772
0.17079851
-3.4464412
0.98396724
4.419672
2.2772646
-0.24541508
-1.2911173
-0.31600246
1.8315163
3.9295015
-1.5476526
0.7899919
0.2035167
0.30489334
-1.0243851
2.6220822
-0.89167684
-0.48678955
2.1930509
2.8384464
2.5662434
0.32346743
-3.0082674
2.046338
-2.4384162
0.4579377
3.76269
-4.2927065
1.2648712
0.81736946
1.6121783
-4.2824044
-2.6137505
1.7782156
-1.7941939
-3.6793
0.07043896
-4.310541
0.54259187
1.1487226
-5.0863023
3.5898225
-1.3951029
1.0762885
2.3593493
0.64650756
2.8968773
-1.15362
-0.5018045
-2.80891
-4.1100016
-2.770177
4.1744213
-0.66662264
2.1937857
0.6736125
2.936138
2.216176
0.07908081
-1.6900023
2.3963811
-0.62869614
-0.97077376
0.4978494
-1.1923411
0.30680043
3.014717
-1.347338
-1.1403271
-0.33426636
0.07244448
-1.2789932
-1.066419
2.6039183
0.091175005
-0.1793795
3.2972229
-2.3256576
-0.33516854
-1.024718
2.261958
2.9770684
1.5115759
1.2429312
2.0384
-0.9631575
-1.2463224
1.7525706
-1.8175471
-1.4782139
-2.3294525
0.7452935
-0.6227908
-6.450052
-2.1184077
1.9858475
0.91825795
0.655315
-0.06946788
1.5531166
-1.7144058
-0.3424616
-1.8213413
0.013774037
-0.23474345
0.9726013
4.00385
0.3114604
5.753335
-2.0896358
1.6190253
-1.3209583
-2.9477773
-0.768146
2.65164
0.9976007
-3.9980478
0.8063718
1.962666
-0.6586885
-0.7645352
-3.1586761
0.36853367
1.4385419
-2.3541794
1.0392648
1.2884815
-1.4416838
3.2547288
2.3096447
1.0063525
-1.1136627
2.049397
0.27225423
0.8758879
3.3685985
0.9860519
-2.7034025
0.5631602
-0.3161105
-2.7577484
2.8849602
1.3430957
-4.889722
1.0190665
-0.91468686
-2.6521037
-2.3938801
-0.27269188
-0.4888798
-2.87531
3.3444958
1.4172883
-0.7726394
1.0636543
2.720163
3.3085434
3.1660929
0.14322408
-2.6292045
-1.281277
-1.704396
0.023616038
-1.5110863
-0.5589794
-1.1159141
-1.6272601
0.17679816
2.8768387
2.691311
1.5103505
1.7239847
1.3587413
-1.1658471
-0.09539684
-0.22391441
0.19087212
-2.9636018
3.3362556
0.21706167
4.8244433
3.1992366
4.7452545
-1.1360457
-1.3360264
-0.8708341
-0.4786518
-0.90321666
-2.4820209
0.14568847
0.7173678
4.614627
-0.82679933
-2.335328
1.1834323
-0.78024745
-0.33491677
0.92181265
1.2807008
-1.0397786
0.405993
0.34253493
1.5058197
-4.591814
-1.6309217
-2.2652323
-2.0331063
-0.6128686
0.47696942
4.6191154
-0.9553287
-0.16093743
-0.56811947
-1.9190289
1.1219612
-0.015336879
-1.0821185
1.9539787
0.6237628
0.113751605
2.1830719
0.74828166
-1.1085855
1.7960556
0.34173465
0.9331937
1.8677113
-0.33075672
-0.34071124
3.0680642
1.3671138
1.1691754
-2.7037582
-0.011887491
-1.8106334
2.970052
-4.4629993
-2.7166014
-2.4920018
0.49486464
-0.9173284
0.89081615
-1.1944276
-1.7717717
-1.3772238
4.8007283
-2.160273
0.413777
0.63854337
0.9928494
0.9329509
1.0165908
-2.4297855
2.1846218
-3.2646024
0.111190125
0.14805341
-2.4130077
2.5688176
3.0148194
-0.7274826
1.1945606
-0.120006435
0.29181552
2.8025835
-1.7047882
-0.8524705
1.5796256
-0.37702698
1.5197091
-1.7488526
-3.2699652
-1.4423022
3.8168416
2.696374
-4.172592
-0.7031283
0.7703092
-1.6683955
-2.1984222
-0.12288718
-2.2816222
-1.7473574
1.5354881
-0.6220452
-0.6185964
1.4276344
4.053082
-0.70768446
-0.36351135
1.3467013
1.9947644
-1.5791413
1.2259009
2.51756
2.1884036
-2.032313
2.7013247
-2.6478243
1.6807611
0.2658792
-0.22639447
2.2213507
2.179728
-0.41694844
-2.0773296
0.14520925
1.6205608
-0.4049119
-0.42447048
0.10894152
1.8323281
0.18816452
-0.64854664
-4.614883
-0.17297465
-0.6374521
0.1648306
1.0236489
2.3315952
-1.1831139
0.90380454
-3.1401324
-1.2902156
1.9622823
1.5144705
-1.6771933
-0.91365916
2.7335017
-0.6376195
-0.59861475
-1.5694009
-2.7263174
-0.014922217
-1.6373243
-0.7944784
0.78979033
0.7172068
1.5515797
0.5237866
-0.6262472
1.3470465
-0.98039436
0.23210892
0.59738296
-0.59970576
1.2443619
1.2682393
-2.590561
-3.5192528
1.2092944
2.011262
0.7360928
-1.3326977
-4.8513813
-2.3558555
0.38655883
2.5100226
-0.15975188
-4.4960275
0.14776321
0.7707573
-2.409357
-0.74235505
-1.0618645
1.1817564
1.4365009
-0.66819906
-0.5970911
2.4118392
-1.4485928
-0.34325024
-0.07915679
-1.9505455
-0.19186589
0.43004912
-2.302666
-3.7168107
-0.93506503
1.8801343
0.08880561
-1.4392444
-2.5495973
3.3536685
-2.242834
-1.5524865
1.9782457
-2.8796673
-2.1559646
-0.72418535
0.64265764
-1.14721
-1.1425455
-0.48121792
-0.76775044
1.7753651
0.5234326
0.41967863
-2.1872349
-0.41266042
-3.2106194
0.15020174
-0.65650165
-0.57969826
-1.4159504
1.0331839
1.3236947
3.2620578
-3.7321172
0.96032214
-3.0238874
-2.0223033
1.0867898
2.9265208
0.6877018
1.3170562
-3.412926
0.08039731
-0.37077054
-3.0548432
-1.0195338
0.86443514
0.19806373
-2.0703027
0.57612216
-1.5468253
3.7952561
-0.08296945
-2.4619265
2.6723049
0.54975706
-0.6259847
1.271483
3.0237274
-0.22522858
-1.1117345
-1.0191184
1.0529491
2.0131888
0.27558202
2.8247797
-1.6102916
-1.7846106
-3.4062798
1.3246045
2.052463
-4.974746
-0.72540444
-0.3003014
0.9366274
-1.7425416
1.462953
-2.3601186
-0.35696408
-1.2970697
-0.13911858
2.1635046
3.371481
2.2993903
1.2759143
1.5447385
6.6489425
-0.31912476
-3.039094
1.2097532
3.0810254
0.9447875
0.570099
0.478297
5.4712906
-1.2899811
0.8727435
-0.2544822
-1.5328009
2.1710744
-0.33154956
0.069291346
-0.7530823
-1.9622524
0.32747972
4.810654
1.673289
-0.7014619
1.5363152
-2.6264157
-1.8513986
2.6473434
-0.38384753
0.03323169
1.3371043
-0.06519052
3.6314886
2.1291895
1.0289464
2.423004
0.5718415
0.31963307
3.4736388
1.3361
-0.53932494
1.0249772
-2.8414757
1.750699
3.466066
-2.8941212
1.3761214
-3.2402532
-0.83043647
-0.019219607
-0.813075
2.4283109
-0.4767444
-0.32942772
0.50359744
-0.54611397
-1.1577258
0.8273784
0.84423155
-2.2147062
2.523133
0.04662265
1.1526897
-1.824804
0.75146294
0.1150749
0.64548576
0.66637427
-1.969942
2.5287511
3.0480757
-0.09508885
-0.86196154
-2.567457
0.84349436
-3.406689
2.3675258
1.563197
0.2494854
0.8001762
1.9459957
1.9548763
-0.13440453
0.9044934
2.1979127
-1.0782459
-2.5765734
-0.51613563
4.9930806
0.96554
-2.5292456
-0.9505222
-1.2933538
0.34201562
-0.056846894
-1.6931813
-2.2893696
-0.0051375106
-2.2513928
-2.3012552
-1.4635168
2.0203953
-2.4623437
-2.0125678
-5.573786
1.7269076
3.3829255
1.5563138
2.3468056
0.1697633
1.4507934
-0.28523788
0.80604655
-2.4382088
-0.7761764
0.54105306
-0.23318289
2.5058262
0.010439768
3.3203757
-0.6935295
1.4964591
-1.3372055
-1.1645147
-0.07047333
-0.8669751
0.6663084
0.85090214
-0.403018
0.21382311
-2.3997953
0.9880569
0.59938854
3.330045
2.9571357
-2.3479483
-0.27537447
1.5784448
-0.34108844
-0.8071384
2.1647923
-0.8023751
-0.56139123
5.5423417
4.272385
-1.2710065
-1.0882534
3.7381408
1.4388851
2.2163978
-2.0477488
-1.7160422
1.969873
1.7192365
-1.1406946
-1.2616658
2.9682455
2.205522
-2.0764413
-3.4466562
-3.1476402
-0.57855654
-2.7697093
0.96746004
-0.6688144
-2.4238338
-0.19495168
-1.5965942
-1.515625
2.100941
0.3470287
-0.49058113
2.682359
1.9709389
-1.0576285
-1.0644002
0.16909541
-1.536723
-2.4932714
-2.3204517
-1.0076983
1.4420412
2.7189965
-0.20929572
0.33162987
-0.73532254
-0.4278363
-4.1576934
-0.59760714
3.6091344
1.6678989
-1.7917297
1.349787
-0.7018327
-2.1841502
-0.24566786
-2.208493
-0.19712521
-1.5282559
-1.2714839
-2.4195595
-1.217013
0.45707875
-4.216453
-0.5899857
-3.4119458
0.64216965
-0.9302664
3.8129203
-4.941386
-2.6996286
-0.41282412
-3.1158378
0.35540724
-2.9940128
-3.4573739
-1.5335059
1.2382082
1.8396128
-0.25671518
-0.6933348
-1.3474381
0.37726802
0.0025509074
1.8453373
0.18162754
2.984862
-1.5162922
1.7486608
-1.2785388
0.43403774
-1.1554234
-1.0307026
-0.62511
-5.8212466
0.8267002
1.6891665
1.5376751
-2.3803246
2.1982007
-1.5583551
-0.5113878
-3.3628955
-1.2148712
2.3302367
0.89981264
0.8265676
0.9252025
-1.2575535
1.9448619
0.2524021
1.3328065
1.1812006
-0.32926795
-1.6173316
2.221132
-0.7215326
-1.0036272
0.64132214
-2.3272767
1.0848973
-1.3403366
0.74116373
-0.38179767
1.5190609
0.379464
-3.8661058
1.2707778
-1.2454021
0.580938
2.6255472
0.26501557
3.4173665
2.2548811
1.0851107
2.392318
0.8846334
-3.8103726
0.076602235
1.0309255
-1.5976938
-0.99677664
-3.1876113
0.28646612
0.73836887
-0.92072266
0.9779662
2.2652404
3.9866793
-1.2061096
1.925664
-0.4626382
-1.890734
-3.1527798
0.25392538
0.78743494
-1.6176233
-0.61811656
-0.7070049
-2.6543775
-0.73638505
0.9832319
-0.66124135
-0.30920148
-0.7321579
-0.47921485
-4.184548
1.8022624
1.0130763
-3.7734768
1.3515482
0.19170465
4.582649
-0.1011892
-3.3181384
-4.6134424
-0.30858397
-2.3682
-4.0166817
-1.1113799
0.63025683
-1.0861831
-2.8672905
1.4093035
0.37457174
0.18524837
-2.4056468
0.9971925
-0.28475252
1.2109717
-1.396113
0.99412704
0.60117656
1.8093283
-1.847429
-3.674386
2.0748491
-1.3127271
-1.9087356
1.7574835
-1.7847006
-0.51428014
0.65111476
1.0188421
0.8072672
-1.6886849
-1.6409551
-1.3509387
2.3927016
0.78288245
-1.1828676
-0.15818903
3.171583
0.44541615
-2.4148352
-0.32622603
-0.03483013
1.1482744
-1.7105864
1.2142802
-1.1156094
-0.790796
-1.3842518
-2.0936654
-1.3263876
0.15163633
-0.009927779
-3.231892
3.3120196
2.0073595
-0.23446998
-0.82514393
0.06838508
-0.7617563
1.6388285
1.8060963
0.7460386
-1.1138242
0.33981955
1.3326137
-0.41079453
-3.4544563
3.1010523
2.6032727
0.48013842
0.7609347
-1.3484703
0.10840498
-0.81763965
0.49860704
2.9517124
-3.7527623
-1.046059
4.8549447
0.8169445
-2.0857828
-0.06741556
-3.1459413
1.646899
-1.1367706
-3.8365612
-1.1816751
-1.039342
-3.2913585
1.4889299
0.19716796
0.1994284
0.063474014
3.575676
2.177689
0.28083917
0.69521767
0.49705535
-0.44992638
2.9751627
0.36834186
0.08278311
2.6722395
-1.187744
-3.4307523
2.1694458
0.609888
-0.27725193
-0.9989158
-0.8261578
0.46635967
-0.5336491
-2.8441796
1.5786005
0.49551964
-1.5132396
4.1356683
0.2694399
1.0953515
-1.2001737
-1.0815653
-0.87730455
-0.7734493
0.023321949
2.2756171
-0.4005758
2.8976643
0.13464612
-1.1182958
0.92429686
0.14330381
1.0941634
2.665806
1.6051192
-1.6045318
-0.86143583
-0.039079532
-0.22906531
1.5878161
-0.4597602
3.0002325
-0.8191564
0.8885981
-0.35238624
-0.49117362
-0.11697129
-2.098791
-0.9931152
1.8457321
2.3987389
-2.671572
1.7450444
-1.9780325
-1.8762555
-3.1625674
1.9705664
-0.6728702
2.7770324
-2.0856519
-1.5279802
1.3555715
0.21346301
0.20967475
-0.646014
-2.791964
-1.146621
1.6126572
-0.13790423
-0.8082132
-0.3289879
-0.46058208
-3.104207
0.17799488
0.89911026
-2.7108743
1.9848126
1.9473475
-0.7685558
0.5973878
2.0233521
-0.34614962
2.3365629
4.224412
-0.5068565
-1.3886132
1.7019492
0.14652076
0.35551995
2.2644963
-2.2367852
-2.085502
-2.8984258
-0.2833696
-0.88555026
-2.4630613
-1.49034
-0.5069089
-1.1397239
1.9447589
-2.7446918
-1.0380774
0.62496567
-2.1819427
1.3565931
2.440993
2.5318797
-3.4089756
-1.3238856
1.0685825
1.2581224
3.2409303
-0.26120073
-1.7649126
-1.3923844
0.17928082
-3.3728611
2.349645
0.48776332
1.3735875
2.046596
3.0404775
-0.29682425
-0.863784
2.5982316
-0.28678718
-0.9489226
-1.102723
1.5608155
0.40528896
1.8985763
-1.0736477
0.69533145
-3.9770265
-0.7341988
-1.148977
-2.299131
2.78385
-0.42928833
4.8091245
2.11838
-1.8467945
0.8906369
-3.2900398
-0.966816
2.186272
2.2121863
-0.11507518
0.64847964
0.99883175
-1.0797594
0.65363497
1.6425153
-1.3636945
1.273861
-4.014035
1.9833376
-1.5861828
-1.5604038
-2.237053
-0.7289916
3.2247052
0.1865727
-0.043088764
-0.80941266
2.3349962
1.0023986
-0.6689101
0.42804092
-2.718249
0.49293298
-2.4727843
2.8656483
-1.0757309
-1.2342196
-0.62142015
0.008075945
-0.82390404
-2.6957152
2.1371324
-1.4775956
1.225079
0.38406688
2.1347094
1.034992
0.33149654
-2.4113324
1.3957356
-1.1973281
-4.8856015
-2.0098143
-1.3150858
0.9020019
1.3259598
-1.7625769
0.91669405
-1.5705869
-1.6452417
0.93779683
-2.7833242
1.5431863
-0.9664702
-2.3609369
-1.5825217
0.63137037
2.9260206
-0.013670787
-0.28976086
0.61096805
0.55534315
-0.369208
1.1238974
-3.3894455
0.87222165
-4.251379
-0.8382764
-1.297686
2.2994485
-0.5987419
-2.610701
-0.23501164
-0.120273344
1.3954761
-3.2193773
-3.107392
-1.525733
2.9045382
1.0563661
1.1636915
1.309254
1.3762933
2.616262
-1.0282981
-4.253093
0.4916564
1.1314898
0.19676375
0.18676586
2.832911
1.4725952
-1.2102127
-0.7955219
2.3605149
-0.38155594
0.56464905
-2.4624221
-4.248135
1.1473516
0.28887525
-0.17089024
0.8631565
-1.2026827
-2.089796
-0.875856
4.5933757
-0.12279881
-0.83427334
3.4497783
1.1373385
1.9585149
2.222454
-0.1761057
-3.6699376
-1.1587585
-1.4818803
-0.0111403875
1.5844127
3.785416
-0.85267586
-0.5542289
0.7754131
-1.7797114
-2.8608665
0.42230386
-0.036146436
-3.4560623
2.6352894
-1.5014133
-0.7511992
-1.099555
-1.2180854
0.14752793
-1.8636025
-2.054737
-2.302772
-2.4359405
1.4543076
-1.9686129
2.0730367
-1.6692334
-0.042013302
0.8315817
0.08082298
0.5957519
-0.67704076
0.8210963
-1.595766
0.40370888
3.428942
2.2213516
-1.0612175
-0.4968771
1.4432372
-4.176913
-3.136075
2.314396
-1.1275868
-2.268928
0.16731508
-0.9565559
-4.6000156
-1.6463635
-1.5933632
-2.4280517
-2.0517838
-1.7031971
1.7705065
1.4645705
-1.8576491
1.8398623
3.3412168
1.1304228
-1.1992468
-3.5865266
0.8340431
0.51455873
2.6856196
1.7181975
-0.38645202
-0.9627238
-1.8972867
-0.7470353
-1.9682938
-0.3606335
0.8186437
0.53446835
0.36251223
-1.6420305
-1.442018
0.4045986
-1.0760576
0.8409573
2.1390254
1.670983
1.1253444
-1.7324289
1.3447862
0.24205413
-0.531026
1.5537082
-1.6845996
0.17415279
-2.120736
0.8999379
1.7242709
-3.2288754
-1.6143312
1.1398437
1.8749152
2.60504
-0.93131995
-2.6959195
4.335363
-0.36293626
-1.1669172
3.6720955
5.308836
-2.6051865
1.3499774
4.1660295
0.25742853
2.606273
1.4892131
-1.1933767
-0.3510129
-3.8350513
2.4394844
-0.5119583
-0.60417813
-0.6076207
1.1748253
-0.4509795
-0.10850107
0.37602022
-1.1945137
1.514809
3.079095
2.4591703
-1.3567713
-0.13839467
-3.1678061
2.8185887
1.1514195
3.252747
0.38125145
0.7129822
0.10737098
0.97139585
-1.227328
1.8024567
-1.7638372
-2.8058684
2.6593268
-1.1569732
0.41083103
-0.38417417
-2.123059
-1.5209892
1.3336824
-1.5247912
1.157949
1.4587606
-3.309075
0.40017307
-0.69300735
0.15613323
1.8695066
-0.90309864
1.0313917
-0.4522462
-3.5601964
1.7896276
0.7927833
-1.1711386
-4.1342306
-0.10683093
-0.4244972
-1.4395738
1.2484322
-0.54553246
0.86620384
0.3003214
2.3267937
2.4705696
-0.47329548
-2.0568345
-0.97501886
1.5430678
1.6350927
3.2032743
-0.6472042
1.7261264
-0.9985608
-0.5527363
-0.19239065
1.6339422
5.200537
1.1612448
0.31851983
1.6892844
0.18430018
0.9170368
2.0968025
2.0932138
-2.0492203
0.9377516
-1.3688512
-1.090752
0.6624066
3.4579883
-2.1234145
-0.2870911
0.25467363
0.10500055
-0.53212494
1.0406767
-0.936808
-1.9301519
-1.1984576
-4.2038145
2.61974
0.2529797
0.18823038
-1.2904912
-0.8286686
-3.5287697
0.5605798
-3.367905
2.0409627
1.6103238
0.4272973
0.43492776
-0.5571086
-0.9990065
-3.672468
-1.2434809
-3.1415002
-0.042163596
1.2642736
1.1048598
0.5477804
2.3626409
-1.9585688
0.056925036
-0.04581988
-0.5732568
0.30679995
3.2942548
0.021890335
-2.2575672
0.59313154
-2.69135
0.101438895
-1.855091
1.6379118
3.3707795
0.20736352
-2.936287
-1.3064762
-1.1332959
2.354463
-1.6985317
-1.3648965
-0.84115714
0.17714852
-0.9906348
-0.6774429
-0.25389272
5.689555
-0.9013647
0.24719414
-2.6479654
0.40101203
2.3917983
-0.31826502
-1.5565186
-2.4044626
-4.0927544
-1.1319807
-0.2898309
0.7266184
-3.2585263
-3.199464
2.4419491
3.2910576
3.6340597
1.3331913
0.22634535
-1.6704929
1.9501562
-0.0018137172
-1.0295218
-2.8006754
-0.8748801
1.3827323
0.09254703
-0.05328209
0.15230335
-1.2379746
-0.87641823
0.18261154
-1.1153951
-1.545378
-1.77168
-0.6907933
-0.63299507
2.257412
0.9718701
2.3091283
0.6546469
0.60334426
-1.5339334
1.5748156
2.9511666
-1.3002716
0.20159787
-0.7556527
2.9471734
4.206163
2.1262627
1.23822
-2.4060555
-2.8490555
2.4460454
-0.62983644
1.1291533
0.3321159
-0.58966696
1.7476124
0.5279992
1.5241116
2.6313925
0.31741065
-0.35793507
0.15113354
-1.6063985
-2.627582
-1.7370013
-0.029819101
2.4283497
-1.7897285
-1.5058571
0.9332533
-2.173467
-0.20426741
-0.14206846
-0.58756953
0.15852362
1.3857204
-2.5672662
2.2661538
-0.034442857
1.2773043
-0.7222158
1.4926593
0.26134342
-1.1210852
-0.27715415
-0.7104705
4.401419
-0.90029544
2.3518102
1.775206
-1.9226534
-1.8025498
-1.3812138
-1.0499754
0.8454417
3.8470812
-2.0785856
-0.6721813
4.0550094
0.90900546
0.34120077
4.3477077
1.1990266
-1.0152537
0.29097095
-0.4869451
-1.137778
0.16663307
0.9358542
2.4377863
-1.8050237
-2.8986583
-0.254011
0.87631506
-0.15831605
-0.039259605
1.518292
-3.8412948
0.709314
0.6302016
3.668855
1.1748618
-1.0654559
0.37116864
-0.966214
1.4418391
3.1461487
-0.4033561
-1.6558069
-0.57627046
0.09637962
1.6443846
0.31596482
1.7915183
-0.67428404
-0.28150573
0.11073087
2.1380224
-3.7980416
-1.6830478
-1.3323848
3.2236896
-0.15702121
0.27933064
1.359415
-1.7515323
-1.4950676
0.038185526
2.476873
1.3601576
2.999072
-1.7725115
-0.37154832
-2.2957175
-2.946797
-3.5009618
-0.6254318
0.85632545
-0.66107804
0.06664686
-3.0254483
-1.9747783
0.81561494
-2.3144734
1.6862253
-0.8005672
-1.8380342
1.7348725
-2.2015004
4.581374
-0.99890095
1.6407871
-0.51552296
-1.4900804
1.2747104
2.0790946
2.5593975
-1.2857741
2.7805035
-3.056956
-0.37952307
3.092967
1.9793129
1.2299806
-6.1865425
-2.2061477
0.14678971
1.062007
0.11655503
0.79086065
3.417767
0.64567006
-1.1581347
0.721082
0.6946327
1.1015496
-2.6788375
1.9941078
1.9849881
2.9562256
-0.91534775
-1.9059678
4.8190575
-2.4066072
-0.47523353
1.0975965
-0.2608916
1.8078077
1.6848075
2.9804053
-0.6287366
2.375404
0.38030514
4.555138
-1.5669876
1.2104938
-0.841666
-0.27745724
0.1897116
-1.0354313
-1.8075693
-1.07883
-1.1966989
-0.5563597
-0.22861467
0.04750903
0.05898124
-2.2581143
0.37537435
2.742192
-4.012561
-0.12000757
1.7770373
0.71991223
-0.94345725
1.4120793
1.98758
-1.2572885
-1.1830943
1.1950119
1.2864027
-0.3743633
3.3372958
-2.0415661
-0.11349145
-0.5241887
-0.48352566
-1.8314948
-0.23857996
1.2463825
-0.83067936
1.3926673
4.8980684
1.0988657
1.7849535
-1.1657944
-1.6654674
0.12305623
-1.664362
-1.9404713
1.3998654
-0.33672363
0.56778187
-0.30734283
-5.750512
-2.1778374
-3.7651672
-3.9666388
-1.9745616
-2.699773
3.339505
-0.5326344
-2.7767277
3.3467348
3.396879
3.0637383
0.8890883
1.1182743
-2.0101373
1.7463535
1.3868061
-0.2598098
-1.5100213
0.86829215
-0.033428572
-2.0034919
-1.3444675
2.1806693
0.52358997
-2.6319308
2.6391168
0.98663914
1.5828722
1.8801702
-2.649314
-1.915851
-1.9096645
0.692164
-3.086073
-0.09893305
-0.40355518
-0.93939257
-2.45125
-0.38146618
-2.3151524
-1.0941099
1.4023739
2.7176664
-1.3989477
0.75624907
4.4507165
1.502268
1.650372
5.9914646
0.93925387
0.6386677
1.4186867
1.7379036
1.056589
0.3683352
2.3972487
-0.898436
-3.6137397
2.4317229
1.0325524
-0.88367176
3.4603734
1.4075657
0.24182463
-2.1161213
-0.9550234
-1.3656058
-0.11159282
2.4302917
-1.7380877
3.8915367
-1.9483162
0.3158245
1.8064663
0.0054411143
1.1898171
-3.6802607
3.9537413
2.9780114
0.2748762
-1.311259
-2.1493592
-1.3502389
1.1764733
-1.9942989
1.9883521
1.7042896
1.5339423
0.23489371
-0.1886332
-0.140051
0.6846506
-0.66144264
3.4077408
-2.5986688
2.2453582
-1.5029712
-2.0266788
1.535907
-0.21720386
-0.39503485
-1.450441
0.09704997
0.64000916
2.0935905
0.005382739
1.6343223
-2.176184
0.010134008
-1.9567385
1.4337516
-0.6381618
1.0549694
-0.8835389
1.143686
-3.5792835
3.0550358
0.59622914
1.5155783
-0.63234866
-0.023268066
1.3679554
1.1655314
-2.2871683
-1.6528206
-2.5800195
-0.6983409
-0.43079638
0.12495388
-1.7480867
-2.9480872
-0.46202078
-2.9031227
0.87368834
3.691355
0.89915127
-0.58694595
1.0541874
-4.822553
0.90235806
1.364411
3.650045
-0.8039512
1.938769
-0.1477609
1.0415717
-0.45938557
1.6625702
3.326148
0.8626177
-1.8867502
-0.51555085
3.0827758
0.7918563
1.6510009
0.073286206
0.32827225
1.0695924
-0.054596253
-1.1042771
1.3893594
-0.5474434
-1.115857
-2.0715735
2.5456102
-0.7101455
-1.2737323
2.749506
0.11917777
2.3479095
-1.1181518
-0.75775015
-1.6977352
-2.341953
1.4799927
-3.0027404
-0.6200028
0.6769035
-3.142889
-0.5650889
0.9541239
0.33260158
1.3059273
1.3237638
1.0618347
-1.4001514
4.1009665
-2.2681239
0.33906513
-1.9176726
-2.5446107
-0.7821009
-2.161218
-1.1247668
1.388752
0.77169347
-0.6919355
-1.8415833
1.9644862
-1.8338157
-2.2989502
-3.3948007
-3.314237
-0.87049705
0.34857774
-1.9427934
-0.4624069
0.3788712
0.12809023
1.4155906
1.3722665
0.21995938
2.5856845
-2.7150338
0.80140066
-2.0413053
-0.89661354
-0.9220567
1.3367445
0.7898476
1.7310473
1.082483
1.0405914
0.28615665
1.9661183
-3.7604446
-0.522864
-2.4569845
0.19288102
-0.36353278
0.4000245
-0.7569403
-0.10677887
-3.4112298
-0.7915809
0.89282006
-1.4554802
0.9973017
-3.090258
-2.1977496
0.4063293
-1.7020912
0.3909981
3.1371882
-2.2551038
-1.3862296
-1.1093944
-3.498364
2.4191017
2.2667437
-1.1618763
-0.44329828
-3.1734369
-3.7267644
0.025867872
-0.056959406
3.0956619
-0.68989706
1.9338379
-0.18797652
0.7302909
-0.21013033
-1.4977154
0.36142936
-2.8834548
-2.7923622
0.95695776
-1.5784252
-0.8584522
1.7349294
2.8949757
-1.8163518
-0.464431
0.4191809
-0.9573321
-2.2844632
-0.30313557
0.6596432
-3.484305
-0.969684
-2.1292078
-0.92430955
-4.2756796
-2.2347665
-1.1264814
-3.062768
3.5262668
3.8161662
1.1573968
0.64397264
-2.0165422
1.0868108
2.9522328
-0.81551814
-3.8749163
3.3101358
2.4044392
1.8537043
2.5046952
-1.6646197
3.8880653
-0.8869136
-4.049311
1.5244706
-0.571272
-0.036370687
0.48393404
-0.46355534
2.9948611
-1.2039497
2.1150706
4.384019
-1.4813751
0.70193523
-1.334966
-2.8832734
-0.18920149
-0.99518144
2.111864
2.0327005
-1.6749624
1.6698823
0.46043348
1.0770457
0.19061556
0.9334579
-2.2821503
3.3682358
-1.9689503
0.74219745
-2.973319
-0.90574837
-1.7920153
0.034531176
-0.8195309
0.14012195
2.1534946
-2.0275147
-2.572431
0.3061104
-0.36956313
1.1879743
3.2360713
-0.6581291
0.0120856315
2.6405892
0.30759293
0.3042635
-1.6434962
3.0858946
-0.55196655
0.9091522
-2.5866058
1.5062948
-4.273632
-0.3239374
-1.0428241
-1.0747937
-1.031017
-1.3995245
2.6444955
3.760381
1.6690612
0.6333151
0.046614535
-2.1244872
2.7411532
2.4398105
1.4202709
0.42520824
0.5901026
-3.791546
0.046384513
0.85057443
-0.2788044
2.1783435
0.9073952
-1.1818789
-4.03222
-1.7777936
1.0509061
-2.68002
-0.70785785
-0.46558997
-3.6380494
0.44086003
-0.52967393
0.554789
1.6288018
-2.0172856
1.3169146
1.3714743
0.09901766
1.310682
-2.9474115
1.2913837
-2.270923
-0.350938
-0.25715715
0.1313627
2.0678306
-0.35157943
-0.56920385
0.38062286
-1.0548234
-2.179569
-0.6842002
0.30143973
-0.015666157
-0.50267535
0.83419824
2.2053857
-1.8878521
-1.2635651
-0.44101766
-2.846995
0.5064938
2.2396355
-0.79840815
-0.4324969
-0.8790513
3.3857505
-2.0153115
0.1365949
-2.6355932
1.341912
1.3548357
0.92378825
0.21125689
-0.4590971
1.1679151
3.24165
-2.0262687
1.5109792
-0.98174465
-5.5001945
-4.0775905
-1.077932
-1.5539844
-1.0019951
1.3208736
-3.6130047
0.62809694
2.1122842
-0.7780254
0.81682736
-2.0192914
0.38058522
1.0089062
1.1149242
-1.1952832
-2.3669658
1.5982339
-0.05806779
0.70497876
3.5861638
0.09992185
-0.6938987
-2.8908143
-1.9009185
-1.2468591
-0.5341443
-2.4323556
1.7672236
-0.3471964
1.741337
2.7575285
4.477064
-3.3414266
-0.40873975
0.9633585
-3.9967198
0.83993554
0.85153073
-0.111131415
3.1454964
-1.7820032
0.7210921
-2.7060235
0.63261336
-0.19891186
-3.404947
-2.145324
-0.2875308
0.1229391
1.3362402
0.38388443
-0.78333867
-2.2385056
2.1396987
-0.5993094
-1.5861027
4.4681635
-4.7752023
-1.8235865
-3.2168572
1.3759893
-0.4191116
1.0922412
2.509352
2.708993
-2.8424535
-1.3545798
0.29781997
-0.1483599
-0.46927756
0.37633213
-0.6419955
1.4816978
1.2349112
0.27640605
0.98664236
-0.6749855
0.8199972
0.56723964
-0.1713193
1.215192
0.2429111
2.7554984
1.6993393
0.30980814
1.9752392
-0.9528992
-0.50212634
-0.98987514
1.1970879
0.52086306
2.1662781
-0.2372404
-2.075052
1.771081
1.9890418
1.8814317
1.4441984
-2.5239298
1.6841284
-0.27048257
-0.07842794
0.102142885
1.1239914
-3.3749194
-3.4937558
2.0218575
0.8878279
-1.5195845
-0.781965
0.27922812
-0.6272748
-4.2921343
0.6564893
2.6634722
-1.5484664
1.9799199
-2.7392015
-0.34942997
-1.8587221
0.5543994
-0.6208509
1.1652763
1.9423395
0.90828055
-1.8578336
3.2562323
0.7801724
-4.135657
-2.5755117
3.030891
1.3774031
-1.8042427
-1.7864026
2.1129417
-1.0116377
2.084147
-1.0561023
1.3165878
1.1042949
0.06896242
-1.1034712
0.19466797
0.255696
4.1699014
-2.540329
1.4489828
-1.9859117
-2.1574862
-2.0373473
1.7736777
-1.3920718
-1.0414795
0.16679288
-2.5637
-0.88957506
-0.7443919
-2.4317358
1.4845868
-0.5151905
-1.3084186
5.041353
2.376833
3.3581626
-0.31966293
1.0083036
-0.20718545
0.3198063
1.1834366
0.35591102
-0.7542512
0.40517405
0.14836213
0.21066764
-0.014289744
1.9861485
1.816873
0.17787531
-0.44463137
-0.2369372
-2.9912605
0.9598138
-3.1522264
0.74546987
4.6949215
1.0707692
1.6957368
2.056528
0.8318087
-2.2720938
2.8054512
-3.346714
3.502388
-0.64611286
-0.28334913
1.4317608
1.024752
0.23187757
2.7982898
0.34626716
-0.58579737
-3.1500807
0.9203049
1.9960467
-1.6632746
1.8294219
-1.1092176
0.6849725
1.3030334
-1.7583853
2.9784353
1.7605258
-1.9071827
-1.085546
-1.6629286
-0.2791924
4.0852814
2.2594366
2.2520902
1.7407476
-0.123249434
-0.9661081
-0.10390727
3.554235
-0.17076921
-1.4883853
1.6758701
-1.9167517
-1.6903977
1.7493886
0.29435807
2.8910377
-0.5704832
-3.576792
-2.3654883
0.86007786
0.87632024
0.4829249
0.50219584
2.7644506
3.9980896
-1.1026543
0.030853122
-3.3206136
4.7082276
0.6730755
1.8442401
-0.14361182
-2.4579031
0.9854502
-0.51202404
-4.105528
-1.7264087
-3.0005488
4.0455723
2.4731095
0.1639872
-0.6378747
2.1156096
0.27793393
3.1401064
-1.0739902
-2.9601078
-1.7459149
1.4858843
-0.47334927
3.157687
3.7002635
0.47655916
3.0105047
1.3386052
3.1981058
0.85828847
-2.7772896
-0.8060111
-2.9730153
1.1413863
-0.25108078
1.3845186
-3.1187766
-0.85800886
1.8343581
0.86650264
-4.622927
1.1997663
-0.7982233
1.553129
0.55097336
-2.887623
0.118363075
1.6373031
-1.0687329
0.2339794
0.43041235
0.720701
-0.9280783
3.1870162
0.807562
0.84028494
0.9989276
-2.1876
1.2737434
-1.7070704
-0.04241515
0.037995018
-2.8863091
3.382477