Glalius
1
-0.6673354
-2.2593048
-0.50802284
-2.422942
-2.8593733
-0.030811884
2.7384157
4.9258823
0.7796985
0.60817546
-0.44791603
-1.4121431
-1.3805965
-0.095003694
-1.7654233
0.8397455
1.6385813
1.9577683
-0.24154198
-1.2042497
0.95216566
-0.3356003
0.0052952245
1.114545
-0.6990417
1.4308393
-0.097806886
-0.69836384
0.79440945
-0.5055141
-1.6956955
1.9482666
2.3506155
0.40855417
4.0485387
-2.8890817
2.0990672
0.49206892
-1.1065326
-1.693882
-2.1698976
-1.0682877
-0.30638102
2.2433648
-2.1498256
-0.5803047
0.20276411
1.0678467
0.6672884
-0.9884948
0.27028215
-1.5608612
-3.1400685
0.028738268
0.8692045
0.34579965
1.251573
-1.556304
-0.42937052
0.33498114
3.096748
-3.0064871
0.8114457
1.217194
-1.2878287
1.9895996
-3.4381576
1.5375693
-2.300995
-1.865392
0.7508199
-0.73956007
-0.9666185
0.88023597
-5.385455
-0.57366127
0.66884077
0.9973303
-1.6722492
4.656815
-0.8531892
-3.8256178
2.338329
1.0810188
-1.2741158
-0.37746775
1.5646385
-3.0560598
1.3919554
0.23710722
-0.6853558
1.5085193
-2.33574
-1.2367059
0.30266052
-2.9928231
-4.36774
2.3251271
-3.0665476
-1.4756757
2.029386
1.2967641
-1.5600636
-0.6257747
0.34634206
0.41678655
-0.40453067
1.4547409
0.355088
1.9252379
2.494487
0.42894807
-0.71703064
0.53453296
-3.9146743
-0.8477481
-1.2398218
3.6263163
2.3280458
3.036266
1.2677178
0.14222223
2.0048625
0.09805173
-0.9286986
-0.8662109
0.10093384
5.3416743
-0.14393651
-0.57915497
0.44182953
-0.32141566
1.1278853
-1.7112082
2.640213
-0.18409954
-2.996555
0.18714273
-0.15735891
-0.83896255
0.5542003
3.5729551
0.45054963
-0.38743082
-0.028342053
1.0099572
-0.77981305
1.3343098
-3.354544
-2.0694633
-4.322045
-1.8463657
-1.0668541
0.07910511
-2.1906614
0.11280252
1.6171831
1.9931351
4.450964
-0.40742
-0.5915109
0.15025881
-2.110866
-0.09546029
-2.1835754
1.1922575
-0.501925
-0.3745821
-1.2623823
-1.1056774
-3.4633176
2.9943142
-0.07150728
-2.874023
2.6596594
-2.0418456
0.26962185
0.5815319
-0.058538847
1.0878676
1.0880945
-0.034930266
1.7336556
-2.6780305
0.07608997
0.6932371
2.6496027
-6.458205
2.2315502
-1.4940882
-2.3015215
0.2699848
-1.2101302
4.952471
-1.2400181
-0.35178867
-0.32133132
-1.515888
0.8216481
1.5949576
-0.61845714
0.9142828
3.2964933
-2.6194105
2.3901296
1.3251705
-2.877893
-3.0182936
-1.0470753
2.114899
-3.249086
-1.872987
-0.02618298
-0.24958207
-3.8560414
0.91304433
-0.1455689
0.9493126
-1.4835464
-0.00030383468
-3.9002738
-2.2942762
-1.433968
2.5652807
2.065553
-0.35322613
3.2510905
-0.997045
3.1693852
-2.4814498
0.5032069
3.1918738
1.353235
-2.1736424
2.285978
3.1479983
1.3559799
-0.381021
0.63885915
-1.0602779
-2.545211
1.6953642
-3.915637
1.1202891
-2.1279097
3.8829622
4.408283
1.968639
2.31999
1.0307574
-0.48997107
-1.4195067
-1.1262444
-0.8682811
2.108882
-0.1264655
-2.361322
2.7430258
-0.45854205
-3.5957792
-1.9263948
2.4683523
1.3059924
0.53560495
2.6181808
-1.5058273
-0.6700367
-2.0067456
0.4394967
3.6122985
1.133254
-1.0660589
3.8770223
1.0399725
1.8434038
3.2898688
0.057224765
-0.51514256
-0.79815733
2.883716
-6.364305
-3.0555537
-0.16161177
2.473262
-0.67338157
0.29555026
3.7484128
-0.3641782
0.8077991
0.73323345
-0.91408426
-0.8464829
0.5800026
-0.80652714
2.516878
2.0203602
-3.3313384
1.4477464
3.612627
1.0846827
-1.892363
1.4380299
-2.0949445
3.2091599
0.87073535
2.5419493
0.41967106
-1.4856781
-2.4038134
-2.2165396
-1.4307449
-1.5882835
3.0233757
-0.4328114
2.8277588
-2.5406444
3.1121833
1.2823648
-0.07750634
2.6589384
1.5446497
-0.41712976
0.058711804
1.6210696
3.4016876
-1.7319757
1.6333172
1.8631033
-1.4046196
-1.0432495
-0.33742267
-1.4037108
1.6931856
0.09210979
0.07399836
1.111862
1.3550254
2.4234288
-2.1407368
-1.9922224
3.5042827
2.119453
0.38095346
1.1719719
-4.6435575
1.4741035
1.6548895
3.0656662
0.66803914
1.2332033
-2.588033
-2.7251577
0.14256237
-2.5049226
-0.79251015
1.584198
-1.1145468
1.4792044
0.41457254
-2.0753474
0.049814627
2.8668463
0.21742034
2.5405085
1.9442477
-2.81779
1.3105496
-1.5726609
0.8617018
1.7493376
2.47507
-0.52950394
0.9751734
2.5892491
0.1763492
-0.27183366
0.7662763
0.6714634
-0.03421399
-0.30660504
-2.004661
2.1274858
2.3262873
1.750601
-0.28695142
-0.51561034
1.5913491
-1.031552
2.157326
1.1390605
0.9423398
0.35504803
1.2305396
0.19485307
-0.44157732
2.3961844
-0.9351112
1.7278227
-0.24282648
-1.7133969
0.23678851
2.3839722
-1.221379
-0.836548
0.37932023
-1.5439086
1.9192859
2.488447
-0.44223103
1.769159
0.48021033
-1.0587356
2.797096
4.248984
2.1344912
-1.1819893
-0.6440473
5.204643
4.613298
-1.5222145
-0.07420878
-0.6199381
0.35176092
2.4721806
2.9850333
4.110965
1.3787102
-0.8233807
4.570222
-0.46812883
-1.4326538
-4.0591555
0.06548469
-0.2970505
-2.2890632
2.8067975
-0.44652456
3.9794219
-1.2072159
-3.4707136
-0.99170405
-3.1229424
-1.0276872
-2.3430605
-1.2254995
2.3828576
5.600267
0.5401115
-0.15548138
0.9939519
1.8720347
0.9611881
0.7745163
1.1392261
0.39393285
0.45586503
-1.348013
2.0786068
-2.0291271
0.68525565
-0.45844367
-0.6031816
0.07406397
-0.43731552
-2.4758177
-0.23916864
3.790783
-0.9289444
1.8766067
0.74380964
2.3971064
-0.22610304
0.85773283
-2.71039
-2.0016735
0.15676613
-1.7176076
-1.1045593
-3.3950186
1.4972372
-1.5912547
0.71315205
4.668402
-1.0466201
0.67459196
-0.9820873
-0.5132129
-2.1553252
2.2080607
-1.2620616
0.17790532
5.15882
-0.48275122
-0.3531497
-0.035128668
3.3782864
0.15767387
1.6439159
-1.5408934
-2.7355626
0.8747756
0.9972248
-1.2132266
1.178676
0.11724406
1.4833543
-0.8881337
1.522104
1.8151017
-3.9419985
0.14825462
0.997395
-0.6714481
-1.3162285
-1.0816966
-1.7670013
-1.9009907
1.8627377
-0.21727526
-1.607199
-0.085499346
3.1766143
-0.8819352
-2.0563009
-0.870685
2.3546813
-1.4021151
1.3822919
1.2283146
-0.10953885
-1.2579249
1.2507945
-0.5565453
-0.4422348
1.7445737
-0.7233177
-0.62634516
-0.3460156
-0.6148906
-0.7377911
-1.4083109
-6.0802183
-1.469662
0.078176275
3.7978628
-1.5478445
4.4926357
0.14706308
-0.5798887
3.2328823
-1.4250648
-1.3589065
2.1166296
-1.9423339
2.7225533
1.9619309
-0.407287
0.002583675
-0.91152906
-0.07733425
0.13663943
-2.2643545
3.1640673
2.303263
-1.3234558
0.8175787
-1.9570876
-0.06871519
-1.4361769
1.1288754
-2.035325
-0.52375174
1.3606673
2.471774
4.040374
0.5872141
1.0829837
-2.72908
1.2516736
0.17863356
-2.9279957
1.9235443
0.65762717
-0.10471907
-0.58586985
-0.4807101
0.59022146
0.19316909
-0.43999428
3.3821235
-1.1327202
1.8471627
0.90987796
-1.822311
0.21411753
-1.8262706
-0.16207823
4.5639453
-0.61359805
1.7466912
-1.3938615
2.19909
-2.7633708
1.9143351
1.3472904
2.8763235
0.5380374
3.748602
-1.7521563
0.26657522
0.28351074
1.0027347
-0.80949485
-0.8369222
0.48482805
-0.19899505
2.2658637
-3.3052022
0.017136239
-0.87426174
-2.711536
-0.016062997
3.1207144
-0.7317225
1.2859045
-1.919226
3.0552652
0.8004073
0.8732199
-2.1588788
3.2060566
2.9197268
2.6322598
1.3464398
0.3682554
0.2720247
2.3926566
-0.37472865
-1.0842288
0.6750755
-0.16281287
0.8209756
-0.063222274
-1.0875639
0.25417912
0.47618786
1.9067692
-1.3195747
0.7858672
2.4299316
0.77273464
0.7202744
-1.086936
1.9484388
-2.8473637
0.85273653
2.31162
-1.5128325
-0.6740586
0.8385061
-1.2663634
-0.02342625
1.7749428
-3.776624
-1.7364694
2.1863766
-1.2372388
0.79390746
-2.4343572
1.9415009
-2.2142668
1.822093
1.0656432
0.4829404
1.590411
0.18227322
0.94597447
-1.8445157
1.1006764
-0.59221107
4.0032845
-0.8067228
2.789633
-0.53123224
-0.14745583
2.4887347
-4.4852653
4.2318206
0.42580858
0.3488898
2.052454
-0.055400066
1.5358413
3.2072358
-1.1126689
-2.6722226
0.06994409
-2.3898222
-0.22992666
-1.0157756
-1.441998
1.4190445
0.9531042
-2.2967303
-3.4362543
2.3634522
-2.0248768
1.4099786
-0.69175255
-1.2891287
2.3627286
0.4844273
-0.53815275
1.8631839
0.3603071
2.661985
-0.4911117
1.4281095
0.14601718
-1.1750454
-0.43273216
0.005941771
0.36208567
1.30535
-1.2382226
-1.761485
-2.5911698
-0.020160578
-0.5563017
1.1083829
0.44287902
-1.2484435
-2.4133077
-2.7746081
2.2513216
1.3122028
-0.9311219
-2.42191
-0.8199267
-1.464883
-0.42965475
0.7542618
0.8783531
0.6830813
1.5129273
1.6317066
0.96125305
3.3049855
3.0238762
-3.0435164
4.3919663
0.24280596
4.297442
1.1492442
1.8784741
2.4873505
0.32372543
1.4860445
0.4179263
2.7045417
-1.0234613
0.92815435
4.7193966
1.8778545
-4.3006973
1.0904852
1.973451
1.4964707
0.34186566
-3.045891
-1.3375609
-2.8706036
-3.0534515
-4.315399
-0.29799294
0.90490866
-1.5988514
1.1108794
3.739771
1.6281561
0.22630218
-2.599688
-2.3250844
-1.1309934
-1.7115625
1.4100999
-2.4331791
1.7584909
-0.2606798
-0.008360967
-1.1975732
0.6067945
1.044602
-0.7810039
0.3160411
2.0362537
-2.4057927
-1.5416042
1.472822
0.44497228
-0.13036686
-2.8294835
0.3721736
-3.417613
-0.7595104
2.554487
-0.9903407
-0.7371376
2.5124726
1.3748817
-2.7446613
2.1621609
-2.174837
-1.0453024
0.8649319
0.05513725
3.1584342
-1.6330832
-1.2156395
-1.7464896
1.1882222
1.6153332
-0.33289853
1.1788503
0.094275095
-0.48320913
1.5584776
-2.0423295
0.84432626
-2.2007565
2.59141
1.4521766
1.6962174
0.61528075
1.493603
-2.2903092
-1.2849005
-0.14177558
-1.247375
-2.4605238
-0.49498025
-3.7917902
0.6366364
-1.8417186
-1.6916938
1.7021178
-4.7608104
3.5051832
-0.37372905
0.66663045
0.14081515
1.9556153
-2.4399536
-1.190585
1.2475994
-0.32286173
-1.174554
0.50646234
1.1038849
1.6296921
-2.0313087
-1.8266357
2.280756
-0.6362282
-1.1053752
-0.6218667
-0.8212767
3.228654
0.53645504
0.8549263
-0.5080481
0.0938321
2.4541335
-1.0713669
-1.7662452
1.2317145
-1.0028744
1.389111
0.032453284
-2.8733604
-0.48722288
3.9492617
-0.7287911
1.4175372
-0.84707195
0.78144974
-0.21052536
-1.5259541
-0.49290875
-2.3002744
0.23726837
1.2002872
-3.6682312
0.38226587
1.6539093
2.3073554
0.44702455
-1.616662
-0.61241263
1.6830084
2.4185638
-0.053764172
-4.895221
-3.23743
-3.0516958
0.45234478
-2.0768867
0.85974544
-1.0191277
2.8118968
3.0099
1.0231936
0.3964756
0.7028872
-1.9261682
-0.060491823
-0.58407307
-1.4420773
2.0752501
1.8556697
1.7940084
-1.2156119
-3.3270454
-3.5366993
1.1161753
2.9700236
-1.1883733
-1.1043098
0.27949876
-2.6466649
-0.7775527
1.4900259
-0.33411995
-0.779146
2.905368
2.5400941
-1.6233191
1.7668917
-0.83541113
2.4463677
-3.0615246
-1.7117397
1.7703681
-1.0169833
-0.06882506
2.7929828
2.1294768
1.601729
0.8678481
1.7984952
-2.7386358
1.2442385
-2.3836813
0.45242766
-0.88479763
-2.940255
0.086435504
3.480562
0.50991356
-1.4780741
0.33063352
1.0760657
-0.39946058
0.1900399
-1.3484776
-0.011177406
-0.79634714
-3.396638
1.071011
-0.07917778
1.2317039
3.6932783
-0.5738615
5.53949
-2.7675965
-0.5039214
1.1400633
-1.7759192
0.7506195
-2.0379348
0.48546576
0.5879267
-0.7037413
-0.07767827
0.74380606
-3.3832107
-0.71581405
-0.34780842
-0.7980878
0.06838768
-1.8409058
3.368968
-1.3099921
1.6234705
-1.5537477
2.13153
-1.8684874
-1.491552
1.4252442
-1.6357354
-1.2395209
-0.18650249
0.44426957
1.3232981
0.5523858
4.381594
-0.8512584
1.4210422
1.2914915
-2.9599173
3.4832711
-0.2880816
-2.6107728
0.9602268
-4.8329883
-1.1563219
-0.590674
2.0440598
-0.9367265
-0.6342006
1.3192158
2.0314527
-3.848077
0.0067137256
-3.5291083
1.7355733
2.5371785
-0.027491406
-0.56151456
0.3348986
-0.18623586
1.6191328
-2.1114218
-2.3729944
4.7285566
0.33942193
-0.13532312
0.52509886
-1.2551527
-0.8153883
-1.7500296
2.7872527
1.6009903
0.3094371
-1.0534129
-1.5184228
0.63931525
0.40174243
0.29586717
3.0069878
2.1369042
1.0265
-0.96450907
-3.4405272
-3.6614256
0.04935538
0.048722576
2.056166
0.43996376
-0.23980635
1.8277862
-2.0429568
1.0682547
-0.58239913
-0.51157355
2.2634716
-4.445238
-0.046624206
-0.46831334
-1.5413475
4.424108
0.10007234
0.24865897
-1.5080444
-1.2399687
-1.5444208
2.5568635
3.059516
0.81628835
0.76842684
2.0289776
-0.58592594
-1.3543955
2.2862847
0.07413421
-4.199693
-0.4199961
-0.52882195
-1.3574737
2.2191846
-1.0873774
0.9404025
-2.1550233
-0.033675194
-1.8679937
0.87710845
-1.5313034
-0.96352583
0.42295745
-0.6692931
-4.645547
-0.58577967
-0.9282773
0.8863441
-0.065992706
-2.94607
-1.1619736
-0.48204932
0.27412805
-4.107609
-0.9281193
0.30040792
-0.7916958
-0.789771
1.3701414
-1.9992585
-1.9542117
1.6602144
2.7006369
-4.046906
0.019388672
0.041070536
-1.4802954
2.5076063
1.8427488
-1.084601
2.0202122
2.721333
-1.030996
3.024927
0.3869043
-0.72008884
1.5500107
2.241264
-2.3873813
2.0482922
2.6625245
1.1628425
-1.0894095
2.8837492
1.2231594
3.6034238
1.5850662
1.4721719
-0.5264781
-0.51152754
-1.4614394
2.5845058
-3.0312712
-1.1070799
1.1454788
1.8311675
1.3714666
1.9860812
-3.4035103
-0.29536104
-0.55630183
0.50805324
4.371428
0.53850573
-2.2722666
-3.4276118
-3.0341694
0.2375289
0.9548744
1.3455842
-0.5938276
-0.017541468
-1.8658177
-1.067587
0.14724594
1.5875989
-0.4699652
-2.4428828
-2.4902744
6.4757934
-2.1663914
-1.3130041
1.1178164
2.665831
-0.7091573
-0.24789844
0.4996191
0.86979634
-0.7519172
0.19032842
-0.22665739
-0.79606956
-3.5574813
-0.6853422
-0.5396628
-1.9130465
-1.342594
-0.6909129
-0.23136921
-1.9602829
-0.24163774
-1.3624059
0.61042994
2.1242535
2.5559409
0.08697935
0.47655773
1.9029245
1.4140335
-0.8894203
0.81166023
0.75773925
1.0489633
-2.06887
0.32059878
-0.8923031
-0.6949784
1.6499922
1.7573252
0.43287984
1.1722558
-1.1799971
-1.4816036
2.1255124
1.3871841
-0.88885206
0.10481413
-3.4810698
0.87500995
-2.4214008
2.636208
3.7179937
-0.3841031
1.7824088
2.0215209
1.5211514
-1.6504568
-2.1841156
1.0690104
-1.7802263
-0.867373
1.0323974
3.9012532
2.0399976
-1.8701946
-0.30464208
-2.9115412
1.5655085
-1.1911458
-5.0060463
0.3370392
1.9161282
-1.7644211
0.6335554
-2.5649586
5.2265463
1.4741896
-1.4444435
-5.0925474
-0.40824693
-0.8966534
-0.32845262
-0.37697566
-0.3243708
0.6949562
-2.0495212
2.504537
-0.44178694
-0.80175775
-1.8763641
-2.8120022
0.6942963
-0.2713288
-1.2258173
0.85698223
-0.3024065
-5.810066
4.0314155
2.3305728
-2.6537678
1.39823
-2.2397316
-3.7690823
2.1710515
-0.2999155
0.52454615
0.09233118
0.24710578
-4.5751143
-1.5624769
1.9722003
0.29426527
1.2652953
-0.670595
-2.34293
-1.0300187
-2.2699728
1.4830648
2.7063022
0.5254211
1.6566892
2.204021
-2.749535
1.1319263
0.37540454
0.69901806
1.8331772
-2.5871742
1.6903301
-1.0131409
-0.9486814
4.601033
3.4523437
-2.1381648
0.7866075
-5.018268
1.7216216
0.486818
-2.6467638
-2.8328083
-1.0092828
0.3658047
1.0208557
2.5288002
0.80829096
0.9770315
-2.3973346
-1.3000208
-1.1403968
-0.90251637
1.4868453
1.7403738
-2.500976
-1.9295548
-0.16220585
-2.9357977
-2.6122172
0.48596078
3.6500287
3.286987
-4.3879128
1.0224067
1.1879758
-0.07985646
-1.4538274
0.27899715
4.410804
4.4973392
0.8365337
0.8413152
-2.9858491
4.2277493
-0.09797053
-0.85893285
-2.848885
0.97344136
-3.4031284
-1.0137473
-0.23335145
-1.346552
-2.1056085
-1.0385319
-0.8241487
0.8399249
-0.21428004
2.0133908
-3.3890233
-0.9488671
3.1042726
0.116640285
0.3650785
0.2633439
1.7510911
1.2476348
-0.6441201
-2.1178045
3.4154766
-1.0317916
1.8674345
-3.1339383
0.4015283
0.7556321
1.0861421
-0.48132792
-2.2149615
-1.243059
-0.85463077
2.1485682
-1.0431695
0.70944387
-0.17681359
-0.36855048
-0.6266323
0.7229313
-3.8410282
-4.3339963
-1.9352275
-0.22981514
-2.4517379
0.76655567
2.14806
1.0614635
-0.6551123
-0.6093882
1.8446827
-0.24354923
1.3906162
-1.6790881
0.098198414
1.9033082
-1.7186534
3.583096
-0.25789416
-0.10261161
0.40010267
-2.1824367
-0.974123
-0.3214618
1.7429644
-0.3208119
-0.9854936
1.9081324
-0.44995266
-5.3449755
-2.003945
-0.09750092
1.2080563
0.51202375
0.45724192
1.895718
-0.6592838
-3.129099
-0.4161149
4.2036424
-1.373244
-0.3366909
3.3938003
-0.4360639
-0.19216833
-3.2781913
-1.3521427
0.57962036
3.323438
0.6253036
-0.4819083
-1.2093576
3.1100671
-1.168669
1.2752346
-2.026107
-1.1968673
0.54927814
-2.618845
2.4632094
0.25779492
-1.1735054
-0.4707022
0.9355343
-2.2188764
-2.4409342
0.54332
1.333109
3.7894273
0.4828636
3.520178
-3.2645068
2.9811664
1.3099205
-2.649654
0.5283592
2.9894853
-0.5709704
-0.87205744
1.0708748
0.7812087
0.7243531
0.4023644
1.0870639
-2.0769587
0.22342144
-2.443564
-0.83019286
-2.3991067
-2.587421
0.16752136
-1.0190474
4.1782684
2.5434992
-4.5377975
-1.8031996
-2.0754466
-0.5942163
3.5466292
2.0509706
-1.6761105
-2.681379
-0.43213427
0.9333406
-2.109037
3.159266
-0.31494665
1.7313907
2.420332
-2.5016441
5.7392597
-1.0881481
-1.5913569
2.240472
-0.34012905
2.3193104
0.39442357
-2.4131637
1.1933818
4.0124273
2.2855601
0.5625372
-0.1491426
-1.2395898
1.041706
-2.1374595
-1.8780944
0.64611876
-0.26404443
-2.7724228
-0.6221132
-0.1454334
-0.95120955
2.3525357
1.39618
0.39797872
-2.385443
-1.0988023
-1.887021
4.1043057
3.2181115
-2.2009735
2.992597
0.043246754
1.937176
1.4032272
-2.638853
3.2959487
-0.515218
-1.4632255
-4.316624
-1.5702115
-3.3959236
-1.2786103
2.5141592
-0.49171415
-1.2763407
1.476284
0.89106727
-1.3418556
-2.2252433
1.3256769
-2.666392
1.0378236
0.6676672
-2.4172204
-0.9292951
2.068418
1.2629296
-0.8943151
1.3723185
-0.78803587
3.0217702
-1.1195211
1.4212987
4.037278
1.3097577
-2.3015907
-3.584206
2.8137686
1.5755173
2.9654279
-1.8418876
-1.0609022
-1.5454952
0.94852835
0.9750639
-0.25795662
-1.6591632
0.2354769
-0.34078544
-3.3595936
0.5441318
1.9934351
0.25154322
-1.6680748
-0.24973302
1.0760686
-0.96507466
3.580783
-3.515845
0.5896813
-2.0382662
-2.1375859
-0.0055705495
1.1481107
-0.35439652
3.9869723
-0.45029533
0.31918997
3.3016574
-0.24469188
3.5940652
2.1675353
2.4594867
1.5819764
-3.2517416
1.5299168
-3.883305
2.3072658
1.2846476
-0.4918422
2.1952794
-0.38540477
0.40962672
1.795817
1.1739774
0.16994686
-0.26146755
-0.718147
-0.98951715
0.25851148
-2.707683
-0.23042515
2.8656743
3.5484009
-0.68683565
-3.465103
0.7148157
2.756442
-0.75325215
-1.3763983
2.6656632
-0.32394218
5.730043
1.1858678
2.958031
0.761471
-3.2307293
-0.9052642
0.81088495
0.4910491
3.2544403
-1.6747409
3.647198
0.09026762
-0.018937312
-0.030942388
1.8149382
-2.0511663
-4.3594975
0.7621863
-0.4597288
-0.117966995
-0.82356304
0.85792226
1.786341
-1.7294854
0.26757225
0.54566246
-1.1759413
-0.42067263
-2.7435105
-1.7461967
2.8795729
0.35443646
0.0010352731
-1.9998828
-1.8712131
-1.0848969
0.9760319
4.5425496
0.41403022
2.3783634
1.8915114
-2.0173929
0.5356149
1.8096236
2.3148375
-0.6539186
1.6637926
-0.7710545
-0.43354943
1.4928265
1.0260743
-0.50703114
-0.57676774
3.374794
-0.23733856
-4.843754
2.8427951
0.7476413
1.6824379
2.6406112
1.2571385
2.790093
1.2637854
-1.447665
-0.29711977
0.193395
-0.19209734
1.3074819
-0.04407934
1.956694
-1.0134941
-1.9017525
1.992761
1.0277537
2.399532
-0.3035901
-2.2979476
1.4826325
-1.672469
-0.4359718
-1.5559239
0.48127252
0.2640596
-3.4990394
0.75301445
-1.356712
-0.5819968
-3.5661488
1.893031
-0.63514555
0.38691697
0.17326893
2.192697
-0.5310304
1.140098
0.4840455
3.8801577
-0.5632437
-1.5540012
1.5182128
2.3145187
1.1589434
0.028889298
-2.655623
-1.5519079
1.2052295
0.06422949
-0.0033484176
1.0625073
-2.3102872
1.7780274
0.5426611
-3.3574758
2.069958
2.7490237
-0.121989615
-2.4505973
4.2228036
0.045853414
2.9249024
3.324696
0.70096
-0.20459756
-1.3555067
-3.3250566
0.45232219
-2.515753
5.1506457
0.4547432
-2.264889
0.46880418
-1.8059624
-4.151435
1.0897577
0.4415807
0.6890686
-1.0931935
0.92576474
-2.1334722
0.7115736
-2.3387985
1.6040955
-0.8454797
-1.461504
-1.9514912
1.6563827
-4.0473394
1.2301339
-0.52590835
0.09156144
1.6929525
0.08636888
1.2752016
2.8776152
-0.54401904
0.30436176
1.2328626
0.91155434
3.2182064
-1.5113825
-3.4506059
-0.8079913
0.06112092
-1.4531724
0.18729243
1.3174188
0.49292332
0.23977968
1.8262539
1.3106867
1.2704607
2.843349
1.2351191
-0.9209126
-1.2686591
-2.667988
-1.8498244
0.5694103
2.1305568
0.6296189
-5.916148
3.8359947
-0.19537488
-2.3747704
1.2535579
-2.2406535
2.2086394
0.05768078
-0.088093475
-0.14576094
-1.5794593
-1.1275032
0.22325385
-0.29109266
1.5490326
-0.9322292
1.7668346
-3.2006907
0.11532358
-2.0197656
-0.35837707
-2.5076747
-1.3848848
0.2515868
-0.6795118
2.170696
-0.29020807
-2.5959783
1.1111584
-1.5804726
2.134096
0.54420173
1.8784469
-4.4173822
3.0780745
1.343276
-1.9017923
-1.5003757
-2.7566388
2.4798224
-1.5452532
-1.9782016
-0.2982102
-3.1032145
1.7982929
-0.91863424
0.7678686
-1.037183
-0.15387872
-1.6974449
1.852506
-2.6972587
0.70179516
0.045317702
1.9503429
-0.33185732
0.015561253
-1.2395473
2.0310712
3.7436304
0.9504468
-0.40975326
1.582238
-1.2804856
2.4675763
-2.176613
1.9755256
0.73765385
2.2498171
1.3142974
1.1384022
0.6667107
-2.5189078
1.3604368
-1.2414157
-0.61031055
-3.163919
0.8374545
-1.6523325
0.7853089
-0.6471269
-0.5467693
1.0799718
1.0134764
-0.040190108
-1.56001
-2.531828
-0.769388
-2.2718956
1.1800184
-1.7843679
1.4677
1.3453727
-0.38952005
-1.8105007
0.30764502
1.0975164
0.10671428
2.13468
0.23113948
-4.1666965
0.8107442
-4.1039696
0.82139534
1.0477126
0.0025502518
2.478774
-2.0245976
1.1010693
-1.4512147
2.9305253
6.474695
3.694213
0.45556828
1.9356527
-1.3052039
0.18683027
1.4610015
0.40684065
-0.2316513
1.034974
-2.2971232
-0.21668291
0.010445759
-1.0751649
-1.3786329
-1.9947814
1.4762516
3.1386077
3.057768
-0.3819623
2.9411488
-2.617441
-0.9435622
0.6437208
3.07754
4.407389
0.535139
-0.5838455
-0.2918251
-0.0038416535
-1.6705375
0.5756805
-0.931651
-0.8520181
2.0988023
4.3506618
-0.7402089
-1.2566779
0.2571969
0.88802457
-1.9697294
-3.105023
-0.64927137
0.6910099
1.4219723
-1.2410752
-1.1877646
-0.003875304
-1.3025002
-1.0299058
1.1487083
0.7906246
3.5329237
-3.2572122
0.24801657
-2.6683059
1.5168986
0.07261713
1.334053
0.7800009
1.1735263
-2.982371
0.68155843
-0.3102396
-1.001858
-2.1567042
0.46162385
-2.2607415
0.27202448
0.29109275
3.0164561
2.7875724
0.4386476
0.12375342
-1.5655025
1.1511658
5.419133
0.02951508
1.5720578
-1.1702015
-2.4464767
-1.7448454
-1.8237903
2.332643
-2.546288
2.3012726
-0.6560796
-0.7224198
-4.5101957
1.4018363
1.9836746
1.9405534
3.6220572
0.4209349
2.058409
-0.36496472
-0.62923014
2.4697456
-3.8017783
2.480871
2.0773082
-1.2706996
-1.037068
-0.7224021
-3.0843163
-0.7201653
0.11055297
-1.4844551
-1.2065829
1.7885875
1.1437562
-2.0939791
-0.8842836
2.279513
0.61530405
0.102095135
0.2849639
3.1087823
-1.8324819
-2.1789408
1.1967517
-1.8958789
1.617007
0.1724979
4.488274
-4.0812345
-0.5619828
-0.8523705
-0.579595
1.9005555
-0.3673512
-1.7445534
3.7399192
-1.3195019
1.8038228
-1.2911441
-1.046369
-1.5606372
-0.96797293
-1.9592143
-3.8512592
0.56873417
1.1964265
-1.3142185
-0.095226705
4.2244644
-2.3088498
-1.0192506
1.6089021
0.12860037
-1.7369633
-1.8231821
-2.2102368
-3.167906
-0.46227655
-2.208827
2.9807177
1.5385903
-2.2564006
-1.1601167
-1.1436224
1.4766783
1.3075984
-1.6516855
2.0820928
1.728919
4.149971
-0.017000481
2.0837755
-0.33483025
0.75118214
0.14115208
0.38501248
0.9114854
-0.40069956
-2.2116814
3.9756472
2.5934775
0.8253671
-0.82730913
-0.86924684
2.6818564
1.395857
2.3309681
-0.5343616
-1.0947675
1.0710057
2.681184
1.9057186
-1.5281695
1.9256123
-0.44272882
3.686501
1.7986387
0.39511338
1.4278735
-1.5556018
1.1528335
0.24084255
-1.4431667
-0.5739919
-0.09838592
-0.09647725
0.6671191
-3.4306214
0.6856056
-6.8015914
0.8773806
0.9875569
-0.59705424
-5.6115026
-1.0225638
-1.546841
3.4281497
-0.5606989
-0.43977445
5.1821766
-2.3733835
0.5053684
2.4261377
-4.9002323
-3.845233
-1.3402848
0.8037764
0.78628826
-2.1927938
0.18215701
1.1386905
-0.8207008
2.2055733
2.3143182
0.13973887
-1.6992776
0.541979
-0.54571605
1.3387835
1.2672701
0.46310622
0.6276154
2.2752886
-1.1707612
-0.9523109
-0.59371406
0.3107574
2.7591622
-2.027363
1.6245878
-0.48627973
1.2556047
0.040548034
2.0785131
0.21600203
1.7702309
1.5048825
-4.274883
-1.5499696
-1.5367669
1.1454773
-0.1186182
-1.4846022
0.4702972
-0.7894393
0.8644802
-0.32208648
1.3904761
0.7757487
-0.28431296
-1.4631195
2.8505452
0.9631927
1.066734
-3.4232864
0.6830877
-0.9721227
3.9496245
-1.8265159
-1.4767822
0.76933694
-2.3843217
-4.1193657
-1.5498719
-2.8974319
2.3195946
5.116112
-1.3150718
-0.84933764
0.006084837
0.3723571
0.62704504
-0.07101807
3.1565497
2.2710207
1.3480178
-0.24294564
2.5580192
-0.37792557
-0.49672753
3.6609392
1.2101336
-0.176044
0.60986555
1.3251237
1.7210712
-1.8134253
-0.054929025
2.1959772
1.2577094
-2.0692015
1.7411635
-5.4194303
2.7450237
-0.44191527
2.0826533
-2.8377717
0.4596706
0.18020001
-1.1048889
1.804965
2.926315
-0.48833793
-1.1051277
2.215984
0.85639405
0.253013
-0.94998735
2.6182396
1.0099952
-0.09282442
-3.801288
1.3129462
2.2851334
-1.7287359
0.36483532
1.4556766
0.74619836
0.19520995
-1.4605687
-3.0420473
2.8916755
1.2647798
0.7429857
-0.3466916
-2.0834002
2.5095162
0.019832283
-1.7571007
-0.48767596
0.011078436
1.8509663
1.2238996
0.091963276
-0.4434766
-2.5965931
2.8726544
-1.1200972
-0.44171733
0.40207118
2.2003605
0.7982741
-1.8283011
1.1677852
-1.0405892
-1.917804
-1.5070091
0.49728143
-1.0944235
-1.6821313
0.056489535
-0.40070266
0.060993306
-1.5556706
-1.4598151
-2.3807588
0.97067857
0.2473719
3.0054533
0.6814202
3.265709
0.34032047
0.8037066
0.70988405
-0.48037058
-1.8929764
-0.27368823
1.411305
1.9090677
0.86149293
-3.0886896
-3.7186441
-0.33615443
3.3596249
-3.5277476
3.1164856
0.8276928
0.18434694
-1.846163
2.9932747
-2.4447773
-0.06865895
1.8491569
1.137194
-1.1262883
1.3670585
0.87032723
-0.46635547
-1.3542675
-3.7647588
-1.7481949
4.422766
-2.499004
0.26201504
-1.0669584
-3.8930287
0.6847139
-3.1115208
2.1217234
-0.541196
0.67781824
4.097908
-3.0095189
1.4739947
0.3556438
-0.2254439
-0.73868316
-2.484547
1.141324
1.2761735
1.5782021
-4.871079
-0.21352717
-1.7609926
0.4876896
2.1063468
-0.67740136
2.814274
-2.328079
-0.93304276
-0.991641
0.3636526
3.9901161
1.9055871
-0.7312335
1.2962317
0.46603972
-4.1022725
-3.1884983
1.1532582
-0.50621724
-2.0334785
1.1259729
1.0361269
1.0387951
-2.1620395
-1.7852968
-0.4441008
-1.6005721
0.67606455
0.87235177
2.3396804
1.2273302
2.9695725
-0.96403295
0.212341
-0.32754183
4.210596
-0.058555663
-1.2176601
-2.791423
-2.928382
-1.0813895
0.6353908
2.0939803
-0.0984788
2.6917644
1.7607417
0.27154112
-1.467418
-0.69951886
1.9054631
1.1597519
-1.6085675
5.3072953
-1.4745243
-1.7201867
1.1350965
-1.4320015
3.2022622
-2.0216665
-4.273336
-1.3463018
1.9952929
-2.2386572
-1.7713372
1.9421116
-1.7946373
0.95950884
-3.1052196
1.4547902
-1.5541239
-1.8824077
1.491935
-2.2240465
0.6168076
3.2634315
0.72503084
0.0790422
-0.05748611
0.10483236
0.7338995
-5.0280423
0.25995725
0.17691061
3.462766
2.0216205
-2.4395776
-0.14103317
-1.0840682
-1.828897
-2.4814267
-4.369819
-1.2754233
-0.8536812
1.8722856
0.09234318
-3.813551
-0.4533645
-0.6185272
1.3178605
-1.2063049
-1.918893
1.3103098
-1.897457
-0.26235342
-0.20586799
0.035743896
-1.8583606
-0.6330125
0.86472857
-3.3935087
1.9612982
0.6929987
-3.246991
-0.60706484
0.63141525
1.3792433
-1.4612857
2.021301
-2.7842612
-1.0540748
-1.7879553
-0.5578208
1.8582164
4.1237955
0.88258666
-0.092703454
-0.85563433
-1.9111613
0.95665544
-0.5501208
-2.4848626
-0.8556389
0.27657092
1.238845
-2.9673917
1.4430509
1.8849263
-2.1926951
-2.3439069
-1.3767353
-0.23591816
-1.9327401
2.0945354
1.4170833
-0.17278627
0.75333625
0.057072476
-0.9841779
0.5158786
-2.3559344
-1.5000205
0.7394852
-1.7087415
-0.40957132
1.1368726
1.5720623
-2.765552
0.05998908
-0.8344502
-2.3679519
-4.744906
-1.1117606
-1.1884764
-0.8113395
0.94332486
-3.4266806
3.772722
2.2186072
0.2857492
-1.4206011
0.37694603
-2.3950796
0.9154704
-0.23455778
-0.8351916
0.12855425
0.4172659
2.4169707
-1.1836241
-1.4871453
2.2945669
5.0481024
-0.16107348
2.0170038
-0.0014892817
-1.1546751
3.6493948
-0.5915063
0.6304254
1.3549403
-0.618379
0.31995094
-1.9018247
1.5294228
4.8974166
1.91958
0.2188692
2.4191241
-0.7775332
0.32480508
0.831368
1.5259331
-4.2955246
-0.057770364
-1.407313
1.8756206
7.5494685
0.043778036
2.0880466
-0.02614076
0.01598169
-3.450335
-3.4138808
1.2589787
0.41711825
-0.24021032
-0.82656324
0.38598856
-2.8965173
-0.34594283
-0.70765245
2.8935676
-2.5422275
2.1581688
0.9549529
3.8591492
-1.5831691
2.331273
3.1498063
0.50649863
-0.9517275
-0.854692
-1.3673623
0.14608854
0.8928252
-3.3792207
0.70066684
-2.5515656
-0.6799382
2.26059
0.61939204
2.980635
0.5119707
-0.35874802
1.7318767
-1.5033773
2.3754466
-0.931797
0.5656068
0.77794087
0.41986063
-1.347441
2.430841
4.5198193
-0.6284282
-3.1078887
1.4078563
0.7908485
1.4088554
-0.34444994
-2.310839
0.19538194
-0.65911436
0.5182445
0.33265904
-0.9006312
-1.4337136
1.3730651
4.6983523
0.3874642
-3.0812867
0.10229881
0.3146954
-0.54589224
2.2318366
2.0660708
1.1261364
2.2786424
2.2262156
-3.4898596
-0.9538321
1.9025885
-3.109313
1.6500394
0.97391945
2.372699
1.977746
-1.5783906
0.7509797
-3.7871873
2.064102
1.4696496
3.7565541
-1.6871059
-0.5155617
0.85797405
-1.8445963
-2.4377267
-1.3854611
-1.8322407
-4.4240365
1.1430191
-1.132701
2.2762718
-1.6958817
0.5130859
1.1867117
0.97302544
-2.9919338
0.6888383
0.2041663
0.7551814
-0.55752677
-0.8906285
-3.6768377
-0.09042203
-2.494198
0.2763349
-0.10687445
1.5846655
0.8453591
0.35218364
-0.12557212
0.84277767
-1.5407599
0.09264943
-2.1046195
-0.4404261
-0.061905935
2.009818
-0.50309104
1.6897534
2.757248
-0.47414622
-1.8490824
-2.2511857
-0.5929116
0.9363993
0.7566477
0.82438403
-2.2773345
2.3616009
-0.7878435
0.41123262
-0.28461263
0.93166804
0.09109506
-2.8247972
-0.3958557
-1.4615552
-3.3130178
3.3796284
3.09975
-0.35968915
0.4646741
-4.008822
0.5653954
-0.621158
-3.2924714
2.7935317
1.8807248
-0.24259228
-0.7389289
-0.7377922
-0.8074624
3.8108456
-0.7153832
-0.95721364
-1.519659
-1.108591
-1.1168243
-0.67895895
0.93739223
2.4556577
-2.1166806
-0.42978522
0.019903913
0.53593737
0.5731831
1.5205443
1.4823636
0.521358
-2.2848656
1.2652173
-1.0372387
-2.3044136
-1.6501566
-1.3836682
0.975834
-2.2240968
-1.2672375
0.48753518
1.7227919
-0.073073775
1.2500709
2.1169913
-1.7047075
-3.002304
-2.0186663
-0.6886346
-2.3051584
-5.3952074
-0.88108236
-0.3367366
-0.03864841
1.3131763
0.0718358
-3.4508963
2.3113441
-1.5101274
0.308259
2.8281386
2.4806104
-0.18096375
-2.0601811
-2.0194614
0.6455498
-0.55976474
0.0196172
1.0329098
1.857141
1.9036529
1.583696
1.3449072
0.067617014
-1.5158143
-3.5270133
-1.0072116
1.5386358
0.087376945
2.1406143
-0.24586512
0.51117617
0.48199162
-2.1666675
2.8024268
0.011225186
4.3684015
0.65564847
-1.3050232
-0.14832559
0.81766707
-0.78776294
-2.0521555
-4.5400004
0.63448703
-2.3793743
2.1329272
0.3779744
0.4647189
-1.8833389
1.4315193
-0.1120021
-0.505515
-0.32818574
1.5460448
-4.0303445
1.3220996
-1.4942989
-0.587648
0.71727383
-0.82427925
-1.9139208
1.952308
-0.61605215
3.7566936
3.5982614
-2.3878477
-0.78374887
-3.6052656
3.4984725
-0.4968672
0.13885784
-2.2332668
-0.62926507
-0.5415412
-2.0177932
-0.36456102
0.5644246
-0.6409257
1.0974321
0.4181816
-0.4585306
-2.374682
-0.96792996
0.012497924
-0.7564315
-5.458857
-1.4204415
2.113441
-0.8618336
1.8336855
1.9637163
1.2043989
-1.648819
2.2366972
2.1215787
-1.6801904
-0.71821374
-1.9238738
0.8314717
1.0371978
1.5433868
-4.5888104
1.1245241
2.976054
-1.4951895
-1.3413974
-0.3099393
0.9035093
-2.8454423
3.013666
-1.3372984
1.2433246
0.25300595
-2.5138211
-0.16554996
-0.6452306
-0.5658455
-1.2032121
0.3917907
0.020106912
1.3138155
-1.5708264
1.7460488
-0.6961195
4.706891
1.3541069
-0.07107317
-2.1335645
2.4919617
-0.38983718
1.4852909
1.3800801
0.22041231
-1.01867
-2.2317634
1.740651
1.4950709
-0.72932976
2.6899586
0.7277586
0.58889854
-2.5824344
-2.6137352
-1.1323198
-2.09866
-3.9711573
0.22791184
1.6217932
-0.65636575
-1.8625076
0.562926
-1.2027233
-1.1120374
-0.58434004
-2.4206605
1.0155991
0.021477975
1.0220579
1.266613
1.508615
0.0065104663
-0.029523954
-1.1894184
2.0856357
0.38457793
1.436178
0.8068315
0.806943
-0.3701289
-0.5900429
1.7250986
1.786771
-2.2554386
1.5075274
0.00036404282
-3.6040363
-1.9438543
1.5564057
-4.981504
-3.292048
5.6414404
2.302998
0.53736037
-2.0542867
0.15272102
-1.4077721
2.8839262
0.38401628
-4.403569
3.3170671
-1.3607032
-1.5770799
0.1288972
0.6569505
-2.1430693
2.8647575
0.25576964
0.97442067
1.0514133
-0.28116667
-1.0938311
3.0276067
-2.1022978
2.9385433
0.9231073
-3.4287405
-0.91279626
2.0468056
-0.033929944
-4.3913226
3.2347434
1.5853207
0.5819503
-0.62968475
1.0564144
-2.2723162
-4.85695
0.09586009
2.8343356
-2.7125924
-0.016113877
1.1035843
-0.48945785
2.2110078
0.9351402
0.5083036
1.3625778
0.7410528
-1.968845
-4.231117
0.5512409
0.44461578
-2.0025158
0.8581561
2.2661438
-0.611421
1.6571294
0.64978635
-1.0435389
1.6131591
-0.9351751
-2.295335
-0.012233138
-2.3593829
1.8750242
3.4317074
1.6860218
-1.6487848
-0.8841992
0.031847812
-2.1159472
-2.8617458
-1.2389574
0.8010459
0.08876643
-1.457556
2.4969401
0.25622162
-0.80357456
3.168997
3.7777166
-0.36944768
2.2130196
1.2086692
-1.7874529
-0.4984584
-0.391016
1.1559803
-1.3626757
1.6911205
-1.6163095
0.8574078
0.25517315
-1.66075
-3.506841
-0.6692092
-4.6359587
1.8476108
-0.29887706
-2.561681
-3.7586613
-0.7445011
0.81081533
-0.6690675
2.2733064
-0.5671038
-1.1935838
-2.9700665
2.1250184
-3.1271708
2.739611
-1.8855906
-3.7348907
-3.1655626
-0.5626508
1.3352482
-2.7761056
-3.5635817
0.084874615
1.1711106
-3.7233033
-0.110842474
-0.69636333
-1.2277354
0.89219373
0.032279417
0.22202584
0.014297418
0.6627289
0.49437585
-2.7547345
-0.2037031
-3.411095
1.9716514
2.4993858
-3.0934765
0.19079822
2.125534
0.5979756
1.3141114
-1.3060195
0.92900586
-0.63450134
-2.6960595
0.60131204
0.5472153
-3.405025
0.008615222
3.8129249
-2.0600102
-2.0211396
-1.2800477
0.26844907
0.07793754
0.38821357
0.5012006
-0.42192
-5.600221
1.7962718
1.8621212
0.109340146
1.581732
2.0644398
0.5788441
-0.7484831
-2.3981307
0.96436584
-1.1867871
3.533049
2.871129
-0.49748477
-0.02989576
-0.60702664
-2.955206
1.2051718
-2.313342
-4.999886
1.2093533
1.9003994
1.62876
1.8395275
1.7008917
-1.0848595
2.1506112
-3.1667783
2.1944227
0.6300039
1.499277
0.86155933
-1.6537077
0.014193948
-2.7518775
-2.7316902
-0.449474
2.096443
-1.1368527
3.618694
1.6111059
-2.1838472
1.8179843
-0.7579115
0.9721791
-0.31266958
3.1326222
-1.235765
-1.8239441
0.27554002
1.9503033
-0.34165844
-0.06794754
-1.5684707
-0.30481356
-0.25248218
0.12795004
0.29135704
0.54325134
2.436503
2.0243356
0.97146344
1.9078281
-1.7532482
0.28751314
3.3517702
-3.466607
-0.09446848
0.56586283
0.8999436
4.7042446
1.3824159
0.41860363
4.617103
-0.5448439
3.1329033
3.87475
-1.7377199
1.4878774
-0.75337744
1.5919862
1.3925332
2.362789
3.645767
-0.6140692
1.0945406
-0.68523884
-1.8972399
-0.8759643
-1.5810292
0.5912481
0.912969
-2.3967044
1.0633397
0.30755493
-3.8571556
0.5705255
-4.866344
-2.7595448
-0.5586038
-3.0724366
-1.0470498
-0.2619175
-1.4207717
-0.8375205
-1.1283813
0.44199538
-0.7188213
-0.76713514
0.22113857
2.0236866
2.0160084
2.089729
-1.6743816
0.4271635
-2.0438006
-0.41596335
-1.1040133
2.0200355
-1.7354892
-2.5956867
3.7535264
1.5990655
-3.4278286
-2.2412436
-4.208674
1.207875
-4.547192
1.6860807
1.8789425
0.6015923
0.84859467
0.05830677
3.9739256
-3.1787531
-1.4806411
-1.9722514
0.1908615
-2.2358484
0.31321704
0.5532472
4.735901
0.24715933
-0.8089609
-3.432538
3.8326921
-3.8811274
-1.1889615
0.54260063
1.4429932
2.2941391
4.3976336
-1.5595623
1.0025002
-0.1176256
-3.154561
-1.4572529
1.8494993
3.0858598
1.5567563
-0.23552826
-1.6721963
0.15305012
-1.1598
-0.15998489
-0.7754603
1.6664042
-0.9436759
4.082308
-1.2939649
0.32266146
2.8594267
-0.33089367
3.9316738
-2.6490858
-0.83613384
-2.0434
-0.5105849
0.14844847
1.5544177
-0.78266597
2.81029
-0.4081894
2.3154948
-1.0369416
2.8089745
1.2273378
-1.8741411
-2.4022753
-0.055399746
0.2585828
-3.1901577
-1.3917899
-0.057988375
2.3515742
-1.095597
0.8514398
-1.465543
0.13777186
-1.9955738
-0.9348352
-0.102855414
-0.5271633
-3.012076
2.4002223
-1.3518176
-2.4052274
-0.66685575
-2.653614
3.0617797
1.0191658
-0.49464893
-0.9565417
-1.5613536
-0.3680679
0.04504905
-2.953262
-0.50145346
-0.83207566
-1.5682576
2.0236046
1.6258017
0.84849787
1.7190396
1.2718265
-0.61342645
-0.7315995
1.8450907
2.4299598
-2.7088122
-2.3673532
-0.8000878
-1.7576499
-0.9385684
-1.6579612
-1.7888484
-1.7856756
-0.49343508
-0.6878297
2.7634118
-0.7709302
2.9942913
-1.7456303
-0.44779545
1.4521321
2.0414548
1.5750586
1.0098567
5.3233495
-0.22730845
-1.4963022
1.8057256
-0.36394355
2.2227843
2.0190742
-3.6284196
2.6855106
-1.2411453
0.65442955
0.0803954
1.2859498
-0.9626301
3.7951307
0.869199
0.18603039
2.3789876
1.5780959
2.1530163
-0.93417764
-2.6770394
0.74751186
-0.00553428
-1.6276315
1.3870412
0.27039695
1.2085555
-2.9521668
1.49731
-3.6083612
-0.83635193
-0.6791439
-0.7283281
1.3760126
2.0593414
0.13811709
-1.2872844
-2.075856
0.727794
0.015285466
1.2707595
-2.064917
0.78039175
-1.3920435
0.7243043
0.50525093
0.3443635
-1.037258
-2.7552695
-1.5271398
1.967716
-2.3697765
-2.2848184
-3.0886726
1.5432826
-2.2216709
-1.8817642
-2.9987717
-0.04376614
-1.2466226
2.1113648
-0.07492078
3.4419634
-2.0856485
-2.571489
-0.08959965
3.6842616
-0.9495748
-0.6328169
-0.14263433
-1.1939956
4.925062
-0.5204006
-0.42115328
-1.3319422
0.3417899
-1.66426
-3.438975
-0.82482785
-1.1118015
2.697454
3.8452456
-1.2213777
-0.19483763
1.3414022
2.1247272
0.24886018
0.27056396
2.8135593
-0.78715044
1.0875129
2.7361784
-3.9472265
2.1803012
1.0456748
-2.5845644
-0.9718504
0.2015551
1.0058358
-2.930083
-0.7899242
0.8231409
1.0560439
0.20819613
-0.4295754
-0.87464094
-1.4550078
-0.5582104
-0.654459
-0.11083592
2.8134356
-1.4502089
0.008757278
2.516705
-0.5681969
-0.12026215
0.39169136
-1.0756259
-1.4782985
-0.109728515
-2.0732164
0.54608214
2.518068
1.9699323
-0.047509387
0.60716176
-0.2998421
1.903604
1.0768485
-4.409155
-0.50568247
2.3069558
0.7012871
5.51548
1.887654
2.2061002
0.5447892
2.4287403
0.9214121
0.30489716
-0.067784265
-1.3368329
5.6172414
-0.27534547
0.839036
-1.9476745
-0.90246385
0.84787756
-2.2924428
-0.5322398
1.758723
0.34200823
-1.3418438
0.09161942
-2.9018767
0.68229467
-0.5318192
4.3015203
0.33230564
0.9988561
-1.5315067
-1.5038261
0.21945707
-0.18656434
0.95982766
-2.1005063
1.1247762
-0.042710155
-4.0451226
-3.7713501
1.5261371
2.3257525
-0.64274764
0.42630622
-1.0594909
-0.106710345
0.45641625
-0.050166048
-2.428129
-1.2611647
0.26760787
-0.7686053
-0.11514544
2.2131705
-1.3348521
0.9226038
0.029492773
-1.3673178
3.335064
-2.7349193
-3.0380678
-2.002946
0.7284642
-0.96325564
0.16705194
-0.053897932
2.0875356
-0.26745206
2.2356675
3.8820171
-4.5270658
-3.4742198
-3.353252
-1.1217953
-0.29705918
-1.8368943
-1.8400879
-0.80416447
-0.053252593
0.145998
-0.5696825
-1.0169635
3.5459664
-2.8765903
-0.8080649
-0.14685577
0.28474385
-3.014491
4.1191773
-1.4485852
-2.0332487
0.58887035
2.4927433
-2.3381083
0.6959961
0.14705761
-3.7527447
-1.3161902
2.5245876
4.33791
-0.88465625
2.8628597
-0.965688
0.69514203
-1.1402336
-0.6604297
0.81331915
1.691244
-3.75533
0.525109
3.7998314
2.384936
-2.4728098
-2.5007265
0.827946
4.3046255
3.1677861
1.3975742
-2.7504988
0.8324011
0.64821273
0.24505582
1.4313525
2.8824763
0.8698517
-1.0570455
-1.4498109
0.7622357
3.979019
0.99706763
0.106525935
0.9025675
-3.5110326
-3.105213
4.776776
2.579608
-3.3021584
2.6685622
-4.3079424
0.65566725
-0.72908694
-2.782714
-0.5651292
2.926654
-0.9148952
-3.2640903
-0.304384
-1.265926
1.0410784
1.4132102
3.2796257
-1.6123979
0.027733844
-1.0087
1.4043022
-0.43254477
-0.942018
3.974532
1.3898828
0.3329523
-0.3425743
-0.5005108
2.03542
-3.8848333
0.93847483
1.042185
-0.9318255
2.4137204
-0.6582969
0.73747367
-0.6079888
2.3367112
0.5324107
0.13414212
-1.3220795
-0.3622844
-5.2158394
1.4044214
0.5354176
-0.42968124
0.28614423
0.51015294
3.2567542
-0.47170314
-1.3680091
-1.2819716
-0.8331398
-4.8265715
-0.6230968
-1.032609
-1.7355261
-1.5931464
-1.1846738
1.2736979
-0.5311635
-0.21712583
0.03747292
-1.4703066
-2.0011647
2.2461994
-2.864209
0.009551443
1.4102919
3.5292964
1.097572
-0.87679833
0.5753576
1.0861151
0.5912174
-0.21318273
3.3236444
3.8205268
1.6456841
0.23039302
0.91656137
0.877624
-1.8121705
0.10862706
-3.7614338
-3.3481183
3.6323752
-2.5542047
0.96314836
-2.4073515
0.44294882
-1.9947656
3.6675656
0.8306942
0.948303
3.183506
0.04884371
-0.46854234
-2.9172132
3.3526435
1.7396705
-0.09384375
-0.058165796
1.9136654
2.298807
-1.5084414
-4.1008463
-0.5441695
0.7733737
0.47045168
3.0113652
3.7165117
1.4772625
0.15568724
1.9486878
0.18967733
-2.0370336
-2.4671135
-1.2596908
2.873698
-2.8864927
-0.6023106
-2.6833937
-1.9229928
-0.7130464
-1.6847821
0.33151188
-1.1894449
-0.26901674
-0.8734441
0.8011887
-0.023896143
-0.6972403
-1.8827559
1.5820585
4.3667493
2.284806
1.7994637
-0.19480018
0.14391583
2.3688145
-1.6619848
-0.8291959
-0.8419003
2.8637083
-0.8622173
1.9750445
0.105935566
1.546895
-0.84479505
-0.80916977
1.6376195
-0.41306537
2.171413
-1.8186358
-0.42435214
-3.651646
0.28429312
1.1460508
-0.071917556
1.67959
1.974874
-0.07586642
-2.008168
1.4697605
-1.7226505
-3.8997133
0.6138526
0.5591718
0.10997775
4.964627
-1.1052045
0.9597659
5.227621
2.7925558
-3.5414934
2.6147652
-0.67784774
1.4243715
-1.0632174
-1.411067
-0.037747797
1.4330283
-0.7064634
0.5124946
4.3030987
1.9274683
1.545839
3.0479472
1.2491204
-2.9170704
4.158452
2.958944
2.4854727
-1.5419806
-1.2383214
-2.1438222
-0.7181083
-4.126193
0.45465156
-0.7074006
0.20104755
0.059437405
0.81785536
0.39612904
-2.189067
-0.3152882
2.6481624
-1.3198483
1.0121603
1.919946
1.455463
1.0643566
-3.1557727
-0.19088462
3.5082796
3.802259
0.72109646
-1.2839935
-0.27379936
1.5521177
1.6553887
-0.49687022
1.4934182
-2.8943167
-1.6506152
-0.36890793
-0.42362583
-0.29049727
-1.6331606
0.7553406
0.7632245
-2.1642344
-1.1695888
-1.5585867
-2.0509822
-1.1434665
-0.95369726
4.716376
-0.7254116
1.387704
-2.5583956
0.9414869
-2.2388906
-0.8993359
-0.12655511
-2.7516146
-6.412243
-1.1691132
3.6182182
-1.5924524
-1.0709816
1.9377023
-2.254015
1.1456214
1.2358017
-0.67262363
0.2556599
-1.6257815
-2.7217224
0.27828217
0.41498524
-0.22615781
1.8850161
0.7214815
-4.8474693
-0.41454583
0.88185173
1.4124202
-0.57257015
-0.1653972
-0.404276
0.89484143
3.148573
-2.9083092
-0.63866234
-0.8920412
0.8838218
-1.216453
0.30388498
-2.9599056
-1.2037928
0.8670587
-1.1250851
1.2095411
-0.76699775
1.6021837
-1.1432006
-1.1551903
0.6814868
0.4485669
-0.5007412
0.51558095
2.0300252
2.6114168
-0.6344347
0.7599172
-0.38720688
0.49198815
0.5942818
1.1663276
-0.15467381
-4.315291
2.171667
-0.06680913
3.3564296
3.30468
-1.2863187
-1.2079015
1.3887115
3.6291428
-1.2131368
-1.5001194
2.1711333
-2.2226622
1.337521
-0.38058043
-3.4647882
-1.3963987
5.0174
-1.9603595
-0.23248935
2.2212076
2.3310692
0.05680478
1.5818642
-0.07859138
-2.1161184
1.1634854
-3.1158376
-0.50265294
0.86628395
-1.570923
-1.2777812
2.827671
3.84807
0.107779816
-2.6773818
-3.1807685
2.382437
-0.028043948
0.9875132
-1.1262306
1.3476156
-0.16258177
0.086920075
-1.5082446
2.9430854
2.734789
-1.1780143
-4.29744
-1.6730858
1.8265705
-0.04958515
-0.42309165
-1.0070367
-1.9488962
3.5714753
-1.9756058
-2.73464
-1.1165825
0.83113575
0.011418678
-0.029181182
0.8727716
-1.6070886
-1.4132872
0.5514414
0.7280659
3.4809687
-0.8689302
-4.1932416
-1.2538207
4.759644
0.543051
-4.199735
2.7394037
-3.0998719
-2.3676033
0.6657625
0.8086874
-0.3032042
1.7788548
0.27690208
-1.4275519
-2.861813
-1.6844605
0.48516685
3.4395046
2.760591
3.658913
0.996371
0.95614755
-3.9874423
2.2175562
-1.791057
0.7427018
2.7739089
-0.9516844
-1.3208976
0.46798512
-2.0934887
0.17017564
0.783537
-0.07029544
-0.49057698
1.3508425
0.95709956
-1.7182603
-1.7253999
2.9468005
-2.5647323
-2.672989
1.6834339
-1.2063017
0.067365184
1.1221985
-1.179244
0.09427724
0.424994
-1.7134713
1.2666426
-2.324092
-0.80494636
0.38786227
1.4865487
1.0043956
-2.785604
-0.7260058
-2.6187522
-0.31489652
0.41105986
2.2431915
-4.429228
-2.585997
0.5760316
1.5846044
2.7536
2.5134728
-2.4489703
2.1050649
-0.6142358
-3.5337646
-1.2686013
1.8854482
-0.38141945
-2.001108
-4.6740556
1.9299608
-1.5438043
0.18032838
-1.4264926
1.1368356
-1.1662186
0.9726023
-3.9038653
-2.4337046
-3.034654
-0.57716364
0.17896584
4.8540397
-1.6392758
-2.8019261
0.061488584
0.14547825
-3.967835
-1.924369
-0.9297539
-0.60367364
-2.3146908
-2.1802602
-2.0522459
-0.011444315
-1.2010695
-0.24425706
-1.6661762
0.35940915
0.09671779
-0.9721448
1.2654977
0.35874167
-1.4865066
1.3325819
0.7024291
-0.78798836
2.5811536
1.7484151
0.8729252
-1.2523639
3.963181
-1.9436134
-3.5709846
0.7040007
1.7210622
1.618553
2.8943374
-0.39495105
0.9598769
-2.9538012
-1.878466
-1.872918
-2.27635
-0.35882708
-2.2267044
1.0180392
-4.5216603
0.7183444
-1.7559631
-0.20771676
2.3161695
-3.6261868
-0.26583564
1.0160701
0.9530628
-2.4981918
-0.4369299
-3.0228817
0.434563
-1.7159988
-1.0787485
3.3418698
-3.2740102
-2.2387295
-1.7744566
-0.9426205
1.9152405
-2.7991588
1.7053429
-0.7775776
-0.96897626
1.3870423
0.867421
2.22403
2.879053
-0.091803156
-0.18866104
-0.031185359
-0.687587
3.2000077
-1.0292984
-1.1427852
2.212245
1.4723301
3.104089
-0.5110295
-3.9126167
0.41144076
3.1762953
0.16626796
0.26794866
0.35273218
0.54022485
-3.075367
-0.22737613
-2.0807908
2.613308
-1.0838212
-0.24708682
2.556542
-0.05080557
-2.16815
1.000308
-0.033024162
1.2524921
1.6777357
-4.011615
0.655882
-1.204715
2.4496927
-2.5637796
-0.2611438
0.28112432
1.0800071
0.5005227
-0.6811611
1.1098717
-1.0084244
0.6393521
2.1121926
2.434674
0.23314655
-2.6265721
2.022808
0.7235017
0.5341352
2.9176865
1.2552965
2.7658947
0.450863
-0.7356998
1.2594086
-1.9950893
1.9209483
1.6821659
1.2176032
-2.804782
3.2404075
-3.216189
3.7808006
0.8817442
-7.1444154
1.8940569
-0.5877788
-1.8463519
4.0409727
-1.004101
-2.06116
-4.756607
-1.0045384
-4.5730357
-0.22209555
2.3155832
1.0794158
-1.5644455
-1.4861546
-0.037943028
-3.9961681
0.858567
2.5363736
-1.7610179
1.7848691
1.1210473
-0.6847054
-0.50108945
-0.20447876
-1.4898373
1.1459695
1.0068893
-0.914579
2.5036561
2.0334482
-4.9885716
-0.27730578
-2.266296
1.3285519
-1.2826049
1.7896416
-1.2020848
1.0759016
-2.5908465
0.56438965
-0.40765938
0.92691123
0.1408546
-0.8592618
-0.58437127
-1.527192
-4.2475505
-2.0778654
-1.0186495
0.6361127
1.0727539
0.038552456
-3.4790108
0.30220893
-0.8805108
0.07792584
0.21657136
0.65706784
-1.5050929
0.17777458
0.64695996
-2.0261621
2.3842182
1.7525667
-0.15954971
-1.4405581
0.84123373
-2.084206
0.26973757
-0.024086736
1.8808738
-1.2312659
-1.2886826
-2.7490115
-0.98454577
-1.5292046
3.500888
-1.9583133
1.0821319
-0.8895552
0.7831133
-3.93581
0.25512117
-0.7830669
-0.93937165
-1.6031351
0.34483278
-3.436813
-0.17010573
2.2701263
3.4858675
-0.61428785
-2.7683132
3.0638142
-2.5475302
1.0906826
-3.3179572
2.105087
-0.8269817
3.0205665
-0.5076271
-3.707398
0.79192823
-1.1137419
-0.8345105
-2.2665048
4.074621
2.0474494
1.3535726
-1.6476434
-0.7349721
-0.09779889
0.9093738
3.3096743
0.8703051
-0.74194735
-0.86754805
-0.1437695
-5.015729
1.896988
-0.5074456
-1.0783924
1.045425
-2.498859
0.84966105
0.40192458
-0.20401847
0.8504702
0.12965812
1.949554
-0.47170082
-0.77311736
0.6020078
0.71720207
-1.9826396
0.037803054
-0.09973136
2.9145868
-1.7043222
-2.269313
2.062813
-1.640144
1.0610815
1.3329866
2.6046636
-1.4073395
1.4894352
2.4291816
4.119714
-4.754769
0.66536975
-0.5419494
-3.3074079
-2.932982
-0.5977924
2.444928
2.4428084
-0.4721763
3.3255749
-0.03370957
1.3440232
-0.33571386
2.5684571
-4.8146267
-2.7460446
-3.2337089
-2.274949
4.081422
0.12181037
-0.20791249
-1.2501118
0.5591643
-0.5008094
0.46084008
1.59653
-1.0584248
0.18093842
0.40160748
-0.39118782
1.7619067
-0.48355204
0.21565472
0.9763473
2.512948
1.0844636
0.014149956
-1.6122037
-0.14614314
-2.0860763
0.4513271
-2.128214
1.7625258
-0.18388039
3.849876
-1.3375502
0.5464472
0.617549
1.6613548
1.0038879
1.8625829
0.1012037
0.93050045
-0.62537616
-0.46306497
-1.3653747
-0.8895719
-1.2521154
0.22485396
2.335811
-0.9166285
0.92217594
-0.44270515
-2.8537345
-4.297466
-0.9887571
0.099358566
-3.3562572
-0.71144605
0.84942997
-0.30736566
-0.21018109
-0.5335607
0.6305477
2.7492726
-1.9964857
0.5326394
1.4813025
-1.1150433
4.4815154
1.884419
0.20884871
2.4849503
0.45724988
-0.6866555
-0.48473755
1.7770588
1.5221115
-1.6020801
1.8017513
0.42682776
-0.7807799
-0.18331084
2.006225
-1.0830564
-1.8797481
0.1679281
-1.2201623
-0.61438966
-0.9353028
0.84042823
1.1801425
-0.62759656
5.642035
-1.6685479
-2.066358
0.724432
1.8966708
-0.5552844
-3.4481146
0.51369417
-0.18332586
1.0061609
-1.280817
1.2107624
-0.8209363
0.33400625
-1.7335572
-1.5098925
0.38683334
2.3866143
-0.7457977
-3.5774276
-1.959415
2.4174159
-0.14345545
0.21105412
-1.5312164
1.5676856
3.193733
0.60829186
2.706054
1.4495895
0.1550583
-2.3930054
2.2142007
-1.6985829
-2.5504894
0.38337022
-0.56320757
-0.36464912
0.085609354
-2.5079637
-1.4177041
1.8585566
-2.103908
-2.0963948
-1.4972613
-2.702096
0.73473406
-0.0019496009
-0.36525404
-2.0762842
-0.94541633
0.7738133
-0.023092993
-1.0760458
1.3246164
0.3527855
-3.1396108
1.0539498
0.8860311
3.9464269
-2.0380535
-0.43586814
-1.7799568
5.4698167
3.4709103
0.9768379
0.78041124
3.6463733
1.754474
0.14796996
-0.14147428
1.995533
0.18627267
1.6982982
0.6194214
2.2882667
1.7360498
-4.257136
1.8191751
-0.43916848
3.6258104
-1.8635939
-1.3376062
4.753262
2.0909102
-2.414124
-0.74303246
-0.713222
-2.5679953
3.000744
-0.34827384
0.784193
-3.5793483
-1.0273107
-3.2136161
0.9079101
2.7497933
-1.3366653
-2.9455628
-1.3594301
-1.4447798
-3.8427553
-1.3019934
-0.9503058
-0.14405376
4.0356426
1.3618089
1.4467325
1.2607183
2.825672
0.9718728
2.2466424
2.4895802
1.627653
-1.391272
-1.5079516
2.6545398
-2.1987143
-1.0640212
0.05123868
-0.78423184
0.25306648
-1.0488608
0.15580523
-2.1846776
2.3139052
4.4207315
-0.23115128
-2.4000156
1.6803519
1.5236787
1.6696504
-0.45095497
-2.3043468
-0.863254
-0.020909734
-1.7150639
0.89516807
-0.3659151
-0.6945238
-0.63615245
2.1384401
0.5163036
2.8596885
1.3432944
-0.122224055
1.8069429
-2.0056818
-0.38341942
1.7175568
2.02427
1.4397691
-1.7845773
-1.0213909
-0.70679843
1.7918484
-0.93029666
-0.9061464
-3.05866
-0.9681738
0.34786284
0.37117338
2.590398
1.0642018
-1.2552724
1.0077653
1.5355501
1.2748599
-0.046564363
-2.032786
2.4794981
-0.48074466
-1.5941933
-0.17181829
-1.3552805
-1.1037784
-1.6219854
1.4520156
6.708622
0.6168189
-1.0726236
0.8186804
0.049221456
3.6810195
-1.0922673
0.58473366
-2.2788436
1.0148257
2.476626
2.4250116
0.6999499
-0.9937867
3.7586956
0.3961026
-1.9729093
0.35378155
-2.3188515
3.9079154
-1.7603351
1.8000311
0.65921277
0.35970572
0.28609723
2.8288264
0.22681934
-0.11277216
-1.6388642
-0.41943294
1.4638124
2.1768227
1.1694801
-1.3748637
2.0151136
0.9816282
-1.4021385
1.0301744
-0.9761402
-0.06333569
1.3710545
4.0774856
-0.92889345
-2.7246754
-3.6671312
3.49071
0.36738747
0.7850883
-1.4347211
-0.7463245
-1.3262159
1.6358311
0.95275056
-4.3159876
-0.0006328374
-0.81844336
-0.67205983
1.9499559
-1.3011289
-2.655085
1.2548444
-1.4402947
0.037995107
0.275725
0.58316857
0.06761468
1.0219951
-0.62880826
-0.7709113
-2.809023
-1.2729484
-1.8231407
-0.8344795
2.3030019
1.6143688
-1.0134195
1.6019615
2.4414358
0.08658202
-0.7510703
2.513384
1.19251
0.8394094
0.32459497
3.67184
-0.37760198
-3.068135
0.019149445
1.7163192
-1.5863425
1.2390125
0.3084779
-0.9558071
-1.0231662
1.8796221
1.3913414
1.2850003
-3.9992092
-0.285476
-0.99702555
-0.85824174
1.6060331
2.1275585
0.28292456
-2.5547962
-2.2978017
1.3154813
0.37407693
-2.1999242
3.2624896
0.37922153
-2.6009116
0.52265537
-0.30847576
-0.65749055
-4.9064
-0.10650929
2.2714677
0.034126896
2.177533
-1.5780149
-2.6295059
0.18542215
-0.34305915
-0.05660303
-1.5877796
0.1826973
-3.6217957
1.1379546
-0.48917592
-1.8130624
-2.0682855
1.7217348
-0.098521404
-2.059305
-0.83824676
-2.0540721
0.3084825
-0.35304424
-2.1589985
1.14107
3.1054573
1.5669554
-1.9252472
-1.247118
0.5230627
0.13385929
1.1058396
-1.8031776
0.44978982
-2.577422
0.5390652
0.29461938
0.6503666
-1.1516166
-2.392082
-5.354345
1.6246613
-2.3766253
-0.23001015
4.6010103
0.3885034
1.2862538
0.2015846
-2.5020742
-0.54917675
-1.0543672
4.495197
1.0730593
-1.6234938
1.5943776
-3.3500605
0.6517725
-1.569746
0.38329178
0.7578337
0.12632978
-0.08323762
-2.151368
-0.6808743
-2.959464
0.68686384
-0.59065944
3.3129666
1.0616246
0.38313276
0.34701818
-0.34994692
0.33832628
1.5249195
2.7406983
-1.1677614
1.2177882
-1.7603877
1.6286038
-0.59549516
2.2148812
-3.174112
0.037647765
-1.1427531
-0.23155981
0.46569878
0.42920497
-1.7592826
-2.4951982
2.3164403
-0.54302734
2.1341968
1.4787565
2.9224784
1.1144137
-1.6549157
-0.5122447
0.25457722
-1.2489407
0.36708292
-1.535711
4.2894683
1.6378762
-1.1949333
3.1278594
0.8212185
-3.5562935
1.3936567
0.04807189
1.1156878
0.8621219
1.1780968
0.8424575
-1.1184767
-0.8914359
-3.708512
-0.7978859
1.9494601
-5.3346877
-0.41476122
2.498668
0.33530265
1.2959368
-0.43369916
-0.72560436
0.06322132
-1.7638714
0.4659123
0.9989182
-1.2805492
2.0801215
-2.8818693
0.36532345
-1.7678905
0.13937731
2.638837
1.9236325
1.9005312
0.4874763
2.9472473
-1.6445824
-3.1324742
3.3875787
-1.3539857
0.40258735
1.2790581
3.6762552
1.241552
0.4412542
0.069949165
1.016919
-1.4884912
1.7211123
-3.0883777
-1.0233572
-1.5967361
-0.2991803
2.3179252
0.7325009
2.9136407
-0.23869148
0.3251446
3.0245662
-0.74455464
-2.6598384
-0.06966317
-1.4900507
2.8701153
-1.467465
0.5746774
-0.18061355
-3.1370754
0.5982926
-2.2918293
0.21400471
3.714651
-0.050122865
3.0480564
-0.49793637
1.8295817
3.3129256
0.9972516
-0.97409356
4.5586762
-2.0486221
-1.6531036
3.9752095
0.63211906
2.0113783
0.9444471
0.49663782
-1.7778436
0.77043116
0.9139682
1.7125005
1.0974483
-0.4672472
-2.824217
0.57444096
-1.2726622
0.17851773
0.1737744
2.092788
1.8807864
-0.37296402
0.92505705
1.0177691
-2.4065497
-0.8925847
-1.078838
-0.9570747
-0.68469775
1.3172191
0.023698486
0.33356667
1.1694196
-4.699333
4.0000234
0.8795817
-0.39280298
-1.6205119
1.0932102
-0.020986151
-0.8597787
-4.582342
-1.7334965
1.730999
-0.92306966
-1.3200806
-1.6213288
0.3937223
-4.2419424
0.4705621
3.074407
2.476256
0.7686876
-1.7834066
-0.15584779
1.6898539
1.2606486
0.58334446
0.6410948
-1.4371111
-0.7834155
2.9059992
-2.0332983
-0.1521655
-0.5814989
0.23851418
1.8254524
0.6060282
2.6007357
0.37611184
-1.9573497
1.918214
-0.12707701
-0.42180005
-1.909483
-0.46696755
0.14784276
0.7637148
-2.0106769
-0.2508075
1.5467107
-1.260657
-1.7389017
2.267297
-1.7379688
-0.036563776
-1.6178011
-0.09379958
3.0761006
-0.5247472
1.6387377
1.9311101
-0.86374444
-2.7831728
-0.18604419
1.6880491
-3.6147761
-2.6969287
0.66175723
1.0957252
-0.9923313
0.626698
-4.2107854
-2.6810143
1.6967357
-0.31168264
-0.4375823
2.3415058
0.295415
0.23109005
-0.010493033
-0.89628136
-0.43419507
-1.4713521
-0.36457282
2.3916938
1.6900167
1.2386874
-2.941753
2.833204
-0.84494907
3.0306816
0.27551705
0.043808885
0.90111494
0.5973082
0.5231544
0.11483105
0.7252689
1.444274
2.9863489
1.0151626
2.0746815
2.1469822
0.7125098
0.72979534
1.497607
0.9464871
2.4970996
-0.6190628
1.5409409
1.8327324
0.71076787
-0.37078854
-2.1553686
-3.884407
-3.4791064
2.5940816
-2.7982616
0.35998556
0.31755513
0.7144377
-0.7825169
2.6392212
-1.6904463
4.132487
-1.6343585
-1.3971648
-0.71498865
-2.7718012
1.5500444
2.0546029
1.8212463
-0.96181613
4.375243
-2.5222063
-0.45720416
-1.7678304
-0.34595194
-0.287316
2.9351723
-0.40544215
2.718537
-0.3161155
-0.8198589
-1.5746077
0.24222964
0.5813778
-0.107518665
1.2828904
-0.051039584
1.1669896
-3.1337578
0.72973555
1.3003608
1.1281133
-0.6028489
1.8426418
-0.58975166
2.1313276
-1.2730657
-1.5468619
0.2497301
1.2285706
0.6954448
-0.72738534
1.1317446
1.0195472
0.18436071
2.861074
2.8158278
1.972789
1.5141027
2.4337654
-1.9252813
3.1304016
-2.5548062
1.3236771
-0.07998936
-5.2424936
-0.043861896
-2.6438537
1.5160563
2.705228
1.3575217
0.853074
-1.6471591
0.4594582
2.255592
3.3608963
-1.6685022
-0.37272763
1.0325158
0.9402755
-2.626969
1.8110341
0.6197969
0.102917805
2.6449876
1.6992038
0.5676403
0.43190205
-3.0504053
2.9992664
-2.6905262
0.5666764
3.097191
-3.6355555
1.9290268
-0.97473973
1.1522136
-2.6713076
-2.8582516
-0.15355214
-2.2182412
-3.40444
2.5880616
-5.800044
1.9928548
-0.60313565
-2.7332041
3.5829747
-1.7351505
1.931632
2.9591625
-0.7689228
2.5211136
-1.8733226
0.97757363
-3.1016977
-3.3187618
-1.9012161
3.1516812
-1.88179
1.6523165
-0.4800245
2.1728594
1.1469398
-0.08851807
-3.9028265
2.2786508
-1.100922
-3.7653728
-0.23206936
-1.0883183
-0.07951059
2.5013244
-2.576529
-3.6946287
-0.59521425
1.3390712
0.76670235
-0.742597
2.5731156
0.104177
0.26012462
2.4331043
-1.4183499
0.5585703
-0.7824531
1.7641565
2.1973333
0.7277331
0.86775047
0.39976013
-1.0500926
-1.8267621
3.0176926
-0.9289347
-2.5470712
-1.4430466
0.8610559
0.35423812
-6.276014
-1.7920079
2.1436596
-0.5766111
2.3971102
0.6200498
2.6263618
-0.4983534
0.086322956
-0.8387176
-1.7355454
2.1728694
-0.68311495
2.2924902
0.32520986
6.4828343
-3.0090277
-0.38218006
-0.4487007
-1.7988138
-0.9141189
2.6292484
1.8837649
-2.010759
-0.21078528
2.4197435
0.5892281
1.2096741
-1.771145
-0.7788338
1.1215438
-2.825665
0.97140765
-1.2413138
-2.5236804
2.2141066
1.4158605
0.45915183
-1.158848
2.3871512
1.7208009
0.98217964
1.1408116
2.437805
-3.323532
-1.0095361
-1.5985931
-3.2258203
3.2963994
1.0174104
-4.9856715
-1.3327708
-1.3171725
-1.8012948
-2.1440046
-1.1604837
0.06705401
-2.2420466
2.3847265
0.21411082
0.5700517
1.8396052
0.9293249
1.960305
2.81381
-0.34636992
-1.0804828
-0.8253082
-2.380787
0.11694239
-0.24432226
-0.2063112
1.7798873
-0.13044286
-0.28060824
1.4015791
1.8251634
1.2629138
1.162314
1.8989723
-2.0358975
-0.3008522
0.25122046
0.3024293
-2.3055758
3.3346937
0.4807421
3.9669526
3.1898332
4.843295
-1.6360853
-0.7516268
-1.7832569
-0.5356929
1.2655532
-1.4792727
0.7617895
-0.4239573
4.672062
0.15204874
-0.9633384
2.2107873
-0.6409719
-0.3105685
2.892437
1.3391753
-0.85191137
1.0253114
-0.34686136
2.006638
-2.2905216
-0.4915052
-2.781128
-2.4763675
0.040239394
0.71019346
3.9912207
-0.13415837
-0.39048958
-0.20737459
-3.8623013
2.437238
-0.4713302
0.39515707
1.4551756
1.7505885
0.19450146
0.9843318
1.8703483
-1.4421998
1.8093759
0.28934556
0.95429033
0.9464078
0.48657644
-0.90239656
1.9924651
1.9172472
2.4130495
-0.86574256
-0.469077
-3.5233417
-0.06490777
-3.8088799
-0.67388046
-1.652252
0.2836454
0.17765681
1.2380913
-1.7822195
-1.9154146
-0.9368409
3.2149231
-0.5407287
2.9069335
0.06384335
1.5362716
1.9178905
0.7751528
-2.0640543
1.6689779
-2.6353345
1.4580152
-0.32885045
-2.1628265
2.2164457
2.9407682
0.20501411
-0.30067012
0.261435
0.1819334
4.239881
-1.2828428
1.0361706
-0.96347207
0.91846657
0.96282995
-0.36285567
-3.078964
-2.988984
5.093474
2.2374449
-5.1694593
-2.3087764
0.7941944
-0.96054894
-3.0279677
0.5077371
-2.759434
-0.8265327
1.1272527
0.22436407
-1.0695527
-1.129484
2.9294412
-0.048103422
0.2964809
1.0791094
0.9507877
-0.6996737
-0.33620045
2.9721067
0.65426576
-1.9838289
1.3067639
-2.1532955
0.5436952
-0.57174975
0.4562585
0.4759452
2.3356183
-0.22971368
-4.529377
0.31001306
1.1836189
0.8559302
-1.916397
-0.2388522
2.1032257
-0.06705782
-1.9380231
-4.9682665
0.12492875
-0.5404154
-0.60174453
1.1958247
3.481215
-0.2688802
-0.70433426
-2.7036283
0.12655084
0.31389594
-0.60338444
0.07091509
-1.7452359
4.0083323
-0.14321935
-0.098837025
-2.9266262
-3.363255
0.2652142
-2.3086863
0.79210293
2.3641553
2.5613945
1.9432968
-0.17222875
-0.14215809
-0.102589644
-0.030216433
2.0268283
2.5458705
-0.5937653
2.0497553
-0.22589503
-2.8944287
-1.8357724
-1.0796407
0.28222325
-1.3322706
0.5846991
-4.6472163
-1.1186756
0.12828326
3.059606
0.32031158
-3.717037
-0.41091454
1.7248638
-1.859737
-0.15516898
0.28726155
1.0632
2.8553646
0.59226793
1.36963
3.4356213
0.23370072
-0.80927104
-1.1446627
-3.0979688
-0.7175146
2.5083032
-2.6156433
-0.9389638
-2.3322718
1.4802624
-0.30075973
-1.7875906
-3.5394177
3.0935168
-3.9504309
-1.805989
0.24448389
-2.3123176
-4.7553654
-0.8168023
1.2097803
-2.0039387
0.9945606
-1.6818578
-2.6814404
0.3575298
0.501898
2.0276892
-2.3154619
-0.87470174
-2.155875
2.5536458
0.07197029
-0.6692265
-1.8252852
2.291383
0.37368459
3.1143615
-3.3136132
0.9290687
-3.6458228
-0.8500947
0.7195998
3.0838788
0.5114996
0.40566507
-2.4666572
-0.20413938
0.82640636
-2.1142957
-1.1205769
0.6025764
0.5770693
-2.3777168
2.6740575
-0.6629331
3.9984717
1.0061373
-1.9086561
-0.45002428
0.9235527
-0.66186124
2.3914378
3.0957808
-0.9018631
-1.0295246
0.012879826
1.6248889
3.0099976
1.9288597
1.8591187
-2.9389763
-1.1002917
-4.0917087
0.80926055
0.57636005
-3.0754948
-1.4908243
0.4808759
-0.2760118
-2.2605464
0.55345184
-3.7392004
1.3978927
0.23183824
0.4677903
1.7207714
4.3240056
1.3304391
3.177537
0.29756814
5.267941
0.024260215
-1.0019456
0.28197625
3.1248941
2.3090925
-1.6150377
0.50133055
3.9843082
-2.6161432
1.0198278
0.84816736
0.97872037
1.2580006
0.65636694
0.08590762
-0.49575317
-0.9836298
-2.9316785
5.371878
0.6553603
-1.0496253
0.08362596
-1.3848157
-0.58551246
1.0282043
-0.13317443
-1.3589804
0.7503242
1.9078345
1.3954892
1.6059468
1.7192327
2.0668738
0.32267204
-0.39547855
2.9403968
-0.86008346
-2.370526
0.9062005
-0.96076006
2.2385778
4.2611675
-3.0225282
2.752528
-1.8361963
0.12345133
-2.346283
-0.1476929
1.862621
0.13218516
-0.50567186
-0.6291363
-0.84640926
-0.56578887
1.215427
1.3950669
-2.4461546
2.3231974
1.392434
1.5882795
-2.5109465
-0.31314114
1.1535414
1.7292087
-0.0083583
-2.2800517
3.5729675
2.5927415
-0.31505826
2.4274678
-1.9414504
0.3468091
-2.3632104
1.3479475
1.0129611
1.2453974
0.1596542
0.95896614
2.746569
-1.3280488
1.7691611
1.6461506
0.5479095
0.5353892
0.18167967
6.0900464
1.3194577
-1.891768
-1.0251149
-1.4110452
0.4954048
-1.5811517
-2.195809
-2.1797986
-1.021787
-0.7978113
-1.065136
0.5442271
2.6887512
-2.856801
-2.5553913
-2.8614395
1.661618
1.0770736
0.5981702
1.5694941
0.5847641
2.4691842
-1.6746994
-1.0658988
0.8891888
0.32465735
0.62374264
-2.42381
2.0164607
0.35706216
1.5038514
-0.059743933
2.2969296
-1.2321459
-2.1790721
-1.0810897
-0.79403293
0.21255091
0.30976003
-0.3199495
-1.6972193
-1.9697978
-1.8393701
0.3215757
2.834192
2.3644195
-1.7550842
-0.64359087
-1.1601787
-1.7955685
-0.84948874
3.164619
-0.32539868
-1.7097633
5.0246983
3.7041652
-0.8094043
-1.8979896
2.7142816
0.5624411
1.7893547
-1.7445036
-0.40494326
1.2518538
1.1138418
-0.52574265
-0.9776327
2.1341186
1.6074204
-1.9568475
-3.7219899
-2.2640538
-0.15252654
-3.0736682
-0.06402768
0.1003493
-3.122499
-1.3942151
-1.9422601
0.19274542
2.7865796
2.2590601
-0.18806207
2.8712492
0.35949877
-2.1293707
-1.1100316
0.39010575
-2.0655277
-1.6371452
-1.833112
-0.10073933
1.4827323
1.8797147
1.2377895
-0.056911275
-1.28513
1.1488684
-3.5226367
-0.5418394
1.7873815
1.0162393
-1.2321197
0.6014718
1.8092185
-2.2163184
-1.3259848
0.29440054
0.52900994
-3.7459772
-0.22381474
-0.383478
-0.15120268
0.7742858
-3.5110524
-0.692268
-3.8441877
0.20739272
-1.0879135
2.547424
-3.2667482
-0.47187364
2.3351676
-1.1113881
-0.04923281
-1.71982
-3.5306628
-1.5238793
1.4758538
-0.05123783
0.2782433
-2.199689
-0.59852564
-2.4797385
0.12296886
0.42069376
-0.9572792
2.2494156
-1.264327
1.8340944
-2.7482433
1.9390051
-1.8865249
-1.645869
-1.1299268
-5.6554112
0.6877388
-1.0952512
1.5441504
-0.9685197
3.1562943
-1.7361071
-1.4210695
-1.707993
-0.1324045
2.3621309
0.53207695
-1.4221792
0.83168834
-3.263068
0.8364317
0.38870573
1.1924238
1.7251409
0.0058721304
-2.3250146
4.4208674
-0.99064565
-1.3455238
-0.6371827
-4.552324
3.0998857
-2.1882243
1.7711402
0.6039766
1.1139756
0.7865148
-3.7383916
0.6582606
-0.9359509
1.1634853
1.0493313
-1.4532602
2.1990945
1.3643475
1.5916849
1.9098501
1.0848142
-1.6576089
1.6583225
1.6552612
-1.2383546
-1.9543439
-1.3312511
-2.2335117
1.5385298
-0.67254186
0.83305115
1.1998903
3.9178889
0.5985897
1.0676119
0.72973734
-2.670844
-3.0874786
4.277696
1.5228695
-3.352673
-0.59075886
-0.5029899
-2.0386715
0.03471873
0.6335091
0.23210281
-0.18292367
-0.7645871
0.67758876
-3.4199533
-0.4146675
0.6502394
-2.5457156
0.07644397
2.3654559
4.0617976
-0.3645038
0.5741612
-2.5586967
-2.6114237
-1.7297992
-4.1450024
-0.78626764
1.2994645
-0.17421038
-3.311249
2.8345666
1.5752178
-0.5026164
-3.1985316
1.8026621
1.379892
3.0358672
-2.652749
0.16469026
1.2661957
0.528576
-2.225426
-3.87501
1.717425
0.21731238
-2.0325365
1.6216308
-0.7401348
-0.126597
-0.79936457
1.8989286
1.3609138
-2.4056976
-1.2718991
-0.8016022
4.104799
2.4198184
-0.5327058
-0.30810025
2.8991942
-0.69623065
-4.3350015
-0.7424772
-1.1582526
1.3094143
-3.676883
1.8014389
-2.9021592
0.41638464
-1.9698894
-2.1102557
-0.5379494
-0.070236996
0.48610163
-1.720171
2.3863997
2.4179802
-0.24584064
2.2688882
2.0311964
-0.28482246
2.6212037
3.0239074
0.2390098
-1.3968527
1.6456507
2.1645865
0.51957464
-2.8136892
2.9157698
2.8367558
-0.27188346
1.676002
-1.2494068
-0.18241698
-0.666321
0.98811007
0.97172153
-4.813344
-0.76088864
2.982782
1.7262195
-1.7137914
1.2722174
-1.3865355
1.5675952
0.89988947
-3.105991
-0.1301705
-1.1792763
-4.9889307
2.5996346
-0.5324269
-1.3828689
0.10940156
3.8487644
1.5300193
0.3141962
1.3510325
0.5992389
-0.81823415
0.8334376
1.5783206
0.0902501
3.3681295
-1.1260303
-2.3152778
0.60042936
0.5699474
0.9803465
-1.4860437
0.29209924
-1.8462721
0.8143059
-3.120985
0.22269632
-0.8266313
-1.1786774
1.6889732
-0.02739419
0.12871537
-1.6041944
-0.9309543
-0.15609837
-0.49517357
-0.6585504
0.22216171
-1.7041098
0.033283927
1.0310001
-1.9112822
1.1505365
-0.34547997
0.7107451
2.0855153
0.3128743
-0.9853958
-0.7600218
-1.1747204
-0.6713759
1.3651308
-0.72869843
0.7270175
-0.7661421
-0.88445455
0.37276152
-0.13193944
-1.4901048
-2.355
-0.57220966
0.6787342
3.238762
-1.6040049
2.1068983
0.022516556
-1.5544087
-2.556645
1.2141448
-0.18512675
2.0564296
-0.4281727
-1.3629799
3.1638339
-1.6879209
0.0902442
-0.3403176
-2.2435372
-0.46945903
0.6654273
-0.97808385
0.33943933
0.20756188
0.37172803
-3.1296327
-1.0981164
-0.91643554
-1.5166401
0.53651685
1.3989769
1.2087992
-0.37936413
1.0804701
0.14638835
2.780053
4.516893
0.26582724
-1.3139673
3.5322094
0.5565882
-0.20067081
2.5150232
-1.0239832
-1.2749543
-4.2923646
0.2463896
-0.6433277
-2.7914376
0.42812455
-1.2013893
0.41812038
1.9344753
-2.3900383
-1.4820937
-0.76929784
0.06920648
1.7209029
-0.06813033
2.392592
-2.3495395
-1.8989335
-0.71984005
0.58561015
2.4423242
-2.384252
-2.0554123
-1.4104091
-0.09335494
-3.3689158
0.8807237
-0.4931242
2.2829735
1.7474891
2.3497903
-0.9640554
0.17079462
0.93717873
-0.15201049
-1.2052904
0.16565764
0.72939706
-0.48986396
0.47457844
-0.29500782
0.91521573
-4.5764847
-1.334319
-1.0253255
-1.3274446
1.6029991
-0.55597866
4.0130205
1.8440051
0.6005446
1.4486189
-3.179031
-2.6707864
0.32557234
3.2022727
1.6956099
-0.20310465
0.4989311
-0.65424997
1.0223883
-1.18545
-0.96020967
1.1115849
-3.660192
3.7682848
-1.4855267
0.46066958
-0.9899283
-1.8194389
2.1805797
1.3517245
-0.08758367
0.23811682
0.9792131
-0.71556
-0.157348
0.47596258
-2.8402293
-1.0972787
-1.4038365
2.2866962
-0.26181066
-1.8435652
-0.3166138
-0.9927223
-0.45418176
-1.8804898
2.351993
-2.079018
2.1957645
-0.2422747
3.0960338
0.4613851
-0.5536546
-1.9668032
1.0393697
-2.4159822
-3.9688053
-0.5196931
-1.1706568
1.2732282
0.30211648
-0.36360705
2.0955732
-2.3423963
-1.9357327
1.3636304
-3.0589426
0.7869422
0.08209326
-1.6939613
-1.095888
-0.29084277
2.9638348
-0.4616757
-0.6602337
0.21691197
-0.64687544
-0.22638908
1.2805228
-3.029708
1.3910614
-5.8749776
-0.8543741
-1.5772145
1.7504232
-1.8039122
-2.3917108
0.6405523
2.4870296
2.1628036
-2.7090049
-3.0710895
-0.9535072
0.62540007
2.8383844
1.2200125
-0.01213108
2.503011
0.025895543
-1.5126277
-2.480123
0.8162689
1.4078668
0.39158928
1.2313634
1.9535958
-0.25394446
-0.3351599
-1.5829338
0.37018937
-2.0437305
0.45352423
-3.9324384
-4.547239
0.50974834
0.19888484
0.0086456835
-0.68370897
-0.60692775
-3.328596
-1.1218114
2.6715503
0.5459825
-1.8402594
3.8689198
-0.2299869
0.5052676
3.2084904
0.43538204
-4.69855
-0.4896689
-2.0644631
1.9622991
3.2753239
4.3195705
-2.4247434
-0.6233091
0.61451876
-1.9472448
-1.0353388
2.7580636
-0.20376769
-2.9740596
2.9902203
-0.450913
-0.8920136
-0.91695225
-1.275663
0.60581243
-1.2778671
-1.5324826
-2.5698016
-2.5238822
1.7503272
-1.1921861
3.085107
-1.3668895
0.7145714
-0.8275457
-0.18645042
-0.82180136
-0.12808383
0.95557535
-1.2261746
0.3517885
1.4142135
0.2389152
0.7260626
0.49405405
0.87271345
-3.756537
-0.22377072
0.83520204
-0.37054574
-1.3465592
-0.6374121
0.23313306
-3.5470574
-1.9997665
-1.6676422
-2.6994998
-1.3358892
-1.8594896
1.3356261
-0.38989118
-1.1496012
1.0083113
3.8213186
1.8447696
-1.6242561
-2.7252722
0.43717045
0.15435937
2.8569732
-0.5973254
-0.18020073
0.6115483
-1.3818191
-0.8567171
-2.9326968
-0.2113364
1.7350634
0.16050261
0.7605396
-1.9103255
-1.7286675
0.5567282
-2.5564175
2.495442
1.7557734
3.1698399
1.8602214
-4.1861777
0.9813318
-1.818426
0.13943847
1.275079
-1.4580024
0.4989559
-3.6976097
-0.01479692
1.3767325
-1.3969234
-2.6009164
1.0185704
2.2590368
2.2393165
0.34602192
0.19626722
4.180749
-2.4901006
-2.0942242
2.770975
6.216127
-3.4694684
1.5922673
3.6800513
1.0096849
3.7280285
1.4755547
-1.2223829
0.3783609
-2.6260397
2.331174
0.097274974
1.0390972
-0.4186026
-0.06231177
-1.5046185
-0.48830882
1.5039266
-2.138726
2.054479
1.8104967
1.8458849
-3.2203972
-0.58469725
-1.6235821
0.29844302
0.76048636
4.092444
0.31285506
0.071810484
1.3998157
1.4242127
-1.2156193
1.5858705
-2.392547
-1.3865356
1.2942735
-2.5699537
-0.25968695
-0.6074111
-1.6815035
-0.76876634
-0.9836188
0.83282447
-0.29254267
1.6218256
-2.5434456
0.66426814
-1.1630261
0.9711855
2.368326
-0.3099229
-1.2807796
-1.3006887
-3.6453314
2.9350038
1.4036416
-0.54069495
-0.7248009
0.75411344
0.15285923
-3.1422124
0.08528405
-3.0741844
1.4901948
-0.7366229
1.307578
2.6638424
0.5547443
-2.3606908
-2.4570248
0.5275185
2.7981565
2.9137654
-0.14119592
2.002229
-1.6062438
-0.80298066
0.8629381
0.5753535
6.3642716
-1.9481157
0.9493011
0.14852378
-0.19900757
0.60592324
2.441395
1.4407924
-1.667387
0.2958911
-0.89652365
-0.23951785
-0.007778093
4.191566
-2.855161
-1.4260988
2.0522375
-0.93857944
-2.213904
0.63067245
-0.058875956
-1.8762361
-0.010014743
-1.9781055
-0.27800837
2.397338
2.123951
-1.0965137
-0.15675619
-2.3304846
-0.2962911
-2.8154044
2.8052125
0.3571572
1.1011257
1.6138564
-0.23109353
0.6585345
-2.795896
-1.6065158
-2.40841
2.4630628
-0.042349383
2.127877
1.1104167
2.2448947
-2.444562
1.3474107
-0.2609607
1.1339252
-1.14695
2.456008
-2.1415324
-3.3780913
0.64470005
-2.0024333
-0.13987055
-1.3202767
2.668057
3.2913122
0.21626537
-1.7678266
-0.9508759
-0.5287033
0.39045534
-1.9305472
-1.6048887
1.5514069
-0.5962919
-1.0293434
-2.7242486
-0.016949616
4.645655
-0.18122955
-1.7004093
-2.1690252
0.5733713
2.3817391
0.36241218
-0.54014874
-3.7032156
-2.17419
-1.0117385
-0.78042483
2.4706233
-3.2116508
-1.6668272
1.005598
3.4651911
4.0789165
1.0582134
0.47814173
-0.596855
1.9699688
-1.0061222
-0.3285564
-1.8913486
-1.5824654
2.229661
0.94289744
0.40409282
-1.039827
-0.7745826
-2.1355069
0.6961951
0.2294226
-3.4247675
-1.3117415
1.9758413
0.8556404
1.5707337
0.1886234
2.710826
-1.1770693
1.4831533
-0.15788208
0.6673503
1.3035758
-1.2412884
0.04055305
-0.37406904
3.0979998
2.5073342
0.63859236
1.0061688
-2.1544309
-2.7304986
1.3504295
-0.97260535
0.8715716
0.63771534
-0.50068593
0.32901722
1.5640286
1.7694573
3.1477175
-0.77243453
0.088798575
0.9224531
-0.37094912
-4.0279584
-2.4795394
-0.52772504
2.3657682
-0.62813103
1.5001336
1.0613735
-3.8730903
0.24540275
-1.1993396
0.5536102
-0.7033805
3.9748702
-3.4288535
0.9145373
-2.1336138
2.1982589
-0.11049694
1.7955589
2.0928493
-1.5076818
-0.60101634
-0.60954547
3.360753
-0.026267938
3.0120165
-0.36267388
-1.1962879
-3.39028
-1.8312476
-1.1296684
0.29431528
2.7424347
-0.7711894
0.26457256
5.3545594
-0.5078272
0.4727564
2.4554043
1.8318044
-0.89342153
0.93315107
-1.0625336
-2.397514
-0.17099938
-0.24685153
2.2142863
-3.729969
-2.6893349
-0.12772046
2.1019456
-0.044240646
1.1948699
0.82735443
-5.0156097
2.2260563
1.5997711
2.2021587
1.968862
-0.5662411
0.5596208
-0.61331856
-0.25875318
2.8747268
1.874843
-1.230947
-0.87879324
0.6672384
0.8267091
0.09719814
-1.0318193
0.2725238
-0.28067547
-0.15877593
1.9046084
-4.4551573
-1.1852394
-0.51692104
1.9313862
-1.3224119
-0.5964859
0.19945484
-1.0674686
-0.17127946
-0.44061202
1.3999034
-0.49930072
1.1280401
-3.4388876
-0.70874727
-0.98856336
-1.9370053
-1.5257363
0.35142484
0.009109333
0.44588134
-0.368108
-2.7697523
-0.87260634
0.020364814
-1.74063
1.6372455
-0.28692085
-1.3874073
2.356146
-0.41656274
3.0952694
-1.5439509
-0.51245564
-0.1855537
-1.6895506
-0.2153316
2.282952
2.0644264
-0.64258105
2.8654933
-4.365052
-1.2242656
1.298699
2.1450734
2.5398533
-5.217988
-1.8202298
0.62341857
0.35276055
0.096872516
1.386881
2.017046
-1.3784835
-1.6660484
-0.87481064
0.8050166
0.19877826
-2.95263
1.4081476
1.3573136
2.5992982
-0.3014799
-2.984943
1.6768149
-2.9224596
-0.86048084
-0.5833039
1.3762507
2.4646447
2.3750384
3.1700485
1.3375554
1.8540906
1.018612
4.797715
-0.9317594
2.236147
-1.1915846
-0.26736075
1.2524637
-0.18474817
-2.8922107
-0.50826144
-2.8317084
-0.94713247
1.0098233
0.21877947
-0.36423758
-2.174853
0.2919778
6.467992
-2.24067
-1.3526634
1.495391
0.85711145
-0.77643347
0.13354316
2.3233564
-0.20191348
-0.14160496
2.3449545
0.18475688
-0.4215039
3.0801902
-1.7770016
-1.1482196
-0.08378825
-0.36578062
-1.82249
-1.8967668
2.8941913
1.8626326
0.38837218
4.285363
1.511711
2.5793135
-0.7057104
-0.48458534
1.5675459
-2.0995972
-0.76226276
0.9457642
0.47707444
-0.27175832
-0.40077025
-3.1508057
-2.3351068
-3.5408165
-3.3218064
-1.0858878
-2.6429296
3.3281147
-1.502827
-4.0845785
4.6972585
3.0430236
0.46151042
1.1266272
0.81680715
-2.5877728
1.0715235
3.1787207
1.4873164
-0.45855108
1.2450732
1.7702003
-1.035189
-0.6560016
0.06861814
1.5174849
-4.5576563
-0.37998366
1.2869375
0.7751248
3.466373
-1.4316862
-2.2418256
-1.2350789
0.9297795
-5.065498
-0.51770794
-1.9702611
-1.2665076
-2.8387475
-1.6701368
-2.4309788
0.07825637
0.4634648
2.6328251
-0.9417257
-0.8109655
3.509866
1.16481
1.9252856
3.1802678
2.220428
1.3669733
2.0380723
3.1343637
-1.6849083
0.35946733
0.7479707
0.3390584
-3.2304974
0.26095876
1.5085946
-1.1933949
4.5528474
0.70309275
1.2625068
0.21272403
-1.2690294
-1.5601528
-1.8931105
1.672007
-1.4180022
3.732377
-2.0859964
1.1513587
2.767618
0.5760481
0.3464946
-2.8304758
3.0116773
4.189245
-0.08456915
-2.6559412
-0.98582035
0.048327845
-1.0636129
0.58356375
0.32258302
1.7185065
0.8186578
0.13005921
-2.0429366
0.7437915
0.7254889
-0.14531896
2.8633604
-1.8007935
2.0193627
0.4811741
-0.60869306
3.3682458
-0.7737519
-0.8791565
-2.304217
-0.8302133
1.6934077
1.7112191
-0.44944578
0.31245604
-2.3045287
-0.09934295
-2.0305915
0.8177025
-0.20507173
0.8639652
-0.07407284
0.8570086
-2.8421862
3.496903
0.8288602
-0.7303718
0.5426288
0.26289135
0.057033006
-0.5684259
-3.3121321
-0.796581
-2.0454686
-2.0594087
0.9338399
-1.2346244
-0.9758334
-1.7565814
-1.2938516
-1.857547
0.72085917
3.7681694
3.0076087
0.3922231
0.52371264
-5.786897
-0.505433
0.25672334
3.2031448
0.9352827
0.69739234
0.6569881
0.50912714
-0.4647072
2.0289376
0.8673052
1.1021525
-0.567688
0.08285335
0.9447979
0.037664313
2.661994
-0.9461111
-0.123133995
0.29917353
1.7829286
1.9588311
0.6826141
-0.35130158
-0.030109644
-2.4197118
1.802313
1.3477015
0.92960155
2.032551
0.60964024
3.056422
-1.4431227
0.18799171
-3.6280906
-4.3162355
0.9789644
-2.3983452
-0.6159024
0.5149327
-3.3791957
-0.023966812
1.9196178
0.1194332
0.07235242
0.70798624
2.027927
-1.6065857
2.950383
-0.5699996
1.1572224
-1.1140424
-2.0365765
-0.5253689
0.5308671
-0.93690234
2.4535892
0.36922327
-0.1589824
-1.5175523
1.1250476
-1.0349298
-1.4420129
-1.9964637
-4.1616592
-0.6890677
-0.6905767
-2.7726426
1.0724463
0.36753443
1.1280383
-0.3884554
1.8559997
-0.98098993
2.1276686
-0.5463533
1.2927318
-1.2118076
1.6859363
-0.3423789
0.8606951
-1.2865504
1.8896308
-0.58967584
1.4682237
2.4221385
1.8176988
-4.006979
0.13271923
-3.1490211
0.39648986
1.1316224
0.06744586
-0.6401755
-0.65908265
-2.833742
-1.3825604
0.1778252
-1.2416788
2.175832
-5.4580827
-2.3359685
-1.2671105
-1.3261473
0.19389367
2.1908023
-0.71158457
-0.5570626
0.09396071
-2.4886055
3.2841232
1.6655368
-0.8611599
-1.475602
-3.5287032
-2.703144
0.44224632
0.7321652
2.7311587
0.396132
-0.3577807
0.5271343
0.35019946
1.3531226
-1.0604745
-0.28699198
-1.1224236
-2.7256405
-0.11714136
-4.3655396
0.2593578
3.489214
2.7283318
-3.0643153
-1.1551917
-0.79066616
1.6569895
-2.2896361
1.53938
-0.7304462
-2.8115625
-1.595987
-0.585714
-1.6051037
-3.1615024
-2.8349154
-0.28460807
-4.321793
3.429122
2.6904724
2.7184894
-0.3954415
-0.852047
0.7882549
2.6046393
-1.5205061
-1.3588845
3.2401023
1.5851659
0.12814325
1.7778512
0.227503
2.344462
-2.511445
-2.415373
1.3263829
0.36112446
-0.9581977
-0.9286371
-1.1465468
1.6672328
-1.1668854
4.132229
3.6732533
0.701149
-0.6902652
0.08416157
-1.2254148
0.44175342
-1.8584125
2.0643969
2.0569415
-0.2142284
1.7013357
0.2658092
1.0300773
1.3979894
0.8939925
-3.2629573
2.6240118
-0.5003741
2.6818404
-0.4343183
-1.1681961
-0.54868436
0.37336373
-1.1598319
0.5983181
1.8012924
-1.3298765
-2.672743
-1.153396
0.6336584
1.5679379
1.6145781
-1.6326138
0.45746243
3.755064
-1.5100077
0.11948695
-0.5265125
1.0884488
-0.3687054
-0.7107604
-4.0006003
1.7293465
-3.2209268
-2.731535
-0.058765218
-1.0360078
-1.7568672
-0.85563415
0.12647733
4.979773
3.4778998
1.2624785
-0.59062964
-1.8129226
2.053735
1.2243533
0.23652005
-0.00818453
-0.053641275
-2.1567206
-0.09880928
2.0888696
-0.39991254
4.084263
0.09851466
-0.17413008
-3.8611956
-1.4409279
2.155656
-4.712923
-1.4945669
-0.65159076
-1.111522
1.5121539
-0.8268714
0.5525344
4.9314995
-3.958162
0.0604302
0.14909744
1.083438
1.1224935
-2.775639
-0.011210814
-1.817807
-0.7374919
-1.5005085
-0.9501049
2.2503319
-0.6296899
-0.91025966
-1.6925706
-1.6635915
-1.8985649
-1.5200647
1.1923355
-0.93767816
-2.141619
-0.20445216
1.1093262
-0.6027201
0.23272881
1.0576435
-3.2758033
1.581698
0.6652554
0.19602983
0.28500065
-2.9686306
1.7776037
-2.637559
1.5972868
-1.4565187
1.086718
2.2135506
2.4311118
-0.06692033
0.4798755
0.47047904
2.9377763
-1.0478307
-0.20595786
-1.1454918
-3.5318325
-3.891453
0.1162898
-0.46015438
-0.9277475
2.8975441
-2.565825
1.559368
3.6030052
-1.0469229
-0.36118793
-2.0037732
-0.71489626
1.9503924
0.3087206
-0.68521255
-1.7452087
1.0583763
-0.09207112
1.4378736
1.7296997
1.1062933
-1.038414
-3.6818478
-3.4092252
-0.2852942
-2.7844439
-3.2470243
0.468381
2.00397
2.9014568
1.7891245
3.4937904
-2.784017
0.61744833
1.7387053
-1.8118368
0.0032140538
2.134566
0.14466402
2.551648
-2.2838078
2.9717493
-0.6913497
0.7710123
0.06902365
-0.8706219
-0.22345027
-0.7015305
-1.1905158
-0.6902782
0.6424303
-2.097056
-1.8447078
3.2459211
-3.4535146
-2.021187
3.004814
-3.8754978
-1.803292
-1.9311212
0.28051397
-0.23510358
0.01896242
3.432096
3.1263878
-2.4321856
-0.13748536
-0.3901351
0.8615844
0.10911994
0.22749504
0.4770254
-0.31740332
1.569543
1.7238923
0.27376592
-0.48827004
0.23495649
-0.1677222
-2.891745
3.8955708
-2.0181255
1.4361358
1.1626599
0.054947138
1.4178324
-1.5602818
0.15084769
-0.7237596
0.68451566
-1.8982182
0.41095257
2.1895485
-3.611944
1.4273622
1.2901752
3.0004785
2.5368052
-2.0947568
1.0590279
-1.4239608
-0.2072493
0.43963197
1.4547758
-1.1210591
-1.1268662
3.4389396
-0.023600444
-2.0500164
0.7839535
0.6840807
-1.2657315
-1.8342168
-0.8275491
1.8146933
-1.4253225
3.0979645
-2.8111484
-2.665795
-0.058335803
-1.0078025
0.22646815
1.4097705
1.7916087
0.9970629
-2.3501282
1.287159
0.51368326
-2.4503462
-2.6454012
2.440141
3.5406392
-0.5875397
-0.105910465
1.8364707
-0.7243003
1.9248706
-0.70107037
1.8009218
1.5511262
-0.9999399
-1.9364487
-0.9218551
0.5404422
4.5992684
-1.1524569
3.0002697
-1.8155397
-1.7935474
-1.7448046
0.2061469
1.0687217
-1.1824
0.62130743
-1.8788548
-0.06833764
-0.4636081
-3.2158425
1.8978044
-1.0934196
-2.1371355
2.7811687
3.0480673
3.4031076
0.604922
0.4154945
-0.5454468
-1.3484311
-0.58727485
3.1190875
-0.48379517
-0.7770312
1.4982637
0.14153436
-0.013539314
0.58024794
2.1943598
1.2235733
-1.2079266
0.41615295
-0.5448284
-0.7834415
-1.3250183
0.6841364
3.8165314
3.3395228
0.6891826
0.3235318
0.18082884
-1.7365226
-0.23047635
-3.3516645
4.246441
0.3096238
-1.6752672
4.8257213
0.8582129
2.0045958
1.7434062
1.4885951
0.13402274
-2.5974345
1.8985376
3.319774
-0.25369877
1.6885206
-1.9574838
-0.4794344
0.90207684
-2.0022988
2.6279671
0.6568
-2.5534441
0.6357165
-1.1306324
0.747742
1.1722012
1.3880028
2.013378
2.1041234
-1.9733498
-1.6127453
-0.72080255
2.6279383
-0.06670599
-3.1788068
-0.30918324
-2.352334
-1.4431065
2.9438581
1.2892603
1.9942198
-0.2760721
-3.0550227
-1.7116599
1.7110188
0.59707475
0.003884323
-0.009416398
1.8089896
2.7942462
-0.40972817
-0.7953609
-1.5255852
3.7778215
0.6309125
1.5812348
-0.19585566
-3.0502315
2.504801
0.46116614
-1.7983731
-3.0846922
-3.861076
2.6853576
3.648028
-0.8069202
-0.5755618
3.978255
-1.0729177
2.8453784
-1.8020254
-0.8404351
-1.8809315
0.06475414
-0.3556226
2.7264943
4.151592
0.10109242
2.1795254
1.364141
2.2954204
-0.37076834
-1.9675119
-0.5855337
-1.8010812
0.8651058
1.7460477
1.8930968
-4.4860744
1.777936
4.7335105
-0.16120195
-5.4157844
0.41886583
-0.45795086
2.0357943
0.3223579
-4.7529507
0.14484519
1.0447317
-0.6273015
-0.78655016
-3.0296419
1.8476331
-0.43895188
3.268376
1.206417
-1.3019392
-0.24965891
-2.8799882
0.5339222
-1.9111185
-0.24998665
-0.7487536
-2.4146013
1.8885684