Glalia
0
-1.3814864
-1.5406516
-0.7068787
-3.464862
-1.9094799
-0.8628413
1.5240754
4.071512
1.6228347
0.45210692
-0.11775552
-0.9181775
-0.91595
-0.5526398
1.5149281
2.2888098
0.43299264
4.212472
-1.7705412
-1.483985
0.02128055
0.9245148
-1.431495
1.1194574
-1.1284957
1.4347975
-2.0501301
0.6620836
1.0681293
0.1692524
-0.004888132
-0.047442056
1.6070232
0.9719192
3.8667514
-0.6957216
1.9888679
-1.2641544
0.38695407
-1.3080256
-2.8073015
-1.9062182
0.0055965446
3.3958426
-4.5288935
-1.3299848
1.3833526
1.3027581
1.735281
2.233734
0.7469492
-0.19186807
-2.8516989
-0.21799472
0.68204886
0.63954556
2.8436902
-0.8397206
0.42209294
-0.91164994
0.7816157
-3.1768947
2.8786726
0.50347817
-2.3382857
2.424402
-3.761892
1.6309894
-2.8921032
-2.1862037
0.84765804
-0.27425754
0.73954904
0.9728089
-3.3028178
-0.24830943
2.4681232
1.3102983
-1.0998384
3.4337728
-2.2748563
-3.8095288
1.3282039
2.4529617
-1.4635675
0.06640766
2.717267
-3.3322828
2.4193695
-0.6139009
-0.5772096
-0.22184958
-1.5846318
-0.19059014
0.045477055
-3.7021687
-5.3115063
1.3004222
-2.1094258
0.30367726
2.082242
1.0480745
-2.1535847
-0.41547984
-1.1619855
0.6356534
-1.523562
2.421252
0.72615933
2.2822852
1.6321247
-1.3102299
-1.4100497
-0.18479446
-3.7629063
-0.9413875
-1.0220671
3.3724945
2.2291505
2.41934
2.4744203
-0.083180666
1.2771802
0.24855146
0.89748156
0.6921724
1.1182677
4.287302
-0.007659763
-1.6452067
-1.7714449
1.4113535
2.0759568
-2.3394954
3.4417603
-1.8190056
-1.0912316
-1.1540616
0.65384024
-1.265667
1.8170034
1.9036521
0.21527758
-1.1138351
0.47241065
-0.9753142
-2.829473
1.3402442
-3.169407
-2.2327592
-2.7127376
0.35234103
-0.73972887
-0.027532872
-2.9151218
0.40527228
-1.3043411
0.691885
5.247268
-0.38232988
1.0791559
-0.5212453
-2.6692379
0.7077559
-1.0956877
2.1834285
-2.14611
0.014054444
-1.7256745
0.13537407
-3.0245225
4.1731644
-0.87795585
-2.5234125
1.362491
-1.7230536
0.60521656
1.1260729
-1.6569084
0.15423475
0.59400797
1.4757898
1.6318725
-0.52282256
-1.0880076
1.2555007
1.2962399
-5.5425534
1.5676979
-1.2473729
-2.9022868
-0.87214553
-0.9085547
4.391222
-1.5314553
-0.11709158
-0.306703
-0.7087469
-0.8637767
0.9723417
-0.031247579
0.9054646
4.2655077
-1.5136923
0.5067964
1.602922
-4.8865843
-2.1407952
-2.4751034
2.7150733
-4.0005116
-1.9647346
-0.4074391
-0.29955232
-2.249152
0.7419388
-0.68622154
-0.71104753
-2.5609584
0.1618799
-2.9315104
-1.7918197
-1.2653308
3.3102949
2.9397385
-1.3357613
3.2844176
-0.42952618
1.9102015
-2.3745162
0.19394976
2.3996344
1.6645707
-2.622886
2.7957704
3.1812637
0.9468053
-1.1293955
0.3701372
-1.869068
-1.06303
0.17705844
-2.3839417
-0.7886045
-1.8819996
4.3646526
2.4908383
1.1690674
1.0666453
1.8382571
-0.8444352
-0.4814065
-0.83786535
0.12301267
2.8999994
-0.32871544
-2.366914
1.2231607
0.41119412
-2.9429586
-1.614712
3.105217
2.1983354
1.287766
2.3840475
-1.1141258
-1.9705266
-2.9649417
0.03961485
2.1032982
-0.0699474
-0.16015115
4.8941283
0.6461379
2.3106053
4.696015
0.14338404
-0.36854732
-0.95189255
1.551099
-5.6541033
-2.251716
0.06413493
3.245992
-2.8340728
-1.1255978
0.3275334
-0.18729688
0.815531
0.8801453
0.32008612
-0.5262331
-0.012657113
-0.14064854
2.2581902
0.26913702
-2.0477183
2.719694
2.757336
2.4465346
1.8124812
1.5846622
-2.418495
2.6554058
0.9823049
1.8951042
1.5854727
-2.051826
-1.8586266
0.5129787
0.18640399
-0.5310185
2.0799668
0.84511805
3.8999362
-2.369132
0.35490957
-0.78042144
1.8501085
2.9352388
2.604173
-0.6599215
-0.9559375
0.43130243
3.3904445
0.40206695
2.5362966
0.87788427
-1.6803187
-1.0916978
-0.40509576
-1.1637298
1.4160917
-1.6305474
0.9621906
0.23566052
-0.3115952
-0.27372316
0.022385456
0.3014183
4.7434397
2.9827015
0.33645356
-0.5571947
-3.2898073
1.1241615
2.4780838
4.040872
1.6534466
-0.40250272
-2.8044155
-1.674697
-1.3006623
0.123116136
1.1978256
1.5331426
-2.5666976
1.9055271
-0.14032978
0.19172016
0.0036025345
3.127988
-0.4296712
2.421752
1.1680664
-1.5478611
2.9258282
-3.0361857
1.1165137
1.8020008
2.2612305
2.0618653
2.09878
0.9659198
1.968472
-0.82277143
0.120008774
-0.74842095
-1.5196388
1.5499209
-0.73070437
1.3921566
1.6112918
2.0194345
0.60801196
0.86407197
0.18551321
0.098341696
1.4125816
1.3839524
0.5071952
-1.3555003
2.9473088
-0.61514246
-0.015659168
1.5349952
-1.839209
2.208866
0.12477314
-2.0383747
0.7560419
1.0167243
-1.9767569
0.6265558
1.0407753
-0.89612883
1.0384777
2.934346
-0.20052747
-1.5990889
0.8080587
-1.2450873
2.102833
3.8998113
0.8912007
1.0532455
2.098494
4.715483
2.5919251
-1.8507844
-0.0053617954
-1.2360648
-1.6204753
3.237012
3.6714725
4.908429
0.66388655
-0.6118634
2.55279
-0.5577947
-2.0034173
-3.7358117
0.43374366
1.1262529
-2.0395238
4.5734386
0.6176136
3.1890225
-1.5765693
-2.354702
-0.457067
-1.1415617
-2.488892
-2.216881
-0.68386877
1.3120693
3.4644203
-1.9223291
-0.17141017
-0.61313885
1.9601585
1.0500749
-0.14751172
0.98372394
1.3376042
-0.10108979
-0.61911184
1.521651
-2.4973583
0.07747886
0.49608278
-1.1428943
0.8175008
0.5208369
-1.3251302
0.9286672
0.43875572
-1.1851172
0.95163417
2.0734062
1.8870691
-2.4611964
0.8270402
-1.5594808
-1.2293824
0.31290936
-1.8766835
-0.9269111
-1.0906413
1.1558263
-1.178875
1.2182605
4.889432
-1.6676426
0.50063264
0.9036692
1.2209117
-0.71632564
1.2986681
-0.51805985
0.10874508
5.696249
0.7652733
0.77322674
-0.6880184
3.7352676
-1.2068697
1.4706464
-2.6158834
-2.6086721
0.772694
1.978514
-0.1466043
-0.23732248
0.03376462
2.6339736
-1.8763001
-1.1082054
0.9111589
-1.3517691
1.1455246
1.5322669
0.33726853
-1.4675119
-1.3426199
-1.2485383
-2.5401182
1.5148685
-0.37757856
-0.17099866
-1.5314146
2.6552317
0.31957734
-1.6484256
-0.8531884
3.7610035
-1.1250236
1.2442954
0.6227596
-0.8903122
-1.9069732
1.247582
0.68140876
-1.74737
2.5372996
-1.6505945
-1.3536888
0.94496614
-0.4625101
0.31791896
-0.22407606
-2.899109
-0.5720018
0.34326628
3.5657885
-0.20927685
2.348782
0.9326706
-0.18141812
2.0604763
-0.46699843
-2.1235807
2.1869104
-1.9166899
1.6312526
-0.3842082
-1.4621426
-0.93442154
0.7838038
-1.9300421
-0.24784374
-2.2217333
1.3176459
0.31440115
-2.0632105
1.9743537
-2.3446147
1.8593186
-0.03494194
0.6446766
-2.6868453
-1.8570548
0.17975661
2.4723437
3.714821
0.5772998
-0.4826012
-1.419884
1.6975336
0.78746665
-3.0130124
3.322165
-1.2283379
-0.28856057
-0.1778352
0.3790365
-0.22891876
-0.016347226
1.2562127
5.7147493
-2.5140536
1.3734863
0.6613523
-2.7895446
0.10826603
-1.1097103
-0.47685763
1.9981092
-1.9832753
2.1083384
-1.4104335
2.2189658
-3.1858823
1.5876857
0.5788218
2.4848409
2.6824272
3.2718744
-1.0189756
0.51447386
-3.0355003
1.310769
-0.6466968
-0.4470076
-0.37522808
1.0698609
0.8288758
-2.7832413
0.8824424
-1.9002706
-2.2017913
-2.5713716
2.6092687
-0.19672385
2.0400674
0.19543682
1.12801
0.992574
-0.74766684
0.19363835
2.0363493
2.2987647
2.7270367
1.5316776
0.69730306
0.37078643
1.843021
-1.6869893
-1.8238003
-1.1036962
-1.1754538
1.6154013
0.6632484
-0.99788576
1.8872225
-0.1542429
0.92096364
1.0241724
0.9178213
1.0606117
1.8593903
1.7166951
-1.643105
0.7222897
-3.5864503
3.2497458
1.2666383
0.75037676
0.3021416
0.8518648
-0.9006318
0.16994578
0.043531083
-3.8270195
-2.409957
2.521032
-0.74906427
0.4831007
-1.5033062
1.0976307
-0.88196284
1.7525991
1.6767769
0.22198296
0.33311886
0.318806
-0.32598448
-3.2084167
-0.48097348
-0.05864378
5.019481
-0.396508
4.4899735
-1.5000744
0.98762584
1.542453
-2.0618317
4.259298
1.6195161
-1.3868144
1.3388904
-0.9349905
1.6587613
4.504814
-2.0626736
-4.205837
-2.1045523
-1.3740288
0.75901526
0.5293221
-1.2493907
1.8171927
0.03036736
-1.6412586
-3.442738
3.057285
-2.3079557
2.7934272
-0.40866828
-0.3702618
1.9497313
-0.07147368
-0.2444689
1.5856032
1.3194458
1.3586341
0.53049153
0.4166335
1.4337093
-1.1055568
-0.3144573
0.8023336
1.572789
1.9710836
1.4339733
-1.7245541
-1.1165328
-0.10408626
0.08646754
-1.3549807
-0.056881264
0.20998561
-2.6922486
-2.7514827
1.3608886
1.1753438
-2.3724904
-1.7206805
-1.0645654
-2.396688
-1.0939366
1.72676
1.6402118
0.22747435
0.60935545
1.3200481
0.6033622
3.3423011
0.8959616
-2.915215
2.2016978
3.0896323
2.4464486
-2.2195356
1.1913375
0.6807597
0.8595619
0.007437803
-0.5252656
2.3952782
-1.0882055
0.16084814
3.9180918
2.2608476
-4.677186
3.2382424
3.151969
0.72132427
-2.0889812
-0.82294065
-1.2840452
-1.3815916
-2.5017562
-3.5704908
0.73090994
1.0144311
0.092582084
-1.8861096
2.6633532
1.8763922
0.97207236
-0.82543135
-1.6675321
-2.0940142
-2.4686542
2.9671087
-2.0440085
0.98038125
-2.5630808
0.44946086
-1.1274636
0.5679389
-0.122157685
1.6730856
1.7853901
0.785775
-0.37104988
-0.10002613
1.0776458
-1.3405993
-1.217489
-1.7222915
1.1322875
-2.0279062
-2.0057402
3.024902
-0.38673654
-0.41155934
1.3107029
0.24086006
-1.9151102
1.2509295
-0.97373855
-0.11941564
-0.6587051
0.44376877
2.7724206
-2.9639573
-2.9240599
-2.965211
0.17607945
1.8370738
-0.21667486
2.0457494
0.7702225
-1.3131995
1.9016523
-2.4803925
-0.11798613
-0.63006
1.1366045
-0.8611625
3.3305688
0.06933706
-0.007594906
-3.2553387
-0.40989682
-0.53988755
0.1669133
-2.3850877
0.97204554
-2.7459347
1.1293322
-1.6849046
-0.684209
0.244913
-2.633428
2.712595
0.117053635
-0.2753256
0.2290898
2.699418
-2.3022223
-0.13704869
2.9023376
2.1213822
-1.1325692
-1.0223618
-0.56470805
3.3030849
-2.9762492
-2.4151342
2.1819315
-1.0454646
-0.8713618
-0.3744624
-0.38484827
3.658774
1.4777832
0.5995493
-1.762197
1.0861517
2.1576188
-1.553279
-2.1882455
2.4697926
-0.731687
2.1604404
1.8606919
-2.852165
-1.2531549
2.5196018
1.7630435
1.3288022
-2.58829
-0.2711355
1.023112
0.09858162
0.1346494
-0.9168218
0.40911332
1.1385318
-4.759645
-0.13327217
2.0893412
4.3438478
1.0822523
-1.7066706
-1.1090409
1.6737934
1.9954453
-0.7639203
-2.957184
-2.9093378
-2.5801446
-0.8389165
-2.2255414
1.3606371
-0.5104045
-0.17125598
2.6022694
0.2073699
0.3710648
-0.5435914
-4.028699
0.95456034
-1.0125214
-0.8003276
-0.6508726
1.7918234
1.0516847
-1.5974131
-2.395864
-1.0300074
2.1812005
2.6201549
-2.1721928
-0.87157
0.91464674
-3.092301
0.38304636
2.738671
1.1372398
-0.041112125
3.7880762
-0.29894948
-2.8828819
0.35587105
-0.29936847
1.7736001
-3.8495555
-0.6171969
2.177944
-1.0857149
0.5154366
1.9691354
4.0491033
1.6948966
0.61236477
2.570995
-2.069631
-0.51910144
-0.060829382
-0.28541926
-2.4104617
-3.0104632
0.7009243
5.4190855
0.29349387
-2.2703152
0.9290875
0.49546915
0.17738366
-0.5525538
-0.6686841
0.041858435
-0.7169733
-0.4266721
1.0462434
0.7368008
-0.16075267
2.1819735
-1.4188342
6.074838
-2.2824206
0.42767733
0.321289
-1.8602797
1.0700369
-2.4064097
0.70295763
1.6287531
0.2699314
0.2248993
2.3846445
-1.8977988
-1.0319414
0.06046973
1.1473505
1.7875648
-1.6697302
3.0279002
-2.2314115
-0.20738405
1.5931802
3.008772
-0.41120222
-1.6842451
-0.18259248
-1.7964847
-0.1534451
-1.7488402
0.14304398
2.8438993
-0.023616374
3.398383
-1.1829748
0.8466507
0.9684936
-1.3730456
1.6739386
-0.57063323
-0.9852744
2.7549727
-3.0070002
-1.308811
-0.4017575
1.5080501
0.8940854
-0.43071112
1.1694216
2.080964
-4.2973304
0.48117456
-1.8915858
0.36898735
1.8110064
1.8589668
-0.3098789
-1.1769643
-1.1960407
1.0880606
0.20858796
0.54341257
1.5729486
-2.5683994
-0.9147435
1.0002769
-1.6219152
-2.0432274
-1.5495257
2.2707043
-0.24343815
0.31050694
-0.7786757
0.2593826
0.7859129
2.4186165
-2.4546268
2.9900694
0.39007512
0.05999174
-2.1146224
-2.4316387
-4.6367235
1.6394525
-0.0013938695
0.48057276
0.03506113
1.2961104
0.90533304
-2.4255967
1.6688243
-0.38907307
0.059540987
2.7908103
-3.9863453
0.6927868
1.2557081
-1.3856788
4.714138
-0.4480767
-0.70810235
-2.3177245
0.5594552
-0.7617019
3.8464482
2.217391
0.6219705
0.11232407
1.2915288
0.13190135
-0.7055308
2.2660544
0.2126201
-6.0111623
-0.95736873
-1.0118043
-1.9664181
1.4626116
-1.2676251
1.2995892
-1.9990209
1.155945
-1.3520819
0.24620503
-0.38980407
-1.2265936
0.18303192
-1.4420917
-3.3491383
-2.2281506
-0.26241496
1.9333614
0.91483563
-1.8879389
-1.3271314
-3.7839994
-0.0617467
-4.399686
-0.9268923
0.3853411
-1.9355475
-1.8171555
0.33762836
-1.7046351
-3.731789
0.11253132
3.6976373
-2.8210816
1.0557122
0.33622074
-1.4779472
1.6649464
2.670749
-2.1640537
3.789531
0.52274126
-1.0405976
2.5782104
1.2374516
-1.3151479
2.082692
3.5682216
-2.5558035
-0.75507504
2.0720754
0.9903599
-0.2923614
2.8281333
2.0669608
2.8225365
2.4336567
-0.069629736
-0.87625843
-0.63621867
-1.4674591
1.8130093
-2.4950116
1.3397205
0.6207771
2.0182655
0.9236585
1.8868883
-3.6473718
-1.2310858
-0.8176459
0.25592986
2.6458063
2.1039803
-2.127005
-2.181452
-2.792248
-0.4149099
0.048498325
0.7122031
-2.030521
-0.5932638
-2.1917639
-0.9818631
-0.39084476
0.60278434
0.074302584
-1.1801388
-2.138927
5.1194205
-2.4044793
-1.091507
3.6019456
3.0985806
-1.2603763
-0.6758695
0.06940303
1.1491562
-0.55810946
1.0706315
-0.64315003
1.5388557
-3.2366192
-2.0239391
0.88268393
-2.1376576
-1.3413459
-0.5036041
-2.5932324
-1.0550153
-0.11402665
-0.98638684
-0.18401524
0.021795444
2.0410352
-0.67639846
2.539624
-0.6693884
2.4489841
1.3996733
0.16802923
2.6111882
2.3224134
-2.5875897
2.372283
-0.1492686
-0.020105705
1.4612299
-0.062136456
-1.0401217
1.8742537
-0.479658
-1.693169
0.92773587
1.3626095
-2.0482385
-0.036265798
-3.917696
2.564867
-2.0719733
2.116731
2.224119
0.9825186
0.80824924
2.0667934
0.9254522
-0.740302
-2.313746
0.68169093
-2.8536062
0.16823289
1.764116
2.859968
0.13641243
-0.7454635
2.2132218
-1.8940887
1.2213782
-1.6944556
-4.72236
1.1776061
1.7391807
-4.318917
-0.47050363
-1.9399664
2.7485337
-0.44708878
-2.0612175
-3.2621377
-1.0577887
-0.7152872
0.06233046
0.19851811
0.21922603
-0.989464
-0.63768953
2.6440165
0.7415372
1.1383572
-0.044608764
-2.8307796
1.4484286
0.7800599
-0.6946783
1.383017
-1.0367533
-5.5829015
2.8774471
2.8835313
-4.5453396
2.7516289
-2.3260858
-2.7653341
1.814179
-0.3896195
0.8563022
1.7012703
0.8111469
-4.4559336
-1.9013888
1.6564595
1.8721993
0.9700284
0.78379
-2.3266356
-2.1253364
-2.2997892
1.0484889
0.8281626
-0.040081676
0.7891536
0.9513542
-4.239063
0.9271304
0.4742573
1.6489867
2.5515409
-1.3560699
1.5617415
0.27009776
-1.297041
3.1983492
2.6029315
-2.057631
0.4375362
-5.8766174
0.6844647
0.61685723
-1.6457711
-4.03231
-0.43929458
0.91096777
0.17928307
0.15228185
2.8408241
-0.16855097
-0.31606287
-0.28928286
-3.317405
0.5330281
-0.5278079
1.657821
-2.459526
-2.9429872
1.4714037
-1.3995776
-3.1304886
1.192071
4.5193763
-0.03547276
-3.8759012
-1.3205596
-0.5545755
-1.0720034
-2.5736156
0.30116826
4.8814883
3.3646903
0.6915216
-0.1965965
-1.9456154
4.911435
1.0786676
-0.4267052
-2.030331
2.341666
-4.2489624
1.321065
-0.9137482
-0.84955585
-0.5175695
-1.6618761
-1.1825709
-0.22843987
-0.69608927
1.2414072
-3.319958
-0.6741435
2.481324
0.085109785
-1.3905357
0.79555947
-0.74235666
2.865229
1.1419988
-0.32522136
4.163893
-0.6057802
1.1844411
-2.025756
0.18827118
0.40732634
1.300382
-1.565034
-1.7970847
-1.3591663
-0.24061492
3.3208418
-1.4166744
-0.08979928
-0.77430385
-0.39958826
0.77584213
0.0040165223
-3.7288322
-4.190478
-1.422509
2.2072263
-1.062106
1.1300673
1.5555209
-0.18283722
-0.36894375
-1.4447861
-1.1530248
-0.21029249
-0.23467731
-1.2374481
-1.0748206
1.8728522
-0.79403126
1.8061674
2.8219268
-0.75058013
0.41674784
-1.6124873
-0.36658773
0.1720425
0.62565655
-0.39490038
0.23079574
1.8339995
-0.40692517
-4.6648207
-3.388867
1.8405309
-0.43383247
1.0230625
1.6679844
2.162318
-0.14318019
-2.6192462
-0.77794
3.7826183
0.05311954
-0.015874743
2.949781
-0.6049862
-0.9175133
-2.907192
-1.7832468
-0.15026647
-0.10127611
1.3022689
-2.1128142
-0.8640793
5.136902
0.41227937
0.40796822
0.17594984
-1.9492601
2.0671246
-1.4955804
0.2411127
-1.1965021
-0.2930239
0.23297332
1.0946125
-2.5908313
-1.05427
0.8997732
0.4314194
2.7331076
-0.75289
1.8333651
-1.3953553
0.70138025
0.6432494
-4.879894
-0.096944876
2.5193572
-0.6382535
0.15671621
0.7025223
-0.1867815
0.10573262
1.3394574
0.44880953
-0.37329018
0.10036585
-0.01331915
-0.086052194
-0.4474995
-0.110465385
0.13870081
1.0561267
3.6206737
1.3644922
-5.0150166
-2.603029
-1.5528853
-1.4824058
3.262671
1.5603527
-2.4525976
-4.249465
0.17904438
-0.47857526
-1.4212664
2.3786576
1.5221033
1.7728938
2.0055761
-3.0952048
4.619112
-0.3472557
-1.6695035
3.0224068
0.20214832
2.9903016
1.1069183
-1.5809215
1.6473666
4.3192368
0.20612097
1.6167604
0.44417983
-2.2762492
2.8167443
-1.6464033
-0.9534068
2.6463685
0.33958888
-3.1739254
-2.0867257
2.155866
-0.15448368
2.0446568
1.8403534
-0.1752947
-0.51629555
-0.3397024
-0.32576084
4.3307967
1.1972985
-1.3761778
1.397197
-0.7221614
2.053014
1.8567003
-2.2315204
-1.0284386
1.2874982
-1.0786028
-3.362162
-1.7047361
-2.9399526
0.08735709
1.2950563
0.25805235
-0.16437408
1.4131016
0.009817369
-1.2584218
-2.617828
0.77214915
-2.8880954
2.0733647
0.47710237
-0.77435035
-1.1269157
1.831219
2.2609978
0.18789712
0.18193726
-1.1152009
3.8029218
-3.0369704
2.2880428
3.1418266
1.2535073
-0.87366927
-2.4318004
2.988403
0.7337436
1.8657435
-1.5043659
-1.5608643
-0.75268924
1.0423985
0.2659394
-0.64944565
-2.2617054
-0.32027397
0.888925
-1.2056037
2.38124
0.39080966
1.5216247
-0.7040169
-1.624771
0.8017123
0.20185548
1.6744287
-2.7266917
0.6908208
0.6153006
-0.9360659
0.76236856
-0.35480788
0.3732755
4.119565
0.92108804
1.5255023
2.7212863
0.2557174
2.5997343
-0.41796148
2.6872945
1.2897534
-1.2048028
2.131279
-4.6110516
1.0518405
2.786099
-0.18476924
1.7402642
-0.19174418
-0.4532382
4.63583
1.9583617
0.5972963
-1.2062886
-0.46081686
-1.9637002
0.35125765
-1.8304787
-0.74762005
2.2860746
2.1313696
-0.057158396
-4.419108
0.20141277
0.8823224
-0.82847464
-1.8240786
2.4523602
-0.4744023
5.385005
-0.17070532
2.6582785
-0.15281685
-2.6145916
0.5106618
1.503226
1.3498605
1.4316795
0.1344168
1.7518642
-0.032187194
0.39544132
-1.3057883
0.5602966
-1.0792361
-4.1046715
-0.6239385
-0.9620919
-0.11883303
-0.3007595
-0.32833177
0.5896696
-0.584163
0.08884784
1.0818009
-1.9039434
0.71353734
-1.730532
-0.95636123
3.0896907
-0.6973691
0.3660475
-0.61608386
-1.1578364
-0.10117186
0.2951602
2.7368484
-2.4006102
2.5885386
1.1976721
-1.7944497
0.3158411
0.94071716
-0.061631013
-0.5749764
0.61403394
-0.5660905
-2.8180091
2.2992768
1.6205995
1.0930767
-0.3502259
0.8457174
2.723058
-4.37484
1.7533468
1.2001885
1.2995769
1.2925317
2.737227
2.9788609
1.8446202
-1.8317728
0.23032038
0.86131
0.79351544
-0.4259312
-0.12011469
1.2467765
-1.6645746
-1.0195236
-0.010058835
0.2013506
2.3515768
-0.054865368
-0.19805247
2.4779904
-2.6871717
-1.7841738
-1.4933642
0.54267406
-0.12866884
-2.803275
0.7265369
-2.001146
-0.8609494
-3.5207322
1.177238
-0.2784571
-0.5188067
-0.16527182
1.4557998
-1.4947777
3.2957058
-0.46506715
4.450531
-1.0375583
-0.7245297
2.5523283
0.1102999
1.7975187
0.8186826
-1.3226674
-0.6800852
1.470531
0.22796473
-0.2789821
0.4018486
-2.8753026
2.6124732
0.5344072
-3.0585074
0.18560639
2.6021686
-0.68620527
-2.2698743
3.7448852
1.1845251
3.612621
4.2751045
0.47727937
-0.2668798
-1.691834
-2.3378987
0.6723384
0.97570217
2.7402892
-0.9227863
-2.1473904
-0.11856804
-1.1992096
-2.011839
1.2895283
-0.4335506
3.4878237
1.4633212
-0.25197494
-2.9244194
0.13010123
-2.191263
1.6685698
0.23994172
-2.38314
1.5454698
2.7334502
-5.6764483
2.8003142
-0.24349114
-0.5805848
1.7090744
0.2702326
1.57751
1.5547293
0.26627475
1.2138718
1.3394976
1.0777215
2.8228774
-0.6990312
-4.380746
-1.2183847
-0.44057456
-2.6578112
0.5560981
2.5523791
1.7501353
0.1214187
0.75393856
-0.1719114
1.2014164
2.777597
2.0359197
-2.0928743
-1.0863909
-1.9372271
-0.6851013
0.83474815
2.4719408
1.0908799
-4.8386555
3.7346666
0.17114893
-4.219524
2.3048995
-0.3944885
1.4637492
1.4746624
0.61664915
-0.053560667
0.066814646
0.5970214
1.443045
-0.40660235
3.7033715
-0.40602532
1.4899695
-2.9892464
-1.2832624
-1.2823666
-1.5268316
-1.3683976
-4.1401396
-0.4730615
0.3006785
3.078591
-1.2764183
-2.8197005
-0.31932375
-2.8828633
0.90746486
0.011937607
1.1855592
-1.329392
2.464008
0.6966403
-1.669944
-1.6715989
-2.8860862
1.8074446
-0.9795542
-2.7110806
-1.3609828
-0.81247544
1.9409596
-0.41223273
0.5119581
-0.7870712
1.1062487
-1.382954
2.733926
-3.8973815
2.2289321
-0.7171217
0.0058868416
0.11857381
-1.3307549
-2.3267233
0.72809964
3.035153
0.5385625
-1.8292663
1.4760734
-3.40366
3.5811498
-1.7008001
0.8794726
2.408875
-0.21539032
2.5362198
0.09866069
2.747987
-0.51109535
1.5385021
-2.5374448
0.14046866
-2.9512455
0.99445254
0.035057686
1.2544044
0.077869
-1.1939863
1.4776077
2.4700737
-1.1661571
-2.6537461
-2.419673
-0.8115238
-1.8538936
-0.0021607727
-1.0618224
1.0012699
2.5072796
-1.0569426
-1.6563467
-0.61074835
1.4960481
1.5920649
0.9443863
0.354568
-3.0533092
1.3628694
-2.4472277
0.1687477
-0.2910098
0.30961278
1.4595903
-0.5016151
0.08705247
-0.6434432
2.5918074
4.6450653
3.3396041
-0.2087202
1.3258797
-0.6382016
-1.7406743
1.3672963
0.39880288
-0.8929552
1.3372586
-2.7946358
1.461665
-0.2676719
-1.1305364
-1.6563002
-1.0965282
2.993773
2.7294822
1.2367153
-0.15276974
2.899656
-3.366205
-2.390501
1.2570325
1.5000093
2.5623252
2.1100028
0.18844408
1.0268344
0.96775985
-0.5374511
2.1359434
-1.1998278
-0.15395251
3.1187508
3.696626
-1.5261908
0.9330622
-1.5161237
0.94363725
-3.4916508
-0.4471403
-1.9580599
0.5506463
1.5155535
-1.2538024
-2.281821
3.2905521
-1.9194953
-1.604846
0.2979678
1.7772166
3.52973
-4.8677816
-0.53541356
-3.2540529
1.8643751
2.0662127
1.7047893
-1.0057534
0.72168267
0.61589617
0.91877013
0.8247126
-1.4239521
-2.5672715
1.231142
-2.9169788
-0.58068675
0.08196002
2.121191
2.6174371
-2.4975872
1.1442589
-1.6739452
1.6703495
3.2767413
-0.09331017
0.46343789
-0.9778224
-3.309121
-0.32799911
-2.1131523
1.0395491
-0.8984216
0.020110507
-2.1953769
-0.9941214
-4.855535
0.9840492
1.4243268
1.644523
4.50565
1.3018593
0.5095463
0.947548
0.17718166
3.6021073
-2.6747684
0.78622085
0.22581579
-0.755564
-0.50533587
-1.7212226
-2.5565076
-0.79518104
0.37948212
-0.2909335
-0.09841264
-0.23942125
1.5869701
-2.3437192
-1.6402993
2.113245
-0.97993207
-1.0276495
0.5295023
3.464877
-0.83268553
-3.7495258
0.14001825
-1.846651
1.2542603
0.0023389086
2.8521893
-2.4051578
0.71457565
-0.1416375
-1.2552686
1.524984
-2.3349276
-2.3126497
3.5616975
-0.21965548
3.6398253
-0.9545968
-0.9006895
0.06813096
-4.645397
-1.3465539
-2.7701588
1.4398172
1.50366
0.39834115
-2.4378903
4.283766
-0.46056882
-0.10432424
0.9205855
-0.07055744
-2.381708
0.58063155
-1.9966928
-3.5316873
0.7738386
-2.4359078
3.5446897
-0.03824289
-1.5472205
-2.883572
1.2223877
1.6957891
-0.7068206
0.115724504
2.167277
0.5163619
2.392611
-0.48301187
0.84741414
-0.0608868
-0.06508349
-0.32282165
-1.2253119
1.1872678
-0.3475688
-1.8134735
3.2803214
2.8282187
-0.93515563
-1.4711238
-0.57914627
2.4839697
2.0295155
1.7574536
1.2366742
-1.4791143
1.0318736
1.2300254
3.0312681
-2.6973827
0.46071926
-2.0115473
3.510444
4.051035
1.4570134
2.0887618
-3.1779544
2.301675
-0.40276214
-0.8016561
-0.032796793
0.07168205
1.1333082
1.7623491
-1.9210597
1.3907813
-8.080338
-0.894319
3.3519921
-0.023589179
-5.2526097
-0.61209565
-1.2260844
2.2769113
-0.9556617
-1.0543742
2.0652661
-2.6050508
0.9446405
1.1592637
-3.6072454
-4.0375085
-1.4627813
0.44120285
0.30932087
-2.5345116
0.75202996
-1.7126937
-0.9948991
2.9185028
1.8492786
-0.25926507
-2.644354
-0.47399935
-0.94245726
0.8758188
0.70361125
1.0932305
0.5833344
0.6455779
-2.0646079
0.0680118
-1.2140809
0.86977726
2.4593725
-1.8504596
1.2401472
-1.096428
0.98903704
-0.8181666
2.656507
1.1644764
1.2355013
-0.1551818
-5.4883194
-1.3530726
0.46496686
3.0131469
0.99467903
-2.0437007
0.82965106
-2.1131284
-0.31267935
0.85076874
1.8574108
1.2693653
0.9624808
-0.7109306
3.6430123
-0.18593739
-0.8816172
-2.067104
-0.43741798
0.48097652
3.8910303
-0.23988044
-2.5241241
0.55339485
-1.2068747
-1.5870855
-1.8621012
-0.9321757
0.5097684
2.6455386
-0.58804065
-1.998017
-1.6908695
-2.2125893
-0.23524195
1.0405335
2.754239
1.5701678
0.7502361
-1.0203323
2.3377643
1.5084928
-0.9344457
4.02138
1.4013474
-0.53666216
2.5537999
1.8232632
0.31128109
-0.39556846
-0.31056887
0.47407967
2.9178603
-3.2862997
1.9509065
-4.8342643
3.0432265
0.11578223
1.3890587
-1.6430393
1.2480389
-1.180098
-0.47916833
1.2070677
2.3427463
-0.9908473
0.5128006
0.9025405
0.22539732
2.1557455
-0.7860582
3.8691034
1.6579809
-1.8285687
-2.9791331
1.9618288
0.54398024
-0.46130306
1.6642277
2.1032164
1.1677206
-0.71853846
-1.6564729
-1.6882179
2.905053
1.9233279
-0.38642943
-0.8937611
-2.4890678
1.6905558
-1.7139935
-0.5929557
-1.2159916
0.52269155
1.9034543
2.7345285
0.24221413
1.3193127
-2.8256364
3.668133
-1.5110288
0.60350543
0.9779097
0.9467188
1.3942217
-2.5886989
-0.6521175
-2.3954144
-2.5981367
-0.82438374
-0.69701
-0.91449106
-0.7117891
-1.1458766
0.8782722
0.05503625
1.1758541
-0.35019532
-4.4298167
1.00251
-0.4273525
3.5426862
0.3079109
2.01928
-1.4068995
-0.5261707
2.3069084
-1.7667761
-2.0093799
-1.084781
2.4692106
2.700605
1.5680327
-3.8025787
-2.7428985
1.2074001
2.4812994
-1.125134
1.9537069
2.1873438
-1.6818104
-2.371585
2.4850972
-1.9563056
-0.15398294
2.2811837
-1.2917308
0.30853674
3.2870026
0.66846734
0.18124735
-1.2468588
-2.1042843
-2.8087974
3.6439693
-2.6767254
-0.52055466
-1.0477827
-1.3307483
0.055514008
-1.2481161
1.9185607
0.10428815
0.4703601
4.9003925
-2.1657526
3.3518531
0.60036063
-0.5288025
-1.2228531
-2.493797
1.5250477
2.4875805
1.222101
-2.6564937
1.4987863
-2.6954057
1.8186221
-0.3096205
0.86841863
1.330272
-3.8213615
-0.33369195
-2.5140212
-0.6478628
3.5567193
0.5030923
0.8575975
1.6238793
1.95096
-4.1638885
-4.566229
1.9269667
-0.83167595
-1.2099316
2.502448
3.095626
1.6000441
-2.4762745
-0.1628072
-1.0131665
-1.29552
-0.7602728
-0.04079753
1.7769072
2.405751
0.29815972
-1.5239011
-0.059788957
-1.2031155
2.3507066
0.7695566
-2.3473089
0.1550799
-3.330556
-2.379537
0.043473877
0.8988008
-1.2309709
3.5677824
-0.07555877
1.0085394
-4.567293
0.58054733
-0.92954487
0.68386877
-0.33367768
5.544769
-0.41780892
-1.499568
-0.6661299
-1.6676342
2.2836428
-1.5088594
-5.193691
-1.4594246
2.1548474
-1.6339338
-0.22432572
0.09026765
-3.4952443
0.40960515
-0.74462456
0.8778161
-1.178265
-2.5856864
1.6639128
-2.6996334
-0.6685491
3.0020502
0.9420132
1.4657493
-0.8084304
-0.37626117
1.5643047
-3.3559675
0.08888005
0.72531325
3.08956
-1.1323484
-1.950808
1.2750839
-0.3249254
-1.5189466
-0.37373838
-3.9092278
-2.3726323
-1.59909
3.0439029
1.7564071
-4.47445
-0.3310825
-0.51342463
-0.6753494
-0.21539456
-1.4941064
2.307388
-0.35441586
-1.0877153
1.4769026
-0.42482853
-1.3912221
-0.19923025
1.1332976
-1.3879818
4.0234017
-0.14537679
-3.4100714
-1.296017
0.30172625
-0.08466596
-2.69093
2.897481
-2.7514768
-2.2141562
-2.4403389
-2.3488605
1.438513
1.2328744
0.9120748
-1.264775
-0.8067744
-3.7037985
2.5184312
-0.09743006
-0.10038414
-0.07822405
-0.2746072
0.0040689185
-1.052331
0.17324883
1.495955
-3.8409467
-2.4039762
-0.8596349
0.63715124
-2.028439
1.5391465
-0.48951042
0.47485402
-0.7144535
-0.22581415
-0.4030114
1.0932654
-2.908778
-0.99486804
1.5436862
-1.9906155
-2.4699583
-0.107458815
1.3875881
-0.32828984
-0.7466773
-1.951799
-3.9561193
-3.4903998
-1.4619327
-2.1389732
-0.4850601
-1.3128786
-3.3575258
2.78642
1.7028723
1.2895676
-2.2097564
-0.40780634
-2.0122135
2.9273336
-0.148059
-1.7748944
1.3722026
1.0932451
2.2565126
-1.2005017
-2.1856418
1.4763055
3.3023193
0.6233671
1.2350199
0.37363064
-0.6369997
0.7957364
-0.82440805
2.7264786
1.0123231
-0.45307222
-1.3803979
-2.1568296
1.5813451
4.8038936
1.4417813
0.60897034
1.6840148
1.0035303
1.6160274
0.07209158
1.0622882
-4.208168
0.067088164
-1.7483228
2.6808877
8.772518
0.9428952
2.0348265
0.5530426
0.63036805
-2.594141
-1.8590336
1.7264583
1.702596
0.44487333
-1.0191928
-0.17711827
-1.9800812
-0.6989112
-3.258178
2.7522266
-2.4781063
1.6781461
0.32273513
0.8424628
0.29924092
3.384793
2.6858556
1.283844
0.061881408
-0.2639683
-2.56471
-0.47989896
-0.10346606
-2.3145373
2.6408443
-2.7080579
-1.7556145
2.7654302
1.3756566
3.7119145
-0.38793865
-0.3524692
2.3002777
0.35095662
1.2953693
-0.7223851
-0.21885385
2.7045586
-1.3303287
-0.4186731
1.9234549
3.0286665
0.3546974
-4.17185
1.6304526
3.6011136
1.1950487
0.2192824
-3.5802627
0.37025523
0.44069827
1.2964594
0.82295054
-0.28588817
0.0016172752
0.21986058
3.0933213
-1.248788
-3.8680515
-0.373968
0.61468023
-2.4540985
2.0079165
0.75076187
2.2404814
1.2151884
1.3032361
-3.8070781
-0.99242055
2.6794868
-3.0519788
-0.24455756
0.47115055
0.12220453
0.29369754
-1.6103662
1.5051621
-2.9211423
4.0851936
1.5601939
3.3887978
-1.813581
-0.14151436
0.84726036
-2.9533043
-2.014165
-2.387065
-3.7021532
-2.285403
0.43691
-2.9313076
2.6716897
-0.478549
1.7988763
0.40823054
0.5566132
-1.1067498
-0.32022387
-1.6003507
0.77627003
0.07109672
-1.4211832
-3.5677857
-0.59242344
-3.5079968
0.73674953
-0.70245564
1.9995338
-0.54216766
-1.170525
1.0224128
-0.97074956
-0.3033098
-0.30198395
-1.4334788
0.8540412
0.65359133
0.5193722
1.6399521
0.75768685
1.3532017
-0.6554036
-0.03452187
1.2085123
0.398617
-0.8801516
0.82290417
1.2770692
-2.0526502
1.8563048
-1.6584584
1.1714365
-1.722143
0.47730413
-0.44709766
-1.3542433
-0.8283881
-1.3697819
-3.1247544
2.7164993
1.1601719
-0.31120634
-0.6225452
-6.307766
0.645167
-0.71377796
-3.5326006
2.747923
1.5598874
-0.74146956
0.5357928
-0.23183975
-2.530966
4.2091446
-3.002886
0.099574104
-0.29250628
-1.8439089
-1.8323605
-0.79959583
2.2166321
2.2108285
-2.506853
-0.21031469
1.2435372
1.4530646
-0.9643856
1.6775494
1.3507011
0.31689376
-3.6778505
0.053973667
-2.5322518
-2.0298407
-0.6158381
-2.285268
-2.091757
-1.5239979
-0.15274751
-1.8781585
1.8238051
0.5997627
0.1839825
1.6212217
-1.4163882
-2.44189
-2.456515
-1.3207632
-0.98325187
-3.5664916
-3.6602292
0.3267348
-1.0831176
-1.9170301
-0.47948134
-3.7404952
1.4148562
-1.1232836
1.3414422
1.9984163
-0.70060927
-0.94052213
-3.3089504
-1.29803
0.42194986
1.2039617
-0.08699421
1.5837044
1.773612
1.757838
0.5837555
1.8391075
0.21089709
-2.7744837
-4.367697
0.027850531
0.31002998
0.0801575
1.586377
1.4665396
0.85769194
-0.7212042
-1.4125941
3.4534526
1.0664232
4.1850467
-1.436589
-1.9506257
0.17920867
1.2391806
-0.4562084
-0.43160358
-3.4516525
-0.21315767
-3.5028455
2.3848538
-1.264875
2.0687335
0.45194995
1.4808607
0.6612137
1.6797801
1.4162208
0.5157674
-2.0577984
-0.92508554
-0.9160245
-1.9660729
1.7941461
-0.5531811
0.17891333
1.5130367
-0.5385495
2.094868
4.527209
-0.26969445
0.32359207
-4.878945
0.72973895
-2.4782548
1.950385
-0.7879359
0.48268983
-0.04053112
-1.7882391
1.48992
-0.08811495
-1.641372
0.67348254
-0.2820968
1.1055
-2.1411676
1.3827314
1.0238994
-2.0535738
-3.8122888
-0.5192156
1.6200142
0.47650334
0.34340844
2.7060518
1.4341264
-2.9862432
3.592156
2.3540149
-0.6826251
-0.6101443
-0.11164604
-0.22265269
0.17700347
1.0348693
-5.0343437
-1.220724
2.312183
-2.0089133
-2.0363238
-0.81885713
1.0948479
-3.209603
2.4581823
-1.6045777
1.1976361
0.18016604
-2.43771
-0.7337968
-0.90127563
-1.048953
-0.46693176
1.515388
0.029060863
1.297742
-1.541261
-0.33767045
0.40827495
4.6974416
1.404711
-0.23145565
-1.362146
2.6657748
1.1339587
1.4281629
2.0640671
-0.98139215
-0.7662923
-0.5402322
3.1235154
3.0153844
-1.384276
2.5679312
1.5705029
1.0675418
-2.1061857
-2.8854787
-0.3582807
-1.503974
-2.484678
-0.61122155
1.6137044
0.5741213
-1.3063376
-0.9956454
0.52128214
-1.1285522
0.7550568
-2.34844
1.2552881
-1.0967578
1.3744617
2.3631806
1.2641436
-0.20534766
-1.0785748
-1.0768547
1.5851887
0.6878194
0.45125273
0.7274802
0.9580876
1.1421148
1.7388461
1.0114052
3.492308
-3.9070315
0.16014445
-1.8599418
-1.6999793
-1.5967476
-0.7550109
-5.664373
-2.1877418
4.582943
1.6521978
0.47854918
1.2401394
0.9955144
-2.2844377
0.88349223
0.82849956
-4.1082964
2.9655719
-0.08092129
-0.55453193
0.8494346
2.109986
-0.8852501
2.2098413
2.4832432
0.98497444
0.9038975
-0.36086982
-0.9477961
3.725939
0.13775566
4.016847
0.67145693
-3.4885333
-1.7535225
0.22618154
1.7801385
-3.9027724
1.0635519
1.0176785
1.1988727
0.8866565
1.1544396
-2.4565158
-3.829835
-1.7430531
4.4203753
-1.8614378
-1.1158029
1.0063765
1.7321471
1.6401329
0.13268605
0.68030626
-1.6376079
-0.021318242
1.0849164
-2.1642294
2.1352441
0.16262504
-1.3716646
1.2946775
1.4141953
-1.8141688
2.1740243
1.1506817
-0.67304724
1.0838622
-1.8881543
-2.0532768
0.6648071
-2.6076798
2.3237102
0.54881704
0.5729168
0.21764138
0.8157331
-0.6605165
-2.5782769
-1.9216195
-0.30547535
0.99341005
1.7578944
-1.0416406
2.0325518
-2.0328429
-0.59153163
2.2332964
2.7276602
1.1600343
1.1957309
2.2670658
-0.1357025
-2.9591458
-0.024218269
-1.6576396
-2.587874
0.9622221
-1.5280479
-0.69395775
-0.21068773
-2.0044005
-1.3023497
-1.1814357
-4.4584756
1.0200402
-0.42783788
-3.4917252
-4.2915287
-1.7946509
-0.12528133
1.6235887
0.86113554
0.74462557
0.5683133
-2.96705
3.0795248
-2.7571561
3.2765453
-0.782688
-2.3853867
-3.1086483
0.2079712
1.3153596
-1.1492563
-1.623494
-2.9946146
2.007331
-2.0677106
-0.7298309
-1.26706
-2.7338262
0.9850955
-0.9659858
-1.3367987
0.053292207
0.38369423
-0.17529684
-1.8759055
-1.1298645
-2.7578878
3.4794345
0.70887464
-0.98410434
0.54707664
0.23084834
0.4567976
1.0336004
-2.5400376
-1.235637
-0.66266936
-1.8278435
0.1901592
1.913959
-1.9674274
0.6816315
3.5344853
-2.5803535
-1.3551658
0.261931
-0.31570202
1.4833221
-0.49834478
-1.3479702
-0.2961482
-4.7835436
0.9451719
0.97782266
-0.46387658
1.2458512
1.2409196
1.9530691
-1.4327599
-0.042211793
1.3877068
-2.0868955
2.2589796
1.9417768
-1.6888995
0.61343086
0.30925643
-4.0890455
1.7754989
-0.11807156
-3.7003634
2.2538712
0.07962639
0.28632036
1.930869
0.49135786
-1.6347289
0.32296938
-2.4370005
2.0835376
0.078862526
1.856966
-1.0312206
-2.554073
-1.5501633
-4.005111
-2.7074542
-1.1880369
1.8526559
-0.07341529
3.7382631
0.7683188
-3.2515073
1.7846565
-0.048028313
0.54813415
-2.0269809
1.8846453
-0.8098891
-1.8070028
-0.4883505
3.2125175
1.0183129
2.7234666
-2.8072228
0.2579048
1.8742101
0.9835614
-2.2746701
-0.5779712
2.0331674
2.914876
3.3140554
0.55405104
-1.8455242
0.5845796
1.5307363
-2.7785888
-0.5506784
-0.23719637
1.225357
4.3320904
0.38314953
1.1989897
2.0106692
-0.8653114
2.404444
3.4763007
-0.093443565
0.8846319
-1.1234238
0.8886858
2.2993515
1.339339
3.6591976
-0.32904184
0.27275848
-0.54915494
-1.8740739
0.63575405
-2.5470822
0.016705222
-0.48796588
-2.2206223
0.55376667
-0.26484475
-3.4092598
-0.5125815
-2.4714572
-1.2400217
-0.72402275
-1.99458
0.44492382
1.2190974
0.22610019
-1.3788347
0.15182418
0.77178794
-1.3862599
-2.319443
-0.30763587
3.5948038
0.8907441
3.291355
-3.244135
1.3228024
-1.5795876
-0.46461624
0.23463312
0.1099464
-2.1853628
0.11621723
3.215524
3.4794593
-2.366107
-1.7922906
-4.1666512
-0.033637963
-3.1002524
3.9048178
0.9126884
1.8311871
0.19896111
1.0556729
0.9463094
-4.20889
-2.2351625
-2.8325984
1.7738574
-1.1592867
1.2615995
1.796568
2.4524598
-0.9843217
-1.0003375
-4.1474066
2.6432717
-5.357827
0.15232074
-0.020380568
0.15764955
3.244695
4.7547083
-2.9634154
2.2164106
1.5000179
-3.7327693
-0.46112004
3.7300723
2.3839216
4.3871436
1.2861758
-2.029261
1.3525695
-1.0270883
0.55703443
-1.9597832
0.2719702
-0.2444263
1.8579842
-2.623394
1.6566219
2.0196295
-0.543831
1.8125576
-1.7465953
-1.6100883
-0.68376243
-0.64695454
0.5393397
1.7876734
0.037487797
2.0754027
-1.2607558
3.4803548
-1.1877078
2.0986586
0.5449829
-2.0207863
-2.043621
-2.0992818
-1.0912851
-1.352136
-2.0150158
1.3007404
1.0685134
-1.5442454
0.6853724
-0.47400287
1.3971027
-2.7428772
-1.448647
1.4106147
0.63815933
-1.5529981
1.345641
-1.312004
-1.2126011
-0.013592392
-2.6476326
1.1894522
1.9390179
-1.420247
-1.3936816
-1.7870173
-1.4173658
-0.41617334
-0.4941613
-0.026777394
-0.2053568
-2.2787333
2.6217508
1.0295606
-0.20396739
1.7631356
0.2904698
-0.36960056
-3.0465045
1.1008527
2.1710064
-2.636397
-0.05894582
-0.5333233
-2.9120023
-1.4019064
-0.6439728
-0.49202356
0.100813664
-0.1890479
-0.7769431
2.279142
0.19537905
1.1370246
-0.8043853
0.2173981
-0.47147655
0.25487107
3.085956
1.4963295
5.687534
1.05581
-1.1310974
2.016482
1.3498396
0.4655981
2.627177
-1.8656946
1.0162203
-0.21141124
-0.10140117
-1.2480869
3.167125
-1.6559397
2.8383968
0.13141881
-0.30112457
3.8596463
1.3224993
0.38173473
-2.003933
-1.4944088
0.13577323
-0.30683
-2.1072917
0.5850704
0.96630895
0.9301579
-0.043680567
-0.7988795
-4.265274
-0.09717969
-0.9919819
-2.4313843
-0.92337877
0.19069692
1.6941321
-2.357474
1.9410976
-0.6866105
3.4977736
1.0514401
-0.6743729
1.2381997
-0.859052
0.5487421
0.2871621
1.689311
-0.42860574
-1.2778152
-0.50023437
1.8704569
-1.0612317
-0.15514547
-2.2565713
1.3570886
-2.4465823
-6.1506715
-4.7961473
-0.32945433
-1.5250282
0.74653697
0.95604306
3.5030928
-1.9007128
-2.6282315
0.2881378
2.413847
-0.54922533
-1.2156231
0.061726507
-1.3627143
5.416509
-0.56954086
-0.9452374
-0.35080823
1.5954345
-0.944332
-0.32900217
-0.37241262
0.09380488
3.4098158
3.497968
-0.44198537
0.49138007
0.61013466
3.1503296
1.7639245
0.63574106
3.9602096
1.7530193
2.3905344
2.9452145
-3.4866993
1.891597
-0.28596836
-0.32866722
-1.1218148
-0.26563966
-0.8472608
0.31020725
-0.8237411
-0.08648696
0.29589894
-0.6680108
-0.66349936
0.14450555
-2.9336307
-1.9111682
1.475723
0.5809138
1.2036415
-0.5963673
-0.22293344
1.1872691
1.121936
1.0793598
0.5757233
-1.3897915
-0.82598305
1.1599414
-1.5216285
0.9441089
0.32361954
1.6403714
0.8431079
-1.3269644
0.32900086
1.8296647
-0.95623046
-2.7075577
0.9850398
3.3859136
2.3043528
3.9950166
0.84557915
1.9198127
-1.6403105
1.3420026
1.2199844
-0.21407747
1.3364618
-2.0012221
6.2409577
-0.7012284
2.8410945
-0.47562262
0.46685562
0.28755882
0.17668547
-0.94466984
0.68529797
2.8460808
0.030753754
-0.73909533
-1.4169059
2.5005634
-1.1165625
5.3912287
0.30924615
0.6603458
-2.4595966
-0.78439325
0.9714412
1.4750491
1.0965475
-2.5349512
0.8864126
0.4326982
-4.0196085
-4.789476
1.7001103
3.2495656
-0.8912258
1.0752456
-1.9015626
1.0062386
0.56449425
-0.56073517
-2.1138196
-0.29270148
-0.4868427
0.7538753
0.80697143
0.53359556
-0.77022225
-0.92944175
0.12679367
-1.8568119
2.2193537
-1.3305041
-2.2844083
-1.3869177
1.1874369
-0.49899837
1.9677396
-0.32276434
2.5727754
-0.18041342
2.0488849
2.4429345
-3.733517
-2.491754
-0.9843945
-1.2124834
-1.0013058
-2.8684776
-1.8529502
0.44236022
0.5084479
-0.88934994
-1.0066887
0.7546212
1.8560628
-1.1978223
-0.59472877
-0.8305589
-0.2255288
-2.0765142
4.1616077
1.3034962
-1.2550002
0.78493994
-0.16531307
-1.6210624
-1.627048
-0.08756412
-2.0749607
-3.058522
4.852667
4.7849627
-0.06991739
3.4437983
-0.16205242
1.4574529
-1.9268036
-0.5945403
1.3098143
2.0834417
-4.52493
2.5895638
1.9900554
2.4602964
-2.368768
-3.1119769
-1.4010917
4.8715615
2.2966287
1.7300608
-1.7553337
0.8549195
-1.1049294
-1.5906831
1.627976
3.412045
1.1511401
-0.19662929
0.09396836
-0.45656264
3.3395646
-2.1171682
0.64760333
0.41178206
-4.367708
-0.5454085
3.1092472
0.95385534
-1.9551697
1.9565861
-4.0888605
-0.36094138
-0.6721684
-2.7446811
-0.2599453
2.194847
-0.64133614
-4.308119
1.250885
-0.7941116
0.18455404
0.84137636
2.6205828
-1.158774
1.2191457
0.07669691
1.6287993
-0.31587186
-0.7828493
4.3779125
0.4426952
0.03918366
0.068988584
-0.1987961
1.7013109
-2.4380426
-0.34560797
2.2015004
-0.029856011
-0.026530862
-0.96674
1.3406411
0.5810597
2.8624196
2.1207314
0.33968288
-1.3467826
-0.34402496
-4.009053
0.47699952
1.4548556
1.3149676
-0.35468975
0.74830824
2.1345248
0.48623908
-3.375833
-0.9533366
-1.0053505
-3.74562
-0.12457451
0.20826879
-3.225065
-0.31690335
-1.0786885
-0.17315978
-2.5036125
-2.49025
-1.081703
-2.5134645
-1.917836
3.659565
-2.049643
0.10003417
1.7067724
2.9667327
2.6878242
-0.9268948
-0.98464483
1.7094306
2.046727
-0.01620879
3.0440156
3.1618426
2.3421645
1.0864645
-0.14206427
2.126285
-3.6152818
-0.40683526
-3.225739
-0.8496116
2.26633
-1.6999488
2.47484
-2.2037148
0.7928152
1.0665985
2.507496
-0.059182074
0.51447296
2.2712152
-0.47522733
1.211971
-3.0198615
2.3873522
0.90627706
-1.8594564
-1.9524347
3.337843
0.8064156
-2.6990721
-1.9934752
-1.4466767
-0.15255949
1.0290424
2.7165186
1.5574758
3.3542156
0.55716896
0.13405073
0.607075
-2.5332205
-1.1346691
-3.1795232
1.5845102
-4.145091
-0.13507122
-1.858038
-2.2533457
-0.11363823
-4.315618
1.3922534
-3.472314
-0.9808547
-2.7662184
-1.785159
0.5471454
0.9171872
-0.22104378
0.5257331
5.6685634
2.4616024
0.053246796
-0.49414855
-0.08592796
1.3668662
-0.6751474
-1.0722418
-1.621388
2.8366654
-1.46981
1.6653026
0.82666296
0.4736124
-1.6704031
-0.21130806
1.0721148
0.8640084
1.1150283
0.011678409
-0.23971337
-4.5025144
-0.5423702
0.50616825
0.4568296
2.8967855
1.5597638
0.10364209
-2.3321784
1.8566602
-1.6776026
-2.9079525
-0.5383613
0.9494189
-0.25530666
4.3209767
0.48541248
1.2631499
4.652041
1.2616496
-3.3812995
2.0360284
-0.64689416
2.1159704
-0.39225107
-2.4611068
-0.89700943
2.1939378
0.06551174
0.47030365
3.5160463
1.3641351
2.3245416
4.148423
-0.15339875
-3.6991668
3.7332342
2.7146795
1.8436799
-0.11579879
-1.3511755
-0.36402738
-2.6111937
-3.6655843
-0.9179374
0.462081
0.52082866
-0.26020777
-0.5621128
1.6502227
-1.4185253
-0.8495169
4.5220284
-1.5569795
2.2577178
0.22800876
1.6461015
0.28386432
-1.4792134
-1.1699418
4.360186
3.3868794
0.006520219
-1.2763826
-0.030721404
2.2886994
-0.15727946
-0.346736
2.645937
-3.0672653
0.27466658
-0.5605656
-1.2754984
-0.42220604
-2.1565738
0.9437255
-1.0379546
-1.275035
0.018270563
-2.074107
-0.606432
-1.0792305
-1.5862474
4.0541587
-0.95400476
1.5521234
-1.4183828
1.5654716
-2.1161737
-1.3971052
0.80380124
-2.0939243
-4.633032
0.17556639
0.69281805
-2.2198188
-0.44204426
1.5041726
-2.567007
1.6246555
1.0918558
-1.4476596
0.59726274
-3.0911703
-1.7756644
0.76679814
0.705838
-1.3392347
0.81028235
0.25040686
-3.9195602
0.74524105
0.8703017
1.1611533
-1.7102534
-0.9362357
-1.3204805
-0.06922091
1.9065492
-3.2691705
0.8186052
-2.3489983
-1.7300884
-1.8472698
1.1852833
-1.9479103
-0.87496275
2.4106176
-1.7886175
1.0742807
0.11195279
0.32922438
-0.017735451
-2.2365642
1.7650218
1.4979986
0.37785712
0.39699286
2.9097493
4.1341457
-1.1836749
1.9263088
0.16785386
0.16107483
-0.062046282
0.690617
-0.26319325
-4.361802
2.3086514
0.5946671
3.6888988
2.3227384
-1.6158828
0.69737744
1.279612
3.5906959
-0.7697204
-2.0991082
0.6731915
-1.5535307
-1.2897477
-1.7772511
-3.0169878
0.012989104
3.8060482
-2.631338
-0.66305536
0.31547228
0.5441478
0.043494985
3.6258104
-1.4906018
-0.6769384
-0.028442577
-2.9574206
-0.79739076
-0.4029516
-1.4861126
-2.2276065
0.20057729
3.0583243
0.3665004
-3.5482695
-3.0774076
0.4934605
-0.9908945
-0.35662976
-0.91197735
0.99388134
-1.0059719
-0.31130236
-3.3728728
1.1299685
1.873334
-0.04546474
-3.1022577
-1.3561751
1.5814474
1.3850254
-2.5133064
-2.1438923
-2.218842
3.5941198
-0.7576125
-3.3267176
-0.5500918
1.1494886
1.8540434
-0.53008753
1.9107016
0.26354748
-1.5039177
1.0425678
1.5788956
2.84015
0.7856925
-5.0709205
-1.0117944
1.9003872
-0.63874745
-2.9561324
0.7169953
-1.5827569
-3.364595
0.18762323
1.4559516
0.4996486
2.7179453
0.99889266
-0.85598385
-0.92386776
-0.6836579
1.0681205
1.4438813
2.3297555
2.5150867
-0.92978686
0.7339557
-2.218314
1.829297
-1.2524492
2.0678124
0.36503178
-1.044325
-0.84899396
0.19780378
-1.4996226
0.23922089
1.1616551
0.08445663
-0.89104885
1.2592759
1.474628
-0.96349597
-2.7217321
3.3079648
-5.470286
-2.6027126
2.439975
-0.39698783
-0.14795014
1.440902
-0.020587876
1.715615
-0.78235054
-2.101147
2.0344527
-1.471465
-0.021127686
0.45324075
0.08167908
2.441221
-1.773453
-1.890332
0.37012735
-0.6042121
-0.007527329
2.5385106
-5.488016
-2.9399838
0.36953405
2.110282
3.7816143
1.5488913
-3.2246869
0.83336544
0.3057283
-2.47478
-0.6690768
0.51489246
-1.8327471
-3.4663754
-4.1511154
2.177532
-1.0384825
1.4040344
-1.2419683
1.5078465
-0.040531248
3.6497376
-2.6601422
-1.4576268
-1.7509236
-0.93758124
2.6479967
4.7926483
-1.9044093
-2.3193648
-0.39157277
1.3742927
-3.0129669
-2.5022855
-2.53176
-0.7558193
-0.8230192
-0.7436628
-2.342501
0.1195013
-1.7722058
1.4606812
-0.6974924
-0.54031765
1.9623249
-1.5212923
3.054274
-0.018324919
-2.1225493
0.6286059
0.46113837
-1.1479801
1.0537785
3.4943528
-0.5310668
-0.31755924
3.9632711
-0.39124805
-4.241457
0.12439258
3.2725127
0.6628676
3.3445687
0.0177776
1.7381172
-2.6386108
-0.2561778
-1.5564778
-2.9125671
0.29972428
-1.3552384
0.4724019
-3.4973388
1.0589536
-1.7294784
0.3065486
0.360959
-2.3331943
-0.58741283
1.3424703
1.0542672
-0.19495904
-0.4503864
-2.5902584
1.0232811
-0.55228657
0.42216507
1.2995492
-1.9217727
-2.4226396
-1.5511338
-2.1074462
1.2503091
-1.8804514
1.2701269
-0.2142897
-0.499894
1.2938468
0.2388321
2.4980407
1.8093817
0.7914916
-0.9882189
0.3205488
-2.0552294
2.9894924
-1.0248586
-2.559462
1.3660333
2.0727103
2.513858
0.15658218
-3.2267766
0.5884655
2.7336452
0.36815593
1.9042165
0.057733525
0.8915029
-1.2483468
-0.51307863
-1.0160991
2.0452492
-0.36671355
-0.74125993
1.3586413
-0.026381128
-0.29016203
0.39974037
0.147627
1.3028684
0.5052829
-2.591276
0.9051925
-1.0974104
1.04976
-4.011503
1.1557273
0.9981189
-0.5065926
1.0236167
-1.1162269
1.8752124
-0.82967556
0.30021912
2.3417795
1.8063086
0.95241916
-1.5002335
0.6323199
1.6601719
1.1917087
2.5919342
-1.2240757
4.4732275
-0.975077
-0.28773203
1.8309032
-3.1433184
1.6600412
2.013873
0.45787454
-1.7676656
1.7178249
-3.3610578
0.72887576
1.8222318
-5.5164585
0.23068446
-1.1340001
-1.2290272
5.634825
-0.88012975
-1.2984215
-2.336257
0.23168752
-3.8708878
0.97828484
1.188092
0.1937728
-1.1515653
-1.034489
0.8858762
-2.2144914
-0.40215343
2.6729853
-0.22273667
0.9832443
1.4377201
0.41182
0.46304023
1.5149455
-2.3808112
-0.0032049082
0.062104616
0.29902545
1.7441608
2.6409447
-4.4452195
-1.6688226
-2.7449725
1.0546254
-0.31643865
3.0815666
-1.35232
1.8009255
0.5435342
1.5058786
-2.0103693
-0.08541537
0.19311419
-0.40040168
-1.6327173
-2.3465786
-1.6885132
-3.5744066
0.1291708
1.5456554
1.0543879
-2.1961336
-0.22356988
-1.6435045
-0.26913282
-0.44031575
1.7453306
0.5539184
-1.3900478
1.5845348
1.1959656
-3.5573447
3.7140865
2.644141
-0.8542004
-1.0452807
2.7694025
-1.6048051
1.0738331
-0.33497432
3.0513353
-0.32201183
-0.046416238
-3.2191784
-1.123279
-1.4989077
3.7730186
-1.778733
1.0053214
-0.9804588
-0.60754925
-2.6778557
-1.6630509
-0.93606764
-0.7478122
-0.68146086
-0.49563295
-3.884033
0.14635871
2.381288
2.7471666
-0.08680995
-2.129183
2.6138465
-3.1482434
1.0006163
-2.3133132
1.1806865
-0.6201628
3.1956697
-1.2313505
-4.2241445
0.076743454
-2.6709142
-2.9330342
-0.4366788
2.475102
2.6935403
-0.59744877
-1.9167334
-2.2481925
-1.7111589
-0.62346876
2.540261
-0.5967953
-0.9465469
-1.097831
-1.4002265
-4.444969
0.6736583
1.0136583
0.12014177
-0.73613757
-2.534242
0.13922495
0.67608744
-0.9197023
1.1848829
0.35269505
2.1237476
0.053155065
0.64042896
-0.2556934
2.9346645
0.19750093
0.18478715
-0.799106
2.181146
-1.6491109
-1.6886407
2.1824183
-0.30875823
1.0152444
0.40425158
-0.32851464
-0.72996575
1.1279668
3.7929142
3.4680107
-2.4128644
-0.49099818
-0.8981556
-3.2749872
-2.7797785
-1.1063095
-0.9009557
2.2649305
-3.3459795
2.4400773
-0.4760368
1.4391485
1.0281866
1.5690732
-3.4820278
-2.9413087
-2.8893561
-1.0870782
4.595871
0.5327013
-0.082539424
-0.4860796
0.6471237
-0.5075822
-0.65405184
2.0074892
-0.29417673
0.98204297
1.1865612
-0.8610845
1.5744903
-1.3888209
-0.35488662
-0.265596
2.3824477
-0.15606852
-0.18541518
-0.94877404
-0.8830027
-1.1123484
1.2664089
-0.4877835
1.1947833
-0.73856056
2.68937
-1.7707001
0.9701035
0.633591
2.0020046
0.8824506
2.2533689
-0.9085906
1.1774691
-1.2213073
0.3019157
0.047644146
-0.6289577
-1.8282127
0.9013906
0.66100436
-0.8829186
2.5973256
-1.3646706
-3.094985
-2.6128888
-1.2495644
1.7410089
-4.6512356
-1.6405597
1.6695117
-1.7064244
0.80530745
0.09841503
0.049045283
3.0725656
-0.678813
0.18298137
1.7270089
-0.14949101
4.4407873
2.753576
-0.66459864
0.8852081
1.7699362
-0.44314116
-0.11605699
1.7619828
0.7387892
-1.8883343
1.2394941
2.2382617
-0.8718854
-0.29202482
3.1222363
-2.4100375
-2.067938
-0.43275973
-0.55926216
-0.5490328
1.1336209
-0.20827538
2.4023874
0.2743468
5.7176976
-0.68134236
-1.0348493
1.3678241
3.4946005
-0.70514554
-2.0614345
0.5488507
0.17128816
1.493129
-0.4179854
0.8449
0.20170942
1.7214978
0.06936707
-1.5619864
-0.8816745
3.3134072
-0.13543987
-2.4886205
-0.43960658
1.5589759
-0.34538895
-0.36498383
-0.83368087
2.7049596
2.0849216
0.21218133
2.434563
1.6583128
0.27115196
-0.4679014
2.8955529
-2.2224343
-1.3017988
1.9901264
-1.1671218
0.62361735
1.3667563
-1.1484399
2.0345526
3.3022065
-1.2432902
-2.2017932
-1.0049419
-4.212698
-0.29781213
1.2001624
0.398474
0.020919539
-2.13831
1.2844642
0.008373413
0.8776179
1.8143255
0.9625096
-2.1953197
2.8323526
0.74126667
2.368702
-1.5088465
-0.472222
-2.3476646
5.8290787
3.6728556
-0.18610707
-0.57348865
3.648269
1.1394796
-1.4524189
0.45875293
1.049498
-1.5264157
1.4058032
1.2649497
1.7335606
1.9141929
-4.094936
0.012271799
2.05474
2.9987268
-1.8995103
0.8527231
3.4527426
1.608445
-2.485665
-2.0106964
0.44668636
-1.3010612
3.3502655
1.3243588
2.1445763
-2.0339868
-0.74056196
-2.65654
-0.05859015
2.4084203
-0.63765436
-0.82120305
-2.4695153
-2.7794662
-2.5833883
-1.2684698
0.22499643
-0.46851632
4.491611
1.5545138
1.4518112
0.5717718
2.4873111
0.9293656
2.0478482
1.4265736
1.1873959
-1.3981711
-0.50620604
2.9707646
-4.0220056
-0.7508331
-1.5968616
-0.46965617
0.10395524
-1.7991236
-0.25679556
-1.8594232
0.75655097
4.1023617
1.3800702
-2.438215
0.081466764
3.0976245
3.2809703
-0.53198373
-0.22812513
0.85886407
1.7499102
-3.394007
2.1920738
-0.7267064
0.46359813
0.79709464
0.88438946
0.26164633
1.7465478
3.0828028
0.1791722
1.3048719
-2.603205
0.8820272
-0.32460847
3.0891118
0.40182444
-0.614396
-0.5687071
-0.91992885
0.53096074
0.41474596
-0.34711054
-1.2038324
0.096994184
0.44334868
1.5937934
3.0794806
1.0601054
-1.7461245
0.40415633
1.2394363
0.56571406
0.13230294
-1.1236628
0.2086116
1.4515729
-0.559307
0.88797367
-1.456553
-2.7721899
-1.4321867
-0.23607968
6.588104
-0.6986397
-0.9371987
-1.3377095
1.8068345
4.142498
-1.0156137
1.59067
-3.3375392
2.2223847
1.9845809
0.5330828
0.20846453
-1.5492705
2.8939762
1.6379622
-1.9959158
0.0448259
-0.7478122
1.9062908
-3.5750997
0.01822085
0.74450815
1.2074571
-0.54086083
3.4361758
0.6042778
-0.9014882
-0.97863746
-1.4248567
0.96615165
0.81399685
-0.0651937
1.4026493
0.20243557
0.56370336
-0.98694575
4.0146427
-0.83505255
0.21503639
1.2061979
3.671412
-0.29973593
-4.3301787
-2.6813798
2.7225084
0.9453119
2.1748824
-1.7685461
-0.674543
-1.3448722
-0.73165065
-0.18446006
-5.243546
1.1383215
-0.48238856
-0.06200265
1.674275
-1.6893609
-3.309764
1.7516574
-1.0675234
-0.66191214
0.967339
0.49503204
0.45925197
0.8615208
-2.6208854
-1.5403681
-1.7783146
-1.6032442
-2.0970209
2.2579038
2.230886
0.8863386
0.07762782
0.5718427
-0.59623975
1.2527792
0.51385725
4.193263
1.5208126
1.6750164
-2.0973635
1.8042376
-0.6359958
-3.3247879
-1.3140025
-1.3500466
-1.9119741
-0.11748787
-0.29155862
-1.8570479
-0.17991811
1.5231742
0.08966242
1.6186827
-3.5055087
1.4934478
-0.81459767
-0.86977684
0.98199975
3.1265395
-0.1706041
-3.8622236
2.6447828
3.6298695
-0.7414613
-2.7902024
4.897012
0.38283658
-2.1210992
-0.4807169
-1.7761104
-0.20031191
-4.7010517
1.0689057
2.4198973
-0.09262689
0.47084078
-2.7769017
-1.0032393
0.28023782
1.2984416
-0.29498604
-0.95637083
0.301583
-4.423363
1.7849851
-1.0094452
-2.8587575
-1.5774931
3.7085066
1.3678517
-0.7642776
-1.1880944
-0.89657885
1.4925125
1.8307471
-1.4598893
0.17886585
2.3842797
2.2306116
-2.415587
0.2993368
-0.30914614
0.91179675
0.59901357
-1.0340497
-1.0847718
-2.6629362
0.67959994
2.227464
-0.3296899
-0.34150776
-0.72068286
-3.9878922
0.06883557
-1.421534
0.7504661
3.3689332
-0.6479106
0.19725898
1.7267299
-3.4024332
-0.2149623
0.7284016
5.131357
1.0679255
-0.014919449
-0.57923347
-4.5153065
-0.16749091
-2.3678665
1.5389353
-0.2662406
2.3228912
-0.79755527
-2.5638509
-3.801236
-2.2308116
0.68707496
-2.5152345
0.70438683
3.1564713
-0.8526468
-2.032719
0.83178127
-0.9542072
3.322822
0.037780337
-1.4258068
1.3005273
-2.662122
3.7865067
-3.2499747
3.3844185
-1.0290788
-0.78919595
0.18392701
-0.34161574
0.42403388
-0.04836248
-0.97448945
-2.64465
2.0046635
-0.8813771
2.421682
1.6875952
1.0854801
0.054783747
-2.5593286
-1.5291988
-1.200834
-1.7112134
0.173251
-0.043079317
0.8564119
1.321948
-0.26537603
4.7829275
1.1871746
-3.8385131
0.2288247
-1.5206691
-0.12304453
-0.30425435
0.69797397
0.15071064
-0.21336257
-1.1920604
-2.3610022
-0.7161101
1.5551128
-1.9846961
-0.15213484
-0.018689662
1.9222804
-0.17736873
-1.2293956
-1.6862614
1.444458
-1.9336907
0.5682891
0.1530782
-0.057046182
1.9540454
-2.816174
-0.85082126
-2.820129
1.4985516
3.0381312
2.0794687
0.43119708
0.7539437
3.0552564
-1.8672714
-0.041390784
1.3853424
-1.5263084
-0.15650773
0.021432564
3.4879901
0.19152805
-0.9673096
-2.568977
2.6608999
-2.4509058
2.353757
-1.1782335
-0.6606293
-0.8010202
-1.4543859
2.7652075
0.25489387
2.9801733
-2.164765
1.4087743
1.758442
-0.57488275
-0.4776068
-3.3482718
-2.4351132
2.8244958
-1.2703096
0.31967655
-1.3899211
-3.708978
0.0016508698
-1.4713417
0.8064023
2.7019784
0.84926915
0.70102775
-0.65273803
2.102319
2.6541877
0.27279723
-0.33193165
3.78645
-2.0793006
-0.45421392
2.558556
3.7574062
1.2411263
1.6058525
-0.77585846
-1.0652572
2.4092472
0.37515566
-0.10198771
0.6270805
1.848669
-0.31345487
1.5971398
-2.4759037
-2.532998
-1.9729362
0.020273805
0.44790834
0.6663205
0.6675394
1.4822727
-1.750839
-0.59584826
-3.4014223
-2.5426593
0.047157347
0.42066187
1.0825686
2.0312493
1.2321928
-3.1146371
3.5445416
0.5666134
-0.52952266
-1.2595478
1.6831704
0.16015914
0.39955294
-3.0068045
0.285711
0.7234986
-1.3246
-3.005205
-0.30338594
-0.44838956
-1.9598802
1.4154181
4.497528
2.330892
0.8147305
-3.2887046
-1.0239822
2.026921
0.80430657
-0.37780404
-2.0828905
-1.6244934
-0.26852414
2.880618
-1.3417367
0.21472675
0.4225317
0.75583893
1.0349728
-1.3890165
2.670629
0.7197165
-2.1835372
0.29832634
-0.85466427
-0.31073284
-1.604762
0.6209398
0.714667
1.5761478
-2.2450912
2.0055487
0.44334707
-2.5269873
-1.2441615
0.6578166
-1.4896249
0.5743723
-1.064011
1.0651313
1.7447648
0.41291347
1.8558536
2.0730386
-0.5610463
-2.1745543
0.44359452
1.036082
-3.2242928
-2.586935
0.29654726
1.8745059
-0.11779524
1.0650816
-4.266952
-3.1097424
1.3927469
-0.7371396
-0.7589579
2.3486042
-0.54612356
1.0840454
-0.042276118
-0.055275597
0.24144116
-1.5496451
0.0067662
4.299409
-0.42285573
0.16118637
-1.4500067
2.414031
1.2558193
2.097001
-1.2134136
-0.7488078
2.5220459
0.32012898
0.6145258
1.6150764
1.8316307
-0.06711552
1.8374311
0.41623494
3.0148785
-0.057473924
-0.12922788
0.2554085
2.2320323
0.8854438
1.7277814
-0.88993126
1.1526805
-0.9997932
1.6360708
-2.4105058
-2.2785454
-3.319948
-2.5297186
1.4971207
0.08985363
0.28115696
2.1885335
-0.19776322
-0.99166286
3.1187735
-1.6359655
4.2256184
-3.00055
-3.222724
0.34679502
-2.7303298
1.5136266
2.2831786
1.0308877
-2.8740816
3.3159142
-1.9042526
0.79953134
-0.48009935
0.6979169
0.17612073
2.7185144
-1.615576
3.248719
-0.73868614
-1.7255889
-0.14960915
0.10996083
0.36444172
1.6402537
1.8693047
-1.7264761
-0.042594463
-2.127172
-1.301759
0.06727341
1.1819671
0.40934438
3.2479067
-1.026634
0.95859236
-1.9907186
-0.8350075
-0.79558754
0.9787694
-0.031396754
-1.6129928
-0.6125424
0.6750746
1.6992192
0.15647669
3.40098
-1.1069947
2.5559735
0.41980284
-2.269958
2.403113
-0.21755636
0.06784134
0.36572492
-5.267198
1.2955129
-2.699521
0.31109533
3.8270226
1.7391825
0.99928707
-0.5571677
-0.7629318
2.0203052
3.7135925
-1.8841741
-0.75157434
2.1654227
0.022468582
-2.0638752
1.5949874
-0.34427208
0.026599139
2.405777
1.1413515
2.1943293
-0.20918691
-1.8164359
1.6418352
-1.2852596
-1.1304834
4.173377
-4.7105484
3.309156
-1.1384227
1.5010974
-5.6345286
-3.8545122
-0.046251774
-0.44589347
-3.908295
1.5427737
-4.59322
0.70335543
0.021486968
-4.8701916
4.3259497
-2.2603328
1.3461529
1.0196825
0.12645143
0.6192002
-2.944193
0.7900312
-3.1044219
-4.397345
-3.249533
2.7209167
-0.17267573
1.6951373
0.39736077
3.0351844
2.3771987
0.15748872
-2.1062925
2.8338115
-2.0465348
-1.357371
0.38795185
-0.39202657
1.7582238
1.741023
-3.8373547
-0.9031575
-1.3541007
1.0919614
-1.334778
-1.4881347
2.1274767
0.16711545
0.015706401
1.4751538
0.72590464
0.61519355
-1.7218484
1.4858112
2.2580261
-0.54620755
-0.26695693
0.57604504
-0.5884908
-0.7708362
0.44457504
-0.058650523
-1.1545154
-1.4313806
0.08780789
0.60212857
-5.9006457
-1.8633031
2.4331293
0.45407885
0.32797936
-0.76242656
2.3154788
-0.6417484
-0.048494197
-0.11274608
-0.021158174
2.9489758
0.009345524
1.731759
0.764088
5.3053374
-2.2456589
1.0151267
-0.8042771
0.2843479
0.20414892
2.353369
0.6314973
-3.7728915
1.3291793
1.930843
-2.1660538
-0.46847573
-2.7493103
-0.083556086
1.3850638
-3.10927
2.112933
0.83219194
-3.1488123
2.8062124
0.71093047
-1.5377187
-1.1288067
2.1934438
1.3202777
1.6400361
3.6937304
1.1039697
-3.4597933
-1.2062913
-1.0245514
-3.0837252
2.325791
0.63371056
-3.3697345
0.99393696
0.27009678
-2.7407267
-2.5855994
-1.1739402
-1.2751058
-2.7228248
3.0315964
1.133349
-0.28118676
2.044122
2.7390387
1.1795481
2.6317065
0.1936329
-2.5821645
-0.08405495
-1.9379916
0.561608
-2.0134351
1.049207
-0.5780409
-0.17846113
0.97422403
1.6623245
1.181443
0.2224474
0.78340316
3.502334
-1.3114774
0.12529337
2.4199128
-1.0440067
-0.7948636
4.5405536
-0.2756487
3.4953034
2.9427273
4.6109743
-1.5819216
-1.5957036
0.22447437
1.538777
-1.6541634
-3.2351809
1.739655
-0.7053807
2.9865155
-1.4638278
-1.7028413
2.163209
-0.7466609
0.9357124
1.1991733
1.388435
-1.6258788
0.09967415
1.1937846
3.110647
-2.588663
-0.8643528
-2.001192
-2.5773423
-0.3751285
-0.37136966
4.1190844
-0.9911246
-0.08897801
-0.53458697
-1.9945358
1.5752556
-0.2847258
-0.6151361
0.94070137
-0.19221893
-0.41991153
1.000084
2.616917
-1.9330752
0.43266207
-1.0500765
-0.34775335
1.5247201
-0.27418333
-0.49974117
0.9007757
3.0659328
1.8738456
-1.8412845
-0.06250331
-1.5343262
1.3277936
-4.576666
-1.7789242
-0.95128614
-0.8672853
0.05885342
-0.7545092
0.21240461
-1.0311573
-0.4309878
2.2781153
-0.4307763
1.6309308
0.5407082
-1.0572097
1.3432506
0.43085113
-2.7925465
0.5286959
-1.7985591
1.6059879
-1.7479084
-3.355711
1.3605082
2.630281
-0.872136
0.026008382
2.5351229
0.44820774
3.1804605
-1.8422376
-1.2134069
1.8748231
-1.5354313
1.5207644
-0.75923467
-3.433166
-4.0757585
3.7572067
2.832905
-3.4990819
-1.5914068
1.6684572
-1.4121748
-3.0262945
1.8950385
-3.124534
-2.2151334
1.8626173
-2.0255532
-1.5516938
1.2237214
3.2977238
0.8001204
-0.96788216
0.3469867
1.3311286
0.2481522
0.71232855
0.5332787
2.9437723
-2.6592724
0.5368866
-1.2845094
2.6145976
-0.47231522
0.025711872
1.8860267
2.1567237
-0.34240174
-3.9416404
-1.2019212
1.3910815
0.6564061
-1.8338816
0.5747989
1.033977
0.5595344
0.179703
-3.8618948
-0.01039838
0.03939536
0.017862588
0.34505475
3.0851865
-1.041899
1.584849
-2.8113809
0.92893666
1.4611007
1.0547369
-1.3620869
0.14115426
3.7875538
-0.8102963
-0.40268144
-0.8984712
-2.663203
-0.26763573
-1.8605804
-0.32311398
1.1624855
0.4378763
1.3569205
-1.2370409
0.27875465
0.1301066
0.70725876
1.250177
1.0108743
-1.0925333
3.5774064
-0.2811935
-0.9143408
-3.326851
-0.38524094
-0.501929
-0.32637012
-0.86606985
-4.580879
-2.3843617
0.82019055
1.6019943
1.5540959
-5.2149067
-0.14115638
-0.15086693
-2.6516001
-1.5322607
-0.2722123
0.80230886
0.9835218
-1.0104191
1.3822376
2.3228846
0.4260109
-0.47022876
-0.81217194
-2.4885955
-1.0379307
0.47655773
-2.5704582
-0.972754
-3.0360951
0.59528047
0.6071399
-3.0014017
-2.9027956
1.8916427
-2.2818847
-1.8988022
1.2584809
-2.6191297
-1.7396497
-2.0774825
2.0150356
-1.9925245
1.7095679
0.020761129
-2.031512
2.033747
1.5400556
0.5751326
-2.1837895
-0.094423704
-3.8088682
2.7616827
0.049753837
-0.8939428
-1.3320513
2.9511993
0.9664713
1.4910492
-4.084866
0.7782303
-2.7533276
-1.3788937
2.7526097
2.4154742
0.51935774
0.14036366
-2.7408245
-1.3907281
0.72565436
-1.912327
-1.4053161
0.76359975
-0.5830201
-1.883682
0.3945415
-0.2406732
3.2038267
1.5167218
-2.9024289
-0.2753758
1.190049
-0.4942621
2.0016336
1.880888
-1.4501263
-0.4293505
-0.048853517
-1.1516019
5.288351
1.2663215
3.0103204
-2.209793
-1.4954268
-4.2765207
2.3492777
0.7085558
-3.4256027
-0.9776731
-0.7248403
-0.57194924
-1.2187954
2.0518758
-2.89734
-0.34836018
-2.4467075
-0.53255975
1.0475353
3.9002142
1.4991328
2.6424994
0.5719017
5.573068
-1.5064168
-1.6508253
0.71546984
2.3435938
1.4582433
-1.3369501
-0.60673076
3.525881
-1.7354358
0.7784841
0.3672485
0.62009525
1.0430105
1.2123425
0.08814449
-1.3290793
-0.5834394
-1.9509842
5.6516595
1.4808944
-1.8289679
0.331927
-2.543721
-2.8646536
2.050641
0.78609693
-0.9316249
0.5898932
0.64189166
2.6310625
1.459907
-0.12359752
1.8025296
-0.046997257
1.786026
2.4700036
-0.28757286
-2.00308
2.3279803
-1.4007404
1.9209187
3.7375317
-3.0942059
1.8867542
-1.6804278
0.14154123
-2.3118727
0.43275687
-0.32186598
-1.7422677
0.22991842
1.3150833
-0.91650105
-2.4029877
1.5897965
0.117836624
-1.4932559
2.128562
0.51126087
1.4745677
-3.424812
1.196342
1.3733847
2.0800574
0.56074244
-2.144656
2.0058613
3.3819256
0.5524316
0.40251756
-1.4510036
0.15576589
-2.32653
0.88758737
1.3035065
0.47706735
1.2960268
2.2435083
2.0651696
-2.4537961
1.1106005
2.8339434
-1.7862588
-2.0554867
0.9570151
3.9092245
0.70269674
-1.9126878
0.244773
-1.9614463
-1.3242325
0.5037979
-1.5056126
-1.8723394
-1.1575171
-2.381257
-0.21051836
-0.965073
2.083066
-2.9169617
-3.119086
-3.6613548
2.322517
2.918943
0.9438907
1.7021184
0.32660288
1.9736965
-1.1837924
-0.17777498
-1.4730473
-0.49161306
0.3374319
-0.85720503
2.8643858
-0.3824206
2.8117006
1.1893877
-0.24135387
-2.599803
-2.5406916
-1.383791
-0.66999686
-0.19758624
-0.7655705
-0.40724608
-0.49710512
-2.0889778
-0.6277217
0.5982982
2.4326835
1.794954
-1.5630783
-0.18967833
-1.2605155
0.56577957
-1.1904333
3.9859962
-0.6958717
-0.98605573
5.1265364
4.2995343
-1.8006278
-2.1153178
2.911816
0.011384428
1.8550347
-3.3223808
0.23546347
1.5856218
1.3291286
-0.08996756
0.48116684
1.403544
0.781633
-1.4983963
-3.0987566
-3.828889
0.28282848
-3.2454882
0.3452372
1.1598531
-2.2510786
-0.76881254
-0.94226897
0.61725235
0.94569796
0.59636116
0.2755906
2.6782167
1.9427218
-3.3434393
-1.029777
-0.6961943
-2.047877
-0.7586144
0.34556156
-0.2181381
1.5729342
1.8451916
0.97584486
-0.26152918
0.03355395
1.2477503
-3.0162206
-1.1469762
2.881598
2.3100286
-0.69169796
0.19324575
1.057756
-2.295386
-0.34285554
-1.772049
0.6698257
-2.429085
-1.5932133
-2.0071335
-1.2541403
1.6914802
-2.5858045
0.89684117
-4.4188766
-1.5363837
-0.8636805
2.6281846
-3.2808409
-3.157559
0.3581744
-2.271654
-0.77316296
-2.2219226
-4.380188
-1.76372
0.7263924
2.0846827
0.6501663
-1.9393114
-0.17959127
-1.219371
0.013012812
-0.20929559
0.6780756
3.5325277
-1.1830603
-0.8308724
-2.0479093
2.1958032
-0.7964341
-0.93956035
-0.1893802
-5.204616
0.7881259
0.28541833
0.84084284
-1.1719944
0.42106706
-0.65510887
-0.94937146
-1.7221532
-0.33805233
2.1016269
0.87451774
-0.63136894
0.7873989
-2.2312815
2.1980531
0.17612314
2.4397025
1.5915138
-0.20988685
-0.5340435
2.6733487
-1.4315208
-1.298534
-0.36886242
-2.5446434
1.5940777
-3.0961242
2.257938
0.7534039
1.050751
0.65193343
-4.0023804
0.5938356
-0.91893476
0.8874339
2.4303248
-0.14756398
2.825132
1.9577183
0.56251603
1.9545683
-0.028016858
-2.1706126
1.0179164
1.5241442
-0.58440125
-0.8879964
-2.5055013
-0.8653064
-0.019882873
-1.0917007
1.3640593
0.6867676
4.3718166
-0.082036324
-0.4981274
2.13079
-2.2749069
-3.8994737
2.048995
-0.71094877
-3.308046
-0.35304987
1.2758518
-3.0857825
0.07607919
-0.39966023
-0.35888094
-2.054608
-1.3158317
0.94516826
-4.345416
1.769632
-0.74488777
-2.4259777
1.198509
0.115559064
4.1008716
0.023366068
-1.4165885
-3.6608655
-2.2749448
-1.6917902
-3.0362718
-2.993504
2.8267229
-1.9065478
-3.1558702
1.8629924
1.2660267
-0.4446661
-2.5779219
2.8180573
0.7649282
1.5449238
-3.3620927
0.40250158
1.0025554
1.1391888
-0.5351748
-3.5499396
1.6953526
1.0550847
-2.3131998
0.7628955
-3.122165
-1.2851642
-0.5477343
2.1736321
2.9683347
0.1767419
-2.8368027
-1.4277178
3.2335446
2.347481
-0.25020587
0.0059289485
2.530764
0.90553457
-1.896952
0.401595
-1.2359945
1.3086861
-3.0476701
0.069034405
-1.1836436
-0.1706455
0.7131772
-0.9769329
-0.75203747
0.3277604
1.9916195
-0.6662042
2.5536268
0.40611023
0.21090001
0.80841565
0.58065486
-0.42397538
2.2050862
2.6005936
-1.2832274
-0.66500574
0.23582475
1.7878594
2.6745572
-2.3226707
2.2599137
2.8753304
0.30287105
1.7786137
-1.5848641
0.35047942
-0.29236194
1.1672676
2.8169396
-4.196211
1.3554394
3.8342702
0.013987385
-1.9376466
0.56440115
-3.8394907
2.8360183
0.22912607
-1.786228
-2.2113216
-3.5166528
-3.3926473
3.2105927
-0.9461866
-0.2857855
1.2545099
4.128687
1.1325439
-0.7490521
0.36472225
0.7161561
-0.30701214
3.3015058
0.030856926
-0.46535125
2.6053658
-1.0146537
-0.89764166
-0.21971591
1.8054575
1.1458615
-2.0786142
0.34122846
0.70325947
0.040322624
-4.0626745
1.8408066
1.2731235
-1.1356765
3.2902164
0.051697202
1.9029655
-2.747575
0.67743164
-1.0600382
0.43793643
-0.2809884
2.0303142
-0.15144756
1.4039267
-1.05038
-2.4777675
2.5374632
0.7026338
1.5724103
2.4874241
1.5476214
-1.3861176
-1.0048741
0.49280742
1.0254456
2.0360367
0.11405258
1.4026216
-0.86537814
0.26310927
0.031426296
-0.94214344
-0.85475415
-1.1261086
-2.0437324
3.287638
2.45385
-2.7756927
1.2646363
0.9572857
-2.695686
-2.4138427
1.0585966
-0.6723905
1.3595839
-2.9996936
-1.7779506
3.329445
-1.0259497
-0.41339546
1.0687059
-1.2755619
-0.86568123
2.1237547
-0.8632862
0.41646215
0.38573763
0.036910005
-4.0363793
-1.1511492
-1.9931258
-0.030477546
2.4636867
2.1005583
-1.1155747
-1.5891052
1.1468168
-0.06253109
1.7715079
3.4794626
-0.26650316
-0.3145525
1.2085131
-0.79805064
0.22728333
3.624174
-1.9766818
-2.0043852
-3.3393555
1.073821
0.3996706
-2.3768518
-0.8169434
0.8855623
0.77467954
1.2962161
-2.5360131
-1.0291271
-0.7874169
-0.9753685
0.99126136
1.309275
2.9339106
-3.019397
-1.7384716
1.6311793
0.5721832
3.3088467
0.24727134
-3.492974
-2.3383772
0.41490963
-3.1330884
3.5001438
0.7386721
2.2009249
2.7980332
3.1671307
-0.46576965
1.5666106
2.7086644
-1.0681604
-1.9244285
-0.34528753
1.0075228
0.33313027
1.5549506
-0.53421706
1.70318
-4.0744133
-0.85514754
-0.7744718
-0.9775844
0.21954305
0.80105436
4.7607517
2.0491896
1.3762529
0.11199068
-2.3350725
-0.8407526
0.15233783
2.80793
-0.68978506
0.15410447
1.5693135
-1.5303882
0.6505411
0.6206368
-0.58932143
0.45119455
-3.6883059
2.8751242
-1.8690746
-1.4149865
-1.5378067
0.1267308
1.1144753
1.0593154
0.5694122
0.20678881
1.7460531
2.6206343
-0.41632843
0.73777103
-1.6604733
1.0888551
-2.5477762
2.7222133
-0.37301573
-1.5751681
0.33139434
-0.3941025
-1.0286
-2.4084408
2.4451332
-0.63804436
0.75256866
-1.2331363
0.15553421
0.2032373
1.9559543
-2.6941104
1.500497
-2.467244
-3.3963313
-1.0026004
-0.6434359
1.4816189
0.28219834
-0.6102201
-0.16411342
-1.157742
-2.022711
-0.89333713
-2.1068082
0.8505987
-1.5332563
-3.2280488
1.5032401
-0.6088503
4.350475
0.037072904
-0.63333005
0.20182224
-0.8336506
1.0829487
-0.594263
-3.2082093
-0.22634926
-3.659865
-2.590793
-1.3214825
2.4653034
-0.5033557
-3.4843426
-2.1241596
1.9355359
1.2740926
-3.8257709
-1.4289678
-0.59980285
1.5250943
3.487063
-0.41725534
1.2304211
1.1188436
1.781587
-0.23947847
-3.460305
-0.1934906
0.90026754
-0.43653408
-0.09892234
2.7544858
2.2766104
0.17533146
0.27411452
0.5396839
2.2637353
0.7914094
-4.2244287
-4.332807
-0.9644073
1.4844303
-1.4954293
1.6538826
-1.8454217
-2.224329
-0.46528673
3.960013
0.13514972
-1.2947499
2.0914924
1.4221693
0.050935604
3.526976
0.48127675
-3.344283
0.7222526
-1.3995316
2.6164973
2.9637733
4.9620223
-4.629155
-0.1612832
-0.2716162
-1.3633109
-1.538365
0.24802774
-0.44949907
-2.3852205
3.9058838
-0.08980905
1.838312
0.33232012
-1.17366
0.45579454
-1.7229923
-2.3311372
-2.0877793
-3.5543993
2.122035
-1.5094181
2.971406
-2.620545
2.318589
0.99843717
-1.0318305
0.6010304
-1.1275294
-1.2928339
-2.2583215
0.21824591
0.5592869
1.1856616
0.59436595
0.7428903
1.423464
-3.3793387
-2.2038093
2.6718616
-0.93842185
0.80396044
-0.829149
0.3328412
-5.001207
-2.3306067
-1.952751
-2.1894171
-1.4553664
-2.682762
1.7889252
-1.4809452
-1.2351936
1.187928
4.274837
0.8591736
-0.27941865
-1.8376399
2.9776728
0.063471064
3.0239186
2.246351
0.43199512
0.2772966
-0.08383236
-2.5670772
-3.0457795
0.25379294
0.1444771
-0.9482291
0.4998583
-0.6028416
-0.8013246
0.16854489
-2.4482563
2.4558659
2.5128589
1.3951213
1.7674465
-3.565815
1.0939852
-1.3050736
0.6663073
1.2808908
-1.4778416
-0.6606731
-1.8395349
0.73772895
0.4436449
-1.5650605
-1.7042389
0.65283144
2.462133
2.5140545
-0.95949215
-1.7434875
4.4364624
-0.62322307
-1.3681848
3.2400196
4.3411202
-1.4385531
0.51181245
4.830073
0.45963186
2.240431
-0.099152945
-1.3177762
-2.4986305
-4.001468
3.0437114
-1.8826954
-2.039405
-1.1404134
-0.28349882
-0.5484182
-0.88688827
0.6694841
-1.931315
1.2117524
0.9336495
1.0532525
-1.7868737
0.12584245
-1.3179013
-0.9487939
0.9122422
3.7111065
0.6421767
1.1386346
-0.62667465
0.7666012
-3.5353405
2.964913
-1.6270745
-2.0457773
1.6585603
-0.91094124
0.41702828
-1.0266908
-1.7384013
-1.3113785
-0.14487432
-0.7491635
-0.41314244
3.7128127
-2.8402648
1.5436898
1.66135
-0.15094063
0.7036649
0.53398913
-1.4242866
0.20706132
-3.0129378
2.9662142
1.789436
0.7644079
-1.9998467
-0.2659086
-0.66660935
-2.558934
0.771702
-1.3153551
1.2269081
1.1238147
2.0868661
1.1092288
-0.16491786
-1.8490596
-2.1607127
-0.215036
2.9258127
3.0195532
1.7179604
0.7501701
-1.2323146
-1.4281986
2.0381033
1.4732888
6.108015
-0.77731335
-0.1720368
0.77903396
1.4704764
1.6385719
1.5697267
1.1083623
-2.6149783
-0.19886155
-2.8236713
-2.1937532
-0.9728381
4.946095
-1.4790454
-0.34155244
1.023878
-0.7228029
-1.5129752
0.038634114
-0.6644919
-2.7460234
-0.76070195
-1.3381435
2.5110064
-0.024558946
-0.5448901
0.28890878
-0.13553643
-1.2642555
-0.5717406
-3.3297827
1.9315995
-0.7497271
2.851892
-0.5359781
-1.4461964
-1.311794
-1.6517224
-1.2652591
-5.3896174
-0.08886471
1.3966901
1.7421954
2.1638143
1.7340312
-0.83528364
0.34569272
-0.40678167
-2.0033128
0.27130693
2.6766043
-0.47126448
-2.3754854
-0.9545003
-1.8864859
-0.12413055
-0.42897275
1.7374887
4.0961523
1.6366684
-1.9981352
-2.1310341
-1.7112482
1.3638884
-1.981706
-0.5690593
1.1148351
0.078863524
-0.11609672
-2.9503393
0.3576938
3.185197
-0.0208253
-0.8229274
-2.4324527
2.5219998
2.6593754
0.59620786
-0.9045982
-2.4837327
-3.5739198
-0.5924659
0.23385909
1.4688467
-4.1921663
-0.92327446
1.6713886
3.1166892
4.146469
-0.28832015
2.0042276
-1.4717853
3.1523564
1.2378672
0.16832347
-2.5364847
-1.2005996
1.4548339
-0.14739242
1.5637876
-0.55035716
-2.752636
-1.4302468
0.9211608
-2.309726
-1.2033912
-2.0736847
0.7751104
0.9148747
1.7810036
-0.0036797822
2.366587
-0.11071301
0.027420655
1.1638099
0.89470935
2.0987067
-2.0962505
0.8066236
-0.79501516
3.6996694
5.079648
-0.6238581
0.12758799
-1.8257146
-2.028648
1.5672911
0.06817525
0.5433035
1.0166501
0.11679855
0.31310862
0.06219895
1.7422172
1.3701488
0.041170694
0.23980337
2.7869666
0.18570675
-1.2598624
-1.1500725
-0.57091594
1.5720359
-0.8637986
0.16127548
1.8868288
-3.3274393
-0.6193904
1.6358558
0.5461514
0.8711498
1.5615819
-1.2177446
1.6640617
0.30318213
2.237257
0.15110053
2.4646285
1.1832588
-1.8614947
0.09152244
0.26790783
5.2868686
-0.34055072
2.7489848
2.0487702
-0.94009894
-3.1970782
-0.2851262
-1.4062073
-0.3241317
3.6661892
0.44667336
-0.8508954
3.6127446
0.20951995
-0.20581189
3.1688867
2.6488755
-0.07649484
1.2346815
-1.6523588
-0.97660565
0.89904845
0.9794155
0.74680895
-3.6209466
-3.9980912
-1.0142562
1.5865875
-1.2336925
0.47966823
1.5458087
-4.130177
1.2193148
0.6188384
3.1239073
3.171534
-2.435663
-0.027931735
-1.743613
1.4025184
4.1123757
0.32166812
-1.7897571
-0.43175358
0.7918646
1.6391411
-0.08097428
2.2567143
-2.0282984
0.4244835
0.23222573
1.51627
-4.04381
-0.7031556
-1.3621606
2.2772012
-0.06094066
-1.3977652
0.25438488
-3.0664775
-0.76008266
0.05783962
2.7976058
2.2668562
2.893157
-1.3224683
-0.6231328
-1.811169
-2.3523881
-2.3728771
-1.0597686
1.2666837
-0.7519811
0.6544864
-0.8199505
-2.100612
0.5138362
-3.149713
1.6577349
-0.5788569
-1.0886067
1.702635
0.048852578
3.704633
-2.2110503
0.9913799
-0.811777
-0.8972895
0.1134278
3.235967
2.7015011
-0.0042501017
1.9695692
-3.1269226
-1.5802176
2.4479227
0.4968882
0.9513661
-4.3970656
-2.8510861
2.2780066
-1.3124651
-0.40465316
2.473452
3.4960408
-0.36808836
-0.4018499
-0.6782386
2.8849077
-0.08667857
-2.556939
2.1035614
1.0338737
4.543597
-0.15560675
-1.7262198
3.2243016
-2.0900662
1.4695059
1.1576716
0.71553785
1.7540288
0.4987487
2.6611235
0.47922343
1.5333098
0.5595117
6.037026
-2.15743
2.0749571
1.3708754
0.33940822
0.12847045
-2.0496554
-2.6295414
1.4418552
-1.6743057
-1.4543252
1.2618048
0.20939302
-0.41837898
-0.92843276
0.51739836
1.5278049
-3.7343154
-2.4333553
1.5179309
1.6709601
1.1132313
-0.5408699
2.0048249
-1.3398957
-1.9897175
0.003289573
1.2124467
-1.349284
2.8528466
-1.3590715
-0.72154963
0.59215575
0.2462841
-2.354039
-0.5344594
2.300961
-0.07322247
-0.28628093
4.9790177
1.8483332
1.7065239
-1.8579118
-0.6411531
0.15791759
-3.9542558
-1.9173974
0.77451235
-0.19445333
-0.14962378
-0.09584793
-3.626912
-3.4870155
-3.4711642
-3.458346
-2.5224142
-3.469518
2.229742
-2.1780014
-2.5599334
5.2965283
2.4354558
-0.15553841
1.4726063
2.3854315
-4.227132
1.022165
2.111602
1.677727
-0.31009465
1.9976516
0.5416708
-2.7624032
-1.265788
1.2851554
2.2280116
-1.4356066
0.21301767
1.4493601
1.8193313
2.7306712
-0.5855718
-1.1900067
-1.7552307
0.7411574
-2.6986392
0.88080996
-1.7737147
-0.96220744
-4.302905
-0.31060407
-1.5223207
0.13030231
-0.6405051
2.2165434
-0.9700108
0.40785524
3.4143667
0.8580529
2.9966187
5.199186
1.0636121
1.3540332
0.86443305
3.126794
0.0888614
-1.9000456
-0.6565509
-0.79343575
-0.016747661
-0.019787587
0.3577317
-2.0389125
3.0380557
2.0612476
0.37419778
-1.0445973
-0.6582293
-1.024375
-0.7624515
1.8935642
-2.1331968
4.3952265
0.14587322
1.3475369
2.4017732
0.82096314
-0.43735808
-3.404005
3.8375673
5.635066
0.38363054
-1.4575257
-1.869981
-0.4336319
1.0861603
-0.48491016
0.5612423
2.710331
-0.34807462
0.17510071
-0.07329786
-1.4491919
0.6288695
-0.093808785
2.6331053
-2.495587
2.1458542
-0.083951905
-1.3040208
1.7819102
-2.4066682
-1.8714399
1.1636263
1.1038375
0.4975773
1.3351843
-0.41394812
1.6019263
-3.9649467
0.7586519
-1.1793863
0.40716898
-2.3965821
-1.2872049
0.07348853
0.76270086
-3.6768446
4.465905
1.9502608
0.9399028
-0.3465612
-0.26740465
1.7842968
-0.7790053
-2.4059103
0.06752211
-2.3598928
-0.9282804
0.22549695
-0.9790615
-0.6645815
-3.0563307
1.7762179
-4.8272166
0.59229153
3.6525495
1.75675
0.25876024
0.6899464
-4.295161
0.35945618
0.90705526
4.5253696
-1.8070463
0.91482824
-0.920514
1.3764416
0.58227706
1.2523233
2.7530289
-1.0752126
0.083683975
0.08107139
1.8468108
-0.51432776
2.2514942
-1.9288423
-0.8641294
-0.09771247
0.18374519
0.86879885
2.4635224
-2.2696266
0.23337531
-2.714912
2.0326974
0.47643808
0.14601034
2.1820366
0.8856604
2.6635003
-0.8395058
-0.7716576
-2.1636453
-3.5764885
-0.4341225
-1.1284968
-1.0830243
2.5703192
-2.7238624
0.6469015
1.7709419
0.6120846
2.4404085
1.255413
0.62150985
-2.3818913
3.5869238
-2.3787572
1.9533306
-0.14148408
-2.4441488
0.118222095
-0.30540746
-0.7019836
3.2727244
0.22967452
0.16365938
-0.99855626
1.1946528
-2.299802
-2.6224823
-2.6381977
-4.390608
-1.327034
-1.0578705
-1.4679599
1.5291119
-0.18460879
0.030429054
0.14022087
-0.50210667
0.26309124
4.270706
-1.3978806
0.57623196
-0.069428936
-0.21498454
-2.2472496
1.8126719
-0.53010255
2.1873279
3.6697712
0.50506574
0.8134709
-0.13230976
-5.22264
-1.2128707
-2.6209202
2.2316475
1.1472226
0.46977022
-1.2330031
0.7275158
-2.6380665
-1.9747372
-0.64482874
-2.1800733
1.079149
-2.4715667
-2.2987251
-1.0547963
-3.1049364
-1.4423417
1.8765554
-2.6118155
0.0009234175
-1.1563838
-3.025403
3.4312382
3.008284
-0.11212448
-1.7996072
-2.8579078
-2.4767299
2.2338831
-0.7006546
2.1727421
-1.4895614
1.359755
1.8234494
1.0382354
0.9393638
-1.1973704
0.865906
-0.78221786
-4.4563437
-0.24739404
-4.0450516
-1.5725994
3.5008183
3.3327758
-2.9516416
-1.303934
-0.7006833
0.5739504
-1.0905185
0.7882396
-1.9614618
-3.9796107
-0.820435
-1.8090352
-1.6137457
-5.008709
-2.7623053
-0.27212688
-2.338601
2.7101672
1.8352585
2.2093256
1.3966318
-0.2998885
0.9212788
3.0182846
-1.9007475
-2.9404542
2.0219038
2.8331802
0.32707384
2.8337903
0.1861375
1.9328079
-0.9260704
-2.9427328
-0.19143829
0.08537842
-0.04512541
0.18449825
0.772515
0.3578251
-2.090794
5.255388
1.828559
-2.438298
0.9450391
-2.1416433
-1.6515642
-0.30703777
-0.7629774
1.0057541
1.5196568
-1.6802881
1.612457
-0.9672573
2.3598297
0.7520558
0.34642038
-2.9195368
1.8106108
-1.1062278
1.611996
-2.6844473
-1.1866374
-0.98383766
1.1523027
-2.233262
-0.7976142
1.7612888
-1.3541522
-1.8735397
-1.8662422
1.6958859
0.42527932
2.9787264
0.08517898
0.1946777
0.9295558
-0.37622333
1.4161607
-0.1514059
0.57494956
-0.9769705
0.6855933
-2.5550115
1.8729371
-1.6079996
-2.0748186
0.28698006
-2.1165044
-1.696787
-0.492618
1.7974238
3.4805043
1.5457064
2.9833822
0.913094
-0.8854051
1.0554316
1.6680301
1.3860543
0.5966086
2.6317587
-4.8739805
0.8326242
1.8826813
-1.1442465
4.4019175
0.52641505
-0.9760661
-3.5840144
0.49517906
3.8147523
-3.7683985
-1.9434906
-1.6388332
-0.23788217
0.060695484
-2.3184404
2.8498006
2.9011607
-1.2476015
0.013876967
1.2932715
-0.64694417
0.43287468
-1.7055571
0.9225716
-2.0605803
1.2833186
-0.17083248
-0.17225793
0.25831744
0.228719
-1.3421297
-2.253854
-0.54068327
-2.0362928
-0.7638395
1.6226808
-2.0315354
-2.053393
-1.2958341
1.7360426
0.6516288
-0.50426465
1.4471301
-4.1362033
1.6764338
0.1592271
0.18666334
-1.6732891
-1.1878275
0.54802376
-1.335715
1.3231091
-0.085750006
3.12783
3.2706125
2.0860987
1.936952
0.9797499
1.3264685
1.5343854
-0.76327693
0.46917653
-0.7814714
-2.4980474
-3.2970548
0.7380501
-1.1103113
-0.53574
2.9570613
-3.1067576
1.7554518
2.5740013
-0.4192636
-0.048576318
-2.2656384
0.2042342
1.6189415
2.233062
-1.8650647
-0.4357956
0.3988346
-0.34999844
1.1716951
4.0363626
0.8813829
0.5509257
-3.6644955
-2.8567212
0.5504362
-0.7416878
-2.5256193
0.25705782
-0.81570274
2.0671384
1.9480245
2.3897624
-4.317951
0.13377815
-0.048060536
-0.82690275
0.5625878
1.0765164
0.033323295
2.429676
-0.4746171
0.13493067
-0.508172
-0.73649514
0.5932954
-2.5954084
0.029855259
-0.4960877
0.25500795
0.4173075
-1.250522
-0.41119674
-2.1446192
3.2681339
-1.1218435
-1.5160031
3.2060542
-4.8861885
-2.919597
-2.4005294
0.86587447
-1.130913
0.14491087
2.636459
2.3438032
-2.4535768
-0.8612549
-1.2680681
0.21135634
0.7922648
-0.47359613
0.0920392
1.4687115
1.7247392
0.18613757
-1.2256562
-0.8673364
-0.9163612
-0.49771413
-1.597163
1.5811069
-0.96001256
2.1508715
1.8741443
0.5376031
2.4136386
-1.3844445
0.9112684
-0.083038434
-1.4981202
1.4568945
-0.19074242
-0.32465973
-1.6071559
1.1403458
1.1671851
1.7435051
0.9812698
-2.105135
0.2133196
1.7603172
-0.80469835
-0.7725175
1.2696654
-1.7432684
-3.7953308
2.6077824
0.5214914
-1.7750812
0.5134814
1.9245561
-1.7616614
-2.6785133
-1.1114769
1.8885995
-2.1787462
0.7957352
-2.770662
-3.2959354
-2.3231478
-1.8125621
0.016601563
2.875106
1.9864434
-0.46726692
-1.177538
1.3365262
0.0022629723
-4.578319
-0.24458688
2.5405087
0.3589224
-0.6589781
-0.61235785
0.71337014
-0.26342794
1.5283446
-2.7064788
1.987967
3.111434
-1.2196611
0.22871605
-0.7773714
-0.7479155
5.321796
-0.58880734
2.1923316
-3.036834
-0.6372608
-2.4373083
1.6160519
-1.012547
-1.4538014
-0.5139815
-0.8981476
-0.8813041
-0.021872919
-0.70447934
0.94721335
-1.6479106
1.1180599
4.5710626
1.317814
1.7658201
0.29999515
-0.3414969
-0.8058186
-0.46913344
-1.7372273
0.24663372
-0.5485624
0.13858856
2.1729374
0.23509134
-0.5123931
2.424432
0.673401
3.0627594
0.53676015
-0.22668129
-1.4423989
0.45937037
-2.4492726
0.5770231
3.536835
3.2067742
0.16718355
1.7407738
-0.7051008
-3.0100174
0.089503355
-1.6819385
5.0267944
-1.3123833
-1.5908157
2.8808632
0.6140455
1.3372942
1.6747955
-0.007883415
-2.2725377
-1.7044259
2.35464
3.67407
0.3755383
1.8736624
-3.788567
0.23659632
3.2543135
-2.3492818
4.0803614
1.4552085
-2.8228564
0.47033662
0.26970953
2.3481445
3.1993458
2.1070378
1.4461707
3.288065
-0.67758423
-1.7025822
-0.7323103
2.6080847
0.119995035
-3.3311944
1.917797
-0.83911747
-2.119835
2.7679758
1.5759062
1.5842024
0.40443933
-2.8028972
-2.2902591
0.5127512
2.3174717
2.154278
1.2229744
0.36839598
1.2304655
-0.27267027
-0.1853914
-2.3492231
4.442525
0.13535896
1.3802551
-0.39289957
-2.446499
1.9060692
-0.0522309
-3.2485733
-2.3475473
-3.208535
2.5296044
3.8280325
0.054687493
-0.2506793
2.9324908
-2.1177902
3.84603
-2.3860145
-1.0636213
-1.7045335
-0.10591112
-0.43966714
1.9859709
2.9311156
0.78352594
3.0674987
0.45729384
0.6920491
-0.8246115
-1.5585692
-0.4863008
-1.9674532
0.9716367
0.95125127
2.0591702
-3.1141505
0.5761729
3.3417063
-1.2767464
-3.1424217
0.94723904
-0.5832597
1.4250711
-0.41572848
-1.2457092
0.55941075
1.5837874
-1.5144337
-0.39717394
-0.03477709
0.18904224
0.044183344
2.8255312
-0.20216689
0.88622075
1.1942159
-1.3670577
0.73355794
-0.99422294
1.3364888
-0.78618103
-2.2858691
2.9600236