Glaomar
0
1.0791563
-1.5554256
0.32055292
-3.550886
-0.8198653
-1.3446592
0.8871527
4.7103105
-0.33046055
0.57098436
-0.9565697
-1.0353792
0.22746715
-0.9892521
0.8564021
2.5054033
0.6521034
0.68557775
-0.5852215
-0.696302
0.046052948
0.90380466
-0.4339581
0.5988415
-1.5815753
-0.38225347
-0.99625766
0.24418089
1.3678888
-2.3754282
-0.43315184
0.25054726
1.8914869
1.9990568
4.396487
-2.1139104
2.3534977
0.78618
-1.2072194
-2.4329298
-3.3130069
-1.1432817
-1.0109224
1.2170118
-3.7132652
-0.33185405
1.329562
2.1338649
1.3310689
-0.5021854
0.33615133
0.34425965
-2.3159182
-0.054046698
2.6764517
-0.9381251
1.8930584
-1.1875852
-1.3674529
-1.060775
1.6191258
-2.2858775
1.5775478
0.82626104
-2.142849
3.0833788
-2.6570065
0.3832445
-2.4186647
-2.2690775
-0.89721483
0.557024
0.46556565
1.5011339
-3.023057
0.42945242
2.288128
0.70793676
1.6447043
5.875484
-2.2636192
-3.111801
2.0037766
0.93716234
-2.108183
0.069937825
1.5703993
-2.0054927
0.002143912
0.71070844
-1.6601698
0.5798114
-2.0011904
-0.5864003
-0.627132
-1.6546221
-3.7415023
2.6090062
-2.9360828
-0.2315974
1.5082139
1.6268831
-2.3247776
-2.4126828
-1.1612071
0.25840154
-1.5635715
1.830335
0.23483796
3.776486
1.5553231
1.1950382
1.0031992
0.022630781
-4.501872
-0.42988974
-1.7220218
4.5526447
3.7077913
1.6547679
3.409109
0.5168248
1.3379698
-1.647704
-0.7993919
1.003388
0.86946404
4.3889365
0.38561535
-1.4280288
0.07537458
1.1675941
-0.11900373
0.74513274
0.47125113
0.27109507
-3.7548406
-0.3635037
1.102535
-1.0591942
0.5527044
2.589656
1.6207862
-0.47999275
-1.5708061
0.92722803
-1.4839758
1.5216888
-3.0301912
-2.7491384
-4.9680266
-1.964403
0.091635406
-0.93597126
-2.4865777
0.70441556
0.0058493316
2.4083002
4.6135287
-1.4500506
1.1153351
-0.8908526
-0.15490147
0.1300297
-2.2929475
0.96919394
-0.3841312
-0.83929086
-0.09629611
-1.9682609
-3.139466
1.288579
-0.22626851
-2.5491176
1.3980836
-3.6663432
-0.7574397
0.7965379
0.15296796
0.48484665
0.5738704
0.25955793
2.3634665
-1.365332
-0.48856992
-0.034758
2.3030336
-6.401779
-0.5172181
-1.4787124
-3.700107
0.47120914
-1.6759224
4.9582977
-1.3217343
-0.6960721
0.15604874
-1.2139249
0.47996998
0.6737105
-1.781297
0.952265
2.5623198
-2.658309
0.26825586
0.7934424
-4.307955
-1.3047525
-1.5392809
2.7299845
-2.9608455
-1.1523246
-1.2318028
1.1026946
-3.7549567
1.899745
-1.8741058
-1.326632
-1.8234233
-0.30573297
-2.938848
-0.51550615
-1.1803749
1.8147627
1.0976044
0.6579472
2.5878923
0.007889554
2.763944
-0.7358645
-0.58887607
2.0510123
2.2123375
-2.0055065
2.533032
3.521757
3.128583
0.37797484
0.29224616
-1.5346867
-0.88232976
1.7695862
-3.6509523
1.58855
-2.336055
5.7034397
3.3805485
1.564127
2.3843482
-0.30627453
0.44257757
-0.7709362
-2.3580594
-0.90263945
1.2878681
-0.10246109
-2.247176
1.8447144
0.6532794
-4.587486
-1.0181991
3.3367767
2.725139
0.63359284
2.1140294
-0.8835488
-1.2104669
-3.0130534
0.35043997
2.8900654
-0.10153484
-1.4599415
4.3157587
1.0295031
3.0942676
4.0020666
-0.98177695
-0.6473325
0.3621856
2.0883057
-6.1048408
-2.85236
-0.8398017
2.5191834
-2.7087169
0.15977156
0.8956101
-1.73306
0.8866404
2.0702507
-1.4553212
0.49455547
-0.15898009
-1.4242634
3.0264738
-0.30602777
-2.8063421
3.4575212
2.6256127
3.3451066
0.08003261
0.33831996
-0.6617455
2.4414773
0.704765
0.8172692
-0.9885513
0.09596562
-0.9433979
-1.7950641
0.17282383
-1.6751573
2.504435
-0.3424468
3.060847
-1.4578503
0.8589244
0.5458941
2.4844406
4.090705
1.4691045
-0.8446783
-0.31546426
2.4314623
5.0763946
0.100057706
0.88124806
0.32496455
-0.84840256
-1.500066
0.7544154
-1.9348476
2.5028143
-0.14104474
3.512525
0.21630172
1.2019675
0.9217136
-0.790613
1.4295206
3.5292044
1.8139356
1.3328255
1.5978681
-4.9785213
1.0716119
2.9132745
4.061166
1.2516979
0.09508735
-2.1942005
-2.1241875
-1.1867483
0.11587717
-0.90105003
1.9299241
-2.1146693
1.2833725
0.14473298
-1.7069596
-1.7395349
3.5263402
-0.23339239
0.96109396
1.4016616
-1.9220285
1.8937262
-2.19624
2.348062
1.4754326
2.7702036
0.89578384
2.3368492
1.4103286
1.5759916
-0.7535846
0.4999568
0.45028126
-0.0013819337
1.4478364
-2.2701366
3.4591343
2.0547664
1.8151419
0.78550786
1.8668231
0.4022917
-1.2788116
2.0654202
-0.09600461
1.007182
-1.0562729
2.3036683
1.5970256
-0.96945876
2.5996869
-1.9126287
1.6090692
0.78791624
-2.1097155
-0.0773442
2.5278878
0.6233855
0.33483094
1.1650728
-0.24434552
1.8461875
2.0933006
-1.094416
-1.1423088
2.445472
-1.7715155
3.5188806
4.9781947
1.1834162
2.415293
0.9367357
3.1879787
3.8145525
-0.9201441
1.2815478
-1.0227365
-1.3735739
1.0751786
2.543382
2.787843
-1.4762181
-1.2496283
3.8070998
-0.47214794
-1.8508412
-3.6388054
0.8839177
1.4160621
-3.5816
4.619315
-0.93691254
3.9523711
0.27545267
-2.675966
0.7548307
-2.270203
-2.1324747
0.013964642
0.987664
2.111642
3.4411433
-0.41274464
0.44107512
1.6933221
1.1704205
1.162598
0.63668674
1.5964546
0.7934865
1.9564196
-2.1870244
2.93284
-3.1459942
0.11262931
-1.6525862
1.2821237
-0.34174186
-0.18084702
-1.6719548
0.4774216
1.0055954
0.6346115
0.85582864
-0.39812443
1.493127
-1.7672124
-0.89972466
-2.577456
-2.3633282
1.65767
-1.8440785
0.78144234
-1.9724808
1.3905898
-0.82018006
1.3294457
3.6517148
-1.2176182
2.546631
-0.36472076
-0.09713342
-2.7393382
0.7433326
-1.179317
0.1691857
5.720423
-0.01959857
-1.3984541
0.6194106
1.6564964
0.4617624
1.278507
-2.2373934
-4.3610506
3.0980608
1.2335038
0.40510786
1.0327892
-1.0660753
4.47022
-1.468405
0.9256598
1.4920613
-2.8693087
1.7834761
0.9488345
0.13290398
-0.030570269
-2.0499117
-0.93435913
-2.2565188
0.8791008
-2.2667716
-1.1514505
-0.080874756
2.1000884
0.57616395
-1.5050751
-0.4257688
3.1140175
-0.015874065
2.73705
2.4244277
0.005245216
-1.364204
0.13595752
-0.116207995
-1.677289
2.5953221
-1.945797
-0.47634134
-1.3249393
0.89580816
-0.41563982
-2.5063338
-2.4097247
-1.5577224
-0.06612663
4.634767
-0.13551643
2.8793452
2.184187
-1.7787281
1.8413346
0.7878837
-3.537332
2.29461
-2.0360456
1.4933431
0.78040177
-2.3557823
0.3928013
-0.24610977
-1.9160957
1.100101
-1.1204389
0.66206837
0.050379034
-1.6923635
2.225141
-1.1984742
0.8584768
0.45166403
1.1927372
-1.968081
-1.3302183
0.78783923
1.9118575
3.0047934
-0.8641652
0.7042506
-1.0697962
3.174769
1.4126915
-3.2702122
2.226352
0.8176424
-0.513076
-1.6756147
0.62196904
0.25715655
0.013940841
1.5237191
4.3861547
-3.5537183
0.07549001
2.791806
-3.391072
0.014464188
-1.7192675
1.1704592
2.8351934
-2.0236156
1.8420564
-1.5118603
1.2782584
-2.3246207
0.7797056
0.22320691
1.7787707
1.3746656
2.424728
-1.4090463
1.7092834
-3.0042486
0.43009025
-0.76249564
0.025793873
-0.66711736
-0.10416379
1.7630593
-4.516486
1.0993663
-1.7801763
-1.867601
-2.1187494
1.8108971
-0.09765897
1.0850549
-1.8661234
4.2177186
1.1444925
0.1787059
-0.089465834
2.0142918
1.9396758
2.2169886
1.0963923
0.2431775
0.6373439
2.9746585
-3.2543278
-1.5323014
-0.46030787
-1.31024
2.0290453
0.21252188
-2.257878
1.1284425
-0.26834786
2.0947654
-1.7757427
0.7805662
3.793691
0.6206332
0.019416302
-1.7844225
1.46223
-1.8149657
2.710624
0.30687302
-0.1900113
-0.73313314
0.02412425
-1.4531518
0.8483452
1.3239845
-2.7637098
-2.0655074
1.5822892
-1.0885892
-0.7343034
-1.8724084
1.4213936
-0.8397405
-0.4292351
2.371
0.45879745
1.764308
-0.90788406
0.5585633
-3.080647
2.1143754
-0.025788441
4.9761095
-0.83084357
3.2876053
-1.1578976
0.81589955
2.2428489
-0.9469873
1.3376502
-0.32355946
-1.4723003
-0.8637555
-0.7212797
0.24037167
3.1215203
0.61668736
-2.7949824
-1.7915721
-0.6222847
-0.422678
-0.33235157
-0.3218
-0.068327025
1.3605504
-2.7818255
-3.6750107
2.8322613
-0.65611434
0.72377664
-1.7618315
-1.5553019
2.0224226
-0.7463159
1.638366
-0.62173784
0.64519256
2.5223196
-1.4734131
1.9842193
0.005751319
-2.6077628
-0.43195695
0.2016329
3.683056
0.9786324
2.0664117
-2.4363956
-1.9420184
-0.9988506
-0.03809276
-1.8775957
-0.72906333
0.8696285
-1.2571039
-2.0917277
2.9450254
0.80854684
-0.10861387
-2.0730128
-0.70921934
-1.1041628
-0.3406955
-0.18497756
2.2762303
0.86698437
0.9075576
3.2452698
2.8174136
3.0426748
3.5176291
-2.6115663
2.6983447
1.2583686
4.0000644
-1.4822514
0.93702203
1.4812059
-0.06326925
1.4928344
-0.7931053
1.4533592
-0.97056603
-0.15913823
2.5255425
0.7142545
-4.226822
2.8797617
2.7170277
1.5922116
0.26912326
-1.446448
-1.0599144
-3.4970906
-0.7671557
-3.9838853
0.29692566
0.52210236
-2.212463
-2.0665107
0.7815658
1.4561068
0.012616299
-2.111366
-1.8691914
-1.1031451
-2.980901
2.3708858
-3.3205576
0.79347783
-0.40926695
-0.35577154
-1.527019
-0.90582126
0.30868486
-1.8941027
0.1737799
0.76286227
-2.0375874
0.83704436
-0.7014312
-2.149096
-1.5996742
-3.4287488
0.38406515
-1.7729635
-0.66302305
1.848118
0.5026541
-0.5359996
1.0961772
0.55060494
-0.756021
1.4104699
-1.6042298
-1.985131
0.49294668
0.13713488
1.9982864
-3.254899
-2.4997113
-2.3547833
0.15024726
0.7340078
-0.08029968
1.2691658
0.61025506
0.7850158
2.84095
-1.4390423
-0.17982936
-2.039878
2.439533
1.8238885
1.477339
0.9114921
1.9678744
-4.4429183
-1.5907563
0.77931595
-0.99379927
0.29830316
1.219703
-2.915931
0.933151
-1.8968222
-0.9030335
1.5601857
-1.2512798
1.6148651
0.66431737
-0.056725018
0.22008385
2.0092444
-2.103613
-0.6919249
1.6434057
1.5853337
-0.8188132
0.1084939
0.26076257
2.8161697
-2.7891793
-2.173058
3.2043393
-2.8689835
-1.5780395
0.48083618
0.4529717
1.653667
1.6568255
-0.26512814
-1.742252
2.0937617
2.6279476
1.0260566
-1.1431022
2.2572727
-2.1470225
2.0429137
-0.2848296
-1.4090822
-1.1486793
3.138835
-0.57416767
2.6830153
-1.0822064
-1.2202096
1.5667706
-1.57724
-0.46428877
-2.5186474
-0.21538913
0.328054
-3.4436545
0.7086851
1.1021276
2.9649472
0.71026075
-0.7685416
-1.1018358
1.1840041
4.1401734
-0.31067038
-4.359345
-3.292977
-0.39160824
-0.11996835
-2.4221904
2.602369
-0.7333655
1.5750377
2.5077307
-0.2885867
0.33197266
-0.41660228
-3.8633857
-0.21657503
-2.1165636
-1.0058019
-0.057065926
0.5278793
0.8385755
-0.24502966
-1.7614348
-2.0578673
4.0518007
1.7159027
-0.63377774
-0.77654064
1.5632045
-3.4181552
1.0537056
1.887066
0.17038085
-0.46661848
3.546105
1.772803
-2.3615623
0.93152064
0.02235546
2.63195
-3.041896
0.17162228
2.2364168
-3.4305024
0.57899815
2.6823494
3.0235922
1.9104091
0.22651896
-0.01791336
-2.800578
-0.18587106
-0.6640802
-0.6830705
-1.1446434
-3.0759757
-0.6259739
5.467107
1.3399123
0.2043985
-0.5319993
0.9432563
-0.036259092
-0.79559284
-0.56698126
-1.6029859
1.5502002
-2.863348
1.322828
-2.235592
1.2560924
2.566258
-2.507761
5.669092
-3.140041
-0.37544283
-0.61487335
-1.372964
1.990947
-2.087304
1.1567171
1.5372816
0.16712335
-1.6829225
1.3035641
-3.6567469
-2.215165
-0.3659008
1.6293765
1.6834992
-0.49121568
1.9374617
0.7882648
1.9013469
-0.8619884
2.9612012
-0.550435
-1.6456696
1.3429285
-2.452641
0.10334228
-0.3472438
0.31781787
1.7842393
0.45595378
2.62541
0.04584717
1.619692
-1.8479712
-4.124249
2.7222626
-0.027457252
-1.6297072
2.4801018
-2.1177049
1.0116384
-1.1367027
1.6749086
-1.1005275
-1.5695771
1.8818246
0.52300954
-1.4101713
0.9367539
-0.6913776
2.2118943
0.89785886
3.104037
-1.3140098
0.33507493
-0.8688973
2.1788015
-2.119543
0.09009636
2.0175943
-1.7920454
0.75103664
2.1503334
-0.39072692
-0.26585045
-3.3304846
1.1989106
1.5255178
0.3477862
-0.61316043
0.35484296
1.2911124
2.5762622
-1.6676633
2.6076002
0.7588798
1.2345699
-0.4603238
-2.9820836
-6.1610446
2.0820162
0.2816297
0.64543325
1.8033913
-1.2372023
-0.5020517
-2.944695
-0.2214815
0.5853403
-0.9085883
3.1609542
-2.803418
0.9731084
-0.18704456
-1.6757668
4.9746647
0.9789167
-0.18375838
-1.5624737
-0.41743204
-1.2708018
1.3644917
2.713115
1.2354566
-0.098752834
0.97976726
-0.073418
-0.3692386
2.617786
0.14486054
-4.141835
-2.069279
-1.1479418
0.3413839
1.6030964
-0.8581126
0.33920383
-1.12724
-0.036006913
-2.4397488
1.1288594
-0.5243304
-0.64610845
0.85684216
-1.5208163
-3.677178
-0.7479425
0.5137879
2.6436446
-0.30359328
-4.0568504
0.41029775
-0.692944
-0.41209513
-5.1339583
-1.003192
0.69020534
-2.701369
-1.3501313
0.4929969
-0.9337857
-1.8944026
0.95184386
2.8351092
-3.997864
0.2670644
0.06063627
-0.58632934
2.8696055
2.248304
-2.2383635
3.302156
1.1157448
-1.901312
1.9127259
1.4715899
0.32447165
1.9875507
2.2337718
-2.1810987
-0.3508184
4.1925955
-0.19921018
-0.65418494
3.7814944
1.5306227
3.3676083
1.6534957
1.1147147
-1.8844178
-1.6604476
-1.3707769
2.3577268
-3.7754693
-0.8181805
0.58253545
1.0649776
0.8517974
2.633749
-3.0717502
-0.785211
-1.0513817
1.4632169
2.9223351
1.9298928
-2.4213674
-3.8354938
-1.9705197
0.2978313
0.86595225
0.45817602
-1.741993
0.050017875
-1.254525
-0.011277668
-0.82380503
3.948407
-1.7289885
-0.22956936
-1.3900737
7.5787764
-2.2904644
-0.8643099
2.1920984
5.1299067
-1.379306
-0.4969992
0.6469466
-0.13222152
1.3554361
-1.4847903
-0.540617
-0.40354368
-2.3750384
0.2529103
1.0200043
-1.3193511
-0.8117937
-0.992057
0.18455991
-3.1490607
1.2672073
-0.8784218
1.1498085
2.7408204
1.1589621
0.7303592
0.6826919
1.1846695
0.7015245
-0.3227195
0.42428648
2.7079034
2.7954648
-3.5975723
1.5532082
-1.4016129
0.4671743
1.4426534
1.614823
-0.8121816
0.30375937
1.2069042
-0.29075524
0.9873265
3.315287
-1.0791339
-0.37742826
-4.1014924
1.3068353
-1.2587322
0.80092686
4.569373
-0.19044861
1.9380397
1.93811
1.5355341
0.7913747
-1.7666997
1.0127132
-1.91651
-1.2167801
1.3523463
1.5115935
0.07906094
0.86607325
2.122228
-3.7693264
2.3583174
-1.4081755
-3.412285
1.5632141
1.266474
-2.9530215
0.7832778
-0.47518134
3.5636215
1.6473348
-0.8329169
-5.6797013
-2.511921
-0.15782197
-1.8959677
0.6591362
-0.18959454
0.5409352
-0.8619355
3.238865
-0.25467873
-0.48319733
0.23629479
-1.356303
-1.0978923
0.920151
0.8234139
1.2634155
0.49678677
-5.2242193
2.7233896
0.8208033
-2.0453594
2.9809642
-0.31910595
-1.8042963
1.5104232
-0.61981404
0.14209679
1.0890886
0.19711345
-2.372955
-1.7760725
0.11792222
2.0947547
-0.6443732
2.3829064
-0.37668842
-0.9579579
-2.277136
1.1034976
-0.9161493
1.106912
-1.5338424
1.200363
-4.6793303
0.7362699
0.29302567
-1.5329818
3.237961
-1.0453303
1.2990599
1.5162185
-2.9418457
5.417589
2.8675246
-2.2603734
0.43473706
-4.5162992
1.5314633
-2.2080777
-1.5281659
-1.7730658
-0.6804829
0.3722167
0.4531984
0.38904896
0.8954157
0.6676426
-2.5431783
-2.6167026
-2.1025271
0.032968394
0.2627051
1.0077283
-3.4538312
-1.281826
0.49826524
-1.8026702
-2.8084998
1.0001374
3.147199
1.7702259
-2.250459
-1.105269
0.609776
-0.27999327
-1.6915729
0.5073126
3.8463519
5.2722
0.6469694
0.9998376
-1.6937382
2.9369202
1.9916383
-0.47783276
-4.301898
1.4506234
-4.804894
-0.7553717
0.72540045
1.3059373
-0.31765196
-1.4471639
-0.43537053
2.3764436
-0.57651573
0.48768705
-3.7312672
0.554504
3.8132753
0.81311804
0.2234528
0.6969558
1.9398371
1.5952227
1.2925277
-2.2774305
1.587252
-1.3336998
1.9947677
-3.3380537
1.1443865
0.6905932
1.0439715
-1.7423422
-2.0439243
-1.2564939
0.36097583
-1.0143546
0.09283571
-1.0654761
-2.1725059
-0.6091399
0.7820331
-0.50495964
-3.9330037
-3.7504032
-0.383497
2.5862322
-0.84680307
0.38853347
0.6434498
0.0042710677
0.7249335
-2.4780142
0.6997901
0.49363872
-0.13019869
-1.3671842
-0.14554301
3.0584457
-0.617105
2.1758633
0.97216535
-2.0441911
-1.2693555
-1.6747321
-2.0193293
-0.5871587
-0.06220374
-0.8519903
1.0691925
1.5446254
-0.30189216
-3.7752786
-2.8403533
1.6702677
1.2552594
0.9595876
1.1854557
1.7399762
1.0870718
-1.766695
-0.5724621
2.4985764
-1.0650399
2.1796389
4.338047
-2.3038762
-0.6306474
-2.3615448
-2.842261
-0.06533674
1.6855758
0.6129789
-1.1799165
-1.0697355
3.1215005
-0.08119581
1.6208001
-0.52164006
-1.8719717
1.9289987
-0.712077
2.19767
-0.74298006
-0.24095494
-0.559415
1.2205784
-1.2982388
-1.2003934
0.057814404
1.9828681
2.5146825
-0.25085616
2.532813
-1.1499141
2.56847
0.9441443
-3.1200838
0.43532342
4.1521015
0.4239079
0.8059085
0.57623625
2.1805673
0.9674074
1.7031571
0.60946745
-2.538957
-0.5727769
-0.76205814
-1.1497849
-1.5047013
-1.7194513
-0.2583339
-1.1915236
1.0821451
3.0094543
-3.751213
-2.4372609
-1.3583581
-0.35603082
3.1332831
2.5933795
-2.1469345
-4.4884486
0.050268665
1.5109391
-2.2190902
3.2757096
1.2096007
2.1619692
0.81558895
-3.0226161
5.5529
-0.44081488
-0.19465394
3.7567866
-0.36065716
2.8924289
0.94952136
-3.393537
0.9001889
3.1452963
1.1360216
0.38129827
-0.2168392
-0.9218532
2.9314113
-0.79630107
-0.28633898
1.9320887
0.114934325
-3.3432112
-1.2359893
0.28886908
-1.0602455
0.8653638
1.2098216
1.8581194
-2.6266565
0.40204042
-1.4912455
1.924614
1.2881124
-2.3339145
1.3169026
-0.87153155
2.7914405
2.2817917
-1.781492
2.898158
1.2616022
-1.0228969
-3.1645467
-1.1345577
-3.809435
0.29021415
2.6798968
-0.7285135
1.5995363
1.6197629
0.9446858
-1.425639
-0.5913444
0.6131323
-1.2914288
1.6148646
1.3955419
-1.6810902
0.722753
1.3120705
1.6748203
-0.10935653
-0.9203164
0.9297514
1.1840551
-1.8033726
2.7022226
0.438732
1.2217524
-1.0488979
-3.7393017
2.902619
1.0940156
4.24707
-2.7289548
-0.94389284
-1.2448359
1.6142914
0.997778
-0.11132274
-0.63534105
-1.6005292
0.7981593
0.3588241
3.1062195
-0.18808645
0.73411083
-1.0146997
0.7047661
0.7232892
-0.7487418
1.7084073
-3.1195798
-0.35752466
0.73730224
0.9029843
0.4551022
0.48207054
0.40024987
2.6212912
-0.7506545
1.4426943
-0.08585804
-0.33255655
0.70985144
-0.76496994
3.4806228
0.13564157
-2.5831807
1.1565969
-3.1949697
0.24806228
0.77789974
-0.33617136
2.5225348
-1.712528
-0.29960328
2.5639026
3.2969763
1.1282457
-1.7326328
-0.45797205
-2.2786303
-0.23095548
-3.1375947
-1.5844225
0.80764955
3.367133
-0.32176435
-2.7145073
-0.9971064
1.9512986
-1.1452789
-0.122441635
-0.36931452
0.43002516
5.655559
1.0406643
4.1028037
1.2277128
-2.6296988
-0.5624647
2.1664276
0.3367985
1.5579791
-1.2398487
1.6506824
0.23910436
2.5164137
-2.3795452
0.76202625
-0.6143388
-4.309327
-0.8439117
-0.074763514
-0.9914229
0.8062736
1.7101188
-0.0940642
-0.5124127
-0.914683
0.50491065
-0.6158163
0.2390085
-2.8281398
0.62816775
4.4953117
0.14162001
1.2184922
0.48425066
-2.451684
0.10369978
0.5401825
3.880962
-1.9844023
1.1717333
1.5563507
-1.1408081
0.43410823
1.8855833
1.5549991
0.3908365
-0.15416408
0.31943008
0.17988846
2.870894
1.6277758
-0.35858974
1.1280553
2.5344882
0.3311676
-4.9970922
2.2859702
1.75356
0.91760504
1.4503086
1.7711895
2.4137661
0.95850694
-1.0380654
-0.6881911
0.40080255
0.11493989
-0.5254679
-0.8007293
0.2268292
-1.9119899
-2.357433
-0.5320771
0.02322448
3.405335
0.42859846
-0.7411663
2.286564
-1.7550156
1.7221907
-2.2954879
0.17225568
0.28418362
-1.6002163
-0.0046195537
-1.2850459
-1.5329045
-3.587843
1.600013
1.7093786
0.32484123
-0.4000566
1.6444693
-0.3089667
1.2272604
-0.1043993
3.0361967
-3.0920389
0.262096
1.5971179
-0.41719773
0.9222607
-0.99403584
-1.7564867
-2.1560533
1.5837162
-2.0255
1.0115426
-0.89943826
-0.009275891
0.95201874
-0.025520362
-4.946799
1.1746978
1.4523307
-1.5603834
-0.4901519
3.4331076
2.0987136
4.3880625
4.208501
0.14475545
0.41426128
-1.9616854
-2.5062118
1.4595253
0.5059208
3.6219034
0.04604385
-2.979544
0.5777765
-2.001661
-2.382433
0.69464445
-1.7284645
2.1995733
-2.055441
-1.0713209
-3.4162087
-0.5017255
-3.2390547
2.3409665
-0.64688766
-1.5561366
-0.8133538
1.548873
-3.815598
1.5404551
-0.3388714
-2.6148524
-1.3796403
0.53300583
2.185893
3.3104892
1.3702114
0.5185001
0.5729294
1.6271887
2.6494217
-1.4247755
-3.5611017
-1.7691166
0.29627153
-1.6245763
2.1405509
1.4790645
-1.3613502
1.7886912
1.1183711
-0.73093235
1.0784177
4.131378
1.7602284
-1.1553015
-0.7164657
-2.5937421
-0.3670274
0.104075365
2.6050067
0.9862121
-5.4661484
3.3674295
-1.040711
-0.9373762
2.25878
-2.158393
1.6693013
0.38314563
-0.5549572
0.28242043
-0.77348214
-0.063160054
1.5010346
-0.26290333
-0.4457234
0.2145533
1.7576817
-2.584232
0.24346295
-0.8502905
0.06398883
-1.7809597
-2.8765101
0.6851744
-1.2012649
1.6549828
-0.15898094
-2.8450706
0.38379773
-1.5034415
0.7881799
-0.17244351
1.0341284
-3.7036235
4.421216
0.16960335
-1.1324058
-0.21648863
-1.2072325
2.6311269
0.8561334
-0.49947816
-1.4925379
-0.5322516
2.900422
-1.8316115
-0.2106294
-1.627061
1.4769315
0.6987601
2.6821215
-5.202859
-0.9471065
-1.4648803
2.018518
-0.9240979
-1.2080432
-1.4871839
1.726746
2.2873259
0.4147098
-1.8668352
1.1127309
-3.3293557
3.3231244
-0.48377374
-0.57779753
2.1439297
0.44078338
1.1214894
1.2789812
0.45489883
-1.1349518
-1.8561486
-2.779609
0.5439427
-2.6338701
0.454222
0.76383024
0.24772668
0.10110358
-0.2949809
1.0947107
2.6517098
-0.5290038
-0.82302815
-3.6116223
-0.374331
-1.4507824
0.67995656
-1.3998951
1.7220736
2.5624883
-0.8226688
-3.0946417
-0.1196656
2.2701476
1.5913599
1.6946279
1.1562583
-3.2217033
1.6608213
-3.8254216
-0.83239764
-0.21662936
-0.8119964
1.5974247
-0.3451222
2.3658414
-1.8685207
1.7859117
6.8095007
4.217272
0.079902716
1.0616577
-0.24930522
0.6166433
1.9902474
-0.968477
-0.926833
-0.3807843
-1.8865343
-1.8046523
0.18287425
-1.4446557
-1.9432423
-1.539994
1.8451737
2.7386277
1.0298412
0.16230774
2.040965
-3.8706331
-0.82992804
1.0543519
4.089701
2.9787488
1.6129565
1.0988225
-0.5933633
2.9327831
0.59976006
1.1593347
-1.6784148
-0.84923553
3.858344
3.9741898
-2.1115973
-0.2811922
-0.9822929
1.3918388
-1.3949274
-2.0749016
-0.22872053
-0.35660592
0.6717911
-0.97936374
-4.251882
2.1870983
-1.1011146
-3.561369
0.74066633
0.18085821
1.9885873
-2.048085
-1.234414
-1.6659237
2.08008
0.7881769
1.671539
1.3199253
0.6191462
-1.0214738
-0.31460848
0.7779624
0.0031840503
-3.6170282
-0.3527521
-2.4475868
-1.0914913
1.2970487
2.1356902
3.5676072
1.5582415
0.65079856
-0.9670627
3.353765
2.6088393
0.9447162
-0.2529453
-1.4985509
-3.8100634
-1.0358843
-2.495766
0.30497292
-0.50334173
0.30441692
-0.6327991
0.54133016
-3.559836
1.713665
3.0200653
-1.1651667
5.4284754
0.8185625
1.8465254
0.46266383
-0.6542286
1.1745775
-2.4728122
1.2690045
0.72763085
-1.0941236
-0.29574192
-0.98630214
-3.2747838
-0.85204655
0.96612924
-0.15547568
-2.6377962
0.47559863
0.7223167
-2.0017948
-4.1670885
2.2512157
-1.1609548
1.8838317
1.3045865
3.8102555
-0.7613448
-2.7800725
1.8196493
-1.8393316
0.26225954
-0.95196944
3.0500891
-3.0451565
-0.11024304
-1.7338257
0.37899038
1.4869787
-0.98414755
-2.1074026
3.5952866
-0.19894296
2.704922
0.47204465
0.33195567
-0.88968015
-4.1287103
-1.9749202
-2.6618884
-0.11898178
2.1948104
-2.2143164
-2.3066149
4.822997
-1.2958373
-0.6208761
1.4968623
1.2884228
-1.9432545
-0.059428312
-1.8399137
-2.3714106
0.82662827
-1.1013683
3.2843564
0.4629997
-0.8270471
-1.5174569
0.94522697
1.64173
-0.48604506
-0.54089254
0.3841475
-0.52604175
3.1719434
-0.35684595
0.788452
0.5010335
0.39655906
-0.717957
1.2348356
0.8046504
-0.8906872
-0.8462968
1.4399283
2.8613694
0.54216224
-0.17419538
-0.032605857
1.7435011
0.53081155
1.2324942
0.6488177
-0.4811889
1.774266
2.5964038
2.5576286
-0.5276319
-0.4738747
-2.0207202
3.948077
5.1698155
0.6971117
0.7768134
-0.23846313
2.82298
-0.73207057
-0.011520304
-0.20389885
0.6108673
1.3244212
1.5608072
-3.7399592
1.0707757
-5.382159
-0.44506764
3.4553547
-1.0195946
-4.8072853
-0.34667373
-0.69391996
1.846578
-1.9383266
-1.2935201
0.9152717
-2.331075
-0.3801045
2.2774928
-4.38911
-4.365974
-0.4085791
0.80920815
2.4491205
-2.9040473
0.7122638
-1.9002384
-0.26371518
3.180723
0.017079428
-0.5125917
-1.799602
0.91366535
-0.34499067
2.0855227
1.8899336
2.478106
2.0000224
1.24929
-2.2226982
-0.6337539
-1.534523
-1.7532413
3.1932242
-1.4709373
1.0894846
-1.4843242
1.7258381
-0.0901955
1.3133855
-1.7349256
2.7328396
1.6130629
-3.9908724
-1.1924462
0.017884504
0.5754082
-0.47583222
-1.8371972
1.0465412
-2.204077
2.7519095
-0.26903057
-0.07859232
1.874897
-0.25822562
-1.7210752
2.477927
-0.13748339
0.17428577
-3.1012733
-1.4323717
-1.0668799
4.0510387
-0.63087046
-1.1012511
0.29372448
-2.5262117
-2.570377
0.09325247
-0.050354965
0.49447533
2.8049927
-2.1167743
-2.5080707
-1.3441529
-1.799248
-0.47213277
-0.493342
4.3567085
0.6937635
-0.2391687
-0.9753179
1.5763639
2.9087322
-2.7649813
2.1130385
2.531086
-0.19029568
1.3310666
-0.73687327
0.80705696
-0.7153944
-0.62009376
1.2984879
0.5389273
-1.0608724
2.6889582
-3.396236
3.9020698
-1.2053465
1.6724365
-1.7059405
1.9106894
0.29788476
-1.9547153
1.3172696
1.1536098
-0.9360984
-0.110318065
3.401786
-0.5646768
1.5568749
-1.2105215
1.5723609
0.38126564
-0.9492217
-2.7464175
1.7985017
0.90061975
-0.4454727
0.32102013
1.2841921
0.07116353
-0.6430425
-1.3120598
-3.1559975
2.9368093
1.4969821
0.9298242
-0.64065576
0.007363148
4.1151986
1.830107
-0.64390814
0.3929442
2.5995772
1.6216067
2.2460022
-1.4548573
0.6905509
-2.4180975
3.0148757
-2.4206424
-0.18836007
1.1156651
2.3911865
0.75247943
-1.4433389
1.5348725
0.5201317
-1.6991434
-1.6869037
1.0895898
-0.9797799
-2.2942755
-0.25202182
0.22122529
-1.3465719
-0.51446074
-1.6473831
-4.1263957
0.4374501
-2.3150594
3.8969193
2.1136832
1.9133939
-2.7346592
0.48424393
0.030479863
-0.35288647
-1.1947036
-0.3212026
1.0441699
3.2465746
0.5536104
-3.1979022
-4.601828
0.75128907
2.0630329
-1.9475659
4.1277685
0.30934918
0.40630832
-1.3280294
2.5502493
-2.0067377
-1.3971866
2.1390827
-0.23008567
-0.61663353
1.3335067
2.883513
-0.16502374
-1.1120014
-3.187821
-2.6662276
4.4823055
-1.7650828
0.59403795
0.24670723
-2.292715
-0.31243894
-2.7047672
2.128833
0.23854992
0.14297187
3.7131183
-3.6206434
2.6331735
0.54002964
2.8610678
-0.16631621
-2.2888298
1.9164323
2.0500603
-0.11034999
-2.7863188
0.9981946
-1.2252014
1.7090029
0.032471642
-0.5856592
1.8656473
-5.104166
0.22795305
-2.0979996
-0.4581062
1.969803
0.7723388
0.40700045
1.8138367
0.1887759
-2.729364
-3.7921305
1.2712557
-0.44109046
-1.3924994
2.660956
0.08010112
2.609438
-2.513349
-1.2242814
-0.34012204
-3.0633776
1.3542218
-0.33017
2.0694003
3.292776
2.1424954
0.3477961
-0.5417929
0.7980707
4.119014
1.160077
-0.8941842
-1.8050612
-2.3419473
-0.8914499
-0.111320764
2.0300245
-0.114062205
2.8533063
0.1517255
1.0996405
-1.0867788
-0.8571955
0.73845583
1.2836444
-0.750147
5.9513135
-0.60385036
-1.137894
-1.0004144
-0.7988552
1.1033851
-1.5506123
-5.3312197
-1.9786602
3.088283
-2.220314
-1.5248632
1.3674698
-2.6485808
-0.5448279
-0.3749501
0.8089378
-1.0226523
-1.123861
2.2462184
-2.901326
2.165965
2.3613265
0.07153092
1.174042
-0.9217569
-0.5104197
2.0529766
-2.48482
-0.0629733
0.3263284
3.1905692
2.0877054
-2.7278016
0.62602973
1.0471369
-1.5214459
-2.9612577
-3.5823586
-3.043876
-1.6535759
1.9723768
1.5792828
-5.3387375
-1.5162262
0.41181976
1.2551969
-0.8104607
-2.178898
0.46453136
-1.7035853
0.5571278
-0.039731942
-0.7456962
-1.5157839
-0.4513092
2.4206665
-1.6335714
1.3059143
-0.6270689
-4.079317
0.42852083
-0.48633438
3.2215269
-1.9146074
1.6226995
-3.918148
-2.5338163
-1.7345947
-1.4021204
2.556119
2.5498595
2.2974741
-1.4346691
-2.1245103
-2.3582573
0.42220968
1.0397539
-1.3528541
-2.3978987
-0.6255885
1.3342643
-1.248193
-0.5131224
1.9015733
-2.5660522
-2.2049074
0.10705347
0.96832937
-2.359849
1.978732
1.3730165
0.2526701
-0.57913923
0.22825643
-2.369925
-1.3791785
-1.9293773
-0.21102142
1.6880876
0.11776814
-2.13994
2.5085766
1.914127
0.95264447
0.7885448
-0.8067853
-3.650973
-2.948506
-1.7063667
-0.2424576
0.8353033
-0.3956014
-0.9420907
3.793046
0.8815291
1.1644306
-2.8636725
2.3373325
-0.45741773
1.3543915
0.7559554
-1.3846743
3.2654092
1.6693978
1.8188943
-2.7630973
-2.7656708
2.656686
2.5377727
0.76870155
1.51881
0.67673045
-0.62399435
2.4068174
-0.39093375
1.0208268
1.0356662
-1.2023335
-0.12738857
-0.44538748
1.0387727
3.4756815
1.7818344
-0.83366144
2.4144802
0.7100094
0.4276405
1.3281507
2.695276
-3.1727061
0.23308891
-1.5559644
1.619626
8.293555
0.34829438
1.5815405
-0.792863
1.4755373
-2.1192186
-2.005917
1.8072559
0.4908949
1.4182827
-1.6416521
1.185149
-3.3056004
-1.4430473
-1.394506
2.369856
-2.3297482
0.8028091
2.2223902
2.7949152
0.6898855
3.4154904
2.3938563
0.7272128
0.016001023
-0.6962979
-1.2572684
1.5122647
0.17384434
-3.0896463
3.02858
-3.2684777
0.43800232
2.7681324
1.1964127
2.957491
0.09705087
-0.6326252
0.91785896
0.96821356
-0.4984791
-1.6020535
1.7518201
2.1675193
-0.976087
-0.55934036
2.2360811
1.8857455
-1.5390224
-3.5438786
1.1520585
2.7622237
0.4234442
0.45637172
-2.6210904
-0.3915593
-0.39590818
0.24638847
0.9572871
-0.05298254
-1.0947919
-0.68375206
3.8802333
-1.194
-2.5469773
0.09627159
1.1878041
-1.0116954
3.0270987
-0.7853838
2.341372
1.0965782
1.2903762
-3.8684387
0.08835925
1.5229131
-1.5899934
-0.2146273
1.0345932
1.3633274
1.2267462
-2.5429611
2.401538
-1.3094753
2.9110725
0.5783001
2.363342
-2.2402515
1.3347759
0.37737927
-2.386733
-1.7920884
-1.9140828
-2.8950386
-2.5219092
0.041808374
-1.3977958
3.1593962
-1.4837345
1.1376808
0.36408743
0.32728758
-1.7761304
0.243287
0.40641487
0.8478947
1.602399
0.32237548
-1.8269783
-2.6577685
-3.597553
-0.06490064
-0.46816355
1.8644488
0.016222596
0.62224156
0.8142989
-1.342548
0.18879728
-1.3914949
-1.129635
0.85345924
1.2379278
2.087664
-0.49648216
1.9733897
1.1133071
-1.9585329
-0.31159356
1.2267122
-1.93127
2.1300392
1.2208451
-0.171437
-3.154852
1.4630393
-2.4791281
-0.10054197
-0.8625363
-0.50586283
-0.63912016
-2.9782593
0.021445375
-1.5621859
-1.4828278
0.8899559
0.6313613
0.60827523
0.036957867
-3.1044831
0.07674622
0.21835297
-2.7097921
2.8021557
1.4187169
1.3835701
-0.13571766
-0.34443155
-2.8577962
2.5923982
-0.7350737
-0.15824467
-0.1715265
-1.2924241
-1.5007806
-1.790245
0.7112695
2.7018044
-2.9027126
-0.59736824
1.2169805
2.3501968
-0.48209092
0.4790318
2.5919805
-0.6597583
-2.5383997
-0.5025328
-2.0991724
-2.0113478
-2.013654
-1.5531894
0.5214948
-0.45380792
-0.9911018
-0.16716036
2.871572
1.4934014
-0.0042188764
2.3513825
-0.068348855
-3.9729261
-1.5250564
-0.73440444
-1.661419
-3.373468
-3.2427256
0.8401646
0.06827713
-0.33420596
-0.09318628
-2.285641
1.4383001
-1.3913275
1.0790426
2.6602771
-0.543968
-1.9470127
-2.321023
-1.0522437
0.31274998
0.27018568
1.0201312
0.9267417
1.8612474
3.215978
0.7332506
1.5317404
-0.23346713
-0.815395
-3.3650184
-2.554058
-0.9311366
1.6619891
0.9588157
1.4333557
0.95604503
-0.42069036
-1.8828113
5.259085
-0.82329464
2.9463878
0.8897866
-0.20368806
0.42879394
1.4071374
-0.62407917
-1.5766641
-4.6220646
-1.4464215
-4.514434
1.7999529
-1.2217004
0.5041904
-0.7142382
1.0798869
-0.59022874
1.1733087
-0.635185
1.1399007
-4.177239
0.8942556
-0.796543
-0.738513
1.7598674
-0.25944728
-1.248124
0.16957542
-0.9967553
2.6294534
5.1119256
-2.2375562
-0.9694445
-2.2565126
3.8104286
-1.4069192
1.48721
-1.2779986
-0.022047423
0.44407868
-2.415596
-0.58651614
1.3916441
-0.46004778
1.9584477
-0.46443015
0.92447954
-1.6585189
-0.15251552
1.2468272
-1.3907773
-2.4252791
-1.3006096
0.93461865
-1.0483466
1.4835389
1.8403965
0.43034154
-1.6421969
1.8295944
2.2133257
-0.38284302
0.5194132
-2.7190719
0.109463476
1.3957028
1.879833
-5.592662
-0.2452867
1.0668421
-2.2370849
-1.7770641
-1.6082224
0.6217222
-3.780506
2.9530118
-0.5924382
2.4541705
1.9290233
-3.12543
0.00993479
-0.46482074
-2.0327082
-1.4793551
0.058679502
-1.4229971
0.11373358
-1.4868145
0.15526551
-2.620893
6.5252905
-0.10146491
0.6077541
-0.4723801
0.43224466
0.06431963
2.3628953
1.2790843
-0.5401648
-0.29574054
-0.65526026
0.9954889
2.2538216
-0.3959589
2.1947727
1.8849225
0.088274576
-1.3058681
-4.240165
-0.9651432
-0.54194003
-2.8641617
1.2679313
1.8765615
0.08352953
-3.214673
2.24469
-0.82033753
-0.43298692
-0.15965806
-3.680472
0.031543534
-0.7601281
-0.6527799
1.2984005
0.87868774
-0.38282776
0.5938023
-0.04942338
1.8985457
0.92149895
2.7136972
0.49480602
1.0585696
0.008940287
0.61399007
1.4107336
2.7403975
-4.201731
0.9569843
1.2977394
-2.7303646
-1.6649326
-2.2657847
-4.4582453
-2.2706707
3.8006356
3.2531455
2.1312637
-2.4419818
0.5642469
-0.74699175
1.5019209
0.38461888
-1.6396136
2.5091176
-1.0377238
-0.33055657
1.3067299
1.9823865
-1.1735767
1.3925817
1.4958346
0.33339873
2.495354
0.10290191
1.0476185
1.9508765
-0.7840845
2.9507465
1.0819663
-4.171594
-1.6034243
1.3464035
-0.58911014
-3.4963362
1.5799956
1.9888228
1.0447321
-0.5363414
1.220805
-0.70724744
-4.708
-0.27970362
2.8952732
-1.5383646
-0.6282529
0.7223165
0.7929735
1.7896596
-0.58301866
0.62093246
0.560976
0.73314184
-0.20677675
-6.4875712
2.5316586
-0.96406573
0.83392817
1.2814751
1.4658281
-0.30660084
1.0202127
0.2864513
0.43371272
2.3255618
-2.118796
-0.8262042
-0.60210866
-3.2365952
4.8886147
1.4260362
-0.0136987865
-0.53335077
-1.3584607
-0.8360461
-1.7759069
-1.7504662
-3.4271543
1.3315492
0.9417179
-1.1590582
-0.06600626
-1.4338373
-1.3113704
1.1807976
2.2054038
-0.51351756
0.60893726
0.72014654
-0.4504485
-1.8431023
-0.58482116
-0.5337586
-2.1359491
1.9485741
-1.5895066
0.5243955
0.90051115
-1.4279978
-2.2926993
-2.3266044
-3.3889554
2.5134614
1.047895
-1.7908976
-4.1799335
-0.2389212
1.2437869
-0.043711744
2.1764977
-0.3203646
-0.036076948
-1.4876692
3.142016
-0.1753178
3.2475812
-1.8622594
-1.7271
-2.6828306
-0.3813621
2.7491462
-3.5941253
-2.4370928
-1.2386658
1.4333547
-2.2395308
0.08627115
-0.65569067
-2.6659603
1.885391
0.19919986
0.31085572
0.54363996
-0.7178424
-0.53775644
-4.113413
-1.5773616
-2.0818772
2.4208348
0.451711
-1.8942851
0.6033587
1.8197562
0.377377
0.11267714
-1.6537032
1.5328323
-0.9052956
-2.9864538
1.8530198
0.5282222
-2.2195945
2.5979269
3.914816
-0.8655747
-1.3361965
-1.5118839
-1.0597262
0.19831793
-1.4011757
0.42586324
0.43682614
-3.0552082
0.831121
1.9421983
-1.0237758
1.4877099
0.8377294
0.7838529
-1.106774
-1.6579597
-0.029263668
-0.8712987
2.823604
2.1278608
-2.6168072
2.3999922
-0.7899538
-3.142645
0.3301925
-1.7105371
-4.2398596
1.9118693
1.898134
-0.663308
2.0839808
0.8297512
0.20720112
2.6834948
-2.6091733
0.82785875
-0.7231789
1.7449265
-0.22213611
-2.6274219
-0.73825663
-3.7879584
-3.0012748
-1.9304
2.0601647
-1.4943107
3.924898
-0.22670612
-2.7504392
2.0418463
-0.88054794
0.66160655
0.07194287
0.2166358
-1.8313105
-1.5744095
-0.69661134
3.1252987
1.2822413
1.7019749
-3.7584345
0.011517927
1.4243382
0.442343
-0.45549405
0.68953127
2.3586316
2.008796
0.8651945
1.2586823
-1.9848663
0.029219754
1.4669842
-3.5812962
-1.236671
-0.8899393
1.0158324
4.284062
0.4513189
1.2442836
2.254718
0.4201872
3.3578334
3.2142076
-0.762901
0.9889314
-0.8928139
1.1457056
0.64661235
1.7305008
4.3188415
-0.33808115
0.9421756
0.41385916
-2.622666
0.39286673
-2.6694357
0.52446645
0.38645753
-0.59242845
1.832095
0.1478264
-2.978041
0.2833729
-3.6489866
-3.0640879
-1.5563191
-3.3506258
-3.94996
0.8314202
-2.1031277
-0.8184208
-1.7142154
1.393038
-2.4053385
-3.2964334
-0.17557687
1.3811302
2.0910294
2.363495
-2.598813
-0.15289512
-2.8031354
-0.798579
1.3417304
-0.9534783
-1.3041388
0.08009559
4.089386
2.9330184
-2.8811955
-2.7299778
-3.6744137
1.5710241
-3.0533698
3.4378245
0.5428927
1.8350756
1.0119976
-1.024161
2.0654707
-4.091415
-0.5266105
-1.4952551
-0.78878176
-2.0840168
0.1361123
0.714578
3.3199627
-0.44980684
-1.0175166
-3.4549487
2.2438765
-3.6482635
-1.4017609
-0.0036887825
2.022873
2.7361472
3.0249805
-1.9041269
2.0718737
2.9422827
-5.1340756
0.08717853
2.614149
3.9517546
2.2433608
1.3583951
-0.15708447
1.3561126
-1.2666591
-1.2253639
-2.176442
0.6795493
0.09740771
1.9494029
-1.8912683
0.59203804
1.6388221
1.8422247
2.573812
-2.0354965
-0.65841025
-0.38717592
-1.1644248
0.6844629
4.0344696
0.83253545
1.0160798
-1.3246801
2.5950406
0.8558651
3.0082893
1.5036097
-1.6061829
-0.52720135
-0.10735118
0.07857726
-2.0406635
-2.1650972
0.45429793
1.4066617
-1.2767189
0.83238125
-0.90697455
0.87112117
-1.9021467
-1.3766538
0.6206545
1.0614687
-0.9242159
0.6555067
-3.2544358
-1.7784603
0.72400624
-1.6107115
1.0990224
1.5508118
-0.41187733
-1.069481
-2.580981
-1.1654259
0.27636316
0.282873
0.73289126
0.5474517
-2.5067785
0.083249465
-0.3128534
1.5033863
-0.34732696
1.0907748
-0.31922707
-0.7605224
0.068163686
-0.22083709
-0.92220205
-0.71133584
-2.1661525
-3.4577892
-2.3993556
-1.6221656
-0.83564836
0.76729906
0.79906243
-0.6877634
0.996675
1.018748
1.5850279
-0.6156568
-1.2988183
-0.48157218
0.35758
1.1564552
0.07660128
4.0372624
-1.2422144
-1.8270702
2.8551807
1.2447332
1.9113951
3.5941305
-1.2297543
2.0638235
-0.34898466
0.8482188
0.47209325
1.4917586
0.20194237
3.8089423
-0.0811956
-0.41517147
4.203916
2.3696768
2.175862
-1.5820725
-2.3925166
0.97004306
0.8538302
-1.526957
-1.3181208
0.5939318
0.8954966
-3.164081
0.9861816
-2.6955125
-0.8350484
-0.19625849
-1.5262337
0.25681156
1.2458795
0.5277962
-2.250592
-0.61886185
-0.74110204
1.6149671
-0.93607944
-2.0189595
1.1069318
-0.8622535
-0.3073173
0.16255721
0.2608681
0.54250485
-0.84021163
-0.41382143
1.8296843
-3.329707
-0.5596296
-3.5486119
0.70217335
-0.6166295
-3.335204
-1.3429712
0.5830433
-1.5592278
2.0206392
0.40125948
1.1652476
-0.99587905
-0.5073491
0.719268
2.826693
0.1120713
-1.626426
0.027118426
-1.9665301
5.159233
0.31683037
-1.3702658
-0.44529468
-0.87886304
-0.18710703
-2.44227
-2.8559885
-0.2716906
1.9594613
2.6720228
-1.4844961
-0.25557047
-0.024283938
2.5680027
0.19789188
-0.89003414
4.426636
2.0498614
1.6671708
2.976997
-3.8978014
2.2881155
0.47829074
-0.9996847
-0.93851984
0.51403457
-0.7492551
0.15500525
0.30152968
-0.6911881
1.2109442
1.159979
1.9422678
-1.0363088
-1.9907901
-1.282605
0.664526
-0.06845964
1.85097
1.2101021
-0.97658145
2.943666
-0.48774505
1.7062243
-1.1464751
0.19330817
-0.04068523
0.62644297
-0.9858405
1.3046399
1.7350492
-0.0055432394
-3.0025177
-0.45618412
0.22706053
2.4244854
-1.1975049
-3.6536045
0.21918526
2.2985616
1.7900726
4.436437
0.76103806
1.507523
-0.53829527
0.9332226
0.5728795
-0.630863
0.7510423
-2.545035
5.134178
-1.3429294
1.6371481
0.28749025
-0.7263447
0.45948562
-0.48467684
-1.4597275
-0.08374062
2.1044962
-0.65501386
-0.5890039
-0.9449591
1.2447177
-1.5435991
5.0101933
0.90792036
0.94810265
-1.3478354
-1.3790234
1.3327309
0.6082374
1.1565554
-2.744675
0.74556524
0.13640827
-3.9628649
-3.4984057
2.8243077
2.9281762
-1.0214568
0.90801466
-0.5694742
1.3331232
-0.6914713
1.2164146
-2.7859864
2.0849442
1.3398745
1.493973
-1.0033417
2.7411652
0.24079998
0.41832194
0.45271128
-1.0698899
1.9430748
-1.4627764
-1.6033502
-2.9318037
1.2358031
-0.1235568
0.9238945
2.172022
3.2544234
-0.6943558
1.1717876
0.3322064
-3.1521773
-3.1281993
-3.0731585
0.5101709
0.05036795
-3.579414
-1.8698372
-0.56974906
-0.23323259
0.9598618
-1.2727405
-1.1216841
1.2481452
-0.05409593
1.332242
-0.14671108
-0.94260985
-1.6099083
3.8253448
0.7579783
-1.846277
1.3856994
0.44467005
-0.75110126
-1.166876
0.68023515
-1.31293
-3.637065
3.4841223
2.0201893
0.56501454
1.9912174
-1.2534871
0.6917853
0.22291757
-2.449927
0.7574203
2.4251392
-4.0027394
1.1970671
4.160667
2.6048474
-1.1928656
-0.88608474
-1.1194855
2.8515892
2.0350692
4.327231
-3.3310142
1.3962736
-0.4614035
-0.031837158
1.0766127
2.547162
-1.5150747
-1.3898976
-1.541354
1.7294388
2.5650759
0.0681904
-0.8010376
0.8154506
-3.0076137
-0.4420944
4.34959
2.1938603
-3.4798322
-0.040463395
-4.3794546
-0.33830467
-3.071807
-3.1205924
1.7293799
2.3873289
-0.1987643
-2.2401001
0.5567545
-1.0895667
1.1474721
-0.18836907
2.5394144
-0.6137139
0.6898086
0.5894071
2.466889
-0.62768716
-2.0163255
5.60576
0.31906506
-1.0659633
-0.68618935
1.4467076
1.179231
-2.2435288
0.5095723
0.13020365
-0.7123132
1.1998907
-1.0198011
-0.16928096
0.88786095
2.2182047
0.8149971
1.4614167
-2.1816916
0.73898435
-3.4754353
-0.112787895
0.7880984
-0.052135028
0.8987221
0.63044786
2.1182442
0.9500716
-0.9269237
-2.1307042
-1.9505458
-4.6458106
0.14293657
0.61294156
-2.056728
0.17594776
-0.56640446
1.0734819
-1.4364605
-0.63300586
0.056290843
0.7683158
-1.9638528
1.9781641
-2.9217257
-0.936999
0.8515961
3.2670732
1.0989751
-0.04147231
-0.24748573
2.9097824
1.302149
-1.988528
1.2974112
3.0334227
0.65887713
0.33145666
0.6237411
2.0735238
-2.7317982
1.5088313
-4.1893406
-1.0651507
2.9558678
-1.6312623
0.788538
-2.950536
0.6197085
-0.75933117
3.136202
0.16025846
0.98272514
1.398376
0.7801493
0.061828643
-2.6637106
1.0904258
0.72893757
0.7570666
-0.63986987
1.2901709
3.2952476
-2.2910283
-2.9682724
-2.0788274
-0.005090639
1.541328
2.6700697
-0.22004327
1.1127684
0.0091923475
-0.19793436
0.5199048
-2.961272
-1.4458313
-2.9779305
1.1739028
-4.398593
-0.8467508
-1.3613123
-2.8308935
-0.9210559
-3.5035336
-0.0048547164
-0.8007669
-0.2997489
-0.7328843
-0.70948094
2.6465755
0.31169876
-0.53900516
1.7521355
3.2079263
3.54134
0.8576661
0.18087398
0.8192149
1.3496261
-0.58244646
-2.0422914
0.7501439
3.6127412
-0.99979556
1.9537185
-0.19032678
0.5115096
-2.224786
0.7382561
1.823228
-0.22818285
2.319145
-0.61949927
0.43600252
-2.3096926
0.952198
3.1962347
-0.91461706
2.8464901
1.5921675
-1.2499818
-2.1784558
0.2771443
-1.1321548
-3.3731854
0.33579862
0.20516431
0.3382231
3.6939492
-0.67893213
1.2238011
5.5213575
1.7872018
-3.584658
2.0872989
0.17354351
1.0862862
0.2661156
-2.0194836
-0.5565203
2.698402
0.8771454
-2.2619722
4.5322833
1.0581579
2.4383845
2.3989954
1.4497244
-2.7521954
2.801859
2.509757
3.977806
-1.3728383
0.33672708
-1.2456089
0.007695794
-4.2039585
-0.85863817
-0.66639185
-0.62186503
0.17339335
0.33428025
-2.5468647
-2.0440729
-2.058531
4.1022363
-1.2267334
2.1061425
-1.1034415
0.937707
0.41995764
-1.6341746
-0.41340226
3.8596675
3.1112695
0.39404392
-1.6929657
-0.34405577
1.2120507
-1.2705292
-0.9632969
1.8693204
-2.939829
0.3484675
-1.1750491
0.58564097
-0.42097372
-1.110366
0.87302494
0.03121527
-0.96457237
-0.013816152
-2.0529578
-2.5524476
-1.8874863
-2.3166833
4.9203744
-0.858719
1.3770214
-1.7157055
2.1080017
-1.6384609
-2.4727194
-0.15524134
-2.1955864
-3.3786764
-0.08363612
3.0666168
-0.4613208
-0.4507801
0.7214265
-2.515516
1.2317681
0.23246038
-0.8012074
-0.26766044
-3.713992
-0.607467
2.0350025
-1.3013128
-0.6692746
2.6265867
0.23149528
-3.5713365
0.52817345
1.4806712
-0.33020306
-0.5499184
-2.425862
-0.48911366
0.5318827
1.2621213
-4.468289
1.421538
-0.5306665
0.7502624
-2.0743613
-1.0671713
0.44774714
-0.26194212
1.1055764
-2.2495418
1.0674589
1.5568566
1.0942353
0.70186293
-1.6238617
-1.6124761
0.6893705
-0.53416127
2.0589557
2.768279
3.4367373
-0.9852979
1.6454217
0.55395055
0.3221634
1.1215583
-0.646568
2.3491383
-3.8290431
1.7324431
-1.0968546
4.42298
3.7403674
-1.855105
-0.72963303
3.3296785
3.0971198
-1.4668595
0.44449365
0.6721872
-1.0500797
0.117456205
0.37967986
-0.8713991
-0.59404385
4.097777
-4.19209
0.028737582
1.2627101
0.8371438
-0.02978883
3.391872
-0.17378992
-1.5731575
1.8901393
-1.7751906
-2.091439
-0.40720588
-2.8297956
-0.8298295
2.2271557
2.311182
2.6830778
-2.5418293
-3.9774764
0.7756793
-1.7820314
-0.10964032
-0.44944897
1.5819793
-0.59318566
-0.92430145
-1.1870699
2.0976715
2.9442677
0.29442853
-2.7315462
-0.84717506
0.65275586
0.105404116
-0.028748773
-1.5735012
-0.40943006
3.9808464
-0.47609282
-3.1460202
0.20533228
1.0337324
-0.26923525
-1.031546
0.3745379
-1.5058304
-2.1198473
0.976118
0.74004555
2.4845815
-1.468026
-3.8124592
-0.48230132
3.1886628
0.6517056
-3.8889148
2.1961823
-1.6271957
-1.3360965
-0.22692437
0.10601059
0.006943524
4.1637263
1.3758051
0.1579636
-1.2471249
-0.82823503
0.3318949
1.5676049
2.526995
2.1950219
-0.05044376
1.2448691
-4.0732336
3.3697736
-2.459445
1.0261235
2.2044632
-0.8835881
-0.7483731
0.1885244
-0.69491506
0.57248354
0.05743575
-1.1871549
-0.6295989
0.06852296
-1.1724898
-0.23106624
-0.8239349
3.918426
-2.3901923
-1.9833012
2.871004
-0.6512577
1.3232698
1.2237881
-0.7374439
0.59709364
-0.5396416
-1.7878191
-0.48021924
-1.61812
1.3753338
1.2269181
1.7166624
2.0371284
-3.8721464
-2.4133198
-1.3684206
-0.7463165
0.040495284
1.3486007
-4.6851606
-1.7941686
2.2415175
2.262331
3.0646753
2.1865206
-3.6716456
2.1197627
0.5016191
-3.7094998
0.49052045
1.4071397
2.1580215
-1.9487982
-3.9305587
3.186842
-1.6288075
0.38271642
-1.3175473
1.7326232
0.7872244
2.1461408
-2.835099
-2.9925344
-1.8955808
-1.5303527
2.1562011
3.6677704
-0.53724766
-3.5447628
-0.34224147
1.0058104
-4.2657504
-2.2108736
-2.3479168
-0.38843125
-2.4308376
-0.3145591
-2.4179282
-0.18770108
-1.3163862
0.6629975
-2.6802437
-0.92592466
3.136617
-1.438723
1.7372373
1.5692148
-2.3671765
0.5666377
0.22691505
-1.5349249
1.338063
0.40190125
-0.30835897
-0.17116967
5.1363735
-1.6804336
-2.2744935
2.1833239
2.4609487
0.53079516
2.4214435
0.013939425
-0.13102745
-2.291984
-0.7701614
-2.65784
-2.9788811
-0.6880678
-1.1886206
2.6614668
-3.6443317
1.875482
-1.8117529
-0.104096584
0.86332154
-1.7285446
-1.7566108
-0.2946882
0.44089547
-1.122009
-1.5612396
-2.3080952
0.31821057
-0.13007262
0.72659373
3.8794303
-3.4166894
-1.5685676
-0.9521556
-1.418167
0.74598
-1.9350829
0.6631882
-2.9759862
-0.104119256
3.0917182
0.41448736
1.3282609
1.256182
0.06495115
1.067465
-1.8934882
-1.5057685
2.1175702
-1.1695197
-3.4310017
1.9867344
1.0654671
2.581378
0.25936085
-2.5621684
0.12341635
1.9453428
-0.9403555
1.6148728
-0.47702008
1.9049828
-1.2209975
0.2904351
-1.5220546
1.7606652
0.17002854
-0.44727662
2.2799904
-0.26884997
-2.1942692
1.4463478
0.3238855
1.2834684
1.0674238
-5.2586384
1.9304267
-2.6108975
2.1653666
-3.7920563
-0.5199407
0.9045446
3.5668585
0.13705781
-1.6511136
2.8516922
-1.4643558
1.0370812
2.8958585
0.74655706
0.8421474
-1.5770681
-0.98857635
1.117615
0.59391063
1.2452047
-1.5198137
2.4175794
0.3696892
0.19961908
0.7834122
-2.7318661
1.5086939
1.1351739
0.33736527
-2.4455912
2.8347633
-2.5566287
2.596475
1.9048389
-4.29714
1.0920721
0.46185458
-1.0327923
5.400654
-0.24694303
-1.4053789
-2.3622713
0.6244716
-2.7231479
-0.5068801
-0.20470275
1.5615234
-0.89982826
-1.3889966
-0.07489965
-2.203469
0.13249768
1.7143629
-1.3335153
0.1464471
2.9632125
0.33099067
0.07336616
0.3680737
-2.9730895
-1.3499072
-1.0203676
-0.79052347
3.0087636
3.769273
-4.3969417
-1.2855123
-3.766827
-1.2321073
-0.4940983
3.614397
-0.37286767
1.7380419
-2.132472
0.3562654
-1.204289
0.4079908
0.9477676
-0.7595522
-2.5720022
-1.3300066
-3.1798394
-1.73767
-1.3148471
0.22786167
0.18688077
-0.6958225
-0.9458067
-1.3090781
1.115926
0.08425418
1.8349954
2.1579275
-1.4287478
0.9712482
1.2882913
-2.3120525
3.8023238
-0.25701356
0.12752877
-2.7547696
0.4573261
-1.6703506
-0.4572678
0.2478143
1.6619903
-1.6122345
-1.8023946
-5.55536
-1.9228861
-3.3358676
3.5763745
0.2205075
1.0787897
-1.2638484
0.36911666
-3.8828554
-1.9189371
-1.6272666
-2.2391503
0.43412974
-0.3685663
-4.1788044
0.585219
1.1030397
4.16789
0.7384291
-1.23875
2.1589382
-3.099638
0.6872269
-1.8821728
0.6467253
-1.1770595
3.9164107
-2.144964
-3.0236912
0.344792
-2.3815012
-0.9882722
-0.9567782
3.263979
0.5797918
0.27033037
-0.98233145
-2.4739935
0.011648476
-0.62185997
2.6154656
-0.33502892
0.9980124
-1.2204269
0.89070106
-4.225224
0.10774167
-0.29807317
0.73807514
-0.9004943
-2.6125586
-0.7434222
0.04538746
-0.035386495
2.4714477
-0.09283318
1.2818537
1.1593328
-0.8192111
-0.23510054
1.9452065
-1.4112613
0.362028
-1.4391383
2.1278505
-0.28770328
-2.3778887
1.8184767
-3.236484
2.8741086
0.913875
1.1107275
-1.7101146
0.48374224
3.273589
2.0503273
-2.3432891
0.706063
-0.9029651
-1.9594444
-1.3472711
-0.17665273
1.0433033
2.4620976
-1.2725816
1.9670321
-1.2059315
0.8420992
1.9650996
1.7301875
-4.737702
-3.4119375
-1.3094926
-0.1393787
4.4661202
-0.17297512
-1.0051643
-1.5372992
-0.39231187
1.3476307
0.3730681
-0.1758062
-1.5268651
-0.4548812
1.2696025
-2.0242324
1.6256422
-0.5305083
-0.16101155
-0.5881707
2.0156698
-0.14937997
-1.6740514
-0.10675458
0.04305224
-2.207579
2.1590502
-0.005111061
0.5476076
-1.7620665
3.443422
-1.2949954
-0.24234828
1.0283535
0.9369876
0.3572994
2.6544924
-0.37553516
0.5522773
0.097452044
1.275601
0.05206296
-2.3156931
-0.5723842
0.17527574
1.3012437
-0.34731632
2.8472643
-0.7644618
-2.6616092
-1.8568301
-1.9904735
1.4583573
-3.3019192
-0.22211319
2.2726572
-0.6204601
0.52181685
-0.5171875
-0.51303834
3.4439955
-0.5192632
-1.7327256
1.8280929
-1.6810161
4.299258
2.4794102
0.59262323
4.0997953
-1.1940929
0.21630786
0.58537567
1.1599637
2.6218581
-1.1853952
2.1624584
0.55958825
-3.4970627
-0.60312223
-0.37723178
-0.5491378
-1.18811
-0.45377547
-1.3936712
-1.7291288
-1.0033876
-0.23604932
1.716628
-0.3111094
5.4700885
0.27733538
-1.1290761
0.30428922
2.7420719
-0.3340574
-1.9548912
0.9012084
-1.120199
2.6275272
-1.5920166
1.1453347
-2.3567066
1.3979758
-2.3738506
-0.2300911
-0.9069544
0.80191976
0.08374433
-2.1032436
-0.7685485
2.0663798
2.2615259
0.5473738
-0.97758275
-0.6935495
3.6257186
-0.30020308
4.2562714
1.9404757
0.5115744
-0.008676827
2.5615985
-2.9607377
-3.5705318
0.15425244
-0.26803425
-1.4049314
1.1447288
-2.2919354
-0.4972593
1.1960471
-2.9653912
-2.0811517
-0.66711664
-4.137766
-0.2135743
0.58043694
-0.4103468
-0.2863412
-0.3677029
1.496474
0.9490639
2.2737844
0.2827226
-0.666134
-1.9654888
2.1864681
1.030824
1.9967209
-1.89773
-1.44908
-1.0717299
5.6503534
3.5601637
0.22162428
-1.261082
2.3288298
0.12832619
-1.5243292
0.14293575
0.31741297
0.08938432
2.465518
0.9808978
2.3487983
1.8246365
-4.457686
-1.1930686
1.3536727
3.8463392
-0.6111075
0.65766114
3.1364832
-0.10793055
-3.4682968
-2.4462683
0.45532864
-1.6764631
1.9052815
-1.4237423
2.0581784
-2.0361018
0.94620997
-1.8410625
0.1447938
2.7459776
-1.0691459
-1.449961
-1.6923814
-1.2478437
-4.074414
-0.3559247
1.6090754
-2.1647775
3.8243315
0.91311735
1.2847416
1.1787145
2.8740206
1.5434937
4.028219
2.0808942
2.10635
1.057006
-0.4334845
1.8386589
-2.3507152
-1.2941985
0.81986076
-0.0676434
0.68770695
-1.8822703
-0.53936774
-1.9300208
1.0122395
5.162886
0.5250105
-1.916093
-0.118934564
1.8013667
0.8729814
-1.0615727
-1.2810863
-0.31639904
1.701066
-2.869979
2.316417
-2.4224892
-0.5496
0.51053363
2.0415184
1.2640904
2.7012825
2.617601
0.92618066
1.1746737
-4.651267
0.8370919
1.3001354
2.317779
-0.6288674
0.4052544
-0.55953246
-4.394908
2.561806
1.0371087
1.744865
-1.582326
-0.05799806
-0.008130252
1.5464597
2.1942427
1.0269334
-2.0853972
0.4980188
2.796392
2.5307732
-1.0052016
-0.9177763
2.4383726
0.5240129
-0.90274245
0.36354005
-0.786456
-1.5623178
-2.9346766
1.2472916
6.2673125
2.2384212
-0.2343376
0.37651616
1.6254197
3.699047
-1.3546655
0.8215164
-3.3671405
-0.054415166
0.24907276
1.083645
1.3546362
-2.238385
4.778916
-0.1815464
-1.3562033
0.9583335
-0.5294555
3.8368106
-2.0116253
1.4341587
-0.46142846
-0.20101103
-0.4511981
1.9327562
-0.55757743
-1.5380379
0.4193796
0.19965437
2.0712707
-0.8004475
-0.87498105
-0.07462054
4.179355
2.2026467
-0.021789648
1.9797657
-3.1219194
0.5094055
0.60600114
3.0137098
-1.9432516
-3.9847798
-0.5823846
3.4937775
-0.26671582
0.8223381
-2.0283709
1.0159504
-1.1250852
1.4584146
-1.137231
-4.5893507
-1.1822078
-1.9746295
-0.932075
2.2996376
-1.604303
-0.9966843
1.0221763
-0.29272062
0.6706547
-0.70366096
0.54423785
0.87574494
1.4353054
-3.164566
0.018935032
-2.147363
-3.0195441
0.38474855
0.44814974
2.5247798
1.4459505
-0.42641872
2.1221056
2.0925977
1.726837
-0.30143887
2.5145173
1.5006295
1.3823593
-0.9607487
2.0070944
1.797397
-3.4626448
-0.7659824
-0.3511964
-0.90334284
2.089742
0.034950517
-1.6475661
2.1161616
1.4218458
0.79425025
-0.42199013
-3.6870492
1.640181
-0.63681024
-0.44202268
0.87034786
2.1166475
0.605202
-1.9862629
0.8253405
0.9840455
-0.6208185
-3.627235
1.5838895
0.5830174
-0.8154322
1.0295243
-1.2819875
-0.72498953
-3.3894377
1.1958965
0.97936344
0.46909288
0.791792
-0.48289332
-1.4164087
-0.5918446
-1.1805791
0.4151346
-1.8299074
-0.45020634
-3.980731
0.9064238
-0.9191363
-2.2163358
-1.2354878
0.51762116
1.4804883
-0.054085895
-0.17473581
-1.8883104
0.5056067
2.4644434
-3.135111
0.24753797
3.0195432
2.5354612
-1.6584315
0.43571514
0.3173756
0.38902998
0.041471645
-0.14848393
-1.7543573
-3.8076808
-0.11994228
1.7173936
-0.22344191
-0.11219319
-1.806912
-2.9329293
1.5425797
-1.9435922
-1.2549716
4.5592146
0.854595
-1.3025379
-0.7467768
-3.7477193
-0.577279
1.9947432
3.7968795
1.5800551
1.6232414
0.042694867
-4.617705
-1.8632493
-1.972145
1.6725713
-0.40734702
0.25894275
-0.80786043
-3.0552962
-1.0139757
-3.3329053
0.5462604
-0.24829625
2.2637858
0.23353943
0.9346184
-0.9400936
0.21207759
-1.1504427
3.237253
1.8883882
0.5331294
1.2031904
-2.3753984
2.0043151
-1.385786
1.4824651
-0.85873586
0.25792947
-1.6526141
1.0808263
1.9119805
2.7212324
0.3014057
-2.3103256
2.2789555
-0.38901415
3.1664488
1.5867411
1.5377288
1.31475
-2.1465285
-0.6412141
-0.5629518
-0.9360262
-0.1449841
0.6913053
1.203194
1.7396021
-0.3580808
3.0732157
0.47866556
-2.6715693
1.0569233
-0.8462758
1.248681
-1.267046
-0.32510954
-0.46237862
-2.5270703
-1.4438714
-1.8131157
-0.6295001
1.2760937
-2.0474613
2.1078286
2.3612685
0.96175426
-0.20804152
-2.3134894
-0.62058663
0.34111318
-1.301218
-0.83996147
0.9918431
-0.7859617
2.5220094
-4.375076
-1.2058172
-2.2808723
0.033013903
3.3674705
2.1820176
0.68079716
0.5846553
2.5401256
-1.5515283
-1.9988471
3.1469934
-0.67744374
0.287628
-1.656127
5.3488207
1.7627892
0.04215611
-1.1869633
0.6185013
-1.5026891
0.7380661
-1.9315387
-1.0514103
-1.0489677
0.42385867
2.0020154
-1.5897392
0.65045065
-3.640741
0.16976595
2.7738593
-0.41817057
-4.314843
0.23861088
-1.4139198
1.8178861
-1.5000223
0.12313294
-1.6811159
-1.9130877
0.9462687
-2.1855378
-0.40172243
1.2997357
0.93862873
0.7725119
-0.68637156
0.96432453
4.7556562
-0.28790596
-0.87126774
4.713751
-2.0269024
-1.8045039
2.9237506
1.6254157
-0.48971948
1.539861
-0.8488134
-0.44703582
2.4765067
-0.21729401
1.4729283
1.1529074
0.28382108
-0.76788884
-0.25032133
-4.0289083
-0.8016206
-0.9426073
-0.15788037
0.841971
0.11956951
-0.005399693
1.6585205
0.5751106
-1.488211
-1.3952546
-2.2776065
1.9589381
1.5070853
0.57725936
1.4453294
0.2146985
-3.2441278
4.0304184
0.5969248
0.5897244
0.27010053
1.1024994
0.7543255
-0.777386
-1.755684
-0.88142926
1.7862583
0.5937491
-3.098556
-2.6622884
-0.30492038
-2.5253007
1.4957793
3.138586
4.8427052
-0.14455819
-1.8088069
-1.5841621
1.496364
-0.2685144
0.24185689
-1.591292
-1.8604181
-0.7307446
1.5893651
-1.53705
-0.17145109
0.29663664
-0.97989976
1.5648963
0.06047842
3.350386
-0.41830662
-1.7407631
1.3539983
0.41322213
-2.2419205
-1.309981
0.8426323
0.60210013
0.8539419
-1.3448471
1.6392732
0.8728283
1.0250942
-1.109662
-1.100946
-0.35355565
1.4456774
-2.7588
0.10494456
2.1640668
0.03155841
1.059648
1.4847838
1.8118594
-1.3455805
-2.8921127
1.277189
-4.9619737
-1.3972204
-1.4969527
0.33775434
-2.4041827
1.4036041
-4.9134607
-2.910559
2.2052858
-0.5234322
-2.487361
3.9794593
-0.8184493
-1.2641026
-0.58851975
-0.40399826
-0.6688992
-1.6791052
1.29
3.505752
1.3845793
1.0879228
-1.8845613
2.0329175
-0.2790298
2.8436723
0.25869647
-0.66605383
1.1986529
1.0963191
0.23705451
0.44437888
2.0326002
1.0201352
1.6980429
-1.6410149
3.5451982
-1.4243407
1.6248226
1.6867977
2.072097
-0.7026598
1.8620245
-1.2401689
0.76024115
-0.44701314
1.2242862
-0.24749154
-1.8420682
-3.0760548
-2.6989396
2.0214767
-2.6095066
1.080332
0.0053661056
0.6142898
-0.115305655
0.936888
-2.719211
3.8405528
-3.3651829
-1.7979331
0.074553266
-2.7600882
0.67008793
2.0743313
1.1849107
-0.6355501
3.6612196
-3.5634727
-0.042372752
-0.7197394
0.13520005
0.5435548
2.4813006
-0.8170248
3.5872912
-1.3703425
-0.6794085
-0.27401555
-1.0724056
0.18436739
0.6239322
3.3812683
-0.7107099
-0.97445935
-2.5403445
-0.043248765
1.2773074
0.93978983
-0.26403087
1.8503871
-1.2024509
2.3723254
-1.0726466
-0.7061496
-2.865191
0.8319959
-0.56899947
-1.380042
0.7233175
1.441466
0.15017173
1.062121
1.6525192
-0.11670982
-0.6241522
-0.121292636
-3.2510142
0.99579215
0.29254308
1.0137469
-1.2032061
-5.4271626
0.20688994
-2.7695136
1.9806277
3.7751594
1.1064001
0.19801828
-0.46300238
0.5138158
2.1980524
3.1390042
-2.5258446
1.2395802
1.0395863
0.12965414
-1.2022227
2.4861875
-1.2213825
0.40974152
2.5636642
2.088085
3.05926
-0.58086187
-2.2072842
3.7739673
-2.9276688
1.1712292
4.0190406
-4.006036
2.2756417
0.10617453
0.8784013
-4.6427655
-2.6804554
1.1084998
-0.9399258
-3.3598988
1.5114385
-4.846952
0.29670456
0.3840711
-3.8004315
3.0728357
-1.5998857
1.0604523
3.3028438
0.3472126
2.308465
-0.5946984
0.14290544
-3.8114252
-3.5396729
-3.030814
3.1962814
-0.9402516
2.7076075
0.8232256
2.8937354
2.6938818
-0.14042498
-1.4849771
2.3830502
-0.4646463
-2.1972747
-0.03855674
-1.8658962
-0.22861831
0.91711676
-1.0563964
-2.142058
-1.2731035
1.0626441
-1.0808787
-1.462456
3.5173483
1.214995
1.1332724
3.9621363
-1.0307815
0.1095569
-0.19278023
1.6761413
3.104981
0.96903163
2.382935
1.14641
-1.5867549
-0.1364555
1.2496771
-2.1468935
-1.6330359
-1.7564182
1.2136775
0.9931726
-5.753272
-0.21544269
1.2312999
-0.042346068
0.04798775
-0.16626576
2.156399
-0.35317588
-0.5340167
-0.53023094
0.2551533
0.758193
1.1535596
1.817635
-0.096669644
6.3386736
-2.7833836
0.9960436
-0.6294687
-2.8718605
1.0643772
1.9210063
0.85632026
-3.212966
0.25797752
2.217582
-0.087124586
-1.3943166
-2.1633232
0.4919597
0.47184196
-1.8627028
0.36571014
0.9388254
-2.048792
3.2544014
1.1331133
0.6403313
0.0999718
2.4037862
-0.4576899
2.326227
2.995732
1.1588229
-2.257489
-0.5703519
-1.484189
-3.014629
1.7304485
0.17757747
-4.026348
0.83179903
-1.0230619
-3.419617
-1.282968
0.65625656
0.60372573
-3.0863621
4.5568757
0.6275963
-0.07507526
1.2177495
2.0148556
5.1575317
3.2871108
-0.2338086
-2.4317415
-1.7085056
-2.469039
0.568916
-1.4236004
-0.4878757
-1.0539929
-1.3282609
-1.2825761
0.731365
0.64366794
1.1354738
3.235802
1.9587839
-2.0860374
0.15312839
1.6870267
0.85851383
-2.4110281
4.2623878
-0.18399546
4.7282176
3.9820242
4.1761503
-1.9465053
-1.2676286
-1.5207524
0.7358137
-1.4215133
-2.423219
-0.16139308
-1.0580959
4.815069
-0.625503
-0.53921026
0.024229959
-1.0146555
0.680878
2.1473544
1.8293056
-0.045461763
-0.3655885
-0.9238888
1.2348467
-4.8421154
-0.7546587
-3.3786108
-1.3002669
-0.086378194
-0.65569365
3.176499
-0.19011082
0.15100384
-0.94142246
-1.197987
2.0180204
-0.15106899
-1.5698581
2.734842
0.23547477
-1.0571953
1.9637707
0.9729631
-1.9748167
0.077673614
-0.08728834
1.7126966
0.8773764
-1.2614112
0.5220141
1.4263544
2.5744457
0.42492744
-2.2827218
0.96172047
-1.1697636
1.9532927
-4.423014
-1.9862695
-2.3391924
0.72778434
0.64021343
0.65390486
-0.5272709
-2.7167337
-0.94643474
3.4938006
-2.4637346
1.4845738
1.6766582
1.5344958
1.4991025
-1.2584125
-1.4002899
0.65555817
-2.86276
0.7704168
0.44235793
-2.5872152
1.2612574
4.004185
-0.2430858
1.2163248
-0.27917302
1.6645973
3.6287062
-0.6430701
0.0017918423
0.19876587
0.6247376
-0.23813032
-0.9046426
-3.3604536
-2.323448
3.4211588
2.38633
-1.9367564
0.97008044
1.7459837
-1.8259538
-3.036278
1.5339576
-2.6007144
-2.6183717
0.9619486
-1.0656927
-2.7068462
-0.4280542
4.256319
-0.5174108
-0.91928345
0.78314584
1.9117883
-1.0005879
1.1448911
1.5514976
1.3272815
-2.9205246
1.8943521
-1.6530527
1.2940603
0.27160972
1.5527606
1.678799
1.8231537
0.7157953
-2.1925447
1.0623251
2.6364963
-0.8028617
-2.0825665
0.22739631
1.412023
0.6617199
-1.4048721
-3.1971982
0.2779069
-1.3750045
-1.8503183
1.8564965
3.1751387
0.15944667
1.6300687
-2.0780797
0.2539367
1.0596145
0.87781125
-1.4596596
-1.1463847
2.4762805
-2.657603
-1.7849287
-1.2962955
-2.5892599
-0.51460814
-1.1783732
0.2989641
1.3522866
1.7505345
0.98763174
-0.62114197
-0.0815278
0.041667055
-1.0498525
0.032056622
1.4371223
-2.5892348
1.2269299
1.2234353
-1.7473849
-1.9847486
-0.008281767
3.3436518
0.4862505
-2.1168213
-3.5127008
-2.098452
0.40567654
2.8617635
0.71145153
-3.795441
-0.5984009
0.977581
-1.7535774
-0.5336376
-0.35151583
1.6104845
1.6475228
-0.14555997
-1.4754312
2.0584226
-1.2717471
-0.84772515
-0.6233534
-2.2761257
1.6000004
1.2821753
-2.0752752
-1.7193614
-1.3123946
1.5966719
0.1557086
0.054372802
-1.9380672
2.0796947
-2.5507414
-2.101135
1.5807902
-3.085043
-1.8941252
-0.5386938
0.9163258
-1.1893038
0.7061903
-0.21999303
-1.1253847
0.9563192
1.2239455
1.2795556
-1.3357624
-0.22297755
-2.0958934
1.2446725
0.037176847
-1.7588998
-1.7515584
1.2490584
1.2814581
2.2334614
-3.5385869
1.9930301
-1.783654
-2.8210235
2.1593146
3.8490782
0.4102009
1.1388212
-4.3576617
-0.02446483
-0.19504306
-2.4802825
-1.6574936
0.9705383
-0.08981661
-1.1940683
0.84137595
-0.3836577
2.5124881
0.5934643
-3.2812595
1.6470441
1.4555709
-0.44315472
1.1668245
2.8091235
-0.983748
-1.0539396
0.40401977
1.2835126
2.0000255
-1.141995
2.5003784
-1.7701559
-2.4814034
-2.4365063
2.0899863
1.8718134
-4.168708
-0.2176492
0.061596155
0.933554
-1.7889965
1.6680124
-0.84906673
0.45966375
-1.0850838
-0.08725449
1.5655496
2.6213453
0.870279
0.7136714
1.573907
6.5295386
-1.1022377
-2.6479094
-0.20531294
3.3210468
2.1654174
-0.86675024
1.0209385
5.5347276
-3.1054733
0.06988308
-0.40999287
-1.7086506
1.8587195
-1.272721
-0.41989577
-0.59170425
-0.98782855
-0.4296145
5.444922
0.122110456
-1.9636737
0.39875188
-1.8135258
0.06594926
1.5249815
0.017672628
-0.3835696
1.1006235
0.99750006
2.894168
1.9855069
2.5651824
1.0545323
-0.62464947
1.1332546
4.0205665
1.256157
-1.6823845
-0.32696122
-2.1653097
-0.034530055
4.0559554
-1.7243922
1.127985
-1.0501062
-0.2825182
-0.4947129
1.4342285
1.7423493
-0.97392684
-0.49736106
-0.51975334
-0.41792008
-0.24650958
0.566522
0.08268177
-2.2478802
2.1823983
-0.7298838
1.6221675
-2.2046661
0.37470052
-1.4013766
0.9974942
0.97672516
-3.6331434
2.4154825
3.5502338
1.3309616
-0.072401
-2.044148
1.4135635
-3.3853955
2.3423834
2.1934223
0.27450156
1.5635703
2.0804195
1.0239857
-0.036397245
1.2375196
2.4007638
-0.99660647
-0.5103132
-0.16935177
4.9537697
2.0165474
-2.0668106
-1.4880769
-1.397861
1.5837866
-0.8326897
-1.2371973
-3.8986864
-1.3604844
-1.8010702
-0.74189925
-1.5395896
0.8446184
-2.2054167
-1.3998543
-4.253285
2.9154363
2.4875588
-0.02170106
2.2919192
2.2195368
0.7801858
0.4635069
0.16084123
-0.53948003
0.3595847
-0.19465633
-0.111768894
2.7397223
-0.1782031
1.6759415
-0.441782
1.7669542
-0.89476246
-1.9517211
-0.18278545
-0.6769558
-0.00039419532
-0.12661293
-0.15888959
-0.8895528
-2.6686652
0.18897691
1.5259496
3.0115547
1.7926881
-1.9410834
-1.1884303
1.1497288
-2.1337256
-0.49677357
2.3170416
-2.4493096
-0.34312358
4.3093567
3.7335162
-0.5294791
-0.4067107
2.8474607
1.2892848
1.3238022
-1.4795799
0.08654512
2.4062946
0.6569268
-0.15334016
-1.7789383
2.3515394
1.1552902
-2.0311723
-3.3920543
-3.1201391
-0.74830925
-3.4353018
1.5484154
-0.580572
-2.1724753
-0.33471185
-0.89929944
-0.9482705
1.5208197
0.6167213
-1.1123589
3.030051
1.8351882
-1.0027113
-0.18354924
1.4165779
-1.0422848
-2.4891853
-0.6080517
-0.008173645
0.12175463
2.5965357
0.23718512
-0.5658192
0.01862777
-0.9862803
-2.2469592
-0.57931834
1.2597976
0.46434435
-1.580326
0.79138505
-0.26218864
-0.50949025
-0.116550006
-2.2021582
-0.5385978
-3.5727918
-0.7709972
-1.6253769
-0.26493567
1.1178527
-4.4189806
-0.15992966
-3.4082167
0.76137155
0.0032569207
5.268831
-3.5816576
-1.7162533
1.2038852
-0.7729849
0.05302322
-2.0109274
-2.3891284
-0.9052211
2.0636466
0.30865216
-0.13170306
-0.5305038
-1.6132493
-0.4177217
-0.04795438
0.87434185
-1.2339934
3.3654113
-1.7494863
1.1685206
-1.9291624
1.7453384
-1.3843195
-0.7472076
-1.0014806
-4.884305
1.1754956
0.049618818
1.3972859
-1.2781153
2.7443895
-1.6188529
-3.0126364
-2.373621
0.23345889
1.4530793
0.5550062
-0.21264684
1.485864
-1.383369
0.6279967
0.75014937
1.1685513
0.63958174
-1.2328169
-0.73016405
1.4883938
-0.71101266
-1.1645758
1.036221
-1.8589054
1.3420985
-1.2077229
1.7768545
0.38271865
1.9928117
1.2080376
-3.0782979
0.62505305
-0.5938133
0.67800516
1.2834848
-0.26086828
2.9882083
2.8688228
0.24822108
1.8344227
0.36327773
-4.0319123
-0.09876758
1.215767
0.18430632
-1.6208652
-2.3044817
0.64586973
-0.43551764
0.3116993
0.78750676
2.1659937
4.116412
-1.5759788
2.752528
0.83188653
-2.0365233
-3.3388543
2.422098
1.4146272
-2.3672247
-1.3274192
-0.057194233
-2.426359
0.7034256
1.3134649
0.9755401
-1.1493163
-0.56282
0.0040340275
-3.5377128
1.4683744
-0.46127093
-2.7595396
0.3748061
-0.8998688
4.283247
0.03762502
-1.284512
-4.0263314
-1.6328292
-2.654533
-4.554011
-1.8049684
1.4617101
-2.435974
-1.8114926
1.7060485
1.0999835
-1.1214554
-2.872239
1.0481548
1.366122
2.206263
-1.0389196
0.17975035
1.2327511
2.9570158
-0.84125644
-3.5818646
1.8167769
-1.6928676
-1.876215
2.6465669
-2.1987054
-1.8369534
-0.4617936
1.3593979
1.3645142
-1.6413143
-2.1168456
-1.982267
2.8840947
1.5418998
-1.3898938
-0.0833856
2.7361538
0.45113197
-3.3296955
-0.61613333
-1.033367
0.59105754
-1.9293675
1.5049798
-0.7987919
-0.24534762
-1.085306
-2.093997
-1.0733669
0.2902572
-2.1643772
-1.9671402
4.023574
0.24616376
0.028952349
-0.4426874
0.30526042
0.60918987
2.501269
2.3544786
0.96283126
-0.26813275
0.92648375
2.4579835
-0.48715585
-2.591641
3.09614
3.1191602
-1.3214773
0.06139852
-1.4466676
0.12841393
-1.2772795
-0.47098956
1.7385429
-4.5527964
0.28992373
3.8234596
1.4611976
-1.5934969
1.0905738
-0.8259093
1.8759055
-0.51199
-2.7800517
-1.4770823
-0.8549682
-4.454904
1.7676138
-0.68356174
0.23209459
0.033064257
2.6095533
2.4000504
-0.39846647
1.9250519
-1.1129048
0.83905226
2.3537815
-0.61549866
0.012184493
2.8462408
0.22061941
-1.9565605
2.2357306
-0.30286455
0.093503036
-1.2653803
-1.4330925
1.1069412
0.29316062
-2.552903
1.9360399
0.6093175
-1.4707518
3.3593745
-0.4256803
0.38736135
-0.828106
-0.67134506
-0.3063187
-1.5993965
-1.1985657
1.7604097
-1.4790554
1.8903354
1.1476935
-2.1364725
1.2607911
-0.40249836
1.6907922
2.756865
0.68721044
0.21648103
-1.1687582
0.21293068
0.69805616
2.1086864
-1.4428253
1.7217293
-2.3516402
-0.5723764
0.08446022
0.043971486
-0.69160855
-1.8921777
-0.040917333
2.0027628
2.0735054
-2.576981
1.6419756
-0.90429586
-1.5281305
-3.359756
2.3000283
0.067723885
2.6374931
-1.771865
-1.0313144
2.3339894
0.024564624
-0.59338564
0.09385434
-2.1278763
-0.12920924
1.1690787
1.4242529
0.15206511
-0.4627738
-0.20209268
-3.0209408
-0.722006
0.7292592
-2.67161
0.91316056
2.4376197
0.3376359
0.6565619
1.0905935
-0.71319294
2.8147275
3.7629097
0.29597893
-1.6516366
1.7880799
0.48299554
0.46952865
1.175589
-1.3019861
-0.64913446
-4.1904655
0.47276908
-2.3213162
-1.6262536
-1.7592214
-0.11640011
-0.25807422
1.8695253
-2.3533535
-1.4481639
-1.1830093
-1.8260365
2.7530107
0.5898928
1.4291464
-2.4795961
-0.23238711
1.0245857
1.0660237
3.4331129
-0.52477694
-2.688558
-1.3000294
1.1026436
-3.9057403
2.2818282
-0.041198075
0.9919096
0.57840294
3.1765776
-0.21221718
-1.3395907
2.5149486
-0.35829395
-1.2280424
-2.6689029
0.46916953
0.6776723
2.0221128
-0.14333373
0.15745327
-5.1915517
-2.220693
-0.3874995
-2.449709
2.8166513
0.52437055
4.94984
3.6674802
-0.8778147
0.8739347
-3.591457
-0.9277806
2.2208576
0.3925219
-0.16875541
-0.20234321
1.2628828
-0.9952091
-0.16240321
1.224564
-1.8312901
0.6972343
-4.219408
1.4315277
-1.263041
-1.8050443
-0.8777526
-0.3752285
2.7777624
1.4022323
1.1227055
0.10721957
1.916986
1.9041729
-0.08433957
1.2139001
-2.9745388
0.47830364
-1.139429
2.6898806
-0.33938724
-2.1413252
1.7165283
-0.388654
-0.6080231
-1.769191
3.321857
-0.62014765
1.7842925
-0.37451646
1.7784606
1.7936252
-0.3665787
-1.7551339
1.2588869
-0.8992094
-4.385658
-1.5514674
-1.9215887
1.4245131
0.22267489
-1.2109823
1.0653754
-0.6374933
-2.5499008
0.14663608
-3.498382
-0.07871868
-1.2576671
-2.0277812
-0.62923706
1.6644254
4.1730447
0.5268622
-0.15946692
-0.9364104
-0.9114796
-0.7217934
2.13844
-2.9034848
1.3782182
-4.718662
-1.256925
0.7432591
3.699743
-1.305355
-3.264842
0.6861799
1.1841121
-0.09671814
-3.6396108
-2.8168938
-0.7076813
1.9459953
1.6963181
-0.7965756
0.59223217
1.2936839
3.446741
-0.10179561
-3.6705923
0.5699488
1.2190071
-0.5730828
0.7263183
2.203363
0.5524683
0.12989469
-1.0982367
0.7970313
0.20013487
0.30693504
-1.7727643
-4.8308973
-0.079231374
0.95318913
2.059699
0.20613536
-0.98449236
-2.8245208
-1.1209149
3.5172665
-0.3022875
-1.5895085
3.2825687
1.0479085
1.3849941
3.0278625
-1.4966395
-3.3134136
-0.1375834
0.077147245
2.3493214
0.9466052
4.026996
-2.8339553
-0.11022251
0.9121525
-2.514512
-1.2855228
1.8887159
-1.0819265
-4.874673
2.720048
-0.7703483
-1.2084013
-1.0049424
-3.3679025
-1.2933124
-1.967214
-0.63496
-2.692953
-1.8333004
1.5451792
-0.17069435
3.5547578
-1.5966959
-0.22758834
0.7202204
-0.932485
1.2216468
0.37104684
0.15608028
-2.0757644
1.2351896
2.2434425
3.2994108
-0.871351
-1.0614516
0.43266577
-4.0692825
-2.3821957
2.2769344
-0.10515865
-1.0135404
0.88879526
-0.4793055
-4.2323933
-3.1822643
-2.7689192
-3.105589
-2.0712605
-1.5651187
2.7406332
0.34088168
-1.5319921
1.7425882
4.009029
0.49477968
-1.3456901
-4.3145638
0.61965936
-0.673918
1.3330773
-0.010374956
-0.074607626
-0.7270927
-1.4455878
-1.5091306
-2.699915
1.1199098
0.6178358
-0.5865917
-0.29044232
-1.8063586
-0.39948794
0.43258294
-2.6827667
1.0282066
0.57181704
2.1416204
1.3331431
-2.1252084
2.5109258
0.68771625
-0.48569387
1.4882064
-1.4950188
1.0511891
-2.2545502
2.0796006
1.1872778
-2.8234813
-2.3968813
0.3998916
1.6488626
2.1724386
-0.4260401
-1.2004956
3.6408818
-1.504965
-2.0451674
3.796972
6.435107
-1.791045
0.5152151
4.540658
-0.7969797
4.587278
1.2209986
-0.29110932
-0.3984548
-2.4721448
2.4230273
-1.2138668
-0.828372
-0.5291675
0.38873222
-0.8306323
0.010477699
1.3596829
-1.4957348
1.3925914
2.4191716
2.706476
-1.5492891
0.089933515
-3.273434
2.647241
1.028629
2.7434294
0.28753516
0.04588264
0.2638247
0.8870961
-2.5262213
2.7227323
-2.400057
-2.7980587
2.6169937
-1.8431364
1.0491664
0.98923236
-2.603153
-2.1677334
1.4276476
-1.241476
-0.41161126
0.99917185
-3.0988312
0.40782633
0.016364329
-0.87387216
2.2672412
-1.7091583
1.1925058
-0.42004028
-2.989898
1.2853528
0.34716704
-0.6417165
-3.106985
-0.43045104
-0.7013687
-1.0063294
0.20611235
-0.6751896
1.3513035
-0.53055334
1.1248167
2.7403405
-1.9742756
-1.2937213
-1.4650396
1.8110982
0.3869606
1.6306273
1.1428734
1.7142133
-2.0000157
-1.6408229
0.9790666
1.6635677
5.1380754
0.72877765
0.23802386
0.87738407
1.1266361
0.77027404
1.9215868
2.1420174
-1.7307478
1.3483676
-1.3127717
-1.3842396
1.0856236
5.2704597
-2.48699
-1.1774625
1.1513983
-0.9625578
-2.5475698
0.32641286
0.2394124
-2.4512298
-0.65283793
-4.4738607
1.8428332
0.24773133
0.5661273
-0.30857944
-1.4074701
-2.5679047
-0.7373317
-3.815377
2.2026134
0.6605084
0.730547
0.373552
-2.608577
-0.7084487
-2.7856781
-2.380259
-3.8736672
0.09721056
-1.068585
1.1299994
0.91719216
2.7460878
-1.7905923
0.47546062
0.17254636
-0.27521476
0.32876688
2.5653253
0.7806264
-2.9655652
1.5190725
-2.5627813
-0.2788031
-0.5305835
2.3024838
2.1638134
0.4869554
-1.8194658
-1.9696455
-1.3895626
2.8076186
-2.3101473
-1.7696316
0.06002546
0.3787682
-0.28956
-1.1733041
-0.5549937
5.6053376
-0.050732814
-1.4080118
-2.998449
1.272041
2.3072338
0.831706
-0.7736955
-2.1160038
-2.0628638
-1.7775091
-1.2555933
1.4467224
-2.4530232
-1.5149852
1.4329542
2.7148418
2.4143991
1.16852
0.61850375
-1.1623747
1.2466196
-0.14351536
0.4387635
-2.4096954
-1.6588604
1.5490719
0.46788892
0.806527
0.5053747
-1.1049155
-1.1116369
0.6919914
-1.2587948
-1.2537649
-0.8095214
-0.93741184
-0.6684547
3.2937872
1.5970975
2.323335
0.39037028
0.63801944
-1.8504043
2.4263346
2.0700908
-1.3161836
0.22463953
-0.31275406
2.5183072
3.9413157
1.090828
0.5351598
-1.2817917
-1.7091508
1.5016851
0.4852271
1.5609522
0.22370538
0.30329323
1.5754588
1.010176
2.3875108
1.1762983
0.019794315
-0.90188557
0.8350605
-0.36671758
-2.7881877
-0.82152253
-0.053296544
1.5836048
-1.1073151
0.4950234
-0.01854328
-2.123345
1.2991382
-1.0231934
1.1732621
0.8250555
2.199761
-1.3285081
1.5209435
1.7175786
2.387807
-0.22268122
0.8709041
0.7888142
-0.81205374
-0.5963975
-1.9224132
4.818732
-1.7118943
2.768678
1.8169677
-2.4220912
-2.4592676
-2.493395
-1.4747705
-0.5692811
4.7901134
-1.1472377
-1.099161
4.1806912
0.19220033
-0.15725188
4.96225
0.1829741
-1.0218377
0.55793464
-1.2071576
-0.20416719
0.06954688
0.251186
2.099526
-2.0665648
-1.6566852
-0.60042495
2.4011636
-0.69746625
0.26518807
1.8608071
-4.285621
0.14321908
-0.24921486
2.8559425
1.3595439
-1.8119868
0.088049516
-2.151161
1.7093697
2.8226101
0.8244539
-2.7111506
0.8127198
0.6440798
2.4356792
-0.09183862
0.52278656
-0.5000069
-0.61429465
0.1602885
1.2415643
-4.2735558
-0.64845014
-1.8380775
2.534001
-1.6900058
0.010016955
0.33969036
-1.9394695
-1.5797849
0.73971546
1.5719466
0.6765677
3.1697764
-2.367228
0.33581972
-1.5699987
-3.4006445
-2.498847
0.079259194
0.93695664
0.3103093
-1.0321722
-2.6784744
-2.451579
0.12771472
-0.60526276
1.9113083
-0.5112593
-0.7982062
2.62853
-0.5153001
4.1771502
-0.8838588
1.1766795
0.35473546
-1.3891779
-1.1636587
2.513643
2.4260962
-0.46865433
2.0407953
-1.9107796
0.12822226
3.4003448
1.0089134
1.47684
-4.719682
-1.9983459
-0.21197692
1.6571205
0.9516537
1.2757099
1.4345516
-0.3025628
-0.6135832
0.73850226
0.33774856
0.3225598
-2.4027789
-0.17850532
2.0655334
3.4899836
-1.1152492
-2.635112
5.287997
-1.9355367
-0.06634975
-0.007817529
-0.34608215
1.2557214
1.2850362
3.4897978
1.6029305
0.7567182
0.60467273
4.3120036
-0.28747672
1.1489086
-0.65009886
0.2107439
1.2768126
-1.5008085
-1.9804624
-0.68523866
-1.8911409
-1.0422486
-1.0360081
-1.2111808
-0.5523865
-2.1954672
-0.17066598
2.3862643
-4.0932665
-1.9592342
0.49778342
0.87587184
-0.90291256
0.6190031
1.173774
-2.0167837
-3.1584105
-0.66470075
0.97041833
-0.55527294
2.2529697
-2.9283128
0.5328184
0.87065506
-1.1147054
-2.468965
-0.60835725
1.2414485
1.2946512
0.18351887
3.828187
1.6717807
2.9754722
-1.1489989
0.73854643
-0.40179554
-0.29457268
-2.7268069
1.1874026
0.4840534
-0.74540895
-1.5873666
-5.8793936
-1.7335347
-3.891765
-4.900643
-2.218348
-3.1202118
3.407558
-0.73429006
-2.631526
5.399714
2.511882
2.7260578
1.4755329
0.6893215
-2.5101035
1.7376885
1.3970234
1.1172003
0.38283592
1.2535228
0.62639123
-2.0780158
-1.6316956
1.4128858
2.199676
-0.9967383
2.966946
2.749717
0.64555675
2.789731
-0.6962056
-1.160106
-1.1410155
0.6338267
-3.9437764
-1.0052483
-1.4733504
-1.1281277
-3.0769763
-0.9596821
-1.098021
-1.4822383
0.744892
1.0528154
-0.84065497
-0.2708659
2.5264702
2.3221672
3.0527642
5.750194
2.5011277
0.52919954
1.8305382
2.011988
-0.86157125
0.43084547
1.1361347
0.595499
-1.4909766
1.459328
1.6037233
-0.68342036
3.8371778
0.59009343
0.8542378
-1.2693583
-0.8379396
-0.9756376
0.012673594
0.74584544
-2.4642227
4.0895157
-0.77622646
-0.30874717
1.5691041
1.8919443
1.0324612
-4.119768
2.6889412
3.084852
0.77226377
-1.9915644
-1.9156951
-1.915451
2.0088997
-0.7353486
1.3641261
3.1334815
-0.7755887
1.7331445
-0.86165136
1.3903495
-0.5135436
-0.85074306
3.8432834
-2.7621157
0.99460745
-0.16096249
-2.1168764
0.68554413
-0.79026735
-1.5950296
-1.8430535
0.31619686
1.140831
0.8552093
-0.21210518
0.9676217
-1.3758037
-0.67331445
-1.6409206
1.6510442
-0.9383045
1.025725
-0.79360694
1.206797
-3.0742345
4.2302876
0.35777324
1.4571315
-0.93222624
-1.1598597
1.5646824
0.14957371
-2.0122228
-0.52407783
-2.7684655
-0.12821761
-0.7152985
0.013023391
-2.0269713
-2.00873
0.11941984
-3.93447
1.1831223
4.601238
2.6757298
0.49729457
-0.27394584
-6.214625
0.5949837
1.375287
2.8733222
-1.420991
1.7208326
0.09973618
2.0089593
-0.21461394
2.47318
3.2286115
-0.7852311
-1.4760609
0.10926983
1.7968109
-0.36273107
2.383403
0.2446376
0.571297
-0.105114326
0.2672919
-1.0666285
2.556124
-0.602723
-1.6910477
-2.2957406
2.614127
1.6504071
0.3914911
2.3261223
-0.79918444
2.5763023
-0.68147385
-0.920349
-2.541131
-3.1522334
0.40295762
-3.8958972
-0.37498546
0.58794165
-2.885096
-0.93106633
1.8576244
-0.79477394
1.1798191
1.1912872
-0.0018795729
-1.9529504
3.1595182
-1.0905105
1.1836846
-3.0068424
-1.9665577
-0.8655764
-1.8731593
-2.0681207
3.3580534
1.1207083
-0.66280735
-1.893001
1.8225001
-2.314778
-3.0709124
-2.7695446
-2.8146386
-0.43403727
0.2309522
-1.9460136
1.476581
0.23432776
1.2252344
-0.22473916
2.0963516
-0.43238232
2.8698714
-3.4576225
-0.3121663
0.052646942
0.13969061
-0.44858113
0.5115565
0.67521256
1.9680777
-0.15141627
1.3521357
-0.5178468
1.9426459
-5.1491323
-1.6084319
-2.6831155
1.6269693
0.63844675
0.61760366
-1.2115968
-0.0128374845
-2.6960764
0.6200893
0.9763351
-1.0159453
0.43218708
-2.6358483
-2.1029449
-0.23583615
-2.5489671
0.8200584
1.7842611
-2.7262657
-1.5004971
-1.576712
-3.680535
3.169665
2.5788836
-1.3170924
-0.85965955
-2.3735948
-3.4900541
0.024357684
1.8856649
2.7962468
-1.5565379
1.720255
-0.91394794
0.89786327
0.74460346
-0.7698585
-0.40923116
-3.7237136
-2.692013
2.4238734
-2.0841784
0.38665852
2.7766304
3.438241
-1.0742685
-0.065859325
-0.29438144
-0.36972654
-1.2424811
-0.55429083
0.33064112
-3.9020202
-0.92019314
-1.5429978
-0.43013775
-3.7975101
-3.3228858
0.055642813
-2.2592642
3.9190578
4.144133
2.1736407
1.3389801
-2.115267
1.5761653
2.061827
-0.406415
-3.7746992
3.0112941
0.46891433
0.385884
1.7527745
-1.2715232
3.0987682
-2.065062
-2.8952162
2.195959
-0.21919817
0.69135714
-0.06109666
0.103729144
1.0280398
-0.39967448
4.009674
3.6113284
-0.9948981
0.32945722
-1.9091735
-2.1224437
0.7245574
-1.6268044
1.5527636
1.7455416
-1.3221022
2.650874
1.404325
1.291055
1.1357697
1.2751749
-2.3434458
3.0080957
-2.0939376
1.3298217
-3.343793
-2.3722327
-1.301129
0.19548026
-2.4264038
0.18586263
2.5495012
-1.2573766
-2.758078
0.5498729
1.6309438
2.3193274
1.2349399
-0.8863702
0.9489384
2.4752257
0.53269583
0.725666
-0.33939788
1.0379101
0.24133664
0.9049829
-2.1382744
0.5232352
-3.386035
-1.2410035
-0.89288324
-1.7746451
-0.7611003
0.15865548
2.3147142
3.5861213
2.789143
0.04749471
-1.6483916
-2.3517864
1.6293267
1.5151494
1.5696025
0.44940707
-0.103494465
-2.158568
1.2574804
1.3257943
-1.0937291
2.5012965
0.9459073
-2.2203252
-3.725577
-1.9735155
0.5105191
-2.1443706
-0.14290448
-1.2797539
-1.1324637
0.5279177
-1.0965176
0.0005623475
3.268994
-1.8855289
1.2393875
1.4488337
-1.0794722
0.5066451
-4.6974897
0.85358906
-3.0057225
-0.96927047
0.23972492
0.58334583
1.748341
-0.03410887
-0.5189343
-2.2716804
-0.23795515
-3.179565
-1.2175014
1.3900214
0.0637058
-1.4930577
0.20400377
2.4369228
-1.2999957
-1.6662577
0.21879995
-2.5687728
0.049676828
1.5369549
-0.48716572
-1.3939208
-1.8834838
3.0408354
-0.7029947
0.70719075
-0.35716978
2.922382
2.1340246
1.3717906
-0.49304274
0.43448982
0.77764523
2.1842043
-1.8074334
0.56026745
-1.0467561
-4.714226
-5.9918227
0.016281806
-0.7352323
-2.4198248
3.068858
-3.6555498
0.40887487
2.7084816
-1.3458393
0.048456542
-2.6583593
1.0058284
1.9358728
0.2055039
-0.4092213
-2.962531
2.0111232
0.38016987
0.40040594
3.2112164
0.47873518
-1.4363818
-3.6051812
-2.6837738
-2.1754375
-1.7914112
-3.2845058
1.8151433
-0.9018281
1.0677913
1.6592512
3.8553042
-2.4247506
0.6192316
0.7172044
-3.9861252
-0.15242144
1.9273742
0.67254734
2.7125745
-1.8215183
1.4061241
-2.1614275
-1.3754631
-0.30210593
-2.1595013
-1.6964128
-1.0128942
0.229447
0.8316816
-0.4476167
-0.7468775
-2.0238752
1.6364458
0.04396677
-0.8346175
3.664937
-3.815338
-2.040362
-3.6982005
1.7774271
-0.22769548
0.6485662
2.3744602
2.6733227
-2.2803824
-0.8832136
0.051134005
-0.48656017
-0.68214256
-1.8147988
-1.2632916
0.8899559
2.2850251
0.054807052
1.0519344
0.39550877
-1.8843145
0.14706951
-1.7811655
1.4115367
-0.44759426
2.251445
0.33961964
-0.45399976
1.8765993
0.043454252
0.79734135
-1.9339944
-0.2745276
0.83460873
0.00662791
-0.7626047
-4.603436
0.63366896
0.98484427
1.3526548
1.7564174
-1.259298
0.8028129
-0.41151285
-0.42146623
-0.087918796
0.34240398
-2.630477
-2.4587924
1.9310402
0.6715745
-1.9609336
-1.0100715
0.87847555
0.61202055
-3.5015
0.8036361
3.0185344
-1.2018381
2.441233
-2.153771
-1.3171204
-0.855596
-0.9102561
-0.60193425
0.74657726
1.2267909
0.21691775
-1.4553558
4.047709
0.43145376
-3.0703802
-2.3708801
3.954644
1.0085988
-1.1870778
-0.20535395
2.648565
-0.5269363
2.8196187
0.5905431
0.7995108
1.3664675
-0.8691839
-1.701133
-0.44166398
-0.24557641
4.2598734
-1.0207392
0.913224
-2.1798847
-2.469842
-1.6224743
1.0341485
-1.8126432
-0.27851045
-0.7310529
-2.9236693
-0.8147753
1.9711246
-2.6326253
-0.28067046
-0.62126493
-1.4757559
4.49161
2.8251896
2.4996946
-0.2944234
0.029938221
-0.8652809
-0.28364056
-0.24752983
0.4939003
-0.6536349
-0.19507936
1.2303838
0.41315252
-1.041512
0.8587221
3.8057597
1.0040886
-1.4905965
-1.223866
-3.8009117
0.22487316
-2.3792741
1.2587885
4.5524244
1.9435184
0.5805875
1.3134212
0.16117601
-2.5746865
3.8207061
-1.9894826
3.8148682
-0.40423122
0.3221745
1.7418209
0.47619668
-1.2702838
2.3708127
1.2619293
-0.52394867
-2.3370676
1.6211103
1.7709194
0.061910287
2.7297602
-2.1124673
0.6637842
0.23501128
-0.5301614
3.030011
1.3450166
-2.1086793
-0.8102979
-0.85481066
-1.5901479
3.6714718
2.6032183
2.0764158
2.6749356
0.17491809
-1.7265192
0.5940293
3.0736554
-0.46095213
-2.5511956
1.4598532
-0.5140368
-0.7131053
0.82166594
1.7322632
1.4804217
-0.00598453
-2.8436682
-3.1573386
0.8562971
0.31552285
-0.036609434
0.7039853
1.973847
3.0991166
0.15436895
-0.12813145
-2.3149385
3.4438155
2.2595062
0.66876286
0.71313673
-0.5886963
1.8800482
-0.8662027
-3.5506291
-2.0665128
-3.103689
3.431308
3.169272
-0.5195557
-1.073293
2.3544688
-0.67421216
2.4553065
-0.6509043
-2.4975681
-1.2107022
1.805034
0.0337545
2.6948576
4.2283936
2.289735
2.648931
1.4645396
2.6191447
-0.24339665
-1.5637659
-1.4193311
-2.99694
0.22681181
-0.16164142
2.0374327
-2.1077566
-1.2133883
1.9864542
-0.56018317
-3.5715153
1.6351378
0.31462753
1.968698
-0.4250223
-2.2331305
0.063836336
0.8170457
-2.2698827
-0.64039314
-0.6430929
0.3081809
-0.6251693
1.8542174
0.6173892
0.29370275
0.8501872
-0.82924914
0.51620483
-2.195782
-0.2565626
-0.54336214
-2.459622
3.3918903