Glaomus
3
-0.3308876
-3.2687378
-1.3836443
-3.16059
-2.0012195
-0.4891501
2.9931524
3.6286302
0.37590164
-0.31121624
-0.18904635
-0.666782
-0.39820558
-1.4344683
-0.47160494
3.0770724
1.1845233
3.6708467
-0.4519648
-1.3884825
1.9559194
-0.78867555
-1.6409407
1.3072431
0.35976928
1.2688859
-2.5122933
0.5546718
1.4924912
-0.639053
-1.6462392
0.56116414
2.1261694
1.2075217
3.685779
0.23659101
1.1591693
-1.3462466
0.52416474
-1.5633739
-2.5156474
-0.7302954
0.0145507455
2.6347888
-4.3510857
-1.7587577
0.70822066
-0.69662863
2.3427737
1.03198
1.1492517
-1.801727
-2.4865334
0.526104
2.9507227
-1.2118195
1.1940175
-1.3755335
-0.06431783
-1.086125
1.9315588
-3.296787
2.429182
0.18511564
-2.0209017
1.7462192
-3.039372
1.6024817
-3.075112
-1.9691061
0.24268031
-0.19777703
-0.903361
1.2163794
-4.1607604
0.8628187
1.9409373
1.1539769
-1.729722
3.3832605
-2.1739066
-3.579475
0.6234104
1.6537694
-2.0898435
0.58176214
2.4310136
-2.5995948
2.0836282
-0.22364396
-1.2467625
-0.22788316
-0.7584974
-0.08687545
0.08020843
-3.4984457
-4.676547
1.6983304
-2.781034
0.062977485
0.42624733
0.2865405
-1.2122085
0.5110401
-1.9658622
1.9421893
-0.90688986
1.7823695
-0.40806717
2.1204624
2.7201302
-0.11734947
-0.63185346
-0.8880629
-2.3235402
-0.8962629
-0.7323135
3.474142
2.5949724
1.3904059
1.399334
-0.9597403
2.4699705
1.6549541
0.36564347
0.8822796
0.6028873
3.8642952
0.0020846985
-1.5497241
-1.7709311
1.1203055
0.39297432
-0.96617204
1.9352336
-0.11824866
-2.0101593
0.19552952
0.9555927
-2.1430643
0.8507862
1.0411818
-0.039109178
-0.8159789
-0.18771976
-1.255482
-0.6714689
1.5944506
-4.441026
-2.6897929
-3.9559298
-0.74955094
-0.44926247
-0.26871318
-1.5617409
1.8971777
-0.7280467
0.59043854
6.089403
-0.9041774
1.7485944
-0.7477955
-2.0978572
0.56884927
-1.4534272
1.5390636
-0.89570385
-0.22923125
-1.0680791
-1.1035724
-2.6492295
4.0732045
-1.3246045
-2.710852
1.2356117
-1.964873
0.24502143
1.4380206
0.5857555
0.30992517
0.8206472
-0.22007877
1.7716001
-0.52703667
-0.43971798
1.6394317
1.4056319
-6.239202
1.8897071
-1.0070727
-2.659422
-1.509069
-0.6244313
4.3144045
-2.7914
0.40105188
-1.2096785
-0.48699927
-0.45466435
0.7573051
-0.19775555
1.0684153
3.713829
-1.8110702
1.7312307
2.1240077
-3.3791883
-2.2439394
-1.171779
3.200723
-3.9167945
-2.0333512
-1.0404052
0.0142432
-2.690249
1.4164451
-1.6002959
-1.530532
-1.57342
-0.018901296
-2.9250302
-1.3663855
-1.8466605
2.1319578
2.7489161
-0.8442186
2.5209658
-0.098046996
1.8753874
-2.6271827
-0.73697764
3.5982814
0.98817617
-2.9267275
3.3750672
2.2317874
1.671605
-0.23965582
0.025215022
-1.4313016
0.25824553
1.6101846
-2.7905636
-0.17026667
-2.2350993
5.1805377
3.1429574
1.4483105
1.3736616
0.69622797
-0.809248
-0.51812565
0.012316547
1.0926085
3.696169
0.2819904
-1.9714626
1.8115122
-1.1226817
-4.047093
-0.67246217
3.0189323
2.4845917
0.73907185
2.4327092
0.40417278
-0.8233812
-2.442534
0.9954038
1.5116551
0.30012575
-0.87525743
4.067099
1.0266784
2.072671
3.4998968
0.27464622
-0.18576518
0.11179002
2.0359962
-6.142543
-3.8077793
0.65849006
3.0889533
-2.8938968
-1.0667841
0.21037467
-0.56308764
0.0054267533
0.11497289
-0.049474433
-1.1489321
1.2866971
-0.16453084
0.8239215
0.9002889
-1.8405044
2.7173312
3.7414424
3.0883
1.2415729
1.5374265
-1.8080442
3.3908026
0.5512237
1.2775798
0.00049611926
-1.7891756
-2.16392
-0.5747807
0.9219681
-0.66829324
1.7262037
2.1653726
3.1402845
-1.9765654
0.7749174
0.26991224
1.1066265
3.9401526
1.1554439
-0.9349896
-1.1853997
1.3717432
4.3421245
-0.17032406
3.4543421
2.5567305
-0.5566356
-0.2031299
-1.0774021
0.2548775
0.9362786
-0.054472484
0.7452286
-0.92713624
-0.3952279
0.4715146
-1.285877
-0.079525776
4.4161005
4.106189
0.19109458
1.0420685
-3.9315848
0.10935494
2.453426
3.9859235
0.07278276
-0.019897722
-2.273706
-0.13644943
-1.0700496
0.79373854
0.9429613
2.4501345
-2.2772279
1.3944488
-0.22688499
-0.7195372
-0.94383615
2.8099313
-0.8276463
0.31090572
0.7575314
-2.9435575
2.5783398
-3.2318847
0.532355
1.6857817
1.9340365
1.3965718
1.7791489
0.984732
1.8149275
-0.148657
-0.2705683
0.46747917
-1.2141192
1.4975451
-0.9742566
1.438761
1.5346018
-1.7580101
0.725127
1.6992483
0.026850782
-1.490145
2.482983
2.1109326
0.028516322
-1.714859
2.0165172
1.7069532
-0.5774773
2.7665992
-1.8144748
0.57732356
-0.7158934
-3.4141471
-0.20737532
2.0811186
-2.1026485
0.9255907
-0.3738983
-1.5536302
2.5721493
3.1305175
-0.23927444
-1.2212743
-0.19049105
-1.385341
1.0469167
3.7454684
0.039606534
0.7167946
1.7319533
2.8986187
3.2384822
-1.9722062
-0.467366
-1.0036262
-0.38990554
3.1073327
3.4778757
3.5876658
-0.3894854
0.26453885
3.4701152
-0.67214316
-1.6174542
-4.6450686
-0.9695097
1.0162486
-0.64774805
4.8655276
-0.41303894
3.3351963
-1.5313683
-0.8918759
-1.8880312
0.3385114
-2.6038194
-1.947109
-0.9496867
0.87402153
3.9752824
-0.5538703
-0.7924176
0.2805837
1.4801067
1.4210361
1.2942444
0.070373386
3.0661447
0.74254197
-1.580447
1.8673753
-2.7927706
0.08189089
1.1901869
-1.4980491
1.3003304
1.3354555
-0.774817
-0.08659479
1.662952
0.3207324
0.92773646
-0.23619843
2.3064332
-3.0947797
1.0676146
-1.4375246
-2.0567942
1.4251288
-2.714453
0.624522
-1.8479744
1.7640059
-0.025049478
1.2731361
4.288428
-0.7537642
-1.0849475
1.3493886
-0.45701182
-1.8769366
1.1551436
0.060866155
1.0160146
4.9881406
1.9252781
-0.030604448
0.45277312
2.7084846
-0.12201779
2.0724854
-1.2378308
-2.2462296
0.090371735
0.7769595
0.3683529
-0.10175017
1.1073118
1.5753949
-2.4758716
0.6218831
3.1216702
-3.2633307
0.13671052
1.0710832
1.3620976
-1.1923196
-1.3331401
-0.38692427
-2.401168
0.6984296
-1.9678879
0.09469225
-2.1841981
2.459338
-0.22513652
-2.3918295
-0.105386265
2.0785806
-0.016250744
1.2125132
1.0857419
-0.9861588
-1.7621474
0.2490985
0.1531268
-1.3696849
2.8267868
0.020186312
-0.026762575
1.5996528
-0.2515213
-0.39750388
-0.2903124
-2.9130046
-1.0802846
0.81018174
4.820884
-0.5099654
2.4631336
0.88503444
-1.09264
-0.199855
-0.52472407
-2.7092106
0.98183423
-1.0234798
2.6522417
-0.34184846
-1.5122414
0.06641626
1.3703146
-1.6259314
-1.5335892
-1.0988523
1.407348
1.203528
-1.5978576
1.9543016
-2.1225276
0.5178734
-1.3185557
-0.04190276
-3.460044
-1.8816824
1.3636338
2.1508572
3.5102582
1.5241004
-0.32046884
-1.7393261
2.0143156
0.54722834
-2.7481413
2.1193855
-1.6088258
0.6804614
-0.4829033
-0.2621895
-1.0293247
-0.21793607
-0.59562135
5.0432725
-1.3625063
0.9187834
1.1932182
-2.5722528
-0.35351998
-1.3224523
0.034975834
2.2082958
-1.1468068
2.574988
-0.24588151
1.45966
-2.8763454
1.7718129
0.5265823
2.4097805
2.587144
2.274976
-0.8105574
1.7483646
-0.12626801
1.2224755
-0.24683477
-0.7741148
1.1887435
0.24258344
1.9548473
-2.8765912
0.6562868
-1.157128
-2.448708
-1.72058
3.513554
-0.041267738
1.1851087
-0.31325668
2.89375
0.14572132
-0.7501903
1.1466215
1.0940353
3.3309593
2.6193802
0.5451565
0.5293243
1.142481
3.385342
-0.501255
-2.1704433
0.06747169
-2.2187698
1.4020905
2.0317953
-2.1186435
1.5761417
0.57728875
1.4876842
0.29902762
0.7953586
3.2858698
1.0438073
1.6348329
-1.1472443
1.2747828
-2.9467368
2.239318
1.4530902
-0.59803843
0.3384018
0.18508813
-0.415012
2.1931949
1.0796505
-3.6677387
-2.83815
1.6869825
-1.7477593
0.57425964
-2.2065828
1.7566788
-0.706368
0.41941684
1.5530604
-0.7202221
2.0778334
-0.6501783
-0.45032313
-2.3113322
-0.7374613
-0.31635034
3.52933
-1.0359894
3.2960863
-2.572406
1.1126922
1.0586904
-2.6677399
4.4849663
1.0861466
0.13616455
1.1800898
0.072484806
1.3355649
5.019783
-1.8900871
-4.288081
-1.063771
-1.5524496
-0.49392593
0.63085586
-1.4785659
2.9035108
0.54597306
-1.8926063
-3.8053646
2.6975605
-2.6038256
2.9318433
-1.7285911
-0.4019353
3.087416
0.86691236
0.03577642
1.5689036
1.4103856
0.26101965
-0.5576431
0.60074705
0.560449
-0.9307475
-0.065634966
-1.1212918
-0.4832368
2.79826
3.3787246
-1.5132856
-1.650146
-0.8337369
-0.024277478
-1.32736
-1.5068411
1.360654
-2.5299237
-2.8284037
2.7054815
1.7320844
-3.4777844
-1.7241769
-0.8551732
-1.7469195
-0.23229629
0.8723718
1.2730664
0.60785234
0.45673782
3.0195396
0.81670314
3.084739
0.07091771
-2.8104038
2.7441795
3.1225686
2.0513597
-2.9322853
1.3041672
1.6666132
1.6883154
-0.32872617
-0.5160235
0.964277
-2.0759213
0.3298666
3.6697927
1.566048
-4.6069646
1.7791793
2.4321933
1.8443315
-0.43249857
-1.802114
-1.8373526
-3.4745092
-2.4040682
-5.149956
0.54770875
0.23272656
0.5846963
-1.0846174
1.6060231
1.3471848
-1.0859312
-1.5514032
-1.1785774
-0.84868526
-2.221426
2.8755379
-1.8350928
3.610965
-1.5389785
1.0473307
-0.8534659
-0.21314818
0.20190597
1.1687587
1.7823217
1.5034051
-1.9302986
0.9765192
-0.3087535
-0.47469085
-1.1831224
-0.00026520342
0.78995335
-1.4366014
-2.012993
2.5818686
-1.0750703
-0.6600892
0.24092251
-0.4300649
-1.8595536
1.0232478
-0.9139594
-0.7925149
-1.8805553
-0.9427957
2.2733338
-2.7713113
-3.0618367
-3.666092
0.1648753
2.278284
-0.7630406
1.1355954
1.0324231
-0.9235556
1.9315994
-1.7056112
-1.0973797
-1.3638407
1.9499019
0.94309646
1.177737
0.22422558
0.016683266
-2.354492
-1.0531607
0.17746562
0.40586168
-3.2608461
1.8041297
-2.6522057
0.30501285
-2.0560005
-1.5738671
0.6621337
-2.4542081
2.8258312
-0.320923
1.3335276
-0.55602384
3.5672965
-2.4810982
-0.7546657
1.5882638
0.7992192
-1.7058502
-1.4856195
0.51197183
3.883714
-3.286959
-1.3298672
2.6759822
-0.6113072
-1.792132
0.8822202
0.854759
3.1178746
1.917654
1.296294
-1.4629358
0.5289386
2.314481
-0.6830427
-2.4815009
1.8729146
-2.414178
2.5762312
1.521333
-2.8737452
-0.35745403
2.9497957
1.440641
1.8331519
-2.2800162
0.63111204
0.63924783
0.2223468
-0.2733301
-0.88437897
0.90780795
1.2643741
-2.6585574
0.29331264
1.7485241
4.013459
1.2658774
-0.37332478
-0.27969468
1.8979211
3.1720188
-0.46104467
-3.8264797
-3.5380833
-3.3996506
-0.53682363
-0.41940314
1.9892561
-0.6144591
0.18992677
1.7391617
0.80614424
0.48009756
-1.3312972
-4.8962665
-0.39836237
-1.4069809
-0.63245714
1.0057836
1.5949029
1.0103604
-2.1363783
-1.7376025
-2.071537
2.0155275
3.3114479
-2.021409
-1.7630459
0.010499369
-3.4699163
1.5965517
3.1246722
0.49924612
-1.0021156
1.6145587
0.52423227
-2.2817237
2.3770096
-0.86585486
1.1539649
-2.7956932
-1.0545514
2.0166616
-2.8111718
-0.63050234
3.4736757
4.289545
2.4627697
1.0381693
3.0474029
-2.6845803
0.73787415
-0.5095504
0.08602465
-1.3899926
-2.5718071
0.8953397
5.896359
1.50164
-1.2005744
-0.4612493
-0.44997573
-0.30976686
-1.5218611
-0.7525151
-1.078851
-1.353987
-1.8743703
0.34861955
0.80439794
0.3949701
2.2989342
-1.4150914
5.485607
-2.7281308
-0.4564226
1.2535169
-0.59870696
0.11679806
-3.2640324
0.615594
3.0765152
-0.16245627
0.109269276
0.52047545
-2.3112566
-1.2200606
-0.8309477
0.9883295
3.0757232
-0.17084615
4.702864
-1.8898462
-0.04169993
-0.2760693
2.6836357
-0.7719129
-1.2737899
0.6427368
-2.0402403
-0.29651734
-2.1264226
-0.2909701
1.9686683
1.336138
3.4294083
-1.2151473
0.72875565
0.84308934
-1.7351787
2.2055912
-0.523784
-2.643134
2.1283965
-3.0829606
0.09589142
-0.0791515
2.638433
0.33077577
-0.5187558
-0.2652445
0.52243066
-4.1058116
0.22876859
-2.720561
0.5055061
1.7864946
1.1168566
-0.32252926
0.99345505
-1.0532227
0.98560727
-1.5696112
-1.1107342
2.0866504
-1.9185017
-1.1321803
0.45743525
-1.2563368
-0.47270137
-2.007314
1.8934183
0.70861095
-0.08809911
0.8960117
0.25163916
1.405595
1.9880042
-1.4891981
2.4635637
1.1302463
1.0530872
-1.8733505
-3.3626475
-4.8248343
2.3098407
-1.9148344
-1.1970671
0.9522391
-0.021495871
0.27468824
-1.8514198
1.743535
-0.6372874
-1.2111554
4.6180234
-3.9594223
-0.3392201
0.3459238
-1.6902872
3.951704
0.078421205
0.4314624
-1.2500886
1.33176
-0.9357084
2.6005595
1.4323646
0.17405103
-0.13383527
1.0104783
0.14572577
-0.28042242
1.1801344
-0.9897838
-5.963063
-0.3738724
-0.35420084
-0.64496654
1.3932362
-0.99771434
0.50077933
-1.58024
1.3394716
-1.4225395
0.95626426
0.11238986
-0.6238364
0.4445811
-1.6212717
-3.6263204
-0.56802005
-0.80284303
2.4744704
0.083173886
-2.4841888
-0.1401082
-2.8542335
-0.61659217
-4.6598744
-0.17087488
0.37057638
-1.4739631
-0.43082738
0.5152921
-2.1955435
-4.1106386
0.4943558
2.7946956
-3.9825091
1.1008748
-0.88364756
-1.7054797
2.810627
1.9793597
-2.531579
3.0554338
1.2418071
-1.6967629
3.0776758
1.0074629
-1.2225294
1.1550993
1.5440106
-0.7903987
0.63996273
1.6129793
0.6589205
-1.4203974
2.3509505
2.6181347
2.4211304
1.662878
-0.55209297
0.22029719
0.2463251
-1.4958595
-0.552099
-1.7775489
0.005745832
0.5238998
1.0979552
0.41826314
1.5467769
-3.0614183
0.029300265
-1.9471502
1.7775447
1.8004968
-0.6369246
-1.694352
-3.3521578
-1.9997039
0.41425252
1.3912379
1.2494255
-1.6098496
0.58887684
-1.406679
0.12541255
0.07701161
0.27792302
-1.7101408
-1.4084542
-1.1471478
6.2339377
-2.7407432
-0.8534107
3.475236
3.2035859
-0.82760626
0.34016973
0.82176894
1.6485775
0.10394618
0.7914318
0.30525804
1.3521084
-2.316866
-1.3392438
0.9531053
-1.9827563
-1.4385077
-0.91906935
-1.6195267
-2.931975
0.23570535
-0.4251813
0.052417852
0.70745647
1.6615435
0.20310047
2.0964704
0.010251127
2.3600578
1.2326301
0.33589295
1.1242698
0.6383907
-2.8591683
1.8116632
-0.81569093
1.0112562
1.4858592
1.4120691
0.099995784
1.86447
-0.2890829
-2.290958
1.0906175
0.67542845
-1.2806897
0.52263695
-2.6081123
1.8005457
-3.6120203
1.5424803
2.6283114
0.013824642
1.1316888
3.5139272
1.2024363
-0.11116881
-2.4268084
1.9388695
-2.4664989
-0.98292875
1.3531492
2.4827816
2.125748
-0.6845802
2.158894
-3.0131538
1.8625044
-1.9752998
-4.294132
1.2720137
1.1235541
-2.855717
1.0785655
-1.1821645
4.671797
1.6907971
-0.35882136
-3.9114027
-0.9050319
-0.31128964
-0.25329858
0.21024352
0.35493067
-0.35636556
-0.140376
2.0605638
0.8635851
-0.16309172
-0.8089587
-2.176662
1.7438966
0.24574266
-0.3459043
1.4611957
-0.72761154
-5.0773597
3.2417254
3.280939
-4.6536527
2.3722122
-1.7390308
-1.7432456
1.5863013
-0.44532254
0.98014927
0.3039114
0.74825877
-3.3123703
-0.54067683
1.2029537
1.3043602
1.1895071
-0.032581046
-2.0272717
-1.9757177
-1.1871426
0.98571557
0.33770025
-0.110778965
1.7253947
0.76596236
-3.810627
0.6226285
-0.13386053
-0.11107067
1.5932378
-2.8307464
1.5201042
-0.5947588
-1.3472973
2.9104302
3.1239238
-1.041965
1.1655762
-6.060535
-0.06662465
1.3851875
-0.7135392
-4.184011
0.5525045
0.29326034
-0.43851888
0.4802261
1.5948747
-1.0308748
-1.4380877
-1.8207103
-1.977421
1.5242939
-0.91024685
2.8890505
-0.9584619
-2.7721367
-0.54105395
-1.1920887
-1.879388
0.88679934
3.6735764
0.7294163
-4.2208495
-1.6498644
-1.1390373
-0.9729395
-2.0183914
0.40415013
4.5351315
5.551443
1.736089
0.34826818
-2.1794062
4.54015
1.0574621
-0.8561633
-2.6862762
2.0881767
-4.2287006
1.6285579
-1.3626931
-0.34211606
0.3411549
-2.200232
-0.21578719
0.18441337
-0.44354463
1.04684
-3.3429427
-0.7181732
2.9416084
-1.6316417
0.40437546
1.6390196
-0.6553335
2.2539291
1.0934108
-1.2370055
3.845705
-0.9731342
2.0662684
-1.9486502
-0.60704124
2.330604
1.4408673
-1.6614115
-1.3463396
1.2121918
-1.147556
2.5596611
-1.4928954
-0.4647934
-0.34870145
-0.7770772
0.21959525
0.5833689
-3.7784615
-3.7323399
-2.0135896
2.2295492
-1.8441564
0.9044782
-0.22775227
0.28502566
-0.35337105
-0.13390614
0.48453355
0.3144579
-0.013756499
-1.4952413
-1.1264304
0.9461906
-1.576009
2.0936499
0.43956774
-0.3786299
0.69528896
-2.1946886
-1.1946839
0.04753389
-0.99434876
0.090738654
-0.6409794
1.4973743
-0.30072984
-4.8625884
-2.8045335
1.2859743
-0.5181736
1.3087318
1.4703108
1.6053712
0.6536017
-3.5596495
-0.9380237
3.8597426
-1.0988549
-0.8890463
3.264269
-2.0926948
-1.000575
-2.5519996
-1.7734306
-0.5631074
1.3620884
2.1608644
-1.2098048
-1.1822517
3.5433242
-0.263767
0.08221917
-0.17602938
-2.1663218
0.23116037
-2.1202834
-0.71738493
-0.24948682
-0.5042057
-0.8261052
2.372142
-1.6936809
0.183333
0.19202258
0.59926516
3.0198586
-1.0062428
1.8058398
-0.513928
2.3061411
-0.09434396
-3.357679
-0.88215894
3.2876275
-0.35984325
-1.5441926
1.5751238
0.11528349
1.1024437
0.8213945
0.09178398
-0.52647895
-1.7701763
-0.8807727
-0.83846766
0.32259527
0.17894447
2.131614
-0.15270512
1.741853
2.5913308
-3.325559
-2.1375918
-1.5399389
-0.8498827
3.2801132
0.21617517
-2.8766835
-3.1446962
-0.04561409
0.065167084
-1.6587535
2.1028507
1.0073185
1.2972738
2.2224503
-1.8686094
3.6958349
-0.55007106
-1.6732545
2.9797084
1.0356221
3.4977129
0.25451106
-1.3644842
-0.19799837
4.657992
0.24306697
0.58028036
0.37281907
-3.0961232
3.1042566
-2.4193761
-1.4936422
2.3619635
-1.6689302
-4.868272
-1.2732121
1.3041629
-0.8768072
1.9624732
1.9430196
0.36497968
-1.3025562
-0.55300206
-0.7029271
2.9257643
1.231258
-3.2181532
2.1096315
-0.20390028
1.5047523
0.7094801
-2.085086
0.49221757
-0.38163742
-2.327181
-3.506924
-1.7139881
-3.7792616
0.4044972
1.9002031
-0.25663018
-0.83895266
2.6470058
0.16283068
-1.5218909
-2.911126
0.925697
-2.141112
2.450225
0.6105535
-0.6037851
-1.088099
1.8347445
1.4094394
1.4505438
-0.3400947
-1.2403499
2.1040888
-2.2191865
3.2321982
2.4634728
1.6377206
-0.7994067
-1.8252233
2.7248814
0.5763487
3.8239625
-2.0536132
-0.35178155
-1.6331179
1.8990958
-0.020032614
-0.635213
-2.236643
0.36212242
0.118878156
-0.30158567
1.3077502
1.4860239
1.8516082
-2.1445005
-0.8463919
1.2210082
1.5409127
1.4947509
-3.2267122
2.0238252
0.7964714
-1.0984609
0.026530273
0.54617494
-0.07527374
3.7915654
0.36944798
0.96376526
2.4293861
-0.66048986
1.1767217
-0.36313683
2.4389164
2.2888753
-2.2511077
1.2763255
-4.7255096
-0.06962963
1.9186299
-0.68154263
3.0992455
-0.8523219
-0.7070343
4.510932
2.1996408
-0.06972883
0.4485843
-1.1799265
-1.5351315
1.6131903
-3.1737647
-0.94032705
2.2356815
2.948557
-0.9889058
-4.6452055
-2.0211616
1.663871
-0.6107143
-1.523246
1.3822885
-0.116097525
4.991168
0.7544349
3.6026113
0.17400984
-2.4727793
-0.8237254
1.0622562
0.7680198
1.3822324
-2.053793
2.5799422
1.2444367
0.2626179
-0.54800576
1.5871228
-0.23661885
-3.7355475
-0.5025733
-0.08340759
0.15808475
0.60229796
0.1696001
1.1597351
-0.21661167
-0.07105388
0.75812775
-1.4590435
0.6644806
-3.0859253
-0.6391151
3.6408641
0.4514024
0.31584945
0.115713865
-0.44869748
0.2928208
-0.33371916
3.6682703
-3.4166396
1.8681859
2.004694
-2.3820057
-0.16628973
2.0291193
0.15178344
-0.52516264
-0.23788854
-0.51967233
-2.397637
1.2550812
0.92078125
-0.27484584
0.772718
2.5851772
0.9099909
-3.3772926
2.3528638
0.79675007
2.7045777
0.95797193
3.6203995
1.5612394
1.5744761
-0.14910437
0.08525533
0.8688672
-0.17247221
0.30899364
1.2901154
0.86463183
-1.7067738
-1.4720914
1.7059306
0.20441902
3.3015053
1.2932436
-0.4201004
2.7079444
-3.705637
0.8343113
-0.9192756
0.49389338
-0.028972153
-3.9283907
0.39732894
-2.095081
-1.7231268
-5.5044465
1.7779804
-0.522814
-0.878327
-1.41858
0.72296906
-1.3165402
2.7011979
-1.0533766
3.5412984
-0.2540943
-1.3858811
1.4101775
0.34039208
1.3133292
0.012574501
-3.304393
-0.7988487
2.005529
-0.8158804
-0.029688668
-0.3795849
-3.4107792
1.6525481
1.1075447
-2.7627573
-0.37198028
2.1919415
-1.4406862
-2.3414862
3.4236355
1.2512101
4.0952306
3.009644
0.46253192
-0.7894099
-0.7312263
-3.1645002
0.69150764
-0.9484161
2.163632
0.42918164
-2.60166
0.75030893
-0.5301262
-1.2965275
2.4432034
0.32374066
2.8821712
1.9058877
0.34011355
-1.473898
0.6273379
-2.4001737
3.030794
-1.7327915
-1.7243767
-0.00636553
3.137286
-2.7807658
2.4107215
-0.43259436
-1.0319473
0.75161743
0.24753004
0.57725143
1.1117504
1.0845962
0.48136485
0.054011833
1.2651087
1.7349093
-0.4046039
-3.878593
-1.32573
-0.30969745
-1.4019716
0.020474799
0.8312762
1.6841745
0.99356943
2.1151366
-0.14080673
1.19295
3.28645
1.6893119
-1.6049877
-0.8368297
-3.0678058
-0.03210804
0.80089486
3.7637625
1.759838
-4.82531
2.188677
1.0502445
-2.1802864
2.5173655
-0.71007425
1.0143416
2.2568116
-0.53243864
0.2613347
-0.86727905
0.24486849
1.6237779
-1.4779786
2.843774
-1.3862598
1.2522833
-3.2830899
-0.2582022
-1.3939028
0.1492098
-1.4030526
-2.8904743
0.45938283
-0.4782718
4.1817517
-1.5935602
-1.8116194
1.7115903
-3.007637
0.5765655
0.54863137
0.4380962
-0.85957026
3.3955164
0.6000032
-0.5172654
-1.8744081
-1.816512
0.7826425
-1.7501317
-2.4230952
-2.4007957
-0.97554
2.001705
-0.31353387
-0.7924723
-0.10524472
1.8062133
0.103267364
2.3788347
-4.106308
1.4268652
-1.1586889
0.12012114
-1.9634743
-1.2133757
-4.5920315
1.5330384
3.6685824
0.020681344
-1.1856567
0.8498125
-2.7321033
4.142301
-2.082964
1.508708
1.8513881
0.18922922
2.212601
0.2449958
3.8534358
-0.6821746
0.97285235
-2.8400435
-0.10728499
-2.8451042
0.65762055
-0.6232928
1.0857594
0.8425798
-0.21134312
1.2714077
2.380882
-0.23779409
-1.9728678
-2.377802
0.2639723
-1.8168797
1.6070895
-1.5485091
0.34892642
1.8049673
-0.03816048
-0.39234805
1.0604465
1.328677
0.81171227
2.4153144
1.0220314
-3.4335797
0.81440616
-3.4214652
-1.0127218
0.8934855
-0.04789482
2.0859346
-0.084597014
-0.0428171
-0.35332185
2.1338978
5.2044387
2.4422107
0.3765092
1.5052648
0.71142024
-1.8581018
1.9111421
-0.35249206
-0.48010537
0.7103549
-1.4088678
0.47347593
0.40007427
-2.0189755
-0.26123536
-0.4998723
2.1694958
1.9337616
0.9252622
-1.3040003
3.2001998
-3.3259187
-0.6106288
1.3919872
3.602737
3.437861
1.7681425
1.2543042
-1.1420772
0.95178753
-0.3265497
1.4406952
-1.0621186
-0.1878142
2.435323
3.6018472
-1.1950649
0.57133526
-1.8735394
-0.29611066
-2.6144102
-1.2796999
-1.5760599
0.6808718
1.0285388
-1.3204769
-2.738155
1.9481847
-0.91160446
-2.0384707
0.50483966
1.6757579
3.2263975
-2.959547
-1.3977304
-1.7841529
0.75984293
1.833355
0.89653724
-0.8415634
0.4223672
-1.9935335
0.13714609
0.8709633
-0.857716
-2.1185179
1.1123286
-2.2133174
-1.7260717
0.4428744
3.3695207
3.0376418
-1.2928562
-0.32197645
-1.3008093
0.85733837
4.195657
0.107987374
-0.08464757
-1.1735212
-2.1046968
-0.71776116
-2.181984
1.2481848
-1.6101743
-0.4353661
-3.6171336
-1.5267265
-3.9437137
0.7068061
1.7181948
0.6999892
2.1300187
1.6179188
1.3311771
0.4723691
0.3927129
3.7617962
-2.8726244
-0.542349
0.29336202
0.40883428
-1.7717319
-1.8816602
-2.1579676
-0.095670044
-1.2615947
0.12173957
-1.1542149
0.64166296
0.71549606
-1.4947151
-1.3539776
2.8439462
-1.3089626
0.34298864
0.27293938
1.4338912
-0.046562456
-2.8790126
0.23890609
-3.1893635
0.8107457
0.2050782
3.3146138
-2.8350692
0.6982258
-1.0827577
-1.3322222
3.3686457
-2.1692276
-3.808507
1.8948926
-0.22151342
3.3911245
-0.24109694
-0.22025675
0.7754092
-2.518545
-0.78747183
-1.9004942
1.348763
1.4870795
-0.9074936
-2.014112
3.4823701
0.43724275
-0.29610726
0.017575495
1.0877457
-0.7282349
0.43588567
-2.3096495
-4.8204103
-0.3470293
-2.690526
2.7852259
0.3930076
-0.74702716
-2.3798566
0.9042191
0.8060615
-0.9459424
-0.62320423
1.1910475
1.3031273
2.947148
0.7671396
0.1919032
-0.19923727
-1.0119549
0.07266032
-0.025444165
0.81685686
0.3244592
-2.7090073
2.1653001
4.530578
0.67614776
-1.6402116
-1.4944545
1.5191522
1.9630356
0.25911957
0.88854915
-1.3411492
2.0532477
1.372357
2.4338934
-0.96873856
-0.01221443
-0.9372799
3.9076862
3.8069587
2.088448
0.12734649
-2.552223
1.8584858
0.5971988
-1.4759302
0.6121524
0.26149678
0.15950215
0.89823127
-2.4233818
0.21598452
-6.3762
-0.30500448
2.64675
0.85346335
-7.045146
0.59494436
-1.5873824
2.2167695
-1.0592083
-0.12100847
2.1221063
-3.8848767
1.5434487
1.2165399
-2.5447395
-4.0084605
-1.12927
0.05296444
-0.09423337
-2.688232
0.46191365
-0.82881135
0.35793912
2.5732284
4.7358894
0.13082573
-2.6528664
0.053580083
-1.4350846
0.53974766
1.2886442
2.414315
1.7072121
1.4845923
-2.3417566
0.20726919
-0.14483675
0.25073716
2.5601697
-2.5018928
1.4586087
-0.20770241
0.46693823
1.2574105
2.3860884
0.11561514
0.6828214
0.6483811
-5.8153815
-0.9745593
-0.428847
0.81086266
0.48011136
-2.582668
0.7624867
-2.6425176
1.2734206
-0.3502935
1.1595463
2.7057335
0.32775566
-1.601901
2.8885221
0.7602053
0.49013364
-3.389749
0.1593672
0.5479505
2.232663
-1.0903616
-1.512386
-0.5932932
-2.1462533
-3.1800346
-0.98427486
-2.3327584
0.9298149
3.8862143
-1.4292161
-1.388076
-0.31235293
-1.6375492
-0.9985788
0.30059227
1.5291291
1.8314298
0.61395484
-0.7885892
2.3600352
3.1367133
-1.472357
3.9198575
1.6147083
0.43422523
4.0523686
1.4378072
1.7069945
0.5910493
0.082720354
0.07858338
3.4326024
-2.4625676
2.479647
-2.538833
2.6182663
0.7648997
0.41363695
-2.1405754
1.1563696
-0.058268197
-0.037385736
0.9633722
2.8375304
-1.2168279
0.5817902
3.2698543
0.5472349
2.725038
0.2666484
3.4194386
0.8654527
-1.6297731
-3.2173386
1.0157889
1.155824
-0.6676034
-0.12939194
1.9397262
-0.6374675
-1.3676496
-1.2477607
-2.4909565
3.139599
2.0699182
0.6935864
-0.210067
-0.8780747
3.7484393
0.6290082
-1.0367206
0.40247375
1.7587622
1.1431626
1.1906191
-0.22840658
0.5353555
-3.8968344
2.5435624
-2.137403
-0.4866056
0.6846533
1.3051211
1.0500902
-1.8025402
0.6413103
-1.6060702
-3.6872244
-1.163236
-0.45240515
0.05711137
0.1518791
-0.948439
0.36606592
-0.23195074
0.775361
-0.07078822
-4.8369713
0.5381591
0.81264913
3.4791796
0.9544079
3.3812273
-3.0206482
-0.73098016
1.7679678
-1.292256
-2.0799046
-1.3283669
0.7765319
2.426077
1.2707614
-3.0336728
-3.4900837
1.0112914
2.4432585
-0.7156231
2.6513085
0.36615255
-1.1325381
-3.049574
1.9911077
-1.6375616
1.6423601
2.2608297
-0.548131
-1.5167303
1.6790534
1.0994328
-0.01108104
-2.8153203
-2.3610108
-2.6663377
3.7000453
-2.0183005
-0.85357064
-0.45755956
-1.1292179
1.8028611
-0.29391736
1.1817672
0.06605447
0.9278713
3.899521
-2.4489517
2.0772393
1.8036131
0.060764767
-0.05194493
-1.6818297
2.4002526
1.0973948
0.8853007
-2.5427628
-0.47975707
-2.2805083
2.4080892
-0.525295
0.15580976
1.1078062
-3.2883058
-0.82814723
-2.1089537
-0.30330563
3.522349
0.15642118
-0.009566568
1.9056984
1.3540232
-4.183035
-3.0752354
1.8609815
-0.33123398
-0.2858913
0.5327446
1.3618363
3.781711
-1.1708652
-1.9363707
-0.48350006
-2.5997884
0.23012064
-0.5512504
2.436768
3.9280238
0.7443865
-1.4463279
-0.12269405
0.20101173
4.402556
0.65902525
-1.2045901
-0.6567925
-2.0269108
-2.1051824
-0.98739403
0.9627362
0.30671278
3.1003623
0.7003079
0.026869543
-2.7944953
1.0009271
0.75048894
2.4163456
-1.8674959
5.1468277
-1.2068918
-1.3538532
-0.6025807
-1.2846547
2.4629006
-1.1364218
-5.902266
-1.540714
2.0087612
-2.9225109
-0.8904644
0.108451255
-3.1611495
0.59694207
-2.1589937
1.21962
-3.0059755
-0.6403429
2.0673027
-2.3820305
0.500858
3.1025636
1.1890013
1.1030203
-1.1509122
-0.6695965
0.060221955
-3.2832341
0.17280734
0.8861594
3.7817328
0.21433046
-3.3456142
0.67919976
0.14737883
-2.700171
-0.25706416
-2.7376084
-2.3067238
-1.7527157
2.860322
1.0156108
-3.7301054
0.24266252
0.1444739
0.12593597
-0.5417791
-1.3973106
1.1306267
-0.8008787
-0.6596256
0.3867178
-0.11528868
-0.85492355
-0.7998397
1.9933765
-1.404129
3.6472907
-1.1850055
-3.492166
-1.2424653
-0.6685046
0.06178809
-1.5620971
1.8964913
-4.4667606
-2.65177
-2.1600595
-1.8312782
1.8692739
3.4399712
1.6963668
-0.79946727
-0.8924603
-1.5032096
2.2581768
-0.38221678
-3.0241115
-2.178348
-0.64817107
0.6657
-2.0370202
0.72675335
2.055745
-2.7502275
-2.724258
0.55118644
1.1636451
-1.4693048
1.5453031
-0.49440834
-0.5546304
1.4946803
-0.5655005
-0.066638745
0.3257454
-2.0694985
-1.2635083
1.561408
-1.5935547
-1.2426159
1.3940177
0.73200166
0.45788676
0.44347805
-1.4706911
-3.9950993
-2.5255558
-1.8956343
-2.1375473
-0.8003249
-1.0320214
-2.3320746
3.2636724
0.2949927
-0.12924993
-2.8942106
-0.28100938
-1.5803969
1.7254455
0.76913756
-1.4294599
1.6144762
-0.16511342
3.3332005
-2.9056256
-2.6937873
1.4529616
3.76915
-0.19602302
1.5053023
-0.20817327
1.0410652
2.3086715
-0.36655426
1.8358018
0.27976057
-1.5568821
-0.9436289
-3.0643432
0.91896033
3.87349
1.4977036
1.219845
1.7758474
0.3503735
1.1022509
0.5213929
1.9860429
-4.197768
0.44871792
-1.512466
2.355467
8.501354
1.4454765
1.6401186
0.8823175
0.7971794
-2.6207516
-0.594389
1.4497592
1.2637073
0.45377082
-1.7262115
-1.06232
-3.098949
-0.8434916
-2.8667796
3.1036098
-3.8918917
0.6458776
1.6673436
1.5027145
-0.59563035
2.3996048
0.6272343
2.9990854
-0.10891973
0.68698955
0.023851097
-0.4029376
-0.015167393
-3.195876
2.5863194
-2.6349692
-1.510885
3.326103
0.8230671
2.7219667
0.042518355
-0.99274784
1.0744435
0.04554367
1.2717737
-2.3606791
0.46632677
1.3443125
-0.020892803
-0.93860257
1.6250472
2.987919
-0.2957197
-3.8934445
1.1290109
2.8539202
1.0028193
0.8276094
-1.8470918
0.58389014
-0.5198801
1.2874477
1.0842263
-1.014939
-0.4080967
0.77757794
3.0938568
-0.9554079
-3.8937771
-0.62100434
2.2372797
-1.7440511
2.1861439
0.6871677
2.7100399
1.9298606
1.5144843
-2.418452
-0.62460655
1.194354
-4.0723386
0.1141815
1.0816497
0.44352713
0.1320405
-1.0916355
1.2297003
-3.495867
2.9756298
1.1848679
3.360097
-1.8881319
-0.3017102
0.777036
-2.4724278
-1.6095734
-1.2809592
-2.9057777
-3.609414
0.8840328
-1.9155947
2.09708
-0.73474854
3.0902874
-0.038015235
2.0502996
-0.77435225
-0.07227846
-0.27713552
0.35282648
0.69553316
-1.6447418
-2.2520785
-1.3244493
-1.9486893
0.8223069
-1.3194472
1.5060666
1.3797503
-0.644867
0.7339261
0.3634348
-1.269664
-1.6439579
-0.37550062
0.79308754
0.3216768
0.90924674
-0.8197481
0.3217581
2.3607788
-0.4958045
-2.029925
0.3348265
-1.8171158
0.21196216
1.7106429
-0.20121878
-2.8650568
2.2275069
-0.78795093
-0.34853387
-0.8395846
0.5059454
0.30677313
-2.006474
-1.1874989
-1.8009214
-3.1110382
4.2823453
-0.35965097
-1.0072097
-0.80360353
-5.398284
0.7611659
-1.4498605
-2.4450986
2.7219663
1.0558975
-1.193942
-0.87478995
0.12996607
-2.6143532
5.3252535
-1.4505132
-0.30405608
-0.05394814
-1.9509407
-2.4327354
-1.1142461
2.1067789
0.51459426
-0.72564685
-0.6819161
0.8540088
1.0584608
0.21765955
0.97120786
2.0052414
0.040965818
-2.1278737
-0.53143716
-2.1142333
-2.6308498
-0.8787061
-1.4850594
-2.0236576
-0.68176216
-1.3222144
-0.9272785
1.6626847
-0.68220663
0.7324807
2.9069502
-0.26027992
-1.5663404
-1.5869107
-0.4284436
-1.6010754
-3.639185
-2.0927296
-0.49822986
-0.5246636
-3.77334
-0.617048
-3.3856103
1.7615739
-1.324616
1.250548
2.703209
-1.0945907
-1.4476882
-3.5820713
-0.75496554
0.83623755
1.6589597
0.7098698
1.3984894
1.4550805
1.1530962
-0.41105267
2.9228857
-1.093412
-1.7695159
-4.275277
-0.2414009
-0.51462644
-0.21812567
0.6172258
1.3446229
0.93841743
-0.71060985
-0.48541692
3.97755
0.6128278
3.9572968
0.3403284
-1.4168389
-0.7711732
0.91631836
-0.8539114
-1.1279151
-2.4699173
-0.25177673
-2.4890547
2.3584917
-1.6838293
0.8154015
-1.1684262
1.2538676
-0.7956399
1.9976368
1.1609418
0.61227375
-2.1805573
-1.4583867
-1.9327953
-1.6454439
1.2279484
-0.69427145
-1.7236166
1.1052697
-0.7557511
1.3666188
4.1397824
-1.7251434
-0.14825103
-2.2293575
2.7677145
-2.6046374
0.25725222
-0.59798616
-0.82858455
-0.6683886
-1.5824354
2.712771
0.80914855
-0.8015409
1.6124568
-0.8057118
2.5108325
-2.0277126
-0.37541804
0.66982645
-2.856813
-3.136478
-0.6815128
2.420403
1.7205142
1.4504466
2.836529
0.311558
-2.1422722
2.7126858
1.530115
-1.570452
-0.078003645
-1.9026566
-1.1295776
-0.6393442
1.3735076
-5.58724
-1.936066
2.0871735
-0.6008995
-2.6800678
-1.3667578
0.6206121
-1.9902238
3.1674583
-1.2275132
1.8576564
1.0316242
-3.48332
-1.5535723
-0.7819167
-0.38346556
-1.9732977
0.633517
-0.30806324
2.3417273
-1.0936245
-0.11937905
0.30598438
4.8852487
1.3928351
-1.6305419
-0.1342368
2.4340115
0.5814904
0.94939107
2.3490639
-0.2857796
-0.714031
-1.5454962
4.0765333
3.0829952
-1.5054444
1.2018714
0.84822166
-0.40990433
-2.0394337
-1.8066151
0.009280324
-1.2892802
-4.2825933
0.49217707
1.3123024
-0.4536047
-2.2839646
-0.46044
-1.5939077
-0.77617216
1.5478635
-3.2749476
1.7558302
-1.1411889
1.4548088
2.5313516
0.9142436
-0.029022455
-0.38098216
-0.74014354
1.0030385
1.0916958
0.059202842
-0.35285127
0.35250503
1.344425
0.6374916
0.9584035
2.1736572
-5.28472
1.1456801
-0.5646838
-3.057733
-0.95947176
0.3077938
-4.3178062
-2.1623917
4.309349
1.4999685
0.07098489
-0.25291222
1.2198194
-1.7834216
0.90337384
0.80438894
-3.4657338
1.2682738
-0.09967395
-1.0122366
1.8866299
1.9597502
-3.0698907
1.7576026
0.9077807
-0.30514234
2.2555404
-0.45776814
-1.2634829
3.8908782
0.50226676
4.028739
1.0407625
-2.5650887
-2.7153077
2.1916733
2.44898
-5.08386
1.2520622
0.004339233
0.26334524
-0.13485768
2.1440706
-1.0459603
-3.6334043
-0.25602037
3.6405604
-1.8570536
-0.7178873
0.36191943
1.2532251
2.5814383
-0.2392281
0.2832349
-0.37730458
-0.09626656
0.52730465
-1.4484504
1.4252585
1.2410611
-0.847176
-0.4286173
1.941041
-1.717135
1.8207297
1.299042
-1.2435901
1.2397135
-1.4775254
-1.3919889
-0.4327805
-2.8222368
2.8263948
0.5883575
-0.8741895
0.5286784
-1.1170968
0.08087316
-1.4181671
-1.9723154
0.45281053
1.3521168
2.1741812
-1.7922335
1.7589148
-1.9161276
-1.6844685
3.0031261
2.8005323
0.3923891
2.6061282
1.4374194
-0.5609618
-2.8768013
-1.0560014
-1.3821628
-2.0817783
1.3536278
-0.19580942
-0.081364244
-0.6749959
-1.5513055
-2.5340817
-1.2346079
-5.4051337
2.001006
0.4159907
-3.574677
-4.150726
-1.4196112
1.1801338
0.16333124
1.044509
-1.4486308
0.54349744
-1.8453668
2.5322843
-2.6540911
4.0463395
-0.4498
-1.9118891
-3.2163022
-0.1981716
1.5638088
-1.9201192
-0.49751672
-0.48806778
1.4486225
-1.3733537
-0.40288064
-0.48606062
-3.5817943
1.0838336
-1.6872468
0.72510886
-0.90978384
0.79841256
0.55095047
-2.5613012
-1.2423522
-3.226445
2.7445426
2.1929626
-0.7623558
-0.71083397
1.1452795
-0.9501044
1.3347552
-2.4030378
-1.3087919
0.63262296
-1.8339201
0.8050669
0.03920877
-1.2928492
1.1894318
2.8747482
-1.7521913
-2.0084379
0.8858034
-0.48331082
0.4092045
-1.7744752
-0.9030422
-0.6843214
-4.7781453
0.8185471
1.699846
-1.2722951
0.44332674
-0.24307537
0.6518315
-2.025024
-1.1100223
0.86041677
-1.9859991
4.28668
2.3287354
-0.87876886
-0.13339153
0.7976111
-3.563935
0.6704735
-0.12451292
-1.886311
1.1155806
0.5443032
-1.6012241
2.6032453
-0.08469447
-0.91027224
1.5802836
-1.9878386
2.0157971
-0.631694
1.9370289
-1.5127066
-2.6317694
-1.6350219
-4.8464026
-3.301017
-0.8034566
1.7851595
-0.6809809
4.040782
1.0975296
-4.2045836
2.2632918
-1.3068849
0.0016840287
-2.0818872
2.422221
-1.1135203
-1.365863
2.137272
2.7904189
0.74848527
2.550353
-1.2806203
-0.07491635
1.6373665
2.0600512
-1.8141236
1.0618331
1.8902112
1.4354094
1.2971492
1.7169484
-3.1460688
0.58920926
0.281656
-1.9695573
-1.043468
-0.65926945
1.8303859
4.868561
-0.033108175
1.4674073
2.0907748
0.017578796
1.7796488
3.8932934
-0.87684697
1.2819191
0.67855406
0.50416225
1.5020801
2.5658448
3.2866442
1.0505134
-0.22765368
-1.3462678
-2.3631964
-1.6820333
-2.0897887
-0.6584977
-0.19351205
-2.2875433
0.07519202
-0.25402156
-2.8068755
-0.13756886
-3.7106228
-1.7132849
-1.5052379
-2.6627805
-0.14834204
0.22551672
-0.25830328
-1.8894912
-0.78719306
-0.54982233
-0.2389811
-2.2769587
0.4553948
2.0118053
1.2173234
1.951354
-3.5571356
0.72934115
-2.3092642
-1.6984969
1.0630165
0.53700954
-1.6276643
-1.9676656
3.51943
3.5724206
-3.3566694
-2.0122652
-3.1692207
0.22344896
-3.2835565
2.8059003
1.8682926
2.0230408
0.9494903
0.14154778
1.0399483
-4.3780813
-2.344476
-3.0903554
0.32803053
-1.8126904
0.35596812
1.0758677
3.768493
0.43248385
-0.70208
-3.0095415
3.1893191
-4.6172805
-0.3944838
0.55756253
1.618042
3.1889503
5.536181
-1.8203927
1.5213631
1.2989746
-4.625078
-0.64062214
1.8085494
1.6972712
3.9078088
1.4789519
-1.567093
0.5592624
-0.69441307
0.50675315
-1.9511157
1.2494326
0.2268565
1.3251498
-2.199254
1.9355553
1.2165498
-0.17699373
2.225332
-2.1188288
-0.40749347
0.80539745
-0.016136378
-0.33499083
1.0042696
0.1255785
1.576269
-1.5412661
3.1567848
-0.4610071
3.217467
0.54889727
-1.4883249
-2.8227236
-0.35196126
0.0007292405
-0.8296385
-2.4316065
0.962911
1.9827944
-2.601918
-0.46831706
-1.5504023
0.38788635
-0.9192257
-1.8586776
1.3083912
0.73791856
-3.453044
2.4223757
-0.25361246
-1.7809225
1.4902291
-1.914832
2.2281888
1.3511047
-1.5622044
0.3874644
-2.2575502
-2.2243018
1.4577233
-0.81914836
0.10005742
0.33159602
-2.069071
2.793547
0.7544369
0.65145624
1.9667289
0.72353584
0.5302624
-1.9053619
2.4015784
2.6750665
-3.4245346
-0.88090444
-1.2895644
-1.9403733
-0.9993707
-0.28146517
-0.63580036
1.1090664
-0.6305462
-0.76084626
2.5720558
-0.98090476
-0.030631386
-1.7707589
-0.8950642
1.766588
-0.29652607
2.1667008
1.3936507
5.528969
-0.1985309
-1.7963333
1.5900021
0.7581862
1.1979069
3.7747111
-2.4502
1.1895124
-0.7433521
0.060994007
-0.9659437
4.3718576
-1.1922295
2.7643764
0.7905349
0.9439151
3.3701131
2.0773635
1.6019425
-2.2535298
-1.6363008
0.8631031
0.0065968223
-2.8915598
-0.9278731
-0.29737198
0.71916187
-1.3264153
-1.0762962
-2.9913392
-0.3469241
-1.7980275
-2.2516887
-0.24049976
0.8973702
0.8569593
-1.201403
-1.179449
0.25057256
2.1883237
0.81787044
-0.36175752
1.899131
-1.830842
-0.5453833
0.39506462
2.5670733
-0.4831825
-1.8939255
-1.8325646
1.6951207
-2.367456
0.040644307
-3.408067
0.47993043
-2.4130359
-5.452696
-4.0053153
0.9552206
-2.2840865
0.34327093
1.033241
2.386716
-2.1415646
-0.9485551
-0.91046536
2.859338
0.5022063
-0.49427608
0.7744063
-3.1359904
5.0151367
-1.666112
0.6925709
-0.8099799
-0.08584111
0.013381619
-2.4327786
-1.2805618
0.03291171
2.86495
3.2313616
-1.2365643
0.6207181
-0.59614575
4.537805
1.0141298
-0.5273963
2.9591088
1.2870669
1.0510709
3.4962106
-4.4626703
1.5744312
0.8931304
-2.4162252
-1.0270166
-0.0063730106
-0.295843
-0.9676376
-0.98049396
-0.66063136
0.90835303
-1.6286077
-0.56191957
0.4778945
-3.5230472
-0.4129031
1.8856316
-0.42310506
0.93119276
-0.6693172
-1.4851599
1.5758874
1.3565516
1.2158941
0.1493879
-1.7640446
-0.96912706
0.7386949
-0.49639288
-0.6129223
0.51888376
1.782572
-0.2898184
-1.7772845
0.84224486
2.1321108
-0.7796192
-3.5315833
0.21178427
2.9790757
3.0697148
4.3976064
1.1874949
1.6195285
-1.2860907
2.402289
1.3327953
0.021361068
0.5295258
-0.49948156
6.547905
-0.4868954
1.3786197
0.36650074
-1.1558317
-0.2947088
-0.30192962
-0.9384981
1.1839252
2.3677263
-0.021191947
-0.3953814
-2.7653751
2.5433872
-0.997392
5.7320504
-0.20598221
0.9545976
-2.2134259
-0.1391767
0.05553949
0.8516697
1.9721838
-3.8686063
2.155209
-0.18431535
-4.393445
-4.1912746
0.56966156
1.8994155
-1.6474136
1.6898596
-0.4856742
1.1417962
-0.24509606
0.4041615
-2.4054222
-0.13618374
-0.16417551
2.192244
1.3284485
1.3151875
-0.48194027
0.4490024
0.6673308
-1.2640383
0.8842031
-1.8180336
-0.7078832
-0.5673352
2.3499596
-0.32515526
0.07939519
0.43914855
2.0678442
-1.1470547
2.4015849
3.902887
-3.625326
-3.1217868
-1.1712071
-0.5078906
-0.4618345
-2.4902785
-2.1663196
0.6445305
-1.3490682
1.5496662
-1.5028203
0.5705994
3.0270061
-1.9568754
-0.8369136
-2.9697723
-0.16589314
-1.6816401
3.2825491
1.5126015
-2.1939752
0.697805
-1.218264
-1.4786355
-1.664318
0.31466928
-2.3940392
-4.0783744
3.9140577
6.0477057
0.6632591
3.1634881
-1.0326892
0.33602518
-1.2472086
-1.2459918
0.33984965
2.0359817
-4.677397
2.445311
1.748755
3.52318
-2.8719208
-0.95116127
0.023171306
4.808989
2.5574784
1.2857325
-2.052248
0.22537857
-0.7591151
-0.70263165
0.8052028
3.8825448
0.5341475
-0.24036376
0.42665583
-0.3873336
4.219627
-0.81182265
0.31215724
1.3589662
-3.2488756
-0.8404219
2.0738199
1.6136149
-2.6214852
1.1116028
-4.951314
0.24924967
-1.4014332
-4.1273127
0.3499519
2.9408445
-0.5475209
-3.5771587
0.45233986
-2.502822
-0.35832128
1.0743862
4.0616174
-1.1507838
0.73039156
0.99928653
1.3853517
-0.13807383
-1.6018833
4.094145
1.6771411
0.13539615
0.044934936
-0.48127842
2.1030955
-2.5047789
0.9994823
1.4834199
0.5706028
0.2583379
-0.52797264
1.112545
0.9467343
1.6608235
1.1601763
0.70541847
-1.1357888
0.39389992
-3.881843
-0.36996043
-0.90866315
0.81447273
0.52656615
0.24839899
1.3891584
-0.041391857
-3.240841
-0.95329386
-0.63003117
-2.9534845
1.0449008
0.08795205
-2.8240793
-0.7369122
-0.8587527
-1.0650893
-0.8338437
-1.9671763
0.26444295
-1.2363263
-0.26385573
3.0220032
-1.5840778
0.5544312
0.5589609
3.0350776
2.4125035
-0.692193
-0.45082635
3.4305842
0.42393905
0.5878407
3.118496
3.3498623
2.3523371
0.3469436
-0.4249753
2.312173
-4.329767
0.021866694
-3.3636277
-1.5574334
0.7780292
-1.2375015
1.7105352
-1.9552021
0.21609831
0.07032524
2.7925444
1.2394123
1.6496959
1.8384647
-0.30217063
0.9139325
-3.7419212
1.1666234
0.43156472
-1.4139333
-1.4147674
1.7133873
-0.2256278
-2.9751952
-2.6717033
-1.4170966
-1.3880897
0.38238794
1.4410352
1.7549108
2.7920067
-0.37973335
-0.12075518
-0.058730066
-3.4354136
-2.1729312
-2.3150432
0.33141974
-3.9038155
-0.55362976
-3.0241768
-2.1429996
-0.84950256
-1.5364255
1.0831472
-2.2054853
-0.33900982
-3.717411
0.0020924807
0.71075976
0.36185694
0.06952942
1.634187
5.6869683
2.6486223
-0.30570632
-1.2794019
-0.26244435
1.9561589
-0.91682667
-0.6544655
-1.9148809
2.7315447
-1.7073629
1.5629764
1.2294817
0.10433331
-1.3440559
-0.8727539
0.48437047
0.4437861
2.668715
-0.20441875
-0.6524079
-3.3830495
-0.4857577
0.91323566
0.30023736
3.475884
1.1271825
-0.38308933
-2.3885262
1.1468904
-1.9135132
-3.979294
0.17413826
2.2511725
-0.7633063
4.4535437
1.1829667
1.7989413
5.127253
2.3133926
-2.7722733
2.6180859
-0.76872253
1.3001486
-0.26320747
-2.3669646
0.7190217
1.3014714
-0.42754525
0.26672763
4.003979
1.84453
0.7357354
2.9426193
0.27146137
-3.7174993
3.8785655
2.1261296
2.2614803
0.16065253
-0.8892277
-1.0381665
-2.0454671
-3.3263748
-0.22829601
1.2438884
1.3917735
0.81531155
-0.30696917
-0.11037093
-1.6705775
-1.316618
3.8528535
-2.6769137
2.9464743
-0.024427406
2.3319397
1.300395
-0.72731084
-0.9082705
3.7535517
3.8135414
1.3248117
-0.5361975
1.5790311
2.4077227
0.3145871
0.25403893
1.6764516
-4.063685
0.011529595
0.4757612
-0.22578289
0.28625548
0.17735627
2.3661222
-0.6809944
-0.6487842
1.6797363
-1.8523847
-0.6160144
-1.8543204
-1.7592086
5.3829575
0.1614414
2.1381862
-1.7291622
1.5623283
-1.6710976
-1.424864
0.009565588
-1.2145518
-4.2956014
1.2412345
2.3398805
-0.9222449
-0.9011726
1.3453807
-3.0579088
1.1282504
0.6213336
-0.93521094
1.5340712
-1.8850702
-1.5805936
-0.18953526
-0.17622761
-1.7510734
1.0740283
0.37168428
-4.1813283
-0.29404485
1.8613605
0.2022158
-2.0883873
-1.1490761
0.04374936
0.31745845
2.2557187
-3.024702
-0.54994714
-3.216596
-1.9839258
-1.1980749
-1.3778926
-1.135154
0.42930943
1.3386883
-2.122972
0.08416597
-0.12587425
0.8903794
1.0975318
-2.3229163
0.8228451
0.57826877
0.060544565
1.2108172
3.0199368
4.537525
-1.8485336
1.4925764
0.76170766
1.9393709
0.1551708
0.1846069
0.7673166
-4.218782
2.5658286
1.339182
3.277335
2.5191154
-1.4585762
-0.3623489
0.9594256
2.8113394
0.29579562
-0.057824302
1.3174689
-0.633122
-0.6005682
-1.9916393
-2.8493009
0.9206501
3.580481
-2.6031258
1.363404
0.18696356
1.999317
0.45057636
3.5753772
-0.22670713
-1.4022475
-1.17885
-2.4766362
-0.77009904
-0.40426138
-0.38235903
-3.1751382
2.0721278
2.8365963
-0.024948478
-2.3947916
-2.0020814
0.9662893
0.5712307
-0.5935253
-1.235312
1.718229
-1.7953799
0.3096732
-2.8965821
2.4228728
2.3801634
-0.32150343
-4.5261087
-2.2911637
0.4258435
0.98462945
-2.1915936
-2.870871
-2.0281324
2.9298463
-1.5250158
-4.7933936
-1.0738919
1.2578889
1.4604622
-1.9352629
1.4128386
-1.1261054
-3.9130213
-0.92544514
2.2220955
1.9581472
-0.054365683
-4.896732
-0.60973954
3.7573318
-0.3222311
-3.5341926
0.98764175
-2.8246553
-3.788531
1.001614
0.8729974
0.5216021
2.537071
0.6399278
-1.2967868
-1.54959
0.30252212
1.5917275
1.2814506
2.9716582
3.576541
-1.46438
1.6482512
-3.665405
2.354186
-1.1964785
1.1088865
1.39145
-0.8864555
-1.3411958
0.098602295
-1.4799991
-0.16085275
-0.9021098
-0.6278102
-0.58085394
0.2857307
1.3015999
0.19984278
-1.3324155
3.8660285
-4.8177967
-3.763531
1.0088644
-0.019062638
-0.690584
2.8041916
-0.14967757
1.3021683
-0.49740133
-2.690515
-0.1539309
-1.55401
0.91943157
0.6718777
1.4655197
1.8926666
-2.556936
-3.0364532
-1.0396419
-1.6141665
0.5766875
1.3789637
-4.982541
-2.5057192
0.27997962
2.116905
2.6274168
3.6088283
-3.426498
1.2860729
-0.9390766
-4.4610977
-1.4492822
0.4527904
-3.0354528
-2.5099864
-4.63267
2.176865
0.08042068
1.4898648
0.015800461
0.5843341
-0.3105942
1.3664742
-2.5264106
-2.0510185
-2.9892082
-0.6594927
2.3136172
4.2101703
0.015444707
-1.3884453
-0.82811564
0.9774823
-2.6686697
-1.0003724
-2.4720256
0.44362497
-1.4500434
-0.9765481
-1.4926416
-0.2464596
-1.1797714
0.86063486
-1.9637656
1.1545877
2.2595181
-0.4190701
1.8181406
-0.335658
-0.55876666
0.73848194
-0.7895352
-0.01062905
1.6423537
1.907305
0.25565332
-0.3012307
3.133377
-1.0882531
-2.7858987
1.4520905
3.1173394
1.3078942
2.2161787
-0.020633027
1.5345422
-1.9637817
0.31049895
-2.049998
-3.397197
-0.0067158863
-2.931021
0.75482476
-3.7033641
-0.62522584
-2.5030856
-2.188481
0.006280236
-2.4646525
-0.604064
2.3823192
0.47735274
-0.9525168
-0.2933212
-3.3284802
1.6746904
-2.5383623
1.5096725
0.20833349
-2.8947062
-2.6222625
-0.855186
-0.1593345
1.1136519
-1.610588
1.2528436
-0.22944686
0.85370874
2.1199117
1.7002193
2.473075
0.9826048
1.3257182
-0.46680608
-1.1927032
-1.2104496
2.0449963
-1.0925016
-2.8945014
1.0953517
2.3265357
2.9254067
-0.5479042
-3.9658918
0.9089021
2.0033224
-0.74978817
2.888573
1.449295
1.3334827
-0.7993356
-0.8377755
-3.6886606
2.9000556
0.24810155
-0.19699126
2.48683
-0.5783232
-0.60849226
0.9843728
-0.7115219
1.1738852
1.1639216
-2.9682238
-0.1168225
-2.0804882
-0.23406348
-4.8462963
0.66570807
1.1078092
1.548312
0.64787483
-1.7105887
0.29325464
-0.50895554
2.1012752
4.1097293
1.2184083
1.1433027
-1.8018638
0.39393744
1.3262837
0.25259894
2.0606937
-0.78882974
2.6681204
-2.5830703
0.2932241
0.10508264
-3.2157092
0.14318979
2.3555033
1.3532352
-1.2789109
2.8835356
-2.7288098
1.4735779
2.7323275
-5.6332865
-0.25704676
0.5330117
0.1836175
4.295231
-1.653311
-1.7679484
-3.1135921
0.73429626
-3.0356612
0.4635297
1.4959558
-0.6357682
-1.3051745
-0.5898602
1.8580955
-2.2282813
0.8312713
2.6051295
-0.15025002
0.6002983
2.8517218
-0.5529912
0.64696527
-0.2412462
-2.0043404
0.13656537
1.6730397
-0.585597
2.395094
2.6837442
-4.833916
-1.0984231
-1.3421468
0.80375725
1.0109874
3.418167
0.10086784
1.8073764
0.0781731
1.0158958
-2.5001566
0.25283536
-0.84515935
-0.36400455
-1.3658141
-1.057741
-3.3397827
-2.3206532
-0.11494429
1.1959182
-1.2624029
-0.9151613
-0.86085904
-1.2436635
-0.06413813
0.4019729
2.7392633
-0.0040313154
-1.3401785
0.9646821
1.3952907
-2.6040766
2.8461342
2.6300325
0.9806947
-2.2877367
2.0111668
-2.0931618
-0.86392915
-0.69848704
2.8011076
-1.1023643
-1.6374842
-3.1300442
-2.956221
-1.869319
2.9171238
-0.8036386
1.7296126
0.5411766
0.8403543
-1.849437
-1.5222392
-1.5660583
-1.5835942
0.013881803
-0.41823056
-4.359733
-0.3471529
1.3529723
3.0177853
0.23968771
-2.2148347
2.6934638
-2.1422415
1.1609793
-2.5351412
0.27781868
-0.2691252
2.0537877
-1.6498014
-4.1379538
0.8347595
-2.4413664
-1.8718683
-2.512836
1.4532497
2.2604213
0.24703074
-2.5911949
-2.2744899
-1.9236532
-0.73226804
3.0197988
1.3646654
-0.9734281
-0.65229636
-0.17244971
-3.4908955
1.2522955
0.84551966
-0.46640515
-1.8720487
-2.023376
-0.69355106
0.913588
-0.88663626
1.0515597
1.2163858
1.4482068
-0.2243773
-0.36376882
-1.3405375
1.9079314
-0.7318544
1.7944574
-0.4405898
0.51868016
-1.2884644
-2.3341625
4.2523513
-0.9281535
0.5275873
1.4364233
0.4678742
-0.014847428
-1.3676082
3.8469834
3.4083123
-2.6602356
-0.54720104
-1.7651082
-0.87805635
-2.0184693
0.24057679
-0.27188766
3.2636166
-2.3584774
3.1687057
-1.0206306
2.1100333
0.47404486
1.0369862
-3.2779937
-2.1373808
-3.2283142
-2.3134854
4.3991284
-1.0947322
-0.13203469
-1.1216643
0.36819115
0.38578382
-0.66933405
1.5321625
-1.5489277
1.7256522
1.7221184
-0.046225574
1.5006053
-0.5467217
0.18446587
-0.40681475
1.0839716
-0.2611482
-0.013981879
-0.38448608
-1.9957123
-1.8102602
1.9656646
-0.19202119
1.6412464
-1.0145066
2.2133977
-1.085623
-0.8794522
1.8954004
1.4776103
1.2907854
2.6372464
-0.65051055
1.2462716
-0.17994054
0.7459066
-0.41622722
-0.3686516
-1.9324445
0.61700255
1.3371181
-0.7310174
1.6638315
-1.0860314
-4.2478347
-3.91971
-0.7387923
2.0286453
-5.5705395
-0.7297595
1.7428255
0.1924707
1.4433181
-0.7537355
-0.48938787
2.746426
-1.872976
-0.47782052
2.4165518
0.06614493
2.6054547
1.0005194
-0.17152007
0.34107038
2.8785114
-0.40812778
-0.15149091
2.3346152
1.140925
-2.0522845
1.1185303
1.1257783
-0.677183
0.30116314
2.2156858
-1.4148722
-0.59234536
1.3867126
-2.066916
0.65583915
0.2615457
-0.6344812
2.1462517
0.37376186
4.92965
-1.7308728
-0.82360995
1.0332413
3.996215
-0.11101203
-2.182426
1.044652
-1.5808712
2.3750198
-1.5365835
1.8569765
0.014062315
1.81423
-0.51852506
-1.9905541
-0.5626031
2.3104823
-0.05528221
-4.166302
-0.038975887
1.2886742
0.51886314
-0.05871675
-1.0080084
1.470553
3.2744598
0.3727424
2.4208033
1.0841134
0.15281157
-0.4017793
2.2394712
-2.6489289
-2.315147
1.853886
-0.9147036
-0.48067084
0.9032805
-1.3076442
1.1300166
2.461627
-1.2543237
-1.4334116
-1.4650071
-4.98175
0.54013854
-0.30738828
-1.8977523
-1.0084187
-1.6643872
1.8270984
1.5169989
1.5850796
1.0857792
0.22931537
-2.4093637
2.3630877
1.3605269
2.4833703
-1.8947654
-0.5529047
-2.419129
6.3313665
3.3330154
-1.3015274
-0.2763338
1.6826602
1.261609
-1.4002435
0.5811985
0.80889463
-0.54712635
1.7934297
0.150789
1.1603144
1.4215838
-3.766083
0.48114797
1.553718
3.3858807
-0.6265099
-0.027554646
3.0141318
0.6067686
-3.1474473
-1.6202452
-0.28662378
-0.783634
2.4675379
0.5795365
2.8403041
-2.5445828
0.052203976
-2.2827358
0.8506634
2.8256102
-0.80460656
-0.7738921
-2.2005622
-2.5504327
-2.896165
-1.4236598
0.6298896
-1.4079419
4.9515605
1.7168527
3.1559865
-0.39441252
2.5069668
1.6619594
1.9715662
1.4457792
1.8223417
0.21934634
-1.1618755
1.4751381
-3.2133193
-0.8581271
-0.9588061
-1.0197657
-0.30482197
-1.357842
-1.4439869
-2.9736383
1.6071376
4.7145615
0.85744077
-2.4632335
0.27279827
1.774182
2.6683424
-0.74773455
-0.23270392
0.48813143
0.463999
-2.551008
2.8512971
0.06422001
-1.4930048
-0.08887564
2.5482311
1.7733068
1.2096888
2.3407648
1.5738411
1.3186616
-2.8227048
0.60577
0.8049534
2.6692445
0.21032503
-1.1609211
1.6806939
-1.6243666
1.9483465
0.9241853
-0.1847054
-1.1991544
0.18897071
0.31054205
2.9389513
1.6772509
-0.6115756
-2.05337
0.75791615
1.3718964
0.7697988
0.076615565
-2.669763
1.3476164
0.14188796
-0.13527551
1.4813638
-0.8600269
-1.6762294
-0.67170584
-0.36247697
7.624907
2.0707893
-1.1046541
0.80845433
1.6225425
3.3395622
-0.36684483
2.8282645
-3.6712632
0.45961303
1.1636124
0.058038667
-0.61581844
-1.0513825
4.1918163
2.4672124
-1.925534
0.42195377
-0.107029974
1.8821039
-2.033361
0.9821403
0.39764315
-0.08542855
0.34501648
2.61688
0.84250784
-1.4334491
-0.5302123
-0.23281235
1.7147709
-0.40479726
0.50873196
1.1281192
1.3334805
1.6919388
-2.0184922
2.0579667
-2.2772253
0.90582806
1.0576382
3.9827888
-1.1666528
-3.9291184
-2.9940796
1.7806957
0.6348689
1.0116471
-1.0693332
-2.3159442
-1.816986
0.41799343
-0.9435347
-4.427496
0.89766407
0.20084074
-0.5679591
1.2009182
-0.7225612
-3.2056494
1.6025515
-0.15589988
0.13474847
-0.54384106
-0.5765394
-0.7418851
0.57256585
-2.7608547
-1.1379018
-2.8030403
-1.3021367
-2.3773792
0.9163488
2.5454502
0.7443296
-2.0783734
1.4273382
1.2106429
0.3153678
0.25993514
3.5971985
1.118181
1.3569022
-1.9468973
1.8849385
-0.7008745
-2.5601833
-0.1955503
-1.2812467
-2.0152993
1.2244246
-0.4142977
-1.1952595
-0.15862085
2.3314755
0.64143
1.2022178
-3.7716894
-0.09424607
-0.4923104
-0.9130188
0.9596929
2.4988103
-0.30815023
-2.7216787
1.7317524
2.9902961
-2.0370781
-2.2301047
4.3569427
1.8591478
-2.6376758
-0.81374145
-1.3477713
-0.13067645
-4.8612123
0.47407633
2.3820426
0.019173093
-0.60774475
-1.6450467
-1.7169946
1.1024896
0.58662254
-1.1528091
-0.84517384
-0.8919428
-4.0485587
1.3499923
-0.038593546
-2.7441053
-2.2509358
2.2774923
0.93243986
-1.2903674
-0.15378788
-0.80229133
-0.6365767
1.9213244
-1.2472268
-0.10703855
2.4622555
2.0258245
-2.1992831
-0.40461016
0.26888368
1.1404096
-0.16495964
-0.75129247
-0.040649146
-2.3695922
1.202149
2.7314694
-0.37000704
-0.39737695
-1.8024995
-3.961568
0.038613148
-3.1919696
0.2638234
3.8784666
0.36937934
-0.31213868
1.7794069
-3.560782
-0.30084288
0.90157425
4.6041346
0.9247719
-0.6450999
-1.1766359
-5.0582714
-1.0075772
-2.4925756
2.0599523
0.4303472
1.4561936
-1.7780962
-1.366977
-3.3344831
-3.1474862
1.2668856
-1.6124725
1.5345076
3.470708
-0.9571684
-0.25352466
0.42491063
-1.4778192
2.6563988
0.21907353
-1.6411742
0.6557936
-3.9340472
2.793239
-1.3735856
2.4813502
-0.30886313
1.3359988
-1.1294329
-0.019639842
0.4991983
0.5429057
-1.2278905
-2.3897772
1.9997612
0.7736492
1.6743518
1.493263
2.5823355
-0.26041654
-1.6522214
-1.9405613
-0.7872464
-1.4853126
-0.45657218
-1.0640335
1.3744893
-0.5958296
-0.31233326
3.7226038
1.2727975
-3.2172885
0.67941767
-0.64935166
0.3425665
-0.62184894
-0.6991193
-0.049300194
1.0024437
-1.8204331
-2.1487246
-0.0504904
2.6593177
-1.753925
-0.33379015
0.94081163
1.693756
-0.7176736
0.03603579
-2.7234464
0.41252306
-2.3642457
0.6180254
0.24030362
-0.89160377
1.5033937
-4.176423
0.2542043
-2.0712607
0.7259659
3.2120662
2.9899487
1.2973858
0.17967953
3.153904
-2.0819302
-1.256334
1.412411
-2.348658
0.87838644
0.5329427
3.5843518
0.46622026
0.21471906
-2.1856413
1.9372455
-1.4358605
0.70935607
-1.6824704
0.30144337
-0.39340103
-0.19923192
1.8714594
-1.4984968
1.6572723
-2.4338658
0.6259224
2.1491575
-1.2752485
-2.427401
-2.312644
-0.7475895
2.5676944
-2.4608347
0.4815742
-0.79238266
-3.1233866
1.2568371
-1.452805
0.3660575
3.3611596
0.8712173
1.5752198
0.0741477
2.799947
4.1159315
0.7271465
0.57122284
5.0676885
-1.749817
-2.0597997
3.925249
2.3918462
0.14563414
3.8143778
-0.41236234
-1.8209226
2.1691506
0.2993765
1.4224361
0.71826726
0.6516928
-1.3043926
0.034645356
-1.9065719
-2.6280684
-1.4496452
0.22616804
0.5880036
0.9759054
0.5821318
1.2560959
-0.9529843
-1.2002538
-1.3447621
-2.3109236
0.24185336
1.7981241
0.9301363
1.0091487
1.3286155
-2.8405523
4.0898814
0.8628481
-1.1058666
-0.5929352
2.0593898
-0.21230085
0.2637736
-3.7686617
0.33077717
1.9855582
-1.9427974
-2.7883418
-0.36794826
1.012813
-2.6258473
0.7960698
5.1762347
3.8122523
1.8117062
-2.8790283
-1.6809484
1.5464698
0.44433984
-0.090526365
-1.7591517
-1.753434
-1.0250976
2.929189
-0.8692184
-0.5256845
0.31187782
1.2367884
1.68831
-2.064381
2.554276
0.9475537
-2.3946564
2.5037303
-0.9800992
-1.5029112
0.030650944
1.4623576
0.073567785
2.0421813
-1.2215929
1.4083643
0.6864881
-1.2427248
-1.4952711
1.9890789
0.57886505
-0.20413607
-0.5408822
0.0019315481
2.8488784
0.5424598
1.2177919
2.795278
0.4996011
-1.6956137
-0.1403741
1.2970083
-5.332308
-1.6019241
-0.053460356
1.0902593
0.391384
1.7718575
-3.9718878
-0.8803225
1.6206288
-0.15138108
-1.5687625
1.7457815
-1.1678271
-0.07512662
-0.96540093
-1.009955
-0.12286904
-1.2673177
0.3280139
3.6733985
0.6132977
0.2570044
-2.367226
2.9236653
1.5063949
1.0860693
-1.5379965
-0.19470796
2.15477
1.2685628
0.34116778
0.69925255
1.8312339
1.364156
2.776438
-0.6039125
2.4197316
-0.521925
0.4598734
0.63447136
2.7141712
0.56890893
-0.23977335
-1.0580599
0.5264478
1.2327857
1.1784711
-2.67464
-1.8578511
-2.3290036
-1.9630427
2.0159369
-0.5948356
1.1065098
2.0916333
-0.6904402
-0.7334327
1.2752897
-0.8896825
5.016547
-2.2692037
-2.1737452
-0.19032896
-2.543661
1.0088515
1.9713912
1.0732709
-0.9198455
3.0592203
-1.76941
0.08033287
0.609983
-0.3610612
0.524627
2.1070857
-1.4309739
1.9187957
0.13477413
-1.3968868
-0.7209593
0.10692674
2.084215
-0.67868155
1.5910656
-0.5600761
0.5315195
-2.4619553
-0.6277921
0.8284243
0.6155194
0.42724693
3.4982145
-0.8753894
2.4424677
-2.2054758
-1.5024209
0.19314678
1.3246765
-0.01173351
-1.0225246
-2.4091744
2.1006231
1.3639122
1.6016709
4.0334244
-0.23306492
1.8228352
1.4465021
-1.9362662
2.1991153
-1.133172
-0.7525955
-0.6604597
-5.695411
0.8938442
-1.5715284
1.3020513
3.5011938
2.0271585
0.88176936
0.6216107
-0.36455727
2.548446
5.4189577
-1.0247597
-0.48678955
1.1586941
0.016122065
-2.3901494
2.6975808
0.32897392
-1.6011487
1.6509022
1.227503
2.4834857
-0.49081716
-1.1916502
1.7824955
-1.889114
0.058548607
4.1172085
-5.257071
3.1101286
-0.055631734
1.1747328
-4.2524376
-4.0025578
0.8305309
-0.48369163
-3.1775432
1.1516609
-3.7380204
0.0040834993
1.406429
-3.9343486
3.0240004
-1.3237455
0.8355858
1.2847573
-0.371174
0.19201893
-3.9977753
0.25220406
-3.7727509
-4.2804036
-1.5648597
2.4445646
0.24390909
1.9118423
-0.34374845
3.232037
1.8931733
0.97956085
-3.832533
2.200032
-1.3158861
-2.438824
-0.97159374
-0.3112449
1.0822839
0.6234351
-1.6640829
-0.9703371
-0.28108072
1.4461464
-0.10499024
-0.945069
1.6596359
0.67124045
1.1336282
1.3300507
0.0093324855
0.30044898
-1.5321758
1.3581271
2.4677343
0.7125859
0.8687226
0.65751773
-0.29111937
-1.9792506
0.17217125
-0.63672054
-3.0550165
-1.5485837
-0.67228824
1.5929744
-5.1834593
-1.1525096
1.7838684
0.13542464
0.32150543
-1.5297488
2.2841375
-0.89278054
0.21348844
-0.30785075
-0.41945466
2.1197035
-0.047929473
2.1559691
0.31623527
4.897548
-2.896184
0.40510118
-1.4563434
-1.6145241
2.2586386
1.7505734
0.70941705
-3.1570473
2.947248
2.3352666
-1.3846562
-0.587825
-2.9967768
-2.0108302
1.2991858
-2.4978275
-0.18986101
0.28984472
-1.7058548
2.3331516
0.564316
-0.2735187
-1.0418218
1.583771
1.3682615
1.1984568
2.1456702
1.1557206
-2.9127831
-0.6238223
-1.5804949
-3.8175595
1.9210651
-1.3166819
-4.987134
-0.16391358
-0.82285655
-1.9409611
-2.3144722
0.24649517
-1.3286707
-3.2690697
2.3079515
0.4516176
-1.2930592
2.255087
2.2867112
2.6079245
2.6824887
-0.13785008
-2.3174558
-1.004241
-1.138503
-0.39352548
-1.720122
0.9649224
-0.41548446
-0.1509008
0.3430485
0.91770697
2.5275404
0.88354415
1.2392794
2.5307765
-2.3212557
0.24811724
2.5919473
-0.37532347
-1.4641109
3.9102004
-0.60375637
3.9978952
3.8250985
4.9294295
-2.2710056
-0.96540564
0.72505534
0.6891132
-1.9683834
-3.5279143
2.9117708
-1.7405052
3.4955885
-0.49630246
-1.1938993
-0.37927046
-0.4994163
0.28116882
0.31409407
0.7719457
-0.969663
-0.10767759
0.31127512
2.4089518
-2.2955196
-2.39581
-2.687542
-1.6783478
-0.3612772
0.29531586
3.015338
-0.99965173
0.6096012
1.3575646
-2.6541235
1.3234208
-0.7990269
0.5718577
1.7818733
0.27997032
0.46167377
0.72499114
2.650525
-0.8961742
1.5074794
-0.6304215
0.015175693
2.7766697
0.7723354
-0.07656203
1.3936716
3.4738433
0.8751733
-3.2237103
0.32527074
-3.0804276
1.0881141
-5.1930385
-2.133251
-2.5832503
-0.43830463
0.5079513
1.5650243
-1.753514
-1.8508245
-1.6235157
3.9998143
-0.8202074
2.08369
0.77961105
0.5647043
1.9643387
-0.21692255
-2.9820688
1.6294433
-4.1407576
-0.17908859
-1.2157989
-2.4065044
1.0248426
4.135878
-0.04148549
0.57955647
1.2610608
1.0463407
3.1995242
-0.37337503
-0.69244766
0.46785805
-0.6356313
-0.4454001
-1.9757189
-4.3225765
-2.60995
3.9777474
2.315777
-3.9646828
-2.1667624
0.8599328
-1.7922195
-2.9733143
0.39665025
-2.2224975
-2.8290317
1.9809916
-0.6899199
-1.1482587
1.7220979
4.7090745
-0.7002997
-0.39032444
0.30620217
0.08978383
-0.23165992
0.13313648
1.3662822
2.133297
-2.0446935
-0.10727917
-2.4285226
2.7323883
1.9705812
-0.9422955
0.8938723
2.0587282
0.2843577
-3.7416813
-0.60641176
2.1829772
2.0756311
-2.0897436
0.15338507
0.33680576
0.08772244
-1.0965701
-5.1430364
0.53737867
-2.294105
0.012786493
1.4095482
4.194388
-1.2308725
1.394298
-2.6493747
0.10061471
0.38880485
1.594826
-1.141867
-0.36051553
3.1781902
-0.61585414
-1.1252489
-2.3574677
-3.7580423
1.1746674
-0.9638264
-0.6460735
1.7681417
1.7276435
0.19685087
0.474438
0.47540346
1.6724006
-0.8878593
1.0414712
1.8931113
-0.9370036
2.614366
-0.05415815
-1.6534276
-2.3902395
-1.2912056
0.055934183
-0.76744026
-1.637439
-2.8330133
0.009633966
-0.7340407
2.5631318
1.9772848
-3.9462345
0.3948767
0.84882224
-1.5110056
-1.7426648
-1.5408167
0.058174424
0.62919474
0.43321496
0.20655534
1.6825514
-0.4121538
-0.33911678
-1.3516779
-1.674877
-0.83704793
1.7386969
-1.7363567
-0.33129042
-2.9322188
-0.10759443
0.34193137
-1.253781
-2.560084
1.4674126
-4.1384006
-2.6203585
1.7795652
-1.0111381
-3.375734
-0.31559318
0.6640513
-2.0043848
1.3660933
-0.71405613
-3.048125
1.9006363
1.2262499
0.7610591
-2.71173
-0.47477734
-2.7511754
2.3680606
1.1464326
-1.4006591
-2.113036
2.4197083
1.4933559
2.2432342
-4.856436
1.2318878
-3.8217235
-3.4798832
2.448397
3.232668
-0.5395921
0.8975434
-2.741396
-1.3110462
1.2214499
-2.4031887
-0.8894953
0.69012165
0.37232566
-1.4967772
0.5370825
-0.07376262
3.6123326
2.8925414
-1.8960661
0.4117725
0.72128314
-0.77318525
2.1081707
2.5404954
-1.3950878
0.023487553
-0.7828736
0.7383898
2.7592833
1.3151065
1.6992271
-1.5346787
-1.5168245
-2.7301192
1.3563805
1.0848906
-3.7631269
-2.120374
-0.5771027
-1.1950574
-1.7609177
1.998212
-3.1232474
-0.19814867
-2.4170399
-0.601496
0.8513638
3.5991623
1.0630921
2.7506046
-0.2475988
5.4667487
-0.7659505
-0.6492407
0.64090633
3.5821881
2.317429
-0.83199054
-0.89125484
4.096848
-2.6713796
0.7976179
1.2756217
-0.09066326
2.708188
0.4121657
-0.63635784
-1.1989083
-1.0799171
-0.6057601
5.8333387
1.6849179
-1.6572735
1.2589566
-2.9850025
-1.9134381
1.8422425
-0.113233365
-1.162725
0.38750917
0.42557102
1.5879855
0.8103811
0.47557876
2.358551
0.976161
0.44767684
2.180839
-1.1472785
-0.77680707
1.392126
-1.1032891
1.6823058
3.431764
-3.4863381
1.82859
-1.7435374
0.34721234
-1.3975878
0.03246723
1.1786468
-1.2509342
0.04008718
-0.43775114
-0.32794136
-2.4337795
-0.056763195
-0.48765212
-2.3134737
3.036252
1.4022775
1.6792537
-2.8886728
1.6778558
1.1392361
2.2806287
0.19621076
-3.1623678
1.4836141
4.237985
1.2591156
0.1447972
-1.7844626
-0.9008473
-2.9113038
1.2543421
0.5191374
1.8346899
2.3347754
2.3351862
1.7295058
-1.2113224
0.80912924
2.663163
-1.9200561
-2.3858964
1.422247
4.817811
0.51234096
-1.8864632
-0.08066744
-0.91260713
-0.28230733
0.33941522
0.20688409
-3.032173
-2.2351222
-2.838055
0.6904898
-0.6475758
1.648534
-2.5730565
-2.4147387
-4.1029243
2.802265
3.7905438
0.8696804
1.2130519
0.26716548
2.2983387
-0.2453773
0.5313427
-1.6695057
0.1886974
-0.5838649
-0.6170488
1.6858766
-1.3222018
1.1766405
-1.147129
0.4076168
-1.5757985
-2.065348
-1.7135179
-1.3737265
-0.3286811
1.4914244
0.64437324
-1.021821
-1.8486435
-0.35226846
1.8015002
2.7669826
1.8276035
-2.8439517
0.5118552
-1.6973846
-0.4649686
-0.1225305
4.758188
-0.49787673
-1.4256989
5.1109624
5.204543
0.19299118
-2.390364
3.3531184
0.02626083
3.4691691
-2.6387956
0.23898396
1.3930601
1.1066757
0.30989942
0.23043461
1.5008043
1.246057
-1.3692245
-2.9351628
-4.209603
0.55625653
-3.4095244
-0.4087875
0.04681679
-1.6440907
-0.43857956
-0.9983078
-0.44221765
1.3432931
0.6200744
-0.2551548
2.205904
1.1499255
-1.7161449
-0.7603002
0.3135479
-2.7073607
-2.0742927
-2.0081835
-1.4092108
0.65178645
1.6502374
-0.21191019
-0.21879025
-0.66422856
0.0979415
-3.685145
-0.3607809
2.2876024
2.5608282
-0.20917314
0.71679235
1.1605033
-0.8640785
-0.51585615
-2.7530096
1.3617319
-2.7686899
-0.5466149
-2.7305694
-0.44711176
2.3607678
-3.0536299
0.54883116
-4.6751437
0.012053147
0.4228067
3.716263
-4.39096
-2.6286564
-0.2687446
-2.6948383
-0.09897556
-1.11546
-4.103735
-2.0636537
0.46312532
3.1947129
0.8403493
-0.6429559
-1.3096813
-2.101244
1.546917
-1.3349705
-0.3114781
3.223197
-0.5336031
-0.011042353
-2.1567504
2.1935008
-0.32770917
-0.35567528
-0.80563694
-6.3482924
0.9985412
0.7869233
0.8362968
-1.6570338
-0.054113682
-1.9189576
-0.9059559
-1.0060139
1.0939256
2.5089679
0.46109423
-1.0582356
-0.22983168
-2.430555
1.7703027
-0.49908915
1.7188723
1.2927625
0.13306084
-0.56404376
3.2384934
-0.98739433
-1.8669268
0.248465
-2.9184072
2.2181776
-3.2835033
1.2046524
-0.82837695
0.86744225
-0.23657788
-4.577582
0.069412105
-0.66782314
1.2870364
1.259442
-0.008743361
2.3080523
3.2765152
1.1373464
1.4860423
0.16261119
-1.6496232
2.1244845
1.3951885
0.8634876
-1.8619546
-3.1996098
-0.62013316
0.7536971
-0.895015
1.8707052
1.462543
3.694023
0.52907425
0.0940586
0.9807831
-2.8994606
-1.7904673
2.125952
0.87637335
-3.376667
-0.39229912
-0.73649466
-2.7000103
-1.19508
-1.2762057
0.6723274
-1.036079
-1.7026069
-0.19401604
-4.490784
1.7564743
0.11938615
-2.365914
1.091622
0.58739823
3.6772664
0.58726954
-1.0325569
-2.9830325
-1.3485968
-2.089818
-3.9633327
-2.9530373
2.4313202
-2.369859
-3.3979301
1.5779495
1.5268329
-1.3480334
-2.3655715
3.320284
-0.45944792
1.7344787
-2.1175196
-1.3468599
1.002583
1.3252913
-2.1110013
-2.6438718
2.7945359
1.2743014
-2.7686892
1.9911864
-1.6920227
-1.2624106
-0.41258246
2.5661452
0.92411333
0.2845499
-2.641542
-1.447845
2.8126757
1.2829894
-0.22203794
0.070935816
2.1482122
-0.94581807
-2.4027505
-0.4104207
-1.0004064
1.2709318
-2.7076106
-0.37194237
-2.9242513
0.26200452
-0.9393193
-1.3905697
-1.027701
-0.7621866
0.16409725
-1.6774201
1.7457733
0.86906976
-0.5460301
-0.16543415
-0.054284677
-0.35852927
2.6663334
2.976718
-1.3444446
-2.8128512
0.8812364
2.1345882
1.9280596
-3.141047
3.0427887
1.0832367
0.31268853
0.9639802
-1.3797941
-0.108459346
-1.9826047
0.09366641
1.9954859
-2.8381193
0.908486
4.1532807
-0.3609734
-1.3888928
0.31155962
-4.02131
3.6150641
-1.2708291
-2.920898
-1.6216215
-3.1053026
-2.3941038
2.7969885
-1.1680683
-0.2571365
0.1726971
3.7786949
0.75400144
0.12007276
0.647615
-0.19306391
-0.23114553
2.209907
1.3673695
-0.07764029
3.0701835
-0.9381177
-3.329118
0.080262944
2.2560885
1.6441436
-2.3370793
-1.0791765
0.047952943
1.6431121
-3.6301336
1.4358726
1.5986524
-1.5226034
1.5333054
0.27033582
1.544443
-1.567704
0.539475
-1.2655011
-0.55223566
-1.3157647
0.8840969
-0.8212508
0.9979543
0.99045885
-2.3355718
3.5368938
1.9357893
0.8351955
1.9041483
0.27737498
0.085031405
-0.31628203
-0.64192814
1.4418043
2.647021
-0.68165654
2.0440683
-1.1794293
2.3502233
-0.68131965
0.038932726
-1.3384831
-2.4688017
-0.7267004
2.2208514
2.1246922
-1.719172
1.09193
0.9630933
-1.2478555
-4.154525
1.341978
0.014422797
1.9917153
-1.8531646
-2.3852308
3.0138588
-0.9021998
0.20263854
1.8878349
-1.466839
-2.1032996
2.0760198
0.48578075
0.14204858
0.048022784
-0.36559683
-3.6832378
0.1462147
-0.7382183
-0.40434718
2.1782238
1.9741255
1.5500034
-2.3936722
2.3985941
0.40359554
1.9625741
3.8908834
-0.36783442
-0.7422401
1.106579
-0.69999886
0.572101
3.7498174
-1.6649832
-1.8249625
-1.4279594
2.4712524
0.7214597
-2.7285645
-2.2048013
-0.3986043
0.5909556
1.6469383
-1.8781661
-1.121563
-1.188218
-1.2142693
2.2229571
0.7782256
2.6199918
-2.7461338
-1.4060905
1.1410421
0.31474447
2.0434809
0.5490834
-2.5810523
-2.4132185
-0.9383809
-2.6011782
3.6241596
1.6446749
2.6041667
1.6354014
3.2369866
0.050751552
1.8536599
2.3731143
-0.3218704
-1.7053812
-0.5645135
0.45394737
0.84325415
1.6760333
-0.30898032
1.0824716
-4.3740244
-2.1764033
-0.3640787
-1.6041396
-0.59070736
1.408731
4.3025556
1.8099889
-0.40242162
0.63912207
-3.3442888
-0.10104187
-0.34893516
2.8556013
-0.5636007
0.36811566
1.6798455
-0.63819
-0.39515045
-0.13920422
-1.4718263
-0.28790736
-3.9481454
2.8121195
-0.8920009
-2.4285781
-1.1740066
0.4587301
1.7350037
0.06188683
0.8866025
-0.13995892
2.179671
1.9253665
0.50758207
-0.051979452
-1.955455
0.74096066
-1.607191
4.0264325
-0.6543798
-0.46117392
0.79648656
-1.7283989
-1.7221171
-3.1406267
2.6289904
-1.6005925
2.4741538
-1.6155952
0.45761913
0.22198603
1.0253651
-2.5061672
3.0141141
-2.427708
-3.1956387
-1.8303692
-0.89596117
1.675839
-0.21054733
-0.084355496
1.7321622
-1.7236344
-2.4909353
-0.115926996
-2.824656
1.256615
-0.5689673
-2.2992687
0.95840263
-0.6198814
4.434649
-0.7565969
-0.48754528
0.338531
-0.05775004
-0.46752763
-0.053771406
-3.4930975
0.16939913
-3.604267
-2.6143332
-2.4513278
3.0503104
-1.5660087
-1.8940289
-0.4991912
1.055003
2.2641973
-4.029449
-2.0573683
0.2356666
1.8447037
2.249372
0.6881807
0.9321659
0.862168
1.6404601
0.037143484
-3.1708279
0.5537057
1.436226
-1.5645136
-1.0073767
3.0958107
1.3256366
0.53362167
0.86131907
1.221456
-0.27122143
0.57495016
-3.6414495
-3.7672133
-1.3932413
2.93751
-1.3525746
0.49511588
-1.2431165
-2.8369985
-0.5856243
5.1257286
-0.39610812
-1.8761299
2.66179
1.0663202
1.0231525
3.3148818
0.77250755
-2.677234
0.9944291
0.1310268
1.9954983
1.436996
4.211299
-2.019301
-0.71698517
0.06131474
-2.0262349
-1.2810587
0.8844326
-0.642207
-1.9344858
3.9504666
0.5738526
0.112946436
0.081519976
-2.2048297
-0.34395254
-1.9040908
-1.8268957
-1.806507
-2.4135783
0.80069125
-0.9150221
2.3186164
-1.4029548
1.6665981
-0.78179944
-0.22867072
0.21211854
0.2820565
-0.25636122
-2.832366
-0.18950109
0.7841225
0.7622594
1.0622224
-0.79336077
1.4464285
-2.5179543
-2.701376
2.5419505
-0.33279276
0.6122802
-1.8337376
-1.1304791
-4.542225
-1.9119235
-2.5896673
-1.9288218
-0.96955
-2.2640383
1.5782926
-1.7113014
-1.4838656
-0.1119272
5.2511396
1.1725817
-1.5745015
-1.2795769
0.43780974
0.88311034
1.831678
2.3295255
0.18570426
-0.945043
-1.2794402
-0.7985917
-1.9016951
0.7178213
1.6973563
-0.30539292
0.14363089
-0.7410475
0.526403
0.50880545
-2.165155
3.7045383
1.4653604
0.7875969
2.806049
-3.728974
1.4869117
0.3832519
1.5845689
2.4099693
-1.6152668
-0.33344287
-2.4496984
-0.034501486
-0.49058205
-1.0463063
-1.7409711
2.6741822
1.5254616
2.1537147
0.38866454
-0.7643945
3.9888282
-0.648277
-2.0442114
2.8300736
6.6234045
-2.452467
0.29535738
3.7430677
0.3303034
2.054545
0.38962054
-0.66243464
-1.7869587
-4.5910807
3.1339054
-0.74358344
-0.27274463
-0.6068155
-1.2661517
-0.59335846
-0.18403444
1.1650991
-1.9727662
0.645744
2.3565807
2.1405396
-2.1545844
1.1571593
-0.8138322
-0.2925237
0.82765186
3.2950594
1.4111581
0.8309451
-0.82265794
1.7715231
-3.0080159
3.4426932
-1.1964023
-1.6745269
1.2356766
-2.3844125
0.15244329
-0.40787983
-2.3666897
-0.09355759
0.6817692
-1.484555
1.0258747
1.5461588
-2.327647
1.554446
0.58790374
0.5421403
1.9559207
0.25703996
-0.5494214
-1.5146581
-2.7224016
2.7924824
3.3200822
0.66554016
0.47486082
0.82729393
-1.3804867
-3.0269578
0.102405675
-1.5795652
0.5375252
0.4377419
1.0217011
2.7119064
0.26550037
-1.5874993
-1.5523914
0.7356788
2.5567348
3.3077273
0.44330648
3.10738
-0.97319645
-2.535886
0.709755
0.34389707
6.134238
-2.081817
-0.31313628
1.3130089
-0.41909084
0.13724396
2.6334958
2.7108428
-2.7644322
0.9530144
-2.3419092
0.13802335
-1.0678571
4.273882
-1.2315744
-0.4444401
1.26833
-1.2643213
-1.4944286
-0.279428
0.021731637
-2.7258022
-0.96828717
-3.4763026
1.7671791
-0.22796997
-0.7723485
0.51638865
-0.13254985
-0.43949682
0.44514245
-2.4774
1.5858736
0.0130218305
0.967672
-0.48449263
-0.91226315
-0.14587891
-2.2447321
-0.90701234
-3.9321272
-1.6116298
0.26332307
2.287744
2.3773894
0.54971474
-1.858105
0.9376575
-0.5587248
-1.3055608
0.26457146
3.8610165
0.9751227
-3.6638832
-0.85114694
-1.9120411
0.06701693
-1.4359646
1.7086074
4.142536
0.6994038
-1.4940658
-0.28561303
-0.9703145
1.1539655
-3.315374
-0.13062319
0.78885555
-1.8223534
-0.040009942
-2.2291722
0.34509748
4.094438
0.7275986
-1.0394031
-2.5352726
0.8925385
2.0445344
0.73101646
0.048289765
-3.7713006
-3.0679343
-1.9266225
0.044175874
1.9378651
-4.0143523
-1.4462588
2.1736858
2.0851545
3.778337
0.5671136
1.0012736
-1.3776466
3.3071566
1.6311843
-0.0908019
-2.7678926
-0.81273663
1.9801131
-1.2979121
1.2875468
-0.8884816
-2.3411584
-3.6914475
1.1228954
-0.6357947
-0.7328417
-1.0295697
0.9256843
2.5608976
1.1742117
-0.67692137
2.068263
-0.6367219
1.0407104
-0.048983216
1.9385929
1.9031165
-2.7982004
0.17070633
-1.4014415
1.5832835
4.9229984
-0.21407038
0.09276194
-2.3660233
-2.5434322
0.4671267
-1.4741709
0.47118467
1.2848228
0.15547483
1.1725386
0.59051895
1.486969
1.9520577
0.18049942
0.036421817
1.8234925
0.15291654
-3.055694
-0.7330948
-1.6370999
1.7560889
-0.6757502
-0.25551394
0.68980914
-2.088968
-0.2972407
0.025884993
0.042782754
-0.41512248
1.529068
-2.1208534
1.1745694
0.6203583
2.1411746
-0.8126962
1.0032814
2.1794643
-1.7480145
0.67506677
-0.3211304
4.509565
-0.28110194
3.2272496
1.1530619
-1.64557
-2.7929158
-2.0375195
-1.0384824
-0.2146608
2.283651
0.6291623
-0.4530379
5.2892847
0.1188508
-0.23164374
3.684863
1.6022168
-0.7334653
0.21856055
-0.64712554
-0.49484107
0.39482757
0.6617312
2.2607472
-1.6066004
-1.8723314
0.74980175
2.3861983
-1.2903467
0.62734735
1.3438472
-3.2319562
1.5231855
1.2094288
2.9093525
3.9837344
-2.8995783
-0.02274882
-3.1163487
1.5802858
3.814757
-1.2155267
-2.8180604
-0.2760362
0.09494264
2.5674767
1.3376378
0.8728515
-0.60162574
-0.41415408
-0.45563248
2.4633923
-3.0739286
0.17008737
-0.7604915
2.3123517
-0.8994712
-2.2366762
1.9690152
-1.9655465
-1.2001697
-1.1237054
3.1525524
2.615917
2.3396552
-1.6778108
-0.06681343
-1.1799449
-3.2951503
-2.20088
-0.22625586
1.2755256
2.0160432
1.5866044
-1.5753053
-1.419235
1.6048458
-3.0110226
0.72871876
-1.6782384
-1.7270117
1.1693184
-1.4812036
4.1272693
-2.66243
0.6979837
-0.66666573
0.13086386
0.30774796
2.9186227
3.566175
-1.65367
2.5969915
-2.316254
-1.1193875
2.572511
1.3654051
1.4907274
-3.453051
-2.0953147
0.9340693
0.16947082
-0.6243489
-0.3164152
1.9157559
-0.28602237
1.0688202
0.6556518
2.4853933
0.72425264
-2.4063754
2.742337
2.1419752
3.541982
0.31234166
-1.6310947
3.5484285
-3.879775
0.476377
0.5429321
0.011459544
1.6123343
1.873459
3.1071694
1.1070255
2.0782053
1.01298
4.480423
-1.1637499
1.702738
-0.35090193
1.4504932
-0.206651
-1.1537819
-2.5220175
-0.14580485
-1.120622
-1.0948436
1.3871253
-0.51187664
1.1679897
-0.8948649
1.0056695
1.0031016
-3.5813913
-2.666408
2.1386397
0.40697807
-0.39741772
0.6188861
1.8291864
-1.1586264
-1.5606183
-0.11901117
0.8450744
-1.2265393
3.0630877
-0.877349
-1.5638158
-0.20664552
0.52911156
-2.276271
-0.8551822
2.2036107
2.1437309
-0.7760704
4.9098306
1.3379809
2.2841508
-1.5241549
-2.2777445
1.340328
-3.428641
-3.5198176
0.41057593
0.20634305
-0.17651814
-1.3813285
-4.988861
-2.551561
-2.0178075
-4.1236477
-1.5066923
-3.3108184
3.2359486
-0.70414597
-1.4221475
3.6106932
2.9286907
0.69944483
1.0418197
1.8831781
-4.2549553
0.53734356
0.79199463
2.2985542
-0.7944739
2.3758147
0.74091345
-1.1130698
-1.412802
2.1850727
1.355645
-2.2117527
-0.1270507
0.40307492
1.587149
2.4911475
-2.038873
-1.298202
-2.1753922
-0.49501887
-4.243837
-0.44294715
-3.5544372
0.5720022
-3.5013156
-0.6418284
-0.7457443
-0.14939594
0.43005306
1.6605624
-2.5703754
-0.23900124
2.5839868
0.59688133
2.1576202
4.7620535
1.3330429
1.8091991
1.9343824
2.4952917
0.37532732
-0.84530264
-0.5331438
-0.3229798
-0.80439794
0.9308317
1.9737221
-1.1444857
3.2632244
1.0997405
1.8418303
0.40289515
-0.7619051
-1.1308241
-1.1906694
1.7391536
-2.5702207
4.385041
-1.9972132
1.052594
2.2578382
1.0282942
-0.8877578
-3.2536573
3.0005653
5.238318
0.06780024
-0.77221555
-0.8723426
-1.0058259
1.0469496
-1.3703395
0.7256604
0.7768819
0.7397547
0.49544358
0.21359003
0.36169207
0.49112642
-0.21729577
2.7349455
-1.1127684
3.3306983
0.6822767
0.64171076
2.0009727
-2.3137221
-1.3355893
-0.0424347
1.3356177
0.9731077
1.7412667
-0.2601648
2.09797
-2.5543585
-0.5140501
-2.4682817
0.5618965
-0.97486013
-0.6490063
0.049239684
0.6953418
-3.6808493
2.8904514
0.07862565
0.6748356
0.105151296
-0.23278745
-0.02765704
-0.5391573
-2.2385023
-0.95165896
-1.8157706
-2.2454464
0.56535786
-0.53725773
-0.063540146
-2.47823
-0.19955671
-4.3353915
0.66216207
3.567466
1.498871
1.2484246
0.098530464
-3.9838307
0.115039095
1.6898123
3.534651
-1.2936822
1.8583078
-0.003992621
1.1809435
0.2916119
3.0192568
2.029656
1.5678066
0.7897554
-0.14522281
1.9423616
0.8553918
1.502835
-0.014550053
-0.25305513
-0.2088273
0.1128965
1.1802952
1.3923292
-0.17434113
0.5022165
-1.9157951
2.8587368
-0.42186105
0.018369198
1.6828554
0.07204977
3.1124883
-0.48737365
-0.36661384
-2.1667593
-4.1948495
0.36327904
-0.29917318
-1.3022997
3.0494664
-3.1250687
-0.34548333
2.1498818
0.43261582
1.4216738
2.290065
0.6380355
-2.4862869
4.73723
-2.2649374
1.4621328
0.86964947
-2.64061
-1.2138484
-0.48142844
-1.6868936
2.4141917
0.17127609
-0.714152
-0.91462654
-0.11704656
-2.947414
-2.8887112
-2.5468998
-4.0206494
-0.07261607
-0.7522587
-2.0114853
0.061085157
-0.11081307
0.18443635
0.05174191
-0.75964916
0.29801092
3.1175175
-2.5191765
0.22040951
-0.48908818
-0.11883255
-1.7236271
1.6959014
-0.98978543
0.8075983
1.573284
-0.16204938
1.336851
1.9660392
-3.7411125
-2.3456416
-3.181501
1.4823668
1.0113457
1.0136591
-0.06863077
-0.657493
-1.3049388
0.061822973
0.6381159
-2.810576
1.2425847
-3.0596662
-1.8795689
-1.9658419
-2.3224509
0.020492911
1.3561623
-2.882566
-0.83610886
-1.9149923
-2.023328
2.0767784
2.7267559
-1.2015705
-2.4785676
-2.761459
-2.4412115
2.079739
0.71596694
2.7943769
-1.9523783
1.4028254
1.564715
0.6092348
0.20821854
-1.0848216
1.3162743
-0.692399
-3.4580603
0.38124105
-3.6707544
-1.3766948
2.4755898
4.043482
-2.282968
-1.4811912
-0.6628442
0.8461085
-1.5712277
0.6627407
-1.6877544
-3.8946369
-2.084967
-3.0017662
-0.4285437
-3.9135132
-2.7930613
-0.4462244
-3.1857033
3.1977355
2.6982818
1.9206474
0.7936233
-1.4989032
1.3502558
2.7390873
-0.9879008
-3.196073
2.9665368
2.6691937
-0.29345325
1.3180557
-0.78922856
1.0103196
-0.40610018
-3.8222117
0.031087924
0.8390223
-0.66046816
-0.3978727
0.70358783
0.4466756
-2.1917017
4.8651643
3.1306028
-1.6404592
-0.93720514
-1.0601428
-2.335775
-0.7315896
-0.7787779
0.4800731
1.9301469
-1.0700117
3.0326219
-0.040837787
1.8564458
1.9037173
0.7732737
-2.7220263
2.7308497
-1.3758658
1.3378034
-2.8909352
-3.0331883
-0.68142116
0.23751453
-1.2119172
-0.115589924
1.8988643
-0.77868026
-3.3419225
-1.4727533
1.1913986
1.2057086
3.4508438
-0.38888848
-0.50333923
0.43650842
-0.82845354
0.5653898
-1.3232107
1.2743134
-0.19903433
-0.19147886
-2.829693
0.29198313
-1.7922312
-1.1949496
1.7625706
-2.7066793
-1.2569956
-1.4039088
1.0454682
3.1894696
1.9811678
0.5784661
-0.05489024
-2.394978
0.81914437
2.0283682
0.97789896
0.6672628
2.2748225
-4.400846
0.56446636
1.4334762
0.5006593
3.8288553
1.5090483
-0.9062476
-4.646971
-0.105364375
3.4124286
-4.093015
-0.9859485
-0.85553473
-1.2198005
0.25124598
-0.9416964
1.410176
2.540142
-0.9606352
-0.10961562
0.3647873
0.5659892
0.5109223
-2.2826838
0.8074824
-0.92448723
0.71481335
0.55731267
-0.656947
1.2203662
-0.6299541
-0.17108491
-2.427968
-1.3800851
-3.0018678
-0.036683872
0.43932885
-0.8792408
-2.594339
0.05953514
1.9423258
-1.1348116
-0.9338532
0.78813046
-3.4982767
0.93962336
2.0756683
0.010213494
-2.5711765
-1.8409098
1.0353268
-1.5431852
-0.1278626
-0.9498616
2.8910859
3.2661042
0.7159731
1.4573885
1.3813936
1.9484167
1.9930723
-1.776524
0.87027234
0.120704174
-3.1427832
-3.935709
1.726436
-0.87159246
-1.1358632
3.6570282
-2.3753197
1.2361863
3.058733
-1.1626384
-0.11769669
-1.985412
-1.1587911
1.9845152
0.1345292
-0.32388967
-2.0889301
1.5066828
-0.6357248
1.8962095
3.0375264
2.0328145
0.25103188
-3.1561196
-2.0696628
0.068139754
-2.3862782
-2.5769334
0.56428295
-0.7878854
1.5481316
0.7960329
3.097652
-2.9958742
0.5202777
0.55419713
-2.2850664
0.62337166
1.9399165
-0.10396974
1.9035017
-0.87107295
0.902408
-2.4231367
0.90908873
0.7125832
-3.2728937
-0.32372627
-1.8764827
-0.17232132
-1.0818244
-0.28240746
-0.5126244
-1.3969736
2.5760143
-1.3358492
-1.3058994
3.0458238
-3.3539078
-2.7334256
-4.2031994
0.11944199
-0.52460235
0.18779328
2.6303139
2.4781406
-1.7241307
-0.82023174
-1.3508469
1.0894578
1.5018994
-1.133252
0.21513833
2.035878
2.0126822
1.3333379
1.194965
0.11672718
-0.77414864
-0.37203395
-1.1067203
1.4624522
-1.0996372
0.8231522
-0.05021952
0.63301116
1.2822251
-1.1349387
0.20859331
-0.7057309
-1.4475614
-0.52523375
0.35565877
-0.72756517
-1.791633
2.1497135
1.5149164
2.2896576
-0.053179912
-2.2083485
2.1705585
1.5122858
-0.068995625
-1.100861
1.5707908
-0.59604615
-2.7951162
1.9823474
0.8329367
-1.7020183
-0.1074217
1.4149215
-1.4232843
-2.6437643
0.33516583
2.0288007
-1.5555578
2.034825
-1.8435936
-2.2099345
-1.8621933
-0.73957
0.23986858
1.4462985
2.799463
-0.19218826
-1.558036
1.4831239
1.3152367
-4.335944
-0.14744598
2.5963912
0.8105862
-0.57654434
-0.7994366
2.3660152
-0.06255624
0.3467464
-1.7188461
2.1253412
2.871426
-0.9310062
-0.73434675
0.04147868
0.33936304
3.7796838
-0.95640427
2.1618586
-3.238992
-2.3980086
-1.9203944
0.72863376
-1.1596946
-0.3672033
-1.080289
-0.76391035
0.07102074
0.42306224
-1.3546243
0.44917953
-2.4381163
0.3246507
3.8930073
2.3392272
1.6615976
1.2446676
-0.97963876
-0.91430515
0.19110385
-0.9714473
1.2481765
0.05059731
-0.67360777
0.82233423
-0.4964607
-1.2419212
1.5985659
2.5349827
3.2948244
-0.69979984
-1.5133015
-1.974094
-0.27900076
-1.674207
1.6596464
2.8173604
3.1671646
0.103486694
0.5101247
0.16613132
-3.6241088
0.1732172
-2.2359161
4.1726866
-0.6392563
-0.59989554
2.7478263
0.27224457
0.3286886
2.6529403
0.44656643
-1.4291166
-1.1626973
1.298011
3.4057732
0.66808033
2.68096
-2.658052
0.39504486
2.245365
-2.0097704
3.887344
1.6772243
-2.7037256
-1.90702
0.20480481
1.5201313
3.2193718
2.3478053
0.727439
3.233215
-1.3753865
-1.3686048
1.1509391
2.415682
0.7774521
-2.747913
1.5907794
-1.0646515
-2.1375506
1.9670659
1.0902287
0.8642894
0.63156146
-2.9928014
-2.3955116
0.45365354
1.3940252
2.733041
2.036059
0.58246374
2.6192865
-1.3052644
-0.009905092
-1.7825929
4.338148
0.063338034
-0.76868075
-1.1844876
-1.7688242
2.4336925
-0.7267109
-3.2597094
-2.068237
-2.8669677
3.1721766
1.5579832
-0.45948246
0.5736692
1.9881142
-1.4548775
5.242179
-2.6965988
-1.6351146
-1.134189
-0.3106464
-0.73073995
2.0473342
3.781049
-0.2996942
4.340314
0.20488146
0.91603863
0.65008503
-1.5363709
-0.9289981
-1.7385303
0.8150751
0.37147406
3.172662
-3.461823
1.1041092
4.014355
-1.481553
-3.7478442
0.7942918
0.116738304
1.8264546
-0.73614717
-3.3486004
-0.06967966
0.95600593
-2.3054636
-1.0455385
0.20250952
1.1800764
-0.8904351
2.5161066
-0.2190592
0.9327043
1.2219889
-1.4386613
0.108604126
-0.05221489
0.5268655
0.14460969
-0.80510736
4.449361