Glarar
0
-1.340187
-3.598447
-0.83030516
-2.8704877
-1.5553651
-2.549475
1.8732864
3.1989114
1.475443
-0.35501635
-0.58591664
-0.4988253
-0.47933635
-0.4616784
-0.32891512
1.8650423
0.9847107
2.0950527
-0.98973334
-2.6493888
1.4613025
0.3681411
-0.9131219
0.2809598
1.5818623
1.0536411
-1.6182425
0.558171
1.022348
0.48309264
0.09269599
-0.6170834
0.8724632
0.23569483
3.2802927
-0.54173875
1.8900794
-0.59811187
-0.69403744
-1.4237943
-2.9339402
-0.97279674
0.35096812
1.722029
-2.9476528
-0.46109536
0.5914823
1.2661628
2.3838613
1.0949717
2.2351341
-1.4715278
-2.4049404
1.2568717
0.43128875
-0.24061613
0.6982939
0.6726532
0.070691116
-1.6024631
3.1964478
-2.8966317
1.3293976
-0.7311528
-1.360796
3.1718311
-3.883096
2.2625632
-2.4910772
-2.3044481
0.20091206
0.43128726
-0.6614776
0.81018174
-3.8683195
0.43682477
2.138709
1.5556538
-0.124342866
3.8191001
-2.0539098
-3.4079254
1.8525487
1.6494147
-1.507315
0.8549564
1.5347656
-2.851187
1.4718065
-1.4307634
-1.0335194
-0.21592861
-0.61329454
-0.009491652
-1.1848708
-2.0689857
-5.8454437
1.8097024
-2.9645128
-0.22735497
0.8914682
0.30402133
-1.9360324
-0.95557046
-3.070768
0.32098985
-1.6465498
1.9017028
1.6024382
2.8301363
2.466095
-0.9561661
-0.3213709
-0.9334255
-4.3342795
-1.2770243
-0.21726494
3.2618775
2.4073565
2.534277
1.4554594
-0.63367575
1.1418766
0.068104915
-0.6295291
-1.4732203
0.55047715
4.5123906
-0.43725216
1.015551
0.09582782
1.2481642
0.7747213
-0.05929265
2.208212
-0.5607666
-1.7812554
0.9515006
0.06136015
-1.6152134
1.5859295
1.6486747
0.55370396
0.52018684
0.29451245
0.03838407
-0.81708705
0.7654072
-3.5132415
-3.4257727
-5.000323
-0.18161638
-0.34890902
0.20856099
-1.9331768
1.0706154
-0.8350739
0.93972594
4.6731396
-0.58352053
-0.37015098
-1.5023228
-2.9173918
0.6513682
-2.102587
2.4184675
-0.2710394
0.540796
-1.7678554
0.19454423
-2.6596394
3.2091956
-2.155018
-4.0055056
1.1223443
-2.2163134
1.7392008
0.7052852
-0.9622358
0.6173247
0.74141866
1.7712144
1.1552758
-0.7093056
0.46737462
0.5148388
0.8757316
-5.545587
1.1410073
-0.6451548
-1.9615697
-2.1702695
-0.7106481
5.153825
-1.3338444
-0.64117676
-0.4434868
-0.14817739
-0.88866496
-0.75921744
-1.1014311
-0.08452686
5.1911907
-1.0204797
1.0150939
1.39162
-3.1290526
-1.0611628
-1.5916069
1.684203
-3.4641476
-2.2652805
-1.328575
0.6336835
-2.6914787
1.2592621
-1.1986204
-0.9686686
-1.5468792
-0.1010453
-3.0280023
-2.5286
-0.9036843
1.8684397
3.433568
-1.9602627
2.5416603
-0.9753176
1.1586121
-3.2843742
-1.6560724
2.8859863
1.5193839
-2.9739194
1.780681
1.9277653
1.5722352
-0.008117426
0.35510114
-0.6021378
-0.7568125
1.3970243
-4.020621
-0.1775465
-3.0004537
4.6873407
3.3463786
1.6839663
1.7928514
1.5951196
0.5987531
1.2879282
-0.49316245
-0.9034566
2.0797062
-0.6225494
-1.9957695
1.8605499
-0.43379015
-3.7375093
-2.288948
0.9797179
2.1874495
1.2751017
3.0773008
-1.2866191
-1.1909939
-1.8981335
-0.38369554
2.3638947
-0.093374684
-0.14519319
4.2603893
1.292672
1.387575
4.453167
0.043487653
-0.19241613
-0.04924336
2.4928076
-6.6762705
-2.9656944
-1.6690274
2.1175308
-2.1261983
-0.8619951
-0.5650744
0.18655086
0.4034032
1.2704184
-0.12321087
-0.61707276
0.99677485
0.051609993
1.3723917
0.95885676
-0.95953107
3.6728125
2.6411233
1.9447562
1.7045184
3.9100478
-0.46959558
3.0434396
-0.5227527
1.5019233
0.6537805
-2.0809908
-2.8635435
-0.0038929656
0.95623267
-0.92225224
2.8462214
1.7424304
3.7945676
-1.6379861
0.93761694
-0.19684225
1.7716006
2.9336443
0.61728585
0.056046292
0.10537949
0.79769754
2.6587372
-1.4647645
3.058832
2.4431736
-1.3442377
-0.06983693
0.2809372
0.9773061
0.57259196
-0.33360368
0.8042068
0.6508998
0.96730685
-0.550485
-1.4894664
-1.2353407
3.7361195
2.210734
0.035165444
-0.60831773
-4.9696436
1.28886
1.5675763
3.6096616
0.8170151
1.8964823
-2.846494
-0.78437006
-1.4410254
-0.90079206
0.08858811
2.0569985
-2.4427128
1.1489532
-0.6968237
-1.0217174
-1.9856601
1.9618477
-0.32949367
1.7818437
1.1333942
-1.5180368
1.56618
-2.1206198
1.7823373
0.87416476
2.0393245
0.5286575
2.376732
2.3742056
2.9128687
-1.5078162
0.69350654
0.8845865
-1.726393
3.0792735
-0.65555644
-0.30831736
2.252941
1.6370099
0.69362146
2.4208524
-0.5217304
-0.6843071
1.6583664
1.109756
0.7082029
-0.14630745
0.20834509
0.048252597
0.15414879
1.8924825
-1.3906845
1.9132372
-0.6020651
-3.2080028
-0.8779936
2.0229685
-2.401919
-0.31544384
0.063086
-0.24364461
2.3131237
2.7105157
0.8899777
-1.3708761
1.3753755
-1.695405
1.536756
3.0826406
-0.09016048
1.0164623
0.80081356
3.7356668
3.980297
-1.9261448
-0.18249227
-1.6047885
-2.074197
3.0715897
3.112088
4.9724174
0.9737641
-0.26258314
3.739605
-0.85542476
-1.506773
-3.1119075
0.20291701
0.8523523
-1.4847399
3.0212877
0.09760973
3.1681828
0.046752475
-1.8250861
-1.8459616
-1.1344068
-1.7792872
-0.8667357
-0.44329745
2.060536
4.00816
-1.7888054
-1.4332981
0.46314478
1.454613
0.4790757
1.3613591
-1.4618593
1.7662688
0.70108104
-1.5887841
2.7623947
-4.1458426
-0.65389514
0.63955206
-0.6343484
0.70175827
-0.35538664
-0.89387625
1.3445152
0.6844489
-1.5890564
1.5743687
0.72786534
1.9149401
-4.2496614
1.2548039
-2.1203098
-0.32102078
0.8564785
-2.0312798
0.6507186
-1.7661023
2.2312474
-1.4620359
0.28138927
5.367
-1.3347759
1.0825007
0.66366065
0.6512151
-1.0001696
1.371716
0.20656966
0.9948069
4.7886186
1.2656143
-0.020737946
0.10034506
3.016585
-0.14940456
1.5417174
-2.068424
-3.4717023
0.4561901
1.4417285
-1.0523391
0.39048964
-0.32861745
1.8401481
-0.966565
-1.0673026
2.7050679
-2.3331099
0.01903905
1.5207273
-0.17574137
-2.2977812
-1.695655
-0.2665196
-1.8184565
1.0067681
-0.7370754
0.20235524
-1.2861646
3.2321763
-1.9359608
-2.0156891
-0.09787395
3.314106
1.0837678
1.032798
1.4109688
-0.31438282
-1.7914736
0.88758355
-0.8658974
-1.597515
2.6254344
-0.42114276
-0.47303942
1.4099274
-1.5372605
-0.48704597
-2.2811503
-3.5263953
-0.30373123
0.21344987
3.4893095
-0.4839749
2.3909144
-0.053441577
-0.01726026
1.5755601
-1.046005
-1.8384473
2.9937854
-2.5671268
1.7795115
-0.23184332
-1.5994533
-0.57612646
0.98024744
-1.5955815
-1.6875021
-2.0180423
0.5585063
1.3354092
-1.3196276
2.3104062
-1.8107321
1.4878334
-1.7929857
-0.4892407
-3.2069247
-1.2036146
0.24088904
3.279069
3.9951587
1.9230623
-1.1116818
-2.6161175
0.90187585
1.2944202
-2.0115469
3.1945162
-1.8033623
0.38452896
-0.5993262
-0.13499062
-1.226953
0.29761988
-0.53004014
4.551307
-2.3498604
1.5166929
0.91076463
-3.2353344
-1.687466
0.27146676
1.3837594
2.7287366
-2.122109
2.313281
-1.2711961
0.98507196
-2.5017452
2.0684485
0.45433912
2.1291378
2.5846815
3.9294648
-1.4840791
1.6572685
-1.9788064
2.250021
-0.76146114
0.09086521
0.5467551
1.620305
1.963744
-3.9023898
2.175416
-0.011408221
-2.342893
-1.4797674
3.0947459
1.0850241
1.8184714
0.29350013
1.8922648
0.94750696
-0.64161396
-0.17030066
1.492779
3.0553515
0.69137084
0.5035895
1.8141161
2.3806763
1.1605557
-2.3915765
-0.6752041
0.5829362
-0.51908684
2.4353206
0.4736928
-1.4514867
2.0862288
0.1326432
1.9103415
-0.10822753
1.7345375
2.8214722
0.9615375
1.2924434
-1.4055523
2.4653757
-2.8649
2.9066103
1.8178968
-1.4529825
-0.45942742
-0.32822454
-1.2183001
0.41081652
1.5365026
-5.1842465
-2.5050778
2.0975142
-0.80112016
1.0492218
-2.074186
1.7571708
-2.3419995
1.7925965
2.799672
-0.5541748
0.6796052
0.91965115
0.5332801
-1.7472804
0.9970418
-0.35362476
5.145883
-0.43290004
4.465063
-0.962375
0.8121523
1.2094631
-0.38685077
4.722772
1.6988872
-1.218204
1.7618895
-0.7014741
0.8745753
4.1902757
-0.12604451
-3.8232355
-1.7294062
-1.6281052
-0.20926385
-0.14017576
0.053106073
1.1972426
0.43488598
-1.7104151
-2.8351238
3.242613
-0.5603105
3.2372534
-0.8634521
-1.8249533
2.8975506
0.18788964
-2.051258
2.2470605
-0.15200382
1.9728746
-1.5503906
1.4568839
0.21232826
-2.2269635
0.76560026
0.22803214
0.042314224
1.7160498
1.1946745
-0.89430314
-1.181226
-0.7302654
-0.6861532
-0.42325163
-0.38590053
0.52668524
-1.6385244
-2.9585004
2.3723702
1.3140439
-2.8800213
-2.7373927
-1.0477415
-2.1015546
-1.3094455
0.16458097
2.0815983
-0.1526243
-0.69394255
0.98675895
2.6577501
3.8257108
0.14974175
-2.2422385
1.9786189
2.0236037
2.146852
-2.3947566
0.35501987
1.992953
0.8014706
0.8597745
0.31751198
0.8411864
-2.0669966
0.32594937
2.8710742
0.8493596
-5.879356
3.8074555
1.9052367
0.7373491
0.6065712
-0.9966157
-1.3438921
-1.953136
-1.6063775
-4.922803
-0.433893
0.7530187
0.15744793
-0.9339945
2.9163616
1.3306701
-0.29339182
-0.6557978
-1.7694055
-2.755297
-2.2122104
3.1006958
-0.8167415
2.4852161
0.44426996
0.025168493
-0.42929414
-1.0119585
-0.09358617
0.8732795
2.6111512
1.3599911
-0.5373519
0.17683351
1.3833133
-2.3127978
-1.5178087
-1.5334864
1.4816107
-0.88182265
-2.954344
2.1870081
0.5429558
0.32315433
0.47910172
-1.2490314
-1.7366428
0.6464723
-1.5213786
-1.5712047
-2.0818126
-0.9921893
3.0800092
-0.019793622
-2.905611
-2.6841729
-0.7206977
1.5417331
-1.4921055
1.6051216
0.49133396
-2.3962166
1.4059557
-0.8765078
0.032674946
-1.7210133
2.3802695
0.43186483
0.96010447
0.5023384
0.7301315
-2.4638307
-0.49137464
1.6469122
0.9276621
-3.5188997
0.1537551
-2.579651
-1.4822654
-2.4782147
-0.71666193
-0.016973674
-2.1372676
1.9888209
-0.36172408
-1.3012686
-0.6830332
3.2067108
-3.7247617
-0.7310631
0.45683524
-0.27514318
-0.1297113
-1.1246071
0.20799044
3.0898998
-3.1614652
-1.616333
2.405992
-1.1212411
-2.0295382
-1.7280297
-0.5017762
3.4006581
1.786106
0.92470926
-1.5528256
1.6157154
3.0198424
0.0027633384
-1.1707947
2.2831666
-2.8771834
2.881597
0.76847565
-3.3117833
-0.07339834
3.316757
1.5332671
1.8285205
-2.1699424
1.0837228
1.1977926
-0.4406817
-0.9272534
-0.06031339
-0.4797621
2.111317
-2.942648
0.11412905
2.2683992
3.8830316
0.89069223
-2.9932106
0.25115615
2.5184546
2.4005475
-0.051485777
-3.1021245
-3.4387965
-1.5357265
0.27492148
-1.400744
1.6703393
-1.0605407
2.381958
1.9387175
0.14824834
0.5280407
0.97707355
-2.5354455
-0.31889772
-1.6971656
-0.39580345
1.2134008
1.8153497
0.12511429
-2.9842114
-2.3964067
-0.7915474
1.887964
2.557091
-3.579752
-1.472662
-0.07776579
-3.1133406
0.8494943
1.9309771
0.65924126
0.27992696
2.4500077
-0.027460307
-1.6409768
2.9027402
0.031202506
2.104575
-3.0663881
-0.10902079
2.776674
-1.14
0.15417653
3.460798
3.991834
2.0412955
0.80193925
3.302364
-1.9290974
0.26983196
-0.39790058
-0.16157545
-1.9620001
-2.5645616
0.6868584
3.527814
0.5082994
-0.28082868
0.24737561
0.3948758
-0.36298543
-0.9759346
-1.279521
-0.6490444
-0.21275459
-1.49827
2.4972064
0.99124193
0.4710943
1.783492
0.35667264
6.3528757
-0.62122357
-0.19869897
1.1367118
-1.0172232
0.7401204
-3.0120585
-0.18887043
1.499543
0.6247296
0.3046183
1.6963347
-1.737004
-2.2436664
-0.20651063
1.2089765
1.2720537
0.12464611
3.2558522
-0.40345728
-1.1727262
-0.7282657
2.4703782
-0.2183233
-0.15363394
1.052262
-1.7044723
0.11236106
-1.0765529
0.18502365
0.8524257
0.74429095
3.0849304
-2.4747763
0.99243987
1.580087
-2.177594
1.1788017
0.30442557
-2.6120758
1.4581822
-3.2091656
-0.43309894
-1.4995508
1.9111279
-0.7249583
-1.8534603
1.0503628
0.12579522
-3.013638
0.65303844
-2.0847843
-0.30968523
1.9095125
1.0459671
-0.687257
-1.2839842
-1.1759846
1.4822657
-1.7363313
-1.8019303
1.777683
-2.1582274
-0.89125144
-1.1327144
-0.33274204
-1.9647537
-3.571487
2.041905
-0.33085847
-0.59102714
-1.5571512
0.24394271
0.6370217
2.2706437
-1.7220664
1.3912865
0.27901384
0.8329002
-1.8725041
-3.509898
-4.9571877
1.8121684
-0.7280672
-0.93990356
1.356607
0.05411026
0.50847995
-2.1462526
2.286147
-0.98852843
-1.062473
4.4794817
-3.0817213
0.12283831
-0.40725178
-1.2936625
4.108861
0.66763484
-0.7392284
-2.256062
0.96795666
-1.2402546
1.8729463
2.3486505
-0.6280977
1.1754788
0.16625121
-1.3110266
-0.6495948
0.5934247
-0.81140125
-4.8846364
-1.0712997
-1.1665201
-0.29143423
1.2001837
0.9232318
1.3967987
-1.8839391
1.0378642
-1.6493629
0.47240394
0.5940651
-0.89352304
-0.24481596
-1.3641367
-3.2079003
-3.005385
-0.35753098
1.5453463
-0.24268915
-0.97934437
-0.7008623
-2.6137903
-0.61148447
-5.41488
-0.9106317
0.8183496
-2.095305
-1.3219119
0.83074313
-2.727124
-3.2896929
-0.32066923
3.1687644
-4.154667
0.2953015
0.84632206
-2.9993217
2.9012127
2.83385
-3.3898668
1.958263
1.2172341
-0.36617362
3.317284
1.8295009
-1.7801849
1.9888912
2.1286964
-0.50115013
0.9541728
2.319516
0.35022086
-1.3654594
3.4602745
1.2708803
2.415192
1.5695975
-0.08988549
0.22781241
-0.6335989
-0.19616184
0.27395368
-2.0719552
0.23119178
-0.73995465
3.2249613
0.42550725
0.94553775
-1.9984428
0.9614183
-0.7893272
0.6146583
2.5588853
1.0759836
-1.1150312
-1.7307316
-3.07094
-0.571031
0.48547107
0.5620996
-1.139265
-0.21715176
-1.9279225
-0.7905643
0.34599388
0.1832233
0.68224496
-1.5480945
-2.1858478
5.2108593
-2.8740816
-0.2970949
2.6323292
2.3513036
-1.0811398
0.35781127
0.59912217
0.50425804
0.39779305
0.3268438
-0.060648493
1.1651891
-2.7078607
-0.108764686
1.4931825
-2.0790427
-1.5336436
-1.7117301
-0.7764926
-2.5303187
0.49311918
-1.791202
-0.10253185
1.2372371
2.8090584
1.3136691
1.7702997
2.4050643
2.6580112
-0.18643752
0.16555417
2.729114
0.44266838
-2.7688642
1.603358
0.85816413
0.30000618
1.5638775
1.1188003
-1.971891
0.79399925
-1.2270176
-1.7553563
0.34147936
1.0940682
-0.35819283
1.1242502
-2.547483
1.4891119
-2.276489
2.0326643
1.1893523
-0.18182692
0.25678742
3.8844588
0.115943864
0.8575699
-1.4611348
0.26396805
-1.9144971
-0.9844327
2.116344
1.6511872
1.8332975
-0.82707095
0.34868822
-2.964742
1.3057915
-2.1261792
-4.5748363
0.2459121
1.3414712
-4.0459576
1.0006953
-0.7800619
2.9896762
0.723608
-0.3098814
-2.6873236
-1.3872051
0.25528306
-0.98000026
-0.7073365
-1.1021333
0.35806525
1.4828297
1.7765177
-0.5247409
-0.9362327
-0.8720451
-2.9944236
1.8176532
0.9075862
-1.5397545
1.0901762
0.6710577
-5.805828
2.7660017
1.3230157
-2.9631703
2.7524595
-1.9009815
-2.9815
1.783095
-1.8937888
1.0582275
-0.17998281
-0.1941477
-2.7276804
-1.0381213
1.7770163
-0.36038142
3.0427468
-0.23390883
-2.356814
-2.8653338
-0.4122094
0.9607219
0.89161354
-0.9377613
1.2263308
-0.7379355
-2.9164047
-0.80506843
-1.1780711
2.1490483
2.7447066
-1.51803
2.071656
0.4021647
-1.5828841
3.0923865
2.2000632
-0.93858767
0.8121081
-4.945567
-1.825092
0.12265936
-1.5825452
-3.7750518
-0.6699284
0.026681747
0.08416272
0.14936349
2.3871453
-1.2585497
-1.2381282
-0.8387748
-3.0715475
0.7206085
-0.4215467
1.6874162
-1.397804
-3.1780112
0.8456302
-1.7944916
-2.2507792
2.0637662
3.7257404
0.5387634
-3.35182
-1.048239
0.29978663
0.61562675
-1.806276
-0.38182354
4.5473747
3.6489856
1.0613855
0.052722454
-1.5491873
4.137862
1.9806426
-0.4247087
-2.1729455
1.8644849
-3.5808752
-0.32077911
-1.2427497
-0.49671978
1.1094422
0.41241124
-1.0926073
1.4926231
-0.6981998
0.18419683
-2.36509
0.12258719
3.2446125
-0.6733679
-0.65236086
-0.12553383
-1.916986
1.4402692
0.2588619
-2.2128563
3.7455769
-1.3514284
2.7677543
-1.6821615
0.08358215
1.4652148
1.1881158
-1.5640184
-1.3678458
-1.8123554
-0.952397
2.819338
-1.0567404
-1.0941312
-0.41131905
0.20648915
-0.30946487
0.38389206
-3.0782928
-3.925262
-2.2007394
1.1405911
-0.5305127
0.95033145
0.56068027
-0.044753864
0.46819487
-0.6235941
-1.4713403
1.3291264
-0.47583315
-0.9248733
-0.9519715
1.3917158
-1.8539352
2.957579
0.51154816
-1.2250912
1.672014
-2.5556748
-1.1471686
0.50138015
-1.5760796
-0.2719195
-1.2885865
1.4531465
0.2359468
-3.6520889
-3.4900148
1.3900013
1.0306157
1.0868224
1.6242504
1.5915834
1.3389422
-3.6910877
-0.5267424
3.656725
0.027803436
-0.10076999
3.1581998
-0.47511142
-0.39776206
-3.487562
-0.8533172
-0.9616691
1.0560557
-0.19265097
-2.9154696
-2.145163
4.4353848
0.16257496
0.4803566
-0.9314594
-2.457787
0.56458
-0.6580558
-0.53912354
-1.0897086
-1.5545807
-1.05072
1.8699414
-3.0246577
-1.8674107
0.6091917
1.4996941
3.3333912
-0.24716598
2.1351285
-1.3836176
0.7518677
-0.43890375
-3.4032621
0.06691386
2.3741107
0.9072786
-1.1948389
0.56908095
0.6107118
0.9909587
1.0349189
-0.99420077
0.76753926
-0.3541055
-1.1036114
0.15458566
-0.28862602
0.45463458
0.018168528
-0.36780852
1.7962493
1.2005222
-4.080772
-2.3945036
-1.6823007
1.2263602
1.9769595
0.74159735
-2.4166586
-2.337939
1.5850226
0.24689054
-0.7328702
2.6724656
2.4684289
2.2487545
1.4553659
-2.200613
5.6630216
-1.4795523
-1.1135714
4.6982427
-0.8620336
3.772146
-0.35366392
-1.4809479
0.5490388
2.5921004
0.5534213
1.2046647
1.2469207
-0.69754183
2.7930427
-2.0891037
-1.621987
3.0871341
-0.5472145
-4.658847
-1.8800057
1.429744
0.03479079
0.87844765
2.7272606
-0.29275212
-0.5252915
1.2648302
-0.14482045
2.7435253
2.2983313
-2.1798959
1.5450481
-0.43983594
2.3395884
2.550166
-1.3480308
-0.24809644
-0.39267445
-2.7166283
-2.874367
-2.3658786
-3.2087622
1.5003641
1.1221124
-0.9754289
-0.14261574
1.9425437
0.20735142
-0.9702166
-1.7056807
-0.6476844
-2.2922468
1.4903598
0.9792008
-1.5282506
-1.6309904
2.1436377
1.7275472
-0.06577325
0.30392978
0.29263234
3.5905888
-2.3636177
1.8726746
2.7200925
2.1973364
-2.0659604
-3.0804415
1.9825417
0.4216107
3.0092187
-1.2662327
0.36971018
-0.13557824
2.1198087
-0.25024658
-0.3617063
-0.81754744
0.51486254
1.1613632
-1.5907875
2.7658272
-0.5021897
2.038995
0.88091105
-0.18171763
1.5631788
-0.52236617
1.350791
-3.9241018
0.77237076
-0.32035604
-0.7345314
1.4699093
1.6320711
-0.12075772
3.7474835
2.1023445
1.9025096
1.9047513
-0.24515727
2.360314
-1.4125392
1.3089343
1.5590891
-2.3632905
1.1148477
-4.9313107
0.3604281
1.8537692
-1.062145
2.5879388
-0.9828051
0.24520373
4.207665
1.577676
-0.2944846
-0.12297682
-0.2608794
-0.9130295
1.2493161
-2.8910618
0.5675868
1.1721355
2.518251
-0.8830368
-5.1013308
-0.47979507
2.5423062
-0.88344055
-1.0382192
-0.0818683
0.5648874
5.1081185
0.89302135
2.3813837
0.72118807
-2.9301956
0.095564395
1.1990218
0.27868995
1.6453274
-3.145855
4.004428
0.8921274
0.94719315
-1.1470606
2.0554895
-0.9589969
-4.3469386
-1.7446691
-0.714754
-0.32900774
-1.5071809
-0.007940717
0.67137194
-0.43236318
-0.5787475
0.90196824
-0.42523926
0.73883194
-3.1025257
-0.89419484
4.768936
2.4085112
1.1030502
-0.3361103
-1.377654
0.31467673
0.49292624
2.7479532
-1.4640728
2.8643599
1.7531171
-2.4672558
0.62940705
1.7832855
0.35064974
0.23483306
0.9032218
0.8585235
-2.226466
2.9750383
2.4448116
0.5557386
0.65097165
1.6196502
1.933957
-3.7956212
2.5830107
0.38085747
0.41633677
2.1280258
1.9132088
1.2973057
1.489388
-1.2204841
-1.0051613
-1.0012913
0.83806574
0.07931581
1.2434205
1.0219916
-2.6145496
-1.293292
1.2443094
-0.27223355
2.202475
-0.30053887
-0.39456522
2.2898598
-2.8267612
-1.1740713
-0.86132634
1.6236787
-0.258108
-3.771533
0.4232658
-1.7568593
-0.17161852
-3.8861198
1.5814041
-0.66029984
-0.109043054
-2.5653434
2.7627144
-1.4701879
3.4971902
-1.2300578
3.9635484
-0.47035223
-1.5736411
0.84678054
-0.1986801
1.0098703
1.1398402
-3.1704779
-0.78427726
1.08361
-0.9178858
-0.020870417
1.2573134
-2.7973788
1.8669145
0.8602597
-3.258357
-0.21950603
0.70626426
-1.2148174
-1.4270365
3.9524167
1.0763804
4.550086
2.917548
0.11013043
0.51692694
-1.6607248
-2.4872518
1.5252964
-0.57717586
3.3845832
0.01751446
-3.2367105
0.6572939
-1.6857305
-2.0770802
1.8999885
-1.745679
2.5101836
1.3497121
-1.3467509
-3.0066345
-0.79019356
-1.6046985
1.7667682
-0.7688149
-2.3992434
0.20984125
2.6017992
-4.0298195
0.119791284
-0.48765132
-0.4274946
2.2257504
1.948076
0.14727628
1.9925106
0.76544505
1.3853043
0.96306145
2.2784202
1.5653802
-0.3933338
-4.2989025
-0.23610893
-1.7559403
-1.7005293
-0.5724316
2.720077
1.8061589
0.29601607
1.2216856
0.014711902
0.6922518
2.1790767
2.8500173
-1.5894566
0.675692
-2.5461924
-0.15952659
-0.3064737
2.3378334
1.984409
-5.807986
1.9789602
0.41475186
-1.9075453
2.6078522
-1.556852
2.0149746
0.669268
0.32743818
-0.42023495
1.1111156
1.086775
1.596932
-0.40148893
2.718438
-0.29929954
0.6790611
-2.2933226
-0.3331831
-1.9046776
-1.1256067
-1.315192
-3.0190258
0.31198645
-1.179703
4.764998
-1.588648
-2.8721654
0.8077021
-3.2328475
0.71715444
0.21425569
0.23858848
-1.6267333
3.0056932
-0.85475117
-0.93511623
-1.6825901
-2.1806197
2.447591
-1.3347726
-2.8782468
-1.430054
-0.33794186
1.4857332
-1.744257
-0.022296011
0.08318651
0.6705232
-0.8317254
2.6109786
-4.4761586
1.3013934
-0.5924891
0.63725907
-0.6911045
-1.3108191
-3.856712
0.057932436
3.0417535
-0.49997282
-2.6700735
1.4259115
-1.5980837
3.2651136
-0.045165047
1.5983096
1.0241057
0.41629323
0.40342236
0.21269546
3.7770708
0.014797322
1.4927336
-3.0960248
-0.9271658
-2.5825996
0.26837486
0.10671603
2.0477915
0.004159823
0.4855216
1.4028729
2.0509064
0.6422586
-1.0646951
-1.1814734
-0.31438377
-2.1444442
1.5971495
0.10080324
1.5069664
2.012206
0.7187885
-0.8557247
0.8439068
0.60071725
1.8033892
2.584149
1.396192
-1.453905
2.9454567
-2.7775178
-0.667363
-0.9584953
-0.6295737
1.8496606
-0.91269106
1.3821697
-1.8750913
2.915271
5.3813515
2.0746515
0.5254167
0.912196
1.4872177
-0.9161036
2.1471617
-0.3780742
-0.61337405
1.6609973
-1.5496811
0.421751
0.35317314
-0.54568636
-0.6737579
-0.42879498
3.467162
2.7263992
-0.7667032
-0.37434584
2.9006531
-3.661074
-0.15921563
0.32675296
1.4283711
2.149717
2.1506314
0.76935434
1.0154102
0.39199835
-0.5793462
1.5633289
-0.08880729
1.0002483
2.1486647
3.2880807
-0.6935736
0.03892361
-1.0140861
0.6400998
-3.4911854
-2.063113
-0.67767024
-0.76672786
0.849979
-0.11778062
-0.6620801
1.4975616
-2.2857907
-0.74547553
1.1025351
1.7613771
3.3048832
-3.6384926
-1.2066363
-3.735789
1.9069499
3.928199
0.99978995
-0.7951036
0.35719165
-1.075034
-1.095636
-0.63305575
-1.6064931
-2.017764
-0.978891
-2.2450044
-1.9971875
1.0470786
3.75595
2.391618
-0.04083422
-0.4585336
-1.9029092
1.285249
4.3022494
-0.37881032
1.3565141
-1.0458784
-3.4048586
-1.1870862
-2.7232857
1.2142577
-1.6768407
-0.45572707
-2.283268
-2.6349788
-2.9163125
0.67930645
2.4849055
-0.09583961
3.6721592
1.2172811
1.1755478
-0.014017746
-0.64881563
4.54231
-2.8700285
0.15002503
0.58143604
-0.6383184
-1.408529
-0.21823001
-3.633919
-1.8822114
1.3365449
-0.09165009
-0.9710535
0.9286468
1.4053175
-2.0308628
-1.9242402
3.435289
0.26444662
0.3087618
0.3094585
1.8712318
-0.6620144
-2.220167
0.2827664
-3.2072482
0.96074516
-0.8134679
2.3484988
-2.2341552
0.20086426
-1.14432
-0.6099826
3.376724
-2.3767152
-3.0501432
2.01425
-0.33675992
1.6749481
-0.7473117
-0.1233477
-0.22923847
-3.0066433
-1.2665548
-3.641248
0.042014003
0.50359344
-1.2032984
-2.313829
4.8103466
0.31005156
0.062392958
0.068878
1.1499385
0.27243385
1.0694444
-1.6032819
-1.9595723
-1.0129362
-1.2695234
1.6866715
1.2146505
-1.6754074
-3.287896
0.8614682
1.2156845
-1.010686
-0.4138015
1.2166114
0.69384086
0.56099784
0.28796703
-0.015554987
0.70199275
1.1178192
1.0209172
0.17541777
1.1875587
-0.73251235
-1.8281362
2.9773445
3.8120914
0.95229244
-1.7857959
-1.0327506
1.9658283
2.0830376
0.42550564
0.86288494
-0.9139875
1.1055335
1.4296675
3.1162322
-1.942347
1.4257778
-0.72528225
4.837528
3.7282794
1.0932629
1.0592484
-1.970649
2.618978
0.029403478
-0.7523337
-0.060685627
-0.034500003
0.46338636
2.2352269
-2.7064312
0.8515451
-8.145281
-1.6603994
2.8182096
-0.22484115
-6.5731335
-0.09185937
-1.2343749
2.4283133
-0.5321149
-2.0111713
1.5980717
-2.8743322
2.0586576
0.6269154
-4.272791
-5.1053867
-0.06364563
-0.7554673
0.7324483
-2.6956017
0.3961106
-0.82890207
-0.2932098
2.377163
3.014813
-1.3506262
-1.922604
0.29307073
-1.5415617
0.79332334
1.1868312
1.9739174
0.78348505
2.3986344
-1.4734551
-0.5051629
-0.70784855
-0.35914868
3.125272
-0.9996619
1.3965688
0.42785725
0.6333394
-0.9997419
2.8909264
0.14516526
1.8456576
0.5982256
-5.2570877
-2.6055892
1.8020874
0.6078927
-0.021388482
-2.2050977
0.9510324
-3.2643669
1.9762582
0.5848407
1.4811752
1.9968938
1.5572089
-1.1396118
3.4194596
-0.3212941
-0.48116845
-3.538952
0.2501182
0.11943807
1.7003939
-0.54316014
-1.9482325
-0.15230387
-0.025280483
-3.6442132
-1.6153828
-2.132477
1.0771034
3.344167
-1.2464045
-2.632666
0.85011655
-0.34880742
-1.7488936
2.1002803
2.3302274
2.3187928
0.6252222
-0.82121885
2.180819
2.4141445
-1.8370845
1.7254087
1.4039217
1.8562702
2.279615
2.469395
0.4980244
-0.6755765
-1.460967
1.2422005
3.785102
-1.9440767
3.4780226
-3.2428267
2.0039465
-0.63043505
2.354156
-2.2274258
1.1795065
-0.42569536
-0.5528223
0.67731476
1.1625338
-2.2469537
0.4230339
2.484586
-1.2319919
1.4717678
0.004138902
2.6288528
1.7772757
-1.4476434
-3.073012
1.2972553
1.0550282
-0.26654434
0.19422981
0.95561564
-0.50475246
-0.5124207
-2.1048338
-1.9765159
2.8191617
1.9913803
1.2087682
-1.466419
-1.8776469
2.2134852
-2.1507483
-1.413675
0.6339578
1.7354488
0.10591303
1.5109432
-0.23692623
0.9661417
-2.4692044
2.341521
-2.118202
0.10098902
-0.9055604
0.74646854
0.86712277
-1.0681959
-0.5806969
-2.0994825
-3.7567902
-1.7851021
1.0368367
-1.1372033
0.13038848
-0.57548225
0.9149739
-0.88779575
0.32266492
-1.4466059
-3.079901
-0.22560136
-0.30248496
3.9398172
1.3840132
3.4388027
-1.4028506
1.1299275
1.490117
-0.19206122
-1.2730567
-1.3639408
0.6847917
1.3078496
1.6317159
-4.421812
-3.813246
1.5394341
2.006995
-1.8636798
1.4566392
0.89751166
-0.8418858
-2.7560823
3.3263397
-2.217685
-0.4268567
1.0163124
-0.1341966
-1.4460317
3.1545339
1.1309847
0.23227537
-2.9927313
-2.7323573
-2.8561966
5.575467
-2.8563647
-0.5654913
0.03963828
-1.6639857
1.9001263
-2.0636969
1.8843635
-0.7220512
0.9365076
4.628658
-2.683369
3.9311957
1.0374161
0.5744151
-1.6954972
-1.284693
0.8500256
1.7618681
1.4403797
-4.191711
0.7989904
-2.0628514
0.06679708
-1.4489099
0.26849768
1.2564442
-2.5701592
-1.1597712
-1.4389788
0.290049
4.1133265
0.3050114
-0.1048218
1.9858648
0.7969175
-6.99757
-2.477979
1.740221
-0.6904593
-0.73271865
0.66476107
3.499621
2.7143989
-1.8973577
-1.9300069
-1.7273688
-1.332656
-0.5418251
-1.0997053
2.8322403
3.846719
-0.06646807
-2.1289248
-0.8291855
-0.7933794
3.9826162
1.0665171
-2.0067215
-1.7241807
-0.839329
-2.4910538
-0.5436495
0.9903625
0.10533026
3.0885026
-0.93017733
-0.5401403
-3.4469273
0.56770664
1.1435419
1.6843781
-1.4236171
4.8278313
-0.67956465
-1.3592184
0.15891306
-0.5080773
1.2844663
-0.69325215
-4.012768
-0.29842448
2.1719794
-3.2829676
-0.5281608
-0.3967221
-2.3849347
1.6326315
-1.9400606
1.5298634
-0.7510597
-2.0972614
2.1194031
-1.5397303
0.5370955
4.264521
-0.36115366
0.7824607
-0.98553616
1.687465
2.3243148
-3.8348124
0.08765413
-0.10615561
2.5134678
0.36803648
-1.6125462
0.6409717
1.4885366
-2.9593728
-1.0676662
-2.3100705
-1.3467187
-0.72213125
1.1333232
1.7710955
-3.2731175
0.65400064
-1.2708577
0.28907546
-0.23557086
-1.2816155
0.70827407
-1.2573795
0.7173188
0.6929135
-0.11603884
-2.1831985
-0.10684397
1.9120212
-0.6534383
4.2280097
0.06738472
-3.2725098
-2.0366802
-0.44430536
0.45022887
-3.0701587
2.3353286
-4.0672965
-3.3524413
-2.0636878
-1.284967
0.39825648
3.046635
0.8913173
-1.739371
0.05423773
-2.9675305
0.66555065
1.5650547
-1.5784874
-2.030528
0.18109316
2.1142461
-3.3676503
1.7922593
3.1944065
-4.8490367
-3.0422506
-0.5683377
1.9144095
-0.98253393
2.1617494
-0.17525199
-0.33521175
0.56476235
-1.9570551
-1.8466227
0.6584745
-0.26740605
-1.2210037
1.9767815
-2.3573642
-1.696384
0.851451
2.856523
-0.22919413
-1.5111407
-1.5001904
-4.2592764
-1.9597508
-1.1173997
-1.1780031
-0.52015036
-2.1079323
-2.5066657
2.8287065
1.2002069
0.23615497
-3.304488
1.3342866
-1.8688672
0.71818817
-0.89339614
-0.41245228
1.8965913
-0.19675887
2.8545926
-2.6287446
-2.317579
0.4203935
3.8226666
-0.74973917
0.4364175
-1.5922674
1.0259279
2.046959
-1.1520798
2.0204854
1.3559104
-0.68921417
-0.45105454
-1.4197291
1.7373662
3.79735
2.04832
1.2864028
0.82986736
1.3109571
1.6294128
0.94714075
0.6520228
-3.5555573
0.41759634
-1.3705478
1.8208317
7.7481103
0.040596597
0.9730096
0.5233331
0.45370132
-3.7278874
-1.6151142
2.2216063
1.8667957
0.51725864
-1.3396238
0.42540264
-2.4330344
-0.8107988
-3.2850723
2.1755483
-2.2795184
0.42719895
2.0080016
0.9152236
-0.17233843
3.6674352
2.5314562
3.0015974
0.43850058
-0.4763555
-1.6440939
-0.16747123
1.3731565
-3.9925942
1.1924958
-2.6004214
-1.4628925
1.708551
1.1138369
4.6028886
-0.8870039
-0.09217008
0.56741625
-0.5601856
0.7176307
-2.5430253
0.05943121
2.3717685
-0.9682623
1.4823455
2.276635
2.348707
0.22367008
-2.767184
2.8093429
2.635803
2.16432
0.6473875
-2.8274689
-1.1989719
0.13159344
1.1553334
1.1526434
0.21867168
-2.0627995
1.150464
2.9951313
-0.6960961
-4.236795
0.7566758
-0.6742613
0.110365406
1.1849939
0.7481647
2.4906657
2.4894772
0.3239403
-3.1076586
0.07629946
2.5317144
-2.628524
0.43006307
1.0745623
0.7887796
-0.022050135
-2.3436797
2.2477176
-1.8999445
2.6570716
1.2164556
3.4362402
-1.8699775
1.4093409
0.9626908
-1.9664292
-0.90021497
-0.6944454
-3.6010306
-2.2756524
0.5770987
-2.9317946
1.6028209
-0.9711304
0.54127437
1.0659937
-0.53897333
-1.7740144
-0.2931156
-0.7497644
0.21454258
0.5300591
-1.6599332
-3.0068347
-2.436593
-2.5909364
0.13632703
-0.80823666
1.3890138
0.2846282
-1.1224147
0.5408708
-1.1494647
-0.83878285
-1.6970428
-1.7275008
0.3615726
0.04917424
1.8865292
0.17517823
0.74483067
1.3368979
-1.0658224
0.45448256
0.8277498
0.7743731
1.2755642
1.0423301
1.2271227
-2.6437554
1.6282349
-0.8441862
0.67672354
-0.821298
0.69525105
0.012072731
-1.3866326
0.22276981
-0.92312074
-2.8577642
3.8240168
0.99918586
-0.38227105
-0.09924291
-5.803764
-0.23296064
0.34415084
-4.252389
3.5926337
2.0331454
-0.31183448
0.43110725
0.49547905
-2.4531803
3.490455
-2.0231342
-0.21966434
0.79373026
-1.1047044
-2.6750665
-0.0993283
1.9781679
2.7176082
-1.3448709
-0.34238556
0.7565408
0.4185127
-1.0553162
2.4649625
0.7657888
0.25762326
-3.9883485
0.8561827
-2.8532522
-1.4618759
-1.2138072
-1.22561
0.6708329
-1.8785899
-1.0416791
-1.1321737
2.5829275
-0.40981624
1.0265571
3.0066574
-0.7091472
-0.5849487
-0.97430325
-1.6375262
-1.7397
-3.222722
-5.8682046
1.4661126
-1.0299647
-2.8741233
0.44672245
-4.65265
1.3977247
-1.4380525
2.4833612
3.08127
-1.1491383
-0.16235913
-3.724252
0.53057235
-0.04045867
2.0207117
0.8127819
2.4233654
2.473328
2.8259025
-0.14566806
1.6446202
0.071007565
-0.40347275
-4.1545825
-1.5082036
0.589654
0.359256
1.9828771
0.95732814
0.7891195
-0.09645792
-1.8085328
2.982972
0.32651097
2.438068
0.036165744
-1.9263552
0.028437264
0.62889993
-1.070139
-0.5903326
-2.4385023
0.35162604
-3.1288981
2.5054379
-0.15142101
2.432272
0.024977155
0.072859414
-0.4547049
1.7223957
0.7893059
1.1538651
-2.755524
0.28525224
-2.4307384
-2.9814517
1.292482
-1.0124873
0.075879976
0.47542584
-0.7851057
3.3985689
3.1693366
-2.0027406
-0.5999239
-5.028446
2.9135864
-2.0245852
0.604066
-0.7024367
0.53615826
-0.9099252
-2.174231
1.347794
0.000049754977
-0.43494755
1.5378851
-1.4072351
0.8868504
-1.1395209
0.2293247
0.67844224
-1.7189635
-3.6705391
-1.5755438
1.5644429
0.52225095
1.3827307
2.6362398
0.49448514
-2.0325782
1.0191528
1.4909577
-0.556371
-0.4169441
-2.4422367
0.070191585
0.38169473
1.3695437
-4.4669847
-0.85325795
1.8055928
-0.89731365
-3.1340544
-0.90033454
0.17165992
-3.1155407
2.7832022
-1.1164517
1.6384668
0.3836596
-0.4451082
-0.54248023
-0.677455
-0.9809723
-2.327311
0.50934976
0.10112691
1.0655878
-2.3395
-1.2139505
-1.8757895
5.1695166
2.514194
0.84555995
-0.68863326
2.6521611
0.19716537
1.9557972
2.2791882
0.43517363
-0.57776034
-0.5836025
3.087815
3.19289
-0.7458275
1.1975051
0.3815844
0.913715
-2.0724375
-2.5943727
-0.96218413
-1.2168956
-4.5763245
-1.5998133
1.8942322
0.99026066
-1.3422749
-0.7903105
0.06447111
-1.2501088
-1.4535843
-3.4867783
1.6400769
-1.4514784
1.4581865
2.6877174
1.1782252
0.6966112
-1.5215778
-1.3745708
2.167684
1.2895154
2.5153782
0.34331033
0.8389235
0.6905175
1.414071
1.502107
2.9164715
-3.2615128
-0.18657535
0.29256082
-3.0178804
-0.6382132
-0.47080812
-4.019307
-2.9377923
4.383871
0.8987475
1.1443443
-0.07938015
1.6398858
-2.3284984
1.4616274
1.0345863
-3.6303895
1.6360849
0.12552872
-1.0935367
2.0494173
2.3237898
-1.360476
2.5923238
1.1610018
0.7863641
0.76778513
0.006749995
-1.0268602
3.416785
0.33990908
3.7036312
0.46134108
-3.3719664
-2.882397
1.8737488
0.7987118
-4.653276
0.95459276
1.1559186
0.55384886
-0.21445754
2.0406785
-1.358017
-3.9085705
0.2769115
2.4515612
-1.8355409
-0.2226459
0.6374204
2.4982646
0.90406454
0.0437008
0.22746968
-1.0157624
0.20086372
0.15582813
-3.187453
-0.2396826
0.5800558
-1.1627005
-0.018665493
1.3678939
-1.1487669
-0.07615596
1.9083457
-1.2509629
2.7923262
-1.4080138
-2.6466837
-0.24215087
-2.7086859
2.8276381
1.1359608
-0.339827
-0.5366985
-1.0227829
1.1312313
-1.9930408
-2.4841926
-0.6854567
1.6463501
1.054483
-0.251075
2.0568113
0.06056808
-1.7179953
2.1237059
2.439316
0.21711348
1.1641877
1.194715
-0.20922762
-1.460528
0.16542155
-1.3565847
-2.9722626
0.8625595
-1.0350744
-0.33866647
-0.5816106
-1.1028984
-2.6094346
-0.5553805
-5.288275
2.2428863
-0.71797776
-3.7213442
-3.9352424
-1.3704785
0.41513568
0.9551593
0.81358886
0.46606696
-0.059268944
-2.6519215
0.9551611
-1.6027278
3.6657088
-0.6653589
-2.711115
-3.7912648
-1.1982504
2.0079591
-2.667523
-1.9267448
0.20832166
2.8075087
-1.0644032
-0.5140041
0.2527734
-3.3683128
0.1744509
-1.6002833
0.6884424
-1.193048
0.7584172
0.40518507
-2.4001307
-0.89208466
-1.836575
3.3289793
0.38259542
-1.880485
0.66917914
0.3723926
-1.3065009
0.5970385
-0.8867357
-0.09768223
-0.8321535
-1.707894
1.7826697
1.2565907
-0.9295428
1.1936604
4.5863476
-2.472572
-1.1342933
0.59909385
-0.825919
0.43330893
-1.3347038
-0.12532523
1.8183508
-4.8958087
1.3159806
-0.3949469
-0.14569312
0.42114198
2.2850327
1.3841982
-2.4467425
-1.0147749
0.36974028
-2.1804192
4.2175274
1.8798457
-0.43564358
1.1375026
-0.37345323
-3.251278
2.7801852
-2.263811
-2.4547002
2.553784
1.5034815
0.14011508
2.7432523
1.6945336
-0.38509464
1.0882229
-2.8491032
2.1880078
-1.2918699
1.9238938
-1.4039993
-2.0251446
-0.98234445
-3.906945
-3.797606
0.12400884
3.4515088
-0.15887567
4.667092
0.23841348
-5.018349
2.800349
-1.1834829
0.26761305
-1.994989
1.456927
-0.7135044
-0.07773598
0.14787927
3.621155
0.16606927
2.6469345
-1.9110943
-0.198542
2.7903037
1.6758908
-0.55457604
1.0317376
1.1826016
1.7891144
1.3384122
1.9251199
-3.7420323
-0.2793484
1.1596764
-1.9965794
-1.6750641
-0.97161114
0.2441603
3.0061805
0.5713954
1.5496538
3.2963905
1.4216713
3.4636405
5.2476497
0.19408411
2.1331174
-0.60412645
0.024276063
1.7582206
0.1477426
4.0404897
-0.17223532
-0.06972234
-0.96892995
-1.0045639
0.06518261
-2.8217454
0.575944
-0.71020174
-3.4074094
0.078811415
-1.4976617
-3.4673007
-0.41973922
-4.687766
-1.7285348
-1.6811534
-2.4785376
0.708075
-1.6793082
-0.6211815
-2.0350866
1.4455291
-0.4588634
-0.44014132
-0.639438
0.72489285
3.5702484
2.1069834
2.6393652
-3.276903
0.7142842
-0.63760847
-0.86049944
-0.02331455
-0.040830903
-0.65449315
-0.7141419
2.6223044
2.2697968
-2.2895298
-1.7586483
-4.5448184
0.10092608
-4.0402303
2.7310243
2.261428
1.4009773
0.55991954
1.1633658
2.3839943
-4.3274984
-1.0684001
-1.7692338
-0.31706396
-1.7854695
2.0810876
0.47540712
2.840684
0.84775484
-1.5495965
-3.3157935
3.7255702
-4.8638434
-0.68565184
0.95640653
-0.2590291
3.7164893
4.078925
-2.1224236
1.2634695
0.62058103
-3.1746964
-0.6793859
3.3078492
2.503183
4.3066688
1.6858969
-2.532528
1.5491937
-1.8906041
1.5542531
-1.1621103
-0.15862481
-0.89491093
3.5009396
-2.075541
2.3868768
1.5868293
-0.49558562
1.9716727
-3.9016218
-0.8839428
0.5450993
-1.1423825
-0.2840991
1.1384397
-0.9213011
2.168112
-2.2319603
3.3186796
-0.94632614
3.0012105
0.12663981
-1.582338
-0.81207377
0.5630886
-0.0051268414
-1.5967705
-4.2453146
0.7358959
1.8993587
-0.51772916
0.9119627
-2.0067282
0.7298845
-1.3992248
0.09448676
1.2745872
1.0949149
-1.9402542
1.3862809
0.038734555
-0.049353603
0.13865955
-2.4753695
2.6668518
1.3727274
-1.3623046
-0.3827394
-3.0823755
-0.42789748
0.711435
-1.0721046
0.35965836
-0.89549387
-2.6569955
1.7541519
2.0725842
1.1853902
1.6387283
0.8867764
-0.19332193
-2.4725883
1.2891489
0.692415
-2.2633007
0.54616123
-0.5950461
-2.5210814
-2.7653673
-0.3798606
-0.69734925
0.34028137
-1.3181665
-2.0697145
2.8345377
-0.023513503
1.2520363
-0.5637969
-0.92251736
-0.71399856
0.14564711
1.9763836
0.78132015
5.7686996
0.70158774
-2.0349283
1.4973456
0.92945474
1.6055316
3.0525165
-1.9567616
2.3131757
-0.3047624
0.75267625
-0.4326906
2.3286014
-1.3919433
2.3079467
-0.9504419
-0.08366775
3.3823311
1.262487
2.3582966
-1.7809671
-0.8655922
1.7512872
0.6191772
-3.5803504
-0.70291024
-1.7994012
1.5676999
1.0387236
-0.16413254
-4.425167
-0.73020047
-0.21577704
-2.785795
0.06427457
0.30681407
0.43088114
-1.6124347
-0.9113526
-1.42851
2.3536608
0.77236843
-1.9739311
0.9842451
-1.6094902
-0.15259707
-0.87066805
1.8300931
0.77886766
-1.9468881
0.32732427
0.9938297
-0.92180276
-0.88267857
-3.1127656
2.0055628
-1.9496782
-4.5325236
-3.8749292
1.5151898
-0.79727614
0.7710284
-0.1920375
1.5242788
-0.9238533
-2.7443106
0.06787251
3.9176607
-0.3804775
0.045625485
1.1867648
-0.84902364
4.7218375
-0.15382259
0.28623754
-1.512852
-0.14943576
-0.77572024
-3.257097
-1.914659
0.13893135
1.6481687
2.4032578
-0.6267228
-0.7420833
-1.5751374
3.2117662
0.44187263
-0.9572742
2.9781992
0.52759844
1.9752328
3.0509613
-3.5414329
0.10335817
0.78654313
-2.5485983
-2.1598358
-0.98749655
-1.2145445
-1.3001181
-0.46011028
1.1824528
-0.80180365
-1.0882615
0.10594118
-1.2592713
-2.579176
-0.8003793
1.3508416
-0.39473462
1.391027
-1.0456293
-0.7918979
2.9709888
0.8911825
2.0534365
1.6397116
-2.1737273
-1.204167
1.3579288
-0.58286256
0.4075051
0.60498035
1.9288888
1.6095911
0.68512315
0.49706268
2.292506
-0.7848003
-2.1959994
0.37267846
1.8231572
2.9031072
6.250416
1.478361
2.0029614
-1.0076057
2.5160167
0.81143117
-0.42910662
-0.8195341
-1.1241295
5.5362983
-2.3854249
3.2979286
-0.5554182
-0.8185012
-1.2498583
0.07342858
-2.0855436
1.6827205
2.5936437
-0.23677275
-0.99824744
-1.8272415
2.883503
-0.05683337
3.0398676
-0.5111068
0.82181877
-2.4905078
-0.56282735
0.5496409
1.1168292
0.6138235
-3.2026083
1.5263288
0.29863653
-3.0984488
-4.027276
1.8484157
2.0327759
-1.124328
-0.26216543
-0.28696042
1.2751812
-0.20687546
0.17067689
-2.0512328
-0.9368094
-0.38331306
1.4954858
1.1194028
0.83911484
1.3803899
-0.12247639
0.7598829
-2.4894102
1.2221298
-0.9030176
-1.7195009
-1.0724273
1.3764782
0.5116176
0.24750811
0.5700509
1.4006956
-1.5904872
2.3827164
3.2680845
-2.7211432
-2.2422419
-0.34527797
-0.23147886
-0.14953001
-1.2497498
-1.4988918
0.5734432
0.44400468
-0.10624414
-0.28811282
0.12235116
4.2828693
-2.0683455
-1.1363475
-0.78976434
-1.6032618
-2.417855
3.5647674
0.9581277
-2.2934577
1.7088071
-0.63730896
-1.0552913
-0.6995471
-0.8580398
-1.7469102
-2.4829552
3.708584
3.8000593
-1.5765533
3.1895123
-1.4203836
-0.057733953
-0.7070663
0.018724963
0.78746027
2.9410996
-3.2996175
3.5347078
1.5160697
1.5418524
-2.3739474
-1.933707
-0.47094896
4.1708126
2.32667
3.2858362
-2.4179122
-0.1426209
0.051098846
-0.32884943
1.1968433
2.9219825
-0.6327416
-0.89901537
1.3029798
1.0085601
2.9711623
-0.64758015
0.61973625
1.9754909
-3.088815
-1.4284793
2.7360718
1.5778536
-3.2301612
-0.7505194
-5.113519
0.5263167
-0.54349846
-2.4290485
-0.67573285
3.0903652
-0.5119613
-3.4768295
0.96248657
-1.2619135
0.022167556
0.56470156
1.3352079
-2.39678
1.0109823
1.4731914
1.4365382
-0.072600886
-0.3168074
6.040146
-0.08052065
-0.6900254
0.5992998
0.09640072
1.5765842
-4.4718337
1.2371913
1.4979815
2.0568974
2.256829
-0.28920698
1.0425949
0.51650065
2.5864198
1.9345785
-0.121101305
-1.6954156
0.025531016
-4.009553
0.89348686
0.50783247
1.975927
0.9984181
1.2466288
1.5312021
-0.7759115
-1.914883
-0.98528636
-0.0011063516
-4.599846
0.3624796
0.47172952
-3.9573946
0.015532255
-2.3788178
0.13075235
0.5817015
0.14850779
-0.052778743
-2.856512
-1.228165
3.716326
-1.7007495
-0.7165151
0.2889126
3.0128272
1.8360286
-0.37012437
-0.5716851
1.5625387
0.5285836
-0.75078094
4.7135034
2.8951173
1.2021964
-0.6544894
-0.7882391
2.0681326
-4.4943233
-0.15439674
-2.1865728
-0.84216976
0.52071536
-0.85498726
1.8636047
-2.2122788
1.1866179
-0.18399528
2.921148
-0.23680554
-1.0192325
3.0479326
-1.479749
-1.2362669
-1.6738119
1.2018386
0.268546
-0.75791115
-2.2624848
1.7354244
1.3880845
-2.135232
-2.6810925
-1.8738539
0.5465684
1.1379588
1.3066065
2.295655
1.2124902
0.28032747
0.6295568
1.4849308
-3.6824863
-0.2606029
-3.298594
1.1565553
-3.8139994
0.78917027
-1.6651287
-2.458516
-1.2384634
-3.4750285
0.29631317
-1.9278177
-0.9422079
-1.6308945
0.8806268
0.9144347
-0.19056728
-0.65566903
-0.056358792
4.979662
2.1407726
0.6339617
-0.32118335
0.64172
2.8881445
-0.59409416
-0.1544958
-0.7376659
4.7661705
-1.1900096
0.40438646
2.0735946
1.3142432
-0.29088724
-0.33890766
0.7671384
-0.30716136
2.4988453
-0.47925174
-0.30111912
-2.2570655
0.24522579
-0.5612027
-0.30203614
3.5978773
2.483347
-0.2575346
-2.8256528
0.7263619
-2.0437307
-2.2681394
0.63860226
2.2835827
0.6415019
5.9622374
-0.29148006
1.4853597
4.4107456
1.9775366
-3.2073069
3.026483
-1.1580714
1.2779452
-0.46355078
-1.8269928
-0.8869467
1.74502
0.09744358
-0.661428
3.3351786
1.4999994
1.9496827
2.6728892
0.6628106
-4.0818787
3.8033109
1.2008597
1.0852308
0.018797576
-1.0589981
-0.94047207
-1.728754
-3.3879464
0.2979387
2.0218832
0.55883014
-0.19011168
0.76174676
-0.12811854
-2.235586
0.17233995
4.2563024
-2.5864542
0.82885915
-0.36545238
2.885229
0.4800205
-1.4135596
-1.6555575
4.2999735
4.1737003
1.3746675
-0.8715042
-0.52730703
2.953669
0.29754412
-0.59764767
2.027922
-2.0504534
-0.3667118
0.040589616
0.27121845
0.90938705
-0.05089251
1.5815775
-0.64720875
-0.7303763
0.13444442
-1.8236296
-0.71180934
-1.0303034
-2.3172755
5.16716
-0.5755673
2.4569423
-2.028114
2.4382126
-1.3050665
-1.8791656
0.036265604
-1.7070913
-4.174987
1.0724764
1.9559771
0.15774488
-1.2020453
0.56066847
-3.402669
0.65286976
1.3650964
-2.1734731
1.2279474
-1.2069929
-2.8746052
-0.095292
-0.23646489
-0.37943956
1.2789444
0.36836994
-4.788737
-0.43742582
1.7274737
0.0942941
-0.95399135
-0.34981766
0.05805517
-0.7688056
1.2534376
-2.0738275
-0.32757795
-2.3693643
-0.7464198
-1.2012305
-0.22986202
-2.9864397
0.14469767
2.1983013
-2.2347
0.09662118
-0.2073616
1.3418225
0.56439173
-2.6450872
-1.0574172
1.1867297
0.15558046
0.74756414
1.6505939
3.927135
-0.9363734
1.1173077
0.8832464
1.328077
0.9786394
1.4550537
1.483488
-2.943959
1.6683747
1.2705517
2.2457278
1.9915669
-1.0194107
0.4721763
1.4371748
4.123683
0.18342152
-1.1073455
0.699232
-0.20527661
-0.22806394
-1.239705
-3.8588727
-0.26201317
4.5911207
-2.711302
0.75081396
1.410404
0.53465927
-1.3948467
4.3782687
0.18744639
-1.8104185
-0.56562096
-2.08887
-1.7551475
0.16277057
-1.800827
-1.7209976
1.5470716
3.8416238
0.4717875
-3.384192
-1.0425216
-0.624723
-0.85689205
-0.65016764
-1.9171482
0.5122145
-1.9296833
-1.925217
-2.5452182
1.5286468
2.716844
-2.5515428
-3.4639585
-1.9691273
0.59478
1.534722
-0.7604238
-2.140672
-2.2677603
3.1324453
-0.54155034
-4.171686
-1.2634043
1.0299604
0.67939955
-0.83334076
1.1881132
-1.0492902
-2.8662627
-0.28177565
0.13243002
2.818627
-0.1702552
-4.6910114
0.33776042
2.335873
-0.49032897
-4.240127
0.8178301
-2.3548698
-1.7895852
0.09851871
1.3100662
-0.64322484
2.6635077
0.7363169
-1.82883
-1.9323211
-1.0277057
0.73223764
2.9493442
1.8505229
4.2206836
-0.64840376
2.94404
-3.8296494
1.5788662
-2.4314196
1.3194579
-0.046541408
-0.79264843
-0.789247
0.6709565
-1.3509216
-0.1816325
0.40030643
-0.10225905
-0.55845475
-0.6449645
-0.32421443
-1.2814838
-2.916681
2.014961
-3.7121072
-3.907575
2.5653062
0.23568565
0.25968167
1.7309679
-1.5357746
0.24460468
1.1691148
-1.3495196
2.1407635
-0.37669402
1.1666458
1.3059819
-0.46097857
1.3647149
-2.534716
-1.8423685
-1.4078423
-0.6913682
0.26101515
2.944813
-3.949882
-1.290532
1.030779
2.8684793
2.7619672
2.0832672
-3.087176
1.0397849
0.63092786
-2.0352602
0.10525082
0.78119516
-1.540459
-2.6412373
-5.37021
2.7181728
-0.64881283
1.3879033
1.1414245
2.1387656
-0.5807636
1.9574713
-3.1168506
-1.9883571
-1.7928776
0.31285468
2.8639443
4.284046
-1.0966256
-2.4004755
-1.2658477
0.47904608
-2.3202627
-1.5952951
-1.7825521
-1.1776755
-1.2896845
-1.6110412
-1.8668218
1.013627
-1.164569
1.7799512
-0.14712724
0.70335627
0.8444485
-1.8706535
2.5328004
-0.5502285
-0.4545897
-0.13863845
-0.7887606
-0.24152917
-0.3358327
2.0412698
-1.5071998
-0.65577525
5.145029
-1.234724
-3.3756857
2.23266
1.989775
0.5529637
2.8241541
1.8135413
-0.0038829595
-2.5774355
-0.27173108
-0.9399122
-2.8061233
-0.45246524
-0.7637972
0.22448498
-3.8324535
-0.4116102
-2.1785572
-0.6318472
-0.88826364
-0.913341
-1.4145818
0.9578162
0.6268934
-1.3269039
-0.017447911
-3.9177809
0.61913925
-1.3375813
-0.30965537
1.2671458
-3.68378
-2.286106
-1.0364347
-0.48842713
0.19915685
-1.6516082
0.9980997
0.50505847
-0.1753149
1.5225027
2.7306032
1.3004433
3.0576706
-0.07206432
0.4313593
-1.5065933
-1.5311993
2.0840087
-1.5313362
-2.8437858
1.932573
1.352413
3.150646
-1.6236074
-3.1246955
-0.93307525
1.1033052
-1.406946
3.2539704
1.4866349
1.044754
-1.61545
0.6072467
-2.402527
0.6863038
-0.08764442
-1.8676909
1.9507062
-0.11244554
-0.007405415
2.2686245
0.99929273
1.6667848
1.6155058
-4.272925
0.7450789
-0.8357899
-0.3105089
-3.9886167
1.4861423
1.2158935
0.40509972
1.4920045
-0.8377752
0.37658417
0.035999224
1.4455701
3.3888726
1.5459028
-0.3286548
-2.0409837
-0.16352925
1.432215
-0.3278614
3.3336098
0.052802503
3.2513084
-1.1256974
0.17775488
1.0184884
-3.1544433
0.685794
1.4522276
1.295363
-1.2892329
1.7959659
-3.479287
0.80979574
2.3467023
-4.6014757
0.574255
0.6124944
-1.1325111
5.094133
-1.5647687
-0.34224617
-3.3416345
1.6648641
-4.487772
0.12824892
2.1960816
-0.33461452
-1.7475622
-0.42976582
0.95186085
-2.7339244
0.5600639
2.2055762
0.29251024
1.3861669
3.2935317
0.66592467
0.82132494
0.6586703
-2.0526226
-1.021854
1.5145102
-0.35469437
1.9041692
2.7543433
-4.2699256
-0.7775481
-2.2451928
0.40237498
-1.3713533
3.226018
-0.15068136
0.8887758
-0.9275856
-0.55486524
-3.1260552
-0.5943412
-0.5134492
-1.0962642
-1.0358574
-2.1833634
-1.7595118
-3.4309118
0.24062723
0.5452984
-0.14881405
-1.361572
-0.5927119
-0.16138636
1.1578127
-0.62868387
2.277857
-0.86365604
-0.10434615
0.09611245
0.4745973
-3.2986143
3.2215822
1.7138884
-0.9783227
-1.2613302
1.8196301
-3.2465398
0.31298465
-1.5201752
2.8904355
-1.3799719
-0.07973159
-2.4050767
-1.9830104
-1.186685
2.0732577
-1.6327583
1.3921949
-0.4806097
-0.41536075
-1.2235917
-0.6241522
-1.0467671
-0.83858705
-0.8576627
0.0477634
-3.7322161
-0.3809492
0.82474816
2.9430876
1.2445912
-3.172151
1.9283277
-3.844741
1.3046608
-3.0943394
1.7837515
-1.0978557
2.9988618
-1.1437144
-3.926802
1.1781789
-2.995604
-2.046494
-2.3961933
3.9799767
2.8204327
0.48991185
-1.3093983
-1.975845
-1.9465183
0.49541524
2.1498203
-1.4349177
-1.435404
-0.5383133
-1.6550113
-5.527658
0.11127529
0.55979806
-0.9878376
-1.227011
-1.4846396
-1.1394383
-0.55970484
-0.047851272
1.5231075
0.28307778
1.5380391
-0.053818993
-0.87895507
-0.65387756
2.8817692
-0.98529416
0.5640265
-0.4222176
1.198114
-1.4071805
-0.5984773
2.0285347
-0.1335381
-0.28860903
0.65532595
0.9039431
-0.55903834
-0.1642189
2.8015478
2.787896
-2.2844727
0.9062687
-1.4169981
-1.6225544
-3.053382
-0.29224795
0.094353266
2.6124673
-2.6689909
3.4318974
0.13675511
2.3918633
0.73452145
0.69564056
-3.5137808
-1.0575098
-3.6908839
-1.5528309
3.8190994
-1.2506838
-0.3136301
-1.4985981
0.35619587
-0.19821578
-0.48182526
0.44747683
-0.8499703
0.29658562
0.37629676
-0.0046412647
0.84194165
0.28929892
-0.33373284
-0.8987462
1.8764206
-1.1582677
0.8888556
-0.609248
-1.9337993
-0.97175425
1.6761175
-0.8477558
1.3361331
-1.0839306
3.0951211
-1.903403
1.159075
0.64727974
0.4584746
0.621485
2.130614
-1.7916156
2.043321
0.083389774
-1.010131
-0.23922372
-0.92497206
-0.4020174
-0.22515965
2.4195135
-0.96387076
1.097388
-2.5256114
-3.314226
-3.5401094
-1.4276998
0.54411256
-3.907715
-0.09549231
1.1629838
-0.86061543
0.51621324
-0.6830416
0.046820346
2.9808707
-1.2157888
0.028936721
1.2884985
0.86205125
3.7042015
3.0571737
0.5574753
2.2610104
1.1111276
-0.053036228
-0.7094789
1.0338877
0.9291171
-1.7361867
1.1091744
1.8265991
-1.5100923
0.4564541
1.1728697
-2.359141
-2.0046415
1.0466262
-2.1898727
0.5864282
-0.78326845
-0.58564794
1.9156578
1.8439562
7.078899
-1.4061756
-0.008592725
1.57541
3.8716228
-0.21867254
-0.7642201
-1.2026651
-0.7225081
1.3848287
-1.0740471
1.4425361
-0.264586
1.333904
-0.071509205
-3.3187888
-1.2190847
2.6409764
0.5202054
-3.874388
-1.4892366
2.0480905
-0.23820959
-0.16563526
-2.0956821
1.6833094
2.985103
-0.43213272
2.3936899
1.6433518
1.9240963
0.6092126
2.3580995
-2.765834
-1.1806775
2.232945
-1.1990345
-0.26397702
0.5264232
-1.17314
1.3375863
3.0271254
-0.6027799
-1.9919816
-1.1829623
-3.9149945
0.061857887
0.6104245
0.24373311
-1.250184
-1.1972172
1.485502
1.2142448
3.0689259
2.658599
1.0092984
-3.191275
2.271707
1.287776
2.539536
-0.5626382
-0.78759223
-2.0863254
6.0590105
3.2528124
-0.71237034
-1.6755589
3.4334517
-0.23039225
-1.2024407
1.5070689
0.9876234
0.4177497
1.7962775
0.41020048
1.3305752
1.9018373
-3.4257524
1.0066856
0.19689032
3.7629108
-2.5819967
-0.47563845
2.2574105
0.43463013
-2.3606625
-2.1796288
-0.7805659
-2.8955073
3.504009
1.3309852
2.1450012
-1.9027499
-0.428326
-3.1208982
-0.31411666
1.8458529
-1.5101972
-0.8839139
-3.3290958
-2.1008348
-1.6721331
-2.5933952
0.20212889
-0.9047482
5.66911
1.616623
1.7978693
0.120018795
2.8202503
0.359226
2.77335
3.5733123
2.4046602
-0.43121484
-1.597449
3.099846
-3.968822
-1.1144342
-0.48928756
-2.6353996
-0.4846098
-0.519136
-1.5705395
-1.6115729
1.1526806
4.0663805
0.9492937
-3.3948777
0.42876688
2.8564758
3.033523
-0.88236237
-0.47514522
-0.06210167
0.95307195
-1.7045836
2.2616804
0.9736539
0.8685194
0.37930578
1.1942024
1.7823493
1.7926518
2.2949085
0.27191132
1.5792232
-2.6241424
1.0398259
1.7275765
1.9053482
-0.72697073
-0.42311603
0.3107375
-0.30157587
3.7274072
0.5512777
-0.5129985
-0.13650325
-1.4811957
-0.10373066
0.39863533
2.060505
-0.698766
-3.422883
-0.50366676
0.5910683
0.93052596
0.8107707
-2.046115
1.1448439
1.9321104
1.2481053
1.5805522
-1.6013145
-2.9776032
-1.0577927
0.120010555
6.0720854
1.0297914
-0.69637924
-0.35172573
1.7433522
3.6486502
-0.97728455
1.335819
-3.60243
1.4345787
1.5051657
1.0622174
-0.8682266
-0.8152207
3.5974948
2.3357751
-1.8937728
-0.75211215
-0.5339372
1.2250979
-2.5231755
0.61474687
0.42717648
-0.14406504
-1.1157653
2.6204853
0.027891546
-1.22156
-2.4833722
-1.7681311
1.8090603
0.6843062
0.22372234
1.2594852
2.7280958
2.2086504
-1.7932596
4.4045725
-1.1686109
0.54792327
2.6510077
3.1671078
-1.0102296
-3.6590726
-3.203223
2.2242513
2.7514482
1.3219559
-0.9543336
-1.1494846
-1.3813285
1.6523224
-0.4323228
-4.6561217
-0.19944255
0.121100426
-1.7771661
1.0174942
-2.7540853
-2.9960053
1.1350064
-1.3769535
-0.25696382
-0.51011425
1.3996807
0.2768156
2.0527983
-3.5385365
-0.48208317
-2.9849095
-1.1715354
-0.9753388
1.1000468
1.9478549
1.0413505
-1.1785455
1.8531452
0.9652831
0.5382481
0.2286398
3.7908094
0.034480795
2.4439456
-2.1644773
2.216292
0.50852853
-3.7085376
-0.33460993
0.7668242
-0.98071676
2.0821424
-0.23424327
-0.86804986
1.0819947
2.5541978
-0.2514328
0.497523
-3.1674194
1.8494134
-1.7977908
0.6043167
1.5833524
2.6784506
-0.5755044
-3.5203066
0.5871593
2.3301225
-2.0940425
-1.754573
5.1442447
0.94317365
-2.2212834
-0.8261123
-1.559917
-1.6182479
-3.8289995
0.27710348
2.561954
0.89079905
0.7052748
-2.2389703
-2.732026
0.7559514
1.033032
-1.1764109
-0.88335824
-0.771516
-4.418237
2.097239
0.1377528
-1.8005478
-1.7630827
2.6333213
1.9277983
-0.8677126
-0.5669154
-0.97876644
0.5236833
2.4100661
-1.4575243
-0.43847492
3.2216291
0.7152892
-2.4852204
0.18905196
0.024673872
1.2445725
-0.0183179
0.589645
-0.724185
-2.975564
0.6825878
1.5244386
-0.011781599
-1.1139165
-1.3880365
-4.971093
0.6246761
-2.0674098
0.23024265
3.3615932
-0.599972
-0.6682925
1.688064
-3.9626765
-0.42532092
-1.1947526
3.6381276
1.2528521
-0.090228476
0.12548956
-4.514224
-1.4373864
-2.0924814
0.77439106
0.049789004
0.42024508
-0.10412045
-2.004491
-4.103356
-2.5189085
-1.0252159
-1.4421128
2.6084747
2.8745704
-0.66312534
0.11528553
1.69989
-1.7011329
3.3522666
0.33002314
-1.2379447
1.1493793
-3.170559
2.07608
-1.5595616
2.0443342
-0.2060751
0.5682073
0.20129594
-0.19707526
1.4817135
0.5187113
-1.2428279
-1.4140409
0.8810887
-0.08569834
2.1172702
2.4491186
2.395252
-0.45656785
-1.6451985
-1.727325
-0.6912313
-1.562943
-0.785227
-1.0108746
1.9227595
1.3477904
-1.3842418
3.8692684
1.5056831
-2.6071985
0.342374
-1.237089
0.8142297
-0.036848463
0.32052326
0.2856008
0.08572956
-1.8536667
-3.050659
-0.82109964
2.4434793
-2.630691
0.069412984
1.2672458
1.7283862
-0.6658463
-0.7994925
-1.8782564
-0.2707673
-1.3800242
1.5072353
-0.2408573
-0.49065328
2.5412307
-3.3324516
-1.1416694
-2.7794504
-0.15622208
3.002308
1.65072
-0.07222051
0.7534334
3.4437332
-2.1503887
-2.0979526
1.4228681
-1.9066856
-0.20117784
0.2546316
3.7478247
0.11394938
0.3381908
-0.7940135
3.0963404
-1.2119293
2.175556
-1.8431299
-0.19044816
-0.6036518
-0.9446032
3.130611
-0.8719866
3.4614346
-2.3959284
0.80534357
1.5359153
0.23698145
-1.6419297
-2.3281872
-2.321744
3.0243833
-0.502063
-0.8911926
-0.6885781
-3.9722178
-0.70522654
-1.0024886
0.8340104
2.4607322
0.6913039
0.13464606
-0.28298903
1.7208093
3.9100723
0.33947417
-0.25978905
3.4630556
-0.90934736
-2.8155656
3.6807954
2.8095307
0.12309692
3.2367158
-0.28532073
-0.91932064
2.1575859
0.04651861
0.9355378
1.5074226
0.43819097
-0.83966696
-0.7448697
-0.50772935
-1.204747
-1.4429722
0.84571224
0.43257892
-1.1401985
0.8904962
1.9782106
-1.1598421
-1.524719
-1.7574434
-1.8274972
-0.5329509
0.99423957
1.2643726
0.80871606
1.3904073
-2.5585058
3.9730284
0.20256738
-0.44010678
-0.5245725
0.36304402
-0.33887792
1.1409702
-5.0983953
-0.3809932
2.0666924
-0.84166765
-1.7859007
-0.4110748
0.2648401
-1.8703449
0.7009708
5.474893
2.7579706
1.9803838
-2.6132076
-1.3443285
2.6745796
0.08065796
0.6768102
-1.3470492
-1.0322025
-1.1567001
2.82698
0.9647223
-0.123537384
0.352039
-0.0128456205
1.6007298
-2.1070175
2.1113849
-1.1531156
-2.0207956
1.5830837
-1.6735847
-0.16011786
-0.3584764
0.9124857
1.216089
1.788172
-2.2968843
0.520699
1.6976516
-1.9443939
-1.1045785
-0.86303866
-0.50232035
0.40013474
-0.8181675
1.0644193
1.1890756
-1.385795
1.2328069
2.797642
0.152848
-2.2656388
0.4653719
0.73439574
-4.188934
-2.3064504
-0.21617992
0.1300551
-0.6550487
0.65095526
-3.7304246
-1.8559822
2.9839845
-1.7838991
-2.428428
3.2068257
-0.50312626
-0.5571634
-0.49524987
-1.1414931
-0.3145778
-2.6277604
0.7753923
4.188006
-0.7839137
0.97484326
-1.6049981
2.6097546
0.24114776
1.317771
-1.4147719
-0.8290979
1.2285262
2.2211611
-0.54958016
0.36173138
1.8903245
-0.080015086
1.6180744
-0.39792252
2.2076137
-0.76847607
1.1350299
0.996418
2.2810647
1.0894537
1.6074178
-0.4971283
-0.039675914
0.5376114
1.6309615
-2.3574657
-1.5889292
-3.5611591
-1.978631
1.9711365
-0.9884726
1.2888975
2.7793195
-0.18290263
-1.934762
1.6966219
-0.5674528
4.1889024
-2.141742
-3.1329699
-1.2687224
-3.5235908
1.0349399
1.0240932
1.5973115
-1.7041744
2.2945473
-1.3419731
-0.2621661
-0.6631859
1.537904
-0.19075254
0.49352744
-1.2883059
2.2632866
0.26620862
-2.8027263
-0.5389818
0.12939873
1.6412307
1.3608729
0.5259919
-1.2303305
0.11384036
-3.7030745
1.200927
0.69531065
-0.8848473
-0.6608589
2.3001924
-0.43218243
0.56948173
-2.4645755
-1.7486882
-0.2790323
0.10026714
-0.07802328
-1.0777807
-1.8435929
1.5941288
1.3046415
1.3984836
1.925763
-2.0259924
1.4124864
2.5088449
-2.8646073
1.8055162
-1.4863094
-1.1511909
0.5165133
-4.990074
0.27805588
-1.7367166
-0.5808687
2.8107982
1.2809283
1.1255343
-0.018964905
-0.7751909
1.310256
4.052202
-1.9429499
-0.122629166
2.3494217
-0.7567923
-3.2707448
2.3410861
-1.07212
0.9050779
2.5519736
1.0788168
1.5273217
-0.50024205
-1.6435416
2.827302
-1.0365663
-1.2332703
3.9268556
-5.556267
1.7247558
-1.2544237
1.4553765
-3.876456
-4.86405
0.030831255
-0.7779885
-2.6520853
1.0455909
-4.4711123
-0.38964668
0.95108676
-4.0742445
4.129641
-2.1473525
2.3040729
2.1263523
-0.6209585
1.523423
-2.3654623
0.76945543
-4.78316
-3.5980442
-4.1367197
3.160014
-0.86522967
2.912445
1.006812
2.810412
1.2990756
0.8739837
-2.7810497
2.1572642
-2.3105228
-2.2444353
0.26873675
-0.90893215
0.884685
2.0470934
-1.5588194
-0.14630559
-1.3699776
2.1852186
-1.1325803
0.1626974
1.9517415
1.3088086
1.0952858
2.8709557
-0.017718222
1.4895055
-0.21822721
1.0132896
2.506296
-0.55778193
0.26200867
0.5244719
-2.3498857
-2.0407102
0.83328307
-1.9927902
-1.2453941
-1.638958
0.42561206
2.1260824
-6.274844
-3.4409251
1.2001246
-1.4962808
1.4010838
-0.7695966
2.3332882
0.12929389
-0.67297983
-1.1489668
-1.0718322
2.6928067
0.14797238
2.3788774
0.26709285
5.9530983
-2.3131454
-0.03697446
-0.68276054
-0.3723939
-0.37749565
1.9489764
1.0018691
-3.118284
1.2095917
1.5426729
-1.4929618
-0.06783451
-4.0042644
-1.7796577
-0.07952353
-2.9539404
1.8949393
0.9710032
-2.0348186
2.7510152
0.79663867
0.15869623
-1.1926839
2.4892244
1.8436131
0.23822558
2.2676039
0.4145766
-3.558966
-0.82205284
0.34824565
-4.0522914
2.1716352
0.18450968
-5.389675
-0.14823526
-1.1766131
-2.9910548
-2.2376084
0.07320452
-1.5058006
-3.2698884
2.9179702
0.955579
-0.9017344
2.0790517
2.028911
1.4928665
1.661682
0.5949579
-1.4134398
-1.3673444
-1.4192821
-0.8568459
-3.031364
1.600103
-0.28747436
-0.6442042
-0.14665952
2.9957902
2.3496912
0.7654921
2.4233606
0.5483177
-1.6819035
-0.13885042
2.0414762
1.03857
-0.57418084
3.5916724
-0.4311715
4.3572693
4.4508786
4.143071
0.5024561
-2.506921
-0.6722966
0.30053484
-0.9243559
-2.652553
2.3601124
-0.6334964
3.4585805
-0.563046
0.07636982
1.5701096
-1.0727596
0.1976558
1.5336555
0.99066657
-0.13776782
-0.4382222
0.885725
2.4879436
-3.5571818
0.08517928
-2.3470848
-1.1907426
0.6192392
-1.2003635
3.59356
-0.27043778
-0.78497463
0.27374265
-2.3996143
0.6999873
-1.1941737
-0.32712787
2.1301732
1.60643
-0.8688046
-0.47778195
2.193016
-0.64759874
0.23157778
-0.824431
0.11366425
1.1278135
1.0365502
-0.22681153
-0.032640852
1.9266522
2.7391708
-2.2906013
-0.028757956
-1.5690861
1.8740464
-4.642067
-2.4547548
-1.5977908
0.62198496
1.2915127
1.4411983
0.62332475
-1.8883784
0.21174528
3.276833
-0.80362916
1.5936009
0.69794375
-0.48905328
2.3563805
0.24558154
-2.9039452
-0.106164865
-3.1210268
-0.02672045
-1.3641278
-3.5222495
2.001354
4.180735
-0.17446548
0.24861914
1.229145
0.1996277
3.2338855
-0.5073728
-0.9205255
1.7693725
-1.096185
-0.57849747
-1.9183495
-3.6824415
-2.7448184
3.6406407
2.1201348
-3.2221274
-1.3749824
1.0467465
-0.99606943
-3.7346
0.824439
-2.0369577
-3.267774
1.6807243
-0.7361427
-2.5601358
0.35958976
4.459309
-0.43849957
-1.6272554
0.7414031
1.3036704
0.3108293
0.74555224
0.75817084
2.705781
-2.0733304
0.6482446
-2.3591042
2.2695153
0.085147575
0.88609225
0.18041992
2.1367996
-0.44657212
-4.7595587
1.2784259
0.2532654
0.0017597824
-1.3484917
-0.36051047
2.405289
0.6786757
-0.82851946
-4.9816585
-0.5000131
-0.40553856
0.014121
0.33171088
2.421878
-0.22646925
-0.30061397
-2.4332833
0.46390116
0.23940337
2.1299062
-0.6948004
-1.426757
2.6749232
0.34217927
-0.98471045
-1.0750678
-2.8764558
-0.5945991
-1.2344309
-0.49027872
3.0737982
2.6473825
0.82859534
0.5556705
0.85614884
1.4322344
0.39294082
1.0613049
1.4474475
-0.55085045
2.3078458
0.19919795
-0.8594305
-3.7536607
-2.2943082
-0.5226888
-0.48200476
-1.095954
-3.1063588
-1.689571
-0.4011791
0.66971934
0.45987928
-5.1827807
0.47203547
1.8653905
-0.92222255
-1.652825
-1.1937791
0.7202387
0.26774076
0.090163365
1.4095798
3.290605
0.015538216
-0.46512878
-0.80176693
-3.86653
-1.5420161
1.1100413
-0.5617472
-0.61125135
-3.5462446
0.52042454
0.95501864
-2.20864
-2.7190063
1.7545638
-2.992262
-2.404171
1.7993585
-2.8241668
-3.6981413
-1.7270157
1.4940319
-1.8650886
1.0499432
-1.0738213
-0.4263088
1.9259219
2.849623
0.09548297
-2.4082885
-0.64303094
-2.0255246
1.4750549
-0.29061314
-1.538584
-0.5480118
2.6888459
2.0411308
1.5384005
-4.4205866
1.6893834
-0.8668673
-3.550415
1.6959624
3.6864212
0.014223576
0.56897414
-2.3766904
-1.162685
0.9331926
-2.58535
-1.017309
1.8934556
-0.053455945
-2.3490758
0.63463837
-0.29327565
3.4446397
1.9750594
-2.708863
1.8315368
0.41256073
-0.5057965
1.2983
2.8508174
-1.2178166
-1.0422639
1.3828979
-0.21437699
4.5494895
-0.7128716
3.0731971
-1.8407366
-2.8511996
-3.2134542
0.84539515
1.2132485
-4.2919173
-2.1278265
-0.8893218
-1.2434812
-0.7117066
0.74249285
-2.9126678
-0.41093886
-3.0727599
-1.1895912
-0.8632765
3.0749269
0.9380024
3.1315365
0.062963836
4.5996547
-0.6488498
-1.596431
0.48416898
4.792834
1.2262175
-0.4306337
1.143563
5.052654
-2.1371965
-0.13040653
0.59161603
-0.07035489
1.1523448
0.088486925
-1.5174515
0.12843588
-1.3020082
0.15067102
5.7639523
0.34759495
-2.4154463
0.91442114
-1.9568365
-2.083581
2.7754774
0.43625298
1.0226126
-0.37282783
0.6894686
0.46043956
1.3536419
-0.60908985
2.750161
0.13954987
0.39921194
4.6354947
0.17497668
-1.3384633
-0.7930327
-2.0850399
1.8701891
4.914135
-2.0975077
2.672039
-0.28172126
-0.7144189
-1.4799145
-0.98331666
1.1593812
-2.1671507
0.30207586
0.991855
-1.6505274
-1.2943591
0.8237748
0.6504069
-1.7309432
3.5469112
2.4473596
1.886345
-1.9964995
0.7503899
1.9139323
1.547936
-0.39750293
-3.8760734
2.1252003
4.3627777
-0.067370184
1.0881103
-1.5610013
-1.2323904
-2.4212105
1.5105644
1.8859179
1.6038462
2.974309
1.798156
2.1813254
-1.5276779
1.3535306
4.0363364
-2.1427364
-2.780828
0.31107768
5.035053
2.395623
-2.3504777
0.14631729
-1.3411158
-0.71173096
-0.8364155
-1.4124043
-2.1188722
-1.6787095
-2.9604607
-1.0102355
0.050754562
2.030361
-3.5393717
-2.7664266
-4.6970263
1.6731042
2.1740496
0.9876224
2.7092993
1.6960247
2.3326154
-1.0950509
0.3909662
-1.021708
-0.16361526
-0.32841635
-1.0714312
1.9307655
0.66925776
1.57979
1.161463
-0.035035554
-2.987324
-1.5392301
-0.36825788
-0.86518466
0.72255224
-0.2358281
1.2691866
-1.4141697
-0.6434481
0.84187996
1.4350116
2.2136765
3.2290602
-1.7768053
-0.7216861
-0.89569813
-0.5609315
-0.40332982
3.4333372
-0.8688899
-1.2970775
5.7290535
5.155114
-0.25813594
-1.9304286
3.5049944
0.041964076
1.9148712
-3.1027017
-0.7775275
1.6308796
0.71777153
-0.05161766
-0.80179965
2.7202501
0.9456843
-1.742252
-2.125076
-3.2660537
-0.5572082
-2.9823563
-0.28491423
-1.169199
-1.5415204
-2.0284693
-1.7290086
0.42311147
1.1642526
0.1451005
1.1928923
4.2469115
1.9432838
-1.1567934
-1.5324214
-0.7802596
-1.3663919
-1.3218452
-1.0381275
-1.4319243
-0.26408046
2.0754747
-0.25849372
0.35603294
-0.61087644
0.8431264
-2.996437
-1.3421831
1.476771
2.0062814
-0.8010303
-0.3595449
2.4054742
-2.424964
-0.7325253
-1.9939852
-0.028906412
-2.2821817
-0.83717865
-1.1137209
-1.4950644
1.6674926
-3.9741929
0.31670272
-3.7611418
-0.42084676
0.5612008
2.8849778
-4.4071255
-2.7849503
1.079328
-3.6491458
0.49240986
0.2055367
-5.135383
-1.2664456
-0.12035791
2.4357982
0.34106344
-0.3154914
-1.2892005
-1.21216
-0.16128975
-0.18106078
-1.294944
2.1570272
-1.1232543
1.3147445
-2.1569235
0.8828532
-0.5830947
0.6603594
-0.9283746
-6.07079
1.1261203
0.96284086
1.0572687
-0.8854029
0.89917225
-0.6881157
-1.4513718
-0.26692438
1.1130588
0.9163194
0.9473913
-0.48558706
0.4609264
-3.262719
2.2486298
0.11997797
2.6014946
2.3386552
-0.8437908
-0.40605387
2.4320714
-1.6312038
-1.2150654
0.49425194
-3.5924287
1.8739096
-2.0932693
1.6619971
0.671518
0.7127348
1.625874
-4.2678914
1.2787672
-1.1460763
0.17933476
1.584271
-1.0256796
2.4216692
2.2839224
0.8581802
2.1985843
-0.5367825
-2.8255246
2.5910656
0.9581128
-0.8275158
-0.36896873
-2.8726604
-1.2806152
-0.30365747
0.0954992
1.6712009
1.531542
4.2770557
0.80269307
0.7278684
1.8573692
-3.6127753
-3.2453482
1.6615245
1.5287409
-2.9031668
-1.5456913
-0.17168182
-2.5062618
0.24987707
-1.0433806
-0.7306836
-2.7669733
-2.5531943
0.7533665
-5.3303313
1.1956716
0.3791106
-2.5892882
0.92860186
1.0714248
4.9834676
0.454808
-2.157807
-4.0732436
-2.1175368
-1.9394817
-3.3765426
-1.995992
2.2033978
-3.1997743
-2.8186252
0.48034883
2.3157182
-0.8644306
-2.2719612
2.995314
-0.7890289
1.7947441
-3.28984
-0.17980665
1.4619384
0.85340506
-0.86722666
-3.0741794
2.6346862
2.0871418
-0.87292683
2.220431
-1.9335688
-2.0944765
-0.46621463
2.3076558
1.8790679
-1.1935836
-1.9996519
-2.133335
3.3634577
1.9900515
-1.1278584
-1.1323737
1.5774611
0.33703423
-2.460479
2.9226441
-0.4045554
0.67830193
-2.5044012
-0.58249056
-4.163694
0.80322516
-0.78830713
-1.5486186
-1.1205763
-0.67607254
1.0243661
-0.65428174
1.8053827
0.625817
-0.8451559
-1.2134079
1.2364718
0.34648424
2.7056308
1.8023683
-0.79215854
-1.3496035
1.6792623
2.51407
1.1646196
-2.0422852
2.812527
3.536603
0.52091736
2.4886975
-1.9205338
-0.8737591
-2.29601
2.9209008
2.0468378
-4.5711956
1.4684219
3.8857932
0.8076865
-1.3806189
0.8352268
-2.2974823
2.8577588
-0.043354675
-2.0692854
-0.4936201
-1.7767028
-3.1953259
1.7470369
-0.9304385
0.5712968
0.55348563
3.628456
-0.86176884
0.75813884
1.092239
0.4306813
1.0395786
2.2203922
-0.6255651
-0.8810576
2.3766186
-1.2515393
-1.0456078
0.11848653
1.1289675
0.4317993
-2.6055186
-0.3206379
-0.16469112
1.1034676
-4.362388
0.8891844
0.3058319
-1.615534
3.0379384
0.8655723
1.6397191
-1.8230144
-0.73057324
-0.9453415
-0.6998699
-0.48104316
0.46533114
-0.7429398
1.9263475
0.46811846
-2.4694266
2.2237747
-0.39876384
2.4059854
2.418155
-0.193329
0.2816853
-1.2574347
-1.3507351
1.8321832
2.1768494
0.12517379
1.9433149
-0.040786557
1.3562694
0.2799446
-0.25705817
-0.8542013
-2.5297456
-0.4150577
3.036846
2.8581722
-2.2207522
-0.2452625
0.7865922
-3.2978475
-3.6273634
0.5039923
-0.5020347
1.5359758
-2.5150516
-2.1646967
3.6893265
-0.64715147
-0.2862601
1.8054622
-1.7202963
-0.51086307
2.2601976
-0.47627863
0.6159205
0.38723138
0.1482814
-3.5032918
-0.7602076
0.008138232
-1.2423438
3.1654234
2.9597623
0.36010772
-1.6103336
1.6078644
0.26699206
2.0945296
2.506884
-0.91301006
-0.7158773
3.0495842
-0.98155785
0.41446033
3.8129103
-1.5278245
-0.67683893
-2.6317275
1.212772
1.3547084
-3.4932597
-1.1871316
-0.7610154
0.71558243
1.1217923
-1.4023025
-0.68400043
0.077597536
-1.8736781
2.847856
0.7796615
3.4178965
-1.796355
-1.5479336
1.5772107
-0.5839592
1.5714669
-0.37183386
-4.207592
-1.1381638
1.1158743
-3.1745431
2.2125304
2.2488563
1.0332016
1.5422201
3.3740916
-0.59045833
0.43859404
3.0329535
-0.21571413
-2.129038
-0.66912216
0.82371014
0.96738756
1.4078888
0.06563873
0.6303822
-3.752004
-2.5661438
-1.3323505
-1.1449332
0.103747055
-0.26087868
5.6090827
3.68484
1.0766932
1.2616738
-2.8841777
-1.950085
0.23273864
2.2606373
0.09422645
1.6423192
2.265717
-1.6112455
2.0742528
0.6729391
-2.7599647
1.1833235
-3.8095243
2.8597236
-1.6189041
-0.61105174
-0.77362263
-0.09469999
0.21170013
1.327028
-0.96775144
0.06128549
1.7819049
1.9553084
1.5265908
0.20398575
-0.9450676
1.1409211
-2.001049
1.959864
-1.4040455
-1.6100149
-0.5641042
0.3945936
-2.268601
-1.8388596
0.16241193
-1.8969556
1.331313
-2.2931018
0.56375337
0.09694468
0.9930761
-2.764836
3.1825535
-1.0418789
-3.432901
-0.5415271
-0.20601237
3.2034693
-0.5066332
-1.9737142
0.18640995
-1.6997169
-1.4289421
0.7847142
-3.2167423
1.961287
-0.39892027
-1.7608469
1.2975227
-1.0090814
3.2478018
-0.3288607
-2.0539558
0.081819445
-0.68073255
-0.095472455
1.0439371
-2.2152152
0.64989704
-3.0417523
-2.155353
-0.8947316
3.8403733
0.2359697
-2.9647596
-0.55149513
1.9807382
1.188446
-3.2965455
-1.0033056
-0.226672
0.82757926
2.4754572
0.6352561
1.3411262
0.52278227
1.2979156
1.1637086
-3.083829
-0.17918037
1.4495771
-1.6004575
-0.5539844
2.5392027
1.7610655
1.1025447
-0.23140123
0.6618501
0.97057945
0.44865486
-4.753867
-4.010492
-1.6285212
1.2454497
-1.273726
0.4866258
-0.58631665
-2.176983
-1.4090763
5.228918
0.43516648
-1.1403143
3.182234
1.7498571
-0.41787502
3.6128175
0.32020834
-2.7763057
-0.23360866
-0.5234572
2.652342
2.0628965
3.9600537
-1.2099993
-0.49999052
-0.36522976
-0.17514783
-1.8732255
2.2358248
-0.62325704
-2.0606275
3.5823565
0.07142554
-1.0825125
0.91947705
-1.2059784
-0.9808359
-1.3937826
-2.8146157
-1.4545915
-3.1527426
1.519631
-1.206799
3.0793524
-1.4181525
1.8063751
-0.58726233
0.34216085
0.7570056
-0.17459515
-0.7582927
-2.3715699
-0.047344454
-0.5448353
2.0351205
0.84870714
0.74352545
0.3629529
-3.439815
-3.3683186
2.6109798
-0.7706061
-0.19829628
-1.6974486
-0.63938326
-5.275802
-2.732972
-1.2390428
-3.8284307
-0.47097296
-1.7297083
1.389412
-1.4955393
-0.9491446
1.2727637
5.6646466
1.6089504
0.14897868
-1.4996052
1.1355407
-0.26355645
2.1485052
0.73092294
0.09215374
0.75788015
-1.580629
-2.075028
-1.494554
0.16825083
1.1211249
-0.99003994
0.8999641
0.22486833
-1.0566514
0.6203872
-2.2734985
2.5774157
-0.89577234
2.08538
1.9781561
-4.7659793
2.3292532
0.8181522
0.19898486
1.4517282
0.16553596
-1.2359693
-1.1697321
0.7733403
-0.3027171
-1.7354152
-0.95093745
1.6424947
3.1014163
2.0373933
0.2337054
-0.88132817
2.8563557
-0.70202523
-1.9723989
4.3860974
5.9149733
-2.7725282
2.1770396
5.692767
1.5316335
2.8102722
1.0895424
-0.9477275
-2.4853284
-4.002496
1.5232232
-0.51696783
-1.0776125
0.1697843
-0.52301764
-1.6856027
-1.0464623
2.8880339
-2.1267245
-0.6484573
2.3084536
2.7211862
-2.1281679
0.78209424
-1.4752032
-0.38799933
0.23548904
2.5809379
0.9354022
1.2397764
-0.48015952
0.59071875
-3.2127376
3.2320487
-1.959404
-2.8196185
0.9769015
-2.495876
0.31151423
-1.3199674
-3.088458
-0.7867889
-0.46968544
-0.81246305
-0.25872657
2.4870374
-2.1371489
0.17033784
-0.21953797
0.36203477
2.0720038
-0.33448502
-1.7456431
-1.1299064
-2.1334214
3.1297157
3.350953
-0.25590703
-1.5139142
-0.45519018
-1.7050391
-3.5418847
1.0219077
-0.9725394
1.6047813
0.22076268
0.5050457
2.381349
1.4613379
-2.1835003
-1.037526
-0.2286034
3.157953
2.0853674
1.3527676
1.5568424
-0.9267846
-1.8378642
1.8090585
0.9011748
5.6269236
-0.80215156
-0.26871157
0.5877704
1.6825954
1.2150301
1.5624784
1.5023643
-2.0519774
1.7684443
-2.030971
0.31157988
-0.5006436
5.8998685
-1.2048049
-0.7616236
1.3228
-0.5482657
-1.8857052
0.55622923
-0.94266725
-3.5312538
-1.6516172
-2.5134697
3.1227448
0.18829183
0.5118789
-0.99660933
-0.42016777
-1.4044675
1.0473195
-2.4318929
3.6572099
-0.072163925
1.0739063
1.1626502
0.09958879
-1.1460726
-2.3936515
-1.2361171
-2.5766451
1.0163597
0.0025003292
2.0500646
1.4847363
1.7690933
-0.34867248
1.0393541
0.31952596
-0.47015426
-0.10340072
3.2808657
-0.25885683
-3.607231
-0.121898495
-2.941765
0.57936215
-1.9288973
1.8167288
4.044232
0.5694849
-2.196776
-0.9396699
-0.50117815
0.68002474
-1.7920429
0.46856704
0.3043638
-1.2443813
0.019911818
-3.3286684
-0.1905019
4.7786293
0.9072892
-0.89817125
-1.8663521
1.7589855
1.3614154
0.9256743
-1.9626657
-1.7066506
-2.9197407
-0.39148384
1.0642767
1.4450696
-4.761485
-0.52438337
2.1065412
2.7235157
3.4092333
0.36235276
1.5642382
-2.1239834
4.0745378
0.20308636
-1.8886507
-2.365678
0.66992784
1.5772051
-1.6143587
1.4831457
-0.5335046
-2.149362
-1.1570802
0.83459336
-0.4981436
-1.9047197
-1.2067518
1.2181904
0.9565954
2.1798377
0.5949541
2.0742497
-0.36644134
0.2681753
0.89581776
1.2592626
2.9627173
-2.0751228
1.0212083
-0.70289236
3.7001665
3.8528287
1.2408978
0.62119406
-2.1613467
-1.8637035
0.4579419
-0.09723675
1.4391534
1.0395417
0.9902337
0.18465087
0.45718765
1.7913284
1.0335356
1.0929866
-0.253041
2.0334206
0.7420346
-1.5241833
-1.8607053
-0.57603973
1.4176136
-1.7231005
-0.39171502
0.4408683
-3.4351728
-0.093227975
0.5596982
-0.10058765
-2.1724777
1.3654362
-1.1940665
-0.020162173
-0.4684525
2.9395154
-0.9195089
2.3610272
3.0027812
-1.7425524
0.58886003
0.11729863
4.0948853
-1.5081695
2.975541
2.2433743
-1.5831914
-2.7670367
-1.7359228
-1.8477105
0.10815281
3.4075089
-0.09600315
0.43080825
4.6135674
0.39628392
0.11196943
3.9061422
1.4098572
-1.7913425
1.2624604
-1.0733075
-0.26183835
0.5958982
0.2993609
1.4342566
-2.763411
-2.5824962
-0.90463203
2.2416291
-0.1387138
0.038537502
1.7698984
-4.4824576
1.0433794
0.97731525
4.9424777
3.3626356
-1.3550582
0.38868898
-2.6716633
1.7792244
4.3290453
0.19567022
-1.6732707
0.22683105
0.4751081
2.8891299
0.6579775
0.8663825
-0.7730352
0.071998864
0.1580281
1.6923931
-3.2372758
0.2685998
-0.7209636
3.555468
-0.6958607
-2.4603066
1.765476
-2.2116477
-0.5004427
0.302958
3.2372649
2.8168087
2.3819616
-1.8934128
-0.32002032
-0.43779865
-1.9306455
-2.1348543
0.37641492
1.840058
1.5127392
0.514308
-1.7084525
-1.3661509
0.9128512
-2.7722483
1.8839132
-0.42420757
-2.6435823
0.73054004
-1.7401667
4.985537
-2.0797276
1.0955831
-1.2072618
-1.2105582
-1.2596923
3.2164426
3.7605631
-0.21767028
3.3631148
-3.0940783
-1.9222411
2.1060648
1.8651656
1.4016417
-5.0990505
-2.7582438
0.84397393
-0.45431036
-0.2776003
1.1159254
1.5433695
-1.4048685
-1.1339724
0.45064425
1.3793752
1.3914349
-0.56357676
2.2049775
1.9227037
3.283268
-1.5270329
-1.7621876
3.5407145
-3.2338495
0.034249336
-0.37007898
0.04705167
0.80866355
1.8265592
2.4745016
1.8298101
0.89757884
-0.3279894
6.709638
-1.7946699
2.0580049
-0.325912
-0.24900395
-0.9245594
-1.2466747
-2.449096
-1.5162458
-1.010966
-0.7362293
0.8621431
-0.22610201
0.5001428
-3.0272627
1.8235503
2.0630352
-3.0787401
-3.6749966
2.4252837
1.2527579
-0.64195126
0.5079796
1.0354539
-0.6480808
-2.5638835
-0.30487198
1.4250029
-1.518571
4.0676446
-0.70330495
-0.8644409
0.6397194
0.42509314
-2.4616687
-0.89662015
2.7042313
1.5684601
0.1921539
5.7793374
0.9106405
1.309468
-2.5546656
-1.4552691
0.7235502
-2.3794122
-0.43449694
1.058276
-0.78579515
-0.42298043
0.38541213
-3.0202844
-1.6428481
-0.98607934
-3.8740082
-2.676788
-2.5218937
2.2650893
-1.2402519
-2.8860095
3.7387521
2.482265
0.7784894
1.2857369
1.5865932
-4.0394564
3.2802005
1.4305204
2.4210124
0.20080402
1.3298261
0.09348658
-1.1117148
-1.3114238
1.0193956
2.104905
-0.053383976
0.2865399
2.3575602
1.2589865
1.4447757
-2.4264505
-0.1325707
-1.8972008
0.30383953
-4.4041085
-0.7845288
-1.8182968
-2.16928
-3.865977
-0.9857074
-1.2240442
-1.5103945
-1.2584804
1.1811321
-1.1601753
1.0743338
3.9348722
0.8640583
1.0757468
4.513285
0.58089656
1.9516313
1.5323565
2.7387075
-0.32764593
-0.9599854
-0.40273702
-0.82351786
0.11200201
-0.5463932
1.6693981
-1.4917989
3.0805423
2.3076675
0.4167401
-0.049489476
0.25237292
-0.20827
-1.3656381
2.7162457
-2.3850524
4.6308384
-0.6971758
1.1017976
2.6708462
0.43385032
-0.5677754
-2.7356668
3.6217117
5.4220276
0.37052822
-1.4648975
-1.7731583
-0.9031568
1.0959588
-0.003759019
0.42042232
0.9193237
0.27772918
0.43981892
-1.292918
0.69329894
0.52800465
0.29361403
3.707352
-2.0240889
3.593189
1.4613165
0.8387893
0.8737829
-2.1265783
-0.24339023
-1.0774574
0.7057848
1.1154398
-0.46835452
0.5320241
0.7614106
-2.6209683
-0.4916466
-2.4098666
0.39307046
-1.5627849
0.92410696
0.48036832
0.45201945
-3.659241
4.4549613
0.22708705
0.6160951
-0.17912722
-0.23507103
1.2152052
-0.9083278
-2.6484776
-1.3817796
-2.3764398
-1.7532271
-0.7692453
-1.4179426
-0.47481036
-3.219042
-0.11249357
-5.0787954
-0.063403174
3.2422578
1.868947
0.2939511
0.10240814
-4.8574986
-0.051576663
0.8408606
5.173752
-1.4483378
1.9416484
-0.6428186
0.0088712685
-1.4705807
0.8846643
1.5782019
-0.08584609
-0.3994062
1.0245403
0.99704045
-0.478752
-0.31216475
0.8991995
-1.1621923
0.74123186
0.14077875
0.9812858
1.1666493
-0.9365962
-0.39335835
-1.4262635
4.447024
0.43485373
0.6658235
2.8850691
0.14879537
2.2516952
-0.870511
-0.017592333
-1.9514477
-2.4427972
-0.4069072
-0.99316984
0.35003954
3.0274408
-2.4275835
-1.125738
1.3533107
1.8597473
0.31130913
0.8082632
-0.7877575
-1.5443714
5.6149364
-1.7330769
2.0279002
1.3220426
-4.0286846
-3.1305494
0.75584626
-2.1600647
2.5425994
-0.2190536
-0.9362549
-1.4141843
1.4371374
-1.3729336
-1.7281554
-4.3489923
-4.4972305
-0.29603
-1.2096434
-2.001152
1.5115682
-0.7132451
0.61653525
-0.034505706
-1.1512733
-0.8029835
3.8765073
-2.7173767
-0.16075003
-1.6392181
0.14218622
-1.7087466
0.39771017
-0.96196157
1.296506
3.209133
0.2595426
1.9397948
2.156369
-4.3082356
-1.9508923
-2.9586363
1.5595465
2.3321047
1.1605723
-0.20951433
-1.7080835
-1.6422378
-1.024323
-1.1409094
-3.5069432
0.84279317
-2.3075738
-3.8931606
-0.48188406
-1.492131
-0.12597045
1.639133
-2.4324307
-0.016803946
-0.75267494
-3.8874993
2.3947628
3.8349261
-0.95414126
-2.1481915
-4.119939
-2.9339924
1.983176
0.3617711
1.6359851
-2.161666
1.8588073
2.875066
0.49005306
0.83823377
-0.70900977
0.7966216
-0.7366616
-2.124591
0.5042357
-2.431034
-2.1023583
2.048187
3.0156615
-2.748476
-0.8956806
-2.401927
0.8519297
-1.369774
0.8881976
0.30780345
-3.7424278
-1.7485107
-1.1851403
-0.0039538294
-3.930149
-1.7485719
-1.0534872
-0.9354713
3.8201053
3.3313177
2.1528468
-0.06981878
-1.3036591
-0.013456434
1.7795529
-0.37537128
-2.408111
1.6134218
1.4700421
-0.09181183
1.7870743
0.86748266
0.73226297
-1.8534628
-3.7452037
0.8174207
0.793864
0.08140669
1.833636
0.5544985
1.6883175
-2.4460588
4.050602
2.140006
-1.3335791
-0.8836897
-1.6663008
-2.011102
0.85125995
-1.436117
1.2186983
1.6758282
-0.9386927
1.8392473
-1.2638003
2.7934117
1.4000753
0.38833576
-3.0194836
1.4975687
-1.2787408
0.5956883
-3.9517903
-1.2694596
-0.101026885
0.371007
-3.0373058
-0.50682515
2.545354
-2.4459043
-2.3365378
-0.77614295
1.0134485
0.5287648
3.6409078
-0.9532347
-1.3322242
1.2827982
0.19870192
1.2765563
-1.4440234
0.9241282
-1.1645044
-1.2224901
-2.2514112
-0.6477819
-1.2129633
-2.404953
1.5917225
-1.8501177
-0.7397819
-2.0177753
0.0010683015
2.871807
1.196563
0.66206914
0.231587
-1.2867821
1.0684446
1.3712077
1.6663986
0.8523777
2.0495336
-3.7396953
1.0937276
0.021953374
-0.2823992
3.5305185
0.46755135
-0.7032936
-4.1246734
0.4736579
3.6328194
-4.2743897
-2.0002332
-0.83807135
-2.1080043
-0.10269932
-1.863788
2.6921716
2.852612
0.774072
0.7911769
-0.02365841
0.8598872
-1.187211
-1.5564266
1.3403665
-2.414674
-0.26721573
-0.019008886
0.6667167
0.3195436
0.036502622
-1.6789811
-2.2299793
-1.1536206
-3.335633
-1.382338
2.8596933
-0.89171666
-2.393416
-0.7307651
1.9961618
-0.9443057
-0.93118113
0.96078557
-2.9724703
1.6558603
1.1002855
0.709819
-2.3733768
-3.4444158
1.7739792
-1.3284341
0.5580679
-2.1866834
4.0378885
2.9906101
2.1499667
1.4370137
1.4173266
1.5957152
1.3300654
-0.6278028
0.14809307
-0.07358926
-2.4224906
-4.886614
0.15950829
-1.3991938
-0.3510286
3.6127224
-2.0255957
0.3313809
3.6318278
-1.5139403
-0.61341786
-1.9002522
-0.6248362
1.6533996
0.56609005
-1.174267
-1.6974119
0.8569942
-0.4590688
1.5393977
4.073774
0.1439527
-1.1259465
-4.7957187
-2.8109467
1.833101
-0.36217406
-1.283347
1.6663922
-0.47934437
3.5221
1.7436186
1.8021352
-3.4546227
0.6262155
-0.7760246
-3.0918236
1.3384237
1.0161927
-1.0817568
1.306836
-0.76175463
0.3486802
-2.863924
-0.25619575
0.1016371
-3.0722442
0.54489595
-0.12214317
-0.8608336
0.039552584
0.002587214
-0.61949396
-2.514795
1.6899544
0.38166717
-3.3841941
3.28721
-3.6405246
-2.4956274
-2.9040992
0.28368586
0.30902654
0.08465268
2.8250203
3.1823478
-1.7300406
-0.80985576
-0.859487
0.11072917
0.8182148
-1.6006685
0.42144096
1.6387538
1.2317883
0.03950712
0.6653494
-0.7259421
-2.0787416
0.020936001
-0.40553212
1.2938809
-1.4498199
3.374823
1.2945224
-0.04813789
3.0009074
-0.56037116
-0.3158713
-0.93245536
0.08441891
-1.0333737
-1.1807505
-0.42106482
-2.468156
1.3236369
1.9754204
1.772052
1.3751452
-2.2179441
1.9509953
-0.3574613
0.50173724
-1.0320827
1.2463443
-1.027083
-2.855647
2.1674662
2.0891993
-2.1375656
0.06882268
1.2733659
-1.0770133
-3.1344764
-0.013358265
3.0723398
-1.5617228
1.6810306
-1.7044095
-2.912696
-1.16773
-0.37474218
0.7517426
1.7619164
1.842588
-0.24460912
-2.5887814
2.050724
1.2992786
-4.097026
-0.5898323
2.7600362
2.1626515
-0.75590765
-1.2861425
2.8396745
-0.16752967
2.6834528
-1.3763826
3.5192912
3.2252393
-1.3864009
1.118882
-0.48103246
-1.0406988
4.2735124
-0.7017652
1.8858624
-3.1160376
-1.9961637
-1.4515057
0.32608807
-0.43399215
-0.25720772
-0.034520954
-0.8633685
0.05321116
-0.07513898
-0.8542605
0.947176
-1.1953192
0.74187016
3.7519202
1.7991587
1.6117998
-0.5239843
-0.6328527
-2.047234
-1.0155871
-0.15515602
0.0825196
1.2305363
-0.32651892
0.6692767
-0.19798166
0.5330899
1.9229481
2.8329766
2.142277
0.48329735
-1.550385
-1.5617402
0.9798838
-3.1531093
2.760464
3.4474716
1.9619781
-0.33096674
2.4073517
0.11545844
-4.6034265
1.0155399
-3.327871
4.8987355
-1.0800133
-1.9751564
3.5020423
-0.124275535
0.0252553
0.6668031
0.37757757
-1.0588093
-0.7654293
0.9242108
3.1525927
-0.57827604
1.4910157
-2.564854
2.3928978
0.10025922
-3.5596402
3.6592886
1.5382131
-2.7139158
1.2246034
-0.022947125
0.8690183
3.313389
1.9496485
1.16126
1.279301
-0.5215191
-1.5375901
-0.26049763
2.2081804
0.50384015
-3.411545
0.76828283
-0.026970357
-0.48444092
1.6937579
0.99829555
2.1918812
1.0507892
-2.1576886
-1.6994269
2.4142842
2.1884139
2.6387181
0.69404846
1.8686208
0.5766731
-1.4247868
-0.9165138
-0.28563124
4.2011986
1.1660023
1.4141114
-1.2512863
-2.370818
1.986335
0.2625779
-3.8430703
-2.23513
-2.7515576
4.439496
3.416205
0.78035295
-0.016621228
2.7155037
-2.461782
3.6138856
-1.5836148
-1.5954225
-1.0424389
0.8246453
-1.0443283
3.2499247
4.2979226
1.1515353
3.8842907
1.1013836
2.1233652
0.8528458
-1.2962501
-0.2983178
-2.9185
1.1385405
0.2626835
2.3383284
-2.8702145
2.258748
3.1928344
-1.7647675
-3.9198673
0.46021423
-0.8580873
1.4434228
1.1752368
-2.1502216
-1.216471
0.034235273
-1.3023527
-0.007322237
-0.96852064
1.1657166
-1.2202737
2.2777908
1.3297377
0.740966
1.2425236
0.034593605
1.2514387
-1.7852273
0.5297456
0.52357894
-1.3179696
1.7267588