Glarus
0
0.2288582
-3.1147208
-0.44862556
-2.8616664
-2.0417416
-2.2229931
2.652632
3.3101366
1.8807194
-0.36175227
-0.0055813864
-0.23934564
-0.63774526
-0.5554415
0.080756344
2.7657158
1.2771499
1.8732927
-0.38488272
-2.1184573
1.053074
1.0746701
-1.0397823
0.88397616
1.7137538
1.4655983
-1.8914541
0.50416267
0.130426
0.2915294
0.48716715
-0.3624023
1.4282763
-0.10863871
4.0539565
-0.32688397
2.1266694
-0.3553936
-1.1430937
-1.1982394
-2.6645653
-0.17691636
1.1212513
2.1354702
-3.260396
0.39759776
1.2291497
1.0268519
1.5046884
0.30946857
2.0459554
-2.2900558
-2.0943344
1.0035336
0.5806377
0.05179897
0.9715879
0.6065667
0.006711066
-1.9416622
2.7932377
-2.8609698
1.4299724
-0.3250856
-1.3257743
3.1295257
-3.5331566
2.2580564
-2.527632
-1.8044537
0.93243873
-0.38262597
-1.0127164
0.7540572
-3.4417076
0.13653886
2.9384093
1.3383476
-0.11411693
3.8226976
-2.0524037
-2.570309
2.8582282
1.516205
-1.474144
1.25011
1.5491592
-3.5058396
1.6911674
-1.353681
-0.6405065
0.06174781
-1.0164144
0.113793015
-1.6810741
-2.5360277
-5.4846287
2.0602946
-1.9011173
-0.38911495
0.58234257
0.67804855
-1.5847121
-1.2808864
-2.8193886
0.9057152
-0.9502211
2.757517
1.76337
3.09951
2.2697136
-0.94086653
-0.32629678
-2.1507018
-4.455453
-0.69885045
0.34601757
2.869568
2.0311718
1.8051271
1.2675122
-0.37276798
0.8617773
0.27206594
0.28294954
-0.48725358
1.6367648
4.199401
-0.297727
-0.076539166
-0.76550215
1.2391615
0.32159582
-0.6147392
2.7256815
0.18952347
-1.8738813
0.59411097
-0.033311665
-1.8821645
0.88336647
1.2081655
-0.3448512
0.61713654
0.6563487
0.25685325
-0.7759227
0.82896125
-3.5373452
-3.3048785
-4.5535173
-0.26688066
-0.44625595
-0.12827772
-1.3663405
0.5611255
-0.022360422
1.8858777
4.580086
-0.69809896
-0.28559345
-2.0122018
-2.7844472
1.2869096
-2.2908058
2.7277179
-1.2314025
0.20523
-1.3963648
-0.09937114
-2.6136715
4.1006556
-1.259153
-4.259598
1.7766623
-2.1698577
1.3520851
1.4104141
-1.0893662
0.38457236
0.6346874
1.9510233
1.8801279
-0.79917866
0.9610739
1.0175384
0.46976858
-6.259267
1.4900844
-0.8134398
-2.322387
-1.9648842
-0.64221096
5.154291
-1.7201314
-0.13981
-0.8442681
-0.46967435
-0.47562167
-0.15932396
-0.21214402
0.06071412
4.0650997
-1.1278079
1.5000212
1.7656816
-3.9087393
-1.5547552
-1.0813406
2.609593
-3.2272465
-2.913998
-0.91761607
-0.2658416
-2.592021
0.94188935
-1.1330686
-1.5675064
-1.2619743
0.6732088
-3.6102984
-2.1336863
-0.77086943
1.8845474
2.3837562
-1.0946368
2.327168
-0.18007877
1.025699
-3.679784
-1.051509
2.3194594
1.6382282
-2.0012157
2.8707068
2.057395
1.2750676
-0.38682285
0.4611012
-1.6810042
-0.3503991
1.2678576
-3.394516
-0.9632581
-2.947615
5.6159816
3.3591821
2.3077629
1.7589403
2.4420633
0.45646557
1.3937439
-0.35037264
-0.67741275
2.7055888
-0.112890705
-2.9431217
2.2459972
-0.14059669
-4.1529093
-1.7912672
0.6204218
1.761046
1.7527982
3.0601017
-0.8368578
-2.03728
-2.3814955
0.23438805
2.0899959
-0.21334165
-0.5630028
3.890983
1.1277536
1.888062
4.0895452
-0.3389227
-0.08837255
-0.23570971
2.957476
-6.428133
-3.0236845
-1.5397019
2.3266568
-2.60631
-1.0960319
-0.39209068
-0.38374913
1.2319212
0.6862762
-0.36462513
-1.1874576
0.7357604
0.6400125
1.7518075
1.9728676
-1.4142601
3.3007479
2.9508474
2.1516018
1.0201613
3.0875351
-0.82785326
2.7629476
0.07750364
1.7873045
0.71477425
-0.9463985
-2.8990207
0.44410276
0.96487886
-1.0790197
1.9161501
2.2004228
3.53173
-1.6096588
1.038497
-0.35780275
2.433043
2.7875018
1.2261852
-0.48258257
-0.11457665
1.104944
2.9129395
-0.99338853
2.2221513
2.4222221
-0.8557374
-0.45053253
0.36161998
0.862844
0.43493927
-0.7898018
0.3685444
0.32969478
0.52062935
-0.48925728
-0.27699998
-0.57808626
3.4220915
2.6835244
0.88863724
-0.9535826
-4.7296953
2.14638
0.87025607
3.7476463
1.7230498
1.1983875
-2.3047826
-1.2032259
-1.4353619
-0.8902787
0.9081173
2.5786085
-3.036644
1.1677433
-1.3341807
-1.7235683
-1.9629635
2.5914707
0.166834
1.792181
0.6359972
-1.5902379
1.6337223
-2.395137
1.4393325
1.8673108
2.516333
0.6175665
2.6485417
1.4048301
2.3003979
-1.4707875
0.4878407
0.6227992
-1.9440352
2.856236
-0.42360103
0.19000039
1.9549829
2.037181
1.5751417
2.496345
-0.68460226
-0.013574481
1.9899209
0.69975746
1.0773168
-0.40160382
0.17634645
-0.54358387
0.41196513
2.2947836
-1.5597318
2.6711242
0.58241105
-1.5664514
-1.1702381
2.4468532
-2.1986444
-0.4888863
0.2230282
0.09964445
1.8488677
2.6983554
0.06439018
-1.608252
1.9310514
-0.7828419
1.6581532
2.8684955
0.46948665
0.9493564
1.1893169
4.6218863
4.0667095
-1.682788
-0.6395549
-1.619349
-1.2871093
2.1784608
2.9505754
4.6979537
0.50721127
-0.32695553
3.855372
-0.9745475
-1.2199702
-4.0404425
0.46852767
0.6603237
-1.2711823
2.5138857
0.7534426
3.252554
-0.6814156
-1.9920834
-1.9097192
-1.1577609
-1.5582155
-0.3761629
-0.44378293
2.1420486
4.0580144
-1.6121175
-1.0305095
-0.17785148
1.1592456
1.2532821
1.2361041
-1.621167
1.7171394
0.77206516
-2.1091397
2.1371174
-3.9827237
-0.7179754
0.5327219
-0.8820325
0.1813196
-0.60492885
-1.4405842
1.3727978
1.9763409
-1.4409752
1.486489
0.5931759
2.4900248
-3.8010757
0.43208554
-1.9425251
-1.1081085
0.14002526
-2.4797254
-0.56213903
-1.375146
2.9069142
-1.3208034
0.08141214
5.8454437
-0.8359382
0.83311206
1.0893229
0.6285469
-1.4068195
1.0422376
-0.47681174
0.71403855
4.855529
0.05795816
0.52959955
-0.7604489
2.3212833
0.52616304
1.6309817
-0.9917743
-3.6990387
0.62678474
1.2489309
-0.5478777
0.797545
-0.7589895
1.840869
0.25256473
-1.023326
2.3198836
-2.148696
1.4383148
1.554529
0.3228795
-2.50179
-2.4081507
0.07284264
-1.5229051
0.79109615
-0.49476486
0.43701202
-2.006116
3.2530937
-1.4665519
-1.9810883
-0.71832025
3.4665954
0.7376632
0.5704166
1.0990785
-0.6470979
-2.0980542
0.41050678
-0.8715475
-1.6283174
2.5757713
-0.27748844
0.97509104
0.8290152
-1.7146084
0.006983407
-1.2398343
-3.9490151
-0.48686397
0.32920232
2.3379037
-0.4101275
1.8424922
-0.44760618
-0.7337388
0.58564293
-0.7156711
-2.3833866
2.3350973
-2.2063036
1.9447622
0.45363495
-1.6525841
-0.7168202
0.6122839
-1.0684721
-2.5230591
-2.541627
1.8133725
0.7017976
-1.3474782
2.0847707
-2.280032
0.7606647
-1.812539
-0.088482
-2.962186
-0.18911752
0.5537417
3.2332263
4.121099
1.5883118
0.14387494
-2.2888758
1.2640165
0.49017164
-2.9717972
3.3699558
-1.282188
0.61894596
0.10320219
-0.09066459
-1.2133821
0.08296876
-0.34307736
4.8075366
-2.128349
1.4866697
1.4248343
-3.4593706
-1.0405236
-0.63428044
1.6056621
2.317792
-1.5249083
2.446529
-1.1959327
0.9267567
-2.8911572
2.077586
0.6985746
2.1821759
2.3970952
4.318496
-1.3982117
1.7470516
-2.2959387
2.6161325
-0.33230066
-0.5667403
0.52341557
0.5653902
2.1071584
-3.5433989
1.4302287
-0.0058271512
-2.9620419
-1.5266758
3.1753664
0.90956944
1.4650755
-0.19407862
1.5239621
1.6267431
0.13849375
-0.3697976
0.9479526
3.383994
1.4688548
-0.26050127
1.8235962
1.8087162
1.4247442
-2.3369179
-0.93999565
0.6872495
-0.78725976
2.4022458
0.20693682
-1.6566508
2.2900724
0.3485273
0.9673322
0.74817574
2.3368716
3.349896
1.1301678
0.42862302
-1.3380344
1.7788649
-2.9437425
2.991152
1.5709137
-1.5631039
-0.7210303
-0.17024142
-1.3158592
0.3529969
0.7919507
-5.2050123
-1.2715529
2.5385957
-1.1439395
1.9096317
-2.4846087
1.8517383
-1.4058154
1.2368846
2.6074429
-0.3247892
0.72829115
0.5229668
0.09819567
-0.99530625
0.6069452
-0.6425532
4.929377
-0.04425762
5.0959415
-0.5044821
0.48690322
1.3152883
-1.8506088
4.9873776
1.7466142
-1.0324715
2.023283
-0.51942134
0.6102397
3.6917713
0.62463087
-3.8825693
-1.811509
-2.0552518
-0.57393914
-0.7407271
-0.71538424
1.3099358
-1.2370837
-2.0846794
-3.6776206
4.0625
-0.9619022
3.0956228
-1.5878681
-0.84121406
3.1622252
0.192997
-1.6097654
2.5588036
-0.5164812
2.0107248
-1.1159859
0.8736484
0.39783257
-1.9873414
0.3259521
0.23791647
-0.2029145
1.5076658
1.3507892
-0.87379366
-0.74085546
-0.3261944
-0.2876115
-0.15150303
-0.18515632
0.60423166
-1.3130606
-3.060506
3.4233875
1.3979261
-2.341377
-2.8097758
-0.8678904
-2.7315996
-1.5954565
0.42468223
1.9345456
0.14032888
-0.2378245
1.5657669
2.1203902
3.2850902
0.90155625
-2.425554
2.6834056
2.2247133
2.459358
-2.461452
1.0873613
1.3950882
0.21950245
0.45039704
1.0144514
1.8848293
-1.5463415
-0.36799604
3.4864192
0.59167963
-5.9825144
2.939984
3.2831235
0.7745554
0.014846303
-1.4444125
-1.1470736
-2.4269214
-1.9295918
-5.1004105
0.059625372
1.754792
0.040793844
-1.241829
3.2295842
2.3392258
0.3401965
-0.73278517
-1.2857448
-1.8053647
-2.6829333
3.932329
-1.0237197
2.8389106
1.08467
-0.18490937
-0.9567382
-1.2081566
0.08840491
1.6693062
2.037549
1.3890359
-0.852055
-0.5790752
1.2355076
-2.3075993
-1.4385782
-1.7753208
1.4129542
-1.9643532
-2.291086
2.7949278
0.72795326
-0.070052266
0.9458764
-1.1529069
-1.7122211
0.6688579
-1.0015432
-0.9202026
-2.122885
-0.4551474
3.6705287
-0.28217095
-3.3203292
-2.74966
-0.12941256
2.072731
-0.1834949
1.705695
0.16426554
-1.5389686
1.766976
-1.1027528
0.037050538
-2.3531213
2.6029825
0.5130562
0.84492147
1.1324872
-0.21737683
-2.7219725
-0.71475965
1.2022786
0.68318546
-2.8594682
0.37866494
-2.4508018
-1.2620862
-2.5599203
-1.1462482
0.23497385
-2.5491064
1.9584707
0.1828339
-0.81578875
-1.2300262
3.334693
-3.1717863
-0.75982153
1.1206102
0.7939716
-0.22649255
-1.3863418
0.50083226
3.3762116
-2.0876265
-1.4368465
2.403367
0.089734815
-1.0014818
-1.2565694
-0.069912896
3.1617737
1.5082136
1.1722425
-1.1636285
1.2115451
2.2624316
-0.30760944
-1.744699
1.9621848
-1.5853051
2.5711203
0.7358047
-3.347097
-0.0075025484
3.135111
0.7626039
1.0914874
-2.324715
1.5312723
0.6663895
-0.73814416
-0.892005
-0.27533284
-0.41077808
2.6383476
-3.0217512
-0.3376307
1.4631256
3.1512833
1.8952671
-2.5794725
-0.3297729
2.6975431
2.809834
-0.13314939
-2.008124
-3.6089728
-2.599298
1.2753779
-1.8460886
1.5947973
-1.5712439
1.5070947
1.8877821
0.20465401
0.82738197
0.29479203
-3.0810883
-1.2266527
-1.1833459
-0.42891207
0.33811358
1.8434521
1.1604934
-3.6220667
-1.7378561
-1.3973998
1.9654045
2.6991374
-3.080189
-0.93866444
0.7590744
-3.3436017
0.44193137
2.0096793
-0.18135501
-0.012353882
2.8873966
0.7970754
-0.5197924
2.7873573
-0.15727067
1.3752784
-3.769328
-0.602242
2.4820664
-0.834137
0.74573195
3.7899175
4.418665
1.3833051
-0.3537946
3.2738185
-2.2053149
0.28513858
-0.76358014
-0.45269096
-1.9259055
-1.8798155
0.4114983
3.3140056
0.28530905
-0.28386903
1.1176208
-0.08195817
-0.77704835
-1.5038085
-1.3819358
-0.47113663
-0.652378
-1.4519401
2.0001678
0.6038915
-0.07858896
1.7683363
-0.5491317
6.73289
-0.7210402
-0.43516266
0.37579894
-1.6895813
1.2754936
-2.9009838
0.22315821
1.1048398
0.57428557
0.044077657
2.001683
-1.6128198
-2.095529
-0.6750354
1.4721487
1.6229255
0.99047065
3.3897753
-1.5159838
-0.75884145
-0.5435084
2.7633004
-1.1125563
-0.4687451
1.3886408
-1.2478737
-0.9280897
-1.462967
0.86822426
0.735917
0.26146677
3.710752
-1.6931369
0.858424
1.8404038
-2.3268313
0.8829996
-0.034538098
-2.3843555
1.2972064
-2.9728465
-0.26006684
-0.7791189
2.7363944
-1.5773342
-1.6497816
1.2197804
0.40592733
-3.615368
0.7074681
-1.7344426
-0.07859929
2.7875912
-0.027943723
-0.34084347
-1.5136092
-0.22063929
2.0682557
-1.5949355
-1.153377
1.9674753
-1.4388175
-0.9661229
-0.9022583
-0.061114177
-2.508401
-3.3282654
1.5045503
-0.37831438
-0.22395515
-1.3001939
0.14054248
0.9412627
1.9521251
-1.373141
1.2953851
-0.4341684
0.88752717
-2.0047536
-2.5243487
-4.801543
1.8851146
-1.1271706
-0.7039254
1.8730744
0.5747288
1.1960841
-2.688321
1.3300241
-1.3856695
-0.7719764
3.8095524
-3.5324774
-0.41768023
-0.068277076
-1.537847
4.0612645
0.8539637
-1.3014702
-2.038644
0.71305597
-1.020648
2.2929692
2.3832765
-0.779728
1.4601802
-0.34292504
-0.30061445
-1.0771327
1.5732671
-1.4454942
-4.4221454
-1.2222265
-1.0514938
0.6047918
1.466499
0.26361424
0.73536
-1.7469596
0.34799042
-1.9196808
0.54064256
0.19892797
-0.85497195
-0.64971423
-1.6646911
-3.2496285
-2.3006697
-0.521141
2.0032392
0.2177285
-0.7965449
-0.7401837
-3.3351867
-0.49824208
-5.54997
-1.0046269
1.604217
-1.7752329
-0.08091674
1.187443
-2.7125955
-3.7969368
0.11302413
3.1732447
-3.8577738
0.8103239
0.9387981
-2.7889798
2.9023368
2.6789181
-2.5445297
3.0048969
0.86379445
-0.94156
4.4246044
1.0919124
-1.0861531
2.2692254
1.8227501
-1.4611871
1.0132324
2.5736873
0.4559031
-1.1497861
3.9613683
0.72651744
2.7909832
0.7472484
0.11955685
0.54291433
-0.54271656
-0.29833007
1.2194185
-2.3332562
0.3139665
-0.02089043
2.489138
0.63473314
1.6135993
-2.8705947
0.5696536
-0.42338485
0.40643567
2.1421316
1.1314865
-0.4297831
-2.2338755
-2.5939252
-0.98803973
0.81188387
0.99604625
-0.9756457
-0.9087754
-2.1308603
-0.5300337
0.37521738
0.008989163
-0.5460355
-2.0205376
-1.9767498
5.44987
-2.7067435
-0.22938569
2.6483965
2.946772
-0.97442186
-0.2319079
1.051679
0.72230375
1.1253304
1.0260384
-0.23766539
1.0608994
-2.7134628
-0.59985095
1.445058
-2.5211954
-0.97295976
-2.3242996
-0.52601045
-2.0949636
0.34671253
-2.0742626
-0.031256184
0.31605163
2.5736046
0.90398484
1.408751
1.7320049
1.6930581
0.03925684
0.41084826
2.4234123
0.6985562
-1.9834166
0.48402828
0.40162244
0.4600924
1.4177185
1.5125858
-1.5792589
1.1939807
-0.5121841
-1.4800946
1.1972059
1.2062709
0.045448765
0.65970135
-2.61277
1.737682
-2.8573637
1.7797543
1.1494478
-0.18741685
0.75834686
3.1878192
0.7662369
0.9534174
-2.438102
1.0976105
-1.0722106
-1.281977
1.5521054
1.5796314
1.0044528
-0.3703028
0.07821198
-3.0844188
1.6479236
-2.6568809
-4.403839
-0.5930334
0.55525833
-3.5712752
1.4218864
-1.0970141
3.2745957
0.054899104
-0.11471639
-3.5399885
-0.7606949
-0.397264
-0.64560574
-0.07992028
-1.1964397
0.2899477
0.6662382
2.0284371
-0.42324284
0.25687367
-0.3213584
-2.6338978
2.0660114
0.97305137
-1.5938613
1.4210216
0.24122515
-5.8402257
3.4761903
1.5310726
-3.4789734
3.0266213
-2.4362593
-3.655765
1.9591475
-1.8909512
1.542769
0.23487192
-0.10462095
-2.400813
-0.53640175
2.273529
-0.15255317
1.8187734
-0.07392865
-2.0840743
-2.508068
-1.3595138
0.5071108
0.8846962
-0.5504036
1.3390033
0.0019086897
-3.1501849
-0.3222771
-1.0724609
1.4078741
2.5780416
-0.7215587
1.2561237
-0.0074784905
-1.6215359
3.416353
2.4364827
-0.37097535
0.35944277
-4.1267424
-1.723364
-0.28458416
-0.5785905
-3.3541195
-0.31756833
0.03938911
0.27595174
0.49855712
3.2318578
-1.4136492
-1.1844112
-1.0863225
-2.8007278
0.037256457
-1.4508678
2.2385952
-1.5929313
-2.6257832
0.8479389
-1.8999766
-2.2418158
1.6219685
3.2954628
-0.30056053
-3.617261
-0.66355765
0.33159283
1.6284466
-2.1764472
-0.72458863
4.761407
4.465704
1.7910141
-0.36855546
-0.9590608
5.2601237
2.291741
-0.606847
-2.484719
2.495189
-3.7525313
-0.39239946
-1.066499
0.3788173
1.7236719
-0.054821655
-1.8449315
0.41426733
0.6912302
-1.4460288
-3.1353354
0.5469542
2.48802
-0.62846243
-1.143034
0.33582613
-1.6098778
1.5636908
1.0080944
-2.299395
3.8088696
-1.4876109
2.1478972
-1.9991933
-0.057339057
1.7762479
0.8717022
-1.0471658
-1.9224113
-1.4976515
-0.7112285
3.2367582
-1.23564
-0.55912304
-0.31383842
0.27782458
0.14470577
0.45924616
-3.5624552
-4.315849
-1.841759
1.3093213
-0.7060893
1.1030345
0.73520315
-0.6305483
0.30301237
-1.1936566
-0.5545994
1.1048601
0.058725182
-0.715899
-0.77153164
1.7158843
-1.1546534
2.590845
1.19583
-1.5365893
1.5591636
-3.1517255
-0.6237411
-0.2639581
-0.9955541
0.35150045
-1.1029577
1.8450799
-0.19591987
-4.022514
-2.3950255
0.7981078
1.1298504
0.98976135
1.8749143
1.0405369
1.073711
-3.810889
-0.6648672
3.5755541
-0.74733174
-0.59554756
3.4458225
-1.502236
-0.37220213
-3.21381
-0.81711245
-0.017125547
0.46516553
-0.3589388
-3.131062
-1.8027074
3.856914
-0.20263246
0.6276594
-0.4998347
-2.6364686
-0.76371557
-0.2085635
-0.21740982
-0.8350683
-1.1225616
-0.50629383
1.6942743
-3.6787431
-1.4746422
0.9602845
1.0160295
3.28884
-1.2008289
1.8363631
-1.5450709
1.2474113
0.5840166
-4.043182
0.2532385
2.9387636
1.3726279
-1.2078272
0.3867886
0.5165173
0.7743816
0.63935745
-0.50299495
1.0417466
-1.0128975
-1.7384391
-0.20124269
-0.6917807
1.1086812
0.0749026
-0.33518428
3.017371
1.3510689
-4.2644114
-2.2486572
-1.8562658
0.46785572
2.3000445
0.5415489
-1.8876079
-2.5264742
1.1175542
0.117450416
-0.5227712
2.4750628
2.1838858
1.6470493
1.2873362
-1.8042083
5.3206234
-1.1316034
-1.495685
4.330688
-0.099860184
4.002771
-0.71021336
-1.3127743
1.0630345
2.5505161
0.9290812
1.5545852
1.1294762
-0.96577835
3.1423109
-1.8958625
-1.940082
3.4915519
-0.106209226
-4.152684
-2.0845318
1.0533235
-0.45706186
1.5598295
2.3327024
-0.16617501
-0.77357316
0.95830595
-0.99001247
2.2626412
3.3138745
-3.0363896
1.2164285
0.10096801
1.7201085
2.637978
-1.9858946
-0.2237745
-0.62495536
-2.260275
-2.5755806
-2.3121643
-2.9309497
0.995812
1.4908769
-0.5231655
-0.3031277
1.9262191
0.76542586
-0.3359865
-2.2772746
-0.68929774
-2.1684754
2.3210335
0.15481216
-0.9308531
-1.6634614
1.6550627
1.5214692
0.11235906
0.7012126
-0.013057027
4.225592
-2.1465442
2.517778
2.946883
2.4415572
-2.8430576
-2.3475766
1.7940112
-0.52698517
3.1051583
-1.9563313
0.6813925
-0.45108974
1.4440403
0.35776573
-0.3531747
-1.1290989
0.42445585
0.73263943
-1.4043827
2.7989652
-1.0606922
2.0491576
-0.25280946
-1.4230072
1.4140645
-0.733748
1.7228613
-3.2039628
0.5146858
-0.34321722
-0.1874322
2.2819967
2.1202629
-0.78580654
4.0941978
1.4493409
1.9059252
1.6263882
-1.2214849
2.4709759
-0.62791556
1.7838427
0.93768114
-2.5548832
1.0303667
-4.231131
0.4041694
1.2568152
-1.010738
2.5602372
-2.2188563
0.47281098
4.500129
0.8218517
0.6256494
0.0018341206
-0.2988984
-1.7297722
0.4190955
-2.948196
-0.54618686
1.2247888
2.6200876
-1.3840693
-5.363974
-0.08454695
2.9429805
0.08985114
-0.5493967
0.39823312
0.4081378
4.2115126
0.04663474
2.0594208
1.2662458
-2.7241354
-1.0544279
2.368193
-0.11121291
1.9689308
-2.659951
3.1157527
0.26422223
1.0729856
-0.6466382
1.7004994
-0.33925095
-3.7353199
-2.0103474
-0.83382326
-0.1446025
-0.71065813
0.44758245
0.8387073
-0.41488734
-0.23960193
0.11806929
-0.5851792
0.21314484
-3.6156461
-0.71390355
4.860244
1.2698036
1.3813885
-0.37514427
-1.3314762
-0.03657385
0.066147156
3.0010715
-1.3227522
1.642142
1.5758541
-2.8455815
1.0501992
1.5270765
0.35696313
0.23014733
1.065981
1.1403192
-1.3781806
2.739612
2.313824
0.49386013
0.56120795
2.4628408
1.8075234
-4.0909023
2.6546433
0.31174672
0.43435484
2.0741453
1.9224532
0.94639426
1.4557737
-0.8826055
-1.5139093
-0.48973948
1.0076503
-0.17268614
1.1225966
1.2947595
-2.2183614
-1.6711031
1.9323686
-0.20766237
2.5763159
-0.35375673
-1.2113264
2.8863297
-3.1476517
-0.7835456
-0.8838158
2.258783
0.13421498
-3.8529413
1.6451173
-1.7382501
-0.5147396
-4.3335485
1.6695949
-0.67986375
0.020289965
-2.0060587
2.7694497
-0.41175097
3.2875772
-0.35196668
3.9192114
-1.5053062
-0.87724715
1.104775
-0.10806493
0.80817837
1.1593932
-3.5574841
-0.41270748
1.340466
-1.0729253
0.2478047
0.84176993
-2.05981
2.2134833
0.6200577
-2.9516747
-0.2200217
0.80932486
-1.0225046
-1.5780663
4.097578
1.6903839
3.7175815
3.576231
0.632012
1.1786095
-1.6279254
-2.745955
1.7164906
-0.83779347
2.931945
-0.0028906018
-2.9221766
0.67383575
-1.4437492
-2.2145603
2.6237679
-0.40261987
4.0094624
1.3111985
-1.2614355
-2.3221319
-0.13314843
-1.5775255
1.6752278
-0.44064605
-2.3936124
-0.3903406
2.2798283
-4.259846
0.8683205
0.022192933
-1.2406137
1.6077633
1.736291
0.22975652
2.398381
0.79272157
1.4415817
0.83144796
2.1232731
2.464922
-1.3446838
-4.144009
-0.5541339
-0.7736083
-1.6390458
-0.7215254
2.6247993
1.6833421
1.0289931
1.98561
-0.29695848
1.1991216
2.2300205
2.9526649
-1.3715471
0.476955
-2.4640734
-0.61324054
0.0894965
2.453767
1.3334194
-5.536213
2.2806997
0.6973176
-2.0603993
2.2339334
-1.6427441
2.7998364
1.3482721
0.0113031715
-0.22945945
0.7719608
0.84579957
1.679981
0.20378545
3.4729743
-0.7179311
0.8849647
-1.7735535
0.14641151
-1.8093411
-0.8418452
-0.8421825
-2.8360882
0.31624222
-1.788197
4.6225295
-1.2771327
-1.9578317
0.9867928
-3.2004251
0.993022
0.27377328
0.010249674
-1.1475227
2.883733
-1.0819999
-0.8311859
-1.445842
-1.8563601
3.2012131
-0.9933048
-2.4774382
-1.0289388
-0.40137488
2.352462
-1.007017
-0.62468797
0.098379485
0.9666696
-1.0372721
1.9800233
-4.258095
1.0890533
0.0013307892
0.15663171
-0.011165865
-0.8369529
-3.4109805
1.0759649
2.915575
-0.71192056
-2.889257
1.4441943
-1.7588712
3.3677578
-0.18508326
0.94693875
1.7689791
0.22937916
1.1702124
0.03303927
3.4828055
-0.9192243
2.0726829
-2.1512773
-1.1186877
-3.0530958
0.622489
-0.36012155
0.9788285
-0.19665611
1.0132245
1.021053
1.4351155
0.13305844
-1.1652277
-0.8942792
0.4316865
-2.2986395
0.7814001
-0.45506325
0.9764848
1.9512006
0.13271749
-0.66843355
0.6253791
-0.026021741
1.3346244
1.6239129
1.3068521
-1.451353
2.3826697
-2.6178567
-0.3454456
-1.884009
-0.718513
1.7853111
-0.96159697
1.0833611
-1.8017311
3.5013406
5.3861623
2.5530493
0.13041483
0.61905485
0.30137327
-0.19770865
2.7637026
-0.5008977
-0.5030482
1.3343838
-1.5485319
0.28232026
1.1330976
-0.6432201
-1.0655288
-0.40642774
2.4048333
2.930746
-0.036847644
0.060314342
2.71532
-3.6754308
0.31655097
1.009525
2.2186258
2.0235028
2.711958
0.7817685
0.0071969368
0.048331782
-1.140573
1.4297835
-0.09312968
0.4216154
2.8277254
3.596051
-0.9652581
-0.06801834
-0.549623
0.8658365
-3.2055526
-2.416491
-0.24489899
-0.15005359
0.9735304
-0.89362484
-1.1909714
1.2038348
-2.1471608
-1.2043109
1.3315845
3.0527446
4.4195347
-3.6453598
-1.3329676
-2.883837
1.789562
3.6195307
2.0145926
-0.3116493
0.13781647
-1.0121961
-0.75164497
-1.2601705
-1.0263963
-2.3572526
-0.48001912
-2.0122929
-1.7507193
1.4276009
3.2008097
2.1489184
-0.47576582
-0.22500113
-2.2352893
1.8991843
4.515601
-0.18935251
1.3457413
-0.87819535
-3.8015373
-0.47791198
-2.4598289
0.111529335
-2.0461123
-0.048110515
-2.444666
-2.0204413
-3.0681932
0.7046228
2.2831345
-0.05260984
3.4725256
1.3722813
1.0565835
-0.28953338
-1.5669324
4.832822
-3.5492184
0.77264625
0.52809995
0.17918405
-1.2879165
-0.40542626
-3.0462396
-2.0340998
1.4793947
0.1752662
-1.2959949
0.4670512
1.9144917
-2.1399927
-1.5478308
2.3577335
-0.84053695
0.0590066
0.0911777
1.0748444
-0.50714767
-3.067428
0.46252203
-2.806303
1.3090874
0.20603469
2.2972128
-2.179849
0.39200425
-1.1979381
-0.60762614
3.2728958
-2.3158147
-3.0424638
2.8178325
-0.7082203
1.044939
-0.33224353
-0.11249018
0.71958613
-2.7714868
-1.0456191
-3.7296135
0.80324554
0.741437
-1.3916785
-2.7405434
4.6527925
-0.62159234
0.203313
0.78896576
0.89238393
0.2624933
0.6934012
-2.4200935
-1.977344
-0.4745131
-1.0767989
1.3316072
0.5583206
-1.3459848
-2.829507
0.74943614
1.0460759
-1.2628403
0.089361526
1.8394516
1.7850157
0.43512857
0.61450446
0.113829814
-0.29014188
0.58954835
0.7533637
0.56512433
1.7199769
-0.34139028
-1.5887852
2.227433
4.032094
0.63339585
-1.9128779
-0.98972565
1.5700327
2.3374758
0.080116846
1.0605458
-1.5801299
0.9045808
2.204524
2.9869885
-1.6796414
1.0427308
-0.49772373
4.07469
3.61257
0.7011212
0.61395836
-2.4047756
2.6877258
-0.1313784
0.14057776
-0.0231824
0.47179714
0.11378599
1.3853893
-2.0877337
1.0557786
-8.152434
-0.7182139
3.1606157
-0.62576747
-5.9834194
-0.49630612
-0.35206658
2.3462074
-1.1416528
-1.6108935
2.3421228
-2.8732822
0.95638496
0.568145
-3.9280875
-4.844923
0.06267066
-0.35042194
1.5787051
-2.8843384
0.22971232
-0.9136858
0.70407104
2.5237396
2.167947
-0.4569595
-1.2842876
-0.6629035
-1.7546815
-0.13304612
1.2134616
1.9535902
1.073027
1.8040687
-1.3858542
-0.5450878
-0.29116726
-0.14863706
2.8082845
-1.3201377
1.422118
-0.5581922
0.565505
-1.3624555
2.1597214
-0.16050333
2.0348053
1.0832397
-5.535049
-2.581919
0.8279863
1.3719763
-0.21663807
-0.6906263
1.0410037
-2.631807
1.550754
-0.084041394
2.178207
1.2244054
0.72872424
-1.1401588
2.6961432
-1.0038296
-0.44383803
-3.3025234
-0.6070018
-0.4305479
2.9462893
-0.15506527
-2.3045354
-0.29164544
0.42423764
-2.6267602
-0.85625434
-1.8456292
0.70987225
3.7262645
-0.6205843
-2.3289783
0.7533051
-0.9654197
-1.349084
1.6707685
1.0948541
1.8354005
0.8536824
-0.5916611
1.8777087
1.9817317
-2.1402223
1.5818847
1.7339804
1.6357832
2.7289336
2.4920032
0.40390307
-0.2871743
-0.8651513
1.3608364
4.3386536
-1.5994482
3.531133
-3.1345005
2.1983995
-0.37689814
0.830957
-1.764478
0.6512955
-0.4806147
-0.7897262
0.12050674
2.1197062
-1.7646148
1.0328069
2.5063558
-0.90918076
1.6085876
-0.28554934
3.2452195
1.6654623
-1.5579424
-3.3553815
2.1437674
0.6861682
0.24634227
0.7002733
2.104217
-0.6319295
-0.42140177
-2.11657
-1.8521585
2.45597
2.806581
1.0936307
-1.4248075
-1.9212087
1.8525944
-0.6375606
-1.5105412
0.82175386
1.2800411
1.2317125
1.6977264
0.06601795
1.8407604
-2.95538
2.5632825
-2.837165
1.1244558
-0.44969362
0.809896
0.59228873
-1.0513443
-0.1217845
-2.1527472
-3.438539
-1.1318176
0.21746956
-0.78077275
-0.22781852
0.016411822
0.24346611
-0.8777371
-1.1125927
-0.7667829
-3.1838164
0.5653507
-0.15846583
3.625065
0.24826021
3.0323696
-0.5216853
0.4863462
1.6417545
-0.19137177
-1.4372598
-0.73492587
1.1250011
1.204572
1.5893698
-3.8644583
-3.986892
1.5825176
2.1688735
-1.9876415
2.0267668
1.2817581
-0.81837654
-2.8450613
2.9853246
-2.0805569
0.028865919
1.0574329
-0.45326585
-1.2024217
3.9339716
0.5870909
0.053882748
-2.191169
-2.9826064
-2.7877264
4.8593054
-3.4634612
-0.28794166
0.17796192
-1.9521505
1.2151048
-2.777431
1.4416312
-1.2073605
1.0995741
3.278656
-2.0771365
4.043779
0.74275714
0.49381366
-0.8564659
-1.6929339
1.2255405
2.2807121
0.43408495
-3.6101549
0.9151182
-1.3287077
-0.4550412
-1.655056
-0.44695884
1.222443
-2.412963
-1.0554321
-1.7259505
0.5293032
3.7860603
0.26870868
0.5076486
2.490025
0.60554165
-6.719033
-2.3729184
2.256825
-1.4905165
-1.498969
-0.076484844
3.063987
2.5932379
-2.1098099
-1.8939741
-0.97183317
-1.7458354
0.076535136
-0.079515904
2.0688176
3.8710701
0.8517488
-2.4595225
-0.88862175
-0.40123346
4.4045568
0.9788992
-1.7079023
-1.1081083
-0.98756504
-1.6164236
-0.6149133
0.43247357
-0.33842155
3.1162648
-0.5256309
-0.2675651
-2.8214984
0.22904289
1.4431139
1.5428795
-1.4277447
5.7259674
-0.86782426
-2.0500512
-0.107220784
-0.3277608
1.4039285
-0.855677
-4.080053
-0.7012843
1.6193568
-3.3077428
-0.1972538
-0.3044271
-2.719164
0.8660709
-2.0571861
1.0185513
-0.8518347
-2.1120088
2.0927277
-1.5540837
-0.22806871
3.7973218
-0.36375526
0.9546955
-0.8626485
2.003515
2.5521564
-3.7408705
-0.22731161
-0.08539628
2.2534504
-0.6651248
-0.7793422
1.3633542
1.7018476
-2.4852622
-1.1034943
-2.7265725
-2.0973713
-0.32832962
1.2522873
1.6949271
-3.1767435
0.36225787
-0.81858474
0.08751363
-0.1545046
-1.5835239
0.75139093
-1.167372
-0.3360716
0.92250925
-1.18841
-2.144331
-0.9365987
1.4189447
-0.8888229
3.6804638
-0.04708764
-3.4764788
-1.637044
-0.73382837
0.47818667
-1.8801805
2.078287
-3.5374842
-2.9336982
-1.3822337
-2.1074867
0.097799145
3.029144
0.5990861
-1.7092048
0.13927376
-3.4661841
1.0009468
1.3686441
-1.5659403
-1.7405626
0.5508822
1.644221
-3.3105643
1.3154645
2.7728891
-4.841792
-2.4695354
-0.47569776
1.5149503
-1.9243525
1.8740534
-0.9878885
-0.079131044
0.65034664
-1.8938087
-1.8911121
0.8724602
-0.684465
-0.8933379
2.4029307
-2.4765918
-0.8348931
0.39435703
1.7916402
-0.40972382
-0.40744972
-2.4231582
-4.2782693
-1.7242895
-1.8901134
-1.2484245
-0.028275982
-1.8655581
-2.7479575
2.649662
1.0487103
0.41467935
-2.9838407
1.808623
-1.8085171
1.0584759
-1.2802199
-0.6511576
2.4610534
0.049262166
3.4781406
-2.8801813
-2.7716954
0.9219229
3.772547
-0.13191059
0.29340762
-0.54136574
-0.031608902
2.5808578
-1.1558677
2.2921083
0.97906595
-0.4969845
-0.69189453
-2.0119562
2.3942237
3.7474449
1.7591398
1.6785109
0.7848777
2.2460284
1.4816508
1.316126
0.51390237
-2.6197305
0.4020471
-1.704769
1.307588
7.82595
-0.36882555
0.36916536
0.49671143
0.5577088
-3.6698189
-1.7331166
2.0791392
1.8615758
0.6194179
-1.3992953
0.08027895
-2.4103525
-0.893787
-3.4690156
3.2212176
-2.218397
0.5539195
2.4281034
1.4267093
-0.08343377
3.9582112
2.1516058
2.461826
0.037672684
-0.5013157
-1.1267865
-0.0009420067
1.3634418
-3.4700768
1.0533127
-3.2990465
-2.0901573
1.7791556
1.4053932
4.050983
-1.4495149
-0.04507093
0.25694484
-1.2455691
0.23073107
-2.8836336
-0.7624917
1.8206044
-1.32425
2.0035417
1.933718
1.9842901
-0.3805047
-3.1933959
3.3870292
2.080868
1.991
-0.044934563
-2.1741698
-1.1597797
0.33659697
1.1460669
1.4253911
0.0045169517
-2.0294948
1.2555705
2.6702175
-1.6201828
-4.3874426
0.3563159
-0.103713624
0.040032
1.3393464
1.0342581
2.2566714
2.077616
0.08101571
-3.6964607
0.10400895
1.8760215
-2.53637
-0.06609043
0.8586212
0.4199777
-0.037558746
-1.5542142
1.7811781
-1.3598107
2.3037367
1.2682121
3.3477702
-2.245227
1.378005
0.89384794
-2.1705992
-0.8571133
-0.44675654
-3.9439273
-2.4708316
0.9815426
-2.1614625
1.1418314
-1.1271409
1.0621157
0.5441587
0.09166894
-1.1498566
0.07089488
-0.18102878
0.47216833
0.8101504
-1.3430198
-3.501519
-1.3149788
-3.4133124
0.2172327
-0.21582437
1.7139604
0.46981707
-0.5993482
-0.20257218
-1.0828121
-1.3022707
-1.7327994
-1.899652
-0.21461694
0.74339944
2.0952835
0.20092636
0.93717813
0.8845059
-0.14898844
0.33303437
0.6265958
0.692903
1.503071
0.38400152
1.3042865
-2.3651612
1.0502381
-1.3111534
0.49010947
-1.1064371
1.6926184
0.41331768
-0.6879624
0.024135634
-0.3965221
-2.5569985
4.1109514
0.05482098
-1.067577
-0.029661335
-4.666106
0.32903862
0.777631
-4.022295
3.8222024
2.155896
-0.3518208
-0.06127102
0.35379314
-2.2460558
4.471041
-2.1065779
0.5154152
-0.14092109
-0.803304
-2.6758351
-1.0936941
2.0107183
2.879386
-1.8557302
-0.5890691
1.1098002
-0.116915844
-1.0771078
2.0553243
1.9135115
-0.4941911
-3.6014404
-0.6299036
-3.8452034
-2.0229864
-0.763898
-1.4356352
0.013273589
-1.3282896
-1.2904223
-0.6683481
2.5146737
-0.015900288
1.0439247
3.3327248
-0.38065544
-0.60755825
-0.6814283
-1.4597956
-1.9912132
-3.8791153
-5.535074
1.2624141
-0.96132195
-2.9167616
-0.2442494
-3.8647785
1.5198494
-1.60808
1.7636861
2.509691
-1.1507828
-0.0237742
-3.7417815
0.09134626
0.36586857
1.1408248
0.0412511
2.7179327
2.639238
2.4249537
-0.008512467
1.8500626
-1.0478454
0.2957943
-3.7585099
-1.9612741
0.17780879
0.028991602
1.8425822
0.9284396
1.5991147
0.4627642
-1.6778681
2.7488806
-0.042031366
2.5417423
0.33577257
-2.7003374
0.3407187
0.4398079
-1.4821826
0.07047471
-2.8304417
-0.029120758
-4.0485625
3.0996616
-0.40467754
2.41814
-0.7019505
-0.9343337
0.038935665
0.8279685
0.35670292
1.1410451
-2.6112492
0.09229872
-2.7311807
-2.437238
0.85772145
-0.7374602
-0.39385685
0.35578382
-0.82308614
3.1485214
3.656615
-2.208897
0.17712148
-4.484356
2.3386912
-1.9361143
0.4273123
-0.117141634
-0.21870553
-0.20654759
-2.214814
1.444091
0.61891335
0.15021113
1.6152551
-0.9396632
2.293829
-1.3145293
0.6373986
1.0178428
-2.5548415
-3.805887
-0.8233182
1.429695
0.53921276
1.5723326
2.1915145
0.40475062
-2.4227254
1.505528
1.2734693
-1.0317906
-0.42997634
-2.0638454
-0.6059437
0.30587307
0.99166787
-5.013099
-1.5199094
1.9727393
-1.649139
-3.4446168
-1.2517873
0.2627148
-3.224834
2.241702
-0.6858339
2.1664689
0.733631
-1.5347934
0.23571673
-0.33334637
-0.68452203
-2.2893739
0.5010613
0.012055665
0.9452694
-1.7208102
0.10795413
-1.3227232
4.430403
2.3049889
1.2286674
-0.5363902
2.3896794
1.0630544
2.0089657
2.1209147
0.42430013
-0.03729238
-1.300923
2.674828
2.6153257
-1.6466126
1.9548243
0.11499541
1.0985049
-2.214071
-2.4392972
0.08920433
-0.8907537
-4.067629
-1.0487356
1.4720491
0.27263084
-0.9033202
-0.7384337
0.25009263
-1.8248667
-0.75856656
-3.4410193
1.8499203
-1.5544571
1.2658215
3.042156
1.019765
0.49765193
-0.7272191
-1.6347828
2.4404905
1.5467412
1.8744625
0.6262576
0.24203455
0.7239209
1.1756804
1.1948721
3.1666055
-2.6915846
0.2808081
-0.54974663
-2.3146179
-0.6054138
0.19738097
-3.5731542
-2.9999454
5.3312407
0.30829117
0.7465449
-0.07837507
0.9941235
-2.2409804
1.6126971
0.7972058
-4.231319
1.2997379
-0.8355544
-1.0874463
1.8116039
2.1481407
-1.2398622
2.351034
1.2469431
0.51057386
0.30928475
-0.23956141
-0.5002219
3.5414975
0.1998632
3.8534029
0.3237672
-2.4720793
-3.5234396
1.8067974
0.9399632
-5.050033
1.7051729
1.1202427
0.28097677
0.27443922
2.016851
-1.4352646
-3.9651017
0.34015527
2.298175
-1.9146334
-0.16966836
0.114862904
2.3069587
1.6828264
0.016865507
-0.72257704
-0.6361658
-0.29022563
-0.41243502
-3.272944
0.30599865
0.46072397
-0.58096534
0.0519868
1.6964626
-1.3404981
0.8102958
1.7088221
-0.9091442
2.523156
-1.0023781
-2.446229
-0.0610789
-2.1413982
2.7065616
1.5074899
-0.20042232
-0.34456378
-0.83325505
1.2596414
-2.2047615
-2.3011103
-0.7762664
1.371291
1.6619939
-0.83441323
1.0870482
-0.46051216
-2.4817617
2.2209227
2.2732625
-0.29526526
0.5505157
1.3047454
0.73490304
-1.1132742
0.55732214
-1.9957249
-3.529819
0.49668854
-0.91179615
0.043934047
-0.12451086
-0.758424
-2.1479096
-0.8383812
-5.0856347
2.1619556
-0.1004852
-4.00527
-3.6668189
-1.5276564
1.0578068
0.85415214
0.6294873
0.7261636
-1.1911873
-2.3282225
0.9257376
-1.8106358
4.3206472
-0.62812465
-2.1062517
-3.3213809
-0.93206584
2.2358289
-2.090259
-2.3114758
-0.0009077117
3.018766
-1.1169394
0.36755374
-0.18540832
-3.1581588
0.57277006
-0.9514358
0.5815514
-0.8559397
1.3267137
0.7332753
-2.3853369
-1.1310784
-1.7147278
3.8100402
0.47832453
-0.89627135
1.170037
0.3565337
-1.2893522
0.997171
-1.7753375
-0.05513794
-1.7122641
-1.4511241
1.7781264
0.15249512
-1.353493
1.8885841
4.48608
-1.9070724
-1.6561954
0.045170493
-0.528659
0.8690103
-1.6790493
0.01127838
1.7977242
-4.4468164
1.2874165
0.8305191
-0.2702126
0.3100648
1.6495417
1.8870487
-2.293415
-1.5650446
0.44076326
-1.9648474
5.0125065
2.8272138
-0.44110763
1.4112468
-1.2571937
-3.3936646
2.9655817
-1.796228
-2.452896
2.0175576
1.6897221
-0.72613853
2.4227355
0.61418784
-0.059601746
0.31097502
-2.6457083
2.69536
-1.1811987
2.1516612
-1.5407995
-1.4296149
-1.1826444
-3.9040682
-4.486688
0.18167412
3.0445626
-0.9261094
3.9548826
0.5386222
-3.562774
2.19224
-1.9335377
0.7502762
-1.9306715
1.6819036
-1.3351742
-0.053481713
-0.039036274
3.3758008
-0.20421213
2.4274588
-1.833282
0.23842573
2.7348971
1.2594885
-1.3562583
1.2039621
1.4988419
1.3850377
1.7671219
2.2072225
-2.8788369
-1.0141509
1.3365264
-2.3102512
-0.80744576
-0.7265824
0.99678487
2.9738624
0.6367252
1.478459
3.585755
1.0979028
3.2706409
4.9286585
-0.22985317
1.5614809
-0.94614184
-0.19541058
2.6547928
0.26958618
3.7056704
0.38634896
0.4422864
-1.0398474
-1.0726134
0.038658485
-3.6816282
0.35480186
-0.67699164
-2.9647584
0.24786517
-0.9887273
-3.47208
-0.036675908
-4.131637
-2.1420865
-1.7325234
-2.8335073
0.70692414
-1.2088931
-1.4032851
-1.9502494
1.3551514
-0.3655673
-0.76300436
-0.39251277
0.65171695
3.8564084
1.2909884
2.0093858
-3.0722415
0.60642004
-1.3961054
-1.3330103
0.19726634
0.27242166
-0.30793247
-1.4802321
3.1734405
2.9611073
-1.8014256
-1.924079
-5.00141
0.13938448
-3.898881
2.9099631
1.8406217
1.0984566
0.50280815
1.9009254
1.8524364
-3.9572039
-1.2672571
-2.5280795
-0.19963916
-2.1238866
2.0042913
0.48332307
2.7283204
0.90337515
-0.8119687
-3.364628
3.323877
-5.3839602
-1.1258682
0.9890043
-0.18102464
4.0736237
4.2866287
-2.388755
1.2834166
0.746667
-3.1148877
-0.73329
3.4670033
2.830174
4.5401616
1.8115768
-2.7696247
0.6291065
-1.9146247
1.3894994
-1.5003376
0.52534765
-0.84879375
2.834256
-2.7019582
2.531643
1.0900289
0.45791677
2.0953083
-3.7936962
-0.56372976
0.9112673
-0.84738255
0.1703541
1.0333223
-1.2213081
1.5634117
-2.6691403
3.337556
-0.708286
2.5122344
0.48619193
-1.9406294
-1.0457759
0.054282464
-0.12109762
-2.5606318
-3.394015
1.0873005
1.4690963
-1.2940832
0.65119725
-2.2435625
-0.107761465
-1.6871574
-0.94631964
1.9841771
1.2935944
-1.1326404
2.2787635
-0.0075015947
-0.40026376
0.07503691
-2.663884
2.4264624
1.9639053
-1.5182259
-0.71951056
-3.0978796
-0.8469796
0.88364977
-1.3866336
0.58934516
-0.26226777
-2.7201574
1.5559402
1.2335933
0.45493367
1.4388143
1.2700799
0.33609873
-2.2710576
1.8022537
1.0376339
-2.7445617
0.70348966
-1.5346591
-2.8754716
-3.2317994
-0.71080965
-1.212287
0.5182078
-1.1919897
-2.1262841
2.2063224
-0.48982555
0.99360347
-0.16089529
-0.5056713
0.026505452
1.0340331
1.7854083
0.23255149
6.4016414
0.38497797
-1.8306671
1.4468293
1.1020392
2.0103648
3.6998973
-1.722529
2.1613293
-1.0678543
0.5392299
-0.4100149
2.5141895
-1.0778341
2.479759
-1.3262956
-0.1559056
4.2384477
1.8778625
2.4653885
-1.5909619
-0.10022674
1.6487346
0.4022445
-3.663038
-0.52149487
-0.69886386
1.411316
0.13244808
-0.288965
-4.1914177
-0.83273196
-0.36839506
-3.1507723
0.37266415
0.26785907
0.412385
-1.3810947
-0.4782069
-1.7386131
2.704637
1.3761798
-1.0766426
1.0641099
-1.8786172
0.33936733
-0.12206397
1.5334818
1.4840258
-2.255114
-0.42123857
1.0115261
-1.0825071
-1.3518323
-2.7701209
0.92687774
-1.9661448
-4.860737
-3.949496
0.6659925
-1.8971419
-0.4257807
0.43745503
2.3417659
-1.5229057
-2.432396
-0.025647298
4.2795944
-0.49404112
0.04103837
0.96174103
-0.7363012
4.8406434
-0.26181063
-0.48908448
-1.3545043
0.13682605
-0.5812232
-2.317349
-1.9277041
-0.034997433
1.9233317
2.6055307
-0.53883445
-0.40804768
-1.5088735
3.6649013
1.3076718
-0.55735046
2.7477682
1.5849327
1.6183522
2.9154172
-3.5480692
0.2544959
0.4099967
-1.9599496
-1.8809409
-1.0224183
-0.7192042
-0.5391166
-0.33604538
1.0126411
-0.9665941
-1.3370408
-1.1771675
-0.8817531
-1.858429
-0.764357
1.9556524
0.928164
0.74418986
0.055422597
-1.0782554
2.0560758
1.5551156
0.73783016
1.0438064
-1.63381
-0.80192214
1.030947
-1.4076596
0.19608334
0.6090743
2.3931003
1.0941714
0.027273126
0.36915025
1.0745115
-0.2999537
-2.2077694
0.93275636
2.4573877
2.9829426
6.151522
1.1716115
1.787464
-0.7234334
2.6962478
1.3387563
-0.79263324
-0.9351651
-0.6921434
5.648884
-2.1910157
3.1773448
-0.31601366
-1.2192776
-1.7006176
-1.118857
-2.308092
2.0280147
2.1015716
-0.8983904
-1.1290476
-1.6421041
2.9956899
-0.62586784
3.0905566
-0.28380498
1.4294368
-2.447839
-0.023897853
-0.11666479
0.97334814
1.0074735
-2.46283
2.0472531
-0.3547814
-3.3380654
-3.822928
1.1661512
2.2674763
-0.7381671
0.018456466
-0.71769035
0.95005363
0.048742633
0.69092053
-1.5251163
-0.6387499
0.43975395
0.79403335
1.0235108
0.7198283
1.9036518
-0.22877648
0.6148849
-1.5980763
1.2387457
-1.1015302
-1.5273038
-1.8057357
1.6083719
-0.02007939
-0.018779881
0.7472493
1.9054902
-1.9381447
1.2093978
3.1952364
-2.9663377
-2.9506133
-0.47691983
-0.7816602
0.3811838
-2.1557631
-1.8941265
0.5646209
0.23755553
-0.73187125
-0.45541486
0.24568227
3.529779
-1.8327484
-0.49589813
-0.94675654
-1.0946429
-1.6886258
2.8521175
0.43265963
-1.5020573
2.0387568
-0.43840933
-1.754971
-0.8250609
-0.69043595
-2.2386026
-2.2442076
3.1770043
3.1567004
-1.1457028
3.217393
-0.348539
-0.046559006
-1.3770292
-0.31989157
0.6885382
2.5825458
-3.756484
3.0859244
1.2385606
1.5977814
-2.436788
-2.3267517
-0.26672947
4.09406
3.0558374
3.6723745
-2.052395
-0.8040769
0.36448258
-0.39485532
0.6360927
3.6298404
-0.067246035
-0.59919804
0.70419383
0.84248185
3.2780879
-1.277172
0.9664635
1.2147257
-3.3653717
-1.9555752
2.159356
1.2044643
-2.4925745
-0.08756327
-5.401173
-0.15116596
-0.7347312
-2.8452876
-0.45954394
3.729671
-0.7623312
-3.1760428
0.737042
-0.68909216
-0.60740954
0.50053906
2.0143123
-1.9308392
1.0765975
1.311499
0.8593023
0.28726667
-0.8058597
5.240561
0.70870334
-0.063117534
0.933323
1.0959709
1.6854825
-4.0483475
1.0036986
1.2673708
1.7166015
1.3173512
-0.24428293
1.8107561
0.8935299
2.1032498
1.4666101
-0.41761425
-1.6283635
0.05426762
-3.4722443
1.2935873
-0.52802205
1.8332056
1.2234987
0.9387305
0.9387149
-0.29652137
-1.8874725
-1.6499152
-0.27047673
-4.506216
1.4339463
0.50924003
-3.8138306
0.115305856
-2.5629065
0.07073705
-0.49686372
-0.32751533
-0.03731419
-2.7891273
-1.3478467
3.7201736
-2.233239
-1.3820535
1.0294442
2.065891
2.526479
-0.55228543
0.26383907
1.1363434
0.15512069
-0.11570329
4.9038477
2.6799836
1.7014637
-0.30205342
-0.82858866
1.3566419
-4.5165334
0.0032268837
-2.4850633
-1.0137051
0.19079132
-0.6106114
1.6103663
-1.9502816
1.360973
-1.0087119
3.1719115
-0.09259581
-0.026524514
2.689968
-1.1166149
-0.35200906
-3.0686731
1.795535
0.18390279
-0.9325037
-2.266343
1.4914563
1.3004147
-2.5680823
-3.0500844
-2.0249796
0.30555367
1.6848965
1.6029304
2.4116278
2.3806796
0.19139925
0.6392637
0.665421
-3.3269143
-0.6247508
-2.8612056
1.7812539
-4.2082024
0.56962895
-1.9181631
-2.2125325
-1.6398025
-3.2664456
0.5049774
-2.4893622
-1.3132056
-2.3361394
0.7222578
0.26230305
0.85446006
-0.3390469
0.44425076
4.84492
2.7569432
0.52176964
-0.3525002
0.58810234
2.958238
-0.5737503
-0.8147884
-0.54466975
4.4015455
-1.5398964
0.40681306
1.8442912
1.6448765
-1.1400568
-0.23536663
0.45529747
0.040305212
2.5552974
0.41499904
0.105694264
-2.4529612
-0.15226561
-0.096268706
0.18453765
3.26801
1.6283141
0.05842144
-1.9259146
1.2204322
-2.2766497
-3.5124497
0.8123563
1.3423238
0.09004019
5.8385
-0.12513979
1.7261599
4.725631
1.4871552
-2.6186523
3.5522993
-1.327672
1.0904064
-0.2948228
-1.2858329
-0.32596737
2.2886276
-0.5670161
-1.3955133
2.420988
0.9991628
1.500292
2.7134128
0.7145151
-4.0216656
4.249219
1.2258191
1.5275054
1.0777032
-1.4888602
-0.65673465
-0.90814775
-3.9443274
0.6021318
1.378392
1.1968067
-1.0437394
0.46073562
0.4146005
-1.7394204
-0.7545695
4.524478
-1.9557455
1.6599963
-0.79924774
1.9746865
0.47599208
-0.9644855
-2.2072375
4.3357387
4.215494
1.5985504
-0.4923789
-0.40896422
2.535158
1.1793474
-1.2193031
2.2422035
-2.1541157
-0.48015475
-0.26229873
-0.381044
0.432341
-0.09741896
2.1073518
-1.489074
-0.3109119
0.038235713
-1.7020625
-0.442295
-0.3925404
-2.2915547
4.851186
-1.069252
2.6027846
-2.626396
1.5161505
-1.5285105
-1.8865029
-0.5514577
-2.6716244
-3.802245
1.3917202
2.3465822
-0.20111616
-0.8332935
0.9788322
-3.0138078
-0.321274
0.57862455
-1.4028089
1.5033562
-1.7585628
-2.0825303
-0.43278867
-0.4501651
-0.46312812
0.8846101
1.4335713
-5.8431735
-0.55212563
2.3099833
0.49379703
-0.80977464
-0.35350806
0.662648
0.0014913231
1.1750493
-2.5476587
0.11285202
-1.5585508
-0.34397835
-1.6679052
0.16475667
-2.1973736
-0.3033808
1.8636905
-1.752928
0.2792681
-0.48149106
1.0570647
0.31577092
-2.2579432
-1.0505302
0.9141121
0.3788995
0.8648261
2.2207372
4.158366
-0.74667346
1.283606
-0.17282245
0.37767997
-0.54091877
1.7666354
2.474999
-2.6040695
1.1514922
1.7272283
2.9856007
3.259561
-0.76361746
-0.02722321
1.7964244
3.1809814
0.36044893
-0.26486662
0.81176615
-0.7328355
0.16986504
-1.6989956
-3.501365
-0.15934017
4.212886
-2.358079
0.7544975
1.4253672
0.8720773
-0.5470996
4.8227744
-0.14496866
-2.1585958
-0.33843574
-2.8404908
-0.76655185
0.527956
-1.8274425
-1.9238955
0.933826
3.5480552
-0.5047222
-3.6558259
-1.3582301
1.1871973
-1.4689349
-0.3589784
-1.7660606
0.095899984
-1.9932752
-0.9582282
-2.509945
2.1987813
2.8056493
-1.8172342
-3.1341755
-2.3073883
0.024296284
1.457474
-1.6953346
-1.7235951
-1.685924
2.978136
-1.0023324
-4.7288313
-1.7248795
1.139918
1.0230801
-0.8444443
1.1842242
-1.3394698
-3.0576792
-0.92990774
0.32452852
2.590307
-0.5285515
-4.434323
0.62489164
2.4950757
0.15417042
-4.515828
0.8337676
-1.8159395
-1.7670976
0.27931747
1.529312
-0.66696405
3.5763028
0.47364065
-1.6409559
-2.3625784
-0.93352765
1.6285132
3.4398918
1.6638397
4.1749125
-1.9083961
2.6738696
-3.3875694
1.8312012
-1.4700916
2.020038
-0.17035668
-0.44741964
-1.21555
0.48500836
-0.9006241
1.0229968
0.11143376
0.7546889
0.23086472
-1.2262326
-0.7389266
-1.119913
-2.4042847
2.082785
-3.919953
-3.1500015
2.4001334
0.098086484
0.21114948
1.2921625
-1.3589395
-0.5470834
0.4054757
-1.6173528
1.4003942
-0.9593742
1.3143165
0.9495624
0.6386999
1.6205541
-2.014296
-2.9559014
-1.6161063
-0.48309976
0.8809323
3.0673282
-3.6729941
-1.7248576
0.5616471
2.2543812
2.346696
3.0591986
-3.1013045
0.73958236
0.14159468
-3.1829498
-1.0245519
0.73670316
-1.8579402
-2.9031808
-5.1240106
2.5479605
-0.7415229
1.4749314
0.69728744
2.475503
-0.64771867
1.7518253
-4.2153707
-2.1345901
-1.1583555
0.64627033
2.4695942
5.0266967
-1.2104883
-2.7101123
-0.86177486
0.62831056
-2.5043786
-2.1236973
-2.4976182
-1.4279463
-1.6143416
-1.4166216
-1.8534778
1.4476974
-0.20943448
2.1133103
-0.024539895
1.0148075
0.86796665
-0.9430647
1.8531901
-0.084038526
-1.141892
0.036749177
-0.2230603
-0.40166172
0.42397127
1.3599846
-1.1278027
-0.2118667
5.3440623
-1.4794643
-3.0608616
2.1060019
2.0574338
0.91313154
2.7527494
1.4510942
0.5535964
-3.0551338
-0.3207097
-0.79376775
-2.7955399
-0.58668435
-1.0347664
0.16357633
-3.321544
0.50809544
-1.2765931
-0.16177148
-0.6873833
-2.254319
-2.0096807
0.6523098
-0.80395025
-1.1073292
0.045436345
-3.5137308
0.56158566
-1.18363
0.50538886
1.6042694
-3.3057036
-2.707624
-1.4040912
-1.2789949
0.889841
-1.1972338
1.0806633
-0.26558232
-0.23752436
1.8140188
2.4223287
1.92686
2.704811
-1.1466669
0.285864
-1.1124221
-2.3222084
1.9615128
-1.4492116
-3.273856
1.898997
1.4779339
3.4662626
-1.7520305
-2.0688434
-1.3321586
1.0346048
-1.5632029
2.850833
1.5095664
1.0488172
-1.0619435
0.30272365
-1.8130226
0.8037787
0.26752222
-1.2791866
1.850717
0.031326674
0.085590884
1.9407357
1.205524
1.4679098
1.6413708
-4.1354656
1.6288291
-0.63112277
-0.26297158
-4.015922
0.40514344
1.3521937
0.62921697
0.6750238
-1.2201085
0.82679665
0.04893879
0.8018685
3.044009
1.2961849
-0.19504109
-1.7837613
0.32214278
2.2655494
0.34180665
2.1619468
-0.2692017
2.9469366
-0.96575785
0.20177788
0.89360106
-3.48569
1.4676765
1.0546838
1.3432151
-1.5989221
2.1300175
-3.6598306
0.93021846
2.7596734
-4.843007
0.45321825
0.41427577
-0.73716855
5.190382
-1.5571743
-0.48981005
-3.5661266
0.6514965
-4.218325
0.13173407
1.6448337
0.4790943
-1.6525978
-0.40521833
1.5108871
-2.7802467
-0.2261962
2.3361971
-0.29675028
1.4964213
2.766328
0.6065432
1.4346806
0.4456517
-1.5652934
-0.8000272
1.8415111
-0.67132825
2.441927
2.2117264
-3.6352673
-1.1859075
-2.356337
0.82570195
-1.2174069
3.3202844
0.22412288
0.6140343
-0.14915721
-0.015890501
-2.2111602
0.35273546
-0.12880282
-1.4027865
-1.2855487
-2.1172757
-2.654392
-3.1233203
-0.29752177
-0.23718601
-0.033600777
-0.5369786
-0.8294816
0.040739503
0.7825634
-0.012350988
2.3055797
-0.21787558
-0.579922
-0.60921234
0.08171114
-2.9307215
2.8930154
2.1871312
-0.87601703
-1.306659
2.0550873
-3.157044
0.85328174
-1.0241779
2.038207
-1.885774
-0.57831776
-2.5700243
-0.9615188
-0.5280792
2.5691314
-1.3046724
1.3476946
-0.56071407
0.67764807
-1.5234286
-0.48119336
-1.3680035
-1.0739937
-0.651688
0.05206085
-4.542888
-0.9195906
1.5119907
2.6276631
0.3736265
-3.81882
2.2224648
-3.8297694
0.74269706
-2.7705178
2.0764039
-0.65845543
1.8095523
-0.6379708
-3.747943
1.2212852
-3.3529198
-2.1628492
-3.0524178
4.029968
3.0676892
0.35037327
-1.9609528
-1.6593277
-1.8052182
0.34822217
2.9061525
-1.8346219
-1.4276344
-0.91401386
-1.3671592
-5.572842
1.2735097
0.10389848
-1.0842632
-1.3888834
-1.9984162
-0.63454866
-0.6782146
-0.21809126
1.1852283
0.2957637
1.7479475
0.17184106
-0.4233383
-0.62054664
3.0931113
0.0038397908
0.20089611
-1.3239902
0.76849157
-0.57477593
-0.90668327
1.6219227
-0.107213244
0.50459236
1.0103477
1.1595498
-1.0989727
-0.45917886
2.929959
2.7927644
-1.8264996
0.094301656
-0.8608924
-2.478275
-2.6425393
-0.36008334
0.29347223
3.3509257
-2.3322527
3.502407
0.038938764
2.39433
1.2512895
0.85937834
-2.6870904
-1.7184461
-3.0967684
-0.9685464
3.50208
-1.8192216
-0.26174673
-1.7680434
1.0536028
-0.1167592
-0.48669043
-0.23777199
-0.5251911
0.25876448
0.33000112
-0.15455121
0.8483082
0.052613348
-1.071711
-0.6075204
1.3196868
-0.8919721
0.6799781
-0.43673715
-1.7303184
-0.61695105
2.105746
-1.551497
1.3454663
-0.73205566
2.6568294
-1.9871475
0.8092792
0.90421253
1.0081624
0.7703189
1.9779319
-1.5116599
1.7097346
0.6002598
-0.24666792
0.14184481
-0.54069895
-0.51818365
1.1390858
1.7993264
-0.72370124
0.2633757
-2.4775438
-3.4225745
-3.7208314
-1.2754892
0.2190609
-4.5926466
-0.19609818
1.3641883
-0.7903817
0.33948803
-0.3308304
-1.3138165
2.960766
-1.0512301
-0.6090099
1.848238
0.20778745
3.9530447
2.6097097
0.23925124
1.5406021
1.2781677
-0.78019863
-1.3088543
1.0375515
0.9679521
-1.2577592
1.0872196
1.4336004
-1.4550551
-0.1158887
1.7921617
-2.7619257
-1.9815584
1.4628906
-1.6927854
0.34026417
-0.67220557
-0.8312006
3.0006921
0.97516483
6.2067657
-1.750219
-0.6179467
1.3669034
4.773961
0.6111135
-1.523624
-0.974251
-1.082139
1.0545621
-0.5932594
1.5648547
0.046906747
1.3670425
-0.15995675
-3.5114944
-0.41112885
3.1362748
0.72028005
-4.3992543
-1.331784
1.8589616
-0.035076268
-0.6154933
-2.1555266
1.2998769
3.1747737
-0.55331963
2.8167102
1.4058344
1.5510755
0.6274725
1.8639905
-2.4387245
0.07875776
1.2509364
-0.71153665
0.009138674
-0.22281465
-1.2611394
1.4996501
2.989739
-1.0353419
-1.7949737
-1.9215045
-3.7812407
-0.12004911
0.6468199
0.82115847
-1.508301
-0.8667927
1.5179888
1.7672683
3.1074903
2.4137566
0.98404133
-3.165457
2.0780919
0.86362576
2.5138128
-0.7631046
0.1904507
-2.481745
5.6976223
2.7992458
-0.9850673
-1.5284343
2.6429927
0.7752901
-1.2497973
1.3842123
0.9230313
0.2700604
1.8711354
0.8401366
1.3401977
1.3928282
-3.2061682
0.22029519
0.25115573
4.1785765
-1.705527
0.2739091
2.0646262
-0.008241527
-3.0352712
-3.0211742
-0.3157355
-2.0390728
3.0379286
1.2848744
2.3243186
-2.1398864
0.02890297
-2.7669582
-0.5323605
1.413695
-1.5273423
-0.91664433
-2.6015596
-2.4165902
-1.6585076
-1.9242499
-0.5482234
-1.3740811
5.884318
1.14482
1.9807899
-0.28574753
2.3723595
0.056641035
2.7109072
2.786197
2.3950787
-1.5313494
-1.3574877
2.365715
-2.6702614
-1.7131602
-0.67094773
-2.0536036
-0.48309326
-1.5458065
-0.6255277
-1.6204582
1.116273
4.256199
0.61370987
-3.1738284
0.75768465
2.8297827
2.822786
-0.9902171
-0.9782713
0.42352587
1.2535988
-0.97579855
1.4332237
0.5295179
0.9150817
0.33861518
1.5017473
1.811236
1.4333377
2.0601575
0.80913657
1.723343
-2.649409
0.23702553
1.897451
2.0964708
0.14145178
-0.67788947
0.2367772
-0.48287746
3.433597
0.5211497
0.030966006
-1.439704
-0.45908272
0.41984573
1.4222864
1.4850632
-0.7607112
-2.81776
-0.14754161
1.7984126
1.3189248
0.8840938
-2.7928011
1.3169597
0.89763856
1.721668
1.8791488
-1.623454
-3.8458757
-1.1133169
-0.3596636
6.3735976
1.7130814
-0.81808263
-0.15150616
1.368443
3.9913263
-0.58243626
0.48565993
-3.6187062
1.3727121
1.6499052
0.43065858
-0.40488896
-0.75273234
3.8499317
2.3339708
-1.9574777
-0.4237038
0.4841236
1.1955394
-1.8454798
0.5733385
0.8564367
-0.872899
-1.6235225
2.883253
0.10969136
-1.3721799
-2.3877463
-1.0299526
1.0674216
0.33221114
-0.09650174
1.0121521
2.7358534
2.2931602
-2.2259617
3.8089805
-1.9642237
0.75531006
2.276962
2.0432065
-1.4111284
-3.769654
-2.9268942
2.0308053
2.7237546
1.4210752
-0.11763612
-1.9567742
-1.558181
1.3287346
-0.019206423
-4.473075
-0.47105575
-0.43172023
-1.1409489
0.70498
-2.1398532
-3.2133281
1.6747309
-1.3558939
0.43032727
0.22825631
0.8434491
0.75085247
1.4545337
-2.5099294
-0.8029072
-2.7893627
-1.0763037
-1.0438688
1.6440055
2.7751071
1.775711
-2.1228974
1.4171021
1.8741914
0.830058
0.21586461
3.6087503
0.4008317
2.8231826
-2.5431294
2.472197
0.31118387
-3.305072
-0.20778689
0.36844882
-0.92644507
1.6695639
-0.14097227
-0.30508307
0.8296834
2.4337912
-0.5811062
0.68542826
-2.808896
2.3978915
-2.1927285
-0.039092295
1.8783087
2.0620544
-0.46405312
-3.7859757
0.4064772
2.3305578
-2.3045864
-1.2187387
4.0595665
0.8510278
-2.158331
-0.5223702
-0.58409786
-1.9930643
-3.8697681
0.13843586
1.6332864
-0.049201407
0.910972
-2.1242886
-1.4630237
-0.11128735
0.58843166
-0.34113175
-1.7281034
-1.2347554
-4.200416
1.9966019
-0.1522573
-2.523792
-1.07539
2.781009
1.8478383
-1.1435088
-1.020745
-0.8406892
1.4734589
2.4009235
-1.8759128
-0.59886223
2.612812
0.5216129
-2.7322304
0.1866284
0.2871735
0.75340855
-0.7162432
-0.7175036
-0.42376834
-3.584525
1.8384221
1.5091888
-1.2085041
-1.3595039
-1.1520122
-4.0556035
-0.03170187
-2.6136425
-0.67886823
3.215109
-1.1489165
-0.8796025
1.0092998
-3.770897
-0.52244645
-0.41592488
3.3727674
1.3373458
-0.61379087
-0.13843527
-3.8682535
-0.97780156
-1.4771652
1.8497356
-0.45695856
0.8738936
-0.1426493
-2.018608
-3.1477704
-2.4805214
0.15488234
-1.7419925
2.8185415
2.3794432
-0.8019502
0.32726002
1.7360435
-1.5750786
2.9558115
0.98762697
-1.7811165
0.9884005
-2.0596416
2.5493674
-1.6399539
1.8187494
-0.9489956
0.7902042
-0.32061705
-0.24355733
1.2231506
1.2312627
-0.623963
-1.8287885
1.2983556
0.63713425
1.568298
2.3366222
2.1121142
-0.5201426
-1.2611398
-1.0311772
-0.88172853
-1.4199479
-0.08515356
-1.3844904
1.172712
2.05274
-2.2588556
3.783107
1.11107
-2.316749
0.04930483
-1.2925998
0.7610055
-0.19973135
0.31323346
0.31694418
-0.0050070435
-1.3197212
-3.4711096
-1.3797326
2.0537348
-2.4774377
0.04315088
1.5344528
1.0770465
-0.64928716
-0.52215505
-2.662054
0.15659547
-2.882218
1.1220227
0.10816809
-0.8408169
2.2510204
-2.820862
-1.525784
-2.6492338
0.020393677
2.5174534
0.41221836
-0.22088963
0.66897106
2.917747
-1.3865379
-1.7926236
1.4508421
-2.3920107
-1.2060875
0.9310051
3.8026335
0.35406506
0.4362915
-0.6084833
2.332308
-1.7155068
2.8074436
-1.465028
-0.12835178
-0.20948859
-0.5438693
3.348166
-0.45292377
3.3560083
-2.165219
0.5594047
1.3325793
-0.33017743
-1.9384375
-1.5565683
-2.5493605
2.964901
-0.6398051
-0.5018314
-0.23299432
-4.3944054
0.038294204
-1.6617794
0.9601669
2.4142213
0.7152337
0.5906305
-0.25620586
2.4005983
4.278463
0.28903824
-0.50017715
2.4242084
-2.2443326
-3.0458448
3.8728142
3.7282112
0.3385511
3.183954
-0.6523209
-1.6124557
2.39134
0.044512972
-0.048500106
1.0359306
0.38384044
-1.1886998
-0.096717514
-0.4258657
-0.7968602
-1.3966769
0.5837892
-0.15313259
-0.46017683
0.34414053
1.6118821
-1.6692126
-1.4683685
-2.161109
-2.4866753
-1.0796967
1.1000321
1.6052825
0.47022146
1.5317365
-2.5157838
4.6294355
-0.2620461
-0.43480197
-0.08454006
1.1316855
0.7999719
0.46737218
-5.3757634
-1.0531217
1.6286627
-0.3380901
-1.8310231
0.5253656
0.02459294
-1.9482604
1.1047139
4.8007674
3.2158237
2.1840382
-2.3330586
-1.0683
2.108561
0.21805236
0.7667372
-1.2446011
-1.3741306
-0.32890975
1.7802974
-0.7153971
0.8769029
1.3506193
0.12288715
1.8589537
-1.9568384
2.4745514
-0.5362582
-2.481634
1.4358467
-1.4464953
-1.1666255
-0.8204763
-0.03751885
1.1303691
1.5757219
-2.252561
1.0781149
1.574522
-1.0411836
-0.6693902
-0.9110962
-0.5137755
0.14996648
-1.2575527
0.07989615
2.3500078
-0.8460842
1.7789956
1.9685429
-0.2695843
-1.3958721
0.28329405
0.33143577
-3.745481
-1.0952269
0.11990007
0.4894927
-1.2284389
0.33128843
-3.9013815
-1.3598293
2.4391396
-1.2207193
-2.4290783
3.6899426
-0.41359568
-0.874085
-0.37730932
-0.5419031
0.7799683
-1.9808099
0.16075468
4.3887153
-0.7681935
0.27795774
-1.3414623
2.445134
0.41894662
1.693219
-1.874289
-0.35937196
1.1758469
2.0425596
0.081770025
1.007647
1.762543
0.11460258
2.0721319
0.03573049
2.2645235
-0.4667244
1.2577049
0.816602
2.4794676
1.0067996
1.2446874
-0.4758701
0.2511972
0.9153301
1.2027856
-2.604176
-1.9283185
-3.1845293
-1.8567021
2.563026
-0.16939643
1.047222
3.31488
-0.6859388
-1.6120569
1.5742122
-1.4709373
3.3723884
-1.7991518
-2.7677715
-0.9014341
-3.927835
1.662461
2.289207
1.8399618
-1.0322071
2.0481467
-2.0270953
0.9358135
-0.47677365
1.7588544
-0.38625565
0.14148551
-1.3346376
2.6263158
-0.47425234
-3.1872182
-0.30850542
0.09726533
0.6160828
1.2668121
1.4794945
-0.9082269
0.58690155
-3.737428
1.1850586
0.600807
-1.0294542
-0.08101996
3.3181205
-0.12673418
1.266518
-1.9440246
-1.5099185
-0.39243543
0.2013919
0.09776632
-1.0271121
-1.9284475
1.7679323
1.5038241
1.3844373
2.8809116
-2.3006933
1.9110237
1.864055
-2.542546
1.765505
-1.6996319
-0.8090337
0.840279
-5.271232
0.38339555
-2.019632
0.32739583
2.9772065
1.1308126
1.1729958
-0.09639454
0.021612696
2.1731482
2.8088915
-1.4910705
-0.19108331
2.1611543
-0.19705498
-3.3862514
2.3605196
-0.80666506
1.476636
2.6821659
1.1174185
1.6665115
-0.8499343
-1.811932
2.8304794
-0.7703821
-0.7403759
3.6736236
-4.533707
1.286019
-1.7202065
1.130329
-4.574946
-4.3741517
0.5317058
-0.9247206
-2.6194613
1.5194122
-4.0388107
0.45354083
0.09079393
-3.7026951
3.931022
-2.126505
2.139714
1.8922925
-0.55127287
2.417259
-2.9713662
0.44568554
-4.0570226
-4.0776167
-3.4386487
2.8003926
-0.8392902
2.9050853
1.452588
2.4043992
1.3511406
0.68233544
-1.9424816
2.0685158
-1.6302899
-2.164754
0.5619265
-1.5036451
1.6055489
2.4498858
-2.1262007
-0.1706467
-0.7146527
1.6411515
-1.6722249
0.6340576
0.9479993
0.35063726
1.2843113
3.1588838
-0.19593191
1.2978092
-0.6788975
1.0999119
1.9844817
-0.5256464
0.90449667
0.20973738
-1.8611282
-1.6825943
1.708545
-1.0769325
-1.5470322
-1.5373858
0.18732993
2.356378
-6.2409697
-3.2281318
1.5140516
-0.830535
1.7896968
0.029083509
2.280584
0.22019488
-0.5321823
-1.7336645
-1.082495
2.5672295
0.07156831
2.7789667
-0.25635692
6.3194985
-2.5532255
0.59749824
-0.7846103
-0.48151228
-0.036303982
1.9657927
0.13532159
-3.1573107
0.82302475
0.97684395
-2.4567275
-0.010355391
-3.0687997
-2.0341034
-0.26155993
-2.7153418
2.216566
0.50865906
-1.3092467
3.4147763
1.1073978
0.06833504
-0.73190135
2.5008585
1.2907908
0.27849507
2.3075974
0.3651344
-3.5685751
-1.4558045
-0.5570482
-4.289547
2.4449248
-0.089343525
-4.9996467
-0.16201615
-0.7292925
-3.2782948
-3.5089748
0.09992358
-1.0923858
-2.248156
3.4176044
0.84214246
-1.0416683
1.9574372
2.6042805
0.507855
2.607119
1.118837
-2.0321364
-1.5274292
-0.57083064
-0.22496447
-2.7317424
2.070029
-0.6045404
-0.61677045
-1.291893
2.4241943
2.0728772
1.0553933
2.428363
1.3043882
-1.6252856
-0.09290716
1.6064175
1.0650762
-0.69269776
3.8102915
0.85963213
4.6893563
4.6182947
3.9097538
-0.08795754
-2.1673262
-0.103687905
-0.35493058
-1.3289486
-2.8645802
2.1566293
-1.2301918
3.2114801
-0.6438747
0.3915589
1.9415457
-0.46828043
0.4384942
1.103536
2.0593154
-1.1302104
-0.3678484
1.3615531
2.3811376
-3.0672202
-1.2390443
-2.6007059
-0.34783673
-0.46292356
-1.6232795
3.613338
0.23545925
-0.8267251
0.17650905
-2.4564064
1.3098174
-1.3212919
-0.4959386
1.875013
2.5914147
-0.9305667
0.2755262
2.2881446
-0.689558
1.1421046
-1.6391327
0.58363855
1.0248252
1.093965
-0.37026447
0.48131567
1.5110399
2.2610073
-2.23546
-0.3329879
-1.4913744
1.6938398
-4.589254
-2.1227334
-1.7174333
0.10478933
1.5942898
0.44175386
0.630566
-1.1686723
0.089994885
2.9807825
-0.75532275
2.0391097
0.1854277
-0.86539626
2.2120838
0.15107721
-3.441248
-0.539075
-2.9163182
0.773513
-1.3128115
-3.5224915
2.5264153
4.431244
0.03912524
-0.11435143
1.2791007
0.2672745
3.3488493
-0.5334232
-1.097958
1.8084469
-0.63074154
-0.7698918
-1.5347469
-3.5723407
-2.769594
3.134851
1.8123609
-3.6325839
-1.2799006
0.57531416
-1.7055687
-2.845272
0.45742634
-2.1363912
-2.8133297
1.5173874
-1.1311067
-2.7156875
-0.081398144
4.664308
-0.20038971
-1.4136435
1.0211802
1.5350896
0.38657334
0.34306258
0.9856496
3.6174574
-1.5847179
0.42080262
-2.5288517
2.6939363
-0.30869514
0.6979471
0.48257053
2.2674532
0.22973657
-4.3065095
1.3531574
0.33945075
0.03485004
-1.9999001
-0.16552073
2.1733027
0.49706978
-0.39834252
-4.6092296
-0.031705223
-0.5837324
0.2832222
0.26572296
2.196149
-1.2056065
0.059317663
-2.2586224
-0.32531098
0.64448094
0.47401208
-0.41349447
-0.6762211
2.9866607
0.5859746
-1.2431154
-0.56759703
-2.4565935
-1.0602381
-1.2637447
-0.7629777
3.2690597
2.486281
1.3538796
0.057953708
0.7429957
1.6839902
0.15274866
0.9145878
0.9873322
-0.057026908
2.840586
1.0328065
-0.8692598
-2.8289745
-1.7192934
-0.2530987
-0.22742435
-1.337357
-2.831737
-1.575469
-0.17927139
1.1097292
1.0620679
-5.3251276
0.7777042
1.4909704
-0.63083684
-1.9510397
-1.4622576
1.0342999
1.6644783
0.07581587
1.1858474
3.232317
-0.09841078
-0.6875376
-1.0496658
-4.110521
-2.0441203
0.8178777
-0.791342
-0.0346761
-3.8134928
0.63431394
1.0823284
-1.9822985
-2.4574375
2.218238
-2.880961
-1.5160494
2.1832912
-3.27119
-3.3552275
-1.8383776
1.4921035
-1.596097
1.3414942
-0.87320715
-1.5135721
2.0825348
1.6876701
0.19835964
-2.2002223
-1.5156301
-2.9699252
1.6521442
0.46927738
-1.0593112
-1.5485548
2.474588
1.9175495
2.4041176
-4.508714
1.8577576
-0.8088101
-3.8233957
1.2246157
4.076988
-0.29349083
1.2259021
-1.9753164
-1.0908239
1.5490053
-2.4125226
-1.2608378
1.5628265
1.0477812
-2.3918784
0.35399726
-0.51670784
3.025525
1.1830429
-2.8384857
1.7127317
0.6991731
-0.47025663
1.133673
3.1381526
-0.8877317
-1.0713847
0.778176
-0.3061912
4.8214355
0.52076936
2.6872573
-1.9868579
-2.1642008
-3.4989643
1.7676114
-0.11239214
-3.807243
-2.0311751
-0.37269384
-1.093743
-1.3507519
1.2803292
-2.9235475
-0.06344003
-2.8386781
-1.4574984
-0.27875793
3.8357415
0.52358055
2.9626975
0.19923784
5.0300207
-0.87257636
-1.1790428
0.8942299
3.5358639
1.2019582
-0.20482561
0.95682657
4.017599
-1.930999
0.25924054
0.6491518
-0.8227757
1.7773685
0.06196247
-0.8482697
-0.588707
-2.130437
0.21009123
6.007382
0.5423306
-0.94709903
1.0312397
-2.8164024
-1.6857872
2.5786514
1.2813926
0.9095296
0.31710225
0.18715836
1.1623337
0.7336324
-0.54997784
1.7454964
0.54893166
0.25614926
4.5458508
-0.15861526
-0.47113952
-0.54915553
-1.5432416
1.7789553
4.508552
-3.296861
2.2017968
-0.621554
-0.7623448
-1.4100127
-1.5673535
1.3610783
-2.8633506
0.48018453
1.1633731
-1.6431396
-1.3044595
1.1053464
1.0507475
-2.0304697
3.2318268
2.429914
2.048537
-2.0944457
0.8003481
1.1261643
1.1650116
-0.37988722
-2.8278644
1.5664943
3.6499867
0.29788905
0.8105472
-2.6876466
-1.0531983
-2.4132602
2.4128673
2.3837793
1.1047196
2.9432178
2.2502484
1.1069967
-1.908358
1.9498925
2.8125532
-2.0062742
-1.8354074
1.3024619
3.6357694
2.5175667
-3.016117
0.25490874
-0.9949177
-0.6835581
-0.8792622
-0.417082
-2.0591536
-1.9079808
-2.5969985
0.05339095
-0.24720865
2.222186
-3.579311
-2.8025737
-4.192889
1.6850936
2.389019
1.407837
3.3615198
1.3986775
2.428778
-1.4154772
-0.06392696
-1.0637153
0.22667831
0.11088538
-2.0788314
1.6962574
0.67632926
1.5473595
1.0203118
-0.3106984
-2.6758647
-1.5654324
-0.23278858
-0.28240782
0.22255994
0.3562329
1.299116
-2.1047966
-1.0798081
0.22216158
1.2864752
1.971643
3.109993
-2.3339293
-1.0425712
-0.93211746
-0.43153012
-1.4126904
3.005708
-1.0121508
-0.89376485
5.5535617
5.250718
-0.29811084
-2.3351655
3.2562945
0.37088808
2.1112432
-2.8603892
-0.24947053
0.8410445
0.24474971
-0.5757632
-0.3959893
2.6623492
0.69853604
-0.72898924
-1.9797248
-3.0343099
-0.12689805
-2.8640661
-0.97084427
-2.0937772
-1.7665728
-1.7340742
-2.2274826
-0.5969488
1.033248
-0.21757525
0.10154744
3.8191302
1.2655613
-0.7949726
-1.419725
-0.77761203
-1.2713886
-1.2399178
-0.86924076
-1.2679158
-0.42492044
2.0033746
0.22534245
-1.0679902
-0.54190767
0.76887673
-2.989745
-1.7108812
1.7740626
1.6037652
-0.63311327
-0.060677633
2.089408
-1.8759794
-0.63764036
-1.6972064
-0.4999981
-2.4371438
-0.3613792
-1.3068401
-1.8685871
1.7631963
-4.6250725
0.65287685
-3.0213585
-0.8768123
1.1026696
2.7703397
-4.3825884
-1.9924743
1.4910845
-3.4849918
1.257174
-1.0043801
-5.6792326
-2.2100816
-0.21620438
2.5350547
0.5701052
-0.52312857
-0.65990496
-1.4779619
0.2824104
-0.2526399
-1.5941843
2.2895303
-1.1123943
1.6315129
-2.0451424
1.4406201
0.06951521
0.24485737
-0.6229923
-6.3350835
1.1403584
0.78874516
0.825759
-2.056828
1.2598648
-0.8451503
-1.2895736
-0.9122979
1.4037479
0.14476676
-0.22243124
-0.111438885
0.52911997
-3.6448078
1.1317885
0.35169965
1.7767981
1.9239422
-1.3479253
-0.7373104
2.3814816
-1.4248526
-1.4911149
0.02220051
-3.7616591
2.5226367
-2.8483293
1.9918219
0.17966253
0.503764
1.4165796
-3.840259
1.9559994
-1.4503577
0.06413659
1.3099195
-1.4975168
3.4006622
1.6600214
1.123261
2.5199537
-0.41781107
-2.749186
2.343003
1.1306213
-0.4775369
-0.58493114
-2.6276362
-1.32038
0.8314935
0.4690432
2.533973
1.2258577
4.905399
1.3828368
0.18060839
2.0988111
-3.6709497
-2.8584743
2.024541
1.448612
-2.9679177
-1.37428
0.051475152
-1.8856364
-0.37232396
-1.0553755
-0.38979238
-2.632932
-2.4033873
0.059968963
-5.4922357
0.7854676
-0.61704475
-2.1999664
0.7638235
1.4929625
6.045161
0.14314108
-2.6742435
-3.6778295
-2.1084318
-2.3668616
-4.383954
-2.4519682
2.2434058
-4.0335035
-3.5563622
1.2039427
2.0921528
-0.45839313
-2.312955
3.1523533
-0.48755562
2.176713
-4.0388165
-0.85891044
0.9686554
0.83299804
-1.2510535
-2.978381
3.2383113
1.631946
-0.79186463
2.133089
-2.5853682
-1.6540058
-1.1274198
1.8010826
1.6388804
-0.99941945
-1.6844776
-1.6958172
3.2939603
2.0707812
-1.1380979
-1.4253932
1.3766822
0.92361194
-2.328732
3.3387754
0.54509616
1.495317
-2.6122487
0.2532185
-3.146858
0.51683384
-0.75350904
-1.2373893
-0.9207731
-0.14684257
1.2975081
-1.0454683
2.0618503
-0.021276556
-0.2760842
-0.956067
0.58082604
-0.5326398
2.1177912
1.6262954
-1.6351812
-1.7007778
1.4597642
2.2180889
1.5456303
-2.368365
2.2287593
3.6012044
0.40348238
2.3610916
-1.548287
-0.8785573
-1.8766534
1.852676
2.0097954
-4.586646
1.2521067
4.267379
0.82173073
-0.9103204
0.64911646
-2.1203413
3.1394536
-0.25214252
-1.6624154
-0.9799842
-0.8245708
-3.1418908
1.7570925
-0.744685
0.3968271
1.247196
4.076384
-0.7153517
0.56213427
1.746801
0.06908768
0.8385926
1.4356244
-0.32421455
-0.33550543
2.0331619
-1.6920173
-1.1929696
0.23781738
0.3160518
0.28117278
-2.835643
-0.933032
-0.2966838
1.4426166
-4.0382643
1.2943535
-0.05566798
-1.4560518
2.1992414
0.3229868
2.3935473
-1.820576
-0.42778617
-0.8833092
0.37865707
-0.6447165
0.8946181
-1.5070126
1.5755523
0.68200666
-2.4405735
2.3190033
0.16300136
3.0824294
2.1819804
0.1448335
-0.05943647
-1.2160088
-0.82920897
1.6074924
2.4498267
-0.3080535
2.3504462
-0.83285016
1.3234469
0.24268317
-0.11274822
-0.83409375
-3.2603066
-0.7322843
2.138033
1.6759228
-2.4981089
-0.12389569
0.2957188
-2.8413067
-3.7809746
0.88323545
-0.45792413
1.6817833
-2.346165
-1.6239223
3.082254
-0.54001844
-1.2867792
0.98110485
-1.6268443
-0.31709838
1.7600023
-0.2583161
0.4025374
0.93989134
-0.2982483
-4.1005373
-0.28177178
0.035935268
-1.0042663
2.5728734
2.9952073
-0.26520744
-1.7877309
1.5250554
0.1902504
1.2260921
2.896777
-0.7846698
-1.3491949
2.6986518
-1.501458
-0.53874516
3.6695428
-0.6871914
-1.2633895
-2.5743787
1.592604
0.68004566
-3.692158
-0.47711083
-0.5967298
0.5033937
0.8607107
-1.4089222
0.033176526
-1.0003847
-2.7508516
1.6249057
0.688334
3.061022
-2.4780033
-1.0966903
0.8888083
-0.03967667
1.3047354
-0.68605334
-3.3567936
-1.2436697
0.5511049
-2.9121065
1.6589495
1.9657221
1.4010986
1.3348404
3.4886281
-0.7768872
-0.17453083
2.7376535
-0.44025543
-1.8003606
-0.9715296
0.47087157
0.25275245
1.8821958
0.071051046
0.47348708
-3.913467
-2.4090464
-0.3657055
-1.8588034
0.4375888
-0.1938683
4.886684
3.3697789
1.1658031
0.8616985
-3.5337505
-0.5559633
0.08255797
1.9185247
-0.7514359
0.4351558
2.1045384
-2.0891078
2.2599826
0.088984035
-2.6429033
0.16339214
-3.369511
1.9593532
-1.0420991
-0.39399236
-0.7434917
0.00856822
0.74963874
1.280283
-0.24838209
-0.28958392
2.0577726
2.7114325
0.9118322
0.04584056
-1.3706073
0.8415693
-2.7615626
2.0899923
-1.6158482
-1.3928742
-0.3933561
-1.0467061
-1.9475365
-0.79309034
0.9764093
-1.607621
1.9848366
-2.283501
1.1031722
0.94943285
0.6024579
-3.4691331
2.2537956
-0.5509281
-3.7708347
-1.1033473
-0.8802911
2.9520714
-0.8913875
-2.0119958
0.5867568
-2.0169897
-1.7109264
0.44277042
-3.688474
1.893912
-0.46188334
-1.4436494
0.4004813
-0.38802287
3.1276412
-0.5812771
-1.613602
-0.4095033
0.24806188
-0.4829864
1.1105996
-2.3826942
0.8474838
-4.0404687
-1.4280554
-0.5737692
4.25791
-0.26568535
-2.8163912
-0.9665658
1.2177576
1.300206
-3.2607956
-1.5451356
-0.033884153
0.8859218
2.413539
0.41086283
0.47888803
0.42017424
0.88103104
0.47095403
-3.6214647
0.065917894
0.6827583
-0.5633749
0.4420904
2.323399
2.1729903
2.0146787
-0.42281538
0.65222865
0.75036085
0.47198084
-4.095268
-4.641544
-1.3707553
1.4683203
-1.4163088
0.6029092
0.26073056
-2.5500515
-0.91419303
4.9457045
0.7982575
-1.9452535
2.7952762
2.1021602
0.24368939
3.5929537
0.34011185
-2.6359408
0.4137471
-0.7897643
2.81256
1.5020959
4.6511617
-1.8100463
-0.36012143
-0.57872003
-0.25235826
-1.3203679
2.2210584
-0.0024995804
-1.7558044
2.9452498
-0.6819184
-1.066833
1.1897854
-1.256784
-0.7867489
-1.9620473
-3.3230028
-1.7935688
-3.8433325
1.7990164
-0.6747962
3.7239513
-1.5139709
1.6188602
-0.72535884
0.49595934
0.29324612
-0.17487049
-1.1895202
-3.1555972
-0.33142072
-0.37197
1.7410113
0.2734265
0.26148328
0.16251507
-3.3346786
-3.227408
2.2471802
-1.1496257
0.0073532984
-1.3773329
0.09009686
-5.520226
-2.3891165
-1.334046
-3.7093456
-1.3666146
-1.8588225
1.3442719
-1.9532075
-0.92333174
1.7438961
4.818176
0.9182244
-0.3909186
-1.967363
1.19747
0.485537
2.1004715
0.39706355
-0.79792523
0.5309226
-2.3444836
-1.5117084
-1.9456495
-0.025988832
0.61621994
-0.8610949
1.3903065
-0.7742203
-0.9571373
0.56853884
-1.9504228
1.7935855
-0.7632675
2.232148
1.8646665
-4.5987344
2.0149102
0.27369726
0.37678677
1.9402516
0.014732495
-0.88524115
-0.9544983
0.92780155
-0.58500403
-2.1083977
-1.5039495
1.7178144
1.5553234
1.960391
0.7449065
-0.81618166
3.4332755
-0.14271417
-1.5168995
3.2566895
5.9680486
-2.5337474
1.8971821
5.0833945
1.1388793
2.4161541
1.0552837
-0.37334666
-2.2620866
-3.7705667
2.4416423
-1.2101406
-1.4479148
0.0325291
0.1641129
-1.319947
-1.3982327
2.7693594
-2.4618723
-0.47114646
2.3046205
2.8419294
-2.090163
0.8765088
-1.2133751
0.40727726
0.26150107
2.5271423
1.0532134
1.7118154
-0.7153885
0.8468066
-2.453846
3.4163604
-2.0092602
-2.7387028
1.7373585
-2.9779823
-0.38063753
-1.772382
-2.151711
-0.8666585
-0.552197
-0.70546997
0.6408143
3.1545682
-3.475576
0.29627857
-0.36619812
0.63020027
2.2670407
-0.027344555
-1.0496674
-0.5176242
-1.9115032
4.068185
3.2920086
0.15464652
-1.4542493
-0.54499537
-1.7257265
-2.894959
0.67442703
-1.156435
1.545771
0.30958325
1.1853235
2.0081193
1.7138852
-2.7917283
-1.1130822
-0.3115417
2.442843
2.3839579
1.2337635
1.8825186
-0.5797122
-1.2993133
2.4117515
0.5736274
5.975274
-0.076841265
-1.0737411
0.09163334
2.2428403
1.7860333
2.0289416
2.145219
-2.5687242
0.91536915
-2.0500693
0.42211267
-1.2624062
5.011448
-2.1273992
-0.8355012
1.2595049
-1.0728471
-1.3986158
0.15473017
-1.40574
-3.5248446
-0.8795986
-2.929292
4.1409674
0.54216236
0.28368282
-0.5725095
-1.0357461
-1.03137
0.41565505
-2.0723188
3.1046252
0.0039951056
1.2129828
0.16747695
0.23322916
-2.28088
-2.7210116
-0.9435486
-2.601064
0.52520484
-0.70635957
2.1996565
1.7865539
1.3477428
-1.3307279
1.4795328
0.20116192
-1.1064258
-0.60226655
3.0100296
-0.148794
-3.2650754
0.700471
-2.8471725
0.43026203
-2.4551375
1.1363666
4.2898026
0.5076499
-2.6837971
-1.377535
-0.7001411
0.066467434
-2.046985
-0.27757943
0.5539244
-0.5960512
0.42064935
-3.1713126
0.07119288
5.4136224
0.96967214
-0.9020446
-2.1135266
2.5562062
0.8741475
1.1418337
-1.8093731
-1.9571171
-3.1964285
-0.13959059
0.88291454
1.8594754
-4.321952
-0.9001823
2.1656296
2.9839816
3.2869928
0.26231438
1.22412
-0.7661974
3.882531
0.20728847
-1.1686462
-2.0116847
0.7289607
1.6284106
-1.5790635
1.473672
-0.1066857
-1.8729047
-0.66967523
0.6649714
-0.85313344
-2.129798
-1.1886709
0.9680366
1.0445864
1.4518453
0.85094225
2.256504
0.48003817
0.6786615
0.1895557
1.1271055
2.975801
-2.1785772
0.2330386
-0.9194822
2.8465602
4.247435
0.77098376
1.165369
-2.6726625
-2.1959596
0.6655894
0.3233136
1.3560635
1.5171407
0.29572767
0.69186044
0.05704409
1.7787551
0.6743707
0.7159016
-1.1280239
1.7698929
0.5386018
-1.8132163
-1.7853813
-1.7012526
1.4388332
-1.2192628
-1.2743882
1.085558
-3.679314
0.28069645
-0.7774208
0.062244758
-1.8009495
2.2139912
-1.1950424
1.2137442
-0.72209984
2.5914876
-1.1614243
1.4735563
2.4696941
-1.9693686
1.0894728
0.7312268
3.9669046
-0.9972878
3.7828844
1.3320602
-1.7475872
-2.991942
-2.8266456
-1.2570934
0.12456208
3.5184317
-1.297424
-0.11576854
4.812202
1.6510372
0.43920973
3.5736783
2.2713256
-0.6340258
1.2452273
-1.1114991
-0.90561587
0.59822524
0.42794645
1.6608508
-2.345018
-1.8877405
-0.92560095
2.7151325
-0.53849
0.22834633
1.2236322
-4.5352144
1.5061017
0.46376818
4.4618073
2.953956
-1.2779804
0.9350445
-2.9013426
1.9390862
3.4581494
0.16777161
-1.3782865
1.1074691
0.22233526
2.7638736
0.30615753
1.2436277
-1.0628763
-0.040791273
0.10930353
1.6810622
-3.2031786
-0.25222602
-0.8882829
2.7403586
-0.49129072
-2.2739294
1.6771195
-2.311759
-0.6393462
0.32940787
3.4217134
2.339229
2.6757634
-1.2487855
0.0035463385
-1.1084881
-1.9109782
-2.0665085
0.92903006
1.6283836
1.4219556
1.2210819
-1.3281
-1.1327416
1.3354855
-2.428044
1.2605
-0.884053
-2.2023087
1.248672
-1.3585845
4.534328
-1.8665035
1.2280662
-1.9319369
-1.4989389
-0.75185114
3.9428205
3.3998184
-0.37406927
3.5562112
-3.1318989
-2.600796
1.6325952
2.0758028
2.1615605
-4.8121247
-2.9612489
0.6394641
-0.53472143
-0.90399194
1.942458
1.3329064
-1.5498501
-0.72738457
0.28781623
1.6108665
0.83328223
-1.143277
2.232474
1.6043744
3.178346
-1.2762117
-1.699935
3.4474387
-3.256556
0.7377597
-0.83294797
0.66881084
0.76511544
1.6396887
2.8416212
1.9086933
0.9623755
-0.11121946
6.2427917
-1.1677781
1.9532621
-0.05228871
0.9943989
-0.80324316
-1.0743871
-2.5078926
-1.6023315
-0.9935221
-1.2737482
1.2827297
-0.94897413
0.16723919
-1.9504024
1.2503175
1.8879923
-2.806297
-3.7156281
1.6864383
1.286877
-0.27796644
1.2580572
1.0062611
-0.9655061
-2.4967027
-0.690224
1.3445626
-1.1137388
4.4799786
-0.54263407
-0.9225274
1.1778446
0.71257776
-2.9424067
-1.069395
2.3882213
1.2952948
-0.29361662
5.1516485
1.1634197
2.2538083
-2.3590012
-1.8113403
0.89043516
-2.3857038
-1.4083532
1.0003088
-0.6889797
-0.080987245
0.72621006
-3.7903855
-2.7062073
-0.8736548
-3.4773378
-1.865604
-3.1298523
2.6542225
-1.7940775
-2.1433213
3.7151184
2.504516
0.6640477
1.1301883
1.2983667
-3.9110613
2.3406131
1.7265728
2.4551053
-0.093478195
1.3652636
0.6090544
-1.4579092
-1.4409355
1.2843183
1.8417689
-0.36834386
0.49595618
1.7360064
2.0910366
1.7800092
-1.6601816
-0.88156414
-1.317082
0.7292916
-4.633813
-0.48237765
-1.934395
-2.1381319
-3.3560526
-1.0998093
-1.0021858
-0.7318035
-1.3716507
1.5336668
-0.63997626
0.4463341
4.0641494
1.2809619
1.1708378
4.951831
0.85432935
1.7361174
1.0960851
2.6095705
-0.20486054
-1.6738926
-0.8194683
-0.09133756
0.29250664
-0.60080487
1.3381792
-1.329632
3.0314565
1.9189153
0.39139313
-0.5932956
-0.1301214
-0.022704922
-1.0507517
2.8110628
-2.683636
5.213548
-0.39438894
0.8912419
3.6924384
0.40801463
-0.56586146
-2.820652
3.8553855
5.446224
0.1938642
-0.63912165
-0.87628657
-1.1283444
0.54514813
0.14934497
0.7442149
1.4827088
0.8633508
-0.2361978
-1.0015492
0.7074156
0.97861874
0.6761582
3.6855378
-2.1553385
3.3220744
1.7534891
-0.18061015
1.3859067
-2.164403
-0.25361785
-0.70645785
1.1133403
1.6410935
-0.47749916
0.63920444
0.5832015
-2.2502
-0.050030835
-2.021498
0.7507838
-2.1139317
0.23494005
-0.15363762
0.1422578
-3.609813
4.450553
0.21430527
0.81570953
-0.6753472
0.23923883
1.0056703
-0.43271044
-2.8478203
-1.2698734
-1.8200943
-0.57463115
-0.53072417
-1.3283978
-0.7370991
-2.0819583
0.30979207
-4.8673234
0.12536007
3.0318952
1.8676714
0.71788704
-0.10207208
-3.5890791
0.046184923
0.64681774
4.862861
-2.02474
1.3293241
0.2025368
0.21967903
-1.1843837
1.1343371
2.3730488
0.03129059
-0.4683304
1.0265708
1.690112
0.20114867
0.8979738
0.08217519
-0.75141317
0.30815983
0.74100035
0.47347575
1.0098941
-1.1257606
-0.19173591
-2.0700064
4.1620846
0.06496797
0.78969747
2.716019
0.13349888
2.316106
-0.651421
0.40567642
-1.9186205
-2.4820757
0.4507144
0.10783964
-0.21885966
2.183959
-2.9892755
-1.3452868
-0.6602321
1.7083651
1.5367737
1.102464
-0.80675995
-1.7429984
5.7480497
-2.0377133
1.2062504
1.1230495
-3.5155885
-3.1411219
0.10929779
-2.1029167
2.7427998
-0.16521406
-0.8907005
-0.7383691
0.84097755
-1.1400423
-2.048184
-4.3312106
-4.8155036
-0.6001296
-1.6207509
-2.4142404
0.96994245
-0.7480349
0.44867313
0.21590775
-1.2396648
-0.791417
3.6184707
-2.7996414
0.6503712
-1.9004683
-0.32108766
-1.9071072
0.6549421
-1.4685344
1.8975561
3.5923083
0.61670023
1.7678821
1.4363397
-4.233588
-1.398068
-2.724684
2.2391405
1.777605
1.3545054
-0.4928956
-2.4251938
-0.8453296
-0.86076444
-0.60981184
-3.023044
-0.118236236
-1.8409477
-3.9557276
-0.32819575
-1.371431
-0.23246041
1.5455582
-2.8595395
0.6942299
-0.6426195
-2.9046252
3.3146763
2.9368489
-0.8272986
-1.2599412
-3.5130534
-3.6167676
2.2853446
0.09685383
1.5430398
-1.9036162
1.8908755
2.6939511
0.29938138
0.8446243
-1.3349184
0.40877712
-1.1917213
-3.1776545
0.06134414
-2.409965
-2.0761983
2.1010268
2.8417952
-2.3409886
-0.9312593
-2.2514958
0.75278705
-1.6459866
0.9317808
-0.7065408
-3.8866308
-2.046159
-1.5472836
-0.45943737
-4.028529
-1.7600965
-0.8039794
-1.4570262
2.7367365
3.2747016
2.301507
-0.17986307
-1.6649857
0.10082241
1.4270971
-0.091537364
-2.7431607
2.0745444
1.2319916
0.4724381
1.7909122
0.12211788
1.7111211
-2.3536706
-2.0456707
0.4974817
0.771624
-0.46839708
1.6106297
0.6788317
1.5345573
-2.437314
4.786454
2.6567223
-0.56949276
0.13153835
-1.7685692
-2.7751017
0.72138995
-0.9456868
0.5331236
2.1445355
-0.7008433
2.0688064
-1.6349429
3.7016432
1.341617
0.37049618
-2.9550982
1.4068897
-0.8544083
1.395617
-3.5708826
-1.5387486
-0.10893833
0.464998
-3.1185184
-0.27013946
2.3866765
-1.7435101
-3.077867
-0.9994633
-0.08478432
0.7667068
4.1840396
-0.9282091
-1.640219
1.0500654
0.17539096
1.2129848
-1.4837459
1.1792684
-0.9811792
-0.58690363
-2.7948108
-0.482452
-0.9328865
-1.9262067
1.5561014
-1.6802733
-0.30903143
-1.076941
0.19124086
3.2931693
1.488276
0.14788225
0.20266834
-1.6791716
0.9922147
1.2528671
1.7590375
1.0107492
1.8701181
-3.827199
0.41177094
1.0749099
-0.014061391
3.2876933
0.1241815
-0.8374518
-3.7363544
-0.37241936
3.0496755
-4.336899
-1.8031672
-0.77042776
-0.97427607
-0.3257938
-1.9877143
2.2209013
3.0346491
0.13571548
0.89504534
-0.5533138
0.6531001
-0.7362459
-1.8013196
1.1741251
-2.2640426
-0.42934388
-1.2074414
0.8066262
1.0478375
0.05601185
-1.9380852
-2.8601668
-0.26848513
-2.9016435
-1.8242748
2.2848823
-0.45492828
-2.9853046
-0.529442
2.193327
-0.8004899
-0.10790386
0.80625844
-3.6109562
1.7027583
0.87081647
0.5909817
-2.0739605
-3.159165
2.1069136
-1.9797593
0.93333703
-1.841776
4.390718
3.3803272
1.7743686
1.6366633
1.6554911
1.5262136
0.70611763
-0.7963402
0.34016603
-1.0080292
-2.6049342
-4.7747817
-0.42132172
-0.9874489
-0.18652862
3.6605477
-2.248224
0.46851742
3.3441813
-1.3791478
-0.27275476
-2.2610624
-0.6605329
1.1889765
1.1253204
-1.1931912
-1.3214437
0.8503652
0.803543
0.7230521
4.0133224
0.4165394
-1.2161381
-4.8716993
-3.1663585
2.1901872
-1.2282387
-1.3500376
1.292383
-0.4242624
2.992118
1.5301895
1.3398025
-3.190344
-0.0017829388
-0.35094962
-3.048772
1.1840984
1.4073005
-0.600501
0.600578
-0.783441
0.9714845
-2.8459132
0.12497747
0.16879703
-2.6415827
0.42191184
-1.2566888
-0.5955129
0.17000286
-0.08176741
-0.6962075
-2.7564135
1.4585549
-0.5421059
-3.3429341
3.1889348
-4.085458
-2.4330485
-3.8582697
-0.007363498
0.7640448
0.5255061
3.1623428
2.8956406
-1.5267682
-0.6840029
-0.81329805
-0.105391964
1.2061629
-1.5798732
-0.1352874
1.8290693
0.6938981
-0.8905019
1.0939559
-0.1876463
-1.8602744
-0.82054895
-0.9181298
0.9902612
-1.6828859
3.3733726
1.6571192
-0.14871925
2.3904955
-0.31145576
-0.6160368
-1.5218774
-0.01098064
-0.4671663
-0.10474453
-0.49710783
-2.604547
1.3498913
1.4820169
1.8707027
1.3020573
-1.39255
2.068044
0.4384316
0.6336969
-1.328202
1.4628248
-2.0154939
-2.9314597
1.8060567
2.4445276
-2.39363
0.13502164
1.5733293
-1.363732
-3.3489728
-0.101326495
2.3416588
-1.644607
2.5256295
-2.1798782
-2.3775053
-1.9093435
-1.5087817
0.8038362
2.363575
2.0214062
0.10485815
-1.9725542
1.7632288
1.000111
-4.7870398
-1.2563814
3.2480664
2.4404612
-0.8083154
-0.9500805
2.6184552
-0.32917878
2.6344557
-2.2895663
3.2677143
3.162251
-0.7908516
0.8858796
-0.736938
-0.8617201
4.3738217
-0.410958
1.8331698
-3.2035332
-1.7816542
-1.3574978
0.73308706
-0.2173718
-0.63939625
-0.69261396
-1.5920542
0.19697258
-0.14324582
-1.6642852
0.881829
-1.037556
0.889496
3.1533399
1.5343069
2.1560452
-0.48220974
-0.3345626
-2.2918358
-0.46044675
-0.84377044
0.28642175
0.31903246
0.13651553
0.25017935
-1.0698675
0.8793614
2.4823608
1.7985576
1.7703233
0.14030108
-1.7919447
-1.1275198
1.3926815
-3.674878
2.5244937
3.1903715
2.9226193
0.19650939
1.7663188
-0.18193877
-3.7713485
1.3502371
-2.5836022
4.5357437
-0.37719265
-2.0286264
3.397668
0.21953192
0.3227945
0.7438657
-0.2725309
-0.82132334
-1.033174
1.0536156
3.0323453
-0.18246993
1.4116511
-2.957951
1.9298031
0.2182979
-2.6876874
3.1116083
1.9577897
-2.8664057
0.823215
-0.20186812
1.3803456
3.6679153
2.552951
2.7391813
1.628802
-0.6199166
-1.3683938
0.3141379
1.855622
0.7061549
-3.6623788
0.9065921
0.081051305
-0.80982864
1.5244982
0.66705155
2.2415252
0.5889285
-2.1635282
-1.5619642
2.2430985
0.8029846
2.5689392
1.3298268
1.6402533
0.8997249
-1.1266593
-1.2281595
-1.1602181
4.321566
1.6382424
0.65062124
-2.1785612
-2.1796567
2.799283
0.7018054
-3.661259
-2.4868028
-3.040712
4.027352
3.219769
0.28290454
-0.38576356
2.5088654
-1.5012766
3.8817112
-1.2734387
-2.1133955
-1.3119947
1.5499612
-1.9873618
2.8897789
3.8449059
0.9922188
3.422175
1.2219791
1.9797666
1.1492814
-1.9224689
-0.38347054
-2.2770913
0.6070998
-0.13740638
2.3660727
-3.2674437
1.7192031
2.7039106
-2.001803
-3.688737
0.51970214
-0.6266289
1.4447672
1.3578026
-2.5616384
-0.18986154
-0.0015631467
-1.45657
-0.004892323
-0.77338785
0.69445753
-0.81235105
2.797508
1.0236971
0.704024
1.3427844
-1.3897207
1.6012108
-1.3961458
0.27652198
0.6076762
-1.820002
2.8349285