Glara
0
0.37473506
-1.4374751
-1.3614839
-2.121365
-1.8525188
-0.049978383
2.3892496
3.431577
1.9721377
-0.11976307
-0.49674302
-1.1590878
0.4874197
0.41594782
1.7038784
0.50693464
1.0204194
2.4484966
-0.4384349
0.53943986
-0.31593716
0.07865553
-0.39646697
1.081918
0.67215836
0.4306021
-0.2710782
0.20478551
0.33264127
-0.548966
-0.81319076
0.8861978
0.3973318
2.0812974
4.8199415
-1.3519658
3.1024742
0.9952495
-0.81999046
-0.7564143
-3.6810026
-1.8565089
0.11303201
3.2595844
-1.9640157
0.25634935
0.22220029
1.7636598
1.2685988
-0.058508277
-0.0033603162
0.24135248
-1.3944944
0.6862459
2.0087943
-0.74455494
2.0037127
-0.9942701
-1.3781253
-1.1455508
1.4645113
-2.2167375
2.281106
1.1313301
-1.6756185
2.8840623
-3.8757646
-0.24113235
-1.6856447
-0.8650778
0.7353846
-0.66238284
-0.98207265
0.0929877
-4.7019377
0.13988307
2.4535263
1.1764315
2.287856
4.2696695
-1.0991114
-3.9532397
1.1934608
1.3751884
-2.0428224
-0.8508042
2.754596
-2.4915862
3.1726055
0.24250162
-2.1962357
-0.7276333
-2.3426037
-0.99007124
-0.26651475
-2.1024184
-4.163663
1.8650895
-3.8613484
-1.101366
0.5075542
-0.0009107478
-1.5456923
-0.32487273
-1.0838515
1.6086867
0.19244021
0.94992864
0.05742298
3.662194
2.6273217
0.91389614
-0.44897866
-0.60061514
-3.3410184
-0.056357026
-0.38766202
4.842627
3.2270074
1.5624863
1.8870014
-0.23776984
0.26602006
-0.92764276
0.3747155
0.23469643
1.6338398
3.941971
0.5531209
-0.21836881
-2.0219157
1.2269887
0.8047917
0.73995787
1.1050398
1.067765
-2.3424249
0.8106118
-0.0903839
-0.9478506
0.29751745
2.3590205
1.0832334
0.037510406
-1.2247094
1.7649941
-0.5741572
1.4410764
-2.497193
-3.1231482
-4.6820707
-3.3566196
-1.7738028
-1.640988
-1.2363039
-0.292036
-0.18950778
0.9495331
3.6380289
-0.93019235
-0.021713942
1.2536848
-0.9238014
0.54208577
-2.234338
2.2601109
1.0902251
-0.4952658
0.28599325
-2.3353257
-1.9686986
2.0545845
-1.9168816
-3.1305032
1.5406892
-2.3106148
-0.29050186
0.52840066
-0.972891
-0.6280632
0.84570986
-0.17984536
1.9686291
-0.94221365
-2.1082616
0.30553454
2.480818
-5.86856
-0.48940894
-0.9203897
-2.8815637
1.3040931
-0.2900976
4.1023393
-1.838509
-0.6842717
0.20490126
-1.5241562
0.57058483
1.168681
-0.8980232
1.0499581
3.139049
-2.0897
1.0821933
1.0895543
-5.3622513
-0.8692854
-2.3958938
3.0037096
-4.229368
-0.04364433
-1.800385
-0.16576025
-3.4718227
2.0752296
-0.8723455
0.15241435
-1.0596757
-0.704586
-4.6021466
-1.0657452
-0.73936373
3.4984825
2.0468123
1.5268835
2.2300072
0.92720646
2.9924054
-2.707176
-0.6862221
2.9505365
2.5999432
-1.7581275
2.8955529
4.407539
1.1033143
0.84091455
0.21286806
-0.9706058
-1.3076351
2.203846
-3.6811867
1.9256142
-1.8214741
5.6200743
5.116108
0.44462836
2.4435132
1.4609363
1.2698289
-1.5490001
-0.9468325
0.25156057
2.2612367
-1.5305544
-3.4462245
1.6271803
-0.38578814
-3.1513183
-0.083866365
2.5164745
3.0383286
0.6899094
1.6836836
-1.6270713
0.12429098
-1.4074221
1.70308
0.88057137
-0.9297825
-1.2921321
4.6118298
1.5263575
1.5552862
4.1820416
0.30470547
0.9040585
-1.4383053
2.145739
-6.005766
-1.6562982
-0.15232992
1.8347538
-2.522847
-0.97017026
1.690003
-0.034804255
-0.48890185
0.13312787
-0.21839043
-0.38702834
0.39003277
0.21337146
2.9647412
-0.91818964
-2.7439823
2.5844524
2.3336296
2.5924842
-0.34400442
1.6000848
-1.6350626
3.2800014
0.9151618
2.0244198
0.051486414
-0.6456954
-2.6967006
-1.2647307
0.09216705
-1.609268
3.566028
0.7913278
2.8423707
-1.2476573
1.3031514
0.3438645
1.3704399
4.3987923
1.3860161
0.23448263
-0.5503215
0.8307098
3.954723
0.5097371
2.4497397
2.5528922
-0.9112914
-1.7725197
0.075289756
-1.2756274
1.3376398
-0.624475
1.1517664
0.018050745
1.0896096
1.4282992
-1.1029484
0.33114877
3.1153617
2.4914763
-0.1487059
0.6734788
-3.8032734
1.3814932
3.314773
3.9008229
0.9448692
1.4024802
-3.4652367
-1.6808252
-2.1536732
0.40587214
-1.0431924
2.0391738
-1.6485271
2.0584688
0.76730704
-0.866485
-0.751048
4.239826
0.18749103
2.0471933
1.4254048
-1.4997246
1.0679543
-3.0665336
1.0205178
0.9106073
0.34967744
0.739882
2.2619877
-0.23484737
0.9950007
-0.13361737
1.1352746
0.32362002
-0.9021482
2.4265904
-1.3234494
2.6865442
1.5041203
1.2699019
0.42911494
1.8960993
-0.4838839
-1.2367865
1.9680477
0.064127214
1.0105376
-1.1898068
0.038004503
0.17507617
0.66941804
1.1844363
-1.2714676
1.4608353
0.8419098
-2.1958625
-0.32407007
3.257613
0.6832427
-0.5438638
0.28379583
-1.8148965
1.695742
1.6418054
-0.8569772
-1.7574687
1.5691518
-0.611317
3.2870712
6.5752883
0.54094714
1.0844077
-0.7738666
4.729367
3.560601
-1.2523781
0.9179373
0.07092873
0.46402317
2.479297
4.1453533
2.219418
-0.21961474
-1.8855131
4.339371
-0.7617804
-1.1131614
-3.0720491
-0.49380004
1.7151834
-2.7994645
3.5081964
1.2243645
4.1999016
-0.14395878
-1.5256561
0.7534907
-0.937888
-2.938217
-1.0077417
0.4432103
1.7838897
2.1176836
-1.0128423
-1.2565691
0.9908726
1.0116556
0.9744822
0.77443475
0.8454534
1.0629382
1.569994
-1.3078413
2.47122
-1.2014108
0.35517794
0.4132361
0.45470303
-1.1670793
-1.296461
-1.3580903
-0.45540634
1.2004365
-0.08569477
0.22664866
0.384246
0.5962479
-2.6650712
-0.8963358
-2.2270112
-2.6722422
1.2496485
-2.0673516
-0.60768104
-1.2294331
0.96659964
-2.2162054
1.3006058
4.057546
-1.6080295
0.91603065
1.446027
0.47399724
-2.273941
0.7834214
-1.4971069
0.6524569
6.475728
0.9366779
-0.4062933
0.16232567
2.5526934
0.46248668
1.456318
-1.5163351
-3.7934825
2.73862
2.0626612
0.77933973
1.1599207
-1.1036148
3.7685783
-2.1652117
0.062345788
2.1305497
-3.2337217
1.5795336
1.0212321
2.165247
-0.57904464
-1.5621125
0.5090437
-2.859961
0.43242782
-1.5580612
-0.37813556
-1.197467
2.457903
0.5397295
-0.5943097
-1.0361414
3.0102482
0.3427047
1.51447
3.4543316
0.009939622
-0.8030364
-0.82513547
-0.04132121
-0.45298094
0.8841483
-1.0068372
-1.989803
-0.5434662
0.316603
-0.56807816
-2.6687653
-3.8416305
-0.80640286
1.1978112
4.038632
-1.2220252
1.7492293
2.88036
-1.3121616
2.1566424
0.33325523
-4.501155
1.7354114
-3.9399397
1.7864711
0.4949209
-2.2797332
0.2153182
0.36442655
-0.5614911
0.09078476
-1.6818844
-0.21747665
0.7142222
-2.2729151
1.0529622
-0.31065407
1.6676995
-1.954537
0.78192633
-3.1451797
-1.690468
-0.17631792
0.8765724
1.5999011
-0.7785829
-0.032461375
-3.8945637
1.895697
0.27257913
-4.2577047
2.449181
0.4281834
1.2822958
-1.832464
1.3327771
-0.17108601
0.9986885
0.2882119
4.326919
-1.9803166
0.23787674
0.80026454
-3.6106362
-1.5585195
1.1347166
0.023834594
2.3645468
-1.1758198
1.0347856
-1.9955648
2.0788434
-2.7023659
2.5939114
0.7385796
2.7668676
3.0796928
2.4280787
-2.8097773
1.5994862
-2.8752422
1.8476084
-1.4323577
-0.40998393
-2.3218257
-0.10101486
1.7232078
-1.8772798
1.5150188
-1.78262
-1.9639956
-1.4363124
2.13113
1.1290076
1.5904326
-2.0360115
3.3665972
2.1158214
-0.41642618
-0.5016133
2.51805
1.8583062
2.3725286
-0.08652207
0.2019043
0.83795005
3.068671
-3.494769
-1.3188356
-1.7156847
-1.9084941
0.15088186
-0.060803108
-1.1254526
0.009692751
0.7749034
0.23829183
0.5623199
1.2408689
1.8871597
1.2068771
0.91006947
-1.0103992
2.1441333
-2.5971677
3.366917
1.8609045
-0.5727024
-0.15743348
0.6995583
-0.44809723
0.8910117
0.6131623
-2.8361359
-2.1651344
1.8865566
0.64362305
-0.32428053
-2.1748562
1.1116958
-2.4817636
0.5711192
3.230682
-0.5733963
2.2730348
-0.8036227
-0.33687496
-4.0358887
-0.23015969
0.14470407
4.481166
-1.4943914
4.0871058
-3.0055397
1.1787641
0.10161534
-2.2298658
2.8352618
-0.41327658
-1.707672
1.8817893
-0.19368562
1.305543
4.572049
0.02071008
-2.6255665
-0.5898285
-0.900616
0.15293911
-1.5507642
-1.8590354
-0.15048763
0.7900495
-0.9582692
-3.3267179
2.5224655
-0.07517385
1.2195998
-0.79997903
-2.446122
3.011543
0.36062914
1.6583112
0.36339903
0.39140582
1.0778278
-1.8581443
2.2387698
0.5633071
-2.240317
-0.08603221
-0.045893177
2.3142872
2.1919544
1.374547
-2.4307432
-3.015464
-1.4634109
-0.45412093
-1.4750794
-0.39964086
1.5721575
-1.0950595
-1.5633743
3.4628038
0.76662064
-1.3924901
-1.3609259
-1.3174351
-0.7190005
-0.844255
-2.3509424
2.091258
-0.9504846
1.3474929
1.4658608
2.541075
3.4818811
2.6984699
-1.7423234
2.7221913
2.4529982
1.7513585
0.27087906
2.0053048
2.2447436
0.06761271
-0.71653855
-0.84134704
2.2937105
-1.2553929
0.6095083
4.044911
2.2168941
-5.362199
1.9839056
2.8949416
1.7962562
-0.06668933
-2.2520337
-0.8630171
-3.7298746
-0.07213439
-4.204011
0.012151301
2.062153
-0.67469776
-1.8784779
2.664463
1.1379404
-1.2161906
-1.7372129
-1.9887251
-2.1236532
-2.5579278
3.3143475
-2.983203
-0.1392991
0.4604764
-0.48883155
-2.0407038
-1.9669359
-0.11113103
-0.89289904
0.95273167
2.1090798
-2.6457298
0.14430976
1.6842164
-1.1978325
-0.95938146
-2.4551268
0.52222425
-1.4092445
0.34222436
2.278541
-0.061226357
-1.001075
1.2972045
0.8316522
-2.5659308
2.156084
-1.1944816
-1.9003409
-1.6905535
-0.71557
2.8294258
-1.6948525
-2.3703043
-3.3924835
1.4279954
1.1919322
-0.57275605
0.46735916
0.7934445
0.55806994
2.2730205
0.34630725
-0.77084625
-2.663045
2.9429328
0.9268748
1.3126547
1.0038285
1.7813598
-3.4977026
-1.2379452
0.41982645
1.2295454
-1.4164096
-0.5488458
-2.852662
0.82020926
-0.22514951
-1.6962445
0.16253074
-1.8474256
2.9165168
0.58585024
-0.005855426
-0.59766734
1.1051834
-1.4393517
-0.24223441
0.357302
1.4718059
-0.43597335
0.31239888
2.5512695
3.0026097
-3.2140558
-3.0937815
3.6444983
0.3103034
-1.5534459
0.2704847
0.07860774
3.068049
0.25868437
-0.046457127
-1.5530534
0.38649064
2.0246415
0.86807543
-1.9002354
2.1874344
-1.6313046
2.7621849
-0.35235128
-1.7049443
-0.9407003
4.020095
0.7035199
0.43190944
-1.752816
-0.26271257
-0.36631864
-0.6877431
1.1339047
-1.8806
-0.5332654
-0.42058945
-2.8531728
1.7300314
1.9232968
2.4280102
1.6157628
-1.5140775
-2.6357875
0.18474719
2.190184
0.6417879
-5.4119763
-2.6596036
-2.1155567
-1.0994904
-1.7829221
1.7408159
-0.65482414
0.44560537
2.2406611
-0.34237158
0.3155363
0.19169852
-3.3958528
-0.7509761
-0.91315866
-0.22453924
0.33127207
1.3633094
2.5052285
-0.9084969
-3.593534
-2.1383748
2.6790233
1.8049563
-2.8759954
-1.3818885
1.9907554
-3.3302305
-1.4840881
2.2583122
-0.053873636
-1.1569322
3.2029068
1.4384663
-2.646301
0.51290214
-0.45925888
0.35430408
-2.3219748
-0.60827494
1.3739045
-3.2452815
-0.64986306
3.7758422
2.9486148
1.5567089
0.44731152
0.582971
-2.988153
-0.42252296
-0.36145166
0.7798767
-3.0314736
-3.1732788
-0.04796466
2.9171252
0.12096585
-0.14733374
-0.16641304
0.3824
0.49450883
-1.1062042
-1.1723709
-0.7322633
0.7974343
-3.374899
0.5085641
-2.3948114
1.9792068
2.9396226
0.29713568
4.198759
-1.3183289
-1.816893
-0.15918759
-0.6706558
0.58110654
-3.6599967
1.1705753
-0.020857602
0.24133453
-0.5551447
1.614995
-3.1683204
-2.7334902
-1.1392084
2.4037416
1.9193273
-1.6675963
2.7059476
-0.044426426
1.319072
-1.0108614
3.026054
-1.7316259
0.8313355
0.4408047
-1.5993694
-0.2774002
0.60266024
1.3186847
2.3603344
0.787575
2.821449
-0.27864364
1.0421276
0.24224576
-1.8486222
2.4024556
-0.9842262
-1.5488237
3.0896199
-3.0437107
-0.46481508
-2.151628
1.7031298
0.38372767
-0.81659573
2.2011487
-0.24126075
-1.7135841
0.8467449
-1.6299418
-0.2750208
0.5690459
1.7243072
-1.7050678
1.1844944
-2.5608141
0.30326593
-1.0393652
0.3412969
3.0533843
-2.9370542
0.9600949
-0.28462732
-1.333517
-3.2545738
-3.5348663
2.7716818
0.777112
1.8095558
-0.31571424
0.25341278
2.7470088
1.3397918
-0.4289158
1.6122884
0.46674448
0.8913396
-1.701571
-1.8592836
-3.9514635
1.083183
-1.1268762
0.63644123
1.3763635
-0.27903584
-1.1113902
-1.4850562
-0.44511417
0.26395494
-1.2749457
3.210694
-3.240034
-0.7638655
0.72993714
0.9972275
4.325417
-0.6513211
-0.10887139
-0.6626656
-0.88943666
-0.80951756
0.28520194
3.6774917
-0.5950609
-0.16586125
2.3490114
-0.14166522
-0.9222057
1.7190202
0.2811774
-3.2060196
0.13660252
-1.1544611
0.18663892
2.2467182
-0.16148421
-1.2631527
-2.308067
0.6438107
-0.91373223
-0.5266159
1.9738798
-1.4788271
1.8193375
-1.0514985
-4.0271683
-0.8201175
1.7390982
1.3781862
0.16934916
-1.7573596
-0.6935883
-1.831181
-1.0023112
-4.197317
-0.6104115
1.0457965
-2.0922012
-1.1903585
0.08378599
-2.0540736
-2.7211068
0.7571785
1.6703472
-2.5512164
0.8677919
-1.4657836
-2.1640034
2.475137
2.4177663
-1.6044106
3.8999844
0.22410604
-1.917712
2.2297482
2.0437717
0.14986783
2.2011368
2.0783706
-2.2634609
0.4070625
2.151992
0.4698504
-0.13731804
3.0148635
1.219971
4.95664
1.399698
0.72474456
-0.78237283
-2.6743543
-1.1630809
1.5277101
-3.2359276
-0.42822972
-0.5572569
1.2522475
2.6715236
2.580335
-2.744853
-0.6296232
-0.6799055
0.6761528
3.755539
2.4183354
-1.9535794
-3.559074
-2.0743027
0.98783726
0.86257493
0.16878182
-1.7303479
-0.76756835
-3.2681532
-0.21881561
-0.47563118
3.0948012
-1.3839685
-0.8441282
-1.5421795
4.857821
-1.7289023
0.42701516
1.7990924
3.7819946
-2.077463
0.5559128
-0.34609747
0.28093943
1.547075
-0.5314841
-0.74410707
0.08511736
-1.8632973
-0.615412
2.2038686
-1.3671787
-2.3782902
-0.7578001
0.7193213
-3.5664694
2.4479034
-0.028287217
1.1354654
1.6916101
1.3282276
0.57673246
2.2147524
-0.2669914
2.870388
1.3756422
1.7485418
2.7573254
2.9259167
-2.531084
0.9119997
-1.1102468
0.002699621
1.0694655
1.726346
-0.09163727
-1.1120139
-0.7072566
-0.965945
1.4292685
1.8885064
-0.40172198
-0.58155316
-3.740674
1.3644798
-0.91243887
1.2114615
3.4873538
0.9869089
1.8180287
3.0086844
-0.54063874
0.15109682
-1.4783105
-0.51881945
-1.4247472
-0.8616228
2.543585
2.616142
1.4264721
0.21566679
3.3446012
-2.1600456
0.904929
-0.74168956
-4.931643
0.68664277
1.5612081
-2.4285057
-0.06038972
-2.2122118
3.0905495
0.8145564
-2.523054
-5.4710503
-1.315906
0.68848175
0.09325148
0.3768629
0.846624
0.66147035
-1.5419011
3.1643336
0.32360417
-1.2577496
1.0616932
-0.64322484
-0.39123836
-0.20342006
-0.0618127
0.66611665
-0.50184363
-4.806422
4.6149535
1.4339713
-2.7502806
2.4805274
-1.3669709
-1.2120126
1.7653122
-0.58433187
1.2283052
1.594313
0.016336672
-3.0230258
-1.9441575
0.9197484
0.7264383
0.8339519
1.3886158
-2.4020314
-0.06607199
-1.8582685
1.8745131
1.784783
-1.0142155
0.6863202
1.47966
-3.869639
2.264471
-0.39921486
0.389022
2.030771
-0.9639224
0.9082428
0.51561743
-3.075778
5.9287305
1.6109363
-3.2222667
1.0216097
-5.7919564
0.43342316
-3.0265217
0.0072054863
-1.0297158
-0.99749184
0.5959337
-0.07831865
-0.582731
-0.048112497
0.74510056
-1.1886389
-1.7793056
-1.2752883
-0.32247657
1.0845025
2.1023328
-2.62858
-1.3454517
1.5996224
-1.5466868
-1.6632038
0.96345735
2.609725
1.9924695
-3.0377169
-0.8980963
-0.035036817
1.1805618
-0.95369595
-0.72444296
4.764937
5.48895
0.9732157
0.6666227
-1.823851
4.030359
1.2067947
1.1468472
-3.0799794
0.7363025
-6.2670813
-0.9277866
-0.50975525
1.8074985
-0.46245337
0.15210822
-0.8054249
-0.30051276
-0.4831016
1.7865491
-2.1385438
0.14807874
3.705305
0.75497246
0.3487998
0.7861412
2.0058146
0.49253342
2.253508
-2.5153205
2.1731505
-1.5192474
0.44372833
-3.033355
1.4690183
1.5940738
-0.5785719
-2.2279592
-1.4141638
-0.68905765
0.08537345
0.4366542
0.7092505
-0.1950318
-0.7825566
0.48664674
0.80940676
-0.8251172
-3.318767
-4.2895184
-1.8014171
1.756804
0.8240722
1.1034297
0.27555582
-1.1859534
-0.0348621
-3.383263
-0.25341457
0.117217995
0.5114419
-1.0365698
0.22080013
2.3070188
0.2701806
1.7462633
0.15036283
-1.8495959
0.38205045
-1.8487687
-2.4967155
-1.1908958
0.5534898
-0.7218331
-0.62719023
1.510874
0.80265075
-4.445078
-4.2886157
2.115623
-0.3700568
-0.3911877
1.1129783
0.7659275
-0.00484208
-1.8074882
0.98702955
3.4463341
-0.022049848
0.55547994
1.433715
-2.143915
-0.4204542
-2.3904045
-2.7064416
0.6722901
2.4944026
1.5963876
-1.5039585
-1.8491516
4.335857
0.6070682
0.049791932
-1.6745514
-1.32829
0.6267691
-0.94331473
0.42955524
-0.4882187
-0.5676946
-0.28001153
0.5751518
-2.3178616
-1.208328
0.5105888
2.1568828
2.985746
0.06926448
2.7294555
-1.781906
2.415134
1.3295486
-2.8770814
0.7366983
5.4548607
0.8474891
-0.041997373
-0.059706718
1.36905
-0.05257695
1.2385439
-0.7160583
-0.9452946
-0.16414812
-0.62329656
-0.18630499
-1.4695716
-2.6566942
0.09916817
0.26865608
0.38438413
2.8916945
-5.010928
-2.5314493
-1.6403065
-1.127692
2.5639663
2.3200822
-2.3340003
-5.7036815
-0.52644217
2.0045156
-1.5858866
1.4781535
0.50191087
0.4201803
2.398038
-3.488985
5.833645
0.75462085
-0.4874099
1.7768718
0.8789604
2.4710937
0.10246311
-3.222243
1.9161484
3.9278162
0.530627
1.6372313
-0.68104464
-0.6972791
1.7997849
-1.7836088
-1.875645
3.0244238
-0.83686966
-3.2005956
-1.1680871
-1.5826591
-0.887519
1.6498158
1.5480148
-0.07921441
-2.9931986
0.08889097
0.020383924
2.6498508
2.0496225
-1.8225313
1.2069348
-1.3760188
1.6773108
2.2219641
-2.466373
1.9943343
1.1319013
-1.7537608
-3.5874438
-1.4152713
-4.0830746
-0.88116056
2.1191144
0.6819067
0.74665594
2.5235538
0.27424258
-0.7587281
-1.9778249
1.5420312
-1.9806962
2.5600286
0.9033894
-2.0668273
0.84357166
2.0436785
1.284538
0.2525568
-0.9499128
1.7255652
1.9460447
-2.5811498
2.2789292
1.965286
1.7471362
-2.0987446
-4.570036
3.4658403
2.4030004
4.783429
-2.9279063
-1.1421701
-0.7382535
1.6915704
1.0219823
0.09054357
-0.68885714
-0.7044479
-0.10588033
-0.84772736
3.5169258
-0.09338916
0.77271265
-0.47045308
0.3056788
1.5402408
-1.7804598
1.2134404
-4.2922363
1.8545679
-0.27062744
1.3325908
0.065257706
-0.41585174
0.43705887
3.802147
-0.32751843
1.7169838
1.027787
0.51642466
1.2995437
1.1459879
3.692494
1.5993948
-2.131248
-0.35227156
-3.1766067
-0.12638812
1.722896
0.83702564
1.074214
-1.1948574
-1.1493065
2.6139832
3.0574868
0.5950507
-1.5645002
-1.2981853
-1.746951
0.42324084
-2.4976346
-0.7210935
-0.56532305
3.6377761
0.8337529
-3.2038128
0.28706637
1.9404536
-0.44018662
0.3192896
0.5364026
0.03449956
4.5973134
1.4324561
2.1940517
1.8696334
-2.9031982
0.16867346
0.99787986
0.055258274
2.0065682
0.6248038
2.552107
-0.09585673
0.8295705
-1.0836841
1.1690745
-0.64471495
-4.0063543
-1.311879
-0.9187049
-0.48739344
-0.3349968
-0.2554899
-0.07611874
-1.2435204
-0.84090334
0.47091466
-1.0654618
0.38774532
-3.5360525
0.4141416
3.3053846
1.112049
1.6615382
0.14585088
-1.6919938
-1.0009004
-2.2321646
3.1376746
-3.0250297
2.9182842
0.3053615
-1.0206741
0.07905489
1.744391
0.72391546
-0.18884051
0.20437244
0.3660831
0.09852064
2.653703
0.9682673
-0.5131234
0.97509754
2.61477
1.2431852
-3.7987351
3.835227
1.8588135
0.3904156
1.7930695
2.0903754
3.6179843
0.82726854
-1.7840655
-1.2383982
0.958705
-1.2241147
-1.0686322
-0.060985588
1.0389467
-3.7480805
-0.054753616
0.80998784
-0.024073698
3.4618804
0.9240025
-1.6056032
3.2164037
-3.0473094
1.6005276
-3.3409643
0.6761312
1.2741317
-3.2114933
-1.2713745
-2.1427476
0.27044177
-3.2371638
3.3436265
0.7426894
0.2838147
0.49623746
2.1511288
-1.3348598
0.38057667
-0.5700091
3.6672325
-1.9455283
-1.5577673
0.5943646
-0.16542342
-0.25893083
-0.26402715
-1.1863947
-1.4906919
1.9856128
-2.065999
0.73331285
0.3073926
-1.1031265
1.677313
-0.35692975
-3.945321
0.25756273
1.7316619
-1.920631
-2.0518532
3.4603996
1.0237265
3.1917121
3.748925
1.0171866
1.5222888
-2.4565377
-3.0545733
2.0807793
0.3326176
3.0194
1.0832407
-3.3944464
-1.319977
-1.561041
-0.3813692
3.5653374
-0.71148217
1.4645593
-0.56633466
-0.050883964
-3.3090608
-0.76110274
-2.077422
1.9239619
0.120398395
-3.0586808
-0.7476231
2.947983
-3.7118716
0.7821997
-0.7317959
-0.91109186
0.4858615
0.55863637
0.9453144
2.1839328
0.6120277
1.4760656
1.599092
1.0549808
3.441214
-0.565086
-3.1277997
0.10216259
0.27601674
-1.7583699
-0.04537128
0.43716934
0.78983396
1.5920088
2.4950523
0.7936458
2.6909163
2.9112666
2.7573528
-0.61554754
-0.9157121
-2.4054637
-0.7497507
-0.34618473
2.54354
1.1909691
-5.527474
2.0824697
-0.27988622
-2.1461103
1.3474354
-0.81488955
1.0761784
0.20021468
0.72441906
-0.36925626
-0.4410588
0.115703866
1.6816239
0.31853366
1.2249047
1.3279457
2.0318513
-2.0850646
0.48227483
-0.49655366
-0.819773
-2.5232315
-3.931535
-0.29396272
0.31249005
1.1560936
-0.88330597
-3.8601663
-0.04484026
-2.5630379
2.1763332
-1.1662164
1.0061859
-2.11393
3.9635253
0.22531503
-0.94241875
-0.8741422
-1.9971422
2.1509073
-0.9789727
-2.0463736
-0.9727913
0.026434757
2.955387
-2.3833187
1.112585
-1.2223781
1.2280163
0.8005171
3.198489
-4.0244894
-0.45349663
-1.28745
1.530434
-1.239872
-0.22491544
-1.8436065
1.4061373
2.7383862
0.22880378
-1.9404819
2.3862553
-1.1687831
3.9211512
-1.2338943
0.37855226
1.915695
0.9930455
1.8721377
0.719278
1.5854746
-1.4918321
-1.4142058
-3.5502956
0.098261
-2.1257322
-0.661112
-0.1751928
1.0805591
-0.47351682
-0.5243409
2.1109004
1.1275384
-0.7603932
-1.4066151
-3.138184
0.5176544
-2.2890885
2.2814975
0.5519785
1.8006967
2.2034633
-0.48796386
-2.128311
-0.38645047
0.19400252
0.055410452
2.3271203
0.21563393
-1.7748505
1.7705915
-2.5789347
0.4535097
0.4081247
0.90720063
0.8568228
-2.2863061
0.39549837
-0.8308124
2.219662
5.2173195
2.6554253
0.0619127
0.6502328
-0.77676016
-0.5956389
1.2370993
-0.26721162
-0.7563787
0.9766667
0.041815713
-0.4076449
1.1184806
-0.54127777
-3.330435
-0.69970983
2.7939641
1.6452813
1.7740535
-0.8932947
2.6182764
-2.6512055
-0.22978587
1.1949105
3.8876853
2.0411608
2.0125613
-0.38247758
0.6833938
2.2654676
-0.30257872
1.3899674
-2.0444882
-1.2654308
4.249196
4.0299964
-3.1800814
0.6654649
-0.46034724
0.45242685
-1.9547887
-1.3877965
-2.0047755
0.41261476
-0.1366512
-0.7157174
-3.4015234
2.1101847
-1.8767464
-2.8808196
1.2813609
0.83300805
3.377469
-1.2765858
-0.9663615
-1.2900331
0.6302107
0.8435723
1.6275319
1.5000858
2.4683208
-1.1723844
-0.28225514
-0.46442652
-0.007470131
-2.866192
0.9952159
-2.113266
-2.3345551
0.7184866
1.6814752
3.7876308
0.24772614
0.28282046
-1.3262814
3.2723231
3.9203568
0.69809765
1.3463062
-1.3072217
-3.8148649
-1.1897337
-1.0814469
0.22775364
-0.45723623
0.43873832
-1.3777757
-0.5230554
-3.5786214
2.2986171
1.8600593
-0.5006308
4.8486085
0.82168037
0.30257612
-0.12901771
-1.1778685
2.4865294
-3.1299345
0.27290705
1.1578493
-0.71690136
-2.0670705
-0.028108336
-5.5830965
-0.24061674
-0.71855
-0.7288541
-1.0833123
-0.016994394
1.3766192
-1.9101709
-2.9244754
3.2391539
-1.9019561
0.21437982
1.4068618
3.534175
-0.204956
-1.2862574
0.09164368
-0.7640674
1.4674608
0.094491675
2.2039247
-3.629961
0.14894287
-1.4328828
0.11349442
2.6071522
-0.54843956
-2.181787
2.541712
0.2900623
2.3824751
-1.209048
-0.66513276
-0.67749524
-3.4723027
-1.767396
-1.6864009
-0.043499164
1.2084166
-1.6770536
-3.5224922
4.785098
-0.6937241
-1.730292
0.2588336
0.8545779
-2.1636508
-1.243412
-2.4243119
-2.5518754
-0.98007596
-0.8488519
2.2622175
0.48382413
-2.0642674
-2.905285
0.6732363
2.5073636
-1.1730539
-1.3899795
1.949359
0.08151807
2.8527641
1.1520995
-0.19256747
0.32292056
0.16806875
0.07760033
1.4499636
0.157096
-1.3565459
-0.06916366
1.7592138
1.255165
0.08269146
0.45757222
-1.0421512
0.8804957
1.8435454
2.0829494
1.0551968
-1.191401
1.5144709
2.5661707
3.6734064
-0.48100227
-0.50907177
-0.84629834
3.5863857
4.402338
0.4346995
-1.0415452
-0.10910372
2.459244
-0.099743515
-0.81180096
1.9645517
0.22762266
1.5639187
1.5028824
-4.06044
1.8764939
-5.66951
-1.2580291
2.9899168
-0.44212154
-5.612409
-0.88577205
-1.9660449
1.8371159
-1.5360858
-0.5063229
2.5853963
-3.6607609
0.5603405
1.7350612
-4.217145
-3.2399373
-2.0137076
2.248429
1.5609039
-2.8484588
-1.1929928
-0.73449975
-0.06392612
3.1378632
0.6549623
-1.162285
-3.9483297
-0.06843985
-0.60057896
1.1841798
1.2205904
3.1280684
2.042416
1.2747812
-2.098034
-0.39950597
-1.0566211
-1.4399166
2.5394146
-1.5182967
0.3865818
-1.34119
2.3877707
-0.0926309
1.5624602
0.20327318
2.5984733
2.6874108
-4.3376365
-1.2069985
-0.2962816
0.6882493
-1.3403221
-1.4397328
0.011087686
-2.3869557
2.9441223
-0.4456275
1.6154556
2.315917
-1.1576331
-2.9983482
2.7915108
0.40772963
-0.9301415
-4.7262235
-0.9337973
-1.492507
2.9806128
-0.98095703
-0.15268919
0.02837561
-2.2712226
-2.5981734
-0.70296663
-1.2524294
2.1166031
3.0491476
-2.6929653
-2.952356
-0.572508
-1.30402
-1.1536193
-0.13155174
2.1795292
0.37087756
-0.9857495
-0.17728809
1.3532479
3.3441935
-1.5879457
3.1636348
0.6933462
-0.89343834
1.4365057
1.2720885
1.6982504
-1.0978216
-1.441814
2.549992
2.3632035
-2.8404417
1.862067
-3.6844032
0.6432876
-0.87432146
0.6133279
-1.1362019
1.7067606
-1.049563
-2.1592567
0.51312613
1.7951186
-1.3635259
-0.09608864
2.1807191
0.46013165
2.1235938
-0.88155943
0.6853909
0.15570395
-1.4992199
-3.4728203
0.19322377
1.6099287
-0.56054723
-0.73650235
0.5939775
0.35439605
-0.36321348
-0.76564705
-1.4463652
1.6560689
2.3499756
1.6486975
1.4415593
-0.268256
2.6021981
0.4364919
-1.1559802
0.59813845
3.6596766
1.7802876
1.9326932
-0.42153904
0.42028958
-3.0812964
2.4065945
-2.4131439
-0.16131239
-0.79435676
0.41711298
0.30194804
-2.3696313
1.6690779
-0.5458879
-2.9897294
-0.4442903
0.19981416
-0.75032187
-2.993484
-1.0316548
0.06596109
-0.33276895
-0.03154502
-1.9701624
-3.2686093
0.3310975
-1.9027766
3.085099
-0.23552811
1.6467353
-1.836675
0.731451
0.8483318
-0.26634246
-0.5770889
0.9103468
0.80654377
2.2831929
1.5321528
-4.2168508
-3.062523
1.8683712
1.6798896
-1.5646679
2.862309
3.1444912
0.091940016
-0.97597915
2.23828
-2.443872
-0.584211
-0.35717738
0.13994107
0.32237637
2.643233
0.76940143
-0.08849571
-0.893118
-3.5146034
-3.438772
5.1459074
-2.3307
1.4029832
-0.93496567
-2.351941
-0.21778005
-3.151765
0.74950445
1.3967022
0.07370535
4.0003953
-3.7910254
3.8942327
0.49781078
2.3296635
-0.20125693
-2.3035355
0.3197061
0.29251102
-0.05903684
-4.080673
1.0762551
-0.29676795
2.3212266
-0.393344
0.31724203
1.3241296
-2.79436
0.4520678
-1.385254
0.08382898
3.423495
-0.2923126
0.47600144
0.1275646
0.30398434
-4.252208
-4.2230954
0.57613814
-0.515173
-2.159487
2.320541
1.5289294
1.8068084
-2.8461409
-0.3777834
1.3124478
-2.7115111
0.7273422
-0.19858427
2.2406802
2.7117515
0.10938836
-1.0889876
-0.42716342
-0.21786478
3.943147
1.9114093
-1.6920568
-1.4276919
-1.7985541
-0.5502963
-0.77024084
1.6657127
-0.026594836
2.7749264
-1.0323825
0.95756763
-0.895154
-1.2470775
1.1270121
1.0070909
-0.31208768
4.7844453
-0.39441544
-1.529065
0.47973698
-0.99610686
2.2849376
-2.7934027
-4.51078
-1.3833272
3.4409595
-2.232155
-1.1764112
1.7604616
-4.3353195
-1.3597986
-1.6981101
1.641247
-3.0024123
-0.8130955
0.5968146
-2.5045166
1.0590594
3.6265574
0.839453
1.2083608
-2.2002647
-0.8996527
2.693935
-3.0877388
-0.6060004
0.28170463
2.5527775
1.7194595
-2.8235874
-0.19865486
1.0180724
-1.8586218
-3.26629
-3.3132591
-3.2323208
-0.75059205
2.7283678
1.4361681
-3.116388
-1.5514183
1.0911596
0.66109186
-0.76464915
-1.5052959
-0.123782165
-1.4311392
1.2537539
0.02611442
-0.67399246
-1.6057984
0.12018557
0.23331499
-1.3872529
1.5851374
-0.71966255
-3.440136
-0.4286673
-1.045354
2.8115575
-2.4861658
0.9747976
-4.045416
-2.4196973
-1.9964868
-0.9435787
2.578959
1.8446234
1.4243898
-0.1990264
-2.398101
-1.302677
0.7161391
0.89057964
-0.79281634
-0.999776
0.80482507
0.93001854
-1.59993
1.5165088
1.0490034
-3.660161
-1.4392158
-0.28006873
1.383996
-1.6691756
1.7153355
0.61212677
0.23056227
0.2637638
-0.52081406
-1.4576347
-0.6232683
0.20083532
-1.4841596
2.0005445
-0.1950312
-1.6062529
2.2864437
0.78132415
0.124517016
0.006823048
-0.67814314
-3.1960497
-1.980398
-2.8854258
-0.44515628
0.63826185
-0.923334
-2.2641897
2.6854637
1.7505459
2.4686306
-2.378232
0.8334289
-1.8461311
0.26660195
0.2985991
-2.330038
0.7846731
0.96124434
1.7099946
-1.8570279
-3.357618
2.9000938
3.3683505
-0.2829835
0.7774584
1.0010371
0.284487
0.38272166
-1.1007872
2.4573245
-0.58105886
-1.8770692
-1.5530485
-0.64426506
-0.89022607
2.5669744
0.90532863
1.7692783
1.6650847
1.2854928
0.38458568
0.382805
1.4954461
-3.2884219
1.1584734
-0.88242555
0.1909377
7.8829765
1.0179082
1.854955
0.54643726
1.331962
-1.7854838
-2.0396514
2.1861312
-0.6008866
1.2249049
-1.4785529
0.88286746
-3.56067
-0.6592222
-2.0544722
1.7720073
-2.4530964
1.5450242
1.6948289
3.081476
0.9485991
2.84797
3.070305
0.49302366
-0.8338113
-0.9485644
-2.1478899
1.5849707
0.31588027
-3.9371357
2.3153234
-4.0708714
0.3428779
2.7899234
1.6262138
3.8434982
0.12220696
-0.6103783
2.2109754
0.8043679
0.76386184
-1.2402493
1.4827167
2.172025
-0.07900582
-0.4977669
1.870965
2.8617234
-1.0850552
-2.9352229
1.1125991
1.2273628
1.9312905
0.81565803
-4.7103047
-1.1592793
-1.5809362
-0.14966106
1.0183499
-1.8039356
-2.0873816
1.3956087
3.5140584
-0.37855935
-4.1006675
-1.818244
-0.7968113
-0.057037964
2.2178092
-0.1550898
1.4582614
2.3007867
1.8759569
-4.2485723
-0.8627064
0.7850536
-2.4378765
-0.5670202
2.5569048
1.0304861
0.18584412
-1.7382619
1.9996679
-2.6656191
2.1322896
2.048435
3.4956775
-1.5608233
-1.159012
1.2750192
-2.5196512
-1.3077968
-0.9001563
-2.5357542
-2.3142557
0.79949266
-3.1402304
4.7194815
-0.27264097
1.4440744
0.81967264
0.1956614
-1.5529506
-0.6518055
1.2187096
0.096952096
0.5368927
-0.7269228
-0.82368606
-1.0284878
-2.5404067
0.47492895
-0.18316397
2.327949
1.2984986
0.5442354
-0.4822136
-0.28166357
0.041916914
-1.4100559
-1.2199917
2.4179823
1.2999952
2.0535815
-0.48688093
1.1118404
1.412484
-0.9116993
-0.81745976
1.3597367
-1.6453502
1.6453328
0.55847055
0.10787822
-2.5356169
2.606069
-1.2753186
0.29039308
-2.3490927
1.5059761
0.4459589
-2.916957
0.16783047
-1.030828
-2.3014336
2.457289
1.807661
0.6859704
-1.4415313
-2.312604
0.049296714
-0.008792657
-2.6448998
4.1003914
2.2819862
0.632533
-0.87295586
-0.4340842
-3.2760808
2.2023873
-2.104008
0.7630191
-0.7573612
-1.3285235
-1.1008757
-1.0110284
0.35068688
3.3380542
-0.6948785
-0.1716829
1.9636862
1.656267
-0.75049496
1.5495586
1.7778687
-0.39540985
-2.9389741
0.004047714
-0.24046418
-1.0802385
-1.3885118
-2.9760914
-0.5337989
-1.5122933
-1.1761818
0.26418984
1.3505433
-0.049830057
-0.005262509
1.6577619
-0.23414198
-3.8828816
-1.0051465
-2.5338843
-1.7574828
-3.2648194
-3.2226737
-0.27244228
-0.15200868
-1.022023
-0.59083533
-3.7203565
1.0274023
-1.4774327
1.6031574
2.5722175
0.08107567
-1.4844964
-1.2199029
-0.25961235
1.1633316
-0.7555692
1.6890666
1.2854207
1.0266502
3.1929405
1.2564361
1.0727128
0.5321236
-0.93326235
-3.8286517
-1.2075627
-0.4244398
0.9876545
1.6592386
0.73464835
-0.97434
-0.0053467974
-1.7739387
3.7750468
0.48913887
3.2883916
-0.0032270625
-1.8565279
1.5873737
1.9349569
-2.1843545
-1.5320214
-3.420348
-0.7490734
-4.5923786
2.9746692
-0.79946053
0.059684835
-0.93899274
2.5267498
-0.22780433
1.2813827
0.4482097
1.4356331
-3.2010183
0.7667227
-1.8379774
-1.2235869
2.1581035
-1.2655747
-2.1161027
1.4953076
-1.82378
1.9033334
4.3512726
-1.9967414
0.40605587
-3.2345822
3.8155396
-1.3393984
1.515448
-0.5689482
-1.1306084
-0.32012343
-3.2417622
-0.26772508
0.7439332
-0.49461955
2.7156808
-0.18368408
0.16816851
-2.0948656
-1.1256906
0.9151178
-1.8080405
-1.7879165
-1.9954914
0.041816033
-0.25594002
1.3548216
2.8415816
0.8797596
-1.2802675
1.660499
2.0850391
-1.1535472
0.26971793
-1.3738225
-0.4508969
0.36613157
1.6770085
-3.7112756
0.39962512
1.8491093
-1.5143158
-2.923059
-1.060879
0.29397425
-4.4774275
3.1556025
-1.0999442
3.0695198
0.94907105
-3.6715841
-0.14448823
-0.5243769
-2.1721568
-1.8777207
1.2127013
-0.7011999
0.84368473
-1.7065641
-0.8990886
-0.6402159
5.8773146
0.53826684
-0.25852802
-1.8956419
0.982684
-1.2460163
2.804723
0.7780779
1.3793216
-0.040344812
-1.6285058
2.347712
2.750636
-0.6744887
2.060115
1.6258092
1.2117676
-0.9626143
-3.9467003
0.42560032
-0.9372357
-2.670979
2.1338925
2.6987107
-0.29337245
-2.5632625
0.9108183
0.34289163
-1.4088485
0.51091194
-2.8527014
0.025408227
-1.0500226
0.101672694
0.41341174
0.93198323
-0.06863398
1.4099202
-1.2244352
2.2083497
0.18822157
2.0248656
0.109909415
0.20460403
0.4256106
0.15373604
1.5283188
2.41971
-3.054222
-0.4213104
2.1517315
-2.9473677
0.59040093
-0.83358526
-4.6597276
-1.3276969
4.149051
3.5130022
0.9110852
-1.461561
0.335858
-0.7191917
-0.00936868
-0.27619717
-3.8224683
2.4247186
-0.84822935
-1.7864265
1.62061
0.81451416
-1.5426676
-0.04032846
1.9027702
-0.352924
1.5868258
-0.2917681
0.9891639
3.0196514
-2.070594
3.1266897
1.6797639
-4.778026
-1.8308761
1.9344728
-0.21248975
-3.960172
2.2565544
2.4698908
0.47223914
0.34897172
1.5705627
-1.8303735
-4.602832
0.6113232
2.5369947
-0.9986077
-0.18876581
0.5578488
0.73263747
1.5622857
-1.4343132
-0.33652103
0.111603595
0.42752373
-1.0002625
-5.5544143
1.1200167
-0.26973012
0.066662975
1.0825033
1.5491391
0.3207591
2.2375674
0.10047109
0.21084392
1.9369485
-2.8442395
-2.1263013
0.12367526
-3.0898972
4.874078
2.5867715
0.6574652
-0.9718656
-2.1913261
-0.3175456
-1.7138321
-1.3546693
-3.539116
1.2966442
1.1619408
-0.68864566
1.994143
-1.2088149
-0.61595064
1.8217821
3.9525704
0.22277038
1.2776363
0.9150592
-0.4473573
-1.4675239
-0.13267423
-0.73915446
-1.8933048
1.7408284
-0.20653276
1.5626856
-0.8691244
-2.255094
-2.1617525
-1.5209854
-3.4460118
1.6750511
2.639201
-3.1612034
-2.664772
0.4850065
0.09737541
0.26258448
1.3608798
-0.38920915
-0.5974302
-3.6692815
2.954435
-1.9680141
2.5112894
-0.22072226
-2.1569538
-3.4302762
-0.8903519
1.6524547
-3.1366978
-0.47933394
-0.8834537
0.7098785
-2.574263
0.23315941
0.24475658
-3.2618344
1.6221718
-0.37903357
-0.68195045
-1.0451157
-0.083078764
0.6992871
-3.2233992
-1.2765957
-4.3751063
2.154163
2.1623132
-1.1452348
2.4636443
1.6591743
-0.7694676
0.77937174
0.01529431
-1.0668452
0.5918324
-1.9314245
3.1664104
-0.037783056
-2.1578734
2.9572232
4.3459387
-1.5037435
-1.6813781
0.048100576
-1.6218133
1.6617738
-1.5814822
-0.043649178
-0.39536774
-5.0049934
0.72696394
1.2468904
0.5549636
1.2501321
2.242349
1.0498981
-0.5607043
-0.75301945
1.0236094
-2.1882062
3.1070542
2.487414
-1.2332097
0.88511795
-0.86961055
-3.177243
1.0708928
-0.9192959
-5.7591295
1.8936214
2.6143034
0.060725488
2.9262543
0.6458356
1.0646158
0.8060872
-3.2546508
0.58660764
-0.56527126
1.6087302
-1.1821905
-2.8854647
-0.28293842
-3.0482714
-3.7506247
-1.8613137
0.97332937
-1.7633016
5.0872927
-0.42996606
-2.0303228
3.050008
-1.6367393
1.7955594
-0.3055878
2.0226054
-1.5111381
-1.0429728
0.39060172
1.5480992
1.0705794
1.7613252
-2.1125176
-0.5437902
1.4857876
0.33308995
-0.63232255
0.71962667
0.6477029
2.4753447
0.99241334
1.3998497
-2.1077664
-1.2079207
2.6726089
-3.410653
0.08114789
0.5010794
0.16123772
4.1795063
-0.90708524
-0.7768727
2.3220835
1.2643201
3.7407725
2.0777755
-1.39242
0.869204
0.012882285
0.7727373
1.8216922
1.9057149
3.0578587
0.29742646
-0.025162444
0.4329148
-0.7119631
-0.8742273
-1.5289799
0.90301675
0.008156817
-1.7205726
1.2296982
1.0517848
-2.4540734
1.8085158
-3.5824401
-3.160589
-2.3669112
-2.0920565
-2.8404493
1.0992248
-2.0446148
-1.9240445
-1.5728412
0.09316049
-2.028512
-3.1497264
0.13981718
2.9035885
0.5946442
1.5425746
-1.3760428
0.19980791
-1.4231173
1.1505417
-0.57063854
1.3081319
0.29907888
-1.417285
4.272286
3.0063143
-3.1809947
-1.1001661
-4.518531
1.1307299
-3.9681368
3.1610785
1.5049881
1.2634708
2.2652378
-0.36672038
3.3318377
-3.8700335
-0.77713066
-1.3329775
0.6151473
-2.652644
-0.032975458
2.7783499
1.952637
-0.6477629
-0.29987007
-3.063334
2.3007226
-4.4935737
-1.8038568
0.8125918
-0.40107077
2.9920688
4.8619347
-1.5298705
0.648828
1.1350613
-3.6287851
0.006377712
0.8794885
2.0672798
1.7700092
2.1076908
-0.08680878
1.8409436
-0.5256193
-0.027736828
-0.5490559
0.35959768
1.2247806
3.1637263
-1.0736048
0.22497287
1.7530468
0.0069907643
1.1569533
-0.8953817
-0.7554206
-0.34717453
-0.4167376
0.26244172
2.4959505
0.39382702
0.013883777
-1.9826205
2.0908396
0.38838166
2.3263185
0.22054894
-1.1523364
-1.805104
-1.2560914
0.7004507
-2.2605917
-1.6837304
0.22600122
0.06811141
-1.4915668
0.35010573
-0.32312858
0.18789914
-1.3507099
-2.3141255
0.7680351
1.6474614
-2.3571453
1.1523958
-0.15700732
-3.0191386
0.14969468
-2.4343235
-0.077702954
1.2362224
-0.5946046
-0.8772796
-1.6728861
-1.8486133
1.4874192
0.11446258
-0.38559443
-1.8992095
-2.4356208
0.6741324
-0.11049199
0.4701171
-0.39921206
2.3527706
-1.5492582
-1.4413702
2.1887941
1.3775067
-1.0895045
-1.7652086
-1.7470748
-2.5915117
-1.5298531
-1.2697233
-2.204093
0.56093466
0.03560239
-0.494266
2.6672587
1.3075216
1.4244878
1.4499544
-3.3727713
0.081595235
0.75515985
1.238732
-0.49539343
4.788141
-0.17337598
-0.19312344
1.9925332
2.3004184
1.6516215
2.880564
-1.6331885
3.1795433
-0.30369025
0.9775666
-0.8841973
1.8926041
0.34336406
4.353585
0.5918835
-1.1320221
2.9905136
1.0555066
3.5473473
-0.47292593
-2.2869852
2.9750824
0.9458568
-1.4873052
1.3572571
-0.21277729
1.6492982
-3.3873177
1.4508089
-3.1588354
-0.4978117
-1.4779066
-1.4616227
0.45171937
2.279043
1.315486
-0.68458503
-0.5493074
-0.7042067
1.6083058
-0.36547557
-1.1066641
0.74672145
-1.4148492
1.9595157
1.2259632
1.821754
0.6528922
-1.8589582
-1.5080326
-0.6444025
-3.203322
1.3143158
-2.9705594
1.4502673
-0.8456974
-4.4311
-1.3841811
0.3169291
-1.318801
0.5337117
-0.74007803
2.4964943
-1.4090681
0.44663823
0.9508715
3.1654603
0.5957853
-0.44633284
-0.81252605
-2.0574434
4.9758377
0.88856196
-1.4675094
1.5774455
1.8580993
0.4455148
-3.5404472
-0.84083116
1.0118669
1.024924
4.1738214
-1.5299149
-0.9623929
-1.3746669
1.9098516
1.4359233
-1.1834086
3.805709
0.60371417
0.75217754
3.8599272
-3.90461
1.3267771
2.5484061
-1.7958537
-0.39771593
0.877849
-0.2035209
-1.5060915
0.61444503
0.1771603
1.3392564
0.71931624
1.2906007
0.6845204
-3.2277899
-0.83338135
0.6169423
-1.3634862
1.6450745
0.09097494
-1.6655304
2.50212
-0.8008999
1.1168544
-0.52961355
0.53064066
-0.24936405
1.7616868
-0.46800697
2.1804204
0.67010367
-0.58552265
0.09950954
-1.6893423
0.056852892
1.6957301
0.10884024
-2.9909353
-0.047234036
2.053742
2.1594477
4.458827
2.118323
1.0440092
-0.41246083
2.4474094
-0.16821103
-0.69325215
-0.7463335
-1.3639739
4.70839
-0.54824346
1.4726193
-0.7401492
-1.5694722
1.0381496
-0.796969
0.6186377
2.2120922
1.1154492
-2.1499498
-0.5429123
-1.804273
1.5150323
-2.9525807
4.7397223
0.6250368
-0.45070934
-1.9431016
-2.0325074
0.7581502
-0.13932002
1.68154
-1.2428198
2.946082
-0.25158826
-2.7473888
-2.7672522
1.8299308
2.8651268
-0.44730425
-0.40850514
0.31864116
1.1768327
-0.37863776
0.12404111
-4.2372694
-1.3395298
2.3063672
1.1326014
-0.48202205
1.6711575
0.49818054
1.0410625
0.30867404
-1.5489528
2.9687998
-0.45067096
-0.53113675
-1.8120271
0.8437966
0.6755612
0.81582385
1.2452735
3.030009
-0.4088897
2.6973336
1.2550827
-3.3336372
-1.9103492
-3.3622637
0.42108658
0.0019510984
-3.9047256
-1.3068895
-1.3109349
-0.9403192
1.1199619
-1.2952852
-0.89581615
0.28818393
-0.5592033
-1.6301272
-0.99590945
-2.2580345
-1.8905004
3.9497488
-0.2327072
-1.3129735
2.6661758
-0.30204028
-0.6399255
-1.133927
0.8129356
-1.6870948
-3.2266047
1.7087437
2.8468275
0.97006345
1.098562
-1.2218688
1.1436505
0.07120431
-1.2349585
1.3463924
2.1039226
-4.539665
1.3573304
4.0250745
2.8212264
-3.0279496
-1.3642385
0.86107624
2.572111
2.7718472
3.898963
-4.1090174
0.6070911
-1.1087356
-0.03899558
1.65324
4.0732584
-1.0539073
-1.5357648
-1.3883528
1.9140425
3.771979
-0.01813709
-0.3507297
0.36494595
-3.224731
0.5649959
3.7202578
0.5899002
-3.2522087
1.2949716
-3.6191125
0.7055684
-3.5666397
-1.5937034
0.27832633
2.7409241
0.51895833
-2.3813825
-0.16282931
-0.23238875
2.9924905
1.4003469
1.5783006
-0.31822026
0.16657358
0.8234027
2.4294655
0.7112784
-0.8396836
5.1213975
0.0069157556
0.20697817
-0.9782079
0.70928395
-0.36463308
-3.6138046
0.97778237
0.75916046
-0.051941916
0.78189033
-1.0072533
0.92492616
0.22693318
2.1464505
-0.43820176
-0.12242113
-1.6765044
-0.42043835
-3.43694
-0.7060738
0.4792341
1.2312412
1.8314443
0.5346838
3.4479268
1.1765083
-1.2116777
-2.899393
-2.4684837
-3.9162762
-0.24675539
0.15276249
-1.8191228
-0.40489167
0.035579763
0.07074262
-1.2572794
-1.4466466
-1.8328565
-0.0855765
-0.93965137
0.7952926
-3.230004
-0.31119063
0.70783126
3.0643196
1.9725561
-0.3604318
-0.06678898
0.95154023
1.0263072
-0.5870155
1.5357176
3.4964104
1.7695148
-0.054458275
-0.44981155
2.0516968
-2.827432
1.6974303
-3.7935345
0.41075096
1.6074228
-2.1607604
1.6057298
-1.9474849
-0.26356378
-0.007646285
3.41263
1.5306644
-0.5369773
1.7671602
-0.001554735
-1.7287024
-1.8855858
0.9214564
2.591498
0.33365926
-0.5449833
1.9199051
1.5560708
-3.0288067
-2.308149
-0.972494
-1.18906
0.16489051
1.7751762
1.0283885
1.5433396
-0.2670486
0.9307472
0.89680356
-3.2942307
-1.047049
-3.4239888
1.5535486
-4.833352
-1.5831716
-2.4250374
-2.9544456
0.36823893
-2.8751595
0.24751766
-0.64749265
-1.0506567
-1.4594868
0.31742865
3.184508
-0.55312276
-0.5830317
1.9768085
5.490808
2.8404486
0.87521535
0.7052707
1.1068419
1.0339532
-1.3520013
-0.24022347
-1.4371017
3.0506327
-1.1992068
2.6837254
1.0172617
0.8681505
-1.0592781
-0.32093868
2.383012
0.2118791
2.3312323
-1.7159737
-0.69622934
-3.4916577
0.97010535
2.3022263
-0.5138586
2.5552366
0.4644022
-0.46131098
-1.917283
-0.014010895
-0.817368
-2.959102
0.02495119
0.58078384
-0.42220226
3.4991665
-0.16520697
2.6315658
4.4898567
2.2827916
-3.5150344
4.3340416
-0.55665874
1.0539594
-0.40132216
-1.9320031
-1.0955398
1.5943923
0.2690662
-0.627202
4.796181
1.7384326
1.8876303
3.7935138
1.0759243
-1.0468712
3.8063018
2.5197372
3.3182163
-0.01273004
-0.45055625
-2.9899554
-0.6208104
-4.2650175
-1.9434273
-0.28713256
0.6321857
-0.7203212
-1.5033765
-0.58383775
-1.2074699
-3.0528421
2.8697155
-2.130219
1.4993559
1.5627201
2.7198503
-0.30073088
-1.6207807
-0.1292054
4.2316456
2.7212229
-0.49351335
-1.7832235
0.45007652
0.6246264
-0.6552125
-0.33711448
1.0429837
-1.8884773
-0.59120154
-0.5803909
-0.4608397
-0.16211548
-2.0003722
0.4064415
-0.41209865
-1.8764266
0.24303043
-2.210016
-1.3552481
-0.79367185
-1.8364744
4.702654
-0.56105196
0.2729861
-1.4235135
2.4663644
-2.1086893
-0.7690879
0.80777234
-2.4756753
-3.8480744
0.49825627
1.3206818
-0.838583
-0.8159181
1.0480256
-2.0237966
1.5556759
0.4399185
-0.6841203
0.3255766
-4.8051605
-2.3671832
0.56969285
-0.10173892
-1.8424567
1.1117247
0.15467846
-2.683066
1.3109026
0.48210293
1.0706089
-0.78524786
-1.0178162
-1.1384629
0.5856313
2.450374
-3.616421
0.23485655
-1.0409194
-0.4400787
-1.405325
0.84637696
-0.56805235
-1.1049104
0.33970138
-2.7171562
1.440433
1.0593246
0.38874164
1.0410397
-0.69825536
-0.910758
1.6201496
-0.99733514
1.4164969
3.6036682
2.9374032
-1.1999953
1.0835966
0.94722694
1.4197415
-0.3566333
-0.63510996
1.584401
-4.362918
0.86631835
-0.2167224
5.00812
3.4796007
-0.16365916
-2.3597655
2.4951196
4.902581
-1.2134259
0.13061325
0.6820283
-0.05638417
-0.38468522
-1.4314392
-2.0742378
0.07181725
5.0148625
-2.6732566
-0.27573848
1.6630305
2.457396
-0.023286529
2.6546497
0.44335043
-2.457964
2.5293047
-1.656621
-2.4775033
1.0791343
-2.4726202
-1.8769356
1.2607765
1.1514708
0.16096811
-4.1833606
-3.0777113
1.5219264
-1.3149333
1.2179389
0.5314183
2.4661098
-0.3468626
0.03474006
-1.22095
0.92252
0.7843232
0.83368737
-2.695296
-1.3505434
1.7174556
0.7219622
-0.30629545
-1.582471
-1.5682381
5.3425126
-1.093135
-3.0177505
-0.26808348
0.69397444
0.121918075
0.34630135
1.9331279
-0.5953244
-2.1395957
1.0394508
-0.3813329
2.7056773
-0.87798053
-3.868421
0.06122169
4.0836253
-0.15851381
-4.826007
0.5397291
-2.2872593
-2.2896962
0.06056084
0.5753543
1.2446138
2.440695
0.4217432
0.16576806
-1.1299363
-2.213195
2.2180138
1.7512568
2.3778403
3.7917871
0.4929522
2.9145
-4.2549343
1.3458482
-3.1172693
0.71525115
1.2852615
-2.531755
-0.7909973
1.0604107
-0.48520973
0.21297672
0.61884093
-1.0492307
0.44555295
0.69208
0.24652502
-1.2756845
-1.2474313
4.1394196
-3.9186976
-2.7888103
2.440993
-0.4479117
-0.20022097
0.8042096
-1.595849
0.8466756
-0.8103207
-3.4176807
0.12982497
0.16810942
-0.2785198
0.0027692616
0.6199089
2.812924
-3.8720443
-1.6915904
-2.2489724
-0.26050845
-0.4522049
1.3970747
-5.8484135
-0.96403545
1.1012639
2.7143493
2.4709868
2.1303623
-2.7404761
0.36608547
0.05516302
-3.4137084
-0.47037604
0.7415585
-0.11420578
-1.3731636
-4.033385
0.7089939
-2.1471496
0.07188293
0.20272455
1.173225
0.7400219
1.4062043
-2.9335105
-2.3853517
-3.2154813
-2.5918422
3.2243757
4.460221
-2.3546743
-2.553326
0.2866318
0.81081194
-2.322081
-2.4453049
-1.2410614
-0.6850365
-2.9949634
-3.197948
-2.0739653
0.27285057
-0.92310315
1.4967725
-1.3376981
-0.30178922
2.818839
-0.65934336
1.4189293
0.81990314
-1.2715788
0.86644775
0.16516295
0.4595716
0.39254665
-0.01715307
-2.1043687
-0.5867407
3.2287593
-0.683531
-1.870916
2.2742527
1.3815339
0.40597457
1.3857067
-0.15340778
2.1565263
-2.1941454
-0.6948094
-2.5912514
-3.5061269
0.69717795
-0.5530329
1.9182897
-4.503931
1.4162776
-1.7609674
-1.7848873
0.9699677
-2.055235
-1.1001657
0.839555
0.79074156
-1.9685018
-0.47478878
-2.2194638
0.19404013
0.63672787
0.9740329
2.4728076
-2.9122038
-1.6179581
-2.8042712
0.004979994
2.5212727
-1.4375588
0.7443046
-0.41631448
-0.06432696
1.5668175
2.111013
2.7929006
1.9900784
0.17817414
0.5219085
-1.0710821
-1.599875
4.0364084
-1.3644302
-3.4545777
2.1424036
2.3737261
3.4609656
0.5005687
-3.6189473
-1.5464494
2.0769238
-0.5726138
0.805675
-0.5440223
1.639793
-0.79229283
0.033902854
-1.1705843
1.7817309
0.8686119
-1.0666555
3.4280307
-1.2389685
-2.0723095
0.91532916
0.45356682
0.86014026
1.2098691
-3.8458965
1.7523993
-1.2177589
1.1941986
-3.0958838
-0.554405
1.6086004
1.9743241
-0.3279221
-1.8242446
3.6676252
-0.7684901
0.5348043
2.6937666
0.8141323
0.27755055
-1.5740174
-1.2666116
0.7415536
1.6693919
2.3382254
-2.0235643
2.4678543
-1.1488466
-0.16633222
1.4376321
-1.3640201
1.2216086
0.9589139
-0.95599705
-2.5987806
2.0144734
-2.0699124
1.002324
1.4423546
-5.264466
0.7995177
-0.058082484
-3.260597
5.9815884
-1.7674906
-1.1738005
-2.5629747
-0.34193766
-5.76768
-0.33037505
0.36025584
0.67533237
-0.64045024
-1.4652475
0.0819297
-1.6640509
-0.4517011
2.2352233
-1.0597391
0.80489945
2.2864044
0.025027812
-1.3692135
0.89070433
-2.3365018
-0.82618386
0.25463068
1.3854969
2.3988912
1.8049717
-3.454507
-1.6620296
-3.870809
-1.1863463
0.40286463
3.329294
-0.24748084
0.7961512
-3.2250495
1.1883835
-1.345829
0.04433642
0.9256251
0.6043851
-0.45450613
-2.2398038
-3.1545796
-1.9883369
-1.3526517
-0.47978455
0.43909168
-2.2061737
-2.9370854
0.7887067
0.82725
-0.7764483
1.6328018
1.6210315
-0.97851974
1.1207073
0.16687821
-3.3076844
2.6912448
0.21318603
-0.42581168
-2.021843
1.133864
-1.8887703
-0.7152392
-0.3942005
2.3974013
-1.0602225
-1.2527698
-1.9186518
-2.003783
-1.5816258
1.6977563
-2.2758439
1.1941363
-0.48809037
1.1796118
-3.1635947
-0.8276959
-1.8208286
-0.5812028
-1.4961191
0.03303038
-4.0088115
-0.6176537
0.0656115
3.7279944
1.6822499
-2.9502099
0.8253113
-1.404959
0.7137789
-1.3172853
1.6636162
-0.5710211
5.4895554
-0.79804444
-2.6756647
-0.1971443
-0.79260546
0.78064984
-2.7469976
2.701932
1.3272504
-0.8277882
-0.95717406
-1.8628511
-0.6268879
0.8958543
2.962194
0.16651855
0.06401196
-0.6507122
1.0407856
-4.147197
0.72060645
0.042197876
2.2890334
0.022486113
-4.523419
-1.3922418
0.19894652
-1.074747
2.7091827
1.459788
1.3109425
1.3347424
-0.4312325
0.051224455
2.604961
0.5587378
2.3674126
-1.8913645
3.297421
-1.5728022
-1.9658177
1.5831064
-2.5716078
3.2905536
0.8125356
0.57032734
-0.29274622
-0.19027472
2.6439419
3.109518
-2.9832964
-0.084530465
0.13347302
-1.7982663
-2.0944924
-0.02451276
0.060569163
2.2442446
-1.86413
2.4844463
-0.742566
1.1380774
0.21966922
2.3379447
-4.438213
-1.5998238
-2.362488
-1.3857795
3.824033
-1.4903859
-0.7561767
-1.0484648
0.38518524
1.0821195
-0.6583964
0.6422569
0.50161725
-0.0057562217
-0.11154827
-1.5448059
1.1865476
-1.3586094
0.16012022
-0.5426118
1.6980469
-0.98588586
-0.65161335
-1.2418056
-1.4889644
-1.3660874
0.40797567
-0.6768002
2.0112522
-1.3203944
3.4442198
-1.7122785
0.76656395
1.6219027
0.29429787
0.022145957
3.371944
-0.47235984
1.0107474
0.7940588
1.5566357
-0.19932531
-2.5227115
-0.88282555
1.0722603
0.9712179
-1.0820955
1.4367752
-1.405394
-0.84098387
-3.6645424
-0.76306367
0.6277136
-4.0978336
-0.05798147
1.383806
0.10241063
0.5293734
-0.77438617
-0.49122876
3.8607109
-0.28584298
-2.801888
1.0657954
-1.8075893
2.5495157
2.331503
0.22118348
3.2888691
-1.0096402
-0.71400505
-0.31561312
0.40608042
1.75275
-0.6880477
0.8568528
-0.76933277
-2.777484
-0.62389106
0.2852504
-1.419068
-0.22067067
-1.5314088
-1.3064533
-1.2763997
-2.1592174
0.08622876
2.9245043
-2.4867482
6.7337794
0.060599394
-2.0825005
1.9817818
2.286536
-1.0780028
-2.7313528
0.029033951
-1.0606911
2.5657535
-1.8043919
1.9558057
-1.5387738
1.2289985
-2.5287025
-1.135029
-1.7400709
0.8064428
-0.44299206
-2.045134
-0.8180666
1.9122134
1.3351196
0.30630076
-2.0885859
0.57247573
2.1488595
1.006907
3.633087
2.4157894
0.33931574
-0.84797895
2.8305597
-1.9016626
-1.9426901
-1.4768224
-1.1257901
0.6725477
0.8556189
-3.2660775
-0.13800111
1.5319939
-1.8873007
-1.9063892
-1.082137
-3.737697
0.060564406
1.3871908
-0.78343475
-0.40698227
-0.43573073
0.15795237
0.22064668
2.7862372
1.0975938
-0.175165
-2.1525197
1.0677639
0.76535594
2.331503
-2.1899986
-1.4889331
-1.1806217
6.205349
5.2755933
0.46300972
-1.1064514
1.6786587
0.4801339
-0.89252055
-0.46988004
-0.255733
0.96236056
1.09755
-0.15610477
0.4243258
1.114902
-4.7847724
-1.3181132
1.9619981
3.817453
-2.177285
-0.5804096
2.9428575
0.7426691
-4.5576262
-0.9139638
1.2430091
-1.6104454
2.0688381
-2.1844807
3.0156393
-1.2910112
0.43067235
-2.1569402
1.6891706
3.9018593
-0.86230403
-0.015274905
-3.6097803
-2.6814647
-3.1932116
0.39582002
-0.04456515
-1.1584436
4.8852534
2.128125
1.5876548
1.3096555
2.0201893
1.2434529
1.9631038
1.0581692
1.6392475
0.17996812
-0.24643646
2.5565262
-1.6877578
-1.4884857
0.7120379
0.36778897
0.9172896
-1.7058626
0.011365477
-2.0991998
1.5693868
5.119068
-0.7371558
-1.4263262
1.1797225
2.5942411
0.8090455
-0.85871816
-1.58728
-0.13866338
2.9346635
-1.923695
2.7868187
-1.9822421
-1.0108011
0.40078068
1.6871485
-0.02664227
3.0418198
2.6418853
1.8553348
0.10983029
-3.187943
1.383495
0.64417994
1.5914196
-0.7238854
-0.9445848
-0.20732349
-2.9708676
2.44166
1.6685236
-0.03700465
-1.6085213
-0.22308011
-1.035743
1.2647161
2.7168958
-0.0027264953
-1.2652766
1.676634
0.87750566
1.1711614
0.36952403
-0.83956784
3.106219
2.3436136
0.20891759
1.7597888
-0.38768333
-1.7810152
-0.78632945
1.1291211
6.1654334
0.4408193
0.0736541
-0.3859712
1.7263248
2.6876073
-1.3391587
1.8456379
-3.4133725
-0.6761794
0.6413152
-0.7642062
-1.4172386
-2.673469
4.306579
0.24885587
-2.681229
1.2432286
0.39417863
3.2443817
-1.8859782
1.2966616
0.17486438
-0.9262084
1.3176643
2.5115654
-0.6545714
-1.2674817
-0.580092
-0.14574093
1.8887225
0.35301608
-0.8362988
0.49711403
3.9931667
2.154663
0.6764724
2.0271132
0.22818556
0.74166054
-0.26823804
3.2727194
0.54512745
-4.1884356
-2.4685292
2.2380574
-0.9371757
0.9603971
-2.4582322
-0.2624543
-1.4664565
1.083684
0.9123584
-4.375643
-0.5763385
-1.1548023
-1.0970995
-0.52497137
-1.9992305
-1.1495131
-0.096710436
-1.2054797
1.0629126
-0.31226498
0.87041265
1.7141445
2.0501158
-1.5679038
-1.2602626
-3.420142
-2.05867
-0.602153
1.4304136
3.9543076
0.41695848
-0.47446653
2.1983006
1.0529706
1.2976723
0.70359915
2.9991105
1.1566375
1.37579
-3.1003685
2.6722562
2.3097444
-3.983861
-1.5501684
0.49155763
-1.0057887
2.2174895
-0.86004007
-1.9268525
2.4993398
2.0439851
0.28201234
-0.41291055
-3.5216115
1.6797805
-1.2823727
-2.1038785
0.9061435
1.4305652
0.53886425
-3.5646217
0.11403483
1.8687563
-1.8283972
-4.272641
2.3317652
0.05836308
-1.9277009
-0.42382613
-0.12637135
-1.6332358
-4.8961926
-0.29454213
1.5690793
0.77855325
1.3058228
-1.3750886
-2.3734775
-0.23667488
0.7635906
0.42888504
-2.4077308
0.0684372
-4.831896
-0.5005325
-1.8382217
-2.874525
-1.2841406
2.313688
-0.21047384
-1.4380206
0.1942786
-0.7592598
0.3464516
2.056716
-2.215773
-0.6328654
4.037411
0.6400312
-1.5113642
0.851178
1.0599701
0.32484078
-0.38470337
0.37379605
-1.5958433
-2.9803882
0.28017676
2.9621272
-0.11438455
0.67349595
-1.1991729
-2.8519893
1.1261501
-1.2300715
-1.5376936
4.294034
0.30050015
-0.9489536
0.6512329
-3.2433574
-0.7054768
1.0165036
3.8657303
3.264346
-0.042002715
-0.0703436
-5.4881554
-1.2009704
-1.7342412
1.7102354
0.72200394
1.1014745
-0.8894545
-1.2697339
-1.4202366
-2.188111
1.0704415
-0.13871397
1.8243549
0.6807903
1.2175559
0.7925112
1.4117206
-1.6110616
3.7352853
1.7328117
-0.15774183
1.9346974
-1.4653096
2.4298775
-1.1806544
2.0533335
-1.4519199
-0.39779487
-1.078252
1.1095884
1.6509004
2.7356622
-0.79465425
-3.0772212
2.5510304
-0.18114133
1.1533817
2.6975443
2.8144147
0.45176798
-0.99130756
-2.431087
-0.2194108
-1.5439857
0.010432951
-0.50233084
2.2951825
2.5206752
-0.19336629
4.024253
-0.2657427
-3.4370577
0.6536527
-0.80078787
1.1521796
-0.16694072
1.171647
-0.7513584
-2.0911233
-2.6182353
-1.4380734
-1.3101557
1.2537477
-2.0735922
1.312536
0.66973865
0.9330062
-0.029727101
-2.9517345
-0.75091034
0.62153685
-2.341792
-0.9754686
1.40386
-0.8612016
2.4557028
-3.0672464
-1.5400372
-4.1799173
-0.68218356
3.2809134
1.4794885
-0.8419198
-0.58887947
2.6135843
-0.770453
-2.7750144
3.2924798
-0.5894575
-0.7262922
-0.85944724
2.6488447
1.9281061
0.8050218
-0.406514
-0.06508863
-3.9886174
1.067109
-2.3035262
-0.5420562
0.08187769
-0.7907251
1.2424499
-1.8220551
1.7225593
-4.026772
1.101371
3.1993325
0.3673475
-3.2664294
-0.25134388
0.34413412
2.6497889
-2.0385878
0.121037796
-1.481281
-3.163456
-0.71551013
-1.3743998
-0.2794022
1.3158257
-0.7623743
1.4983989
-1.2530438
2.2883515
4.815552
1.2863035
0.715749
4.4050055
-2.2986813
-1.5935954
3.181033
1.0024742
0.26678458
1.6705503
-0.36260965
-1.0034454
2.4392674
0.5144046
1.6221393
1.203692
1.239589
-3.0709052
-0.40601394
-3.2727094
-0.40120378
-0.4318584
2.1345263
0.030058354
-0.4419974
0.9029217
1.4926548
-1.0422379
-2.2950137
-1.1184218
-1.9583154
1.0733396
0.8858875
1.947336
1.4585843
2.2081127
-4.522324
4.554841
1.1531386
-0.6839086
1.1779453
0.9370442
0.117618896
0.47973204
-2.0358005
-0.07095921
1.1036639
-0.51958257
-3.7245176
-2.2914848
0.55196995
-3.337105
0.42192817
5.211396
4.8583527
0.7563617
-2.0534453
-0.90444475
3.3799262
0.98122215
0.6244385
-1.081476
-1.8324451
-0.8713703
2.1148772
-1.3369818
-0.4233615
-0.8060843
0.19722387
1.2803423
-0.27496734
2.9141428
0.3667128
-1.0183192
2.115013
0.41327357
-0.7166854
-1.6557196
1.941515
-0.014012121
0.88204646
-1.7668426
1.3191133
1.4205964
-0.6145865
-2.529453
-0.31927118
-0.55920434
0.69362015
-2.1725018
-0.015872419
2.022268
-0.5754991
0.03331588
2.1268158
0.23022114
-2.3630464
-2.2737284
1.0701061
-4.0445724
-1.3112756
-1.6677141
0.79980546
-0.9562062
1.0221171
-4.6124296
-1.8516821
3.4824445
-0.7774921
-2.5512316
2.0602963
0.43725976
-1.0944278
-0.6751179
0.006985966
-0.98990834
-2.319315
-1.5003304
2.2664835
1.014046
0.621352
-2.0820963
3.5172582
0.5086862
3.122873
-0.56064534
-1.8206823
2.1269898
1.3566158
1.255578
2.032546
2.614224
2.57159
2.9850671
0.94266033
3.1007195
-0.53992075
0.8614775
0.5690738
1.3435906
-0.33888322
1.2609873
-0.76923895
0.1077245
0.76634353
0.5818904
-1.5519736
-1.7925341
-1.695976
-0.8040603
1.440177
-1.996639
0.82285744
0.28229812
1.2964873
-0.4507147
1.5453146
-1.159434
4.8638067
-3.4764392
-0.16929683
-0.02525913
-2.3776875
0.77264243
0.3950869
2.9830492
-0.6330172
3.4800534
-2.8702154
-0.734255
-0.36417702
-0.06713804
-2.1996162
1.2858378
1.1868098
3.4383605
-1.2425532
-1.4037197
-0.1324123
-1.2597244
0.58153903
0.8797378
1.940061
-0.47378948
0.3399119
-1.6746631
-0.15198435
1.4745209
0.32674214
-1.2131517
2.7287939
-1.1342146
2.7910638
-0.73976296
-0.020136416
-1.5453128
0.5155521
1.192747
0.60028696
0.20405397
1.0382181
1.2007945
3.4439683
1.9145664
0.0960987
0.24143872
1.3403329
-2.5190759
1.9069495
-0.1511493
0.68794566
-0.52663785
-5.526828
1.6546217
-1.9950103
2.7330275
4.454631
3.5869951
-0.5976958
-0.51704496
0.1278468
1.3087236
4.70701
-2.2596304
0.048190992
0.5998684
-0.024508782
-2.1115541
3.0568376
-1.8974701
-0.6365608
2.5172458
2.218854
1.1840954
-0.5989314
-3.0678358
2.7722611
-2.253243
0.38220432
3.241426
-3.267324
0.9121274
-0.45414662
0.111664236
-2.3963537
-2.5594013
2.0310097
-2.9663703
-4.922991
2.5301807
-4.354069
0.46408612
0.52004623
-3.0705092
3.4226182
-1.4294465
1.1785749
3.523633
-0.45143282
1.1486769
-0.14595287
0.17796582
-2.9346876
-2.5787704
-4.5555854
4.5579967
-0.7264119
2.2688031
0.64436954
2.5429962
2.3951952
1.5172958
-1.7997149
2.8035982
-0.3373851
-1.2223854
-0.0918744
-0.7434728
0.025738053
1.968704
-0.5684446
-1.7240607
-0.54905194
0.81929064
0.39865875
-1.6010373
2.9785128
-0.21189272
0.66874766
1.9171053
-1.9109722
0.007850584
-1.5995852
0.79271084
3.9873118
1.6080855
0.9685517
1.3975523
-1.9033544
-0.8767329
1.3969717
-2.789887
-1.5744815
-1.8903877
1.9627525
-0.04686576
-5.714127
-3.1733892
0.78308135
0.67982244
1.9051954
-1.9090279
2.5731096
1.2450812
-0.97643137
-0.93380123
-0.5094616
1.3597987
0.65101486
3.5595324
-0.035816006
7.190776
-3.4708085
-0.19970965
-1.2048465
-2.3600643
0.78286654
2.2866168
1.7304016
-3.2208953
0.58810335
1.879511
-0.9794441
0.28915894
-3.4793732
-0.24312508
1.5254527
-1.8387711
0.1745964
0.2883314
-0.5820258
3.4958766
0.64892197
0.83729106
-0.12200916
2.2886758
-0.09741228
-0.59540385
2.2645333
0.3594614
-1.6739244
0.49765906
-0.98504084
-2.7429602
2.8038406
0.5952066
-5.0910783
2.0267847
-1.3956534
-3.325995
-4.348334
-0.4209441
0.91190344
-1.8447474
4.5126724
0.17998427
-0.88934416
2.0810652
0.91178715
3.1558638
2.6954703
-0.23809007
-1.557207
-2.0146663
-2.198058
-0.3131203
-1.2093849
-0.6413612
0.18258485
-0.5342004
0.22978014
1.6301546
1.3577993
2.0011399
1.4355353
2.5342302
-1.9262316
-0.63473415
1.3585076
-0.061595224
-2.8779564
3.5511634
0.39891213
4.122459
3.2891886
3.2131765
-0.77386254
-0.7751027
-0.9513724
1.090594
-0.21989217
-2.454009
0.94102556
-1.3634624
3.8858232
0.11748121
-1.4309927
0.51859474
-1.9332442
0.36117908
1.8901742
0.8844223
-1.7619958
1.1264133
0.2548385
1.9439241
-4.8612986
-3.0587883
-3.6573474
-0.9991883
-1.2758639
-0.1544646
3.4115562
-1.7192801
0.0762869
1.4565096
-2.8419018
1.8125384
0.3586062
-1.1935679
2.9756072
0.63710016
-1.6499015
-0.028098427
1.6252407
-1.4018279
1.9184456
-0.4968022
0.18680046
1.6958561
-0.98361486
-1.3686106
1.5488333
4.02355
2.149661
-3.2684665
-0.6770869
-2.5947974
2.4251928
-4.541497
-2.079153
-2.2587664
0.97482616
0.33558434
0.11442917
-0.4855528
-3.189635
-1.8538129
4.1008515
-2.3983521
2.654398
0.6008105
0.29802448
1.6433026
0.054378644
-1.720239
2.3214767
-2.2022297
2.2995462
0.3633898
-2.3898978
2.2538652
4.531579
-1.4889
0.8986959
0.6421502
0.5079855
2.2681646
-0.6993699
-0.20397118
0.1793834
0.045064613
-0.9011627
-1.1729066
-3.249536
-2.5295725
3.5179963
2.75471
-3.9772098
0.27930972
-0.15982154
-2.1457725
-2.3359308
0.52550715
-2.146614
-3.3835452
1.7190299
-0.9977857
-2.488678
-0.9447469
4.054533
-0.46848428
-2.0627718
-0.3191849
0.8821346
-0.60278803
0.5397532
1.4734919
2.1664374
-2.3534083
0.9820569
-1.280379
0.94472134
1.4619769
-0.8989659
0.71047306
1.5862454
0.5675542
-2.39644
1.0821159
0.80004716
1.3705302
-1.0157425
2.1577141
0.97800744
0.1260049
-1.8063027
-5.7452025
-1.4545403
0.38091114
-0.65997857
1.4493588
2.1201253
1.2829763
0.089046545
-3.4053147
-0.30896538
-1.0284916
2.057765
-0.46923888
-2.0238888
1.4273151
-0.7923687
0.29744515
-1.9830266
-1.9547367
-0.28273034
-1.9163784
0.90453535
1.9638543
-0.11717947
0.4317143
-0.046991006
0.8600641
0.04141174
-0.55253106
0.97084695
0.22794043
-1.4663804
-0.3059365
-0.31765187
0.4174774
-3.2421122
0.33605108
1.6199374
-0.69348216
-0.25383952
-4.8509045
-1.8119853
0.91026807
2.3662064
0.2968304
-3.0504215
-0.45614314
0.8737188
-1.2232959
-1.9112425
0.82255846
0.59990084
1.1008321
-0.47250015
-0.507827
2.525551
-0.9137227
-0.581048
-0.42117715
-2.903339
0.17482154
0.6863414
-2.2231889
-3.7926455
-1.9827217
1.186198
0.036302008
-0.5617188
-3.09352
2.461144
-2.4883845
-2.4936159
1.0392879
-2.5272446
-2.2655244
-0.70778716
1.962855
-1.6749887
-0.48126712
0.121001236
-0.48373327
0.85723853
1.4178746
1.2519971
-2.0060966
-0.40653402
-4.05915
0.39701372
-0.1905016
0.11952174
-3.169973
1.6537303
0.6375018
2.02627
-4.2107773
0.7467157
-2.1171064
-1.3119853
2.282054
2.927567
0.3160283
1.0424424
-2.5365043
0.62287146
-0.67812383
-1.4888699
-1.7032857
1.3226812
0.33275574
-2.5383263
0.43827146
-1.2419317
1.9533762
1.4666021
-3.5449328
0.98902315
0.35957462
-1.0733583
1.0665945
2.9059951
1.2490563
-2.603979
-0.80707484
0.48064333
2.3191056
-1.1665454
2.821233
-1.4665385
-1.1082444
-3.3927875
2.1801684
1.190304
-4.2471237
-0.8909874
-0.7975821
0.29066765
-1.7160677
0.81272167
-4.100021
1.2577721
-1.6817777
-0.9133058
2.9791818
3.8263829
1.1361804
0.14228398
1.7981522
6.6999536
-1.6213876
-2.3698843
-0.30446824
4.0437183
1.6786174
-0.64436555
1.1433356
6.0535307
-2.4200535
0.7621582
-0.4446849
-1.175491
1.8389702
-1.011405
-0.7614764
-0.7160758
-1.3063911
-2.637345
4.327179
3.5542052
-2.993711
1.9904541
-1.6313002
-2.4116395
2.5293162
-1.0524175
-0.9020916
2.081132
-0.3308121
3.3959527
1.8494503
2.5538092
0.15513313
0.8426136
0.36040807
2.7800443
0.77663577
-2.1958907
0.30885202
-1.833225
1.3027049
3.5767467
-1.5255015
-0.67916733
-1.330932
-0.8189089
-0.4282354
-1.5920731
1.5107247
0.6233314
0.91009516
-0.8963724
-1.207292
-1.4464037
-0.40092948
0.040572613
-2.3260198
1.7160852
0.98949045
2.048104
-2.6129184
0.031941026
-0.2742455
2.074928
0.8124154
-3.129565
2.0967152
3.774868
0.19684975
-0.103765905
-4.222137
-0.7238463
-1.9717338
3.8008966
2.230813
0.52216
2.1057227
2.3581932
1.5357052
0.58504844
1.085559
2.307448
-1.395508
-1.6851687
0.08476671
6.1270685
-0.9866267
-1.7024555
-2.4896483
-1.2453413
0.68619955
-1.4776611
-1.3243133
-2.9895887
-0.70029026
-2.9909582
-1.4030648
-1.8423992
1.9119473
-1.7082657
-1.8583282
-5.396616
2.6596432
2.1861339
-0.18150783
1.3538204
0.67887324
2.7044961
-0.40898043
1.0675024
0.0525749
0.07877808
1.0699829
-0.8640958
4.0290933
-0.32377177
1.9343556
0.06299595
1.6643099
-0.57700217
-2.275189
-0.53993446
-0.6963627
-0.14418255
-0.07648833
0.03442987
-0.943113
-3.5096083
0.2818017
0.24315715
1.740109
2.1120381
-2.1488132
-1.0501798
1.6717433
-0.49899215
1.07015
1.6370654
-0.37471575
0.29461476
3.515368
3.5610793
-1.0463183
-1.1316234
3.1272616
1.5233018
2.7475064
-0.8908629
-1.2014033
1.9291713
2.33899
-1.2797463
-0.9588791
3.1853862
1.3330531
-1.991226
-4.1439075
-1.4860591
-0.57288647
-2.818458
-1.3304222
-0.8589544
-2.2081995
-1.7408922
-1.4650874
-2.5866876
2.475955
0.47798324
-0.6859503
3.2425191
2.5248744
-1.1248219
-0.91504014
0.9392406
-1.6074206
-1.4710274
-0.7702995
-1.4138439
0.0374305
2.6151426
0.5675363
-1.2251794
-0.39473087
0.06719392
-3.416861
-0.5920521
1.6752119
3.057194
-1.5984635
-0.07104969
-0.8894148
-0.9943785
0.21783534
-2.0728784
0.53470665
-2.9057531
-0.18521842
-1.9574406
0.5791289
2.6001754
-3.5842788
-1.5238078
-3.290411
0.351894
-1.0482448
4.2925797
-3.4089065
-2.667369
2.0580373
-2.0494833
-1.624414
-2.5161278
-3.5958529
-1.038276
0.17395143
1.8427625
-0.5672007
-2.2604382
-1.9464447
-0.99632037
1.9147367
1.5974648
-1.6488248
2.9746563
-2.3495584
1.7314833
-1.3197111
0.89336467
-1.2284538
-1.777764
-1.3220787
-5.440087
-0.59065366
-0.16773725
1.2251686
-1.3456312
1.2062422
-2.5464969
-1.7554387
-2.2088356
0.52435565
1.1888338
0.90697896
0.69285154
1.5765206
-2.2128692
1.0997074
0.029421173
1.3545969
1.1392773
0.30503988
0.26796058
1.8427072
-0.14841579
-1.9674531
-0.8328369
-1.9534649
1.7890968
-1.8946269
2.6065724
-0.736591
1.5365723
1.4507486
-2.8974226
1.5634626
0.9546611
0.91162497
1.7555919
0.4302209
2.6608546
2.135063
1.4125717
1.7811985
-0.37354988
-3.8157868
1.1590316
1.7739828
0.19639853
-0.563764
-1.3955746
0.2615524
1.3321441
-0.57464457
0.9520978
1.2160536
4.5604053
-1.9486649
2.0180168
2.2104473
-3.2568998
-3.2879038
1.7627027
2.0682344
-1.9974254
-0.5914051
-0.24132931
-1.5145242
-0.46606728
0.6147823
0.11580006
-0.36299312
-0.92367387
-0.26555488
-5.4675984
1.5403843
1.4600703
-2.6584718
0.055471905
0.49705642
4.5337143
0.49421978
-3.1143243
-4.515132
-2.0711498
-1.9709966
-5.178996
-1.9009805
1.5011625
-2.9135585
-3.045252
2.7083318
0.51780164
-0.00639439
-1.4676242
1.0134822
0.25293046
3.3931549
-0.29811633
0.53848255
0.43813628
1.6769785
-1.3283435
-3.805679
3.1380677
-0.44678837
-1.2961379
2.978709
-2.5686438
0.60363775
0.07653624
2.433929
0.13649656
-1.2644707
-0.74424654
-0.30739045
2.7666998
2.7148361
-1.0738955
-0.71691996
2.7419116
0.4864971
-2.5764756
0.7005959
-1.6083783
1.5578784
-2.738324
-0.6668827
-1.1535056
1.2883466
-0.82365185
-0.75162655
-2.1632233
-0.99817574
-0.2945966
-2.3774877
4.262988
1.1593454
-1.2260114
-0.1881868
0.8068479
-0.62798375
1.8259718
2.7649837
0.19897637
-0.6476642
0.1624595
0.7551668
0.20148566
-1.5641481
2.4333887
3.198023
-0.44876993
1.4978043
-1.8211848
0.9096576
-1.2523674
0.4408125
0.9485576
-4.0391355
-0.802344
5.1028695
2.3391511
-1.6221904
-0.2046555
-0.9325537
2.7310212
1.1677389
-4.747956
-0.99388206
-1.555701
-3.43043
2.1876957
-0.52341264
-0.40299016
0.2407698
1.8634671
2.0958805
-0.9295605
1.23017
-2.1015255
0.68896234
2.343854
-0.12133157
0.32367933
2.101451
-0.6635541
-3.4408858
1.6703374
1.6209936
0.32240498
-1.0965582
-1.0010308
1.9310164
0.55188996
-2.3856652
2.6735084
1.0087763
-1.2106566
0.69222695
0.84339887
1.1395607
-1.5052431
-0.4376065
-0.53696513
-0.16030225
-1.0440328
2.6980505
-0.9569414
2.6334288
-0.13795051
-2.180076
3.3675063
-0.24025968
1.008765
2.04923
-0.26479152
-1.6532162
-0.30427244
0.38679504
-0.16316053
2.209999
-1.0022699
1.1954205
-1.5570465
-1.4371922
-0.92179215
-0.5972908
-0.061841175
-2.1569285
-1.7911414
2.7098234
2.1753545
-1.5319394
1.3834761
-1.9833351
-2.198601
-2.3178418
0.79814893
-0.8877939
2.3166797
-1.557873
-0.2983823
3.0610318
1.245806
0.5779636
0.15717229
-3.1677966
-0.8416421
-0.55405223
-1.1014756
-0.099220075
-1.2926892
-0.62782556
-4.3323584
-0.12523271
0.3564277
-1.7037432
2.25681
3.0491505
-0.34686992
-0.19878073
2.311809
-0.009726636
2.3102472
3.6592526
-1.1475075
-1.1537796
2.0586576
0.73466176
-0.8868781
3.3208356
-1.5961413
-1.1041963
-3.71032
1.1048889
0.24725349
-3.5585442
-0.8866731
-0.45881337
0.20746413
1.5618222
-2.28983
-1.0006152
-0.19448239
-1.6272064
1.7364969
1.5715224
1.6199434
-3.0296142
-1.7916142
0.29698244
-0.64961135
4.0035505
-1.5017992
-2.2527535
-1.9348798
1.1726276
-2.693704
2.3053365
0.0573229
0.6585828
0.26043534
2.9194524
1.0167602
-0.8048658
1.2039262
-0.29078275
-0.6214081
-2.452228
1.5356797
-0.7467657
2.878195
-0.3742489
1.7717421
-4.1550364
-1.4976536
-0.4992472
-1.5890485
2.41794
0.28300208
4.295741
3.3885791
-1.1242299
0.3470119
-2.2960863
-0.7542607
0.8254923
1.6340036
-0.59428155
0.63008004
0.2386302
0.82968986
0.9744442
1.1379541
-0.7310334
-0.7695865
-4.8812504
2.2507012
-1.7980404
-0.6146051
-1.7372507
-1.4062296
3.4590905
1.4346038
-0.58255696
-0.12122809
1.5602517
-0.65506536
-0.91636264
0.6410956
-1.6532825
-0.42427245
-1.2614924
3.386117
-0.39354697
-1.0647992
0.54350257
-0.29141295
-0.81681514
-2.8589046
1.8164303
-1.6860923
1.1660123
0.4851843
1.2390883
0.93027395
-0.5593804
-2.6106873
0.9722937
-0.5671509
-4.5606985
-2.2272518
0.5349005
1.8610705
0.014640547
-0.35424754
0.52576625
-0.88468903
-0.87007177
1.097193
-2.890379
2.16273
-1.1571668
-1.2205616
0.11330751
0.2604155
3.4512022
0.1134059
-0.24482614
-0.16549172
0.40038118
-1.0511698
0.97534543
-2.627252
1.0298947
-4.9346175
-0.7383383
0.7316505
3.4272852
-0.6236413
-2.5373218
-0.7841032
1.575282
1.5874312
-4.3307714
-2.8422363
-1.7356232
1.842804
2.7956307
1.8152552
2.3840504
2.609786
1.4911768
-1.4725682
-2.6480346
0.5905067
1.4164598
0.1248682
1.9617317
2.6731813
0.52859485
-0.46775436
-1.5227463
2.2138586
0.7729993
0.89000714
-3.4974267
-4.491576
0.7410734
1.593237
0.6245948
0.53480506
-1.6315435
-3.093156
-2.0728652
3.8700602
0.45766157
0.05130078
4.019455
-0.15537122
1.0401039
3.2498875
0.2833199
-4.2186446
-0.115540825
-1.0435295
1.473811
1.3571622
5.180899
-2.0744193
-0.6202126
2.0093396
-1.0283152
-1.5509917
1.8050069
-0.879261
-3.574773
2.5230618
0.101079755
-0.2920217
-1.7910686
-1.2347736
-0.21012008
-1.5638148
-3.2418027
-3.191692
-1.7269644
1.7797284
-0.822109
2.6893697
-2.8818834
0.40329447
-0.38670734
-0.43813866
1.1902359
0.9616891
-0.7526774
-1.7073752
-0.15885313
3.052844
3.5135806
0.023129262
0.0796277
1.62355
-3.9960709
-1.6903216
2.630174
-1.0213046
-1.264184
-0.83752066
-0.789123
-4.163501
-2.663251
-1.3600708
-2.028483
-2.3819914
-1.6076117
2.338809
-0.085650675
-1.7988882
2.4179933
5.026851
1.5553529
-0.60022795
-4.195062
0.77364594
0.009137232
1.4722697
0.05235838
0.9065812
-0.6151548
-0.7588153
-0.85397017
-1.2908664
1.4250739
0.3396207
-0.47062567
-1.208538
-0.5234232
-1.6874694
1.722768
-1.6498352
1.3760736
2.1437354
2.1070588
0.395876
-3.091176
0.959785
-1.9487435
-1.2762388
1.5087413
-0.7188017
0.9714202
-3.0121062
1.5006481
0.6007749
-2.2426767
-0.7125399
1.1025807
1.5243949
1.8088443
0.74068797
-2.1518085
3.345006
-0.13077715
-2.4143546
3.9080594
5.904099
-1.8119715
0.911162
5.7829604
-0.5614225
2.013251
1.0019177
-1.2715018
-1.9970455
-3.983912
1.8815749
0.081860766
-1.8060962
-1.050743
0.59956115
-3.2534811
-0.46969417
2.1692917
-0.92559016
0.74060464
1.8684518
3.017338
-1.2627304
0.13634007
-3.5047777
0.5784583
0.43769804
2.6878402
1.1028328
1.6764182
-0.9546908
1.2086513
-1.3579217
1.6164283
-2.529122
-2.098711
2.405592
-1.4597858
0.65254825
-2.4024606
-1.596905
-1.469765
1.0886716
0.31292072
-0.51342875
0.30469912
-2.1726975
-0.049367353
0.16742264
0.9223091
2.4096262
0.05939102
1.5687795
-1.3094988
-3.0839496
4.0278625
1.4427466
-0.30087924
-2.908703
0.13618796
0.3449633
-1.6883144
1.8028222
-2.3180888
0.2715798
-0.5688929
0.6583182
2.2676768
0.3334636
-1.8381672
-0.4751439
-0.2402196
3.747096
2.3363655
0.66183466
1.219717
0.012111496
-0.91949284
0.47564226
1.3986143
5.062426
-0.1152147
-0.1595501
0.96832234
0.005464524
0.028477065
3.1882255
2.021315
-2.3363178
-0.18238354
-3.072401
-1.2958058
1.0013676
4.569028
-1.9092401
-1.0249566
1.5254498
-0.045824997
-1.9197445
1.015251
-0.6340602
-2.0588906
-1.2661378
-2.202079
1.6265341
0.3872857
-0.05148394
-1.2680099
-2.209544
-0.5875736
-0.39453247
-2.673392
1.6373572
0.5136182
1.5147501
0.84909004
-1.0019538
0.70868415
-2.6238234
-1.9911424
-4.2259364
0.12501185
0.34484115
2.0293832
0.43608385
1.2378944
-2.2088284
0.058023676
-0.13775375
-0.3192802
-0.7942711
3.4195576
0.39193895
-2.6278234
-0.032226577
-3.0811937
-0.17179734
-3.0490143
2.911746
1.930402
0.94940215
-2.8245018
-2.1099265
-1.0967649
1.8219523
-2.0477362
-1.0627593
0.642448
-0.4883003
0.1643753
-1.579926
-0.21927252
5.6594086
-1.137523
-0.8028534
-2.3441546
1.2054691
3.3571362
0.2829983
-1.4664968
-2.9496856
-2.1883416
-2.1452985
0.01572201
0.6441043
-2.2721753
-1.1943479
0.7921281
1.4007974
2.0479848
2.0793016
0.8347778
-0.69039774
1.337583
-0.82171583
-2.034741
-3.2429802
-1.7119792
1.1078401
0.6287408
0.91184354
0.61653864
-2.8825393
-1.3886222
1.2725573
-1.3471464
-2.1640964
-1.7126105
-0.5241611
0.61805165
2.2700827
0.8872033
2.5459893
-1.6472156
1.7383771
0.17143127
2.0967698
3.8104205
-1.8902823
0.050895102
-0.8293442
3.3705466
4.7522273
1.5331075
-0.47718883
-1.9570389
-3.126755
1.2891926
-1.1653581
1.1300949
0.30541757
0.95356935
1.7952278
0.70134616
2.4277685
0.70939237
2.0734887
-1.2469102
0.4461753
-0.75882053
-2.8620446
-0.7284322
0.19033322
1.3992614
0.41159484
0.6446103
0.46858332
-4.248645
-0.22614822
-1.336746
-0.49987102
-0.53940904
2.4878774
-2.186743
1.7517738
0.41505146
2.1538966
-0.49916607
0.4300421
0.065236405
0.26515228
-0.54793185
-0.6864732
4.727979
-0.7922476
2.4604917
2.135404
-2.469409
-1.5447307
-0.94697505
-1.2969594
0.2801214
3.674204
-0.6164523
-0.09144025
4.708635
0.21005139
0.51173526
3.442389
0.49008074
-0.17341417
0.91766274
-0.85208184
-1.5309651
-0.32516593
1.0005145
2.1729555
-1.1095625
-1.3546175
0.18358544
0.9338976
1.1951357
0.3523134
1.2747753
-3.5343506
0.42591158
0.46093512
3.427168
1.2780441
-1.8817866
-0.17563745
-1.4296105
-0.5233494
3.831314
0.6919457
-1.1224148
-0.888898
1.5190313
2.357891
0.678523
0.5427956
1.9923025
1.1731783
-0.1895253
2.7463396
-3.0284152
-1.2084
-1.6797229
3.2462165
-1.0790237
-0.74361324
1.6123827
-2.7148817
-1.0454092
-0.43176967
0.69299614
1.7923521
2.0586123
-1.6701193
0.45452768
-0.73892
-2.3610952
-2.9330375
-0.08171957
0.024081655
0.5652145
1.0545233
-1.1589296
-2.5746083
0.25545233
-0.6673543
0.69454885
-0.0045037232
-1.1653119
1.602515
-0.6095995
3.2934227
-1.0565668
0.904077
-1.3067935
-0.8403546
0.39073962
1.2840854
2.5971556
-0.14618477
2.3195868
-2.8622944
-1.0800892
4.302023
0.8492577
1.7428778
-4.7435155
-2.4016886
-0.23779328
0.21159975
0.8943391
0.9161742
3.4646254
-1.4628808
-0.8318243
0.11828031
-0.70567816
-0.079706095
-2.1371708
1.5385584
-0.37460515
3.5573626
-0.6592424
-1.2799206
2.998145
-1.6184778
-1.0148534
-0.8508192
1.0007662
1.6538851
2.609562
3.7532277
-0.66117924
1.508905
0.36115146
5.4311643
-1.2924699
1.2395651
-0.772177
-1.6812518
0.32650337
-1.0442591
-2.5568445
-1.1322914
-1.3654102
-1.1896063
-0.67339766
-1.0839818
-0.33465025
-1.6955266
1.0142853
2.393607
-2.988744
-2.6819048
0.026890378
1.0689031
-0.73835397
0.34002697
1.7531012
-1.2310662
-1.4385985
-0.102339886
1.4667782
-0.70161825
3.356039
-2.4013684
0.34674245
0.53049105
-1.6312402
-3.3081093
-0.058748282
2.4346514
1.5054768
0.9087367
4.4904437
2.4327493
1.8075528
-2.7895193
-0.8101664
-0.16799304
-2.7993402
-2.9104838
0.6532621
-1.820864
0.71091825
-0.845451
-5.065179
-3.2615085
-2.910921
-4.74698
-3.4741344
-2.0959432
2.9439468
-1.3573838
-2.6805995
4.4909673
3.8240445
2.9971085
1.7255002
2.430493
-3.6669154
1.6510572
1.2885469
0.3542328
-0.161939
0.7109027
-0.09738755
-1.4871991
-2.0893097
2.5032053
3.0625448
-1.2680653
1.9289808
1.9120911
0.8033571
1.6279299
-1.4382192
-0.71454424
0.86076885
0.17800604
-2.3897452
0.12398264
-1.2298915
-0.7266084
-2.7562597
-0.58909065
-3.2830539
-0.4882808
-0.38789892
0.34769553
-2.0153883
0.04899759
2.8214533
0.77473813
2.0567303
4.800593
0.86237013
0.95245373
1.4751729
3.1891022
-0.5678315
-2.078819
0.15372641
-1.3907372
-1.5600393
-0.77120197
1.538412
-1.5936898
5.242693
0.93357253
1.6270058
-1.5937724
-0.63218755
-1.142176
-0.34060594
2.3776805
-0.8559772
4.976323
-0.8852205
-0.59016097
3.4980822
1.2646575
0.40550315
-2.9745803
3.72108
3.337517
0.32810742
-1.6503563
-1.4206945
-0.316016
1.1455125
-1.2463248
0.93387
1.5027581
0.70547
1.4707373
-1.1756554
0.7540609
0.21254279
-0.0045799613
3.2613187
-1.6775757
1.3808935
-0.806956
-0.85495204
1.2829715
-0.31842706
0.13964882
-2.4785256
0.5713898
1.153076
2.6845255
0.31433052
1.5327423
-2.4687166
-0.853992
-2.0235002
0.897861
-1.9829105
0.5001645
-0.13430151
1.1334165
-3.575018
2.9424558
0.20166281
1.5337013
-0.010122858
1.023891
1.3590211
-1.1794007
-2.389935
-0.10221633
-1.8230865
-1.575284
-0.9276333
-0.6560683
-1.872155
-2.0518608
-0.070094585
-4.393652
1.4165434
3.9896262
1.5076665
-1.0848883
-0.5400307
-6.535343
-0.07230461
1.6459047
1.589487
-2.2356017
3.134912
-0.39492
1.3491824
-1.653385
0.5787079
3.6005547
0.8061967
-2.0033035
2.4538753
1.1503983
-0.58482134
1.0957868
1.0725845
-0.5764184
0.88064903
-0.97711056
-0.6303723
2.2546046
-0.7094904
-1.8505273
-1.531418
1.7809174
0.5432611
0.015026912
3.07683
-1.1154636
1.4154068
-1.2544084
-2.1587434
-1.9570624
-4.115553
0.52158916
-2.0323195
-0.53352636
1.0338176
-3.0365133
-0.9077928
1.9371054
-0.18893942
1.2217976
2.3239706
-1.2894655
-0.46384105
4.2038546
-1.3719957
0.5532075
-1.3618287
-2.063193
-1.9053484
-1.5234054
-0.88090444
1.3070508
0.62139016
-0.119313546
-1.770771
2.0959215
-2.782799
-1.3754475
-1.4646683
-3.0754924
-0.21341239
0.87545365
-1.0032524
0.7081585
1.0633281
0.65419286
1.0252489
1.7127783
0.36538848
2.6659653
-1.9429904
0.39970917
-0.77228457
-0.5908916
-0.98661774
1.2141235
1.0464178
2.3727915
1.9326028
1.0761927
0.5890349
1.1958326
-4.5148034
-0.6852132
-2.4797518
2.7139719
0.4453063
0.124964975
-0.99905044
0.2435883
-1.9339283
-1.0835825
1.0559807
-1.7280694
0.05636993
-3.2544625
-1.921364
-1.337854
-2.3643053
1.9850832
1.4235535
-1.3825412
-0.6977842
-1.2124316
-2.6927154
2.4350777
2.2776065
-0.1457594
-1.1779089
-2.6301277
-3.0831935
-0.3145014
0.23247041
1.9990157
-0.0052617416
2.218921
1.0602305
0.9036692
-0.2139273
-0.10388876
0.91321564
-2.199513
-2.4319718
2.3832512
-2.0302458
-0.11514768
2.6230674
3.5705945
-2.1465898
-0.50727886
0.058838576
0.927525
-2.610767
0.3683506
0.17831062
-3.3913398
-2.032995
-1.97966
-0.04631427
-3.425967
-2.436657
0.4925614
-2.478249
2.2026765
3.4647112
3.0674424
0.61659896
-2.2729943
1.1860014
3.4524386
-1.2990416
-2.1467674
2.5977921
1.7787471
0.8655376
1.4253181
-1.2285578
3.291327
-2.1938198
-3.2234278
1.1659284
-0.095800124
-0.31752658
0.30119175
-0.04121521
2.4023106
-1.1245009
3.5044947
4.2494087
-0.6945143
-1.2063274
-0.42587748
-0.7954575
0.6832882
-0.023333471
1.541962
2.8275034
-1.9782921
3.6089401
2.0059035
0.96944886
2.4849012
0.31834808
-1.9737221
5.4675097
-2.5581095
1.5387423
-2.5058734
-1.3411045
-1.1492262
0.14945257
-1.5967085
-0.8566096
3.1299694
-0.8857471
-1.6471697
0.86987287
0.4584736
2.0980597
1.9858657
-0.63224804
-0.14521238
1.6387336
0.93972856
-0.4730122
-1.2762741
2.147581
-1.134175
-1.0688175
-3.4419124
0.32271048
-3.6771505
-2.576328
-0.27645826
-1.9170594
-0.096798636
0.549633
1.0156251
3.9624944
2.939092
1.2628971
-0.6266685
-2.9548073
1.7925506
3.614855
1.2854835
-0.5747438
0.8225033
-1.709515
0.37215182
2.7839057
-0.25370914
3.3796458
0.3414719
-2.509464
-4.2874913
-1.4256985
0.71034724
-2.5916204
-1.9089564
-0.6889521
-2.4493616
0.4727859
0.12536442
1.1415371
2.4789853
-1.3812739
0.6401619
0.8703708
0.7652379
0.10443123
-3.53014
1.1304106
-1.5117682
0.014512662
0.55602396
-1.5856136
3.13883
-0.91881937
-1.5267367
-2.2142506
-1.4223182
-2.343495
-1.4775196
1.2951394
-0.50484014
-2.2751584
0.26026326
3.3367076
-1.8057773
-1.4201869
0.62234634
-2.0784352
1.5498954
1.7504847
-1.4193475
-1.6770604
-3.0592752
0.6976486
-1.7514051
0.92371184
-1.3341715
2.847278
1.2945998
2.2603168
-0.5384766
0.43317115
1.1209373
3.805036
-2.0619957
1.796125
-1.1916598
-4.7109995
-4.770693
-0.87508196
-1.1631902
-1.2928715
3.023669
-4.2362633
0.038767617
1.5932894
-0.7731447
-0.8191143
-2.0042875
0.41234624
1.7994895
0.89031065
0.21332504
-2.6926823
1.5099237
0.6642608
1.4405518
3.5257323
0.4698676
-1.3210456
-3.7727365
-3.1856995
-0.8635229
-0.98674196
-2.8529587
2.1219227
-1.7653875
0.6127302
2.1599753
3.3975194
-3.2751431
-1.5081367
1.2150508
-3.5742598
0.23252004
2.4760613
1.072801
1.7293246
-2.862954
0.29664648
-1.5067636
0.17736694
-0.3558204
-2.8431172
-2.6496458
-1.4191164
-1.600374
0.6238732
0.6568814
-0.6638681
-2.0314882
2.5656486
-0.050234053
-1.7926751
4.199218
-3.606612
-2.079206
-3.4565835
2.5595553
-1.311332
1.4812733
0.6053567
2.4618957
-1.782764
-2.2933586
-0.059407964
0.70232916
-1.2734821
0.026058786
-0.40613717
2.7801423
2.8457842
-0.53522915
1.1307899
-0.4407625
-1.603716
0.35840124
0.68047166
0.32704934
-1.9444922
2.467696
1.4648156
0.09677623
1.2930603
0.2781086
-0.5591099
-0.5609121
-0.02425377
-0.16533491
0.21083629
-1.2084829
-2.031747
1.0348258
1.7205561
2.398413
0.7729625
-1.6481892
1.313329
-0.59331256
0.4575963
-0.8379405
0.6542911
-1.9801493
-2.7133043
2.1251695
0.03828
-0.7427708
-1.0587339
0.69380367
-0.017346598
-2.5864267
0.8135931
2.849207
-0.9402805
2.4407651
-1.9645665
-2.353249
-0.98446065
0.8675077
-0.47352216
1.2600881
1.917654
0.22167405
-2.3070168
1.9186337
0.24128455
-3.2341094
-1.7371404
2.9649386
1.2248642
-0.57959104
-1.1305622
4.1688356
-0.5726886
1.672428
-1.7072347
0.9274938
1.0010641
-0.6606379
-1.3286064
1.6603615
-0.64830333
2.844867
-0.9770423
1.4241114
-2.7995923
-1.1145409
-3.2603006
0.5781221
-1.732613
-1.260135
-0.043940857
-1.8884681
-1.790035
0.397421
-2.0135014
0.5677799
0.16433355
-1.4121002
3.2705843
1.7041359
2.6529267
0.281308
-0.01677271
-0.54627204
-0.36395207
0.82106256
0.3565478
-1.1876991
0.19966011
0.65768474
0.142177
-1.4412807
0.7921051
3.0733778
1.4686273
-1.6289002
-0.43746376
-3.3938868
-0.7171447
-4.017832
1.3691492
3.353908
0.6787412
0.49761754
2.7383733
0.84881574
-2.1395214
1.4251578
-2.9152408
4.1443815
0.65066963
-1.0828589
1.9354851
0.8061175
-0.19385836
3.1564033
0.7011074
-0.22729002
-2.3968117
1.2161095
2.3215044
0.42130625
3.171692
-0.9027763
1.5297875
0.75070554
-0.8491894
2.5996952
0.82791954
-2.4268303
-2.127961
-0.36826664
-0.2908876
3.2711847
2.452328
1.8652095
2.9428287
-0.2897526
-1.884207
-2.3583024
3.473558
0.35579315
-2.4393194
1.1739753
-1.4870077
-2.4446778
1.8869497
-0.4755044
1.8909273
-0.66780794
-4.3227186
-4.2066555
0.9231963
-1.3277979
0.5852847
0.8041074
2.284851
3.1181467
-0.4298805
0.54884964
-2.8054461
4.414797
0.8139003
0.50431883
-0.15011728
-1.5877432
2.1915371
-0.30915022
-3.2752438
-1.8449506
-2.882211
1.4983301
2.68982
-0.8291503
0.24147668
4.435665
-1.3018545
2.549546
1.1800841
-2.717657
-0.7602841
1.8040122
-0.88852865
3.202689
2.4918349
1.1586509
3.049007
1.3515669
1.091568
-0.27486402
-2.655713
-1.3766793
-2.7517738
1.3274432
1.494652
1.3139518
-2.6242926
0.24480802
3.536568
-0.12221662
-3.5253675
1.953862
0.371782
1.3988198
-0.53615093
-1.2779675
-0.10555944
1.8961364
-1.8068818
-1.3408659
-0.20554858
2.164589
-1.0776261
3.342506
0.3220826
1.2489314
1.4545649
-1.5044562
1.2101451
-1.1222105
-0.5120531
0.30061695
-2.2397115
4.1393337