Glasa
0
-0.60112184
-1.5762149
-0.4963286
-1.826349
-1.8817519
0.90049434
2.3841953
4.6218877
0.55480534
1.416933
-0.68186903
-0.96171546
-0.9458995
-0.85181147
-1.299794
0.8857994
1.1211969
2.2318037
-0.07886163
-1.1575593
0.87669575
-1.2384723
-0.42527786
1.3112193
-0.9573555
0.73491806
0.21341908
-0.07809231
0.39006793
-1.3884766
-1.6436551
2.6940494
2.814993
0.24307087
3.5864658
-2.0941498
2.2858787
0.5758776
-0.66001046
-2.4446595
-2.8196745
-1.3563992
0.48610133
2.0103571
-2.318981
-0.09373427
0.6286599
0.9609471
1.228244
-0.6057258
-0.5204537
-0.834017
-3.779891
0.01661583
1.2562395
-0.019512653
1.3616817
-1.4462539
-0.08168787
-0.438503
3.4952533
-3.547059
0.8588677
1.4728631
-1.3364589
1.8522122
-3.6563916
2.1204512
-1.5570815
-2.0059652
0.81428206
-0.6194225
-1.4249218
1.0483708
-4.822565
-0.21750169
0.6045191
0.20083436
-0.9274953
4.4618196
-1.5902388
-3.6119838
1.9047055
1.1639246
-0.5895254
-1.0376811
2.1228716
-2.1023922
1.2451824
-0.37749305
-0.6281538
1.8293098
-1.5341971
-1.662713
0.43047523
-3.010491
-4.442758
1.8528533
-2.9151387
-1.4999973
2.1190634
0.919217
-1.9491385
-0.9026812
0.15647055
0.2568252
-0.305121
1.1573035
1.2480613
1.2335153
1.8965464
-0.08913222
-1.090571
-0.73410624
-4.4827676
0.15340415
-0.42205942
4.072307
2.261399
2.3975782
1.1896858
0.31508693
1.7385694
-0.32801443
-1.1733807
-0.7279424
0.35332945
5.0332603
-0.38783658
-0.47256815
0.10479903
-1.3690073
1.058324
-1.8184791
3.5141253
0.34260386
-3.0384617
0.0913173
-0.1898588
-0.7149151
0.16915335
3.6214497
0.31721
-1.0197784
-0.12704271
2.2582724
-1.2992556
1.7909184
-3.092296
-2.23275
-4.280299
-2.6987352
-0.8268456
0.9555026
-0.91377264
0.33769336
1.1051393
1.7328544
5.1082387
-0.6398322
0.105779305
-0.3480487
-1.6408365
0.17859232
-2.0597143
1.4365612
-1.088296
-0.31658375
-1.4187112
-0.108797304
-2.929758
3.5815856
-0.18289797
-3.0491128
2.0217257
-1.7951145
-0.20575812
0.36898986
-0.19011763
1.2177582
0.9006394
0.004276857
2.2840579
-2.3160796
-0.76237756
-0.048712604
3.3009253
-6.4234905
2.0413716
-0.8782493
-3.1428537
-0.32764575
-1.076146
4.7151685
-0.23891339
-0.26190075
-0.20572531
-1.7430067
0.7801345
1.0337069
-0.7919886
0.77601653
3.3852577
-3.2420213
1.4225543
1.5089737
-3.6051786
-3.6749177
-1.9537483
2.2990894
-3.0614562
-1.8340528
-0.5403882
0.5718459
-3.487653
1.6419959
0.35017344
-0.08265382
-1.755164
-0.42571712
-4.176383
-1.5330925
-1.1049751
2.1947281
3.077397
-0.3731636
2.6843863
-1.1328976
2.6474485
-2.628921
0.3504425
3.314818
1.6102831
-1.9095335
1.7666259
2.4991958
0.7252787
-0.16391589
1.2587379
-0.7467437
-2.7214713
0.7394501
-4.4055967
1.2291571
-0.94676125
3.7690594
4.795735
1.7935499
1.9993854
0.64695144
0.46582654
-1.2382329
-1.2293925
-0.9444803
2.4044998
0.46203047
-1.4326094
3.1430488
-0.8576509
-4.39859
-1.9246614
2.1243856
1.4272728
0.25861922
2.1196582
-1.0531986
-1.1918519
-1.4146329
-0.32165295
3.4166613
-0.24301867
-1.2070025
4.0491605
1.1396503
0.97173977
3.859161
0.05287195
-1.1639184
-0.5336105
2.5292945
-5.711851
-2.8885484
0.32376996
2.622414
-1.5828601
-0.40764695
2.499522
-0.30800262
0.57455957
0.80018234
-0.6388379
-0.6573073
0.7263411
0.07898321
2.2637453
1.3489673
-2.6173615
2.0258124
3.422379
0.7881606
-1.0250636
1.9088767
-1.5336192
2.6923594
1.0056392
2.7618973
-0.2832418
-1.6741158
-2.804541
-2.1059363
-1.6339573
-1.4201157
2.429205
-0.15535949
2.5825784
-2.3788939
2.7790864
1.4036958
-0.38194522
2.196373
0.9985698
-0.480835
0.19868451
1.5115098
3.3042579
-1.426402
2.4591584
1.1738762
-1.3267465
-0.2924177
-0.30540666
-1.1001383
1.2246809
0.46307775
-0.2542033
0.6052571
0.18635991
2.4796863
-1.5889467
-2.0362723
3.3374624
2.5121517
-0.5521882
0.8990913
-3.901572
0.54112583
1.7750062
4.1040125
0.8201131
0.94007736
-3.2287822
-2.1758401
0.087404765
-2.8969574
0.052486397
2.2513447
-1.0313534
0.68586046
0.9301
-2.0015867
-0.058811203
2.6412077
0.40054053
2.3788178
1.272983
-3.5079212
1.2402912
-0.7317724
0.8325222
1.1827339
2.4636912
-0.10157295
1.0398542
2.8484662
0.48911795
-0.10541328
0.66318566
0.02826073
-0.18547094
-0.8576912
-1.9509565
1.1825701
1.1908187
1.2782719
0.5176491
-0.63212335
2.0029123
-1.2050561
1.8459706
0.93556106
0.038777865
0.6868177
1.1338106
0.18876708
-0.9287574
1.7690349
-1.8388994
1.4188383
-0.36733982
-1.7257633
0.6986388
3.0414777
-1.5386412
-0.6812096
-0.19178063
-0.9466506
2.9223177
3.0196848
0.35049886
1.0427208
0.5570749
-1.2218876
2.554255
3.5389354
2.5128202
-0.9058839
-0.56500137
5.261048
4.1046867
-2.4802413
-0.7260713
-1.053963
0.9887107
2.0187142
3.1574717
4.2931848
0.79819804
-0.68507034
4.5925975
-0.18049082
-1.036309
-3.9974518
0.32109582
0.1568642
-1.5618052
2.2210307
-0.8552194
4.1017456
-0.6075644
-3.2552767
-1.7458397
-3.7300272
-0.8667798
-2.1443183
-1.1419513
2.3933716
5.2341967
0.49235022
0.53959125
0.5978231
1.798639
0.34018654
0.8858758
1.40582
0.3398767
-0.020687774
-1.3319975
2.9043744
-2.529903
1.4056103
-0.53552425
-0.1579329
0.48536727
0.46348974
-3.1575792
-0.5324682
2.9942837
-0.50095594
1.3779513
-0.110045046
2.9104578
-1.5310941
1.6738064
-3.0087647
-1.7365011
0.58180207
-1.7026694
-0.6228565
-3.8505366
1.6647303
-1.1552973
1.2810981
4.3185654
-1.391712
1.1612545
-1.2767482
-1.0730523
-2.5385044
2.3268967
-1.0473975
0.7391714
5.436833
-0.9444104
-0.62883574
-0.9028268
4.1100826
0.4425252
1.6621743
-1.8354046
-1.9740244
1.0033137
0.46774402
-0.4224196
1.0241548
-0.14053187
1.9819814
-1.0755367
1.2777215
0.9608462
-4.172643
0.7668936
0.77710205
-0.40008575
-2.3206308
-2.0033176
-2.6940637
-2.568474
2.1787913
-0.2945115
-1.4865955
-0.67075485
3.258042
-0.86548483
-1.7430558
-0.95590323
2.5495167
-1.4319605
2.118577
0.58222216
-0.07886758
-1.0566226
1.1248032
-0.008747213
-0.45363772
1.5017138
-0.06348274
-0.44433612
0.2642949
-0.022263508
-1.01153
-1.1351905
-5.670686
-1.4799807
-0.28639603
3.2542217
-1.9759496
4.70694
0.47571778
-0.11351305
3.1466467
-1.8427249
-1.3620768
1.5424705
-2.069725
1.8800734
2.1613038
-1.4603295
0.56959844
0.1569624
-0.7431567
0.11372879
-2.4459023
2.757268
1.852556
-0.4967609
1.2917061
-2.0664678
0.08967062
-1.0598997
1.0651107
-2.890852
-0.44754872
1.192087
2.536003
5.09151
-0.28970337
0.7549392
-2.7509222
1.6073118
-0.10188682
-3.0021205
2.1065216
0.86853635
-0.43203735
-1.2303851
0.20980117
0.25853342
-0.18427122
-0.07091789
3.3493495
-1.17282
2.277649
1.2335218
-2.2499747
0.6089305
-0.7651183
-1.1291966
4.625435
-1.2061079
2.2641351
-1.1713518
1.373239
-3.713694
1.5876905
1.0259229
3.5454354
0.9538525
3.531724
-1.6584785
-0.35002697
-0.025891848
0.9469781
-0.7779281
-0.9218629
0.75989515
0.30723676
2.2358747
-3.0324593
-0.7391145
-0.62466776
-3.061894
-0.10597861
3.3178687
-0.6878408
0.55860126
-1.1748736
2.40042
0.30122524
0.5577803
-1.0773218
3.4574838
2.261756
2.3158355
0.18253285
0.086540535
0.6783902
2.6603422
-0.65498495
-0.75004894
0.3216503
0.061125547
1.152014
0.2586604
-1.3299043
0.6221884
0.1346865
2.3691065
-1.0697947
0.58465344
2.6495485
0.6026186
0.0049141347
-1.7308638
1.9023004
-3.2210774
1.1442755
1.1036747
-1.1279547
-0.47061244
-0.031744897
-0.8368362
-0.11160712
1.8671423
-3.8621895
-1.8316202
2.9286568
-1.0872259
0.9686705
-2.55336
2.716778
-3.057644
2.0434895
2.556118
0.45826384
0.41353682
0.005174637
0.70629424
-2.3552108
0.262519
-0.29959917
4.807385
-0.5856811
3.9678392
-1.5196493
0.06722531
1.7002233
-3.6709242
4.556192
-0.38429892
0.29318276
2.2648983
-0.932409
1.057475
4.400266
-0.6650463
-3.0176828
0.18875152
-2.4381216
-0.25285608
-0.8951292
-0.60269934
1.6332392
0.49171072
-2.3084543
-3.323177
2.8063138
-1.4656531
1.639268
-1.967028
-1.0907224
2.872212
0.72279984
-0.79409164
1.8775107
0.46436837
3.0274255
-0.044429556
0.959844
0.57737744
-0.8210403
0.47564107
0.27052838
0.28752884
1.034988
-0.7451797
-1.8930202
-2.9062173
-0.517043
-0.6827377
0.76440966
0.58673435
-0.7063093
-2.5984936
-1.9656594
2.6729124
1.1496009
-1.4038457
-2.1378229
-1.2803609
-1.2242286
-0.19342157
0.276647
1.2313458
0.06813383
2.078811
1.4777821
0.7522221
2.6760023
3.1979413
-2.6864495
3.9525266
0.41392553
3.5611727
0.53170955
1.6644418
2.0518856
0.5426444
1.517935
0.58566207
3.1261706
-0.7197642
-0.63065463
4.1623726
1.0427364
-4.5213027
1.3724759
2.0796995
1.1915599
0.36336714
-3.0711815
-1.1402518
-2.3806632
-2.4236479
-4.9446926
-1.1845853
0.61427623
-1.0280479
1.2053237
3.658278
1.5683777
0.6506594
-1.9888134
-2.2449665
-1.4688894
-1.6476352
1.1675727
-1.3861685
1.4034309
0.45899275
-0.2535461
-1.3744699
1.5555643
0.9831215
-0.86601186
0.6238446
1.4889566
-1.7082516
-1.9665458
1.6716908
-1.0327383
0.4612746
-2.4193347
0.8210284
-1.8231744
-0.82686114
1.9788351
-0.91400564
-0.35318407
2.8876503
1.0636725
-2.255149
2.6471043
-1.4854926
-1.0999384
0.63908225
0.7843789
3.0741687
-1.6152003
-2.1428082
-1.9884009
1.0383058
1.631927
-0.6491926
1.23587
0.42088926
-1.22665
0.75578696
-2.058613
1.2988992
-2.5241888
2.2184937
0.74799836
1.449427
1.0000855
2.0508325
-2.193011
-1.5472139
0.12640291
-1.4388431
-3.4512978
0.65785193
-4.5256257
0.81117177
-2.5722263
-1.8015667
1.3481594
-4.2050405
3.451682
-0.46542358
0.4215589
1.0105349
2.1820018
-2.4547124
-1.6790893
1.8205919
0.13146745
-1.563086
0.2547109
0.7174025
1.7138187
-1.945233
-2.2219217
1.8244244
-0.26120228
-0.17447856
-0.9020319
-0.4267213
3.2151523
0.3835952
-0.16220471
0.3692985
0.19646013
1.6867323
-1.1699922
-1.7367399
1.9492174
-0.9643536
2.2202487
-0.0435871
-2.8424854
0.06912516
2.8291757
0.061768748
0.7162933
-0.99663377
0.30960804
-0.61481994
-1.8096541
-1.0103977
-2.3178582
0.15612185
0.30952036
-3.4335291
0.6761845
2.0288076
2.2099729
-0.11267222
-1.1525067
-0.3024345
2.006286
3.146301
0.43541822
-5.115264
-2.693404
-3.5035317
0.23335183
-1.6647118
1.3082212
-1.7665098
3.451213
2.3362215
0.5891017
1.1512866
0.53166616
-2.6518724
0.14197436
-0.30492574
-1.6537505
1.6342785
2.464685
1.5976726
-1.2387223
-3.5535083
-3.118594
1.6126877
3.2716208
-2.150079
-1.1945974
-0.3203209
-3.1425598
-0.81567115
2.110624
-0.13605863
-1.9891782
2.860188
2.0460634
-1.941739
1.1049045
-0.0318774
1.9266428
-2.97961
-1.9384422
2.6892545
-0.8738871
0.73122674
3.0731378
2.141894
0.9093896
0.8340192
1.889025
-2.330271
0.9218913
-1.4010291
-0.032552063
-2.2913525
-2.5402327
-0.38913518
3.3238032
0.54022086
-1.5273799
0.07117321
0.28532708
-0.04484345
-0.22553135
-0.96542937
-0.28350714
-0.9696407
-3.2334406
1.5942264
-0.77945787
1.0778558
3.4672184
-0.72735417
5.3444476
-2.651603
-0.47191417
0.90300906
-2.1862237
0.90358627
-2.2438536
0.106010534
0.0909817
0.6078391
-0.060915314
0.96185064
-3.085638
-0.73299026
0.85229576
-0.3787885
0.6193402
-2.1056023
2.923064
-0.79931676
1.0925828
-1.3641428
2.661243
-1.8007447
-0.104241125
1.6630278
-1.8145248
-0.7182128
-0.39068136
0.32777667
1.7825705
1.6623133
4.7441516
-0.14970155
1.1929306
1.7148765
-3.2128358
3.3760076
-0.061776266
-2.2096913
1.6203682
-5.2340603
-0.6695533
-1.0715413
1.2647702
-1.3147935
-0.06073364
1.8541598
1.7983351
-3.5992572
0.15308666
-3.214304
1.8039341
1.4063339
0.87509465
-0.22451001
0.53234303
0.20704779
1.603368
-1.9832809
-1.9730152
4.674566
0.58878917
-1.1398051
0.7077763
-1.0026305
-0.88712776
-1.623505
2.6167278
1.8231447
0.4677078
-0.257274
-1.2219037
1.3598288
-0.02077856
-0.22419433
2.5796223
1.6432577
1.6774246
-1.1516117
-3.151326
-2.9185178
0.25878233
0.20873508
1.2132409
0.16061674
-0.009987578
1.2356449
-2.0529025
0.7960215
-0.9514123
-0.020578109
2.4924362
-4.3488517
-0.15213826
0.2806529
-1.1354231
4.2868385
0.32741776
1.6254671
-1.8419207
-1.4410517
-0.7012845
2.4156766
3.6978514
0.8338603
0.1881565
0.8142521
-2.041453
-1.1260934
1.8160253
0.55974764
-4.900825
-0.7164463
-0.26510525
-1.9078289
1.8974419
-1.0260003
0.77253896
-2.2487702
0.058606356
-1.9199443
0.5614333
-2.0308692
-0.95267206
0.5364791
-1.0904098
-4.7395415
-0.57045496
-1.3335861
1.5490175
0.31960917
-3.1000736
-1.4404008
-0.23210928
0.00086208433
-3.030759
-1.5160125
0.32509977
-1.2344534
-1.3895079
1.0068102
-1.516436
-1.6045762
1.6682134
2.777319
-4.177896
-0.49276254
-0.2949564
-1.4401339
1.4473227
1.3705755
-0.4676792
2.4412541
2.9300609
-1.1382669
2.474465
0.4584081
-0.6200735
0.92639923
1.3672656
-1.1054476
2.699786
3.151063
1.9725122
-0.13768154
3.0045223
0.603182
3.4197156
0.5500805
2.0256667
-0.70703393
-0.74419326
-1.4879696
2.2159922
-2.2273679
-1.2516874
0.90934944
2.7702754
1.6624718
2.4374573
-3.331687
-0.21518669
-1.5817996
0.13295859
3.4583209
1.5722916
-1.9166492
-3.515631
-3.0443447
0.7340846
0.15320148
1.0431658
-1.3735366
-0.08926779
-2.0396223
0.18079042
0.18129604
0.6507447
0.05226387
-3.0503361
-2.1373942
6.6554976
-2.1702397
-1.3452321
0.683369
2.02837
-1.3389298
-0.05709935
0.8456909
1.1191192
-0.20652282
0.09513804
-0.5343135
0.07240571
-2.9047952
-0.9119483
-0.74843836
-1.6501895
-0.31435424
-0.4845332
-0.50353503
-2.1358664
0.8586564
-0.32697335
0.6100665
1.4193978
2.6089728
-0.20290008
0.5298111
1.8661364
1.5440999
-0.7805081
0.8907958
1.0940653
1.7886559
-1.6394749
-1.0504953
-1.3664349
0.74421453
1.351648
2.0454886
0.20540872
1.0617738
-0.6908547
-1.1822685
2.3086257
3.0246272
-0.3573513
0.44549277
-3.44106
0.83510065
-2.112225
2.3813465
3.1638756
0.6110046
0.9129052
1.9270836
1.8841333
-0.9860793
-2.5668178
0.012655415
-1.8058155
-1.1503947
1.120761
3.704164
1.8339113
-2.3002868
0.34407663
-3.1905565
1.7645161
-1.7497828
-4.5135784
0.057538085
0.7471892
-1.7710332
-0.19119602
-2.2446074
5.4660797
1.9279739
-1.4404949
-5.7281427
-1.025532
-1.8159846
-0.5286272
-0.18015888
0.27719867
0.32020307
-1.7721363
2.3025217
0.13513976
-0.944433
-1.9209219
-2.1097941
1.3346212
-1.0931324
-0.8796795
0.48413256
0.16647246
-6.4056067
4.1569695
2.2667727
-2.5872202
1.4443096
-2.594265
-3.8395243
2.3040826
-1.2898091
1.0560384
-0.11303405
0.580909
-4.684805
-2.224163
3.073586
-0.34790668
1.7379539
-0.32678536
-2.7534645
-0.5287004
-2.1339831
1.9390949
1.9401387
1.1302398
1.2964578
1.1830829
-2.4251437
1.3363309
0.25001004
0.90455
1.6759645
-1.9722117
2.0725043
-1.1875035
-0.98056185
3.9173946
3.309978
-1.1769068
1.608278
-5.502844
1.9176838
0.56414205
-2.7131925
-2.6979828
-1.3692759
0.78391665
0.6235253
2.2137067
0.19424453
0.88613355
-2.2461154
-1.2661204
-1.5740042
-1.1324162
1.5660199
2.036242
-2.115795
-1.8576828
0.15037662
-2.6371262
-2.0019896
1.2603472
3.7148163
2.1832457
-3.5658514
0.87294036
0.9675113
0.42241943
-1.0760144
-0.09488652
4.124218
4.1726494
1.1901708
1.1398431
-3.059873
3.9590302
-0.22460222
0.61858195
-2.6161509
0.36006674
-3.7189674
0.11165854
0.1434494
-1.05805
-0.985494
-1.6862993
-0.6401457
0.6319061
0.68229645
2.2600214
-2.473911
-0.72455466
3.520172
-0.18663955
-0.30256906
0.29264048
1.8744704
0.5574874
0.52754307
-2.9904416
3.5590708
-0.57135373
1.6130638
-3.3199356
-0.029271118
1.0087378
1.1000087
0.4696497
-1.8545809
-1.4146203
-1.0244778
2.117678
-1.7978946
0.23692432
-0.13677353
-0.75251937
-1.3272845
0.10258737
-3.7973588
-3.460898
-1.8496686
-0.26825768
-2.2403617
0.82547534
1.7461791
0.5968805
-0.68286246
-1.6354163
0.50185466
0.14308603
0.66101664
-0.9221269
-0.3658566
1.7389927
-1.4080522
3.3231215
-0.077078275
-1.4472249
0.9468771
-1.3923535
-1.2812047
-0.6598168
1.2242501
-0.37570828
-0.87722176
1.8043681
-0.62215126
-5.605244
-1.9215726
0.75837064
0.80230147
0.72210413
0.9716191
1.2125663
0.06942615
-2.947157
-1.0409212
4.3757124
-1.4636955
-0.7571633
3.5540767
-0.40638363
0.21333116
-3.3640802
-0.29922223
0.5008689
3.0315108
0.8297868
-0.30065554
-1.8177618
2.8081243
-0.34105247
0.8562833
-1.8555235
-1.655861
0.44457263
-2.2037516
2.8480234
0.7452358
-0.5871313
-1.0558934
1.4408141
-1.7235277
-2.479475
0.11277025
1.664493
3.3612537
-0.5604145
3.70926
-2.8038378
3.1667378
1.7476708
-2.1305683
0.6950166
2.7839322
-0.7202597
-0.206038
1.0734315
1.2445925
0.25923333
-0.26885185
0.8012562
-1.8764943
-0.29157978
-1.9701355
-1.0590414
-1.2693346
-2.2478352
0.3211432
-0.34104958
3.2228422
2.600027
-3.7110922
-1.2463304
-1.4226801
-0.8607224
4.291458
2.658009
-2.845714
-3.5108144
-0.44988954
1.4402789
-1.8988382
2.9495854
-0.3481367
2.1691988
1.631873
-3.4064367
5.61909
-0.2803297
-1.4604251
1.8963636
0.12078785
3.7195048
-0.10569917
-3.1130204
1.459042
4.8710756
2.6098914
1.0130153
0.2710883
-1.9420577
1.1334618
-2.8199143
-1.5721612
-0.23692113
0.67451054
-2.8319736
-0.99175954
0.49324533
-2.230141
1.975799
1.442364
0.2180905
-1.8049401
-0.07003253
-1.937905
4.6390963
3.3276622
-1.8308719
2.1506732
0.5538606
1.7671603
1.594292
-3.3052702
1.7996747
-1.4032526
-1.2441986
-3.8467078
-1.7608833
-3.3679419
-0.6553438
2.4467185
-0.09299149
-0.6164105
2.3949544
0.6856427
-0.6003284
-2.2439728
1.3076708
-2.6632903
1.5701145
-0.6022006
-2.335947
-0.6884386
2.1989026
0.9358753
-1.080571
1.6385254
-0.45655382
3.5551713
-1.6353582
1.3612862
3.4408479
0.76205444
-2.161727
-3.2814476
2.6598132
1.0875323
2.7770903
-2.1212206
-0.1538101
-0.9711957
1.0184587
1.3730887
0.9294488
-1.6889918
-0.37534422
-0.82319254
-2.8734562
0.91831934
1.3300925
1.0595583
-1.7275798
-0.777018
0.99252826
-0.44482905
3.0128653
-3.649182
0.24912363
-1.0929874
-2.3651934
0.010247741
1.1722664
0.22126254
3.8045714
-0.35289302
0.73890847
2.0648458
-0.08329245
3.8361485
1.4019645
2.5022426
1.5052955
-2.7133312
1.6935633
-3.9928656
2.869235
1.625856
-0.73760086
2.0366611
-0.07463282
-0.20052674
2.076501
1.6541816
0.50003725
0.14743182
-0.71290326
-0.9210414
0.043502703
-2.618187
-1.1507243
2.3386881
4.033832
-1.0706501
-3.3766298
0.1550954
2.5719893
-0.864971
-0.98081994
2.686413
-0.022513628
5.93235
1.092274
3.1229718
1.6502374
-3.9126332
-1.2073494
0.18119171
0.8790401
2.5010757
-0.66163164
4.395876
0.30205286
-0.5778267
0.39611548
2.3496315
-2.3158236
-5.7010517
0.44358215
-0.7971131
0.18120474
-0.8194941
0.7245771
1.4487845
-1.5789039
0.778553
0.39012808
-1.6119186
0.5099674
-2.4679692
-2.0756717
2.9726272
1.0215546
0.6695256
-1.6017904
-0.96411896
-1.4680156
0.55185944
4.582603
-0.25421748
1.626199
2.2390723
-1.2027841
0.46478173
1.1909009
2.3163798
-0.5915565
1.097733
-1.003826
-0.518633
1.7719191
1.7487274
-0.5489005
-0.6800564
3.5674357
-0.67007875
-4.7744374
2.1202278
1.697423
1.5738803
2.256196
1.2386069
2.6761048
2.099883
-0.8305179
-0.14151564
0.16301635
-0.62871575
1.3627305
-0.4663112
2.1749103
-0.6693809
-1.2571403
1.3904163
0.047579672
2.8101938
-0.15102142
-2.2114062
1.1547265
-2.6154761
0.12141733
-1.1969725
0.57660115
0.8371445
-3.146851
0.26109788
-0.80369294
-0.24905598
-3.2635424
2.8431768
-0.5697372
-0.34136724
-0.032656796
2.191601
-0.031366207
1.0542799
1.0521687
3.0948544
0.24386132
-1.0248029
1.2343615
1.6586015
1.5071179
-0.094786406
-3.0572782
-0.53750974
1.3868811
0.840162
0.17579958
0.24857691
-2.4275548
1.7025638
0.12840986
-3.731656
1.7941868
2.2384324
-1.0162526
-1.7416116
2.2357948
1.2580299
2.7113183
2.9190705
0.47723913
-0.084278084
-1.4336189
-3.5324578
0.52604383
-1.7252855
5.33157
0.13510689
-2.2621624
-0.08784034
-1.8873171
-4.7071395
1.4256561
0.29442066
1.0721097
-0.5025673
0.2619601
-1.9488618
0.46922272
-2.7984233
1.7702421
-1.6049862
-1.3013506
-1.6159074
1.9096661
-4.1697893
1.5312406
-0.56664854
-1.2825207
1.0526682
0.5522561
0.73244333
2.7980165
-0.4866537
0.38353285
0.809173
1.1377789
2.3417742
-1.3827493
-3.195836
-1.4786699
-0.6661022
-1.6178702
0.09929316
0.15557516
0.23965232
0.1860896
1.766171
1.2311908
0.111556895
2.8290768
1.9718028
-0.9774802
-1.1137822
-1.9314854
-3.011679
0.9667764
2.3649359
0.08494596
-5.0419726
3.6212068
-0.6896043
-1.4389992
0.8546343
-2.2021346
2.5750103
-0.02280742
0.0636965
-0.8147448
-1.2859262
-0.18573081
-0.6469404
-0.6275994
2.5933459
-0.57657635
2.390803
-3.1064484
0.015062757
-1.7411003
-0.096284814
-2.887886
-2.7729964
-0.004161909
-1.2058891
2.2875638
-0.95669997
-2.579224
0.8955558
-1.4767231
2.3361597
1.0551661
1.3484863
-3.318546
3.3946333
0.6748743
-2.3226192
-0.9435558
-2.7470436
2.7879531
-1.2905852
-1.3938005
0.581846
-1.9803858
2.1688035
-1.0340159
1.3305628
-0.3085962
-0.24712029
-1.9264218
1.6926332
-2.58641
0.72770864
-0.053204853
1.6510202
-0.1712105
-0.5493987
-1.2895694
1.3082621
3.638726
0.5223482
-0.8061608
1.355749
-2.0209029
2.1556904
-2.201983
1.7076416
0.60620993
2.331782
1.0932461
0.7638254
0.5275173
-2.866369
0.43429178
-2.0248702
-0.49904132
-2.7135243
0.92833817
-1.8043092
0.47564963
-0.17857651
-0.9707284
-0.5434595
1.1801945
0.1258673
-0.957365
-2.3457963
0.165039
-3.2194998
1.141961
-1.411822
1.3067582
2.1641867
-0.8534507
-2.0427117
-0.44705904
0.9995373
-0.6944489
2.5122924
-0.19222479
-3.9089136
1.2667353
-4.4826937
0.5063345
1.0033785
-0.20119143
2.4408884
-2.4783418
0.46417502
-1.3054305
2.9946837
6.1905003
3.9270427
0.26598516
0.8402982
-1.2326714
0.52381617
0.9319011
-0.4377079
-0.19993657
1.554712
-1.8771847
-0.5027649
-0.29164144
-0.43829566
-0.66366524
-1.0939448
2.176101
3.3963723
2.195355
-0.6029507
3.0878108
-2.369851
-1.064995
0.52301353
3.1275063
3.311002
0.48341304
-0.6462293
-0.549529
1.1081405
-2.6586027
-0.054191187
-1.657333
-0.33490628
2.3914058
4.4733205
-1.250042
-2.2154965
0.12835568
1.4852241
-1.8083394
-2.9866838
-1.6818423
1.0808284
2.1497223
-0.8364033
-2.5840938
0.5182323
-0.8536141
-1.590696
1.3150607
0.52773
3.4960108
-3.168416
-0.4688623
-2.2959247
1.6604257
0.38293672
1.0756071
0.49862877
0.9189069
-3.2544508
0.64658767
-0.04924654
-1.640101
-2.9944358
-0.21906945
-2.0240293
-0.23514587
1.3270828
3.1392148
2.763651
0.10215842
0.98820615
-0.7101546
0.7933405
4.475958
-0.12212385
1.1300473
-1.174859
-2.1593437
-1.6674798
-1.9887888
2.326392
-1.9071606
1.8617271
-1.1200413
0.4887947
-4.705171
1.6371875
1.9378233
1.4484584
3.5978863
0.122065425
1.4920686
1.1507984
-0.6949775
1.9555016
-4.372714
2.3390584
2.1082487
-0.47461212
-1.4269283
-1.2497963
-2.534944
-0.7705421
-0.48920727
-1.9130173
-0.61455905
1.881286
1.2475475
-2.205725
-1.864479
1.031502
0.70024145
-0.32302636
-0.23601124
3.394652
-0.60267913
-2.285565
1.542936
-2.6579452
0.84298563
0.023167767
4.409625
-4.004809
-0.8974438
-1.4812948
-1.324734
2.7311194
-0.77119815
-2.287569
3.9753525
-1.5590085
2.0677218
-1.2648108
-1.4689329
-1.4453064
-0.4835876
-2.2777822
-3.0661833
0.23450875
1.2703105
-0.7363855
-0.59178895
3.7049742
-1.6767117
-1.1027226
1.994813
0.31760973
-1.9829549
-0.8841807
-2.1354697
-3.6105542
-1.0285729
-2.7946792
3.3015747
1.717404
-2.2383785
-0.93920135
-0.41496643
1.5572933
0.49964464
-0.92117757
1.8211333
1.6395824
4.119094
-0.6480978
1.12535
-0.29677707
0.28814155
0.5470773
0.034731604
1.0089886
-0.63580704
-0.92183536
4.495754
2.9228117
0.43758857
-1.738826
-0.68857044
3.1145911
1.8814288
2.172916
-0.63629544
-1.2319069
0.057729766
2.6572263
2.3041868
-0.77862406
1.6671693
-0.51912934
3.8355975
2.1220784
0.7438648
0.8705351
-1.3393657
2.0805988
-0.7468045
-1.2742496
-0.18072128
-0.11934344
-0.7131653
-0.020342872
-3.2153165
0.19937855
-7.12029
-0.53391355
1.3561442
-0.606362
-5.220887
-0.972653
-1.6562244
2.4862075
-0.35705414
-1.314452
4.7595596
-2.4692032
1.2110244
3.086215
-4.684954
-4.1524377
-1.5711864
1.1574183
0.63467705
-2.4219098
0.31913102
0.7743719
-0.8676259
2.4968014
2.2977548
0.7113638
-1.2427338
-0.2804638
-0.7133419
2.123929
1.925786
0.87404305
0.6226637
1.6017108
-1.2655656
-1.323499
-0.8196466
0.18206528
2.2146769
-1.7588577
1.2408286
-1.3354706
1.1243856
-0.04401666
1.4754776
-0.2482456
2.1636925
2.0855637
-4.4710684
-2.6656923
-1.4312048
1.0785124
-0.10535157
-1.0508618
0.6556708
-0.83878976
1.4282407
-0.04247663
1.5956393
1.9528522
0.3655931
-0.72733766
2.456547
2.0224524
0.25470752
-3.8126502
0.38561866
-0.7457135
4.3215027
-1.3143564
-1.4926076
0.3770202
-1.9691737
-4.104767
-1.7483791
-2.4968052
2.0668604
5.2623696
-1.2378138
-1.2790009
-0.11017852
0.7882847
0.91435945
0.47282612
2.8007457
2.3592634
1.0118136
0.29085144
2.9463625
0.23044041
-0.87689114
4.401432
0.75985533
0.6548684
1.0874805
1.2466173
0.73943615
-1.1978052
-0.30507576
2.6069388
0.992596
-1.8784236
1.6057147
-5.611305
1.8015659
-0.809457
1.6158179
-3.308473
1.137544
0.5865227
-1.095622
0.8399973
3.311956
-0.015917301
-1.3281947
3.210593
1.2517798
-0.14293578
-0.77544105
3.0340858
1.7888445
-0.14450036
-3.129739
1.6880907
2.4873881
-2.0295787
-0.45808023
1.0140632
2.0315804
-0.08493451
-1.5367168
-2.4600213
3.6273904
2.347196
1.7196691
0.018468145
-2.1039546
3.3154716
-0.075089745
-1.2530471
0.18793553
0.86353034
0.5656891
0.5295586
0.7045933
-0.4046296
-2.3070068
2.988384
-2.3710392
0.6156052
0.06891699
1.9466193
1.015197
-2.086338
1.5930741
-1.1875272
-1.5057802
-1.5747305
0.19595101
-1.6314232
-1.7175254
-0.76774377
-0.3147436
1.2571702
-1.3282061
-0.74900913
-2.563461
0.9076912
-0.4759063
3.0818436
1.4906533
3.3830566
0.17436785
0.36540055
0.07240352
-1.3088872
-2.324782
-0.17953786
0.18103772
2.0133486
0.79043025
-3.5397317
-3.448244
-0.2920449
2.697956
-2.3079123
2.5125074
0.9398699
-0.43490183
-1.827893
3.0750396
-2.5913377
-0.329935
1.003504
0.22023177
-0.41365477
0.7833639
1.1546917
0.25139508
-1.8492619
-2.906497
-1.0940206
4.9194283
-2.3826504
0.7843673
-1.0255617
-3.4033802
-0.088475265
-3.1200385
1.5635407
-0.39705354
0.76614904
4.2595277
-3.4964201
0.7012574
-0.81283575
0.5669441
-1.0781062
-1.8803985
0.6364742
0.64563346
1.3913411
-5.1904936
-0.546605
-1.5178503
-0.014214449
0.5998593
-0.7626407
2.570546
-2.1300223
-0.21422368
-1.6922646
0.86616325
4.1142225
2.1369493
-0.845814
0.96889573
0.296917
-3.7757015
-2.3755202
1.1931144
-1.0399402
-1.1902672
1.0115484
0.30666903
1.580299
-2.9186378
-1.6267242
-0.48660228
-2.2316198
0.11448776
-0.33427945
2.2273607
2.0915644
2.7144477
-1.5662757
-0.2887959
-0.06331682
4.570379
-0.7867466
-1.4970008
-2.873686
-3.3668373
-1.6786319
0.6409505
2.2226126
-0.059700273
3.438424
1.5320315
1.6519341
-1.7101123
-1.0688686
1.2336708
0.51287377
-1.6130961
5.3152905
-1.3483247
-0.82812923
1.0343364
-2.5816922
3.1071286
-1.1265506
-4.295691
-0.2817217
2.0901973
-1.6088033
-2.357312
1.8464504
-1.5475029
1.467288
-2.222429
1.0735542
-0.4959016
-2.1977868
1.5717003
-2.5140965
0.23424372
4.33499
0.851473
-0.17569843
-1.2919493
-0.34929603
1.1869386
-4.64647
1.0040998
0.31083608
2.828307
2.4106638
-2.3788996
-0.49168926
-1.0061121
-2.418058
-3.0534837
-3.9623096
-1.6042038
-0.8320315
2.1666944
-1.0889163
-3.6557333
-0.25571388
-0.8990299
1.3479515
0.097336374
-2.1951132
1.6996431
-1.5826482
0.35994798
0.34641123
0.30267712
-1.4681761
-0.6422351
0.87722385
-2.3253899
1.7417935
0.2637823
-3.1171787
-0.40778396
0.5509558
1.7926193
-1.4067206
2.7739542
-3.4139612
-1.3850147
-1.7585014
-0.8613485
1.7493335
4.3559275
0.8215396
-0.1599309
-0.17489845
-3.2283156
0.6751329
0.6037688
-3.2064242
-0.86856866
0.86553466
0.82808536
-3.2660224
0.9407473
1.9947153
-2.94147
-2.0010972
-1.1834425
-0.5084638
-1.4532344
2.3824835
1.4193603
-0.5323534
0.92257047
0.041559413
-1.192059
0.65251863
-2.9457514
-1.4641528
2.0398428
-1.6492631
-0.79987365
0.67626935
1.6229159
-3.323644
0.23096031
-0.680529
-1.7601705
-4.1163864
-1.018841
-0.9069767
-0.3337796
-0.6437022
-3.3922749
3.3391151
1.7258428
-0.17727023
-2.3840237
0.3660249
-2.199157
0.59056705
0.01125972
-0.24660626
1.1331644
0.9611604
2.8012557
-2.1514616
-1.1420001
2.6755753
4.8156867
-0.48933947
2.0884595
-0.24681154
-0.847227
3.59235
-0.75553226
1.279398
1.227215
-0.7909743
0.31980252
-1.9443189
1.8638084
4.945935
1.4136446
0.956549
1.8934892
-0.40775642
-0.5937508
1.0260079
1.9007579
-3.5126102
0.75713855
-1.766696
1.860206
9.209132
-0.5142734
2.4215317
0.39077502
1.2732471
-2.6747532
-3.2019985
1.1272109
0.13813633
-0.09048297
-0.33162093
0.15143736
-3.325861
1.0331829
-0.41267502
2.7899835
-2.6101825
2.204003
1.9104515
4.158645
-1.4852564
2.8184385
3.9057508
0.33911148
-1.3201965
-0.88685095
-0.5719916
0.42833817
1.0538231
-3.4230697
-0.14298779
-3.1442304
-1.2042396
2.7908628
0.45014793
3.4683862
-0.17277393
-0.64396894
2.0442414
-1.8880101
2.2948923
-0.8657293
1.2547916
0.7001554
2.237166
-1.1679289
2.1424363
3.6977303
-1.13031
-3.2895353
1.2870145
0.94116706
0.9184734
-0.336205
-1.9985932
0.26971403
-0.4626109
1.1042756
0.278938
-0.8794682
-0.80963415
1.3055124
3.0292385
-0.26092237
-2.7574773
0.4245325
0.5126303
-0.19642447
2.544444
1.2569968
0.8617087
1.3757403
1.9290891
-3.8705897
-1.1150364
2.6086257
-3.4267898
1.924076
0.92449516
2.128182
1.5074276
-1.1238074
1.0720084
-2.4773307
2.240888
1.3030299
3.624604
-1.8179938
-0.853512
0.80149466
-1.7553267
-1.1190767
-1.5692478
-2.2131407
-4.87613
1.0073658
-1.5533832
2.5927505
-1.2954385
1.538395
1.5267467
2.2608488
-2.0897787
0.998569
0.124786645
1.0886585
-0.56043094
-1.1404586
-3.673722
-0.30530652
-2.3440726
0.4830557
-0.9434173
1.5601051
0.73471195
0.2384923
-0.1612629
0.19131014
-2.0359633
0.08763977
-0.7765024
0.08932338
-0.16141981
2.3159127
-0.49874157
2.082075
3.5900612
-1.1393927
-2.3538692
-1.5557522
-0.3289836
1.0105234
0.2905602
0.4452267
-2.9718091
1.6908531
-0.9568802
0.5314239
-1.1189809
0.8308383
-0.41013741
-2.0171568
-0.48251837
-0.8585024
-2.4647202
3.7165358
3.6128793
-0.25684613
0.6659188
-3.3737144
0.56592554
0.16128832
-2.9718668
3.0037823
1.8791329
-0.3828765
-0.3622344
-0.7072545
-1.7028672
3.571112
-1.4003385
-0.5366435
-2.399234
-1.030736
-0.7908656
-1.4975338
0.4787034
2.0278563
-1.6121542
-0.06646977
-0.6251607
0.6508301
0.5842247
1.5730015
2.0494921
0.047447808
-2.591979
0.37913543
-1.7574166
-2.5166023
-2.0102742
-2.5540164
0.89760727
-1.2032131
-1.8117614
0.31871465
1.2835014
-0.054589815
1.61612
2.2865446
-1.5684357
-3.8893337
-1.9744716
-0.73595273
-2.5151017
-5.6008415
-0.71611935
-0.561564
0.27854693
0.90068775
0.3561917
-3.7509615
2.9436998
-0.98399603
0.49439293
2.3520684
2.8130896
-0.2888633
-2.119711
-2.324659
1.1274276
-0.45767492
1.2482599
1.5007964
1.6707807
1.4294627
1.5097058
1.4608293
-0.5769355
-1.8040195
-3.4469752
-0.78080755
1.7027993
-0.018155545
1.1928477
-0.072098926
0.50011146
1.2602216
-1.9907689
2.4607706
0.5011505
3.8654008
1.2006483
-2.515034
-0.2382583
0.6792098
-0.99107224
-1.052761
-3.632332
-0.29333675
-3.6921303
2.2372463
0.32150143
0.87131065
-1.5675516
1.5350324
-0.4163032
0.8783735
-0.053074427
0.7230821
-3.0319893
1.3605921
-1.3727546
-1.1262795
0.69522476
-0.6461897
-0.3494154
1.4351488
-1.1216869
3.473093
4.0652313
-1.9006554
-0.8746734
-3.645444
3.1533349
-0.27965704
0.16607745
-3.0722134
-1.2759805
0.15155569
-2.3028953
-0.274058
0.8894169
-0.9383426
0.463736
0.57601947
-0.512772
-2.3697214
-0.52045476
0.24369976
-0.03423611
-6.06633
-0.97169656
1.7702816
-0.3681764
2.136344
2.2929592
0.9951904
-1.9642313
1.9744173
2.4124799
-1.8695966
-1.2799755
-1.6170356
0.7848835
0.4711194
2.2261584
-5.8525724
1.1118269
3.1174376
-1.8988844
-1.9188163
-0.5224474
0.8522391
-2.7216213
3.2488077
-1.8873802
1.0595952
-0.07249259
-2.5012953
-0.2890658
-0.60411376
-0.049636014
-1.6370399
-0.13708146
-0.38548136
1.3891574
-2.153954
1.0700711
-0.24481225
4.7503643
1.3438728
-0.9347615
-1.5262157
2.8064082
-0.111229464
1.7855927
1.202724
0.043771423
-0.77058524
-2.0090537
1.6933383
1.1781628
-0.9930841
2.5768735
0.59242857
0.68910915
-2.0364769
-2.9132059
-0.868539
-2.304876
-3.6845028
0.51229393
1.7557818
-0.49460107
-1.9366974
0.12414311
-1.103088
-1.7714125
-0.11068399
-2.4848466
1.9219193
-0.11587585
1.3279659
1.3220083
2.1142251
0.4669162
0.10002951
-1.3529446
2.0752306
1.1915857
0.92055655
1.7412452
0.28301147
-0.55978596
0.11586775
1.2989393
1.9444038
-2.2747564
1.045034
0.1316745
-3.0083666
-2.0119567
1.6645477
-4.5703835
-2.6872425
4.817656
1.9534417
1.289793
-1.5811005
0.1165734
-1.9120222
2.474536
-0.4294773
-3.524201
4.16128
-0.8640806
-1.6856648
0.76563567
0.7875468
-1.8725579
2.952917
1.2682844
0.8483146
0.99329025
-0.36200875
-1.3351774
2.6812131
-1.54506
2.5122557
1.335525
-3.376094
-0.8494114
2.6500525
-0.6426526
-3.8087873
3.1583622
1.6405611
-0.6727665
-0.78426623
1.381442
-2.4735866
-4.426886
0.10930076
2.6127691
-1.9149262
0.61643684
0.5679868
0.15575847
2.1278675
-0.30774176
0.2735556
1.0609229
0.94137955
-1.454789
-5.240003
0.42743754
0.18483394
-1.6678424
0.75682455
1.8543748
-0.3309459
0.87646013
0.49834067
-1.6684941
1.9587045
-1.0688637
-2.831786
-0.7625026
-2.2110956
3.0494423
2.6314788
1.3972826
-1.3055676
-0.024120525
0.21709314
-1.7208337
-2.3932638
-1.4992428
0.07094526
1.7358601
-1.2132906
2.507393
-0.47685874
-0.9522569
2.809077
3.4805071
0.24646437
2.1997411
2.087997
-1.4450659
-0.81019783
0.7490285
1.0314124
-1.8602281
1.879785
-1.914237
0.7846145
0.345299
-2.1670551
-3.273007
-1.4762822
-5.259008
1.870416
-0.30418736
-2.1619458
-3.1595283
-1.0554469
0.8543489
-0.46359012
2.2134075
-0.6136165
-1.4133126
-3.918195
2.9981513
-3.5145388
3.426578
-2.3950355
-3.6400068
-3.245129
-0.28952965
1.2054068
-2.846696
-2.9494395
-0.20294301
0.5640344
-4.1156783
0.28785646
-1.0848061
-1.4323221
0.99059093
-0.39967728
0.3298851
0.321029
0.89025176
-0.3547628
-3.0581377
-0.56792295
-4.127886
1.7733278
2.5576086
-3.437744
0.41992152
1.2374976
-0.23800892
2.076226
-1.7552116
1.4219817
-0.5595759
-3.2661123
0.82300943
0.12294936
-3.5264318
0.9960055
3.3808398
-2.3530455
-1.6351153
-0.9402587
-0.8843061
0.2696717
0.20470452
0.67518634
-0.43949133
-5.1213894
1.8601177
1.6026335
-0.30113685
1.3128078
1.7619814
1.2491599
-1.3795853
-2.1279426
0.37937835
-1.4144892
3.331065
2.2021809
-0.22037664
0.3573256
-1.258916
-2.8371518
1.8010647
-2.4323087
-5.6238213
0.40736884
2.3614259
1.6163236
2.3074882
2.1917813
-1.6979307
1.4757491
-2.2995763
3.3562567
0.639957
1.9071544
0.20069134
-0.9838379
0.042190146
-2.1606953
-2.591769
-0.98616993
1.8475757
-1.5995564
4.0080857
1.0942726
-1.7481303
1.9447998
-0.8894223
1.0744992
-0.26453626
2.4587648
-1.2747219
-1.5249949
-0.29887098
1.1796223
-0.42268702
0.6519566
-2.0135646
-0.3341028
-0.32678118
0.13391636
-0.70266587
0.6200791
2.5453405
1.7081758
1.2251067
1.7668514
-2.1630068
0.43280452
3.2106109
-3.0875406
-0.08347939
0.43838036
1.093553
3.9124663
1.7041467
1.3231314
4.928354
-0.43694803
2.4714599
4.040524
-1.3411205
1.7465899
-0.7085718
1.7441459
0.8337998
1.7950934
3.4030945
-0.68366027
1.2402251
-0.4418112
-1.9128536
-1.251772
-0.9978597
0.4087148
-0.036174916
-2.5410604
0.32642266
-0.57052916
-4.388409
0.807259
-3.848817
-1.9748349
-0.5137916
-2.5517745
-1.4555416
0.2800294
-2.1949651
-0.76235217
-0.5208391
0.3778457
-1.2720313
-1.8919615
-0.37764224
1.7246916
0.96402085
2.375366
-1.6441596
0.3580443
-3.1141539
-1.4622502
-0.66954744
2.095739
-2.0283494
-2.787991
2.2620268
1.9729373
-3.406967
-2.7851794
-3.9802017
0.67011
-3.792592
1.301029
1.9873681
0.8594645
0.14653677
-0.36807626
4.3397393
-3.8079352
-1.7474606
-1.5770506
1.1889099
-1.5838796
0.24808714
0.18977389
4.2544193
-0.10468901
-0.38343462
-3.597311
3.8984005
-3.2821176
-0.6525864
0.62719524
2.2134905
3.0881376
4.855818
-2.3047945
1.3372694
0.42135543
-3.8408022
-1.0477726
2.0302646
4.174836
2.1132078
1.1116698
-1.3998528
0.37763143
-1.1494057
-0.019424647
-1.6485199
2.2716417
-0.61902106
3.873171
-1.8791901
-0.20093256
2.537025
0.076971196
2.8628502
-2.4946933
-0.45049837
-1.541961
-0.17835641
0.26988056
1.1271113
-0.28647286
2.900682
0.45276406
3.0607004
-0.96071583
3.2980611
1.3948115
-2.0053167
-1.201232
-0.07895261
-0.09479336
-3.189898
-2.068876
-0.33009547
2.4433532
-1.2125999
0.42298073
-1.3526354
1.0562991
-1.819019
-0.053317316
-0.6566713
-0.025028288
-3.1230602
2.4875417
-1.467981
-1.873736
-0.61000645
-2.4763136
3.5591938
0.3194921
-0.4603285
-0.8033748
-2.265373
-1.1866487
0.29541117
-2.2704434
-0.87860584
-0.18830973
-1.0740396
0.99530774
0.8181637
0.3708931
2.02812
0.797653
-0.98694474
-0.4330477
1.2748916
2.0043256
-2.258711
-2.9300666
-0.31777203
-1.7367078
-1.2416767
-1.8478837
-0.9092121
-1.5456579
-0.88007325
-1.0275818
3.2657282
-0.90079105
2.342262
-0.68593985
-0.9895986
1.6046525
1.37342
0.9307716
0.8363158
5.5737844
-0.32595524
-1.1219437
1.9613565
-0.2706028
2.5920124
2.3753247
-3.888185
3.0864427
-0.7819085
1.0811441
-0.30726644
0.8408147
-1.771739
3.7128668
0.43172497
0.3229311
2.7519777
1.2057573
1.666865
-0.15815967
-2.5410192
0.1875345
0.80390304
-1.9037886
2.138154
0.155087
0.65090895
-3.6342669
2.8192205
-2.9531827
-0.7625298
0.041966215
-0.6214668
0.2313231
1.7166975
0.79809153
-0.5987595
-1.2231858
0.57620806
0.43600306
0.39514357
-2.2009864
0.49613056
-1.1629635
0.45632768
0.592881
0.08960224
-1.1289184
-2.6126487
-1.6021147
1.321921
-1.8022932
-2.8755703
-3.1233394
1.0975541
-2.0391605
-2.001383
-2.895769
0.6729716
-2.0237727
2.0032182
-0.47451776
3.212037
-3.67436
-2.901894
0.37661225
3.347027
-0.7016363
-0.5333107
0.14962392
-1.6211829
4.5873713
-0.79161537
0.43697357
-0.80737203
0.8217405
-1.6785443
-4.1797237
-1.0748845
-1.506149
3.8403468
3.0819738
-1.1296535
0.16029567
1.2749401
2.4444506
0.15947884
0.04862961
2.3904827
-0.38081446
0.5981154
2.7180307
-4.4590406
1.5508771
0.70136964
-3.2437818
-1.2809405
0.21867535
0.5410476
-2.5678186
-0.17946953
0.4371395
0.17811243
0.05671277
-0.31152046
-0.85989183
-2.131705
-0.773082
-0.7122322
0.4887774
2.5153685
-0.5042797
-0.5237776
2.3213272
0.06068573
0.73247796
0.17877217
-1.2538304
-2.2105668
-0.4867207
-1.9617797
0.26406914
2.5583556
2.403062
0.5836235
0.41666076
1.0332319
2.0466876
1.0550073
-3.3770897
-0.16676572
2.7895572
1.1413422
5.768623
1.184714
1.6323541
0.10282646
2.2257063
1.0265445
0.25291362
0.08859833
-1.6647849
5.7870016
-1.4739848
1.0107673
-2.7036285
-0.49148935
0.7945733
-2.2659295
-0.55502826
1.8941851
1.1795101
-1.7526655
-0.26861107
-3.2555683
0.9891711
-1.7531558
4.013905
0.2230703
0.9657034
-1.4447467
-1.3287753
0.7402122
0.16800898
1.0453386
-2.342471
1.0548266
-0.7478261
-3.4187236
-3.3572142
1.1789289
2.6298485
-0.3136483
0.15307415
-1.8763143
-0.280743
-0.1768629
-0.23824093
-2.332159
-1.1532916
1.0467806
-1.3051661
-0.7108416
2.665216
-1.4109597
0.9934857
-0.17614794
-2.2187183
3.3003244
-2.9277148
-2.2528064
-2.1678991
1.1313072
-1.5163097
-0.006879799
0.06787342
1.954551
-1.209506
1.3209257
3.1100328
-4.3783646
-3.499121
-2.765815
-0.8102801
-0.65526724
-2.2749693
-2.237639
-1.6777952
-0.74478406
0.16070062
-0.548684
-1.0658102
2.8426602
-2.4831715
-0.24548528
-0.2681487
0.012834363
-2.3091073
4.6929665
-0.264674
-1.64559
0.42803892
2.312028
-2.7924802
0.18703622
-0.6307003
-3.3083892
-0.5583911
2.5968702
4.4151893
-0.5469895
2.3757064
-0.78126264
0.3233211
-1.7324219
-0.73805255
0.5456387
1.954164
-3.9596722
0.95880073
3.5908785
2.0494292
-2.444811
-2.6688662
0.8178104
4.5242877
2.9454734
2.2850678
-1.7396892
0.62091106
0.2770163
0.28361076
1.5166602
3.569158
0.92680323
-1.4361755
-0.012612663
0.41461554
4.2693
0.6213757
-0.36676058
0.5070898
-3.2570171
-2.6305976
4.6047025
2.3684814
-2.891734
2.3623993
-4.4531536
0.31936216
-0.18594128
-2.94059
0.17217484
2.388204
-1.1970183
-4.121294
0.4511039
-0.8775254
1.518856
0.87788105
3.5750175
-0.90780026
0.3286535
-0.8056475
1.1799502
-0.25945807
-1.130105
5.33297
0.99594903
0.47570798
-1.0594561
-0.59767
1.8220631
-4.005537
1.571957
1.8388088
-0.31817982
2.5676868
-1.2276503
1.3872833
-0.39837933
2.152448
0.13343468
0.8331719
-1.7791103
0.16685638
-4.7687297
0.5717734
-0.06724689
0.026625417
0.40821898
-0.30935675
2.836362
0.7140483
-1.1272652
-1.5942072
-0.97889555
-5.043157
0.09258218
-1.0756904
-1.3351187
-1.4471389
-1.0197937
0.7771646
-1.4210578
-0.16988818
-0.6709928
-1.5991322
-1.5759511
1.8094078
-2.0406134
-0.21001777
1.662299
3.5756335
1.1626568
-1.0601367
-0.006482821
1.459879
-0.35936448
0.08630996
3.0364435
4.78876
0.52249104
0.27444726
0.37914294
1.4376116
-0.9501617
-0.11478742
-3.3472288
-3.150432
3.5417764
-2.085532
0.8120595
-2.8579187
0.39364478
-1.3548198
3.4533463
1.4192964
0.16540833
2.0500405
0.3423828
-0.44528282
-3.1798844
2.5852764
1.452257
-0.17233351
-0.6260074
1.6773146
1.1409416
-1.7654644
-4.2537045
0.41262108
0.54094964
-0.072095245
2.9954562
3.3421304
1.3270798
0.11748384
1.8003949
0.08139444
-2.3666859
-1.9986441
-1.5532274
3.2751691
-3.6486957
-0.27723813
-2.6811383
-1.9685304
-0.83355695
-2.664938
0.025662892
-0.5255306
0.07784366
-0.7457018
0.62119114
0.91705185
-0.20594448
-2.165722
1.8977158
5.051852
1.8202865
1.0782685
-0.35067174
0.27331215
2.341662
-1.2272542
-0.7340191
-2.1381886
2.7911966
-1.1352774
1.1945481
0.48531884
1.3255848
-1.3048757
-0.7236656
1.2435932
-0.63286763
2.6962829
-1.0389887
0.035078585
-3.5050342
-0.31767204
1.630359
0.4524989
1.7500885
1.4400907
0.6404997
-2.7167587
0.8713967
-0.98887247
-3.6919885
-0.7048033
0.2755273
-0.31304944
5.2781396
-1.1775112
1.9307501
4.9822955
3.822803
-3.598574
3.539062
-0.8191814
1.919721
-0.74383795
-1.4225628
-0.17771864
1.3870109
-0.2849639
0.6538297
4.557657
1.9140913
2.5873115
2.0200603
1.8778296
-2.629202
4.1852717
3.4283996
2.4118893
-1.8083184
-1.177389
-1.6201906
-0.17904077
-4.2436237
0.397231
-1.0417575
0.3808184
0.13360082
0.13058186
0.9496751
-2.8684645
-0.54404634
2.044152
-0.7770888
1.165046
1.3077571
1.631175
0.33210155
-2.5651212
-0.62251467
3.8742523
4.7667894
0.71473515
-1.6719437
-0.20825769
1.3450398
1.6460135
-0.6904438
2.0061316
-3.2950351
-1.1430508
-0.8105512
-0.12950838
0.086257994
-2.02971
0.78151405
1.0988395
-1.3852909
-1.4548124
-1.8263397
-2.212673
-0.40476096
-0.99788666
5.30365
-0.8496047
1.8999757
-2.1450677
0.8011116
-3.3464985
-1.202291
0.2433869
-2.977038
-5.5633497
-1.2517926
2.8641582
-0.8089514
-1.2246526
1.3637183
-2.6847453
0.724037
0.6815766
-1.0629815
-0.08404621
-2.8041422
-3.03772
0.30227554
0.14926341
-0.37054914
1.1863998
0.53586864
-5.9223046
-1.2935673
1.761635
2.7233713
-0.6943186
-0.12821293
-1.4660687
0.93658155
2.7931414
-3.5697305
-0.124137245
-1.1631033
0.31382692
-1.0211859
0.19202685
-3.643842
-1.083672
1.1251934
-0.61561203
1.8309052
-1.2490889
1.0868155
-0.46742576
-1.1026641
0.44616508
0.1557236
-0.24227564
0.95853907
1.8905514
2.6563637
-0.8778188
0.6505311
-0.38248163
1.6698247
0.7692921
1.1014394
0.5504566
-4.827041
1.5732291
1.0427758
3.7640626
1.6574295
-1.0944405
-0.48620364
0.37147707
3.4207904
-0.8049418
-1.3457913
1.9089209
-1.2123637
1.4459236
-1.0049462
-2.9172194
-1.5282595
5.690633
-1.3983555
0.22650036
2.3499599
2.3622024
-0.14892516
0.9257473
-0.946963
-2.8017523
1.6121154
-2.2170944
-0.9838145
0.9975807
-1.2696542
-1.1687474
1.9573872
3.4504373
-0.3597483
-2.0047123
-2.7445414
0.84347564
-0.75460654
0.8855081
-0.80502707
1.9716976
-0.9177371
-0.37148312
-2.0731378
2.8101306
2.736539
-0.32278103
-4.030258
-1.6225436
1.5497018
0.4719818
-0.85344374
-1.1439532
-2.5391853
3.6623602
-1.5955652
-2.7413034
-0.9108424
1.4061911
-0.31824416
0.080082625
0.24260509
-1.8542517
-1.6893146
0.44062936
0.83668375
2.982937
-0.86301124
-4.307169
-0.78589237
3.9151647
-0.1795164
-3.7634592
1.8153771
-3.4482563
-3.0514596
0.86622834
1.1542066
-0.23451304
2.364095
0.38971266
-1.2614875
-2.9524386
-1.4234177
0.90793496
3.3086493
3.054659
2.8940086
0.96845305
1.2101647
-4.2477026
1.7259343
-2.3751132
0.14673199
2.3529966
-1.316239
-1.9469087
0.86995536
-1.6008835
-0.32609734
0.26183802
-0.5422588
-1.1699066
0.74974006
-0.02736295
-1.3945403
-2.561335
3.2350562
-2.3127012
-2.0763874
1.6911198
-0.3913036
0.8316235
2.7096663
-1.6044631
0.33088005
0.24047515
-1.7620195
1.3932409
-2.7371724
-0.063286714
-1.1776965
1.1393112
1.5227706
-3.5114849
-1.3117167
-1.8190317
0.28477812
0.8498145
2.3446927
-4.3330483
-1.6734493
0.80605537
1.93261
2.8244264
2.9194283
-2.6782053
2.0837266
0.8870672
-3.3257256
-1.2431288
0.8825641
-1.2109548
-1.7117245
-4.402861
1.2697171
-0.71442735
0.3065238
-1.131136
1.3553821
-0.776143
0.98182595
-3.4605567
-1.667584
-3.9207835
0.023772988
0.30168948
4.442854
-1.1550859
-2.3785825
0.5489313
0.66040134
-4.7081037
-2.4325168
-1.3060935
-0.4472101
-2.4826636
-2.932887
-1.5258255
0.18110147
-0.80068177
-0.7439866
-1.6837311
0.56475675
0.2633636
-0.3747373
1.5574229
0.19216266
-1.6410615
1.5016207
0.49583864
0.08069946
2.2008216
1.7575018
1.3646458
-0.54998887
4.003477
-2.4430437
-2.9502356
1.9753332
2.17113
1.0777286
3.2344654
0.7802179
0.56309885
-3.1324086
-0.942423
-1.8360183
-2.1347303
-0.57741576
-2.2929237
0.23995811
-3.3546607
0.7922678
-0.90253514
0.6281694
2.5356786
-2.4568896
0.46049672
0.25977063
-0.12217152
-1.284914
0.022675734
-2.7547388
0.8023049
-1.52645
-0.24359387
3.5587587
-3.1851804
-1.6963457
-1.2760864
-1.1777258
1.4101685
-2.8007634
1.4473925
-0.6322964
-1.2542973
1.4144627
0.24315223
2.4727142
2.4351673
-1.0123082
0.12661839
-0.8786229
-0.9246692
2.917296
-1.0609446
-1.1780397
2.8164647
2.0086992
3.1805086
-0.95221543
-3.1980212
-0.31108457
3.9289606
-0.34002465
0.810519
-0.009993006
0.4458668
-2.2570403
-0.85321957
-2.337395
3.0856519
-1.462059
0.028456654
2.9157019
-0.8282743
-2.9793258
1.3883405
-0.07979853
1.9541802
0.97018147
-4.3735948
1.21917
-1.0331033
1.6415786
-3.2876067
0.8131681
-0.10958289
1.0754611
0.08677459
-0.0025427416
0.95055
-1.1106479
0.7182021
2.0650015
2.721992
0.1095387
-2.8136346
1.6866624
0.91127336
0.8196367
2.7347727
1.798264
3.179616
-0.034439534
-0.5851882
1.4783304
-2.4671535
1.6620936
1.2189382
1.1279848
-2.8003535
3.1739373
-2.815145
3.0328643
1.5845801
-6.686937
2.0217526
-0.5927774
-2.3656693
3.9093947
-1.6792595
-1.7575698
-4.2933345
-1.2156155
-4.5019736
0.20420747
3.322818
1.3166629
-1.0910373
-2.114501
-0.50036854
-3.1998775
-0.30837134
2.262258
-1.0063813
1.5850022
1.3379992
-0.88243854
0.03332717
0.23150939
-1.6029282
1.4621574
0.23112726
-0.8769751
2.7773013
2.8297262
-5.2213354
-1.3272784
-1.3474716
0.50223416
-0.80549854
1.6498156
-1.2558179
0.24291103
-2.558799
0.7222367
-0.637722
1.5173268
-0.0959556
-1.8130592
-0.4868884
-2.3071146
-2.5667112
-1.7049751
-1.130274
0.74886817
1.5327684
-0.5663473
-4.0213823
0.09160044
-0.8612274
-0.06653191
0.5948593
0.84206533
-1.0186036
0.21053426
-0.06360319
-2.7375345
2.5221064
2.3880043
-0.21364239
-2.348681
0.23085678
-1.5095478
-0.16067225
-1.039639
1.4725049
-0.45773515
-1.1841514
-3.0724082
-1.1673021
-1.7035975
3.309911
-1.0833176
0.0077600107
-2.082457
1.0344744
-3.3358536
-0.5535133
-1.7720102
-0.5900534
-1.0567521
0.78721905
-3.8000183
-0.44093722
2.5033927
3.4940958
-0.25330532
-2.9294045
3.2815628
-1.5966586
0.77516484
-3.9060137
1.0972676
-0.7783456
3.802448
-0.64923364
-3.8482327
0.6222727
-1.7173014
-1.374065
-1.9517395
3.5005698
2.557817
0.9307472
-0.8770306
-1.0415778
-0.14807871
0.78978926
3.0309246
1.0104678
0.4795126
-1.3431076
0.31743166
-5.323728
1.7500159
0.6920988
-0.9844541
0.98863167
-3.1715853
0.3498934
0.31772068
-0.8632976
0.89429474
0.61386317
2.8224273
0.025504977
-0.6647344
0.2652358
0.90695924
-1.9485861
1.1220696
-0.24642581
2.6619554
-1.9326587
-2.487705
0.8889243
-1.839484
1.0508885
1.2144967
1.6048023
-1.5099598
0.7393803
2.0985389
3.984138
-4.1546783
0.83550954
-1.2048075
-2.739642
-3.0350423
-0.8441029
1.6676545
2.4329145
-1.3875195
3.343499
-0.011286557
1.5639449
-0.23073864
1.2551237
-5.2223797
-1.4389052
-2.8947334
-2.8867006
5.009873
0.4170584
0.042063467
-0.72438186
0.549885
-0.56403124
0.43869135
2.2685933
-0.9740631
-0.22150117
0.017483264
-0.71094364
1.0381649
-0.04302199
-0.14461604
1.0136893
1.6408514
1.256795
-0.22196409
-2.7823002
-0.37409782
-2.412174
0.470864
-0.59524775
2.0563526
-0.6091443
2.9258711
-1.938663
1.2460778
0.26938802
1.4470981
0.6274745
1.6793605
-0.9308347
0.57360613
-1.2718424
-0.52022916
-0.46426967
-0.60914606
-0.88384
0.09219739
1.7911295
-1.3730743
1.3945148
-1.71529
-3.5294008
-3.7760236
-0.55265665
0.28084913
-3.1564548
-1.4005626
0.76128453
-0.5307069
-0.35737303
-0.48566446
0.09415845
2.6503243
-1.8775446
0.52938133
2.2830844
0.3319673
4.2359576
1.8920214
-0.82009196
1.9706795
0.708763
-0.3516623
-0.40440783
1.7257068
1.3094625
-1.3526587
1.6092353
0.5846246
-2.2386596
0.22519615
2.2788172
-1.0824051
-1.7435756
0.09287312
-1.5155798
-0.6458457
-2.4985552
0.5913119
1.9951137
-0.13948292
5.301535
-1.2226667
-2.2796047
1.1818203
1.4234241
-0.16408709
-3.3795748
-0.009398684
-0.6724178
1.6466783
-2.7030396
1.5867099
-0.79917234
1.0091338
-1.9171364
-1.7160773
0.63701034
1.9476157
-0.49861202
-4.2193694
-1.6902092
1.9825863
0.4306966
0.47144073
-1.4687946
2.061349
2.8826938
0.58186
3.6470234
0.5258913
1.1090586
-1.6981955
2.3311172
-2.3030574
-2.1677024
1.1120279
-0.54491353
-0.7092528
-0.7465128
-2.196686
-0.9150258
2.6555068
-2.4062443
-2.0318515
-0.9856581
-3.321453
0.73303425
0.10145758
-0.0021166205
-2.4481452
-0.9003109
0.29672948
-0.51755995
-1.7142457
1.4256891
0.3628507
-2.604151
1.1239399
0.6780328
4.545593
-2.029123
-0.41485074
-1.2678444
5.7137628
2.9629962
0.8785017
0.3467257
3.2146595
1.5962667
-0.040496133
-0.11383892
0.9970803
0.55925304
1.8799037
0.9001729
1.924377
1.5546035
-4.2807574
2.0259936
-0.29179257
4.03871
-0.4851752
-1.1112738
4.610299
1.0797913
-2.4375834
-0.4009165
-1.3163451
-1.9729007
2.8628745
-1.275363
1.9547166
-3.820165
-0.61685294
-3.7295237
0.99016654
2.609052
-1.6817914
-2.4390073
-2.1405542
-1.5499915
-4.0661964
-1.5942582
0.040183946
0.74458605
4.1895294
1.8463002
0.778343
1.5805254
3.7302542
1.0445716
1.7308083
3.1685715
1.4146755
-1.0559857
-1.1123866
1.9776902
-3.5859551
-0.29967496
0.3857518
-0.5992726
0.10651874
-1.3283551
0.11603437
-2.302881
2.0033646
4.117466
0.3690866
-2.8005555
1.4399005
1.9667016
2.2083547
-0.7517251
-1.9917598
-1.439098
-0.5054913
-1.5478263
1.7243203
-0.4742575
-1.2721512
0.31054625
1.5807569
-0.25475967
3.2068315
0.5872748
0.70941883
1.1133589
-1.8938888
0.39505178
0.4233759
2.1079566
1.1953255
-1.5833288
-0.9461466
-0.10694274
1.2442436
-0.9964564
-1.9451787
-3.568521
-1.2079164
-0.14211246
0.8738692
2.36407
0.47827214
-1.9567554
1.3963554
2.2383146
0.9015097
-0.19951776
-1.1859232
3.0818098
-0.61728716
-1.6600703
-0.036293495
-0.17016175
-0.011620671
-2.3112192
0.66939646
7.178065
1.4628127
-1.3033288
1.2959942
0.0007311404
3.6675303
-0.2585204
0.67826295
-2.666422
0.6863117
1.909801
3.1054208
0.35486475
-1.1291093
2.944379
0.25721595
-1.4925028
0.09609685
-2.1743913
3.7170212
-2.119029
1.8034406
-0.12105774
0.76807386
-0.22521639
1.2568313
-0.24646233
0.5851267
-0.45092154
-0.89948106
1.0634793
1.8335682
0.29076132
-0.552
2.84649
0.9840099
-1.2337577
0.8728363
-1.0994033
0.33563852
2.4782615
3.8444333
-0.7282551
-2.9623375
-4.441399
3.0569375
0.786757
1.0221479
-1.4077388
-1.4915307
-1.5647467
1.2533114
0.836737
-4.355421
-0.40637448
-0.7459804
-0.8524573
1.7709961
-1.5000464
-2.0562823
2.3989627
-1.4829558
0.9995261
0.55957156
1.433176
0.22136346
0.9076641
-1.0365999
-0.9974447
-1.4727129
-1.0176747
-0.93630624
-0.047744736
2.6764991
1.637437
-1.1322007
1.7184707
2.0944688
1.1575637
-0.99823916
1.740934
0.85133064
0.7782982
0.55733263
3.7274046
-1.4799669
-2.5787125
0.11739447
1.011395
-1.3473418
1.2588615
-0.56644446
-0.55388284
-0.5014488
2.0164123
1.0652173
1.1900864
-3.83331
-0.795923
-1.5515292
-0.19356333
0.63505775
1.8412731
-0.21399404
-1.8699706
-0.8515548
1.0744654
0.3915378
-2.0736215
3.5696208
0.11386022
-2.4741485
0.26218683
-0.40287942
-1.0774235
-5.03729
0.20846651
1.4790168
1.0573906
3.159114
-1.8091135
-1.8861037
0.58312017
0.66869366
0.17406832
-1.072081
0.39684168
-3.6294599
0.41769958
-0.32162467
-2.680136
-2.1484356
2.1522517
-0.468341
-2.0141168
-0.50337327
-2.4487886
-0.02591876
0.47087637
-1.4371295
0.23891065
2.6018279
2.07462
-1.8713491
-1.0111041
1.2608575
-0.34863442
1.104087
-0.2428385
0.1967981
-3.1899517
-0.13087532
-0.05176408
0.62878066
-1.3644855
-1.8822621
-4.702402
1.1568085
-2.1936393
-0.61011714
3.8474102
0.86411226
1.7017529
0.53097373
-2.9520805
-0.52510744
-0.34360206
4.8356752
0.46330497
-1.2445123
1.4361886
-4.1480885
0.4411336
-1.4352645
0.5809501
0.7058267
0.43445942
-0.63891554
-1.7346516
-0.81605923
-2.5604324
0.71036845
0.5584623
3.2413898
1.1953496
0.28406698
0.50790846
0.14498457
0.18745929
2.0698574
3.1798463
-1.5456756
1.7406672
-2.532743
1.1844198
-0.47945082
1.7726021
-3.35891
0.5058261
-0.40717608
0.49915236
0.46580815
0.17643005
-1.686194
-2.6947184
1.9798255
-0.044110216
2.229132
1.7732565
3.5858445
1.3786283
-1.6071727
-0.5072609
0.20856148
-1.249506
0.3118752
-1.7492146
3.8792129
2.2105942
-0.41348168
3.13623
0.64731157
-3.54525
1.5376071
-0.55339515
0.7257225
1.5681418
1.3465308
0.36042288
-1.5977615
-1.497587
-3.731342
-1.4195175
1.9147357
-5.833153
-0.03634653
2.605927
0.46816584
0.83285475
-1.4782637
-1.4183811
-0.5105123
-1.9139667
0.90693015
0.6396984
-2.0214322
2.6758215
-3.251142
0.838413
-1.601922
0.071804695
1.9330314
1.3200705
3.0950665
-0.15736571
3.9011974
-2.006829
-2.8398623
3.5655303
-0.6539821
0.027136251
1.4374646
3.1171334
1.2420894
-0.14635938
0.3500789
1.3771894
-1.6016917
2.2639818
-3.3912609
-1.3955729
-2.0896742
-0.08897735
1.0593984
-0.48782778
4.067879
-0.31975216
0.5840457
3.1220872
-1.018571
-2.8330603
-0.18173487
-0.6573593
3.643073
-1.9826432
0.2514637
-1.2526163
-3.1096303
0.89710826
-2.849781
0.42236668
3.1091943
0.10730277
2.521765
-0.55771554
1.4200735
3.247985
1.0647932
-0.58371997
4.1533217
-1.7931606
-1.4915066
3.6632063
-0.007822439
0.8715434
1.9440508
-0.26052985
-2.3477242
0.94725716
0.6091916
1.5073059
1.4722863
-0.45192724
-2.9610343
0.3923899
-1.42924
-0.8881846
0.50553375
1.871232
2.4841135
-0.19469935
-0.24081454
-0.17427838
-1.9685677
-1.4279604
-0.9143272
-1.6807097
-0.24508616
0.50109404
-0.03472303
0.31331247
0.42873606
-4.3511667
3.3146684
0.46632487
-0.040522806
-0.9929101
0.85453093
0.1589664
-0.97840655
-4.40401
-1.566254
2.6424391
-0.9406855
-1.556938
-1.4531759
-0.25629154
-3.873881
-0.508376
3.4382265
1.8165923
0.6734646
-1.6289767
-0.4161275
1.57072
1.0208644
0.08774237
0.33684242
-2.1429758
-0.7498364
3.2805684
-2.0120573
-1.1495435
-0.4013697
-0.6189526
1.6231891
0.5076634
2.676008
1.0639019
-1.5169246
2.5122867
-1.2652972
0.025191646
-1.6492392
-0.695849
-0.0448535
0.6335346
-2.1176567
-0.56730473
1.2453432
-1.1180327
-0.93420655
2.361242
-2.1953561
0.42813414
-2.1946025
-0.40959162
2.7184641
-0.78820086
1.3272096
2.1339025
-0.9025005
-3.1898358
-0.38985664
1.2339625
-4.446989
-2.3848815
1.322601
1.5568548
-1.5326947
-0.28421682
-4.0501075
-2.241646
2.3697293
-0.32337183
-1.4141375
2.136968
0.90134734
-0.8148186
-0.77507204
-1.4023112
-0.31524482
-1.4155216
0.035428323
2.5094213
1.1068387
0.9445075
-2.8846045
3.1248772
-0.07709313
2.3324077
0.3805941
-0.3242196
1.309418
1.0095733
0.2817842
0.23506555
0.99890554
1.5312847
3.360445
0.990097
2.4627655
1.894089
1.0760388
0.14998242
0.99553084
1.0061924
1.6506774
-0.63214356
2.0438008
2.2078946
-0.12394939
-0.21385387
-1.6982828
-4.09128
-3.8200037
2.6579185
-2.3290431
0.9414621
-0.57858855
-0.015110254
-0.6555404
2.8694708
-2.1443636
4.682101
-2.310157
-1.72109
-1.5358139
-2.4894521
0.19332898
2.5011492
1.7262969
-0.32068202
3.6431708
-2.9377344
-1.0353321
-1.4279995
0.38360578
-0.4198243
2.9891198
-0.49416408
2.757781
-0.5277128
-0.6585651
-1.8621011
-0.7050569
0.8368239
0.303501
2.0824838
-0.62389016
0.85388464
-2.6059158
0.47199118
0.41725552
-0.030682892
-0.14324631
1.9345667
-1.4808872
1.7789472
-1.9133848
-1.778639
-0.52742195
0.33463982
0.81194997
-1.0239279
0.4497612
1.352215
0.63805085
3.0789025
3.445001
0.80886734
1.7753556
1.8097214
-1.0311701
2.9039173
-2.0060012
0.42619812
-0.5133869
-5.1422167
0.8964218
-2.0904138
1.9261262
1.6225247
0.26643804
0.90722764
-1.2229743
-0.012703557
1.6096677
3.0821924
-2.070812
0.028777983
0.74068016
-0.144023
-2.438109
2.4400253
0.06268713
0.35430312
3.0803828
1.2332609
0.7699817
0.081076644
-2.5531142
2.6321247
-1.203843
0.772018
3.0669737
-3.393618
1.9259558
-0.9567926
1.4364507
-3.206156
-2.6238933
-0.6144001
-1.8148278
-3.5636296
2.4406698
-5.3404255
1.7588289
-1.1441429
-2.7207377
3.8133976
-1.191922
1.0588236
2.5611098
0.2120975
1.9848483
-1.178035
0.42703724
-3.804835
-4.114461
-2.2975073
2.86982
-2.1772618
1.3059537
-0.4412148
1.151861
1.0355425
-0.91202617
-3.2928507
1.1246268
-1.2937409
-3.674423
-0.014687762
-1.0834558
-0.9365195
2.0916708
-3.1312106
-2.7358868
-0.4962918
1.1826838
0.7479796
-0.7281502
2.763022
-0.19447604
0.008183815
2.1818209
-1.0843639
0.31866977
-1.9012847
2.6161468
2.942541
0.47982657
0.75163615
1.2778347
-0.76850265
-1.8202771
1.5789982
-0.7463718
-2.650255
-1.272387
1.3777606
-0.31091154
-6.5301375
-1.6049602
2.0101757
0.32309523
1.4834095
0.5630981
2.7795715
-0.63538015
0.065043904
-0.7605983
-2.370724
1.9530141
-0.5478735
2.9087615
0.7902363
7.0961523
-3.1194952
0.023252826
-0.05534383
-1.0425439
-0.5186898
1.9430802
1.8190107
-2.6732125
0.7125193
1.9467665
-0.02146604
1.4790262
-1.3948388
-1.1354994
1.2376826
-2.1565416
0.44186464
-1.6351274
-1.7431569
2.52722
1.6579001
0.34988874
-1.6425314
3.062297
2.647041
1.1062247
1.5624907
1.5395207
-2.2559302
-0.3375142
-2.5396905
-2.8639288
4.0337987
0.6547427
-4.3197947
-0.23242824
-2.2616925
-1.3673065
-1.8522378
-0.9299349
-0.07592103
-1.9956678
3.228153
0.33730155
0.42082152
3.62802
1.8356131
2.0239463
2.235048
0.118000016
-0.6582743
-0.801364
-2.8606367
0.09295712
-0.8048539
0.46106556
1.662292
-0.09696672
-0.035044923
2.3503637
1.4933641
1.4639702
1.5523732
1.652719
-2.609733
-0.030946337
-0.07657046
-0.23952745
-2.4472008
3.916894
0.41807657
3.6139545
3.7632766
4.8495307
-1.3857617
-0.8143211
-1.5725453
-0.97311133
1.3097248
-1.3119447
-0.07411541
0.16632546
4.435506
0.34317428
-0.47444934
2.1144314
-1.654324
-0.32981092
3.0256953
0.51079863
-0.19935471
0.89874494
-0.211163
1.6117063
-3.1779666
-0.15495458
-2.5749457
-2.5145807
0.41442895
0.23918682
4.327976
0.13579997
-0.5034227
-0.24251795
-3.7283306
1.6191458
-0.4200115
-0.31967348
1.314833
2.432552
0.12800813
1.6094778
2.0125775
-1.2901037
1.7867125
-0.04504388
1.0927012
1.5669799
1.1113399
-0.59644634
2.2961826
2.5423918
1.4488417
-1.4849625
-0.15564048
-2.9904587
0.49632776
-4.275878
-0.92343843
-1.1858275
0.09677762
0.40025902
0.03538011
-1.6309199
-2.2218196
-0.8058204
2.8524013
-0.28404653
2.7437556
-0.35150546
1.1944962
0.71211267
1.4520054
-1.953581
1.9997178
-2.852234
0.80968386
-0.3258853
-2.4888883
2.1400518
2.4911845
-0.2571633
-0.04073343
0.60679626
-0.08797716
3.9257822
-0.97395366
0.83437437
-0.48477086
-0.33932403
0.19312125
-0.52726895
-3.2250798
-2.1005185
4.572168
1.3530159
-5.1193643
-2.440478
0.33055434
-0.54575527
-2.354656
1.4580715
-1.7991326
-1.429726
1.4772557
0.0065299645
-0.84470457
-0.38170838
2.445824
0.5030074
-0.7907873
0.5668252
1.13636
-0.1659626
0.2377623
1.9064419
1.3912756
-2.0900264
1.2627887
-2.4069884
0.9083796
-0.6243496
0.124080576
0.24395719
2.8018007
-0.71976066
-4.3162923
0.6347219
1.0364045
0.2584553
-1.4946281
-0.68052185
2.7259455
-0.89378947
-1.7301226
-4.670435
-0.6861209
-0.3818376
-0.79987645
0.5051448
4.127662
0.12042463
-0.24249962
-1.9388736
-0.6009306
0.9507571
-0.7695906
0.105542496
-1.1221524
3.862115
-0.3603437
-0.64253616
-2.6290603
-3.6939266
0.61765593
-2.8929322
1.657386
2.5196831
2.9399579
2.3107762
0.41011715
-0.046358746
-1.198211
-0.55377185
1.903174
2.8843372
0.010331571
1.8150033
0.16455024
-2.675161
-1.8927451
-0.30862495
1.6563721
-1.3549905
-0.34917372
-4.7407556
-1.6459963
-0.41555926
2.8337896
1.220011
-4.3005977
0.47384614
1.7304435
-0.8456766
-0.0013653114
0.58246386
0.5380317
1.7770666
1.4335318
0.5925975
3.9873874
1.2441508
-0.01333046
-0.9141892
-2.9321299
-1.2145851
2.0414395
-2.6015751
-1.0438781
-2.1210737
1.467235
-0.519204
-0.53496486
-3.7938583
2.4428902
-2.7919552
-0.57775503
-0.11276565
-1.7407755
-5.5516376
-0.99242777
1.083116
-2.4790168
1.3531811
-1.0243925
-1.9395859
0.097035415
1.1388367
1.9988368
-2.263224
-0.52555543
-2.0438504
1.8611813
-0.20268518
-0.2740957
-2.305052
2.4386218
-0.12774825
3.699364
-2.883289
0.41030908
-3.4694607
-0.9376949
1.0998251
3.049237
0.39275163
-0.36191836
-3.2173133
0.9287786
-0.89644355
-2.343423
-1.2918999
0.9840432
-0.073248506
-1.9397008
2.0295746
-0.72131354
3.117291
0.69100934
-2.169154
0.8600494
1.1462597
-1.0311258
2.6060388
2.3448684
-0.6296168
-0.7868189
0.28809032
1.202553
2.6076722
1.7656578
2.2517846
-3.3110538
-0.92260116
-4.6521
0.39809853
0.73488396
-2.7933674
-1.8941573
-0.08351075
-0.5965534
-1.6355462
0.6826388
-3.0587394
1.3316694
-0.25322583
-0.59432554
2.4028366
4.4278464
0.533999
2.5335999
-0.068432845
4.1886744
-0.23180982
-0.76856446
0.40887243
3.1846042
2.8505323
-1.830282
0.5211328
3.489179
-3.187385
0.52680045
1.2020437
0.56381965
1.956262
-0.7626315
-0.71040934
-0.6241096
-1.0785539
-3.0884902
4.153863
1.3774265
-1.7138761
-0.5938478
-1.1511321
-1.94274
0.5815929
-0.11090277
-0.9377015
0.29235163
1.9151162
2.1437352
1.1311827
0.806164
1.3507472
-0.3714517
-0.4568929
2.5302315
-1.2725923
-1.9139562
0.63020533
-1.8177904
1.605404
4.425418
-2.8112073
2.2083256
-1.5530169
0.4475517
-2.4129364
-0.5277449
1.6114252
-0.033920355
-0.5277921
-0.52236116
-1.7588794
-0.4089237
1.3364834
0.53181285
-1.7847104
1.592651
1.7996242
2.3224835
-2.6644394
0.45175618
1.233832
1.3729906
-0.41496503
-2.2150779
2.629376
3.3230176
0.41912702
0.9465209
-2.7453642
-0.0011725873
-1.7571758
1.7655834
1.1691724
0.4942127
1.7442838
0.94615984
3.257964
-0.8512089
1.8958331
1.7578428
0.33392718
-0.7711254
-0.08244136
6.94466
1.4534547
-2.1968927
-1.5830009
-0.97451687
-0.282266
-0.45525432
-1.3643013
-2.500215
-0.6763254
-2.8419964
-0.9313908
0.2554792
2.0405674
-2.928279
-2.3605251
-3.7076778
1.6605052
1.3443184
1.1390616
1.0759888
0.23708463
3.0324926
-1.8195794
-0.4682505
1.1964628
-0.32622758
0.292022
-1.6336981
1.802919
0.3433782
0.4333222
0.1766276
2.9608111
-2.0421271
-1.6913601
-0.890515
-1.2286704
0.3610122
0.6483441
-0.00036168844
-2.3624303
-1.635256
-1.390687
0.503795
2.2907991
2.6356497
-0.6927959
-0.73437726
-1.2543054
-2.1570582
-1.2909132
2.6982863
-0.7221239
-0.8234051
5.0112286
2.8348045
-0.61790353
-2.4407055
3.488546
1.2627072
0.759965
-1.9861366
-0.69975173
2.247352
1.119816
-0.36897653
-1.2960758
2.2233803
1.925557
-1.9391578
-4.2228765
-1.9752059
-0.52872694
-2.5757177
-0.016556203
0.20725635
-3.111768
-1.6675795
-1.6780443
-0.4137593
3.2497613
1.5346813
-0.17944954
2.5603077
0.75208277
-2.2214987
-0.7072864
0.71033865
-1.4471829
-1.920643
-1.9141023
0.44509488
1.3421026
2.0208054
1.7897164
-0.7434023
-0.16776557
0.96588886
-3.099295
-0.31342122
1.839332
0.50337553
-1.3664652
1.1128287
0.6255017
-1.8904778
-0.9193898
-0.83906406
0.87750155
-4.004699
-0.6994497
-0.17455408
-0.45574015
1.0583766
-3.9065259
-0.5159493
-4.168657
-0.035837278
-1.2301543
3.1781387
-3.7056653
-0.35170817
1.5078573
-1.5988373
-0.091339014
-1.5658612
-3.4823997
-1.378068
1.7966443
0.5285982
0.33230105
-1.9097091
-0.106130116
-2.5364645
0.2591666
0.54150844
-0.64262974
1.854168
-1.0785891
2.0899
-2.359117
2.3342414
-1.249804
-0.9523145
-1.5881053
-6.0699635
-0.2579044
-0.9244264
1.5405834
-1.8833101
3.047962
-1.9864604
-2.1199765
-0.8610149
0.6073235
3.1095424
0.5499668
-0.24590217
1.8544513
-1.9823575
0.58714825
-0.8147574
1.1089925
1.4608189
-0.3806817
-1.1207242
4.221615
-0.80626464
-0.8797781
-0.79423666
-4.27032
2.9134884
-1.8461633
2.103463
0.4208208
1.1690527
1.1190947
-3.8663545
0.921518
-1.4391428
1.5463126
0.29793385
0.0046223775
2.6483488
1.8967484
1.6384172
1.34509
0.856223
-1.9154524
1.9370598
0.91911477
-1.1098758
-0.6226402
-1.5868621
-2.3380134
1.1890581
-1.094244
1.2045041
1.1603594
4.354072
0.86089903
0.40635777
0.8847107
-3.284734
-3.3653505
3.8810558
1.686349
-2.907085
-0.27073738
0.15569416
-2.0388236
-0.43637833
0.35895425
-0.17730717
-0.6119845
-0.863139
0.526467
-3.5525277
0.038263295
0.47437254
-3.0417154
0.11797303
1.6737525
3.9151547
0.3534916
1.053019
-3.581529
-2.7330966
-1.3697144
-4.534751
-1.0845664
0.20937647
1.1080877
-3.2913296
2.8558207
1.1830182
-1.3441832
-3.239861
2.2887309
0.66386694
3.0091217
-1.9100944
0.9376435
1.1907438
0.94307137
-2.9116044
-3.6237433
0.7994578
0.32889667
-2.1367185
1.9093416
-0.67822105
0.44258285
-0.56636083
1.6635119
1.1166292
-3.0704641
-1.6023535
-0.77123064
5.186768
2.283971
-0.98654765
0.02049335
2.611901
-0.41004407
-3.2630954
-0.33265984
-1.7507055
1.4675354
-3.286924
1.0914253
-2.180047
0.014650676
-2.1804254
-2.0912058
-0.61865425
0.15052783
0.5902365
-1.600433
1.6062869
2.6347303
-0.17835286
0.6774563
1.889262
-1.2864707
3.0716457
2.9841
-0.18056121
-0.6396378
1.1841397
1.4295503
1.1837243
-3.2609906
2.2448788
2.8199534
-1.1211848
0.8830537
-1.2365391
0.15021828
-1.311965
1.3453246
1.1921629
-5.551815
-0.38251564
2.8951077
1.1845783
-2.11271
1.1720434
-0.8683263
1.5537976
1.3356267
-2.2354338
0.446105
-2.1370463
-4.401831
2.889861
-0.43108135
-1.1415592
-1.3582698
3.4244702
1.5076716
0.13053516
2.1815102
0.22926888
-0.44743633
0.7761435
1.5173495
-0.70664936
3.1090376
-0.5041636
-1.7261965
0.09750246
0.21335211
1.1422323
-1.5764432
0.41316858
-1.6619983
1.1577644
-3.0881836
-0.048188288
-1.3802708
-1.2970647
2.0487971
0.45481348
-0.45935386
-2.2738447
-1.4931737
-0.4685776
-0.35734224
-1.0669882
-0.60438126
-1.5542679
-0.40142795
1.0390217
-0.8747768
1.070424
-0.44446564
1.0297742
1.6681623
0.19075835
-1.9504607
-0.279692
-1.7653356
-1.1181182
1.6510514
-0.39889738
0.17048478
-0.54887384
-0.24314547
0.24258992
-0.84618115
-1.2528696
-2.7997553
-0.93668157
0.28899595
2.2216744
-1.1442106
1.3867412
0.021826655
-1.5210874
-2.4873106
1.5329651
-0.2195707
2.4636908
-0.5665412
-1.095913
2.6409035
-1.730842
0.08808748
0.75201494
-2.1946044
-0.7277881
0.4735273
-0.9572881
-0.061930593
0.10948256
-0.040752325
-3.1421177
-0.2962285
-0.50974447
-1.5408614
0.41451544
1.62242
0.46727517
-1.2425593
1.2389016
0.31799662
2.7814772
5.265594
0.3820503
-1.1924007
3.267552
1.0474092
0.28603554
3.4321969
-0.9527636
-1.9407264
-4.750611
1.4468929
-1.4899832
-2.9177463
0.48822844
-0.9265551
0.12698574
2.1558628
-3.3115346
-0.6567242
-0.61649054
-0.24196371
1.2983258
0.0643456
2.1938584
-2.9449925
-1.3752242
-0.9217528
0.88374853
2.9566584
-1.9295812
-2.4564083
-1.6078695
-0.4386673
-3.2353559
1.4991764
-0.4600444
2.2183614
2.34054
2.4427907
-1.1031843
0.8404668
1.1520838
-0.08925401
-1.2383465
-0.30754054
1.2962462
0.8022698
1.383029
0.10018115
0.3004552
-4.174561
-0.76114905
-1.2594061
-0.73593533
0.871745
-1.3321627
4.5330925
2.8425808
0.71736294
1.5557653
-3.0501237
-1.9325432
0.03448411
3.1463385
1.5141829
-0.07233359
0.19658202
-0.5753965
2.2596085
-1.3195215
-1.4499177
1.470604
-3.6832297
3.1924093
-1.3631002
0.044257842
-1.1507651
-1.3920754
2.0758905
1.0953327
-0.02448573
0.7418029
1.1528273
-0.107156076
-0.08470336
0.11789355
-3.5425029
-0.9120755
-1.4177241
2.6573606
0.12232356
-1.999218
-1.1010773
-1.3231851
-0.41003454
-2.7023067
2.1485505
-1.9314905
2.1788054
-0.794722
2.0583909
0.4088719
-0.46466497
-0.8209736
1.0219897
-3.0003266
-4.8744183
-0.54478264
-1.8679258
0.88784075
0.47038543
-0.82478356
1.8780034
-2.4942122
-1.9352115
0.7720942
-3.9958668
0.91345674
-0.031595487
-1.4991102
-1.4996732
-0.4223951
3.0199838
-1.0687419
-0.52614474
-1.1810344
-0.8648698
0.10711048
1.4092005
-3.136378
0.5697363
-5.3334804
-1.0316095
-2.0939806
2.1245685
-1.751025
-1.675182
1.259905
2.4841442
1.8112823
-3.8718727
-4.083325
-0.22025217
0.81148463
1.5857189
1.22745
0.067988254
2.486338
0.80895007
-1.4065392
-2.1695
1.3217564
0.8272898
0.075217076
1.0923184
2.5990002
-0.071107656
-0.40811083
-1.6456807
0.6577594
-1.6090035
0.9752252
-4.671735
-4.7391696
0.662509
-0.321554
-0.66358274
-0.3153204
-0.4974854
-3.0412846
-1.0968604
3.7584333
0.8373003
-2.4502447
4.121385
0.15965538
0.68414783
2.8785498
0.33516997
-4.159123
-0.38271827
-1.4944386
1.2000207
3.2449617
4.7316523
-2.8670237
-0.61064357
0.19854659
-2.1013021
-2.0442407
2.3202534
-0.9021066
-2.8241858
2.8126001
-0.34451717
-1.4617727
-0.34349075
-1.4762068
0.23176163
-0.3231015
-1.338913
-2.6828668
-2.619139
2.0670004
-2.024523
3.116775
-1.6828889
-0.07520458
-1.2619274
-0.24634644
-0.08613287
0.10159537
-0.36729202
-1.8120171
0.5724635
1.2361537
0.443196
0.78819513
0.95442593
1.2010844
-3.1487365
-0.68624395
1.4515089
-0.5958567
-1.5316823
-0.5710322
-0.43926203
-3.5087118
-2.45281
-1.5967786
-3.2890966
-1.4663692
-2.113168
2.4675713
-0.724522
-1.0708873
1.0864384
4.779827
2.161932
-1.8550826
-3.3016572
0.67858607
-0.14846697
2.4975162
-0.59051454
0.39708155
0.26385736
-1.6572351
-1.5247272
-2.967096
-0.9458656
1.8921818
-0.036448292
0.7438074
-2.2663424
-1.591261
0.24774906
-2.7378747
2.0319874
1.1561853
2.0121522
2.2802012
-3.381122
1.6240544
-1.874332
0.32961267
1.7747737
-2.0389028
0.29497993
-3.4600208
0.65255225
1.779357
-2.0490503
-1.952495
0.94773763
1.9978352
3.223464
-0.69092447
-0.3095217
4.6254783
-2.4367707
-2.1936204
3.7839992
6.1387925
-2.1770172
0.797088
3.8281124
1.3286052
3.955657
1.4650601
-2.0302901
-1.0651121
-2.4710205
2.7383428
0.24019793
0.33208796
-0.72581774
-0.09541015
-1.2798581
-0.28931683
1.7682734
-2.5519474
1.6600404
1.9770987
2.1645591
-3.5192528
-0.61667925
-1.2345757
-0.2350699
0.21971798
4.5618815
0.057162553
0.3578959
0.5564497
1.4457474
-1.3322122
1.4751263
-3.1001408
-0.84361416
1.2299278
-3.536366
-0.86377823
-1.0993209
-1.573225
-1.325995
-0.30361736
0.39168763
-0.57555073
2.0773294
-2.029272
-0.103674196
-0.5414709
0.6506969
2.203268
-0.19536826
-0.6932044
-1.2459468
-3.0262072
2.9548848
2.4071088
-0.13128892
-0.78888905
0.729424
0.10376012
-3.073091
-0.34590724
-2.9971771
0.9407306
-1.2739441
1.4279131
2.2703006
-0.061820067
-1.2819118
-3.112753
0.52590024
1.9075383
3.8852432
0.123590685
3.0985267
-1.0771636
-0.8554303
1.1800851
0.42173916
6.3354073
-2.8879113
1.6438751
0.29680106
-0.09780335
0.9093315
2.264537
2.3553
-1.5766362
0.6141578
-2.0085287
-0.65158546
-0.33136445
4.104376
-3.3114192
-1.7725111
1.5989969
-1.10585
-2.0173237
0.19895978
-0.27675444
-1.3841425
0.3102248
-2.2045145
0.6046563
2.134502
3.0688725
-1.2756394
-1.0529356
-1.7799199
-0.35374966
-2.4022539
3.2450383
0.29137892
0.9409598
1.5319388
-0.057892554
0.6806247
-3.215487
-1.1542305
-2.6568067
1.2845261
-0.5698119
2.1516898
0.9877994
3.294984
-2.2604825
1.6000793
0.37201422
1.0285152
-1.6013868
2.0118716
-1.446305
-3.5981498
0.8489245
-2.1047242
0.5957911
-1.3240215
3.169492
3.7114825
-0.30396146
-1.7240525
-0.77766687
-1.2004981
0.26543385
-1.8018516
-1.3893828
1.5982231
-0.7212914
-0.6649631
-3.3318572
-0.2652344
4.289966
0.009991862
-2.1459467
-1.8153751
1.1563104
2.6740212
-0.06300453
-0.21316767
-3.6788123
-2.379444
-1.8723165
-0.44365248
2.2616134
-3.081472
-1.2356745
1.1435262
2.2695045
3.8598642
0.74545604
0.66130483
-0.7436229
1.776332
-1.0507358
0.19991001
-2.522661
-0.76092386
2.2300093
0.9909256
0.102750234
0.23145702
-0.28579643
-2.99437
1.0440215
-1.0189368
-2.7081285
-1.2376349
2.5666769
0.17122194
1.5847635
-0.74728745
2.8915112
-1.5076501
1.3619525
-0.67309
0.44167256
1.5442508
-1.3913895
1.7012874
-0.56006604
3.0570886
3.383196
0.30508918
1.066236
-1.0549629
-2.7570264
0.799225
-0.459291
0.76666665
0.55967003
-0.66940856
1.0232282
1.305772
2.2514071
3.060936
0.6384564
-1.1275607
1.112689
-0.5117601
-3.877111
-1.5446346
-0.41014132
1.8724693
-0.7795813
0.39004815
0.7420268
-3.3967557
0.07931237
-0.91165227
0.6569318
-0.24513139
3.191741
-1.9296288
0.82067186
-1.7283573
1.7617954
-0.22419733
2.0344446
1.7439468
-0.46019137
-0.7629802
0.6768726
3.1259384
-1.5665562
2.309001
0.5601744
-1.4176579
-2.6412435
-1.9764504
-2.6831799
-0.9011259
3.0025747
-0.9516537
-0.0064072534
5.726616
-0.37116855
0.69689924
2.9360676
1.154292
-0.070122354
1.0061125
-0.69905436
-2.0634983
0.09216164
-0.3028655
2.6437593
-4.586653
-2.4953117
0.17174652
2.7666473
-1.0970124
1.945972
1.521743
-5.203018
2.2598996
1.6214132
2.5308392
1.7125348
0.050810374
0.33406833
0.51013184
-1.2186066
3.2708936
1.1654409
-0.9506486
-0.83659166
0.2323932
2.1612551
0.14650233
-1.4737207
-0.7692959
0.0041166916
-0.42062858
1.3993578
-4.035876
-1.4113466
-0.7401766
2.207228
-0.56421256
-1.5367872
0.23294446
0.41756552
0.31192398
-0.56163675
1.6606373
-0.11466918
1.1498128
-3.0288472
-0.39742345
-1.2437198
-2.2453701
-1.6195099
0.7451318
-0.29498196
0.56225395
-0.72714
-2.4934669
-0.21767405
0.097624645
-1.6728846
2.1904073
-0.25128782
-1.1306578
1.6543046
-0.26649663
2.7204928
-1.6654384
-0.284238
0.1202061
-1.2055814
0.7704965
1.3128897
2.952697
0.122818135
2.9640398
-4.095107
-1.1272879
1.5697372
1.3626043
1.6003277
-5.602543
-1.3342648
0.7821663
-0.075942196
-0.48448882
1.1808922
1.4984372
-1.2928134
-1.8881366
-0.5848763
0.8622951
0.056490622
-2.8362632
1.45483
1.215593
2.8225045
0.13321853
-2.623134
2.1803112
-2.0092082
-0.4304018
-0.47660178
1.297392
1.5632285
2.2264812
2.7250726
1.9079425
2.3290896
0.42549804
5.3194833
-0.6036752
1.847976
-1.4003651
-0.616419
0.92334265
-0.43482327
-3.1949122
-0.1483252
-2.4171863
-0.36749294
0.2789925
-0.3151526
-1.2219237
-2.0258229
-0.012058906
5.644374
-2.60014
-2.4744997
1.0743427
1.2155455
-0.3578111
0.73450786
2.921774
-0.57760215
0.21907774
3.1012485
-0.27682188
-0.47761625
2.620226
-1.7153109
-0.50723225
0.3712046
-1.4300456
-2.3485446
-1.8062809
2.8413262
2.2148967
0.3721461
4.708604
2.1565776
1.8201318
-0.89472264
-0.40050215
0.94683844
-1.8888707
-0.40704006
1.2476097
-0.09091548
-0.22169626
-1.6396197
-3.2192564
-2.3507924
-3.4629087
-3.3674977
-0.44209
-2.7560093
3.373268
-0.9120101
-2.3787303
4.19211
3.3855293
0.97404575
1.4294503
0.44952857
-2.666684
1.4670656
3.232012
1.6778219
-0.38650578
1.3496714
2.1491523
-0.67975444
-1.5993842
0.61550987
2.7358673
-3.2140944
-0.9523323
0.4536981
0.85132635
2.711818
-1.6931971
-1.7644564
-0.7435098
0.5683628
-4.984427
-0.23039627
-2.1323972
-0.48583114
-3.5291204
-1.5592569
-2.5127625
0.47007298
0.3162952
1.3799603
-0.6893547
-1.3054113
2.9412498
0.72401804
2.6537216
3.1420963
1.03453
0.6418062
2.5974529
1.8669828
-1.7798295
0.54090816
0.8423033
-0.64540946
-3.001552
0.5927855
1.7817751
-0.5413944
4.5586653
0.9041829
0.7693263
0.73764044
-0.9595019
-2.040604
-1.6012179
1.0723337
-2.478164
3.2757351
-1.8561859
1.1112747
2.9704576
1.1611949
0.7949461
-2.6737628
2.6387887
4.5553756
-0.7344731
-2.8317544
-0.83346325
-0.08218838
-0.8541206
-0.4536921
0.40872598
1.4824857
1.1127223
-0.02700197
-2.0850787
1.800142
0.25871217
-0.35704356
2.2460938
-2.2646525
1.6875439
0.43326724
-0.43588382
2.9233212
-0.3671325
-1.1513846
-2.1398222
-0.58035034
1.4646682
1.6915646
-0.48589808
0.9822593
-1.4358301
0.31415278
-1.786659
0.47954556
-0.6410603
0.6267859
-0.87572485
0.629478
-3.1255913
2.4895177
0.8053163
-0.06270726
0.028116535
-0.25997105
0.44228786
-0.39910468
-3.9977095
-0.81130743
-1.4741685
-2.9560325
0.6637276
-0.8494708
-1.2079779
-1.731345
-1.054612
-2.3023868
0.7057183
3.6549482
3.086014
1.2185259
-0.07122808
-5.8471594
0.1099659
0.80462575
3.1035805
0.9366667
0.5574616
0.5981584
0.9014378
-1.2532299
1.0134251
1.6079773
1.3560896
0.027139977
-0.5397614
1.3834198
-0.71073407
1.9451841
-1.8803091
0.20876743
0.3272713
0.9473003
1.5984404
0.8561955
-0.58154243
-1.0535126
-1.7758285
1.3173004
0.114217415
0.7983299
2.4659796
1.5631427
3.0959492
-0.7336324
-0.8849076
-3.6075244
-4.90567
0.3637355
-1.6969573
0.052338924
1.060774
-3.0669422
0.03849712
2.0062032
0.79276276
0.9616312
1.2300483
1.2056146
-1.7048379
4.2356133
-0.98135155
1.9597054
-1.4137485
-2.4208236
-0.317535
0.69960463
-1.3218427
2.767279
0.08639431
-0.9894751
-1.9193
0.13896315
-1.7393342
-2.1723623
-2.8489869
-3.9539251
-0.8489182
-0.27079633
-2.5140643
1.0000942
-0.52882695
1.1393788
-0.34536183
2.2873726
-0.46814635
2.6786861
0.052936055
0.9698929
-1.1385179
2.182525
-0.0008240342
1.3565431
-1.2457813
2.0052893
-0.54031783
0.47776604
1.2287215
1.776429
-4.1192436
0.7906815
-2.862881
0.11878665
0.26806232
0.5959673
-0.7540722
-0.4981741
-2.5538228
-1.2699251
-0.11331273
-0.9902535
2.4586546
-4.3123546
-2.1833491
-2.0171206
-1.7758015
-0.27364755
2.524608
-0.667625
-0.046976894
-0.8983312
-1.8209411
3.582691
1.2889606
-1.5016792
-1.0754523
-3.5645325
-2.1439064
0.78114927
0.6446796
2.261069
0.119597346
0.45798427
0.8551688
0.84283394
1.4639034
-0.21660519
-0.22203662
-1.340999
-2.9539678
-0.0003142208
-4.4224486
-0.540951
2.9831152
3.463922
-3.6437483
-0.38376153
-1.0417707
0.984535
-1.8788131
1.5656458
-1.0421041
-2.9201794
-1.4141893
-0.82933426
-1.2822939
-3.1851304
-1.7780228
-0.18870148
-4.0838914
3.185187
2.8385112
2.217126
-0.39489633
-1.8965868
0.15746114
2.1595132
-1.1975993
-1.6672049
3.4634771
0.8204001
1.4354733
1.0935035
0.8337795
3.1496904
-2.012919
-3.0615873
1.2673209
0.2743448
-1.4880352
-1.134777
-0.22390507
1.3530325
-1.6499941
3.8696568
3.1559587
0.14143911
0.270547
0.61764246
-2.6339111
0.18659328
-2.093416
1.0516866
2.4217563
-1.1665399
2.2120357
1.4301169
0.59594786
2.8411942
0.09471591
-3.009571
3.2032044
-0.5821489
2.6450417
-0.8477189
-1.3930583
-0.64062417
0.21732768
-2.1218152
0.5451145
2.0484343
-1.3847177
-3.2216225
-1.6688755
-0.23681338
1.2813041
1.7837304
-0.52904683
-0.46519816
3.0058074
-1.304759
0.03125304
-1.0574454
1.008729
-0.82437485
-0.6350414
-3.7639184
1.7334468
-3.655399
-2.336996
-0.16888441
-1.3730934
-1.2538861
-0.90202737
0.3358937
4.313542
4.1483173
1.5922391
-1.091382
-1.9626656
1.7385024
1.2756431
-0.709362
0.021763787
-0.07507547
-1.9547206
-0.38070866
1.3434724
-0.1002969
3.913481
1.2737947
0.14573735
-4.23643
-1.7475725
2.508775
-4.9550624
-0.96124667
-1.3490136
-2.053573
1.289194
-0.58353055
0.36186752
5.158754
-2.5136063
0.67290723
0.58936733
0.590802
1.190441
-2.3369617
-0.10376747
-1.6883425
-1.1549928
-1.4209987
-0.83985335
0.97583324
-0.36212462
-0.59445506
-1.3705344
-1.5508568
-1.7023935
-1.4895666
0.66898394
-0.957879
-1.4480709
0.4469966
1.7230308
-1.3497131
0.5488611
1.1539767
-3.129146
1.7976996
0.63005185
0.656379
-0.3759254
-2.9920433
1.9861271
-1.8620652
1.50545
-1.4016913
1.0388104
1.3883586
1.6301244
0.6013165
0.8181079
0.6262824
2.6387727
-2.0837815
-0.32876712
-1.0406138
-3.8365204
-4.4085064
-0.6272041
-1.4222914
-1.2644056
2.5705047
-2.2134223
1.4449979
3.6946833
-1.4727148
-1.4389366
-1.6233116
0.7539567
1.1777499
1.0902479
-1.0602591
-2.224925
1.6906837
-0.7356623
0.9926336
1.616066
0.82700837
-0.39232063
-3.0377042
-2.8092005
0.09000196
-2.6850443
-2.3413749
-0.0538231
1.329734
2.8664827
2.1770597
3.5452409
-2.9382687
0.021488547
1.3282022
-2.1382527
0.41748577
1.8421435
0.3195229
3.0990727
-1.1833704
2.0997634
-0.8721224
0.55492043
-0.62488914
-1.6460034
-0.024323255
-1.66515
-1.0443823
0.2666517
0.47873563
-1.7736391
-2.7438743
2.4647532
-2.3012743
-0.91579443
2.6916044
-3.5347066
-1.6529927
-2.563666
0.40909547
0.7280052
-0.30727446
3.0874434
3.525168
-2.4377925
-0.8931356
-1.4534253
0.27429274
-0.19159216
-0.004120238
0.32825637
0.30390516
2.0710778
1.469831
0.22690606
-1.0533118
0.20152651
-0.1820949
-2.4998622
2.553719
-1.8310244
2.0993843
1.0142274
0.17461547
1.8413427
-1.7351334
0.9675249
-0.4917885
0.88837856
-1.6249189
1.2767535
0.87310815
-3.9498732
2.5497818
1.3708541
3.2833574
2.117321
-2.8132458
1.1715512
-1.179011
-0.59739375
-0.16193005
2.0911965
-1.506843
-0.9844304
3.0262098
0.052260682
-2.7688882
-0.123104505
0.9042176
-1.6597947
-2.9794283
-0.8395527
3.2912285
-1.5824484
2.4639244
-3.46359
-3.2453382
-0.81404614
-1.0132855
-0.7935499
1.8601962
1.0432929
1.7251756
-2.123749
1.3120584
0.9729637
-3.3843212
-3.0060735
2.169232
3.5440092
-1.0869029
-0.2387469
2.838239
-0.85956216
1.6570617
-1.1833847
1.2484064
2.4796424
-1.3534658
-1.5882943
0.33292535
0.45614246
4.604623
-1.0050869
3.8583846
-1.3365725
-1.1577545
-2.0108814
-0.33334252
1.2848253
-0.5780597
0.61233324
-1.4045913
-1.3281331
-1.0507188
-2.5680385
1.8204286
-1.8259176
-0.65361273
2.609101
3.7422462
2.4750004
1.5484918
0.11098079
-1.531219
-0.75835955
-0.19987488
2.9744103
-0.72862095
-0.25881618
0.9543948
0.61079603
-0.32104337
0.3265974
2.8659008
1.4290514
-0.4246998
-0.16779494
0.4896165
-0.52463794
-1.5824329
1.09677
4.0798492
2.1457107
0.6870764
-0.14907421
0.26279232
-2.4988134
0.4356509
-3.1770558
4.417733
0.2037901
-2.0230525
3.854453
0.77033055
1.5099876
1.5776547
1.7300822
0.87241995
-2.4390204
2.180309
3.5632446
-1.2222178
2.1977243
-2.5165389
-0.5039239
1.0973942
-2.5890162
2.8588095
-0.335155
-2.5844738
0.113617115
-0.42912316
0.27579972
2.1608193
1.2442682
2.1291955
1.2331113
-2.0079803
-1.8188196
-0.07823232
2.5547056
0.3343638
-3.0126717
-0.7269839
-2.0182688
-1.0546294
2.9393513
0.8536402
1.8118001
-0.21117905
-3.065666
-2.0922523
1.7051368
0.13339844
0.9903702
-0.559243
2.3114421
2.8982575
-0.8514201
0.015909195
-1.8214936
4.1881742
0.17425501
1.357469
-0.23371497
-3.555352
1.6201116
-0.13169664
-2.2814164
-3.3366017
-3.7470984
2.049626
2.3441384
-1.2411715
-0.47664863
4.171435
-0.39342088
2.872444
-1.1896586
-1.0670174
-1.2078424
0.15103774
-1.3083929
1.8350599
3.9642034
0.15987498
2.4831645
1.6621513
1.9465448
0.029485434
-2.0989823
-1.3505671
-2.4902287
1.4573631
2.441106
2.9566166
-3.0537496
1.323182
4.359531
0.30405214
-4.1407485
0.29934058
-0.42890942
2.757588
-0.69128454
-4.167824
0.05529418
1.2031887
-0.5879754
-0.9095139
-1.7227869
1.4449447
-1.0076411
2.5770338
0.025174767
-0.82081693
-0.28365916
-3.0151558
0.9283669
-1.3568125
-0.970647
-0.36157036
-2.1738088
2.1631715