Glasar
0
-1.4975348
-3.3393261
-0.85801643
-2.8332593
-1.6765585
-2.476784
1.7124048
3.3109882
0.9117879
-0.51871777
-0.52444637
-0.119663164
0.4245223
-0.7656029
-0.1582005
2.2749453
0.836885
1.4507245
-1.030518
-2.4045463
1.2784189
0.75075483
-0.5694148
0.44850934
1.2371186
1.7257576
-2.0453498
0.46160108
0.9480386
0.38999736
0.07992772
-1.1642536
1.2150996
0.21816313
3.2188036
-0.5387244
2.742726
-0.7008304
-0.7864513
-1.6497352
-3.0067687
-0.76979065
0.75707513
1.9027828
-3.0308855
-0.5843492
1.0207636
1.5006871
2.316054
1.2525287
1.3427634
-1.8802447
-2.8582997
1.4171238
0.4357291
0.12005439
1.4745326
0.6096158
0.3479765
-1.2191077
2.7905366
-2.2714336
1.2002826
-0.8256426
-1.3308129
2.9950924
-3.9834075
2.0857627
-2.9496713
-2.4243715
0.10473511
0.6903067
-0.8515312
0.8052115
-3.6241758
0.6937964
2.6503553
1.3088088
-0.10971298
3.92117
-1.9538993
-3.3217988
2.2198207
1.6069729
-1.6618489
1.1356698
1.784438
-3.1092288
1.8704479
-1.4320216
-0.6074884
-0.19035828
-0.23286504
0.45700473
-1.3098971
-2.602232
-5.8433127
1.7325333
-2.4560552
-0.60071564
0.30292854
0.5058983
-1.9553813
-0.26010773
-3.4222257
0.6737877
-0.6931717
2.825524
1.6896757
3.0836618
1.8503842
-0.56473184
-0.8694697
-0.89048326
-4.774507
-1.4730889
-0.23163182
2.8544478
2.74542
2.2570486
1.4507998
-0.34412372
1.42394
-0.03421016
0.05047543
-0.9034315
0.32915744
4.571232
0.024755951
0.60334736
0.103814766
1.1268837
0.7365358
0.06944615
2.6390154
-0.06561096
-2.2121444
0.74833864
0.4676567
-1.7589598
1.6203959
1.8727044
-0.22071764
0.60467803
0.82842535
-0.2612284
-1.0356201
1.3236916
-3.8744586
-2.7674997
-5.0362916
-0.16390708
-0.060800806
0.06667657
-2.2324877
0.8982547
-0.8769936
1.1860815
4.5481615
-1.0689725
-0.33788434
-1.6480974
-3.0102937
0.34556493
-2.257842
2.7871845
-1.0072289
0.34062812
-1.7258978
-0.04256305
-2.6660726
3.2714987
-1.3315963
-3.6389394
1.4036472
-1.9867545
1.6706903
0.7818445
-0.98904413
0.33351347
0.8844392
1.240874
1.1264951
-0.70903295
0.7290971
0.33028713
1.2171245
-5.654881
1.3934335
-0.49182764
-1.8113985
-2.0226347
-0.345796
5.159485
-1.5615045
-0.46835536
-0.5384668
-0.15224598
-0.56451845
-0.32044238
-0.2890588
0.053637803
4.8502393
-1.0866438
1.3313257
1.6574143
-3.2221236
-1.3333261
-1.4759057
2.070505
-3.3357558
-2.5261605
-1.1882882
0.5924124
-2.293675
1.0733716
-1.6979989
-1.6104391
-1.2774462
0.35117203
-3.373564
-2.0111122
-0.40478238
1.8650324
3.1630259
-1.3676473
2.2800043
-0.7723618
0.88321835
-3.1207204
-1.277064
2.8590128
1.9807364
-2.4273193
2.4223783
2.049
1.204089
-0.14531894
0.653042
-1.1444123
-0.9610131
0.9772383
-3.5839055
-0.5645731
-3.3359249
5.0149965
3.5057187
1.522449
2.036917
1.5321462
0.7986217
0.9454738
-0.3729181
-0.6776046
2.3872716
0.06734444
-1.70659
2.030438
-0.4370071
-3.4922204
-1.9817492
1.6511075
2.2061517
1.2216257
2.5687637
-1.7721725
-1.5344719
-1.603178
-0.13387936
2.3889503
-0.40239245
-0.49065107
4.22484
1.8471822
1.2085226
4.7766075
-0.35253978
-0.20192862
-0.13428698
2.7951527
-6.040569
-2.8631248
-1.5141867
2.35021
-2.4282043
-1.0194415
-0.3620017
-0.0824201
0.55309224
1.1442333
-0.224401
-0.76210904
0.62875515
0.7949375
1.3088913
0.9799227
-1.0569745
3.1569564
2.4830432
2.3415258
1.313708
3.6595125
-0.43969053
3.0555005
0.059027396
1.603276
0.8141624
-1.1301496
-2.5174384
-0.37442696
1.1117483
-0.9371123
2.3526168
2.147029
3.9001255
-2.1089861
1.6117305
-0.13996688
2.1239617
3.1248395
0.97105855
-0.46917838
-0.4564792
0.8312414
2.80266
-1.3448212
2.87916
2.275085
-1.0649983
-0.4412619
0.42756826
1.1003958
0.51126456
-0.5263467
0.6484853
0.5206645
0.882772
-0.0381534
-1.1703193
-1.098677
3.7891493
2.289247
0.14946446
-0.78719527
-4.4524837
1.2909689
1.1675164
3.624274
1.1275547
1.5080637
-2.9936018
-1.3080479
-1.1439339
-1.0784798
0.24064752
1.8156186
-2.6978216
0.49608254
-0.8083305
-1.5580771
-1.993839
2.3210132
-0.34506118
2.3592775
0.985635
-2.0148535
1.9990349
-2.291517
1.5227289
1.5697681
2.0856779
0.7317238
2.2477605
1.7213311
2.7013683
-1.5562238
1.0255466
1.2597812
-1.3498305
2.8568137
-0.5901658
-0.23071271
2.1356678
1.4794451
1.3382356
2.2670531
-0.8545262
-0.30708823
1.6637394
1.090308
0.8046088
-0.7988306
0.3816149
-0.17242554
0.2408929
2.0157895
-1.8464054
2.294765
-0.6109613
-2.8661227
-0.7031464
1.66616
-2.23774
-0.48483056
-0.043742277
-0.19774723
2.2256472
2.3589735
0.75581896
-1.4076602
1.8562878
-1.8870608
2.0941408
3.0483134
0.14492932
1.383295
0.46863702
4.16656
4.0052686
-1.9875158
-0.049089186
-1.5484557
-1.8518753
2.4814363
3.073287
4.5768056
0.6598146
-0.53227395
3.3445945
-0.9032099
-1.4490249
-3.7603364
0.15272981
0.28614467
-1.6800827
2.8167362
0.40951473
3.483754
0.35896295
-1.6588539
-1.7644014
-1.6574723
-1.9399966
-0.23242256
-0.28840137
2.0602746
4.1776533
-1.8110628
-1.7063328
-0.11628622
1.6210172
0.58159196
1.1949428
-1.4890959
1.8230162
0.20422634
-1.6417248
1.9181384
-3.8726404
-0.37584186
0.38472837
-1.0257674
0.5132646
-0.5013236
-0.8390763
0.6826239
0.5900587
-1.0162675
1.3546449
0.83999354
2.2751884
-3.7496676
1.1703286
-1.693527
-0.45338252
1.3663328
-2.7405636
0.62461704
-1.4918016
2.0565956
-1.4701425
0.24626659
5.755467
-1.5570469
0.8720907
1.1257305
1.4131306
-1.2867684
1.5288365
0.5612525
0.6266151
4.387373
1.4533336
-0.14251761
0.15434912
2.8835993
-0.20682475
1.5848145
-1.7242573
-3.3952103
-0.0751213
1.7677002
-0.4891309
0.6737313
-0.26291573
1.5393202
-0.5889585
-0.5129354
1.9762952
-1.4676303
0.36734328
1.5405558
0.16554666
-2.7511177
-2.21857
-0.23518346
-1.9747766
1.1965593
-0.6729361
-0.17963243
-1.6303467
3.396463
-1.5898477
-1.798517
0.2713282
3.0633967
1.1206453
0.90280783
1.4723023
-0.46147442
-2.1597333
0.6434001
-1.0155643
-1.3482282
2.2870293
-0.676905
0.087636165
1.1147908
-1.4444491
-0.31778872
-2.0630455
-3.3520892
0.18713027
0.5549315
3.1887877
-0.7723728
1.8243226
-0.1965614
0.01364471
1.7108908
-0.9911522
-1.6418099
2.4114566
-2.0712857
1.4809833
-0.04991609
-1.2428465
-0.9194895
0.6610709
-1.2154158
-1.3635004
-2.3439436
0.41480947
1.2543603
-1.070637
2.7871778
-1.9524628
1.7609696
-1.1355577
-0.1740711
-2.8444247
-0.9014401
0.39986885
3.5358465
3.9981132
1.6529328
-0.40411422
-2.2028697
1.5946621
1.146372
-2.0635126
3.210122
-1.8940786
0.20548317
-0.042651873
0.14032456
-0.863667
0.15293494
-0.5008906
4.81213
-1.9762629
1.3882372
0.9562031
-2.7261753
-1.3253671
-0.5964457
1.5664515
2.408629
-1.4429417
2.1526513
-1.1180379
0.6800954
-2.0254376
2.1330016
0.23265883
2.3760552
2.0818076
4.11679
-1.3787968
1.9009597
-1.8785831
1.9937936
-1.0278519
-0.27665463
0.11513926
1.4483438
1.5794277
-3.5443015
2.0681279
0.34403318
-3.0598097
-1.8554529
3.3335865
1.5444307
1.5638714
0.64477813
1.8553476
1.0355701
-0.70988774
-0.5716579
1.9272314
3.0487354
1.1038263
0.37163827
2.0203464
2.2141275
1.3421601
-2.426837
-1.3967766
1.2023052
-0.70423645
2.4050632
0.4892391
-1.8431805
2.0523171
0.025183931
2.0909553
0.23049638
2.3142138
3.140234
0.9367167
1.0374862
-1.5506423
2.5284672
-2.7594776
2.5845091
1.7816418
-1.3026023
-0.43403018
-0.3579414
-0.8364524
0.0046688914
1.3110347
-5.26233
-2.1444373
1.8983103
-0.88752705
1.582832
-2.1093338
1.4709656
-1.7713945
1.4840449
2.893035
-0.2172991
0.7522908
0.56700534
0.2420685
-2.1158276
0.41510025
-0.734038
4.5146804
-0.8218701
4.633958
-0.27304685
1.3285049
1.2112546
-0.90384585
4.6937437
2.1274493
-1.0273091
1.6413959
-0.851189
0.42172813
3.9322922
0.2773307
-3.7289333
-1.5040323
-1.8345739
-0.4942365
-0.3274012
0.11319319
1.1555063
-0.20698948
-1.6518235
-3.286033
3.4728765
-1.2944978
3.5569417
-1.4324535
-1.2683102
2.637464
-0.54792804
-1.8118454
2.325103
-0.035954252
1.7378789
-0.88901013
1.0107522
0.19895506
-2.5840292
0.51059085
0.027102329
0.11079282
2.06187
1.2510065
-0.5884597
-1.5476938
-1.0154756
-0.89823824
-0.5476101
-0.5204246
0.29266733
-1.5265255
-2.8952644
3.3671715
1.281318
-2.94056
-3.284094
-0.5463227
-2.191455
-1.4901853
0.08439421
1.8291595
-0.023613535
-0.4996446
1.1233351
2.4146137
3.1810544
0.92984235
-2.7579412
2.1738915
1.3661252
1.4211975
-2.7522879
0.29116306
1.5322078
0.87590617
0.8436556
0.76552504
0.9339094
-2.1222384
-0.048870154
3.2272887
0.752197
-5.935662
3.833617
2.1871781
1.1012558
0.6156459
-0.8358029
-1.6901157
-2.1060448
-1.828302
-5.4636645
-0.31854436
1.3132523
0.57834834
-1.2305062
3.0886965
2.0419521
-0.38337004
-0.36177766
-0.8941736
-2.5853958
-2.3326004
3.4630415
-1.1028794
2.3575754
1.0299888
-0.8567485
-0.9768215
-1.354699
0.16422945
1.2803867
2.6322088
0.9487935
-0.8909195
0.21353975
1.1274325
-2.3209195
-1.1059043
-0.8706563
1.3954557
-1.6962179
-2.5105748
2.574274
0.79238635
0.21259609
0.57174
-1.1465869
-1.6427017
0.514597
-1.9416093
-1.6583592
-2.5854108
-0.6759426
3.025824
-0.8191383
-2.6016629
-2.5934863
-0.14880851
1.6992136
-0.5940184
1.9880768
-0.031536892
-2.2871609
1.5900518
-1.2522281
-0.07385685
-1.8439679
2.8110821
0.47233027
1.1930773
0.3142506
0.5051805
-1.9982973
-1.0759655
1.1560897
1.0311049
-3.165148
0.5979874
-2.649713
-0.87102026
-2.7405534
-0.6824133
0.20381033
-2.0330684
1.9153037
-0.31513715
-0.9927834
-0.707061
3.2553377
-3.7062087
-0.09566044
0.6138019
0.59695405
-0.36452606
-1.4768943
0.35536483
2.445366
-3.1575177
-1.5462364
2.5624332
-0.2404756
-2.0973516
-1.4680716
-0.15413615
3.387052
2.0235405
0.85459155
-1.6343379
1.5386564
2.448111
0.11060289
-1.5207719
2.037264
-2.2052073
2.8987877
0.9374179
-2.9451287
0.6555294
2.7656674
1.1348602
1.4718738
-2.5078824
1.072692
1.0850579
-0.9373829
-1.258754
0.17098173
-0.2988855
2.3021872
-2.9785168
-0.20829585
2.2133822
3.6172385
0.8198633
-2.892118
-0.017747432
2.9716072
2.1111927
0.16467704
-2.5897686
-3.1742554
-1.5794452
1.1942885
-1.719688
1.7337914
-1.2769897
1.8510815
2.292198
0.5098544
0.79641336
0.82193726
-3.014137
-0.4188345
-1.8438704
-0.4553927
1.3945872
1.6640387
0.72413105
-3.393642
-2.2872994
-1.2647737
1.4264922
2.616533
-3.6375318
-1.1392827
0.6465049
-2.7523177
0.77827746
1.8907055
0.12051238
0.33765864
2.618872
0.7175159
-1.2007265
2.6875153
0.018189322
1.9287189
-2.9542317
-0.50609994
2.8645964
-0.9005992
0.33422515
3.7786825
4.0481434
1.7791047
0.9026292
3.3948004
-1.8835481
0.53303516
-0.7339592
-0.48138636
-1.892322
-2.0695598
0.45436153
2.924877
0.11523362
-0.32668495
0.17547025
0.6315363
-0.25755176
-1.287673
-1.0056195
-0.8381607
-0.55375427
-1.5738032
2.258275
0.5753492
0.18782058
1.7698823
0.2534998
6.486
-1.0259341
-0.6948121
1.3491695
-1.2439079
0.7203895
-3.557276
0.11211145
1.7107478
0.55301577
0.06706605
2.6489735
-2.0780387
-1.9814905
-0.037287466
1.4455162
1.5998061
0.16566062
3.213257
-0.5231357
-0.7597868
-0.6189641
2.955874
-0.24871716
-0.2223529
1.2271801
-1.6300428
0.1544761
-1.4917423
0.46654588
1.1566572
0.35058123
3.806763
-2.3143132
0.94126034
1.9143683
-1.8583965
0.8868386
0.64368016
-2.5061898
1.9295218
-3.166568
-0.25059447
-1.3290138
2.3295534
-0.8886561
-2.1982486
1.189435
-0.028606258
-3.2939627
0.13498774
-2.0091567
-0.42166743
2.2021365
0.8662502
-0.09958195
-0.97714233
-0.87559736
1.8686112
-1.2413306
-1.5328304
1.6842868
-2.1025815
-0.48785797
-0.6066816
-0.48225486
-2.098133
-3.369936
1.9922345
-0.54531276
-0.57803434
-1.6189483
0.29246604
0.9753224
2.4943233
-1.8902143
1.967366
0.5581679
0.6327274
-2.2429285
-2.8992016
-4.2033877
2.2355685
-0.8222551
-0.6878661
1.6491416
0.46630692
0.46050406
-2.1312597
2.2673516
-0.84424716
-0.46560335
4.3843307
-3.1592581
-0.7111047
-0.4700513
-1.6600778
4.078259
0.6826323
-1.0680462
-2.2097688
0.8892156
-1.2357308
2.091669
2.8481672
-0.7802606
1.3294225
-0.3959924
-0.77960634
-0.5597846
0.80760586
-1.4931029
-4.3894935
-1.3475348
-0.6120754
0.40730137
1.4534619
0.60708183
1.0041592
-1.5462755
0.7953197
-1.962227
0.010499939
0.22058672
-1.0576845
-0.33830324
-0.878861
-3.3848631
-2.9952638
-0.36502737
1.5457466
0.056285888
-1.1800417
-0.92293155
-3.2385254
-0.4783111
-5.444144
-0.9410233
0.9025649
-2.1123898
-1.0757554
0.7253209
-2.438083
-3.7358353
-0.2171421
3.3115482
-4.507505
0.7364633
0.8749607
-2.695495
3.584879
2.8913186
-3.289056
2.4232802
0.70024127
-0.7716428
4.0452385
1.7460028
-1.4463027
2.182073
1.9407976
-0.51420313
0.9397963
1.9928088
0.6849576
-1.6743529
3.0900273
0.9342
2.7020063
1.691393
-0.09115828
0.4114396
-0.63483185
0.5160073
0.49467134
-2.1196353
-0.12888214
-0.69007444
2.5835779
0.49421555
1.2612119
-2.526642
0.53529024
-0.6277895
0.6553663
2.5172215
1.6146841
-1.0983527
-1.9237379
-2.9391434
-0.8152807
0.5337338
0.47043467
-1.6287096
-0.19555968
-1.880157
-0.79243606
-0.13995513
-0.056714438
0.431575
-1.671653
-2.3825722
5.615724
-2.6997771
0.07411369
2.7316868
2.8753946
-1.7368677
0.8754662
0.49988076
1.0945177
0.59488785
0.9638807
-0.56245834
0.83966076
-2.4533906
-0.18527764
1.3666784
-1.8867475
-1.6047679
-1.8002511
-0.5943081
-2.3538728
-0.05690811
-1.7501637
-0.18884355
1.1692797
3.0269356
1.40484
1.8572327
1.6879618
1.6835696
-0.09470851
0.7064917
2.1437302
0.5125569
-1.9155011
1.504104
0.38763523
0.7546883
1.5963726
1.002533
-1.3045204
0.7710584
-0.69793385
-1.034354
0.49733454
0.78970504
-0.6459841
1.0823764
-2.472547
1.8104409
-2.7013793
1.9128786
1.1248467
-0.30296433
0.89314234
3.4481115
0.19711547
0.64555484
-1.786245
0.13601178
-1.7395235
-1.0260625
2.0851736
2.1320438
1.6812193
-0.52207404
0.37593657
-3.1523714
1.4822912
-2.3839242
-3.9263537
0.17118871
0.49173206
-3.974464
1.0096668
-1.64737
2.8844595
0.74133444
0.21733701
-3.3751404
-0.90028167
0.12651053
-0.8905303
-0.4569324
-1.1463131
0.30506402
1.4544542
1.6533058
-0.42609954
-0.72315633
-0.9715805
-2.6059608
1.5815674
1.0235708
-1.3042415
1.1789035
0.4744144
-5.6862345
3.2299714
0.9424866
-2.8996522
2.5634062
-2.5266273
-3.181067
1.9144537
-1.8236054
0.7534979
-0.041507687
0.13492334
-2.4997125
-1.0284578
1.9656131
-0.64341813
2.5559392
-0.44471455
-2.1848984
-2.9220562
-0.8499762
1.2000464
0.8285037
-0.5003997
1.5925925
-0.54964924
-2.9740255
-0.12316961
-1.3313167
1.8398064
2.9431212
-1.1804687
1.616347
0.2832312
-1.1741177
2.9081442
2.5375655
-0.7909682
0.80107
-5.539409
-1.1472166
-0.20399132
-1.6273979
-3.1342993
-0.6405531
0.2271432
0.76833844
0.1986186
2.363358
-0.6282379
-1.0229769
-1.4514478
-2.984831
0.74336064
-0.78369904
1.4790635
-1.3190024
-2.736487
0.53135616
-1.7759646
-1.5939995
2.021034
3.5978818
0.05878698
-3.3170424
-0.97134614
-0.24305622
0.9197308
-2.2499845
-0.04491947
4.329883
4.5349607
0.935539
-0.24168448
-1.5961018
4.1849723
1.8019185
-0.6030665
-1.9119579
1.8812604
-3.674802
-0.25135547
-1.6959379
-0.5925082
1.5731289
-0.004936844
-1.8746513
1.4234449
-0.48081803
-0.23316833
-2.6019588
-0.009620357
3.0265872
-0.072733216
-0.47886652
0.30192703
-1.5632454
1.6371806
0.639565
-1.9340243
3.53175
-0.9944054
2.5056527
-1.9764122
0.01805253
1.8638883
1.1896247
-0.99736756
-1.3315291
-1.7990756
-1.3735492
3.5984511
-1.0734819
-0.98061657
-0.6049085
0.114336096
0.0011454597
0.29557112
-2.8557777
-3.8489134
-1.8013495
1.0877526
-0.2318005
1.7228835
0.5142666
-0.5568681
0.32561043
-0.53358173
-1.2961643
1.4643359
-0.7283281
-0.5897186
-0.6838331
1.4390653
-1.8388063
3.0528493
0.794224
-1.1121236
1.6279768
-3.135986
-1.6065289
0.4780011
-1.7453301
-0.10235033
-1.0984998
1.5778428
0.034868248
-4.5014763
-2.8429193
1.2433108
0.71192074
1.4791219
1.3369042
1.4323279
1.1805674
-3.5125446
-0.85297763
3.4615762
-0.59096366
-0.4926226
3.2860484
-0.7597583
-0.49860606
-3.3467042
-0.69487125
-0.77022356
0.6475046
-0.05889973
-2.95118
-1.5903584
3.8223925
-0.30297878
0.50771904
-1.1809343
-2.2717445
0.72339165
-0.20345518
-0.49399164
-0.6500747
-1.556694
-1.0377141
1.4372418
-3.3324668
-1.7719307
0.24633923
1.2500777
2.936759
-0.39170584
1.847592
-1.2536409
0.8207573
-0.15607697
-3.6240761
0.20614904
2.713405
1.1198086
-1.1135205
0.57648236
0.6047526
1.1017188
1.2555779
-0.27388006
0.46045285
-0.6697506
-1.7172841
-0.0039668605
-0.8035613
0.7760287
0.072237276
-0.8790787
2.3478935
1.3066552
-3.9369285
-2.3022208
-2.0657387
0.5994759
2.0968654
1.2429718
-2.5102189
-2.5317044
1.0398036
0.03271924
-0.66924316
2.5123954
2.1559663
1.7378069
1.6878357
-2.4062498
5.5668864
-1.5212241
-1.575327
4.280365
-0.59106654
3.5491364
-0.61800855
-1.6284332
1.192558
3.0747836
0.8909845
1.2952299
1.198188
-0.53595424
2.8055604
-2.3404777
-1.6460593
3.2302938
-0.06397679
-4.508784
-1.645133
1.1150693
-0.09315951
1.355877
3.0328095
-0.24075605
-0.47350508
1.3286052
-0.36916488
2.322633
2.3074505
-2.3679984
1.2990673
-0.44330958
2.4390066
2.0334527
-1.5881047
0.25424612
-0.7606452
-2.545583
-2.7391863
-2.2084308
-2.8129056
0.7574412
1.0648726
-0.82410204
-0.16369349
2.2387338
0.33599535
-0.7207475
-1.5398762
0.18850313
-1.9675299
1.4387381
1.2044733
-1.7885398
-1.440788
2.5109215
1.5788515
-0.06532136
0.08386787
0.004321892
3.5781841
-2.518413
1.8884053
3.1171486
2.0835817
-1.8507239
-2.5099378
2.0842338
0.19643587
2.9817958
-1.9430658
0.63162106
-0.30267143
2.3451247
-0.5272707
-0.47972083
-0.8467358
0.7787255
0.8780578
-0.95621794
2.3138816
-0.06848793
2.5092585
0.4283831
-1.1453693
1.748897
-0.47655284
1.0226638
-3.726587
0.30623585
-0.29725546
-0.5550721
1.7408482
0.99949944
-0.27392632
3.878378
1.8316346
1.0775315
1.7920126
-0.60889244
2.4366856
-0.88177806
1.4313812
1.7719634
-1.9911914
1.0801629
-5.1401563
0.5297669
1.7694969
-0.7210912
2.1765456
-1.1755508
0.21305111
4.117524
2.0661845
-0.18939894
-0.0137865655
-0.23034097
-1.2485493
0.72703993
-2.9411604
0.36028004
0.40785006
3.011702
-1.1371089
-5.578554
0.1420238
2.7581308
-0.40688485
-1.1631697
0.5041356
0.16896921
4.883881
0.05167865
2.5048952
0.56743926
-2.8855433
-0.23255898
1.5756384
0.5606469
2.3362389
-2.6246216
3.53378
1.2950213
0.6064824
-0.6824208
2.2550673
-0.94903207
-3.900584
-1.8165492
-0.56967497
-0.11369691
-1.0553849
0.27815798
0.96960896
-0.28066194
-0.27005455
0.96405756
-0.5533437
0.3723426
-3.5338442
-0.6599296
4.7924643
1.9335843
1.3395593
-0.65754336
-1.7652779
0.34184626
0.34481508
2.8212848
-1.3774028
2.7434573
1.7192055
-2.928421
0.6342125
1.8441482
0.2075785
0.07802515
1.7251538
0.90584356
-2.4517272
2.5813262
2.2590835
0.7263266
1.1260567
1.7250623
2.2667212
-3.6893384
3.281826
0.7299667
0.17152819
2.4340248
1.7982441
1.379509
1.2651052
-1.0494926
-1.3694993
-1.2965156
1.0526958
-0.06759897
0.76779646
0.7902879
-2.0290756
-1.3148539
1.3405901
-0.4912945
2.4245667
-0.22694841
-0.40620464
2.0528214
-2.6883922
-0.908881
-0.6410318
1.9253812
0.13493226
-3.10377
0.92954874
-1.6450341
-0.84638673
-4.001825
1.612683
-0.2625584
-0.0013477579
-1.9450467
2.6404462
-0.99324733
3.4254184
-0.59286
3.8523092
-1.1100059
-1.3128668
1.3684624
-0.21711227
0.23080878
1.4207654
-3.581121
-0.99763936
0.921553
-0.7335429
-0.031062655
0.6881244
-2.3532763
1.7501986
1.1041147
-3.1949344
-0.5529632
0.88206273
-1.028169
-1.5996957
3.7434542
1.7909638
4.1279535
3.2093806
0.45085374
0.672101
-1.5809137
-2.1377351
1.1258585
-0.9580992
2.7012057
-0.15396537
-3.2352202
0.6089057
-1.8901978
-1.3038534
1.6974872
-1.5017096
3.0870898
1.3578444
-1.0550665
-2.7826602
-0.8313481
-1.3667443
2.0061922
-0.5089474
-2.1592646
-0.2371323
2.1586635
-4.558433
0.33045992
-0.6169496
-0.6220441
1.4009373
1.6929488
-0.07437869
1.7972819
0.14162925
1.2166922
1.3498102
2.0832112
2.0490854
-0.5804757
-4.0801883
-0.0069441088
-1.6736676
-0.9623178
-0.4459169
2.839358
2.4218917
0.79245144
1.1160735
-0.01749032
0.36459896
1.9738048
2.7580674
-1.9701291
0.27813178
-2.5723214
-0.5608247
0.051534064
2.9763548
1.7432503
-5.9445796
2.272665
0.921309
-2.123413
2.2768633
-1.3726728
1.8826479
0.66355836
0.49662763
-0.38128167
0.11192413
1.3489022
1.7852644
0.25787902
2.9212844
-0.5209257
1.1606929
-2.105521
0.21345472
-1.9789077
-1.2701163
-1.4968674
-3.0593445
0.4109148
-1.4269457
4.607805
-1.3143944
-2.2168489
1.2721997
-2.5002115
0.21275005
-0.80317545
0.2560709
-1.1905818
3.1084192
-0.82700765
-0.61049783
-1.3861469
-2.6450224
2.5960255
-1.2679527
-2.4165823
-1.3307788
-0.73688906
2.2563777
-1.3852141
-0.20514205
-0.028508171
0.7671793
-0.5625475
2.8369026
-4.6995068
0.67921156
-0.1666135
-0.021019071
-1.0728669
-0.5831582
-3.0752726
0.16773772
3.1161542
-0.86206156
-2.6197283
1.30795
-2.047986
3.1276715
-0.38628837
1.4699031
1.3453662
-0.20658988
0.08063783
0.7714057
3.3839636
-0.47557998
1.6165559
-2.3947148
-0.89304984
-2.7546208
0.27797952
-0.08882933
1.3475097
-0.30844992
0.8022307
1.1621357
1.981709
0.545229
-1.2040918
-1.3214267
0.19953075
-2.1643004
1.2378634
-0.23830158
1.1380737
1.8413414
0.5285429
-0.80413705
0.56295323
0.41350147
1.7896361
1.7880932
1.4283946
-1.5502194
2.6210623
-3.5344324
-0.58454835
-1.7986816
-0.46615705
2.4050663
-0.5568075
1.4322001
-1.6286917
3.6945617
4.988502
2.086681
-0.7165705
0.36901048
1.1301117
-0.6347016
2.0972714
-0.9709466
-0.43464005
1.3223442
-2.45801
0.22219044
0.20324948
-1.0358504
-0.886697
-0.66181135
3.6010132
2.6978
-0.59968126
-0.9351783
3.0147197
-3.4588847
-0.63425803
0.53285277
2.0909326
2.2019625
1.5746524
0.8343876
0.40793818
0.34057984
-0.23169145
1.5604411
-0.43329072
0.29365903
2.604166
3.3865707
-0.82484996
-0.040315986
-0.77550185
0.5261303
-2.9907193
-2.119474
-0.8561135
-0.78603774
1.0871136
-0.96617526
-1.0597513
1.371018
-2.4445915
-0.8561282
0.89641136
2.0976667
3.4283974
-3.080594
-1.4069577
-3.6435266
1.2742406
3.0893462
0.7906619
-0.48348558
0.2980256
-0.9387498
-0.6767399
-0.7602949
-1.7155713
-2.055256
-0.4230676
-2.345116
-2.261785
1.0213383
2.8908467
2.5212166
-0.2961325
-0.46162552
-1.7482623
1.360939
4.069624
0.49262485
1.1251112
-0.5693949
-3.2623703
-1.5057492
-2.1181014
0.5659032
-1.9781833
0.10334358
-2.2724726
-2.0943832
-2.9856484
1.1663741
2.7974017
-0.6963998
3.2437599
1.0261637
1.0925821
-0.118044384
-0.73575795
4.336204
-2.5468063
0.6846564
0.33332708
-0.67285657
-1.6615853
-0.34298852
-3.364846
-2.0644424
0.87924945
0.019701563
-0.9758492
0.14347251
1.3134323
-1.7313038
-2.0747027
2.9022548
0.0013192818
0.11097364
0.38270107
1.3672494
-0.274271
-2.294256
-0.08906285
-3.0826962
0.2944576
0.07249446
2.36891
-2.012633
0.42655355
-0.7614818
-0.7666339
3.1119018
-2.409623
-2.8850987
1.9273288
-0.31486195
1.6031761
-0.651712
-0.27125853
0.018663675
-3.3799284
-1.4454647
-3.3959215
0.52860296
0.7135211
-1.2885774
-2.0889902
4.8848276
-0.40835154
0.37064433
0.18285108
1.2546407
0.05758726
0.9621017
-1.3841597
-2.4050596
-0.7747317
-1.3536505
1.6678069
1.2764765
-1.2647204
-3.5509753
0.36109978
1.1693395
-1.3655089
-0.09823712
1.4746568
1.8342518
0.70460355
0.453959
0.20689414
0.92245764
0.608373
1.1778955
0.34619662
1.6166959
-0.5553537
-1.6492869
2.3098037
3.5696862
0.811911
-1.63489
-0.9755679
1.636284
2.4411478
1.111069
0.80833894
-1.4432433
1.0991656
2.3376532
3.5947616
-1.794491
1.3593963
-0.56553817
4.115983
4.0044885
0.5552899
1.0124359
-2.0966325
2.8169248
0.0986305
-0.50131214
0.23393741
0.1363683
0.3942508
2.1143079
-2.9321134
1.2095796
-8.081901
-1.8658249
3.2219524
-0.17553622
-6.270952
0.019934908
-1.5432643
1.7468618
-0.28658193
-1.936804
1.2676471
-3.155948
1.2658205
0.7543024
-4.3691993
-4.4896636
-0.48141393
0.34758928
0.7474171
-2.7240334
-0.314476
-0.827016
0.08157408
1.8489761
2.8470583
-0.9285297
-1.7569824
-0.3407482
-1.66746
0.4002591
0.7862132
1.6208788
0.7477503
2.3297791
-1.1127735
-0.30374262
-0.56917393
-0.6310985
3.1557422
-1.1473954
1.585417
0.5236487
0.72904867
-0.6403499
2.528798
-0.120552845
1.6842123
0.7330542
-5.492513
-2.1143916
1.2633345
0.9443518
-0.2950857
-2.0552258
1.1324424
-3.292773
1.6547416
0.26740515
1.9948131
1.7739769
1.2718902
-1.0348668
3.0865397
-0.42215514
-0.36276013
-3.7318106
0.23020533
-0.27870566
2.0443747
-0.4720189
-2.0494995
-0.09546374
0.16010554
-3.1490393
-1.3999081
-2.0924957
1.2277741
3.4701726
-0.97360796
-2.4190922
0.34421304
-1.0942402
-1.1054435
1.8998766
2.1568317
2.3379283
0.51995957
-0.94392294
2.3475413
1.959869
-1.4282247
1.5929754
1.4614238
2.3065856
2.4344459
2.339477
0.46247065
-0.6565865
-1.1604143
1.1720163
3.6357267
-1.9071119
4.138248
-3.0063863
1.5218761
-0.5918432
1.6794087
-2.0723846
0.69735414
-0.48672035
-1.2609129
0.41487807
1.4860085
-1.9218136
0.6611821
2.9753284
-1.6192579
1.3365623
0.21090117
2.6361787
1.908438
-1.2435406
-3.3060586
1.9845757
1.2664034
-0.3187887
0.4063296
1.3504304
-0.80462873
-0.4554639
-2.3363054
-2.0032718
2.4992158
2.1384635
1.1770986
-1.0362738
-2.3153305
2.6621456
-1.6649452
-1.6008848
0.56477994
1.1732422
0.43576035
1.2215841
-0.20720565
1.5044146
-3.11569
2.2481122
-2.9222803
0.9202088
-0.5691745
0.59908956
0.8213604
-1.3498411
-0.6334241
-2.2787957
-3.5921798
-1.0043976
0.70739025
-1.1193291
0.3059463
-0.18438366
0.7870241
-0.72305954
0.37109396
-1.0591738
-3.0152125
-0.3234903
-0.4996742
4.441475
1.1321008
3.070641
-0.9191757
0.9008001
0.6278202
-0.6628435
-1.1365955
-1.3917851
0.967752
0.9953326
1.2412271
-4.266475
-3.259413
1.5372082
1.7815702
-1.6809138
1.6115941
0.8959461
-1.2333218
-3.0824625
2.1467633
-2.0977137
-0.68234545
0.78639615
-0.33853784
-0.94863725
3.2031953
0.94561327
-0.27865905
-2.7060614
-2.871406
-2.2586772
5.105407
-2.3815525
-0.46575907
0.58374417
-1.1772376
2.0089638
-1.980934
1.2422935
-1.5970119
1.0402762
3.7599344
-2.3196719
4.152277
0.80640817
1.00444
-0.99409115
-1.2047759
0.8973067
1.9155772
0.7748455
-3.634121
1.3003845
-1.5681756
-0.43915007
-1.5633451
0.3320675
1.0779566
-2.465421
-1.6004211
-1.4802815
0.57111675
4.2731433
-0.16296202
0.546614
2.3642051
0.5450415
-6.554085
-2.8984091
1.7876098
-1.2090348
-1.6237539
0.70999396
3.3530097
2.7842648
-1.7831898
-1.9634463
-1.6141382
-1.5655886
-0.2717477
-0.42158285
2.1458764
3.9336278
0.004016921
-1.9816573
-0.8099531
-0.37503046
4.624789
0.65163326
-2.170404
-1.1458317
-1.2078543
-2.2291174
0.08808882
0.8572847
-0.27223673
3.0230522
-0.6727272
-0.37934685
-3.2412117
0.16897456
0.68858343
1.6011366
-1.5296093
5.089673
-0.7201981
-1.6821439
0.13058802
-0.6107913
2.0653322
-0.46067214
-4.3428364
-0.223227
1.900355
-3.1811128
-1.2816501
-0.18396613
-2.2296245
1.4950547
-2.1700795
1.727745
-0.94405955
-2.3666267
1.8041543
-2.2445524
0.0772468
3.822872
-0.5917918
1.0620675
-1.3026252
1.4561591
2.6659844
-3.6823921
0.26446456
-0.060211465
2.3845832
0.042455636
-1.5085628
0.4171363
1.3872766
-2.7726161
-1.196605
-2.4667728
-0.7284416
-0.63317686
1.3742254
1.7245202
-3.7921784
0.35144192
-1.2192982
-0.00011675805
-0.49374717
-1.3543849
0.59195995
-0.65251136
-0.3134667
0.72292656
-0.8078782
-2.514437
-0.43469244
2.014714
-0.29372707
3.6551106
0.30183533
-3.8002343
-1.4563198
-0.5287301
0.9343803
-2.748137
2.0433288
-3.9843562
-3.3764598
-2.0265298
-1.2862277
0.27990493
3.5970945
0.4035386
-2.0092974
-0.33647254
-3.24442
1.2754583
1.3257339
-2.0852695
-1.5936708
0.04070486
1.8455223
-2.9468617
1.8119092
3.2697587
-4.814484
-2.8844144
-0.409644
1.835597
-1.2401121
1.5729164
-0.38245055
-0.5105081
-0.11426855
-2.0288463
-1.662365
0.4550672
-1.013411
-0.8392518
1.7767556
-2.5762384
-1.1206542
0.38860035
1.7764368
0.074787356
-0.96247643
-1.8373106
-4.4618163
-1.917628
-1.1163032
-1.4108406
-0.3728029
-1.6991822
-2.4865792
2.7646186
1.3393129
0.21344282
-3.1785438
1.6929196
-1.9975343
0.78105205
-1.4415475
-0.28932402
2.4177816
-0.26480976
3.3775647
-2.3491592
-2.5147517
0.15415084
3.792184
-0.5604436
0.44046855
-1.3389804
-0.015881978
1.4378834
-1.3850324
1.8729389
1.4353899
-0.32938188
-1.2978483
-2.1254447
2.4509609
3.356129
1.9760655
1.824943
1.2368643
2.0918303
1.4218132
0.80036724
0.81484574
-3.4096594
0.40088403
-1.2908561
1.5403966
7.6735616
-0.32745987
0.51534206
0.6188419
-0.036958978
-3.422963
-1.5035976
2.2913666
1.4859271
0.73716676
-1.4071589
0.1469714
-2.178928
-0.48229393
-3.9739017
2.1785076
-2.344588
0.42294797
2.1480834
0.57234573
0.11532529
3.8527896
2.6895347
2.8166375
0.6522448
-0.16248626
-1.1209197
0.6345768
1.6115286
-3.7143946
1.4153734
-2.575882
-1.6536953
2.4422143
1.48146
4.4903593
-0.89358306
-0.25060162
0.30972555
-0.41757375
0.81593704
-2.604798
-0.82246953
2.076892
-1.2533679
1.770156
2.3980255
2.0067303
-0.044282123
-2.9131339
3.0777068
2.5983267
1.0169412
0.45711097
-2.677834
-1.042029
0.23640697
0.77560306
1.3615743
0.29891726
-1.4077252
1.295571
2.5308516
-0.7248083
-4.386308
0.5190666
-0.3876661
-0.25185964
1.0281028
0.6839378
2.4056418
1.7807703
0.6924369
-3.2380066
-0.19285005
2.510309
-2.5105476
0.579045
1.1591178
0.35360909
0.07452865
-2.4392977
2.1074286
-1.3946476
2.1242151
1.2490433
3.1356657
-2.389201
1.2832514
0.9493635
-2.5829813
-1.0554705
-0.6729217
-3.6688492
-2.2755144
0.46162766
-2.4409924
1.6915967
-0.9331079
0.8272062
0.5491005
-0.43535894
-1.5038754
-0.50222015
-0.16301027
0.39585456
0.6014891
-1.4944159
-3.2917929
-1.9786433
-3.2077372
0.7190193
-0.5850981
1.9252677
-0.1210114
-0.5869126
0.42748863
-1.168664
-0.4349072
-1.3664763
-1.6753869
0.14533333
0.4958199
1.6023157
0.08186543
0.93234855
0.966738
-1.0654832
-0.14127265
0.7109433
-0.23529208
1.0812391
0.90903765
1.2540529
-2.682725
1.3503733
-1.29318
0.46852618
-1.6490562
1.222211
-0.14175023
-1.0093406
0.30201912
-0.32878888
-3.0368986
4.5494323
0.78458965
-0.5383092
0.45070153
-5.5445886
-0.4895245
0.36201128
-3.9401493
3.3449585
2.0497308
-0.36771137
-0.2894272
0.37898886
-2.8591082
3.8017676
-1.9964838
0.26729167
1.2082882
-1.0243164
-2.7438025
-0.08119971
2.3545008
2.476914
-1.6694005
-0.36311933
0.8389989
-0.49367273
-1.232075
2.6924431
1.2718718
-0.1346707
-3.6622875
0.10315567
-3.4658659
-1.7125565
-0.91873366
-1.5500314
-0.13463788
-1.4000405
-1.0445882
-0.77169526
2.198778
-0.16409618
0.99033916
3.8459413
-0.5523361
-0.610912
-1.293735
-1.2385784
-1.8599325
-3.6683927
-5.6007032
1.8853649
-0.93567926
-3.0647116
0.30300805
-4.095487
1.6143594
-1.5005121
1.6593589
2.2415507
-0.80307496
0.1577288
-3.7791476
0.57999027
0.4839093
1.5160428
0.43631274
2.8103812
2.6070805
2.6692502
-0.14448576
1.510535
-0.27248198
-0.092386834
-3.567371
-1.659528
0.40083063
0.25808856
1.9019164
0.7311678
1.079331
0.33582765
-1.8695946
2.90948
-0.06885873
2.1404865
-0.24594828
-1.7193269
0.14297354
0.76911557
-0.9192664
-0.33638275
-2.5899634
0.4085763
-2.9865932
3.29721
-0.63240504
2.065681
-0.06005215
-0.31958103
-0.1170774
1.0726019
0.6789463
1.0033745
-2.4131315
0.28876773
-2.4900293
-2.5956125
1.4874405
-0.7520413
-0.35383132
0.13645637
-0.61929446
3.2196355
3.5515332
-1.9837968
-0.23404911
-5.112848
2.5530968
-2.2063208
0.2919669
-0.43801486
-0.024528377
-0.4755013
-2.3198175
1.4580398
0.7973068
0.15620553
1.1279835
-1.2290791
1.4035369
-1.7500906
0.047523715
0.59314173
-1.8185109
-3.9849546
-1.6277083
1.6430051
0.08719887
1.1033887
2.2654912
0.9511775
-1.9351188
0.9342922
1.274753
-1.2426642
-0.17154354
-2.1290696
-0.6788544
0.21044058
1.2609807
-4.662307
-1.3600473
1.7731535
-0.88180745
-2.628922
-0.9438044
0.42785832
-3.2597127
2.7147598
-1.6016573
2.0280604
0.46047473
-0.83709794
-0.7874602
-0.57000965
-0.971644
-1.7735418
0.12429697
0.68704647
1.0951325
-2.5053058
-0.73364717
-1.900644
5.2114363
2.3418043
1.4479753
-0.3968134
2.7800786
0.9905901
1.9992999
1.8715729
0.017579071
-0.35375303
-0.61306345
2.5278096
3.3522003
-1.0659492
1.3720938
-0.11826079
1.5433624
-2.0417225
-2.8617604
-0.21727122
-0.84169894
-4.6981573
-1.4349921
2.0053022
0.8735284
-1.2653286
-0.6666336
-0.44004798
-0.9247946
-1.3155831
-3.8533583
1.5371999
-1.8006444
1.3319647
2.7442074
1.6524078
0.57743996
-1.1998097
-1.3868898
1.4247214
1.7567209
1.9887333
0.6392334
0.3735699
0.5865177
1.321882
1.1169686
3.0937357
-3.2106264
0.06038057
-0.56149244
-2.6487765
-1.1503038
-0.19334973
-3.850812
-3.1819048
4.4035563
0.98683953
1.1231127
-0.2884001
1.5650417
-2.339419
1.2926513
0.8701776
-3.8478088
1.5215621
0.45089817
-1.4360926
1.9690474
2.4585326
-1.9378538
2.163067
1.4129313
0.9060443
1.0272444
-0.04683595
-0.9285109
3.2656417
0.24408984
3.1695316
0.6293368
-2.991483
-3.4437346
2.2692049
0.9851528
-5.250374
1.4402577
0.80757135
0.49102175
-0.16980334
1.6809849
-1.2021024
-3.9473865
0.067464314
2.4706442
-2.1149328
-0.2626578
0.16802847
2.4327612
1.2066802
-0.46843407
-0.045647718
-0.60740054
0.25902694
-0.088596225
-2.929049
-0.18569776
0.17902876
-1.3569359
0.18760262
1.3767576
-1.5252714
1.0808824
2.3284864
-1.154072
2.7260106
-1.2977599
-2.7459793
0.040835056
-2.787227
3.443823
1.9610162
-0.50291085
-0.3556149
-1.1030736
0.7936232
-1.9784827
-2.0747058
-0.93329716
1.1831499
1.2160296
-0.66642433
1.438159
-0.38463953
-1.6164926
2.3878214
2.3831294
0.08027141
1.0718782
0.88215494
0.24832009
-1.3965542
0.9356013
-1.387088
-3.1432528
0.31711262
-0.96473324
-0.24392194
-0.26887926
-1.2032613
-2.3523192
-0.33894163
-4.8612194
2.1416163
-0.6753015
-3.8721442
-3.8104472
-1.8049415
0.68690056
0.9631079
0.7830863
0.30472732
-0.25401142
-2.931133
1.2517585
-1.633556
4.2980494
-0.47875655
-2.5809822
-4.119145
-0.6753515
2.1100264
-2.6433604
-1.368037
-0.08125996
2.988941
-1.3156245
-0.22001705
0.08751555
-3.126421
0.44330484
-1.175805
0.48506927
-1.1162778
1.06669
0.17812058
-1.9963585
-0.7224446
-1.5259069
3.6175141
0.52229595
-1.0424008
0.4609933
0.67527974
-1.896893
0.8716933
-1.1835918
-0.31777894
-1.0006357
-1.67754
1.4662042
0.724716
-1.4947579
1.8295921
4.8182807
-1.9585917
-1.7082707
0.4367456
-0.6983
1.1140485
-1.2665086
0.20532483
1.8291367
-4.9649377
1.0567508
0.12123366
-0.9192192
0.36310923
2.2123642
1.7573905
-2.4202697
-1.2577931
0.23289631
-2.0167656
4.0730915
2.4047163
-0.6577303
1.2259648
-0.6294315
-3.2576318
2.7792823
-1.8614935
-2.7453341
2.1537783
1.2102481
-0.44782612
2.348782
1.2414192
-0.55705607
1.2629393
-2.8964777
2.9885795
-1.3618882
1.9810686
-1.6746607
-2.3345003
-1.4203902
-3.5732331
-4.300065
-0.033047557
3.1883016
-0.6344319
4.4219184
-0.10568028
-5.193893
2.481346
-1.1567378
0.6981988
-1.7229736
1.4169036
-1.066384
-0.031904638
0.17414331
3.6712685
-0.12160582
1.9659802
-1.7296098
-0.18289994
2.440087
1.6032937
-0.31468883
0.90936637
1.2960678
1.3025157
1.2772902
1.8105865
-4.0842233
-0.515426
1.4149121
-2.4830768
-1.3641884
-1.1166519
0.6831149
3.042285
1.0386477
1.0108693
2.7670248
1.3721815
3.259163
5.081575
0.8484707
2.6611059
-0.5171863
-0.52908814
1.9560603
0.43616313
3.6236112
0.0013146326
0.03361678
-1.415251
-1.0163739
-0.36544526
-3.0956419
0.94642097
-0.51164085
-3.0298758
0.6510447
-1.2709792
-3.9061131
-0.34830472
-4.5142837
-2.05484
-1.7622787
-2.754765
0.45904082
-1.8398458
-1.437589
-1.7229353
1.7850363
-0.864968
-0.53246
-0.563095
0.952994
3.5758548
1.7181772
2.3192446
-2.8136227
0.76446706
-0.6754249
-0.8668755
-0.086266756
0.060862944
-0.72691107
-1.1049117
2.3312738
2.495872
-2.1381795
-1.5719643
-4.6727824
0.29983923
-3.8935163
3.4602613
2.0356362
1.0591996
1.1440866
0.9435574
2.1870277
-4.0941668
-1.3851435
-2.1138945
-0.2334951
-1.7769262
2.0355623
0.6947282
3.2389624
0.39182454
-1.84915
-3.3063202
3.4669924
-5.1866207
-0.955454
1.1022886
-0.023992717
3.7385435
4.370137
-2.0947158
1.6413261
0.6642236
-3.372139
-0.67062014
3.7490282
2.9072425
4.048503
1.9672704
-1.8768833
1.2068888
-1.363742
0.9656502
-1.42963
-0.26861864
-1.0190437
2.7407022
-2.1742272
1.9984226
1.6564437
-0.5496837
2.5463755
-4.312722
-1.0780872
0.81479466
-1.0438697
0.34187412
0.9561242
-0.5099919
2.1851883
-2.6930246
2.861229
0.051505342
2.63991
0.11377603
-1.65489
-1.1678983
-0.26196486
-0.33610734
-1.891956
-3.7848206
0.7931022
2.1997364
-0.95532453
0.5486331
-1.8782557
0.37568387
-1.7950664
-0.5529824
0.9028752
0.8553053
-1.7319471
1.5383011
0.09178516
-0.049129754
0.1406663
-2.5185637
2.5987163
1.5623074
-1.0717937
-0.33126336
-3.1844752
-0.4923428
0.46132013
-1.3059944
0.35575292
-0.7191132
-2.7685778
1.6774547
1.3571737
0.35781303
1.6337855
1.274799
-0.26492035
-2.661108
1.6911838
1.1590735
-2.2260764
0.20206827
-1.2812058
-2.3307667
-3.0473673
-0.6661009
-0.55249476
0.3828755
-0.5978702
-2.8564703
2.6607964
-0.7652905
1.0515518
-0.29964113
-1.0021533
-0.7824669
0.10178892
1.6535302
0.82995087
6.513067
0.8845131
-1.5033869
1.775601
0.62514967
0.9232961
3.0987628
-1.4916689
2.437738
-0.54281014
1.1390365
-0.9241766
2.4831371
-1.27523
2.7308447
-0.96892047
0.1573421
3.5517812
0.8978933
2.2285085
-1.5944608
-0.7407561
1.642665
0.84529036
-3.94558
-0.5445503
-1.1230956
1.9935888
0.7571525
-0.2213755
-4.5411096
-0.6340957
0.30234838
-3.1967807
0.064094156
0.031810507
0.74314743
-2.0353484
-0.7209209
-1.2710292
1.8326454
0.669886
-0.8629886
1.5884147
-1.5396842
-0.08092691
-0.1644912
1.9397024
0.7362807
-1.7239931
-0.24523757
1.0520763
-1.2361753
-0.66444266
-3.0048008
1.968387
-2.2608337
-4.753098
-3.5092473
1.5555453
-1.5675915
0.2950537
-0.1350385
2.278791
-0.8841179
-2.2464194
-0.80172884
4.0456634
-0.5308941
0.054217044
1.0014346
-0.83332723
5.0306273
-0.56981295
-0.015122671
-1.7194918
0.54280704
-0.24033123
-3.5535645
-2.20902
-0.198313
1.5526663
2.6395838
-0.20116112
-0.43676403
-1.4281157
2.9320772
0.3677554
-0.7143049
3.1206934
1.1166215
2.1570432
3.3443525
-3.5472934
-0.39013076
0.94326293
-2.125887
-1.8878568
-0.691391
-0.64397794
-1.1506958
-0.30284128
0.82642615
-0.90281045
-1.189058
-0.37199247
-0.8478273
-2.8453162
-0.63461894
0.991081
-0.06902908
1.1647243
-0.8659804
-0.65672
2.263931
1.0397202
1.510239
0.45322403
-1.5355872
-1.1306916
1.3696145
-0.74428254
-0.3196833
0.9960433
2.5288265
1.526801
0.44503653
0.19883457
1.8138163
-0.07258054
-2.216937
0.2542584
2.2675934
2.9771037
6.3494954
0.8264181
1.3944726
-0.6019561
2.3018079
1.3306327
-0.83930784
-1.3904424
-0.3751826
5.999645
-2.5201514
2.6784024
-0.5756846
-1.1020533
-1.4808446
-0.72667027
-2.1776943
1.2976305
2.6547117
-0.93772274
-1.1192734
-1.994721
2.5882888
-0.52656484
2.7688146
-0.14857942
1.1789412
-2.0374448
-0.11841517
0.5951108
1.3238096
0.51321256
-3.1778245
1.8034263
0.23418194
-2.9848907
-3.843502
1.5498582
2.4904327
-1.1249398
0.2050004
-0.5424639
0.91925114
-0.36888263
0.31729937
-2.009027
-0.9541714
0.04703007
1.1918736
1.5987633
0.77639097
1.2060211
0.08278516
0.7648301
-2.213693
1.6574937
-0.78921944
-1.640383
-1.4884429
1.6329675
0.12983936
-0.09703145
0.9616994
1.2732929
-1.4902114
2.5528138
3.087438
-2.4049182
-2.122142
-0.5616935
-0.3241661
-0.57229507
-1.4374297
-1.4309846
0.08447609
0.565456
0.25252253
-0.12862834
-0.13857368
3.9051554
-1.8467377
-0.9588723
-0.29199302
-1.3740625
-2.123842
3.3792737
0.5862855
-1.939657
2.0318394
-0.7516431
-1.1680659
-0.58237004
-1.1540129
-1.9548719
-2.1100247
3.5978935
3.6694038
-1.35583
2.624444
-1.0346082
0.10389919
-0.47126213
-0.29677927
0.3458756
2.6288457
-3.061898
2.8619606
2.1956604
1.4123552
-2.309182
-2.0187063
-0.3551603
3.5312707
2.8771045
3.14559
-2.6931388
-0.41521776
0.3039759
-0.23944595
0.79805064
3.3871424
-0.21117622
-0.397612
1.0276593
0.9258534
2.4376807
-1.0531445
0.8135106
1.3576393
-3.1224127
-1.4410366
2.5471504
1.0386604
-2.621679
-0.32508716
-5.2383375
0.17454189
-0.6378261
-2.3303232
-0.7925756
3.0726597
-1.1091464
-3.9178767
1.1532788
-0.6917164
0.10684019
0.27939805
1.265
-1.8332962
0.5560932
1.4805491
1.1571038
-0.028127782
-0.7097485
5.5580916
0.4514117
-0.36465654
0.7984755
0.47601828
1.2631251
-3.7591202
1.2778703
1.4661082
1.7879965
1.877446
-0.21086672
1.0748711
0.47698134
2.470356
1.585346
-0.35238788
-1.6883838
-0.04803282
-4.192585
0.98945576
0.27867037
1.1822808
1.4053651
0.98070294
1.3761464
-0.8231022
-1.8747516
-1.3773258
-0.023586333
-4.5872955
0.6435073
-0.080956094
-3.6866932
-0.2879739
-2.4318976
0.3079194
0.1305072
0.14440396
-0.24031939
-2.9293633
-1.2960005
4.1401205
-1.4938077
-0.8063008
1.5061104
2.6130872
1.6392379
-0.71123403
-0.547255
1.2949439
0.12593892
-0.6672532
4.667269
3.2057185
1.0877483
-0.686443
-0.6699565
1.9342942
-4.4229283
-0.12788793
-1.9496024
-0.99575883
0.14246356
-0.98018044
1.840518
-2.1132724
1.0756466
-0.7850177
3.439581
0.3156469
-0.7156709
3.492372
-1.1864733
-0.8017314
-1.9366571
1.6017199
0.32527038
-0.99292004
-2.1374125
1.3505166
1.3328063
-2.4000776
-2.4957023
-2.1625595
0.48221904
1.3631604
2.0627556
2.1068377
1.7859704
-0.054926805
0.4621413
1.1346315
-3.5094423
-0.24855597
-3.2312114
1.1627396
-3.7602625
1.2210025
-2.0931
-2.509713
-1.3438964
-3.4259448
0.7617866
-2.0274348
-1.548057
-1.6740772
0.87018305
0.8083596
0.031136274
-0.67644835
0.31325492
5.4813447
2.2303295
0.5064809
-0.9754159
0.30123663
3.0250032
-0.15146345
-0.577361
-1.3755926
4.310552
-1.6965654
0.6340254
1.5370557
1.8504099
-0.2865953
-0.25052345
0.68063295
-0.39979878
2.148459
-0.31176484
-0.061481737
-2.3337069
-0.09490999
-0.8960667
0.12793389
3.403685
2.4768705
-0.59847146
-2.171533
0.6002396
-1.658723
-2.6450062
0.86643887
1.4398513
0.17268305
6.222356
-0.26520252
1.8273293
4.558948
1.6572087
-3.0300133
3.1407375
-1.1874546
1.4457126
-0.21417984
-1.7490385
-0.74381804
1.8048689
-0.11946566
-1.1668327
3.3214426
1.633935
1.7509296
2.972146
0.51088864
-3.6176903
4.109694
0.8415072
1.1902769
0.6781205
-1.1780783
-0.6654901
-1.186455
-3.285797
0.37283516
1.6086198
0.7233018
-0.31606117
0.5508511
-0.23197383
-1.8519253
-0.26243225
4.3780594
-1.9302087
0.9256205
-0.61942863
2.6644125
0.59586245
-1.3911899
-2.3568454
4.801383
3.7081118
1.3591462
-1.0847872
-0.5925161
2.6644735
0.7794217
-1.1303877
2.3182507
-1.7842419
-0.52192676
-0.1533608
0.30059737
0.5324084
-0.6165667
1.443058
-0.33053768
-0.716937
0.31345636
-1.7780786
-0.44121432
-0.83614004
-2.6106715
5.248698
-0.9033717
2.655824
-1.9554918
1.834271
-1.536929
-2.0630698
-0.045490127
-1.9612767
-4.3206215
0.49415553
2.8190196
-0.46959043
-1.301348
0.91473
-3.445778
0.36154813
0.92706895
-2.0994313
1.0845188
-1.7504622
-2.3917127
-0.0144805685
-0.42436516
-0.6803018
1.0689154
0.80037236
-4.861812
-1.0247312
1.6784319
-0.1673924
-0.834973
-0.498013
-0.12613708
-0.32302168
1.2776778
-2.1890452
-0.13071465
-1.7279412
-0.6382156
-1.2534938
-0.16106516
-2.470983
0.3445946
2.1410055
-2.0814202
-0.32748312
-0.037458733
0.8452696
0.88794774
-2.320481
-0.9210124
1.4246571
0.49031526
0.19069391
2.1402996
3.8431969
-0.36611468
0.9707783
0.3827151
0.76512295
0.35544
1.3925581
1.4899291
-2.9983308
1.4152513
0.9934176
2.733529
2.8610563
-1.2618438
0.3716868
0.7223857
4.0215006
-0.0606816
-0.10735556
0.25277215
0.06798357
-0.6482576
-1.8641306
-3.8454688
0.43006554
4.152516
-2.7457979
1.352291
1.3446873
0.5980539
-0.80772775
4.2525854
-0.12052415
-2.13695
0.11603528
-2.5316787
-1.0732647
0.20984705
-1.9090998
-1.4135213
1.3548075
2.9752564
0.5437523
-3.6045363
-1.2600518
-0.375177
-0.7035937
-1.1944802
-1.8972445
0.7943667
-1.9853536
-1.700117
-2.523303
1.2686647
2.8304315
-2.0274167
-3.4731917
-1.7890159
0.59951174
1.8306187
-0.94093233
-2.2361991
-2.0753784
3.4545236
-0.64504284
-4.1593947
-1.5450574
1.0059463
1.0520577
-1.2432855
1.7503672
-1.2540562
-2.3255403
-0.21840572
0.26816738
2.4719865
-0.030988272
-5.142035
0.78880876
2.5805864
-0.59671
-4.0667043
0.45472714
-2.1811001
-1.7223922
-0.07946152
1.3494556
-0.36500472
2.916052
0.76569027
-1.7246572
-1.8962076
-0.3102041
0.9310835
2.796081
1.749646
4.0107074
-0.6111545
2.90399
-3.4735937
1.9246324
-1.6330335
0.6489641
-0.7529332
-0.55675536
-0.8688996
0.24947879
-1.3820329
-0.57019454
-0.2450386
0.22118622
-0.25958598
-0.8068596
-0.515552
-1.4662275
-2.9514883
2.0077069
-3.7284746
-3.643696
2.547834
0.39670396
0.5501556
2.2330608
-1.434004
0.045283422
0.48526528
-1.7974823
1.8794408
-0.6881569
1.3272278
0.76788986
0.14900264
1.7046834
-2.391513
-2.7100093
-1.0731671
-0.29175183
0.5576735
3.0523233
-3.9270728
-1.3949322
0.70601135
3.0480852
2.5951912
2.2669702
-3.2046742
0.98870134
0.32092297
-1.8471031
-0.4491129
0.51680803
-1.2996652
-2.9296
-4.850459
2.5260837
-0.8763901
0.9484542
0.97487617
1.9423267
-0.38848552
1.8484125
-3.6450436
-2.2186494
-1.5515969
0.2825104
2.531097
4.258214
-1.3236759
-3.0053682
-1.2214636
0.50594765
-2.5994644
-2.1253626
-2.3524892
-1.6534063
-1.4773879
-1.6800147
-1.4182931
1.2123464
-0.87141484
1.4822508
-0.7887572
0.9612525
0.67032707
-1.8026845
2.2143385
-0.16824386
-0.6365186
0.07970493
-0.2128575
0.018959872
-0.22075973
1.7467024
-1.5198648
-0.8039742
5.2494025
-1.0532961
-3.0710824
1.7949439
1.7801504
-0.015083298
3.1035802
1.8638308
-0.053229444
-2.8887599
0.006628789
-1.26091
-3.390034
-0.10248526
-0.9583353
0.81355613
-3.5005536
0.3394385
-1.6243411
-0.6179314
-0.48819783
-1.2652066
-1.868119
1.0666512
-0.09886335
-0.8114838
0.31850708
-3.7410874
0.902157
-1.2821804
-0.05351206
1.3424933
-3.2189252
-2.345781
-1.7440258
-0.8371895
0.17206162
-1.8558286
1.2000201
0.42904627
0.15679303
1.4439644
2.3860853
1.4318871
2.5200756
0.039905347
0.49315116
-0.97202355
-1.2294996
2.3816063
-1.87057
-2.6560712
1.4621047
1.0940287
3.2140377
-1.3240362
-3.2519765
-0.765838
1.2672888
-1.4295464
3.001829
1.0552148
0.9863311
-1.3298564
0.38231012
-1.9430392
1.1882936
0.35849243
-1.3495053
2.1537936
-0.34088963
-0.5335744
1.4499706
0.8447654
1.6534308
1.1319394
-4.4513474
0.5226135
-1.1694311
-0.053084917
-4.362279
1.3216445
1.3298583
0.24970403
1.2308457
-0.780164
1.0693184
0.1436995
1.0729706
3.4517825
0.6859825
-0.19956389
-1.4441781
-0.079222016
1.5150658
-0.026300393
2.9700432
0.02902668
3.1320713
-0.9721534
-0.34823203
0.75853246
-3.1913624
1.4888269
1.3863219
0.8300116
-1.3075496
1.973306
-2.9554138
1.0281018
2.8612866
-4.9492273
0.36342737
0.6243352
-1.2958046
5.0162477
-1.3892112
-0.24444789
-3.5573177
1.2540603
-4.2549634
-0.04059674
1.3082098
-0.3120932
-1.4917011
-0.23222509
0.87445956
-2.498992
0.5259373
2.1050544
-0.035336375
0.93750256
2.7575593
0.69292015
1.0675073
0.58234566
-1.8551543
-0.5942981
1.608907
-0.2705063
2.170686
2.7169607
-4.5204954
-1.5194257
-2.1417131
0.31622797
-1.1354432
3.346799
0.4893083
0.992646
-0.53733027
-0.25520042
-2.4421973
-0.108658604
-0.46938416
-0.8964783
-0.5981114
-2.3482888
-1.8095555
-3.3535464
0.19713284
0.011380017
-0.53254634
-1.0768677
-0.95326096
0.42445898
0.99183625
-0.37794286
2.494979
-0.62401175
-0.21742155
-0.57965314
0.25475904
-3.1113582
2.791099
2.1677504
-1.3105187
-1.025485
2.2187145
-3.047129
0.4999892
-0.9977596
2.717692
-1.3826644
0.39889985
-2.353751
-1.6614134
-0.799635
2.2693894
-1.9121087
1.5435377
-0.43334723
0.041868567
-1.9297793
-0.96491534
-0.7200192
-0.60104775
-0.99396
0.047441393
-3.0913303
-0.15536043
0.9258111
3.2280552
1.4122399
-3.0851245
1.8109028
-3.2270093
0.96796006
-2.6854024
1.6978005
-0.8820469
2.9614074
-0.9691674
-3.7526047
0.9885448
-3.589641
-2.355517
-2.3827727
3.736
2.9481823
0.8076748
-1.9459594
-1.9323334
-2.0422497
0.13637364
2.0376532
-1.1365185
-1.3346621
-1.2677584
-1.5134077
-5.4737487
0.4698311
0.5934479
-0.89442086
-0.58291924
-1.7885736
-1.1045918
-0.8145421
-0.117064826
1.0883185
0.9551866
2.270103
0.02042488
-0.88991195
-0.43743807
2.5520644
-0.4108975
0.27027982
-1.0370275
1.0850011
-1.2932152
-0.5291303
2.2950833
-0.40820283
0.23330075
0.49283165
0.89716065
-0.9507791
-0.36537236
3.3659813
2.9533165
-2.334282
0.976256
-1.0165949
-2.0587876
-2.721583
-0.23609948
0.38289368
2.3122356
-2.477715
3.5519972
0.027791046
2.6352293
0.95414484
0.15489733
-3.3328166
-1.3051465
-3.6000607
-1.4693005
4.54628
-1.2445674
-0.06901542
-1.6948419
0.55746394
0.1125211
-0.7247735
0.4620289
-0.53950846
0.3835973
0.21892014
0.3299597
0.74553823
0.23533145
-0.34625015
-0.8265863
1.6836951
-0.67475724
0.9651733
-0.085691005
-2.1136103
-0.8097704
1.6430075
-1.1720536
1.3455778
-1.1747373
3.1888704
-1.5830944
0.909101
0.26256597
1.0567662
0.46730134
1.9410949
-1.825153
1.4676101
0.107071616
-0.7268257
-0.42672765
-1.2585602
-0.48515195
0.002056919
2.0219567
-0.5553686
0.42341942
-2.4320662
-4.0954022
-3.8233447
-1.1198937
0.46721855
-3.8931644
0.26783723
1.3307632
-0.8169206
0.5304392
-0.5168539
-0.12925115
3.1331415
-1.5644127
-0.007935494
1.4165528
0.5319347
3.6628313
2.842554
-0.0825829
1.5218922
1.2794249
-1.0322753
-0.8227046
1.3233014
1.5504912
-1.1125013
1.3865621
1.7150397
-1.637995
0.24650146
1.7099319
-2.7924578
-1.9670976
1.1412115
-1.6649467
0.7706321
-0.5639485
-0.39252815
2.3785894
1.1307209
6.9154577
-1.8689791
-0.42674196
1.380914
3.9938226
-0.20638973
-1.8606864
-1.0455127
-1.3065013
1.1741943
-1.0447563
1.6310589
0.11102895
1.0397822
0.09629948
-2.893065
-0.949448
2.7966716
0.9590959
-3.8471174
-1.1445094
1.923513
-0.60272187
-0.24488446
-2.2919018
1.4624958
2.7767565
-0.19160284
2.3489618
1.446955
1.3029088
0.27655485
2.4303265
-2.42053
-0.77208644
1.9423773
-1.3538693
0.15901025
0.40395656
-1.0047375
1.2520038
3.2401958
-1.2790992
-2.1068902
-1.8591242
-4.4782887
-0.08566612
0.78406686
-0.055466756
-1.403565
-0.9226741
1.5690433
1.6245707
3.0097785
2.1782136
0.7417262
-3.03079
2.9340858
0.902701
2.8822885
-1.0913416
-0.4824524
-2.0502403
5.9334955
3.0217643
-1.2955965
-1.7203772
3.4974153
0.47003543
-0.9393926
1.1751896
1.0917249
0.41718107
1.7586052
0.9066624
1.6255199
1.7346014
-2.9880443
1.3712535
0.019106574
4.0357685
-2.2691689
0.21162948
1.960002
0.33333427
-2.4592674
-3.1073794
-0.99632514
-2.4423223
3.2006493
1.6368866
2.8800282
-1.5720685
-0.050665937
-3.098035
-0.7332093
1.9033899
-1.5248566
-0.8831383
-2.6139874
-2.3018079
-1.4408946
-2.132005
0.033284858
-0.69614
5.3712907
1.3177819
2.1329541
0.13928533
2.9331262
0.123027
3.171745
3.944077
2.4506226
-0.57503647
-1.2460847
2.3206475
-3.314651
-1.2391528
-0.7353332
-2.0887175
0.041798897
-0.9226006
-0.8354965
-1.7188108
0.6260731
4.1116133
0.83575445
-3.6363993
0.7164616
2.5615811
2.922367
-1.0339642
-1.0657655
0.5001237
0.9735339
-1.0989645
2.1953857
0.5091015
0.26439747
0.4570277
1.8790509
1.6966124
1.4892958
2.4307048
0.3138315
2.531621
-2.8486288
1.23021
1.7880571
2.1862233
-0.35009933
-0.2738671
0.7990433
-0.23684315
3.1763809
0.14898391
-0.17059743
-1.1199052
-1.414764
-0.022281773
0.42892832
2.0593753
-0.83018684
-3.2455652
-0.4316548
0.9338147
0.5054157
1.013806
-2.817286
0.6393555
1.4392563
1.2100154
1.3600229
-1.875138
-3.3367388
-1.1702665
0.18648133
5.8453918
0.9194974
-0.46446618
-0.67231417
1.6109387
3.724555
-0.85551906
1.3901372
-3.2759
0.87027663
1.0577933
1.1876743
-0.7668875
-1.0544058
2.8043935
2.0225258
-1.9452951
-1.07951
-0.45757195
1.1607547
-1.9123124
0.59867984
0.6025658
-0.1972513
-1.1669112
2.374717
-0.11375137
-1.1746734
-2.4905632
-1.168654
1.2322747
0.30407673
0.60061485
1.1826733
2.5723767
2.1280262
-1.9376955
4.2696104
-1.5892028
0.782858
1.9121511
2.7850697
-1.1666391
-3.1222057
-3.1549695
2.8273025
2.3560462
1.0752646
-1.1972684
-0.6861354
-1.626324
1.1523073
0.008689612
-4.868913
0.34066588
0.009415664
-1.2360431
0.70320535
-2.6017287
-2.9123359
0.9820093
-1.4025495
0.14374857
0.31244272
1.1102487
0.24327874
1.3469177
-2.7273948
-1.2329804
-2.7385352
-1.1305647
-1.0226171
1.1969538
1.7671928
1.0174966
-1.4357002
1.9242272
1.5451747
0.73254514
0.71571296
3.4216628
-0.028118595
2.3462503
-2.437517
2.0650716
0.47624847
-2.9625683
-0.09662091
0.68633103
-0.6250333
1.9318768
0.13345006
-1.0703487
1.2255995
2.061868
0.12828687
1.0488973
-2.9511204
2.1110952
-2.1886077
0.31412277
1.3957999
2.2939634
-0.08566993
-3.6204588
0.7315845
1.9673659
-1.6957285
-2.0274637
4.3531327
0.918833
-2.5514102
-0.68828624
-1.0271888
-1.8252563
-3.9672475
0.5211484
2.5878265
0.5955087
0.30431342
-1.9712037
-2.4869306
0.23530763
0.8918788
-0.6273638
-0.9406684
-0.39504114
-4.245294
2.0231888
0.2688766
-1.7521466
-1.4224954
2.2594745
1.1385236
-0.99354625
-0.4918554
-0.99349785
0.022468477
2.8743403
-1.5608777
-1.0799878
3.0609596
0.5412444
-2.4788702
-0.01842419
0.1629698
1.0134159
-0.40209967
0.35682264
-0.8645089
-3.3016148
0.8544593
2.0617914
-0.14054096
-1.6473625
-1.4253213
-4.6643534
0.0017017461
-2.3731546
-0.40293428
3.014946
-1.1344764
-0.7783646
1.9736053
-3.7577236
0.10597402
-0.9589607
3.1771834
0.8508048
-0.32382697
0.103248864
-4.577005
-1.1801704
-1.3951111
0.7764297
0.34984547
0.3667432
-0.46965188
-2.3945663
-3.8655138
-2.6209524
-0.93697727
-2.0271585
1.9529006
2.4172812
-0.78167385
-0.24178958
1.7563803
-1.511074
3.851351
0.92014325
-1.0618763
1.2633076
-2.1982162
1.9421544
-1.5217668
2.0464406
-0.32740584
0.31180322
-0.10453083
-0.3243227
1.3871142
0.3512438
-1.1771028
-1.4399321
0.57803774
-0.094766274
1.9907336
2.486077
2.3768485
-0.6089142
-1.7131913
-1.1485982
-0.7025445
-1.3988727
-0.4160037
-1.4499402
1.69562
1.5954111
-1.1686723
4.0264554
1.3607857
-2.3620052
-0.10983561
-1.1849769
0.28652173
-0.222742
0.12336482
0.7521717
-0.0006897673
-1.4782599
-3.1250288
-0.79192734
2.1495066
-2.0397573
0.2772034
1.3328412
2.0620482
-0.15785065
-0.964811
-2.2428436
0.3825886
-2.086885
0.8995741
0.3427321
-0.8231061
2.5007174
-2.7683284
-0.7471249
-2.641214
-0.030375853
2.7044854
0.6781678
0.10122871
0.68201005
3.507794
-1.5944859
-1.4498247
1.5144275
-1.5430537
-0.60488105
1.0438955
3.6769624
-0.2058507
0.4746698
-0.7400722
3.088835
-1.2551473
2.453803
-1.8613971
-0.08614646
-1.002197
-0.6993407
2.7807708
-0.6117554
3.7288356
-2.146336
0.16671304
1.7201588
0.30590615
-1.4858516
-2.280273
-1.7914635
2.6771207
-0.4449938
-1.0389719
-0.64438957
-4.2047896
-0.2502517
-1.1562179
1.3659036
1.8793836
0.47518283
0.37874746
0.14197128
2.2307777
3.73825
0.7461245
-0.62905186
3.3761623
-1.1758394
-2.5077784
4.4493737
2.7114935
0.36099
3.3454103
-0.71148866
-0.8095365
2.271503
-0.15761316
0.47048515
1.3704052
0.36700654
-1.024885
-0.5095084
-0.22021489
-0.6749683
-1.7952645
0.15299293
0.7884507
-0.73912984
0.40593565
2.1910877
-1.0779514
-1.2583313
-1.8739524
-1.7383817
-0.4562373
1.1548127
0.96103346
0.9021248
1.1401588
-3.2627568
4.7027044
-0.024941217
-0.91488445
-0.15874517
1.1346736
-0.4809018
1.566465
-4.5929956
-0.40286347
2.4034038
-0.21162686
-1.7797734
0.06661461
0.36164674
-1.401577
0.53360367
5.2446203
3.2489786
1.798512
-2.6454844
-0.77996683
2.3846471
0.48714954
0.7903055
-1.9689115
-0.9658582
-0.93000025
2.6497943
0.30853325
-0.39658067
0.06578879
0.4701248
2.0035255
-2.0207531
2.5988204
-0.33581823
-1.9225568
1.2628764
-0.89177185
-0.5069345
0.2041125
0.44659936
1.1474835
1.4641522
-2.5256376
0.7229072
2.1310139
-1.6728202
-1.0751685
-0.90413094
-0.43218488
0.08032332
-1.2209913
0.9777874
1.5965672
-0.73126537
1.4680644
2.5162592
-0.53414625
-1.4916291
0.3657611
1.0074984
-4.021832
-1.8027765
-0.23679346
0.6130137
-0.83682865
0.49146402
-3.9083514
-1.2483865
2.880016
-1.951004
-2.1606545
3.092919
-0.33162817
-1.0851812
0.093632646
-0.63636696
0.52937466
-2.4420242
0.2069664
4.150627
-0.95309156
0.6378032
-1.5828105
2.6756043
0.46770316
1.6070975
-1.6840008
-0.38748905
0.85164577
2.013251
-0.039445367
0.69476926
1.6872936
0.37369862
1.9006805
0.031000942
1.8040385
-0.49223602
1.5055003
0.8929671
2.018691
0.9699194
1.7077951
-0.43568677
0.2174477
0.11965453
1.3633069
-2.495562
-1.5220333
-2.9860249
-1.677026
2.511266
-0.5487851
1.1639737
2.6465807
-0.49394864
-1.5834187
2.2067127
-0.5845369
3.6100054
-2.2424486
-3.0908906
-1.1751071
-3.8071237
1.202228
1.9486878
1.7902763
-1.4472656
2.560452
-1.8362663
0.703739
-0.65652347
0.82574856
0.30843303
0.5016837
-1.104533
2.675544
0.2644655
-2.6838934
-0.58553106
0.27383056
1.2048959
1.70421
0.70383584
-0.6923663
0.27148193
-4.0730777
0.72485375
0.6790252
-0.66358495
-0.44670522
2.3424528
-0.9241564
1.1435387
-2.5432339
-1.5072805
0.034040857
0.20950614
0.003598906
-1.0580564
-1.7728372
1.3809562
1.3835005
1.2989413
2.2044587
-2.464901
1.4793655
2.4553246
-2.5345302
1.9594568
-0.85245395
-1.4187244
0.2636829
-5.1394634
0.7450864
-1.5565249
-0.9230473
2.506752
1.549334
1.1981353
0.5262326
-0.47043502
1.7618487
3.9104042
-1.6834587
0.40752187
2.7708642
-0.64140385
-3.3814673
2.016012
-1.3741028
0.9450162
2.726933
0.77754366
1.8848307
-0.4521843
-1.5021703
3.0853217
-1.2280688
-1.2641375
4.142651
-5.2248716
1.723737
-1.5721898
1.3920928
-4.216814
-4.685403
0.6022297
-0.97622555
-3.0532682
1.0921934
-4.562588
-0.03079842
0.5584893
-3.8367696
4.1100273
-1.7764089
2.3485713
2.0102577
-0.029020876
1.7649654
-2.5208843
0.6728694
-4.185045
-3.6276178
-3.871188
2.991123
-1.3384551
3.0424156
1.6598372
2.4546347
1.1274257
0.74014664
-2.3144286
1.85729
-2.5728645
-1.671909
0.042848855
-1.0860358
1.103245
2.4118893
-2.1173096
0.15737194
-0.64609915
2.1233683
-1.3464011
0.10720967
1.9119775
0.72150296
1.0775709
2.5518863
-0.19909039
1.2016395
-0.37327844
1.2984837
2.724833
-0.051665433
0.09657327
0.59010476
-2.5640075
-1.6171052
1.2004983
-1.7087021
-1.1349655
-1.3029449
0.6950134
2.0516412
-6.3348603
-3.5271323
1.1714258
-1.1082487
1.5732867
-0.3509822
2.1218379
0.61010593
-0.916428
-1.4822023
-1.0801061
2.4467177
0.2754529
1.805065
0.41421127
6.0234394
-2.712707
-0.25912395
-0.9222356
-0.4516449
0.20447749
2.6289687
0.9368883
-3.4287686
1.3193123
1.9733033
-2.0334082
0.47009382
-4.1481767
-1.7063363
-0.14556737
-3.0913332
1.3946135
0.5844515
-1.2484308
3.5481248
0.78452307
0.23896399
-1.6440362
2.3140535
1.3065298
0.55163854
1.9152452
0.7485469
-3.814801
-0.78773206
0.006493658
-4.3355446
1.7811202
0.3000279
-5.087955
0.00007113069
-0.45851177
-2.8722334
-2.6200716
-0.17275457
-1.3828694
-2.41731
3.226179
0.893708
-0.975271
1.4036407
2.1985807
0.9173204
2.2422552
0.96749556
-1.4836864
-1.7105867
-1.227867
-0.5066831
-2.9940784
1.9443212
-0.5999533
-0.16321212
-0.27773505
2.89507
2.6159425
0.9488726
2.204307
1.1867846
-1.1706467
-0.4448783
1.428988
1.1697046
-0.75608736
3.456399
0.009773895
4.33112
4.74281
3.9704974
-0.15858537
-2.9567616
0.1266586
0.090582766
-1.370172
-3.0190556
1.6482815
-0.9273774
3.6705914
-0.8034002
0.39073643
1.6106145
-0.9048403
0.44355112
1.4195235
1.3344562
-0.5912693
-0.334784
0.8466983
2.9791574
-3.1791303
-0.5546763
-2.4683177
-1.0243448
0.401911
-1.3002568
3.3476255
0.109704345
-0.8823733
0.21087357
-2.8006334
1.0049196
-1.2952487
-0.5300695
1.7494835
1.7316296
-1.4089633
-0.2220849
2.2452874
-0.47607133
0.62308663
-0.8710837
0.39812347
0.87712795
1.1855568
0.16644359
0.19740108
1.880923
2.8552341
-2.7125115
0.5333882
-1.7312245
1.9234221
-4.0871105
-2.0330186
-1.2924207
0.68638164
1.4067143
0.98355377
0.4145886
-1.330593
-0.4447982
2.5137434
-0.5640785
1.9834394
0.2742423
-0.7269587
2.5146859
0.29240876
-3.2171392
-0.04956021
-3.2331035
0.6621855
-1.2266525
-3.4624586
2.2611651
4.2029047
-0.54829085
0.053299785
1.9783676
0.32668525
3.3915017
-0.5821808
-0.9149447
1.8574942
-0.14181449
-0.4834683
-2.2598433
-3.5725396
-2.3508604
3.3577914
2.17543
-3.4433317
-1.7056085
1.0799834
-0.74386483
-3.0692725
0.44852325
-1.9053224
-2.9966764
1.5920142
-0.71597135
-2.6849685
0.09443386
4.35278
-0.50573075
-1.92854
0.789235
1.2409188
0.6667805
0.15191226
0.8659356
3.161237
-1.8908179
0.24006268
-2.0439546
2.3363128
-0.20116916
0.27985603
-0.0054414608
1.9053285
-0.26499102
-3.957177
1.115434
0.59051836
0.34292093
-1.611342
0.064574
2.4786448
0.7400318
-0.7772023
-5.2352085
-0.34759146
-1.058342
-0.3778286
0.12273976
2.4078155
-0.950372
-0.036650956
-2.5135472
0.19947997
0.30120936
1.7950598
-0.46114665
-1.1360459
3.049939
0.19831634
-0.8367893
-0.5467129
-3.2275436
-0.5500308
-0.902141
-0.46964356
2.877521
2.2650657
1.2756637
0.5180334
1.204103
1.8828226
0.10390116
0.8262391
1.5335237
-0.4780995
2.7645698
0.7814589
-1.0136532
-3.2246165
-2.1973383
-0.15168747
-0.361072
-0.9657831
-3.3188906
-1.571721
-0.40444788
1.3502626
0.8394678
-5.8691263
0.20878708
1.7411022
-0.82078093
-1.7607801
-0.76915705
0.97615427
0.83201265
-0.19345853
1.3196893
2.8801544
-0.087167785
-0.7497791
-0.8353188
-3.6535482
-1.5167354
0.699378
-1.0814873
-1.0510284
-3.597333
1.2289038
0.7203363
-2.7745304
-2.5855117
2.2243235
-2.7743707
-2.045184
1.6934594
-3.0476184
-3.194571
-1.9934189
1.6362433
-1.5454246
1.0948085
-1.0398707
-0.7914331
1.61025
1.6078755
0.14640535
-2.676081
-0.45297146
-2.5193605
1.7210705
-0.012932196
-1.0733843
-1.0531732
2.4434447
1.9652067
1.873423
-3.955051
1.9722376
-1.3324074
-3.606292
1.5848321
3.61488
-0.15881357
0.3158493
-2.527577
-0.9878196
1.2970375
-2.6966634
-0.80829585
1.3577118
-0.30237237
-2.213712
1.123539
-0.24538139
3.2814233
2.059394
-2.512982
1.8183529
0.4683364
0.10572793
1.424431
3.1127205
-1.2600374
-0.77668315
1.2709066
0.23640275
4.573256
-0.76318127
3.0799773
-1.9910612
-2.9312825
-3.4374263
1.353478
-0.031755716
-4.3084617
-2.1459303
-1.304647
-1.00333
-0.5047209
1.2213341
-2.919796
-0.32871762
-3.3029733
-1.088213
-1.1079648
3.4682717
1.3077458
3.5412388
0.2742856
4.319553
-0.9753569
-1.6163368
1.1594069
4.286811
2.052802
0.067693114
0.9458589
4.564879
-1.7708102
0.61262876
0.77934796
-0.2170529
1.7094891
-0.540185
-1.2971512
-0.41381437
-1.2664518
-0.21312994
6.1758857
0.60692155
-1.8928063
0.83659214
-2.6604207
-2.5250852
2.7793033
0.41537458
0.93836987
0.43507388
0.57976973
0.54350436
0.9664022
-0.29518113
3.0041754
0.065947816
0.30875266
4.5653596
0.18810698
-1.5239052
-0.36588082
-2.040777
1.7994225
4.695691
-2.6506855
2.2316773
-0.73826873
-0.70437497
-0.794873
-1.334655
1.1578797
-2.3449857
-0.29246426
0.9850966
-1.7289172
-1.4489304
1.1041946
0.7992752
-1.6640718
3.589073
2.2721283
1.5179521
-1.9451915
1.1010671
1.451087
1.4543693
-0.19131687
-2.6542418
1.9642612
4.1299295
-0.2876003
1.0937521
-1.905405
-0.9925189
-2.6376925
1.8478898
1.8766322
1.564444
2.9436617
2.4282696
1.5074449
-1.6254642
1.6715652
4.0592885
-2.8144743
-2.4425023
0.34452897
4.753278
2.6410162
-2.769028
0.23326537
-0.8724975
-0.60106325
-0.35980424
-0.60249263
-2.1142905
-1.7967637
-2.7238612
-0.87622416
-0.54513913
2.4510448
-3.5773127
-2.8697264
-4.1632867
1.7306832
2.0678964
1.1366817
2.6564975
2.297044
2.1163404
-1.1920036
0.31508598
-0.8001357
0.30446216
0.32150996
-0.8499018
2.3133688
0.5633786
1.4504019
1.0211914
0.04547682
-2.9835923
-1.5349522
0.015212782
-1.0787283
0.41880196
0.0753751
1.7275331
-1.5131675
-0.5368283
0.84651077
1.5714768
2.2644012
3.3973927
-1.9383636
-0.9099322
-0.7014509
-0.6108609
-0.11066236
3.7594185
-1.1756636
-0.90267736
5.1687274
5.3622813
-0.0068429336
-2.0184026
3.2079751
0.38314265
2.5666165
-2.8893187
-0.5342301
1.8041688
0.52738225
-0.17800447
-0.524323
2.905403
1.43671
-1.0481083
-2.0166872
-3.0482905
-0.16103664
-2.6702847
-0.30775028
-1.7069196
-1.2494649
-1.7769091
-1.661852
-0.34800908
1.1027786
0.32253057
0.9542371
3.802223
2.22997
-1.1470269
-2.0343719
-0.77904874
-1.3214723
-1.4989176
-1.2777113
-1.338309
-0.07016542
2.1461928
-0.18141484
-0.22354004
-0.8037281
1.0761942
-2.9361734
-1.6240513
1.3083096
1.693345
-0.41003266
0.053231873
2.1497164
-1.6530116
-0.799772
-2.662216
-0.1510227
-2.5694647
-1.1807721
-1.2712613
-1.7387552
1.7355005
-3.9422822
0.43203694
-2.7861612
-0.401233
0.11420372
2.9138288
-4.257028
-3.131905
1.5500615
-3.569915
0.583776
-0.29546487
-4.9419346
-1.2461542
0.48134413
1.4453686
0.19048347
-0.6568762
-0.8531354
-1.3868982
0.2708694
0.1382823
-1.1292435
2.346435
-0.93801963
1.0475905
-1.9438555
0.73839813
-0.18524522
0.7087827
-0.7195361
-5.528697
1.2456405
1.1579403
1.0759085
-1.524312
1.372032
-0.94575757
-1.2900949
-0.74724954
0.97001237
0.87197876
0.6408322
-0.5662632
0.34097016
-3.18579
2.295095
0.19053568
2.7846236
2.347023
-1.0315472
-0.58732086
2.047936
-1.4778321
-1.2092532
0.20748205
-3.1885128
2.2315297
-2.4752917
1.706034
0.20198768
0.8555109
1.3799381
-4.500423
0.81725675
-1.7811453
0.7303319
1.4453343
-1.9361578
2.3219204
2.3639145
0.84174496
2.5186753
-0.44323838
-2.6567137
1.9549809
0.8351007
-0.42685187
-0.46772322
-2.9911513
-0.83378386
-0.012813598
0.21192862
1.7474927
1.0349053
3.9218404
0.61937773
0.9484412
1.9554892
-3.4688153
-3.127583
1.7359989
1.0973562
-2.932783
-1.4781051
0.33993727
-1.5101459
-0.33061767
-1.6095791
-0.55701864
-2.0273917
-2.206452
0.27353632
-4.8766847
1.1388988
0.35334897
-2.4469633
0.8527911
1.6266934
5.654791
0.38225096
-2.0254812
-4.324071
-2.5752735
-2.0787477
-3.7107258
-1.7130582
2.505851
-3.7353551
-3.1288989
1.0776141
2.067725
-0.47501045
-1.7320831
3.6352801
-0.47941244
1.9062583
-3.1548984
-0.87499756
1.5137526
0.70591414
-0.81255656
-3.0569
2.572641
1.9381237
-1.5363351
2.4032364
-2.2418258
-1.6296443
-0.8462549
2.2325933
1.7665428
-1.1431829
-1.9480718
-2.1788716
3.2583904
2.0661476
-1.1286511
-1.0136671
2.3060513
0.8286617
-2.3824892
2.712552
-0.9755849
1.7119664
-2.7253385
0.007326171
-3.6772199
0.7075031
-0.25565174
-1.6651362
-1.1914344
-0.6899225
1.2929254
-0.4672283
2.1598256
0.6839285
-0.2336939
-0.9229226
1.217681
0.35113537
1.8929554
2.3591309
-1.1962826
-1.9248874
1.7605335
2.2447584
1.2056206
-2.650454
2.472641
3.3583233
0.48101997
2.2909105
-2.0080535
-0.3713209
-2.3875155
2.3708935
1.7331144
-4.519828
1.9096422
4.2371373
1.0989417
-1.2620463
0.8570533
-2.39063
2.3388546
-0.04055772
-1.3571242
-0.6588406
-1.3757812
-3.2983227
1.4120983
-0.99232316
0.28454974
0.9416327
3.6716795
-0.42534304
1.274039
1.3878108
0.11498509
0.9843349
1.8689761
-0.82958084
-0.8573347
2.0767815
-1.5876406
-1.0874223
0.13523507
1.2351291
-0.26269352
-2.3928137
-0.45885155
-0.41087422
1.362365
-4.3305626
0.6804969
0.17744574
-1.3529974
2.9390116
0.7559309
1.6477352
-1.4971083
-0.22930232
-0.62452596
-0.5985236
-0.77114207
0.22843628
-0.826536
2.0963147
0.6541102
-2.304096
1.6714064
0.039779916
2.5579128
2.3585706
0.21758963
0.22342971
-1.0290408
-0.9675758
1.6580501
2.2950993
-0.058169253
1.8969688
-0.64572763
0.78995174
0.44685432
-0.6221177
-0.7325351
-2.8883429
-0.9099887
2.8182628
2.8005235
-2.2920232
-0.0017341003
0.72545356
-2.8825965
-3.7187736
0.019129552
-0.6901349
1.3822993
-2.8324714
-1.7676342
3.8434598
-0.80003196
-0.60304403
2.087193
-1.836078
-0.63504
2.0105426
-0.57868505
0.51398015
0.6779764
-0.18648365
-4.175153
-0.9184187
-0.08715767
-0.58999795
3.1171818
2.6355865
-0.29115203
-1.1757663
1.3773875
0.33644828
0.98060894
3.0479302
-0.74373156
-0.6810953
2.5986056
-0.49405265
0.15236059
3.7471228
-1.0185179
-1.1405855
-2.3115761
1.8949718
0.98147833
-3.626479
-0.7516538
-0.546905
0.45490676
1.6891239
-1.6248147
-0.83833826
-0.32935932
-1.9523628
2.4866683
1.1847368
3.209244
-1.859574
-1.2444677
1.1324227
-0.6688819
1.9689301
-0.46050537
-3.320723
-1.188992
0.42612293
-2.4066644
2.3806317
1.9301136
1.1504023
1.143391
3.3135827
-0.4207387
0.038318984
2.6755002
-0.85028875
-2.14631
-0.91170925
0.46838203
0.7319624
1.4808215
0.07374403
0.61755306
-4.2571564
-2.5330021
-0.6766372
-1.7166611
-0.12138069
-0.5800618
5.491474
3.4947398
1.014322
1.3351374
-2.91306
-1.2470422
0.02772928
2.074183
0.001013346
1.0655637
2.0302489
-1.810295
2.085138
0.3345505
-2.9204104
0.70473206
-4.0713925
2.5824623
-1.4121104
-0.45640823
-0.23252763
-0.034313843
0.5132332
1.1333033
-0.48677337
-0.063508466
1.9715188
2.0894353
1.1361601
0.35512498
-0.83190536
1.1297181
-2.098588
1.7074412
-1.2960473
-1.3731506
-0.3976474
0.06911114
-2.5442877
-1.43831
0.67789274
-1.712242
1.1364585
-2.4737844
0.9323935
0.64821607
0.54930496
-3.0217836
2.818393
-0.7714709
-3.9298944
-0.57100296
-0.060217798
2.86029
-0.8567849
-1.7824016
-0.18915683
-2.3087072
-1.6812752
1.2402662
-2.9140153
1.8432767
-0.4306993
-1.6206951
0.840579
-0.7322694
2.907299
-0.6111515
-1.9008895
0.19433899
-0.2277433
-0.28791702
0.81388396
-2.199431
0.71900743
-3.0340662
-1.8611087
-1.2839608
3.4859462
-0.13795222
-3.1593747
-1.1923712
2.0482805
1.8112494
-3.7315567
-1.5103053
-0.9432877
1.4196893
2.7111497
0.34809178
0.94213647
0.40776703
1.5266119
0.4009686
-3.4100394
-0.2708013
1.2547197
-1.1597075
-0.51751226
2.4489615
1.797554
1.3602219
-0.66565496
0.7466622
0.6949533
0.514351
-4.3926506
-3.987331
-1.7301365
0.7262553
-1.6238452
0.7042855
-0.26232165
-2.1031911
-1.0539343
4.9024725
0.96337575
-0.8176298
3.0621428
1.8172988
-0.3264884
3.8581645
0.084747754
-2.8060837
-0.5625852
-0.69442576
2.887021
1.5903774
3.4644742
-1.6862953
-0.86291987
-0.30775377
-0.10909993
-1.9334255
2.111399
-0.0026046485
-1.9111506
3.3502378
0.048948996
-1.6518791
1.6533458
-0.8025752
-1.07445
-1.8085061
-3.2662876
-1.6328064
-3.6170104
1.4916867
-1.2711339
2.9936326
-1.1583625
1.7292495
-0.83406943
0.73353636
0.7526012
-0.04466281
-0.44285527
-2.053839
-0.024573408
-0.35826987
2.2092524
1.0472404
0.3772774
0.13982308
-3.390412
-3.0829556
2.8276448
-0.64313
0.13089302
-1.414599
-0.9509847
-5.169988
-2.8629649
-0.90014076
-3.614441
-0.8297708
-1.1883988
1.4808054
-1.2345245
-1.2668914
1.5448815
5.343831
1.5975257
0.016952157
-1.1202717
0.69102645
0.11989209
2.2958312
0.79207015
-0.23675053
0.45353168
-1.7366732
-2.121348
-1.9730345
0.2661217
1.1658736
-0.5445859
0.9330031
-0.50578165
-0.7980219
0.6688251
-2.3731346
2.4401321
-0.8708497
1.7633061
2.1254456
-4.313229
2.093744
0.34338468
-0.14076006
1.1604203
-0.14393404
-1.1971633
-0.99896204
0.72443336
-0.17385375
-1.6665429
-1.2398828
1.8403355
2.1181798
2.4662101
0.22710148
-0.8669858
3.2278929
-0.42379755
-1.9736148
4.1730437
5.656366
-2.4891815
2.4325264
5.6612053
1.2877898
2.7012274
1.2003491
-1.1463141
-2.2030566
-4.255793
1.6881318
-0.8742423
-1.0455749
0.61513585
-0.03299143
-1.8120499
-0.6634626
2.925193
-2.2166884
-0.3117331
2.1827352
2.8578064
-2.0079105
0.43618506
-1.2207229
-0.07547481
0.36543176
2.8172503
0.4032282
1.2966074
0.009203076
0.78310907
-3.207717
3.2050493
-1.8262095
-2.5820131
1.2403245
-2.3803716
-0.21979171
-1.4495986
-2.6080866
-1.1003585
-0.092254885
-0.69737643
0.35524842
2.83874
-2.9215777
0.3775358
0.119958855
-0.227797
1.9081233
-0.34913772
-1.8988733
-1.2939466
-1.7869643
3.7876248
3.0985682
0.15485722
-1.7973967
-0.0444355
-1.0408726
-2.9852514
0.7733394
-1.1194757
1.8067567
-0.17640725
0.44369474
2.1093373
1.8965067
-2.2344615
-1.0646186
0.154603
2.8860414
2.8589149
1.3197597
1.5314249
-0.8855558
-1.8192873
2.1625636
1.1487483
5.640158
-0.74740845
0.023865126
0.98985624
1.609083
1.4502019
2.3475823
1.2870407
-2.0421999
1.4070196
-1.6588943
-0.03847333
-0.5830401
5.56288
-1.5669279
-0.6608624
0.90584075
-0.79519594
-1.8052393
0.70881885
-0.6027142
-3.3575845
-1.2379656
-2.3177018
3.5603056
0.55232453
0.33380654
-1.3031844
-0.5950674
-1.2132734
0.93496144
-1.995868
2.840137
0.027519085
1.0707859
0.456123
-0.15903118
-1.2885011
-2.8943443
-1.0451226
-3.2729402
1.3784766
-0.07551326
2.1329267
1.6676733
1.7123483
-0.84713787
0.9008866
-0.3984102
-0.86375856
-0.6426849
3.3582234
-0.02706182
-3.8938713
0.45801875
-3.0575664
0.6617275
-1.5423633
1.9842405
3.8850138
0.49786824
-1.9077362
-0.93913835
0.18979937
0.5361795
-1.7993015
0.25307414
-0.17383282
-0.7480179
0.23225355
-3.1206694
0.08594107
4.6812043
1.1821784
-0.50438595
-2.280033
2.3690455
1.3381627
0.85578656
-1.2528226
-1.7784144
-3.0979629
0.09166551
1.1126814
1.4077892
-4.363325
-0.45971835
2.212958
2.8681593
3.2467256
0.32215157
1.4188124
-1.6791646
3.833003
0.46624702
-1.7848743
-2.3556426
0.3944692
1.524094
-1.5561546
1.8225424
-0.7791431
-2.2020624
-1.3290496
1.4304893
-1.008041
-1.7000644
-1.447535
1.2360083
0.5017703
2.1420596
0.38098538
2.8313365
0.042960465
0.9187442
0.55067277
1.197186
2.896464
-2.1752667
1.0713748
-1.4259579
3.1417463
4.5551353
1.3922169
1.4938431
-2.1126013
-1.5368502
0.55464226
-0.06845741
1.3421085
1.077007
0.23848808
0.29987186
0.46143398
1.703462
1.4129695
1.5393695
-0.80035424
1.8209907
0.6354014
-1.2761476
-1.9193997
-1.352905
1.2188008
-1.4613466
-0.32492715
0.5237342
-3.548305
-0.0102618635
0.05795703
0.32438684
-1.9748445
1.7351074
-1.8446923
0.7584754
-0.7766243
2.2700644
-1.5134917
2.4424002
2.5235927
-1.3915765
0.69806695
-0.06218011
4.535781
-0.78163
2.9210432
1.6400067
-1.3868744
-2.7400653
-2.0230145
-2.148285
-0.050493002
3.6546905
-0.46361756
0.03688173
4.2294
0.32446003
0.13052174
3.7770972
1.7503504
-1.30774
1.1500491
-0.8590693
-0.38427988
-0.06785871
0.15696168
0.5321895
-2.720094
-2.1346796
-0.65657115
2.5011268
-0.13652459
-0.14631489
2.1271586
-4.2781415
1.5578742
0.91665477
4.9811144
3.1798625
-1.3562102
0.94945323
-3.569957
1.8227375
3.540959
-0.5721868
-1.2526908
-0.02194044
0.5653111
2.605446
-0.0718314
1.2311457
-0.79271394
0.036852203
0.39659432
1.5477122
-3.1835816
0.089623705
-0.48520416
3.4065216
-0.61699384
-2.4316194
1.837435
-2.3064725
-0.1798628
0.5566909
2.984058
2.617623
2.377395
-1.9446939
0.26657534
-0.5982917
-2.4020574
-2.1241808
0.39627582
2.2894661
1.0515673
0.6947626
-1.7098365
-1.7785481
1.1280469
-2.9716039
1.1575235
-0.38154513
-2.4340165
0.54371625
-1.2233286
4.7238917
-2.078869
1.3276566
-1.172088
-1.3032267
-1.8249339
3.2681608
3.721144
-0.43560216
3.1748507
-2.8926935
-1.7307483
1.814714
1.9288249
1.3554301
-5.1288757
-2.5459468
0.5614693
-0.91675454
-0.5498675
1.0072893
0.76380527
-1.4375377
-1.3482083
0.7938864
1.3192223
1.2957501
-0.57896215
2.2302215
1.2651651
3.1786175
-1.2726539
-2.0454144
2.8912122
-2.7157223
0.13209437
-0.35641664
0.08176122
0.9205827
1.7432512
2.5586584
1.036473
0.84813446
0.20084608
6.4874086
-1.9556352
1.7156062
-0.2558558
0.36602575
-1.0655081
-1.1890464
-2.5942063
-1.4941862
-1.2083201
-0.47087315
1.1671877
-0.60894465
0.58881825
-2.6054828
1.6281103
2.2215073
-2.8192124
-3.756835
2.0946615
1.1117142
-0.33925217
0.5559778
0.3013631
-0.8359438
-2.3508341
0.086909786
1.2291628
-1.5939728
3.7853832
-0.72350806
-1.2559967
1.0115856
0.27983475
-2.3850565
-0.99493957
2.7082934
0.96219766
-0.042467877
5.701357
1.617592
2.054629
-2.445144
-1.5347856
0.6553845
-2.2217765
-1.0254894
1.0803503
-1.0329854
-0.623955
0.48853767
-3.4341714
-2.4322455
-1.603788
-3.38228
-1.7731044
-2.436851
2.355573
-2.1922421
-2.260012
3.8493614
2.6089773
0.71449184
1.4195898
2.0028644
-4.0910177
2.6834047
1.3956776
2.4665434
0.34228775
1.6205815
0.24191171
-0.9998348
-1.7994051
0.75304216
2.407963
0.18387301
0.10578387
2.0150995
1.5248384
1.7877319
-1.8607935
-0.44387648
-1.4352385
0.9087663
-4.4108906
-0.7190531
-1.9026723
-2.2012463
-4.104798
-1.1880476
-1.693237
-0.9527207
-1.4321078
0.7647232
-1.0526769
1.1810915
4.269368
1.02314
0.9804996
4.312388
0.3039501
1.7771741
1.6063524
2.697329
-0.19509728
-1.0442238
-0.9493197
-0.5946536
0.0018286407
-0.7747076
1.3234905
-1.1699278
2.9557507
2.2426736
0.082841575
-0.52326655
-0.16868168
0.19655472
-0.86802584
2.886291
-2.258073
4.5423775
0.031096399
0.80774033
3.0356603
0.694254
-0.3123318
-2.569963
3.860922
6.0102267
0.7355187
-1.4403467
-1.6165171
-1.1779426
0.8585158
0.29994187
0.90447754
1.3796401
0.48291305
0.082227364
-1.346792
0.88872683
0.4436667
0.6857362
3.6346347
-1.6305891
3.6377108
1.4574416
0.16852304
1.2473294
-1.7144732
0.57258564
-0.8330978
0.84253
0.8601983
0.27208698
0.8835239
0.77558666
-2.712383
-0.07774218
-2.4384546
0.6438285
-1.513829
0.79986256
0.21230085
0.5902625
-3.7311747
4.580197
0.4502279
0.42707556
-0.52578723
-0.12899148
0.70920587
-0.5233953
-2.322749
-1.3152121
-2.8251326
-1.6256586
-0.76263964
-1.9246218
-0.58480185
-2.6028528
0.019985221
-5.2801313
-0.5641195
3.891215
2.0550168
0.4109171
-0.033420414
-4.0849404
-0.5526733
0.72182244
5.2888017
-1.7115487
2.0784762
0.15266836
-0.002017159
-1.1249696
1.021913
1.5995923
0.081162035
-0.41387805
0.8506614
1.3049043
-0.50542444
-0.15881366
0.026973344
-0.24916047
0.2116831
-0.13436534
0.47950232
1.0439135
-0.6655748
-0.61515385
-1.7792162
4.328737
0.81472635
0.13563162
2.8228927
-0.06718184
2.0058804
-0.8808391
0.0008195713
-1.9879872
-2.614373
-0.014660809
-0.73381513
-0.15744412
2.847782
-2.937045
-1.0241079
0.6660096
1.4193821
0.70433706
1.0462521
-0.33575997
-1.4352039
5.839679
-2.0421317
1.9029727
1.3054317
-4.0622497
-2.9207418
0.7467101
-1.9616846
2.6219847
-0.37626842
-0.99792266
-1.1203505
1.1640524
-1.3560518
-2.098644
-4.2267027
-3.7862537
0.05727215
-1.4387734
-1.942204
1.6756089
-0.42705426
0.51749825
0.21626279
-1.9402958
-0.2660017
3.6909113
-2.5816934
-0.042793423
-1.9425548
-0.4099845
-1.3223547
0.76279795
-1.2038984
1.2519155
2.9341488
-0.16339792
1.8811042
1.7608513
-4.2567677
-1.6341043
-2.8285387
1.6008487
2.4062266
1.6099145
-0.6382426
-2.0419223
-1.2945553
-0.8868325
-0.94982
-3.3184938
0.59025586
-2.4829183
-3.7105296
-0.30854237
-1.2022569
-0.8771021
1.6534696
-2.224379
0.16389473
-1.0173594
-3.4393682
2.372964
3.3586614
-0.5096588
-1.9330044
-3.247243
-3.4626458
2.095945
0.20899922
1.3280305
-2.2975285
1.5877846
3.1692054
0.37485933
1.2254382
-1.2920034
0.49381924
-0.8121068
-3.0963953
0.5050967
-2.4122856
-2.0376427
2.0719724
2.9875877
-3.0343196
-1.1518161
-1.8386705
0.9358159
-1.4843419
0.6407641
-0.009620205
-3.8740926
-1.6934073
-1.4520595
0.14781892
-4.5253315
-1.8260772
-0.9350656
-1.5694788
3.6802719
2.7363324
2.2299836
0.3697764
-1.478898
-0.052527785
2.0478516
-0.93452007
-3.3554912
1.9040375
1.8320936
0.17568761
1.7695335
0.86559755
0.6742208
-1.670077
-3.3305
1.1611109
0.5531616
0.0021077245
1.6136084
0.4436128
1.8977765
-2.0652924
4.030503
2.0067644
-1.5511538
-0.86656326
-1.4651653
-2.2985797
1.3046209
-1.1232063
1.2045988
2.01169
-0.80103314
2.1202068
-0.9174275
3.21246
1.2938232
0.26894927
-2.9004896
1.2427
-1.189505
0.7663439
-3.9430933
-1.6816213
0.33740476
0.37216246
-2.5404537
-0.2390569
2.412447
-2.135986
-2.5666494
-0.55092925
1.0964812
0.41438007
3.7642128
-1.3130425
-0.74110967
0.83594984
0.1999637
1.0803012
-1.9284891
0.53083026
-0.67745286
-1.0167674
-2.2307563
-0.5309394
-1.0748987
-2.3071923
1.599537
-1.8484635
-0.35164246
-1.5734452
-0.01300054
2.8945992
0.8246594
0.31878713
0.598918
-1.9724647
1.0564599
1.4583817
1.697176
0.737639
2.0263462
-4.061437
0.7648088
0.4504971
0.30591822
3.6001797
0.18049482
-0.8096152
-4.0295143
0.5623574
3.695262
-4.486317
-1.5040652
-0.90079904
-1.712255
-0.09773896
-1.3369337
2.2783754
3.3464913
0.31418267
0.622735
0.41751286
0.87576264
-0.8549131
-1.9104125
1.2559117
-2.1987975
-0.31372207
-0.48224983
0.41658378
0.695989
0.07181726
-1.3312833
-2.3479543
-1.1774184
-3.0329285
-1.3443519
2.6673784
-0.31311843
-2.625719
-0.47924727
1.9133593
-0.8625637
-0.5885503
0.82943857
-3.397299
1.8312417
1.1101875
0.4645517
-2.1172132
-3.657196
1.8138471
-2.0925262
0.2910373
-2.1028318
3.959621
3.0044734
1.403543
2.0233638
0.9789005
1.5874062
1.6141086
-0.21213573
-0.21222916
-0.15526304
-2.1086512
-4.4410734
0.3817415
-1.2949941
-0.3153907
3.728166
-2.334125
0.81911075
3.4908378
-1.7519636
-0.76064765
-2.2893038
-0.5788825
1.1682281
0.9582942
-1.9048196
-1.2541697
1.4030718
-0.084470026
1.335013
4.1856217
-0.062322818
-0.4275595
-5.085942
-3.062404
2.0907202
-0.61418706
-1.2475767
0.95676863
-0.034278817
3.7249415
1.8201013
1.5230638
-3.353948
0.3862985
-0.8788109
-2.5060003
1.2214257
0.85576296
-0.6907325
1.2357064
-0.9315446
0.6744145
-2.6841884
-0.4200162
-0.17471233
-3.301822
0.068211176
-0.41043973
-0.37580603
-0.39234728
-0.030698098
-0.81070584
-2.2473593
1.8654575
-0.27504
-2.8537073
3.1809227
-3.696229
-2.2132807
-3.4716702
0.42166173
0.550277
-0.049509637
2.7360299
2.8685417
-1.7742207
-1.2153867
-0.27952674
-0.33135024
1.1208167
-1.9810311
-0.21478213
1.5085901
1.7445408
0.031507574
0.4926871
0.3734504
-1.3103241
0.12031821
-0.49690968
1.2160403
-1.4645507
3.1504471
1.2194784
-0.512051
2.885965
-0.9072816
-0.06378264
-1.0440506
0.05845601
-0.7646427
-0.9043848
-0.44493678
-2.6818452
0.96258265
1.5674809
1.8851548
1.0194151
-1.5052073
2.0704877
0.20879838
0.5086622
-0.5143963
1.2058824
-1.2055116
-2.3499293
1.5847491
2.4304419
-2.2232382
-0.23367213
1.2339679
-1.617875
-2.0089912
-0.17416978
2.9737067
-1.943725
2.1101167
-2.2331991
-2.5941722
-1.4386362
-0.11090923
1.2923311
1.4884871
1.8053014
-0.5088561
-2.227632
1.9297551
1.3357099
-3.6946223
-1.2091137
2.6279316
1.9609736
-1.249629
-1.1016132
2.7334075
0.001302503
3.0072172
-1.5848709
3.5400257
3.5254061
-1.326773
0.91965103
-0.8189463
-0.78348374
4.077975
-0.9048873
1.6112884
-3.2523875
-1.8202018
-1.373208
0.72016364
-0.6868392
-0.6382102
-0.6219812
-1.0370975
0.38757095
0.09124597
-1.2226563
0.7980359
-1.1489023
1.2140155
3.409627
1.8533751
2.0433972
-0.91793084
-0.7201677
-1.6231287
-0.85058206
-0.2135481
0.40728095
0.97399384
-0.69260246
0.47856954
-0.31428078
0.54261917
2.0373256
2.2491379
2.1046257
-0.27045238
-1.2785935
-1.08934
0.6336427
-3.334307
2.7012076
3.0112224
2.3274024
0.013397612
2.0833209
0.37400144
-4.6040792
1.4086788
-2.8119648
5.1446867
-1.1185457
-1.9150666
3.298525
0.25000677
0.2492914
0.71157485
0.37150005
-0.8577878
-1.3027219
0.7171621
2.8442001
0.08878618
1.2469958
-2.7225277
1.5394951
-0.11249826
-3.3047533
3.0962193
2.3423464
-2.8310785
1.7986062
-0.5175262
1.2050436
3.6882257
2.494885
1.4834087
1.7770224
-0.5561041
-1.3131732
0.55509526
2.2820678
0.5993521
-3.2571723
1.5519477
-0.11060429
-0.5367008
1.8267035
1.1443812
1.7677417
1.2873114
-1.9077445
-1.5489697
2.2986164
1.2773731
2.1929414
0.9276136
2.0346766
0.76894903
-1.3578136
-0.9327421
-0.28184503
3.5295336
1.2201823
0.6828623
-1.508794
-1.7838733
2.2489684
-0.041291326
-3.628548
-2.003705
-2.950801
4.373567
3.4850245
0.3450906
-0.20341335
2.5629516
-2.1942387
3.9738305
-1.3354846
-1.7903019
-0.9779224
0.7300319
-1.7524046
2.9146538
3.8154554
0.91109526
3.9556062
1.1843194
1.5249374
0.7446515
-1.3416948
-0.6669052
-2.475611
0.9073299
0.14905015
2.2189767
-3.476968
2.1085503
2.9549103
-1.1700324
-4.2533994
0.70316356
-0.5889296
1.6844945
0.9401411
-2.0725305
-0.94714123
0.13720295
-1.6245022
-0.044986635
-0.9875509
0.980634
-1.0154741
2.7131333
0.9200794
1.0867885
1.2935407
-0.52192503
1.1495178
-1.4848055
0.8835574
0.21692099
-1.6807036
1.8733069