Glatica
0
0.44802383
-3.2383032
-0.38887438
-3.0435238
-1.9699115
-2.2402787
2.602716
3.308986
1.9940155
-0.3114985
-0.012911588
-0.20415944
-0.75048
-0.7170468
-0.0026168376
2.819275
1.3719817
1.8317434
-0.2937086
-2.103787
1.0359256
1.0913337
-1.0431627
0.96422255
1.8668569
1.4299957
-1.8303255
0.5384697
0.14241445
0.33880696
0.39882517
-0.47448355
1.3897991
0.091999725
3.959145
-0.27739298
2.140305
-0.41262752
-1.0356405
-1.3297495
-2.792765
-0.3244234
1.0163848
2.4472215
-3.2008386
0.5071862
1.2848504
0.73840433
1.3690373
0.47340617
1.905111
-2.418957
-2.3164854
1.0449423
0.5813411
0.011547737
0.8533679
0.5948398
-0.045958884
-1.8108366
2.9514134
-2.8692887
1.3507465
-0.38693875
-1.4314712
3.0986354
-3.4282005
2.3304896
-2.7922082
-1.803076
0.9541211
-0.41081357
-1.0985321
0.68023735
-3.501616
0.09621662
3.1174984
1.4692005
-0.34494478
3.6572855
-2.0381498
-2.57197
3.036706
1.5922108
-1.4330876
1.1557744
1.5076989
-3.4494615
1.5626585
-1.4470447
-0.37730512
0.19717635
-1.25622
0.3103963
-1.6108363
-2.6044047
-5.4862256
2.126536
-1.92054
-0.4281621
0.5647286
0.7643119
-1.5665482
-1.231347
-2.859563
0.56106645
-0.84853166
2.6815069
1.8156885
2.9781291
2.4205904
-0.8567552
-0.21200275
-2.1457438
-4.533818
-0.5496351
0.098045215
2.7501614
2.0590022
1.6453886
1.3809351
-0.4231081
0.9373325
0.26253185
0.1565842
-0.4880166
1.699348
4.1241217
-0.22466424
-0.037899904
-0.7152071
1.096116
0.37972206
-0.7985622
2.583402
0.062110648
-1.6927863
0.543451
-0.014669292
-1.953829
0.83754176
1.0145183
-0.25629026
0.7767831
0.79508865
0.100108095
-0.8224268
0.987247
-3.6895044
-3.4218044
-4.476573
-0.18724972
-0.5809061
-0.3198998
-1.3300984
0.56299883
0.2559491
1.9217817
4.435827
-0.7474491
-0.40435874
-1.9966162
-2.7278018
1.368145
-2.309653
2.6837122
-1.1332186
0.34999284
-1.3811594
-0.16173658
-2.4677253
4.097251
-1.2840782
-4.3861604
1.659676
-2.3699553
1.297418
1.4335992
-1.106686
0.38991514
0.69777846
1.8921565
1.75355
-0.82346886
0.9886242
1.0079622
0.57941496
-6.2481318
1.476266
-0.7811525
-2.3433259
-1.8903877
-0.76203215
5.5156264
-1.7691295
0.08480158
-0.91358846
-0.45541397
-0.7349952
-0.10881599
-0.37163442
-0.16048048
4.052015
-1.1703991
1.5415041
1.7683619
-3.9690554
-1.3680171
-1.1898568
2.6507328
-3.0530179
-2.8865194
-0.8385849
-0.14800018
-2.7137134
1.0199727
-1.0826894
-1.5830473
-1.428719
0.5048349
-3.7558641
-2.136388
-0.9294757
1.9523412
2.4736083
-0.95203674
2.2758176
-0.22636466
0.84599745
-3.810591
-1.0206236
2.379554
1.623815
-2.115193
2.9266114
1.9097792
1.2440975
-0.61124665
0.45033514
-1.6994054
-0.42386365
1.1751674
-3.4771726
-0.94913113
-2.9171507
5.7498198
3.5277407
2.2755754
1.6161937
2.4677956
0.5522015
1.3308371
-0.5123715
-0.6043681
2.5954118
0.11958167
-2.9447315
2.3563027
-0.108585246
-4.0588064
-1.6905763
0.72887576
1.7071034
1.7926464
2.8597288
-0.7232069
-1.9488299
-2.3566866
0.19919658
2.16513
-0.14720353
-0.63965195
3.791985
1.0400296
1.7252251
4.1625648
-0.38921756
-0.17597261
-0.065058134
2.7684937
-6.3650513
-3.0596719
-1.5773109
2.2928438
-2.4474535
-1.0102285
-0.5215158
-0.44076636
1.3512068
0.8173692
-0.30776724
-1.2885078
0.7925428
0.6052345
1.793077
2.1015863
-1.2419342
3.2672842
2.9178987
2.1562808
1.0500646
2.9212046
-1.015641
2.5497797
-0.027558565
1.6581856
0.78105694
-0.8564017
-2.7417426
0.36782688
0.9919685
-0.9393932
1.9005567
2.2815351
3.3624282
-1.7283901
1.1294113
-0.1699318
2.4526072
2.8774393
1.2196441
-0.53607965
-0.17513451
0.8812376
2.913523
-1.0204239
2.2897618
2.5048933
-1.0326171
-0.55165726
0.51952296
0.87983966
0.6172577
-0.77856654
0.36209667
0.16878071
0.47012335
-0.39603984
-0.13049659
-0.4936821
3.4581773
2.630899
0.9035755
-0.8147035
-4.6714306
2.2332823
1.007502
3.906431
1.8021007
1.0582417
-2.352589
-1.251509
-1.4968337
-0.69768184
0.8447306
2.5440211
-3.0739927
1.1578994
-1.0959562
-1.6918324
-1.8822337
2.4158
0.23024428
1.9073632
0.58683133
-1.4374083
1.7135134
-2.4246674
1.4585909
2.0699406
2.5134842
0.8002882
2.3236878
1.4334574
2.3154259
-1.5134573
0.3671502
0.5794102
-1.8457537
2.6205993
-0.720778
0.22850585
1.9572861
1.8137256
1.469462
2.5164502
-0.69122
-0.014789034
1.9997792
0.66736215
0.97273767
-0.44768867
0.21868846
-0.44880864
0.227173
2.2725503
-1.5976496
2.6681356
0.6704709
-1.5540426
-1.2573378
2.3320084
-2.2750044
-0.40241933
0.16923869
-0.017536417
1.9218074
2.7641084
-0.12631658
-1.6167139
1.8290219
-0.9067629
1.666322
2.888675
0.29973316
0.8653873
1.3193424
4.7421336
4.181585
-1.7490273
-0.59020716
-1.4409206
-1.3447553
2.041086
2.901431
4.724209
0.42376754
-0.47950664
3.68701
-1.0306154
-1.2723497
-4.149817
0.31277516
0.61119246
-1.3631765
2.5810928
0.7240391
3.449138
-0.49429852
-1.8681691
-1.8183575
-1.0545906
-1.6308124
-0.4855998
-0.42741022
2.2699575
4.1404295
-1.8023385
-1.2152228
-0.004220493
1.0809908
1.1579883
1.3750348
-1.5855445
1.6752654
0.9989744
-2.1214657
2.1213872
-3.8442976
-0.81947047
0.5933204
-0.87675524
0.20108756
-0.34214622
-1.5188941
1.359581
1.9516563
-1.6782502
1.369445
0.55918574
2.544685
-3.7091138
0.5480586
-1.8877418
-1.1874622
0.2286887
-2.6078136
-0.6795807
-1.5636331
2.8866677
-1.4995223
0.08570729
5.6558495
-0.73183113
0.6970411
0.8872506
0.6768126
-1.2465012
1.301051
-0.67780274
0.6235259
4.8848214
0.071270436
0.49428338
-0.64561146
2.3680377
0.38955274
1.7596177
-0.9637905
-3.6295083
0.70356554
1.0975932
-0.6858776
0.9197802
-0.5509534
1.9675572
0.17662925
-1.205368
2.106367
-2.1077461
1.4958018
1.5027325
0.36608273
-2.5607114
-2.5133345
0.15425518
-1.5285208
0.88360804
-0.4798261
0.22675823
-2.026572
3.369914
-1.5731916
-1.9372268
-0.57911146
3.5696342
0.5979545
0.63705057
1.327769
-0.81068677
-2.2078824
0.31503427
-0.7088718
-1.6207792
2.6132813
-0.3205934
0.8451136
0.89496547
-1.554931
0.012230307
-1.3555789
-3.6643407
-0.45666808
0.45312822
2.2773693
-0.35425115
1.6969768
-0.42238703
-0.69957554
0.48473907
-0.6432612
-2.215504
2.350362
-2.3403826
2.0694904
0.38641644
-1.4549205
-0.710553
0.5071935
-1.137123
-2.3968046
-2.5983062
1.543767
0.4961033
-1.3858334
2.270691
-2.3560405
0.78941727
-1.9913268
0.18546352
-3.0852509
-0.1228435
0.4995979
3.29497
4.080119
1.6411263
0.04881288
-2.3344734
1.1868746
0.67439014
-2.752222
3.431044
-1.2700238
0.6069941
-0.044111285
0.18185167
-1.3067706
0.16000634
-0.31585658
4.8917747
-2.2053876
1.4213266
1.3494304
-3.5347652
-1.0866835
-0.6017937
1.563011
2.1748533
-1.5849211
2.5136037
-1.0267968
1.0010705
-2.7525408
2.1537492
0.4036904
2.240704
2.5120976
4.2474313
-1.2310479
1.6563712
-2.1008997
2.6590552
-0.38661525
-0.57542074
0.5191041
0.53043616
1.8830252
-3.433793
1.3635083
-0.021859378
-3.0506482
-1.3493397
3.1973784
0.9189524
1.4863148
-0.18850014
1.3421905
1.5518228
0.31191954
-0.27081704
0.868432
3.2644224
1.423168
-0.28149226
1.7931343
1.8896697
1.3670272
-2.3497982
-0.96740526
0.75299233
-0.946934
2.423883
0.2857938
-1.7272482
2.347796
0.41000804
0.9759505
0.87011784
2.3285186
3.3135014
1.0584683
0.45991006
-1.2101364
1.8923155
-2.8846858
2.8069568
1.4501768
-1.7313175
-0.74350995
-0.22455063
-1.1504847
0.362253
0.9756165
-5.079081
-1.1741431
2.4515378
-1.0236294
1.7746245
-2.722679
1.7916018
-1.2598418
1.2400726
2.7895074
-0.22076014
0.8590038
0.7295109
0.19379964
-1.1472952
0.5121288
-0.6494774
4.926494
-0.15692046
5.108353
-0.43703857
0.7043046
1.4538915
-1.9813758
4.991782
1.5215125
-0.9490895
1.9323055
-0.6310388
0.72369474
3.5293243
0.5013316
-3.8641617
-1.8144075
-2.1142824
-0.66041744
-0.6316652
-0.82187265
1.2052504
-1.2398026
-2.0840771
-3.8813946
4.104498
-0.8828451
3.1501148
-1.6633307
-0.83599347
3.0536046
0.19138882
-1.5775089
2.508583
-0.56961185
1.8866776
-1.128546
0.9990493
0.26344633
-2.0595667
0.3377587
0.35716045
-0.28890687
1.320669
1.3518485
-0.5800138
-0.76634103
-0.12117361
-0.61677986
-0.19822665
-0.2523738
0.82615983
-1.2648442
-2.9870303
3.5920074
1.4476055
-2.2725627
-2.737311
-0.9156867
-2.648018
-1.6155667
0.4337648
1.7967865
0.07730318
-0.14157292
1.5824727
2.1141472
3.2972088
0.7533189
-2.3483424
2.8817554
2.281993
2.391475
-2.2827568
1.2090905
1.2394023
0.39625096
0.52520305
1.17184
1.8517404
-1.6728816
-0.44712833
3.3699484
0.67946
-6.0452266
3.136929
3.4664161
0.8193933
0.07108669
-1.6926937
-0.97919285
-2.35357
-2.0699239
-4.9969716
0.18453313
1.5968136
0.061112076
-1.3472254
3.2688289
2.2855422
0.35632038
-0.8287546
-1.3095559
-1.7332721
-2.4451513
3.9634168
-0.9902704
2.7627175
1.1420612
-0.24890769
-0.80097985
-1.3543918
0.035197064
1.6815665
2.0022836
1.3264458
-0.7285102
-0.4088113
1.047721
-2.2907307
-1.6496747
-1.6768334
1.4932861
-1.9076852
-2.2634969
2.798373
0.790143
0.0747927
1.0119904
-1.0189248
-1.6045544
0.84233457
-1.0392505
-0.925865
-2.1618686
-0.436775
3.5201097
-0.16974723
-3.369493
-2.7244332
0.05356761
2.0002608
-0.4861268
1.6623629
0.2017472
-1.6014205
1.6568344
-0.8678302
0.04913242
-2.2526207
2.6004744
0.76039463
1.169556
1.0973915
-0.35233176
-2.7894042
-0.8600647
1.09904
0.65173036
-2.7310488
0.36763114
-2.6582522
-1.3078401
-2.6193864
-1.2310826
0.13691175
-2.6165667
1.9688395
0.2485342
-0.6737885
-1.0379652
3.2188
-3.065191
-0.80814296
1.149645
0.7820477
-0.12021582
-1.277608
0.24430528
3.4863183
-2.102911
-1.5654652
2.3545952
0.20165719
-0.8118538
-1.478018
-0.11412786
2.9672346
1.1983267
1.0364227
-1.1614504
1.2410216
2.1243825
-0.33549696
-1.6357449
1.9848287
-1.756392
2.5017116
0.975501
-3.160287
0.05557018
2.961382
0.67885983
0.9422411
-2.3078504
1.6371107
0.6016569
-0.8782804
-1.1267893
-0.30179387
-0.43620685
2.7386897
-3.10231
-0.2767528
1.6887125
3.2193985
1.727256
-2.3897598
-0.3552274
2.80494
2.8443244
-0.32985926
-1.9793795
-3.8652375
-2.5374322
1.3081456
-1.8353798
1.749386
-1.6275551
1.5008669
1.69937
0.27049184
0.6544917
0.050630257
-3.3289475
-1.2016541
-1.2261014
-0.3223952
0.37841177
1.8600751
1.1437573
-3.451953
-1.6487517
-1.2910552
1.9635992
2.698846
-3.2095823
-1.0426873
0.792385
-3.3057804
0.43823865
2.0706403
-0.1610661
-0.22825089
2.829179
0.8496015
-0.31625915
2.8333197
-0.16791847
1.4971272
-3.9538543
-0.57273495
2.8043723
-0.8622186
0.73717135
3.7718215
4.5582905
1.5644989
-0.42071986
3.345038
-2.349973
0.26822034
-0.6451816
-0.3662585
-2.0523593
-1.9924706
0.38442492
3.3290968
0.18844673
-0.34038416
1.1361183
-0.19812126
-0.6675231
-1.5813615
-1.437506
-0.6606763
-0.6414055
-1.2543893
2.0210922
0.6915554
-0.09059305
1.7297531
-0.5221712
6.821274
-0.61683637
-0.4669072
0.30265334
-1.8737279
1.23105
-3.1241949
0.2324951
1.2907792
0.36585805
0.1410385
1.9905139
-1.463668
-1.825786
-0.7492352
1.448962
1.7296405
1.0548829
3.3594882
-1.6239922
-0.83933216
-0.63177496
2.7437944
-1.1049681
-0.51409507
1.472724
-1.2480044
-0.9200505
-1.3050673
1.0025966
0.8628117
0.231062
3.8328006
-1.7432189
1.0305212
1.8505583
-2.386254
0.93294644
0.056575544
-2.594667
1.4681675
-2.7980583
-0.21369669
-0.9862482
2.801532
-1.4011002
-1.4841466
1.3771677
0.41243052
-3.8374794
0.83621657
-1.6707493
0.02514965
2.7040825
-0.14961249
-0.29355174
-1.6298286
-0.3282843
2.0914457
-1.6828337
-1.1202987
1.8744644
-1.4887229
-0.8025896
-0.9294635
0.112511046
-2.587183
-3.1667447
1.3566101
-0.3251904
-0.25445265
-1.335727
-0.08061155
1.1025527
1.955227
-1.3698332
1.3094099
-0.5573641
0.9271296
-2.0035589
-2.4600859
-4.889859
2.0611491
-1.1076353
-0.666691
1.7057792
0.6600836
1.2077826
-2.6021018
1.2716681
-1.297751
-0.8692076
3.9367483
-3.6023762
-0.42685884
0.071714595
-1.7441983
3.9581697
0.596671
-1.2427657
-1.9789383
0.66442996
-1.0185333
2.2307494
2.4739168
-0.5804886
1.2035114
-0.2610845
-0.117186815
-0.9980716
1.4615102
-1.6521441
-4.456651
-1.2439953
-0.86639905
0.5756346
1.3987776
0.3415019
0.72747624
-1.8608265
0.3527978
-1.9288365
0.7051234
0.17941248
-0.7810496
-0.5449172
-1.6509359
-3.0271614
-2.245705
-0.5929109
1.8643746
0.19712818
-0.8258642
-0.8053836
-3.30921
-0.3800328
-5.786654
-1.1606466
1.5612527
-1.726517
-0.029156566
1.2096713
-2.7768073
-3.7609456
0.10476648
3.080707
-3.6819735
0.5912994
0.88372356
-2.8436103
2.9283068
2.7371328
-2.649299
3.0118425
0.83905107
-0.82289165
4.3568234
1.0532413
-1.1713296
2.109269
1.6424443
-1.2811595
1.0741681
2.4502351
0.3184649
-1.15318
3.982348
0.685566
2.6313503
0.6836552
0.3992222
0.60376936
-0.42656568
-0.26117617
1.0138797
-2.3911853
0.31351292
-0.25167888
2.562269
0.6629536
1.598502
-2.9317548
0.4933576
-0.4793427
0.45290715
2.0109746
1.1240073
-0.27792546
-2.268864
-2.5571058
-0.86799955
0.7657308
0.9538916
-0.98911935
-0.6794491
-2.1673214
-0.59358525
0.33207244
0.072610416
-0.4184667
-2.0918448
-2.0729718
5.419238
-2.7853422
-0.14218086
2.6902618
3.00979
-1.0432299
-0.3083896
1.0371311
0.77951676
1.1060674
0.9884548
-0.10500585
1.2721131
-2.66674
-0.68667215
1.3574594
-2.455877
-0.85839385
-2.4878821
-0.5990272
-1.8977463
0.19637716
-2.1420984
0.06273764
0.3029361
2.5567505
1.0338756
1.4126854
1.6310681
1.7826442
-0.07296678
0.45903045
2.4788806
0.7611114
-1.8793141
0.5562765
0.3088531
0.494161
1.5395948
1.2913043
-1.4547497
1.1975065
-0.62378395
-1.5486287
1.343058
1.3234462
0.22097886
0.6719256
-2.6848023
1.7644385
-2.9711668
1.727883
1.1780826
-0.11600185
0.83904684
3.1030889
1.0017906
0.97063327
-2.4840128
0.92881083
-1.0773833
-1.4328276
1.5816293
1.6041348
1.0249355
-0.24202813
0.34374973
-3.2667463
1.690234
-2.5919018
-4.5452614
-0.46215367
0.62400144
-3.7686455
1.5037825
-1.0153567
3.239261
0.060219288
-0.09012484
-3.55028
-0.6896953
-0.42817184
-0.6599509
-0.042852048
-1.2019097
0.34655726
0.55558044
1.9583992
-0.25611913
0.16111672
-0.20890433
-2.600788
2.0742037
0.79461306
-1.524072
1.3941448
0.3293693
-5.9334106
3.4570613
1.5297964
-3.5012596
2.8894215
-2.407894
-3.607741
1.9571382
-1.8069681
1.3673353
0.34238288
-0.06554312
-2.2970352
-0.5510493
2.0895617
-0.116786264
1.7606283
-0.21235025
-2.069361
-2.4268527
-1.2476212
0.70121396
0.8736637
-0.653455
1.2233675
-0.15775178
-3.2430592
-0.41677636
-1.1390415
1.1927261
2.8715823
-0.8123773
1.1137108
0.042020924
-1.4454795
3.6247492
2.4113874
-0.46339834
0.5058369
-4.132769
-1.6714772
-0.20422134
-0.561991
-3.336656
-0.46326736
0.12156676
0.21899952
0.51418793
3.238214
-1.445368
-1.1724657
-1.0314709
-2.8304517
-0.052422877
-1.4444697
1.9409989
-1.567747
-2.719082
0.92928064
-1.8786343
-2.3014586
1.6032419
3.2881637
-0.384498
-3.4519238
-0.7128932
0.31128034
1.6008393
-2.2019567
-0.68465966
4.6578274
4.5213823
1.7191149
-0.42071414
-1.0014008
5.235696
2.2673173
-0.48363104
-2.5363014
2.6517217
-3.6175041
-0.13827536
-1.1075542
0.26898447
1.628646
-0.21204689
-1.7261695
0.58475524
0.57510287
-1.5207905
-3.1966794
0.4769013
2.6157508
-0.59919584
-1.1041551
0.42801702
-1.4882315
1.7235008
1.1093795
-2.537702
3.8578184
-1.5930285
2.31535
-1.9336433
0.057115585
1.7677609
0.7769277
-1.2081627
-1.9316581
-1.3585955
-0.7662696
3.300878
-1.2276465
-0.33514673
-0.22249071
0.18757477
0.14020216
0.30048984
-3.5683289
-4.50091
-1.8380885
1.2490768
-0.75171435
1.2413558
0.6543926
-0.68077755
0.20955005
-1.2148945
-0.42045075
1.2133887
0.28110197
-0.7898563
-0.76577854
1.7704831
-1.3085475
2.6173081
1.3819911
-1.5188104
1.3927984
-3.2775762
-0.64490724
-0.37072968
-1.0721323
0.41404337
-1.4325088
1.7971877
-0.23284423
-4.0784054
-2.4248612
0.65756345
1.1819664
1.13363
1.8776088
1.0260643
0.8876928
-3.492635
-0.8659965
3.636881
-0.82156515
-0.5836821
3.450529
-1.5143788
-0.32225323
-3.1814575
-0.935447
-0.16640055
0.23462021
-0.27420926
-3.1735075
-1.538922
3.7438502
-0.12510356
0.6362542
-0.4023872
-2.7613637
-0.7491154
-0.45580226
-0.058488585
-0.9349847
-1.309208
-0.5262037
1.8091244
-3.8457189
-1.6837037
0.9404474
0.9548888
3.1695528
-1.2169906
1.8095825
-1.4005166
1.4419167
0.55753666
-3.8137736
0.22752741
2.948798
1.215232
-1.26298
0.45799342
0.55542576
0.6777104
0.5889651
-0.6615489
1.0459908
-0.92137116
-1.5736742
-0.1507074
-0.70206726
1.0924726
0.00046902895
-0.17768338
3.0777736
1.2666839
-4.132701
-2.4632046
-1.9040784
0.4010359
2.5187879
0.6106953
-2.057364
-2.5046716
1.0611672
-0.025349542
-0.3899732
2.716823
2.1820812
1.7455522
1.2818335
-1.9014747
5.338656
-1.0119982
-1.3376019
4.340282
-0.056261122
3.8825827
-0.74489486
-1.3418607
0.97748214
2.7082477
0.918258
1.5374378
1.1097403
-0.80886626
3.0329452
-1.9873463
-1.8598777
3.464241
-0.1829415
-4.1370792
-2.15006
1.0604569
-0.5939473
1.6969018
2.2674744
-0.08446079
-0.82847023
0.96846044
-0.8879895
2.1594021
3.1317146
-3.133931
1.1088057
0.12581122
1.615906
2.4011002
-2.061852
-0.12408291
-0.61579907
-2.2091806
-2.4528413
-2.3674722
-2.9357023
1.2103095
1.3988552
-0.53610796
-0.44834203
1.9205589
0.75978976
-0.43572152
-2.2931592
-0.6812312
-2.3268428
2.248296
0.30887115
-0.7757985
-1.4688078
1.7205099
1.6842809
0.22839953
0.8003094
-0.012231544
4.198498
-2.1331449
2.3366637
2.947104
2.3952491
-2.9235847
-2.3536468
1.8034394
-0.46838492
3.2224293
-1.7830174
0.5891333
-0.7808435
1.580879
0.28298366
-0.47398224
-1.1063653
0.4151488
0.76927143
-1.3924338
2.5598855
-1.1413016
2.0019095
-0.31100368
-1.4828943
1.4654963
-0.7848157
1.6615871
-3.2121747
0.566954
-0.59233916
-0.30059546
2.1967793
2.0266128
-0.655305
4.0992045
1.5707272
1.8209989
1.5251602
-1.1059089
2.3868585
-0.7315793
1.8657292
0.7522662
-2.5314007
1.0156134
-4.3432016
0.14844495
1.225908
-1.052141
2.6359954
-2.1297941
0.3583565
4.482514
0.9571861
0.67956734
0.087126896
-0.15987596
-1.767625
0.5169564
-2.9513369
-0.31722242
1.1539394
2.8206317
-1.2512888
-5.4627447
-0.054480106
2.7638328
0.04877062
-0.5558094
0.41340563
0.34735802
4.268079
0.11206379
2.135106
1.4389884
-2.8297307
-1.0703728
2.3293579
-0.14343464
1.9919775
-2.674145
3.2041786
0.08588647
1.1038572
-0.61135036
1.512682
-0.2187593
-3.5743303
-2.227868
-0.9460227
-0.0820641
-0.5531722
0.4009625
0.67714745
-0.39721173
-0.1065807
-0.012523286
-0.75926226
0.1351122
-3.5456831
-0.6643121
4.8197045
1.3120031
1.3555264
-0.5097398
-1.3526603
-0.11540745
0.046596922
2.9956949
-1.3476747
1.6001621
1.7078261
-3.0172474
0.92252153
1.443351
0.23955771
0.06552612
1.1679224
0.97122586
-1.2018124
2.8002017
2.3826401
0.43313462
0.39182654
2.300441
1.6660169
-4.283498
2.9565039
0.49368346
0.53382367
2.0464547
1.8876781
1.0618966
1.500967
-0.70209163
-1.6924553
-0.5720963
0.96008074
0.059989914
1.1098582
1.2800239
-2.0236247
-1.6945399
1.9075626
-0.067564726
2.6060627
-0.30511734
-1.1053295
2.797077
-3.074858
-0.45539105
-0.8974172
2.0884042
0.07083087
-3.86345
1.4391935
-1.7894093
-0.5318498
-4.3095813
1.800208
-0.7376304
0.060900748
-1.8907982
2.885891
-0.4716245
3.3740299
-0.3978187
3.7210233
-1.3423965
-0.79145217
1.0008712
-0.0548008
0.8063995
1.0047259
-3.38153
-0.38501585
1.3020241
-0.97712153
0.077639155
0.60615546
-2.0852835
2.1759794
0.6657192
-2.9480293
-0.3153652
0.88000315
-1.0212356
-1.4189095
4.113683
1.8536483
3.8710132
3.6366355
0.70836747
1.042233
-1.6571566
-2.7224212
1.761037
-0.776828
2.9237866
-0.028818168
-3.1196496
0.70549023
-1.3975675
-2.3642468
2.6944168
-0.5383391
4.145454
1.4677824
-1.3278183
-2.1836193
-0.20981488
-1.5721117
1.8423516
-0.37409127
-2.23025
-0.30615047
2.338033
-4.4332094
0.7203609
0.11092639
-1.2846041
1.6592809
1.6889033
0.31941107
2.4806924
0.7740178
1.6157207
0.7738448
1.970283
2.4021454
-1.3779277
-3.9946213
-0.56247044
-0.8975638
-1.7174153
-0.7197014
2.6922226
1.7077148
1.013908
1.9889077
-0.3595263
1.2234623
2.1181462
3.0668828
-1.5307778
0.53456944
-2.4179063
-0.855045
-0.018197596
2.4009552
1.4771922
-5.711596
2.086737
0.7473404
-1.7543609
2.2936103
-1.577538
2.506454
1.5085285
0.1562939
-0.4115101
0.8606574
0.9134266
1.7043583
0.26087564
3.3569412
-0.5453182
0.8657058
-1.8223038
0.21812496
-1.6853089
-0.8387657
-0.8784226
-2.766305
0.18029602
-1.8860087
4.7053566
-1.3352349
-2.0293562
1.2109365
-3.1200933
1.1615258
0.48008242
0.063949354
-1.0929992
2.9462066
-1.3092221
-0.7671135
-1.2236022
-1.918489
3.033782
-1.1499693
-2.4283385
-0.99611163
-0.31670755
2.3533106
-0.97707385
-0.5146527
-0.031633243
1.1900625
-1.0606672
2.1114213
-4.166609
1.0174955
0.06472755
0.21368673
-0.10429741
-0.9150534
-3.3992445
0.9474131
3.1541579
-0.60897064
-2.6581938
1.3283808
-1.7295294
3.2535384
-0.18141386
0.83677495
1.7628385
-0.0067741945
1.2518331
-0.021260612
3.5270147
-0.7714832
2.1957865
-2.4041777
-1.1276321
-3.041034
0.8088592
-0.28958538
0.9085005
-0.2000494
0.902451
0.8700905
1.4747626
0.10512854
-1.2288753
-0.8415664
0.56539494
-2.2085507
0.66892385
-0.471102
1.2065997
1.9396255
0.07992787
-0.72870374
0.8510477
0.29629496
1.3427354
1.824716
1.233351
-1.339662
2.4043174
-2.8073993
-0.5199677
-1.9132814
-0.7418493
1.7287129
-0.7839801
0.90003884
-1.7191573
3.6267896
5.2529793
2.4632473
-0.027941912
0.5088893
0.5308481
-0.29698128
2.7651
-0.44523585
-0.5859369
1.3352083
-1.7319443
0.09164985
1.1524808
-0.6452028
-1.1498747
-0.4756564
2.2546608
3.0417008
-0.06334185
0.019935213
2.5575728
-3.6836967
0.23079367
1.1358306
2.2412457
2.2547226
2.8566678
0.83755344
0.0576791
0.08957215
-1.1437838
1.4758776
-0.19422378
0.7193607
2.7407339
3.6068263
-1.1049869
-0.086968794
-0.382724
0.676968
-3.0894678
-2.3975716
-0.14279345
-0.22131082
1.0504878
-0.77053225
-1.2291595
1.228716
-1.9994558
-1.2710149
1.2180483
3.0640557
4.457291
-3.7094398
-1.5041125
-2.9227102
1.6787384
3.4684381
2.0066113
-0.041873842
-0.020565797
-1.138988
-0.64952886
-1.0975868
-1.1742967
-2.122758
-0.42134494
-2.129276
-1.9124098
1.6083218
3.2980452
1.9813962
-0.27661029
-0.18075877
-2.3100352
1.7090403
4.6364827
-0.34794316
1.3688159
-0.93733287
-3.9089403
-0.6011776
-2.3149173
0.17307332
-1.8720058
-0.00067862123
-2.4260402
-2.0730226
-3.1820507
0.6476096
2.3590958
-0.13926488
3.5558012
1.4589392
1.2751998
-0.34015545
-1.5211895
4.814688
-3.4942496
0.87469995
0.50293803
0.32871872
-1.3122555
-0.4803126
-3.071379
-1.9866828
1.446293
-0.053576082
-1.3520845
0.40967292
2.0201106
-2.0793507
-1.5963482
2.3700633
-0.754734
0.18405049
0.10944865
1.0139439
-0.58149743
-3.198252
0.48481765
-2.7533236
1.3426428
0.14399686
2.4238245
-2.155709
0.41604862
-1.1816502
-0.7002386
3.182649
-2.532933
-2.9362051
2.763376
-0.4428442
0.83909196
-0.29437745
-0.14782254
0.94595337
-2.6077843
-1.0693103
-3.737651
0.6301585
0.9904612
-1.5063013
-2.6871736
4.6432157
-0.85884863
0.12568787
0.6863641
0.8250692
0.28666854
0.6221576
-2.3094833
-1.9433494
-0.62810624
-1.0657921
1.4066833
0.5694978
-1.0709258
-2.9519515
0.7803689
0.8733335
-1.3418365
0.17014875
1.7985041
1.6375124
0.48799694
0.631987
0.111629285
-0.25248355
0.5618006
0.8428736
0.42523468
1.6955996
-0.5741813
-1.6213539
2.0763595
3.904483
0.61370844
-1.9122714
-0.89877856
1.3985733
2.27106
0.066671014
1.0071826
-1.5031348
0.9013272
2.1163416
2.8018172
-1.8295952
0.925828
-0.36449912
4.080936
3.5326924
0.56283414
0.62898356
-2.3598201
2.6630912
-0.10268299
0.13400626
-0.016873345
0.47477472
0.1714975
1.3703886
-1.9280357
1.0054303
-8.116407
-0.7406508
3.108778
-0.75137043
-5.907745
-0.50642663
-0.4125943
2.474299
-1.0910717
-1.564235
2.3218532
-2.8505325
1.094337
0.6220171
-3.8034053
-4.8398128
0.035600595
-0.36437914
1.5281785
-2.9747212
0.21103308
-0.94904494
0.5775235
2.389521
2.3136363
-0.44215757
-1.314623
-0.6525634
-1.6098491
-0.28069848
1.0614307
1.8417093
1.2777447
1.7469563
-1.1627686
-0.55678785
-0.31314778
-0.13916081
2.9244242
-1.2466803
1.3737851
-0.5064789
0.58494973
-1.398887
2.0200396
0.026154734
2.0825825
0.8600043
-5.656266
-2.5543275
1.0485524
1.1997663
-0.30775315
-0.5019432
0.92473537
-2.7319162
1.7332777
-0.050239675
2.028914
1.4371554
0.77456236
-1.1787745
2.565428
-0.99023014
-0.33785403
-3.257777
-0.76660407
-0.4816923
2.8076148
-0.27765834
-2.29291
-0.5541078
0.33322263
-2.6757298
-0.9327411
-1.9923363
0.78918153
3.8996658
-0.7240498
-2.0777345
0.572976
-0.91963834
-1.2748384
1.8390173
1.1920489
1.8129374
0.9139999
-0.7205601
1.91908
1.8805343
-2.0359485
1.5961759
1.7388046
1.5038509
2.6675305
2.5249236
0.44769543
-0.35371256
-0.9048194
1.4692544
4.2540207
-1.6151054
3.6114538
-3.326864
2.2652948
-0.42857653
0.94433564
-1.8905054
0.48180562
-0.5207179
-0.9148114
0.06071253
2.063353
-1.8056877
0.9576482
2.3794587
-1.0385913
1.6818868
-0.2833109
3.232848
1.4505749
-1.5162941
-3.2665048
2.1151206
0.68292826
0.15451583
0.72904515
1.8874722
-0.85129637
-0.082884975
-2.2560642
-1.7958897
2.6769824
2.8969183
1.2600688
-1.6068101
-1.9065577
1.6790363
-0.4955998
-1.5055431
0.8304244
1.2081833
1.1804036
1.6513977
0.051094465
1.6368994
-2.7982752
2.567782
-2.6602218
1.2792305
-0.5399054
0.9351846
0.7062298
-1.1272584
-0.1331057
-2.1402278
-3.5914264
-1.1920244
0.3493583
-0.660877
-0.1430673
0.11049182
0.45307598
-1.0915703
-1.0548166
-0.8455328
-2.981611
0.5103914
-0.16345719
3.6206567
0.25509816
2.8556125
-0.514835
0.499866
1.8475909
-0.44769263
-1.3554488
-0.88793916
0.9124974
1.3246061
1.5788848
-3.8352332
-3.9438596
1.3618946
2.2192206
-1.9826874
2.1382341
1.3115119
-0.76111513
-2.9334347
2.758216
-2.03698
-0.1266613
1.0885264
-0.495583
-1.2787108
4.0490584
0.7544237
0.086209945
-2.1385717
-2.855475
-2.6519706
5.163744
-3.5276072
-0.5385802
0.014655817
-1.934972
1.1816472
-2.5795364
1.5258496
-1.1792206
1.0518726
3.5389085
-2.0756986
4.074174
0.80757606
0.49452725
-0.78330046
-1.7421633
1.2514844
2.4592564
0.60385615
-3.5992324
0.8381062
-1.506727
-0.36656144
-1.420922
-0.32971606
1.4374119
-2.5769742
-0.98295474
-1.7554845
0.46429527
3.7956772
0.410072
0.31313458
2.5067394
0.6014559
-6.6979866
-2.439806
2.1809163
-1.6160961
-1.4422195
-0.043636538
3.336206
2.7700639
-2.3211162
-1.5670457
-0.8526242
-1.5409242
0.08504279
-0.09060153
2.0939584
4.051932
0.8543016
-2.72824
-0.9668713
-0.32721066
4.306843
0.7963998
-1.8092829
-1.0307574
-0.8707798
-1.4740103
-0.42339724
0.54211986
-0.21948992
2.9079
-0.6673516
-0.5329937
-2.7345705
0.43513456
1.4166528
1.5806369
-1.428487
5.6369834
-0.84452385
-2.2634099
-0.070995204
-0.17846555
1.407244
-0.67822295
-3.8945146
-0.81007224
1.6896571
-3.3301537
-0.19530734
-0.257533
-2.7316167
0.8735003
-1.9344184
0.9053817
-0.84852123
-1.9298503
1.9928725
-1.6692836
-0.23444685
3.6078115
-0.54131573
1.0034635
-1.0469215
1.9713367
2.6900196
-3.9577544
-0.17364353
-0.04800331
2.313669
-0.4925985
-0.94034797
1.4862338
1.6902398
-2.6465273
-1.0789523
-2.7241502
-1.9276272
-0.5460117
1.292096
1.595351
-3.109301
0.47990814
-1.0031589
0.18654779
-0.38681155
-1.6334577
1.0622839
-1.1509303
-0.13426459
0.8613157
-1.0556233
-2.4040563
-0.9508196
1.3269513
-0.9989285
3.8339598
0.1100719
-3.6630342
-1.4807018
-0.79152805
0.3408975
-1.8902034
1.9895741
-3.625832
-3.0420783
-1.3788923
-2.2650194
0.33672684
3.0095365
0.5618209
-1.8078058
0.16918325
-3.6106532
1.1677313
1.2886932
-1.6475871
-1.706415
0.43136802
1.5880877
-3.33206
1.2220263
2.7731986
-4.70539
-2.4663653
-0.42531565
1.5835252
-1.761255
1.907779
-0.8860781
0.022106715
0.5748431
-1.919717
-1.7525961
0.89498526
-0.63883287
-0.5794569
2.448381
-2.586979
-0.75371027
0.37747762
1.688177
-0.23637143
-0.36094236
-2.3621938
-4.2622786
-1.8348925
-1.8026975
-1.2620631
-0.061531376
-2.1890678
-2.9243326
2.6423035
1.1836838
0.54994744
-3.0080945
1.7180206
-1.9200847
1.1210344
-1.3331091
-0.57722896
2.354326
-0.075992085
3.343373
-2.921042
-2.5982378
0.82634556
3.8214817
0.068166904
0.38343817
-0.49535808
0.2277134
2.5584855
-1.0713394
2.4500225
0.9659665
-0.48010385
-0.80275774
-1.9765018
2.3932598
3.5325649
1.5629232
1.6967266
0.81216395
2.2773438
1.6529756
1.4421148
0.60521704
-2.5794115
0.49634385
-1.5848829
1.2983457
7.9209456
-0.26836723
0.57100886
0.30312958
0.5532773
-3.6101315
-1.6840267
2.109665
1.8575542
0.77531374
-1.4774562
0.30264127
-2.5637681
-0.5796023
-3.316654
3.1130674
-2.2851384
0.62004185
2.560354
1.3782029
-0.1791256
3.8577197
2.1339495
2.388536
-0.057668827
-0.38822943
-1.2606946
0.118189715
1.6469687
-3.5540028
1.0822029
-3.3315916
-2.2601511
1.7384568
1.4692
3.99377
-1.1686647
-0.045522615
0.37283042
-1.3071887
0.064822875
-2.9005504
-0.7743468
1.9261178
-1.3489618
2.0052965
2.1063926
1.9956841
-0.40063804
-3.3324127
3.2670155
1.9659109
1.9052879
-0.10139895
-2.419142
-1.0979445
0.32807186
1.0491118
1.4099513
0.20793468
-2.1351619
1.4014384
2.577166
-1.4870602
-4.3533397
0.31565094
-0.10012386
-0.10754717
1.4273918
0.9260893
2.188699
2.1246316
0.0041055977
-3.8634098
0.113881625
1.9338835
-2.644907
-0.032088593
1.0367322
0.49816272
-0.1297923
-1.5635729
1.926935
-1.4964337
2.278964
1.2891071
3.1477685
-2.3279998
1.3514074
0.6788544
-2.0985932
-0.92176235
-0.32788515
-4.0430303
-2.5501883
0.75967944
-1.987141
0.9872698
-0.94444036
0.98655576
0.5120449
0.10250904
-1.2748321
0.09903445
-0.09862577
0.31847262
0.94067794
-1.3897055
-3.525258
-1.38902
-3.2903686
0.124009
-0.41143984
1.6795014
0.41121912
-0.6574986
-0.25730735
-1.0890158
-1.0953877
-1.7397283
-1.9222127
-0.263152
0.68434703
2.0100024
0.11961487
0.72988886
1.0570502
-0.1739749
0.50816196
0.40856653
0.6856586
1.590401
0.20029102
1.1819408
-2.2450356
1.1633812
-1.38868
0.5431063
-1.2273626
1.7602283
0.30138752
-0.7149119
0.052699745
-0.43297267
-2.5159373
4.1567364
0.02760462
-0.9042201
0.13108072
-4.6432085
0.4054769
0.515596
-4.167959
3.953768
2.125916
-0.43197122
0.046364866
0.39968765
-2.344301
4.461477
-2.085056
0.5911254
-0.026833631
-0.77557683
-2.585759
-1.1452895
1.8270668
2.9442701
-1.8217312
-0.5937758
1.2201759
-0.09693848
-1.0999417
2.1537218
1.8896
-0.5151088
-3.5880651
-0.35800496
-3.9332578
-1.9956871
-0.78882796
-1.2281975
0.12444877
-1.4098246
-1.1910945
-0.7067605
2.4353848
0.043878667
0.8143568
3.2016559
-0.2563151
-0.7066229
-0.48742375
-1.4547801
-1.8025446
-3.8534675
-5.639982
1.1660459
-0.86765474
-2.9853525
-0.08108044
-3.945053
1.490436
-1.5720161
1.8096646
2.4920835
-1.142714
0.1005735
-3.820347
-0.042831454
0.3679456
1.2483592
-0.09001358
2.8313966
2.6882956
2.4783537
-0.2225739
1.7821405
-0.9045277
0.39585418
-3.8892658
-1.9355097
0.14817446
0.059493393
1.852614
0.9976423
1.4987531
0.25732875
-1.5961365
2.6929038
-0.26890075
2.4579115
0.23779151
-2.5856354
0.40408707
0.6051085
-1.4785392
-0.031424448
-2.9755726
0.13164368
-3.997868
2.9190402
-0.3281684
2.322436
-0.49342737
-0.7968618
0.16283393
0.83553445
0.29636085
1.1039928
-2.5628777
0.21924978
-2.8581073
-2.5427177
0.95002824
-0.67210484
-0.52006537
0.33571118
-0.9818187
3.2272184
3.7464802
-2.305145
0.22556612
-4.2635875
2.102402
-1.941288
0.34719458
-0.083459735
-0.2529198
-0.31543264
-2.2065406
1.4523894
0.58704907
0.0743836
1.4860808
-0.9042109
2.2063909
-1.1535954
0.6322096
1.120246
-2.6530535
-3.6985312
-0.7113008
1.3671954
0.61912
1.5210589
2.1435018
0.41905707
-2.5418353
1.4866035
1.3870512
-1.122931
-0.34859198
-2.0304184
-0.51239157
0.21372825
0.9564513
-4.960439
-1.4180832
2.0111
-1.8219436
-3.4187896
-1.0695237
0.30056176
-3.178593
2.242399
-0.8201578
2.2759938
0.61746806
-1.4844162
0.19267884
-0.28220618
-0.8047172
-2.130117
0.57710564
0.016911559
1.0648966
-1.6038982
0.048294283
-1.2096676
4.461504
2.1467404
1.3030822
-0.56262845
2.4735074
1.0904869
1.9365537
2.114665
0.28183922
0.03368602
-1.3019525
2.8213267
2.499816
-1.6151689
1.9666679
0.14006047
1.1065729
-2.1405282
-2.1663342
-0.01872795
-0.91128594
-3.988107
-1.2418066
1.4538009
0.30535588
-0.82281476
-1.0252525
0.29268724
-1.8583221
-0.7600774
-3.334617
1.8993418
-1.4834241
1.3354952
3.1262193
1.0135854
0.3364886
-0.69537187
-1.5910628
2.179119
1.418361
1.7347655
0.7752112
0.24499407
0.7111582
1.4464465
1.2935203
3.0549254
-2.8178995
0.31475082
-0.63733876
-2.3166478
-0.7183783
0.24625292
-3.4242258
-3.0614676
5.282447
0.48462483
0.7330263
0.09480122
0.8063406
-2.1556823
1.4470209
0.7462572
-4.198259
1.1891748
-0.6761786
-0.9948765
2.0290732
2.1727567
-1.132297
2.5049362
1.471647
0.55467176
0.47879377
-0.21924427
-0.49942052
3.4273145
0.21016186
3.9978256
0.45037714
-2.6026585
-3.4560552
1.7383986
1.0512607
-5.0048814
1.6039408
1.0964134
0.25083247
0.1815126
2.165955
-1.4105281
-3.981701
0.34161797
2.072647
-1.7471316
-0.031976774
0.24737167
2.3128765
1.687607
0.16970754
-0.63116765
-0.65939057
-0.06488504
-0.35028857
-3.276253
0.3693627
0.38297027
-0.50677
-0.20898196
1.7161876
-1.2810035
0.96816754
1.7745026
-0.8958294
2.5292392
-1.0176665
-2.479735
-0.01202333
-1.9905128
2.787478
1.4357913
-0.41003367
-0.32572025
-0.7835324
1.5516053
-2.3229094
-2.3213725
-0.6247581
1.5307031
1.5840651
-0.8332507
1.1914412
-0.41481766
-2.3433087
2.3465989
2.2505763
-0.24017125
0.45203188
1.2979674
0.8875295
-1.2427174
0.6185757
-1.9148726
-3.571756
0.5845937
-1.0596992
0.06776126
-0.41120774
-0.7140625
-2.2218616
-0.95321643
-5.191283
2.2448664
-0.014720295
-4.0081043
-3.768178
-1.524753
1.0900519
0.9512326
0.56874156
0.90001065
-1.5134996
-2.3722265
0.96747404
-1.8651711
4.3775406
-0.70514476
-2.0260658
-3.2438412
-0.90357983
2.3954096
-1.9906425
-2.2721817
-0.059017967
2.9689837
-0.96230924
0.23215738
-0.18629229
-3.235718
0.5709583
-0.7417584
0.50676304
-0.89672595
1.1510565
0.9166652
-2.428527
-0.95020926
-1.510924
3.8268175
0.30245644
-0.8714362
1.0229295
0.34445173
-1.5224336
0.89235383
-1.7550766
-0.11145882
-1.8562628
-1.4816507
1.8559821
0.16544317
-1.3777936
1.7690258
4.6145387
-1.838506
-1.5827299
0.029587314
-0.6136926
0.83920884
-1.690188
0.102336794
1.8135645
-4.612433
1.270007
0.94585556
-0.30864114
0.27279237
1.6264257
1.9577211
-2.3614962
-1.6339469
0.2864002
-1.9068797
4.896429
2.841764
-0.25669423
1.3264654
-1.3387226
-3.2850208
3.0268116
-1.8498466
-2.3852835
2.1090689
1.7445596
-0.7623994
2.7425504
0.69086254
-0.36263096
0.5456852
-2.6236894
2.5945044
-1.110047
2.3171856
-1.5126586
-1.4230081
-1.2371762
-3.8672807
-4.3358736
0.08448041
3.1013985
-0.987436
3.8651795
0.43981546
-3.668086
2.2519329
-1.8021127
0.8266227
-1.8826841
1.7297449
-1.5096506
-0.051039346
-0.057786085
3.3261611
-0.33154157
2.4068906
-1.8316809
0.19264555
2.7841072
1.2256126
-1.373502
1.1751142
1.54918
1.222147
1.8714862
2.3340125
-2.6619256
-1.0124801
1.5891224
-2.22076
-0.73450524
-0.8248933
0.9517076
3.03877
0.50209814
1.47168
3.5841484
1.0796494
3.1532834
5.020913
-0.05980853
1.454213
-0.92037505
-0.16563518
2.6049504
0.49251467
3.5899634
0.32430202
0.42915285
-0.94320905
-0.92319834
0.0928364
-3.6048834
0.34285578
-0.7929978
-2.8712685
0.17874137
-0.8153058
-3.5162787
-0.0033595935
-4.119591
-2.2968335
-1.8095591
-2.9011984
0.7995165
-1.2288246
-1.421151
-2.017323
1.5019317
-0.33373642
-0.6797768
-0.47903883
0.44704223
3.7516112
1.3267516
1.8585352
-3.299607
0.6428708
-1.4349989
-1.3873234
0.32598132
0.17830746
-0.34853593
-1.265867
2.9048069
2.985767
-1.9204661
-2.0383189
-5.057405
0.22454
-3.812745
2.9621952
1.6841819
1.0979565
0.54183024
2.0010152
2.0069196
-4.036332
-1.4573345
-2.6619012
-0.1910646
-1.9438968
1.8870814
0.5190126
2.7401273
1.0905257
-0.78059953
-3.3066614
3.4050183
-5.326552
-1.0545012
0.95115155
-0.0568984
4.0805807
4.3230634
-2.4632528
1.3453397
0.66591674
-2.9946065
-0.980186
3.2866943
2.808332
4.74158
1.8018672
-2.7193537
0.66970855
-1.7812089
1.294405
-1.5243856
0.4719238
-1.0184278
2.878211
-2.5525622
2.5224988
0.8626168
0.58165544
2.0932975
-3.8329973
-0.47007406
0.7162898
-0.8794833
0.26192194
0.9419108
-1.314511
1.5832659
-2.7831557
3.5281513
-0.6066201
2.4121292
0.35641047
-1.8978883
-1.0757403
0.028361775
-0.19891012
-2.6864724
-3.197559
1.128807
1.3587031
-1.4851292
0.74010843
-2.0740283
0.065049894
-1.6914142
-0.8426584
1.9200463
1.3452711
-1.2210221
2.0918174
0.17535785
-0.4160383
0.065612495
-2.9488094
2.4941752
2.0606184
-1.3350142
-0.7360689
-3.0030558
-0.9328963
0.65215683
-1.3842854
0.40783602
-0.08006333
-2.7013905
1.4441996
1.2078695
0.4283769
1.2671996
1.2111634
0.35342216
-2.2162707
1.8720124
1.0633272
-2.7471488
0.54423416
-1.5579642
-2.842402
-3.0751953
-0.9017068
-1.125874
0.5059104
-1.2128763
-2.2258253
2.2538881
-0.35915345
1.0501587
0.025874369
-0.48062983
-0.19754234
0.9721212
1.5462842
0.22850436
6.373039
0.27823132
-1.8165603
1.5885051
0.9341702
2.2069983
3.7011917
-1.6400356
2.303299
-0.9959158
0.5199568
-0.40032455
2.6194577
-0.94763875
2.5011072
-1.4021702
-0.25662488
4.1438837
1.6142262
2.2256074
-1.8256652
0.1945227
1.7166319
0.60032934
-3.5750792
-0.53600216
-0.80653614
1.2856913
0.06479645
-0.043454237
-4.4105134
-0.82445824
-0.4381685
-3.085003
0.34135574
0.30593827
0.2554386
-1.5868798
-0.5304395
-1.640626
2.795157
1.4652317
-1.0016965
1.1412573
-2.0599396
0.1730234
-0.4302433
1.6078688
1.5565596
-2.2944703
-0.5147521
0.97357655
-0.9066549
-1.3858964
-2.774561
0.9152881
-1.8838179
-4.9361663
-3.8263664
0.49473977
-1.8355415
-0.41315937
0.42729324
2.3914144
-1.3764956
-2.4175591
0.05564125
4.271371
-0.42525843
0.10478913
1.1055458
-0.69879377
4.6426377
-0.22629082
-0.61934954
-1.5500683
0.20138517
-0.5981538
-2.5108743
-1.7728378
0.15583056
1.834213
2.5523868
-0.4690595
-0.5946213
-1.5767039
3.6587243
1.2439225
-0.5073426
2.7708838
1.5953652
1.6557051
3.1231725
-3.36628
0.40427762
0.23656377
-1.861162
-1.7748575
-0.878683
-0.7158275
-0.38285995
-0.31686336
0.8959214
-1.1199571
-1.4321493
-1.048168
-1.0524436
-2.0631354
-0.6899491
1.7233509
0.95831484
0.7554943
0.28119615
-1.0585309
1.9006732
1.4342681
0.73019654
1.1250343
-1.6788013
-0.7721055
1.1969066
-1.4306953
0.100715704
0.5897035
2.535463
1.1362985
0.09644004
0.2497691
1.2330058
-0.40144482
-2.0177917
1.0625212
2.3079813
2.7897232
5.990835
1.4734476
1.688088
-0.7779661
2.6977818
1.2405461
-0.92229795
-1.0590224
-0.71221924
5.519548
-2.3743353
3.1187484
-0.49300706
-1.2819296
-1.7476596
-1.0643874
-2.377235
1.9941238
2.104455
-0.9485058
-1.0002344
-1.4481333
2.7763193
-0.4943687
2.9321811
-0.28761837
1.5514836
-2.6345594
0.159217
-0.12940475
1.0170326
0.9742229
-2.6335664
1.9603662
-0.43036443
-3.4437704
-3.8030431
1.1974152
2.3304853
-0.56930345
0.16123581
-0.4525665
0.9264824
-0.08298831
0.6392939
-1.5425845
-0.779227
0.47183627
0.82507616
1.1247528
0.70107704
1.8464454
-0.24540377
0.6215173
-1.7413218
1.052804
-1.0843962
-1.500826
-1.7766877
1.6130848
0.0837986
0.039807484
0.7058546
1.9222707
-1.8513523
1.4836079
3.0815713
-2.7653964
-2.77369
-0.54072493
-0.8886095
0.25033948
-2.1198668
-1.8307278
0.4718259
0.26367256
-0.7275189
-0.43703035
0.39050928
3.6363523
-1.7536902
-0.46898985
-0.8310408
-1.3423926
-1.5432796
2.7507732
0.51781225
-1.3856727
2.1310863
-0.41261733
-1.8179709
-0.9474818
-0.49561054
-2.1068752
-2.1196449
3.2597387
3.3466163
-1.0332686
3.3679264
-0.34294534
-0.04500418
-1.2467698
-0.26094985
0.48732498
2.377074
-3.54245
3.0410666
1.4022567
1.4408445
-2.554534
-2.4357648
-0.23649484
3.9855206
2.8503182
3.6121244
-2.2735949
-0.7110935
0.39338708
-0.3759643
0.65325415
3.5743096
-0.014823578
-0.8555045
0.5552527
0.98078376
3.322925
-1.1668143
1.1442059
1.1643784
-3.3672056
-1.876052
2.059049
1.0519214
-2.4903102
-0.104066625
-5.356484
-0.176774
-0.7513352
-2.7963543
-0.3820348
3.4428415
-0.6668526
-3.1793709
0.7227244
-0.58214223
-0.47440395
0.42645684
1.9128095
-1.7289319
1.1806905
1.173383
0.7734843
0.33493137
-0.93963677
5.135487
0.6948751
-0.21170034
1.0494163
1.0551891
1.6594225
-3.998877
1.2430559
1.3710188
1.7247592
1.3775403
-0.1639407
1.7964716
0.8568754
2.0701466
1.2984684
-0.53312975
-1.4684483
-0.10278811
-3.661022
1.2800905
-0.44669637
2.0213432
1.2467473
0.66697925
0.81103003
-0.33244264
-1.8004799
-1.5427973
-0.34642968
-4.692227
1.2859924
0.5236445
-3.9705825
0.4163408
-2.3277175
-0.15881217
-0.58898777
-0.30470267
-0.13843146
-2.7157786
-1.2584612
3.589096
-2.1771924
-1.547677
0.91283864
2.073616
2.448291
-0.76446587
0.10129913
1.2431796
-0.0035429783
-0.22574842
5.0760374
2.5513499
1.5310862
-0.42153522
-1.0212488
1.3353696
-4.657231
0.2113981
-2.2922473
-0.97491384
0.15266582
-0.6461902
1.5694494
-1.8995084
1.3594583
-0.9388132
3.3304248
0.032923386
0.0014349706
2.7268045
-1.304893
-0.37403458
-2.9787645
1.6730602
0.11544239
-0.8662747
-2.2638004
1.5602975
1.2487899
-2.5896647
-2.9516714
-2.196658
0.23585281
1.6567748
1.5794389
2.470115
2.3505402
0.43653947
0.65890115
0.5993032
-3.337531
-0.77538216
-2.8994586
1.8754066
-3.9589307
0.43630093
-1.6505764
-2.0646849
-1.5596501
-3.437285
0.50045264
-2.4546397
-1.4069964
-2.4921079
0.63238996
0.4765036
0.76055735
-0.34808698
0.44764614
4.7148304
2.8962398
0.3764637
-0.32923117
0.5331863
2.9571366
-0.46620044
-0.787572
-0.53858733
4.281485
-1.6658269
0.44471994
1.865102
1.6667132
-1.0946283
-0.25216562
0.43521273
0.30632496
2.5284574
0.49698144
0.3500264
-2.5175452
-0.19403264
-0.14459015
0.27998132
3.4507315
1.7984248
-0.029887177
-1.9583478
1.2305969
-2.192299
-3.5384817
0.8794634
1.2940936
0.15289785
5.7654433
-0.28287145
1.7726609
4.8363914
1.3976086
-2.7533987
3.3940518
-1.2855259
1.2972283
-0.12921816
-1.1848519
-0.22159767
2.2510355
-0.696416
-1.1945071
2.4234374
1.052925
1.5837516
2.6995933
0.8420378
-3.924666
4.4483056
1.309542
1.5959009
1.0513797
-1.5641137
-0.7175031
-0.8310202
-4.073861
0.8659311
1.3748742
1.3589996
-0.7895936
0.582499
0.2701485
-1.7412658
-0.8019035
4.5371275
-1.9704967
1.914452
-0.7447251
1.8857241
0.57139945
-1.0140517
-2.4249015
4.1812634
4.183187
1.7719859
-0.60339165
-0.27754575
2.75055
1.2854424
-1.2799621
2.3661878
-2.031031
-0.46762994
-0.1573694
-0.40089852
0.5677455
0.06509163
2.331726
-1.5319808
-0.2080423
0.047228098
-1.7089705
-0.39448762
-0.29179406
-2.249524
4.803658
-1.1134518
2.635287
-2.7023597
1.7017869
-1.4582213
-1.839038
-0.6574757
-2.6776156
-3.7503715
1.4501408
2.3561368
-0.18164408
-1.1162543
1.199378
-2.9438167
-0.17909333
0.45822406
-1.4734453
1.6164669
-1.7924455
-2.046834
-0.4366719
-0.39359605
-0.32591146
1.0095012
1.6866833
-5.7643495
-0.44935814
2.3238828
0.60830396
-0.75862527
-0.31782204
0.66950727
-0.020427786
1.4215331
-2.6749065
0.07096874
-1.6381575
-0.40859944
-1.9202268
0.21481673
-2.2720373
-0.2299401
1.8055408
-1.7095925
0.2299136
-0.4180718
0.99189484
0.38849965
-2.1777058
-1.0641048
0.953741
0.5261467
0.7872785
2.207931
4.152506
-0.8531255
1.1440477
-0.36791366
0.40212113
-0.612995
1.8947586
2.5913084
-2.8143008
1.1707295
1.8347151
3.1125808
3.2452598
-0.8525189
0.21714115
1.7997069
3.0501451
0.3761496
-0.51013654
0.78267217
-0.6722632
0.4390639
-1.6887335
-3.3128428
-0.26235193
4.16879
-2.309942
0.8585753
1.3081037
0.9899603
-0.49662125
4.9022784
-0.16200861
-2.2391977
-0.3967362
-2.8967822
-0.9286084
0.50845814
-1.9163883
-1.9217364
0.899632
3.633302
-0.46654627
-3.6565187
-1.381355
1.0526243
-1.6782413
-0.33065018
-1.5908726
0.08028512
-1.7685454
-0.8817394
-2.5013635
2.2126303
2.9131677
-1.8325573
-3.1775632
-2.314276
0.06372055
1.5931087
-1.5568103
-1.869978
-1.6729145
2.7435663
-1.0591913
-4.656121
-1.6633359
1.2097723
0.8203135
-0.9806423
1.0734822
-1.2582273
-2.9771428
-1.087146
0.35826248
2.6574442
-0.77573836
-4.3506885
0.6960652
2.5421898
0.12053691
-4.5019474
0.8797847
-1.7331457
-1.9050487
0.055358723
1.4849571
-0.5751279
3.4059954
0.49355853
-1.5643755
-2.3828871
-0.9192479
1.5644898
3.503732
1.8612493
4.1648088
-2.0383978
2.779224
-3.2324522
1.886011
-1.4500426
2.0599291
-0.20162116
-0.5286257
-1.2922257
0.4556793
-0.96960574
1.0684587
0.16606134
0.9618702
0.19592124
-1.2715933
-0.65481216
-0.9355284
-2.4659626
2.0900857
-3.933055
-3.1715899
2.3493476
-0.08379464
0.09740572
1.5719256
-1.3399096
-0.49553978
0.47854492
-1.5203055
1.3559481
-0.9910687
1.6435575
0.97974944
0.5826353
1.5363644
-2.0383372
-2.7842863
-1.8334476
-0.54422146
1.0282252
3.1414073
-3.6645684
-1.6553305
0.3519982
2.4441853
2.2094252
3.1879146
-3.3537583
0.5726072
0.07963596
-3.008543
-0.95426214
0.83837694
-1.8806564
-2.8439112
-4.9889426
2.490508
-0.754722
1.634454
0.6947135
2.615809
-0.6244105
1.9335098
-4.2374625
-1.7918749
-1.2900525
0.74173385
2.5561767
5.0033407
-1.4042429
-2.7502396
-0.63199985
0.7919619
-2.3520837
-2.2916405
-2.7697666
-1.2774869
-1.6917516
-1.1880533
-1.979313
1.5204406
-0.29185104
2.0740032
0.26174912
0.9935218
0.9007194
-1.1165781
1.6596094
-0.16947572
-1.0313473
-0.03183782
-0.28549004
-0.3207416
0.6064069
1.5484643
-1.1136308
-0.242648
5.4778733
-1.5191125
-3.0132878
2.1527684
2.0825062
0.93998164
2.7861915
1.7286595
0.5332187
-3.0820935
-0.39874166
-0.90162426
-2.8671472
-0.48927072
-1.0071284
-0.06963873
-3.33501
0.39986175
-1.3792113
-0.33174452
-0.73367286
-2.2596736
-2.173333
0.7021138
-0.71695477
-1.1039743
0.17671111
-3.4287164
0.5512598
-1.2627811
0.38785645
1.8963249
-3.3951457
-2.560438
-1.589831
-1.405697
0.79849523
-1.1976991
1.1708281
-0.26032454
-0.14197215
1.8900137
2.2600439
1.9380913
2.7477455
-0.9882039
0.2926594
-0.9821653
-2.3516047
1.8628436
-1.1867486
-3.2228143
1.8252704
1.3456748
3.4775896
-1.7562251
-2.1109838
-1.326406
1.0495087
-1.5828193
2.6861043
1.4559529
0.9758692
-1.0074778
0.38477004
-1.8360397
0.70497173
0.15555371
-1.119893
1.9673986
0.14501539
0.2760205
1.9411712
1.1321298
1.5360502
1.451252
-4.1025786
1.5191802
-0.6408351
-0.33362705
-4.046776
0.28815332
1.2993973
0.65773475
0.7766679
-1.2484503
0.8466959
-0.09033915
0.91372585
3.2121515
1.2312618
-0.27206576
-1.7045416
0.36364743
2.3797722
0.3376071
2.1944494
-0.3621846
3.0029685
-0.972954
0.3147937
0.9332299
-3.6671617
1.6449045
1.1277248
1.2945831
-1.4870379
2.17298
-3.6583374
0.85031086
2.935386
-4.828226
0.46218675
0.4201445
-0.6712461
5.145201
-1.5676327
-0.43818823
-3.3536882
0.57505476
-4.2552576
0.33713907
1.7235286
0.5372709
-1.7200588
-0.48986337
1.3606223
-2.7205026
-0.25082332
2.419599
-0.36561522
1.5156221
2.8608587
0.63749474
1.2828544
0.27038753
-1.2908901
-0.9708291
2.0997765
-0.7363317
2.4087386
2.1538017
-3.6381035
-1.4220028
-2.4949799
0.8499599
-1.1513197
3.4057922
0.20999601
0.6743229
-0.17106807
-0.14640348
-2.1874862
0.3399544
-0.052022934
-1.4137254
-1.2352877
-1.864394
-2.6995525
-3.11349
-0.36451212
-0.30547562
-0.034260496
-0.5430878
-0.9097905
-0.087129176
0.7495278
-0.00018186122
2.4175725
-0.12303076
-0.58658284
-0.5370758
0.1301043
-2.8829148
2.8574893
2.3556988
-0.98118734
-1.1495955
1.8989785
-3.0000138
0.8822294
-0.9564814
2.1505005
-1.67838
-0.57094103
-2.5377188
-1.1382393
-0.36527094
2.5802565
-1.336016
1.3641477
-0.5404824
0.7180507
-1.4304832
-0.7697335
-1.3541161
-0.96510845
-0.95132166
0.09421336
-4.4139247
-0.82466817
1.5986656
2.7952955
0.48281527
-3.9010756
1.9929736
-3.7686076
0.9457877
-2.6501462
1.941404
-0.64104617
1.6978624
-0.75773346
-3.7678092
1.126867
-3.378637
-2.1198263
-3.3445168
3.972212
3.0857308
0.49965253
-2.0011358
-1.6998205
-1.7371056
0.40129322
2.9797251
-1.8775835
-1.3037643
-0.7414611
-1.3863126
-5.438387
1.2733428
0.37423322
-1.0109769
-1.3498588
-2.2756727
-0.6950715
-0.794019
-0.2783587
1.2595439
0.16253981
1.7237376
0.22737193
-0.5966844
-0.7002066
3.008978
0.03891976
0.010726642
-1.236964
0.7115286
-0.50339234
-1.0114661
1.4306427
-0.20622587
0.54748005
1.065712
1.1692035
-0.97698486
-0.38070616
2.928777
2.7877038
-1.7575308
0.08915802
-0.9649565
-2.5977814
-2.7229755
-0.32061204
0.29522184
3.3476012
-2.521352
3.3388073
0.13550794
2.5228422
1.2797614
0.8470238
-2.7020025
-1.6510667
-2.9797957
-0.96867007
3.7124643
-1.812669
-0.35733214
-1.8876477
1.0985494
-0.285067
-0.7050211
-0.03942444
-0.66207606
0.3414192
0.37205854
-0.28087616
0.8297208
0.09079682
-1.0640248
-0.7496861
1.3550018
-0.72734815
0.6786784
-0.41056377
-1.8454818
-0.4147662
2.2732313
-1.5826755
1.2545495
-0.84452033
2.6469646
-2.0407166
0.7734667
0.7271565
1.2168131
0.9230057
1.9125388
-1.3452662
1.6777416
0.7077055
-0.18661483
0.2731564
-0.6008986
-0.4715209
1.036683
1.8577131
-0.93917066
0.27225253
-2.4675696
-3.500156
-3.5985203
-1.0518844
0.09626338
-4.422023
-0.3967556
1.5770144
-0.83450913
0.34820676
-0.26081046
-1.4189831
3.0867887
-0.96136487
-0.6943412
1.8720788
0.16902699
3.8408349
2.7343311
0.4081728
1.5543554
1.2236509
-0.7459669
-1.3391272
0.7697774
0.9730662
-1.508323
1.0634669
1.5153686
-1.2448021
0.0345015
1.8440946
-2.7017474
-1.9958612
1.2932739
-1.9319317
0.6124736
-0.61499673
-0.95204276
3.0474777
0.8505559
6.0278373
-1.5728651
-0.43847278
1.4435847
4.967833
0.59234065
-1.4467032
-0.9175153
-1.1005538
0.9526832
-0.57942516
1.4756356
-0.100982055
1.4657
-0.0255379
-3.5260415
-0.6076409
3.0925174
0.7157999
-4.4111357
-1.4899335
1.9080915
-0.20522383
-0.6725205
-2.16641
1.3324517
3.026344
-0.37511772
2.9238772
1.3503222
1.7119619
0.7073367
1.9279544
-2.4181292
0.006246738
1.1706933
-0.8865844
-0.14939375
-0.3699859
-1.1983262
1.4710379
2.9984128
-1.0135591
-1.7994171
-1.8338265
-3.9043849
-0.22870766
0.71328723
0.6582924
-1.665145
-0.7300497
1.2731605
1.6078941
3.255822
2.412692
0.72924554
-3.3217342
2.1996086
0.67722595
2.475223
-0.6680578
0.093983114
-2.4748647
5.9966955
2.627064
-1.0225133
-1.4113467
2.6196039
0.84843224
-1.2337092
1.5206184
0.88597673
0.32731774
1.8575603
0.96836257
1.15403
1.6058466
-3.420588
0.32815152
0.31710526
4.1789484
-1.8076844
0.31447405
2.1774426
-0.14696431
-2.9485083
-2.9948819
-0.2795198
-2.2676475
2.8854983
1.05191
2.3639286
-2.07818
-0.079258755
-2.6257029
-0.5232774
1.4785913
-1.8673271
-0.8563569
-2.6117053
-2.4412127
-1.4858373
-1.9893209
-0.71668214
-1.1673288
5.8897758
1.1290036
1.7632663
-0.20951466
2.1188636
0.1379767
2.5062244
2.8669846
2.4102817
-1.566409
-1.145996
2.5379848
-2.9024837
-1.8116785
-0.6730199
-2.1773453
-0.4332087
-1.4373525
-0.72173774
-1.7399231
1.0384035
4.432475
0.66119635
-3.0819259
0.66891116
2.8257856
2.898781
-0.88661474
-1.0871488
0.3999157
1.4434637
-0.85041416
1.5709544
0.55254346
0.83845526
0.34564948
1.4597168
1.8006498
1.6489805
2.0354366
0.6156144
1.8779474
-2.6168356
0.5684877
1.9075283
1.9755257
0.111873716
-0.7870453
0.18747357
-0.42149672
3.469733
0.56357074
0.003715612
-1.3845199
-0.45255163
0.35414702
1.2659687
1.6819341
-0.8194464
-2.9672554
-0.0048514158
1.9260254
1.3266072
1.0329748
-2.8602548
1.3267021
0.8741832
1.7812793
2.0462153
-1.5929412
-3.979112
-1.2025865
-0.20009041
6.374047
1.8597312
-0.88108003
-0.3349239
1.4154721
3.9051466
-0.54843354
0.475276
-3.575088
1.4713157
1.5098926
0.6240416
-0.20013148
-0.9323492
3.819564
2.2410233
-1.935753
-0.46029887
0.32162085
1.3853513
-1.9935275
0.6230514
1.0672754
-0.7399761
-1.6659278
2.8216076
0.04385202
-1.391215
-2.3413644
-0.9646237
1.03307
0.2546769
0.030490413
1.0416266
2.7210379
2.291598
-2.2445552
3.7564094
-2.0127769
0.658665
2.25359
2.062769
-1.2785115
-3.6986256
-2.8200915
1.8742715
2.8168514
1.6402111
-0.05802845
-1.8340698
-1.4994843
1.2909513
-0.13402629
-4.6735206
-0.59356254
-0.4491949
-0.9175293
0.5872433
-1.9594202
-3.2342288
1.6953105
-1.3632809
0.55253106
0.34781986
0.64807796
0.86029184
1.5251132
-2.536924
-1.0112786
-2.743003
-1.2900378
-0.9533355
1.4685462
2.8156037
1.4671601
-2.1005669
1.1890985
1.8740054
0.921005
0.30558586
3.5033243
0.31619176
2.534933
-2.5337126
2.324544
0.19154575
-3.5193439
-0.13288784
0.036131807
-0.99975437
1.8228586
0.060857087
-0.47047955
0.81182367
2.2117982
-0.66078734
0.5538945
-3.005906
2.1425753
-2.2841053
-0.2719683
1.7059509
1.9229217
-0.22229561
-3.745868
0.30252773
2.2561805
-2.097652
-1.4485022
4.285748
0.8532033
-2.3533657
-0.5849417
-0.5977532
-2.2530165
-3.806007
0.18560418
1.6610339
-0.21274492
1.0546896
-2.269308
-1.2873291
-0.06324026
0.69005114
-0.42992136
-1.5735565
-0.97432125
-4.0483294
2.0575666
-0.0188303
-2.496706
-1.1494724
2.7488902
1.7467128
-1.1630461
-0.99250084
-0.80755424
1.3733916
2.2144058
-1.9432064
-0.63024765
2.5912445
0.60038745
-2.5686505
0.12704413
0.05888818
0.8195635
-0.4632923
-0.5950922
-0.49950743
-3.5405927
1.7649959
1.5396999
-1.0437627
-1.3155228
-1.1392223
-4.0077357
-0.18287975
-2.6574996
-0.8321085
3.019082
-1.0122911
-0.93838626
0.97985345
-3.6295173
-0.63080513
-0.28910118
3.4751642
1.2489836
-0.7760762
-0.013845794
-3.8962317
-0.92984635
-1.4321826
1.6822692
-0.31392044
1.0129294
-0.18604521
-2.0643356
-3.1827354
-2.663105
0.080506325
-1.833582
2.8497572
2.349972
-0.9850413
0.31093216
1.6630166
-1.6387377
2.9986994
0.9999707
-1.7125208
0.77671343
-2.064044
2.5308807
-1.4421849
1.8897023
-0.9046006
0.6494939
-0.42918146
-0.2184192
1.0582618
0.99866194
-0.6081424
-2.0325317
1.4581535
0.49332887
1.4949464
2.289707
2.1502225
-0.52028006
-1.3449265
-0.9263003
-0.8144442
-1.1969274
-0.044394452
-1.417403
1.1052223
2.1773026
-2.2972956
3.7072208
0.9351189
-2.2922337
0.030289285
-1.2256289
0.652387
-0.11579306
0.28566182
0.27471092
-0.11970403
-1.0308945
-3.4289083
-1.3935744
2.070863
-2.4606514
-0.03492128
1.474048
0.9950457
-0.69436413
-0.33099872
-2.6017394
0.24617112
-2.8141725
1.0683261
0.073056504
-0.7314777
2.137371
-2.7089312
-1.3783544
-2.865004
-0.07034326
2.4406698
0.69513196
-0.027855583
0.687604
2.9553802
-1.185522
-1.8526427
1.3433452
-2.412603
-1.1649058
1.0170462
3.8939037
0.48751342
0.6156802
-0.38109338
2.3686674
-1.713988
2.891055
-1.5478005
0.0124951005
-0.17954314
-0.59341747
3.4681237
-0.6835533
3.6648455
-2.0854807
0.5825348
1.495528
-0.4332235
-1.8591079
-1.5477551
-2.4077702
2.8607376
-0.3008948
-0.6362616
-0.23364502
-4.2783794
-0.033386264
-1.5655246
0.98948336
2.5705266
0.61464024
0.7365214
-0.24414617
2.5423942
4.378703
0.26932746
-0.6370408
2.577324
-2.1458461
-3.178828
3.8569036
3.7232187
0.3820362
3.2614038
-0.74937785
-1.62359
2.4931176
0.04093204
0.040494613
0.99705255
0.31469864
-1.1570666
-0.21621343
-0.25615057
-0.7412131
-1.2619777
0.77827185
-0.27012324
-0.6363429
0.3626398
1.7211707
-1.7552168
-1.6126823
-2.2169824
-2.582738
-1.0019642
1.2137966
1.4543959
0.3362106
1.5103745
-2.5696542
4.4875517
-0.30072162
-0.22154081
-0.30778202
1.0792692
0.76384276
0.54587513
-5.2073045
-1.1630135
1.778069
-0.32714412
-1.9035112
0.44309372
0.15689293
-1.915941
1.1827396
4.962625
3.1460507
2.2988296
-2.572656
-0.9898242
2.0122335
0.27544177
0.79508126
-1.4320779
-1.1891613
-0.24817821
1.9464129
-0.68792695
0.962348
1.4518219
0.1109661
1.9384714
-1.8689744
2.4418852
-0.35936886
-2.4403975
1.2432355
-1.5205472
-1.2480265
-0.7335684
-0.17078304
1.2297498
1.5868976
-2.3840618
0.8459173
1.6635187
-0.85751396
-0.56936604
-1.0001734
-0.5028503
0.24973798
-1.2002826
0.09187841
2.2621872
-0.65465426
1.854899
1.9091794
-0.071177274
-1.2709702
0.34873784
0.40897197
-3.7389426
-0.98328626
0.29137674
0.4616781
-1.2230574
0.34451696
-3.8007329
-1.484649
2.482209
-1.0282779
-2.346312
3.68269
-0.35476696
-0.90604275
-0.36218134
-0.6220712
0.8590703
-1.9291011
0.3005646
4.3427787
-0.77807003
0.015543476
-1.2737665
2.544333
0.4266102
1.5508755
-1.8560505
-0.37588614
1.242397
2.0934186
0.010717899
0.96394753
1.8756344
0.24374017
2.110388
-0.056258395
2.3665307
-0.6003492
1.459362
0.67545867
2.3901591
0.96104425
1.1527505
-0.45627362
0.3198825
0.84668994
1.278415
-2.4231627
-2.0112422
-3.1205099
-1.6833335
2.5062218
-0.23322003
1.1782165
3.3790543
-0.7548492
-1.5997939
1.4781744
-1.4392172
3.4670596
-1.7793767
-2.8266916
-1.0088841
-3.775461
1.5274405
2.2109177
1.8317788
-1.1824487
2.2431543
-2.0746999
0.9509551
-0.3057996
1.81318
-0.59829456
0.2148328
-1.4880953
2.5644073
-0.37626344
-3.239686
-0.12112289
0.21057238
0.68837774
1.1772751
1.3335631
-0.8445682
0.5156491
-3.8426635
1.3684092
0.6359872
-1.0636566
-0.28742063
3.2110152
-0.06428699
1.3483999
-2.0301788
-1.5094166
-0.5210937
0.086530454
-0.05800225
-1.0024426
-1.8791202
1.9297576
1.4032218
1.5315456
2.7379465
-2.305851
2.0995545
2.0047252
-2.6489096
1.7263708
-1.9108615
-0.70292145
0.63394415
-5.3089004
0.40178233
-2.0830483
0.47019076
2.9835305
1.2577316
1.3603035
-0.03808625
-0.14266503
2.390955
2.7816117
-1.3915092
-0.21623999
2.2669005
-0.17393345
-3.309972
2.4578633
-0.63367116
1.3450096
2.4605403
1.1607534
1.5720128
-0.84992635
-1.814787
2.7484229
-0.660672
-0.68508166
3.75221
-4.898062
1.2475435
-1.6781753
1.1181647
-4.6619825
-4.2778497
0.5049346
-1.0525355
-2.6453412
1.5371776
-4.026252
0.2020056
0.07895994
-3.5572445
3.900202
-2.0569134
2.0380416
1.9289576
-0.56285
2.4719634
-3.007252
0.28334603
-4.1283655
-4.0867653
-3.4084637
2.8768237
-0.855875
3.0577161
1.5176992
2.3932588
1.5723479
0.7184314
-1.9517069
2.0665748
-1.7250613
-2.2751706
0.5238858
-1.4909586
1.5597873
2.2946262
-1.9631546
-0.36732325
-0.6722101
1.6432986
-1.7658377
0.75115794
0.9055746
0.11341525
1.1967791
3.3699567
-0.344155
1.2857554
-0.9533036
1.0174575
2.1357963
-0.38757595
0.8632331
0.1814645
-1.9819391
-1.5352477
1.7494044
-1.0032065
-1.6016629
-1.3156224
0.33812845
2.1609602
-6.315364
-3.1952946
1.7712501
-0.82755435
1.7838944
0.12969351
2.3427632
0.099684685
-0.4475798
-1.6367844
-1.0013618
2.545217
0.20538017
2.597547
-0.31548414
6.417679
-2.5415483
0.6648033
-0.8751934
-0.5524586
0.0024594963
2.0517561
0.12683867
-3.0836415
0.93914294
0.8343428
-2.426636
-0.034830034
-3.1510117
-2.0624769
-0.3219157
-2.6197274
2.261876
0.5383046
-1.2653066
3.4126225
1.0419576
0.06468049
-0.919779
2.4944453
1.261855
0.3027557
2.4288344
0.2688494
-3.4401703
-1.479009
-0.2931079
-4.0981393
2.4158118
-0.23722759
-4.9228163
-0.06464216
-0.51744395
-3.346951
-3.5923886
-0.064416446
-1.1602494
-2.3099976
3.322985
0.7982839
-1.1894486
1.8763884
2.7113152
0.65508795
2.676052
1.084453
-1.9700063
-1.5235395
-0.79246205
-0.07745687
-2.68612
2.1612635
-0.5485525
-0.47386795
-1.1368105
2.6510234
2.0762944
1.1052508
2.28995
1.2708374
-1.720951
-0.092599995
1.7033037
0.95427054
-0.84000105
3.6323829
0.81748754
4.519703
4.5752974
3.8563743
-0.17453434
-2.2659566
-0.13326952
-0.20929164
-1.2463205
-3.0352387
2.33695
-1.1376976
3.2142975
-0.4934952
0.4440528
1.8683188
-0.59476036
0.3806454
0.9434896
2.142854
-1.153647
-0.2965586
1.3725548
2.377419
-2.9874413
-1.1086245
-2.701135
-0.38631105
-0.39049032
-1.5882328
3.611169
0.24967468
-0.6570688
0.24065286
-2.53434
1.3069582
-1.3582889
-0.4441776
1.998121
2.3893375
-0.8881091
0.0140021965
2.285053
-0.68006253
1.3643408
-1.6644069
0.6018606
1.0443606
1.2062373
-0.3893725
0.49840954
1.7843788
2.446971
-2.113864
-0.31263784
-1.5601189
1.6241452
-4.371963
-1.8829305
-1.6626836
-0.09438171
1.6703659
0.42895555
0.73913497
-1.0306021
0.06444045
2.9381936
-0.9278351
2.152884
0.09366016
-0.6189631
2.0920353
0.07280656
-3.4107354
-0.5987054
-2.911927
0.76588994
-1.3465111
-3.5043886
2.4345727
4.572742
0.009464033
-0.058910295
1.5620805
0.22653821
3.2057374
-0.56364924
-1.2448127
1.8657176
-0.5364013
-0.79987335
-1.500737
-3.8825755
-2.678319
2.9963827
1.7667179
-3.5481343
-1.3280712
0.6485777
-1.5474378
-2.8090537
0.29275748
-2.2098036
-3.0024316
1.5663846
-1.1112009
-2.813748
-0.11892558
4.640341
-0.18533659
-1.5285949
0.97441477
1.5450343
0.4398243
0.265536
1.0618147
3.5938296
-1.4914165
0.5591155
-2.6294558
2.6549554
-0.20739168
0.6278166
0.55168134
2.2437973
0.22287151
-4.3021293
1.5208999
0.35607097
0.16550252
-1.9149936
-0.2977776
2.1298063
0.55904174
-0.34462106
-4.644654
-0.060006432
-0.57071227
0.23523647
0.26667914
2.0410264
-0.93332547
-0.06623328
-2.4701755
-0.38141754
0.48196307
0.40867752
-0.5716101
-0.69212717
2.844729
0.46632007
-1.3265766
-0.6001343
-2.4464781
-0.89701694
-1.2364312
-0.9605067
3.1140742
2.3938982
1.205217
0.13316423
0.9014519
1.6532341
0.37100366
1.0139804
1.0550805
-0.008753985
3.0415342
1.0084094
-0.7925507
-2.9514217
-1.4590112
-0.2828966
-0.35508215
-1.1465607
-2.8747609
-1.5502751
-0.2809
1.2526865
1.2262052
-5.444081
0.6819128
1.6275953
-0.7654511
-1.7934403
-1.4599653
1.2245288
1.6578375
0.12143464
1.0949471
3.417619
-0.22922935
-0.68445975
-1.1406828
-4.1520863
-1.961347
0.80657023
-0.8302922
-0.08119047
-3.8030522
0.6211591
1.094286
-1.9907669
-2.3778622
2.0517254
-2.93678
-1.6157211
2.0739782
-3.1209142
-3.301365
-1.8965261
1.2964907
-1.4734321
1.4753879
-0.696925
-1.7001865
2.038591
1.716992
0.1677939
-2.0586548
-1.3896269
-2.9569476
1.5929899
0.4424465
-1.106033
-1.5500767
2.5374305
2.090606
2.4464073
-4.57579
1.924483
-0.6701749
-3.951419
1.3470185
4.122832
-0.1794663
1.2486477
-2.024808
-1.2780921
1.6179007
-2.3332365
-1.4757538
1.4752655
0.9224924
-2.21866
0.34056187
-0.37351424
2.744897
1.04175
-2.8042862
1.5721685
0.7348026
-0.4484465
1.1581727
3.2083237
-0.96548235
-1.0043819
0.6403312
-0.25653908
4.7540364
0.5705397
2.7581604
-1.8644129
-2.1029377
-3.4894388
1.821715
0.088649556
-3.8900146
-1.9397368
-0.40135807
-1.2796175
-1.27796
1.2020411
-2.9542923
0.045379736
-2.91379
-1.4391029
-0.3549875
3.6639225
0.4424931
2.9679475
0.10119656
5.3266706
-0.7123424
-1.0011432
0.91479504
3.4163208
1.2226526
-0.15547124
1.0028157
3.9546344
-2.0625544
0.1763438
0.7504606
-0.93573225
1.869214
0.119488075
-0.94920546
-0.311932
-2.0434914
0.12116649
5.995752
0.45806304
-1.0015657
0.9068967
-2.8537564
-1.7266662
2.742332
1.368149
1.085083
0.083552726
0.20733401
1.1393781
0.6185924
-0.70625937
1.9086207
0.44469112
0.16858724
4.613187
-0.13910541
-0.61273855
-0.364541
-1.6303736
1.916739
4.3986373
-3.2663164
1.9869659
-0.775378
-0.79650366
-1.2252005
-1.6935102
1.318917
-2.699197
0.40189654
1.0431867
-1.5220685
-1.4066437
0.8489613
1.0417991
-2.0874555
3.1934462
2.5811121
2.0673866
-2.078505
0.8377478
1.1771619
1.1944932
-0.27249324
-2.7546687
1.4543601
3.8671527
0.27312222
0.90986514
-2.6875648
-0.8516904
-2.5220876
2.2403657
2.4318678
1.1029425
3.1011024
2.320001
1.2604119
-1.7438215
1.9131744
2.8141503
-1.9632703
-1.6888726
1.3860747
3.8400118
2.5881417
-2.9746366
0.3019503
-1.0524641
-0.6296744
-0.8081104
-0.4007219
-2.0529935
-1.8519672
-2.5375743
-0.20727967
-0.24097672
2.059893
-3.48722
-2.6783495
-4.220259
1.5791028
2.4668627
1.379801
3.394342
1.331007
2.4336145
-1.3665528
-0.3761203
-1.160381
0.4959173
-0.06378824
-2.1981585
1.740729
0.99410564
1.6675335
1.1803713
-0.15730745
-2.9578905
-1.5866325
-0.19103599
-0.25801858
0.15939912
0.43915734
1.3109158
-2.0308046
-1.0338879
0.48782095
1.3224686
1.9721103
3.004513
-2.3208404
-0.87670696
-1.0032525
-0.5375188
-1.2203897
3.0090322
-1.0855565
-0.9099608
5.299011
5.1765685
-0.28315896
-2.4723175
3.2593186
0.12887838
2.0302386
-3.016027
-0.20692897
1.0021546
0.50715
-0.5193611
-0.23968616
2.560206
0.86494935
-0.50926286
-1.9038906
-3.0774398
-0.011090517
-3.0096388
-0.9200605
-2.063208
-1.6445981
-1.5612988
-2.1619446
-0.7113429
1.0147299
-0.28983772
0.0129558
3.6297033
1.3392625
-0.86292595
-1.4204239
-0.65918964
-1.4943265
-1.1574448
-1.0788628
-1.3112875
-0.50860596
1.6922354
0.24714246
-0.87468225
-0.64756656
0.8970579
-2.7608693
-1.4593874
1.7452682
1.5327721
-0.44146147
-0.06937566
2.06531
-1.8054773
-0.60123247
-1.7943287
-0.3315521
-2.3002977
-0.31288403
-1.2619395
-1.9225932
1.8202302
-4.504197
0.6872327
-3.0908463
-0.9999057
0.8388079
2.6888769
-4.333633
-1.9068732
1.6874074
-3.588975
1.0152174
-1.0593466
-5.7237144
-2.151813
-0.21803993
2.786113
0.28356194
-0.47859383
-0.56623423
-1.6342771
0.34023
-0.44567618
-1.4253685
2.418851
-1.1744285
1.6075929
-2.0566692
1.247019
0.078178674
-0.03045164
-0.5853553
-6.2753277
1.09296
0.8630367
0.6655344
-2.1014802
1.3538196
-1.0634036
-1.3729464
-0.7855171
1.5283465
0.10363025
-0.23339017
-0.13707682
0.5647337
-3.609005
1.1227424
0.41554052
2.001862
1.9004798
-1.2075758
-0.7034598
2.5784907
-1.4539593
-1.5703115
0.071906604
-3.9393997
2.6111498
-2.9655752
1.974147
0.08535965
0.42515513
1.4631184
-4.0011606
1.7413864
-1.3204994
-0.16648266
1.392094
-1.4848226
3.5146563
1.711921
1.3668852
2.3666744
-0.45020798
-2.6076505
2.2746944
1.0430146
-0.39670092
-0.6140766
-2.5044875
-1.2012432
0.8959956
0.49008146
2.5981572
1.1102128
5.025348
1.274566
0.01798287
2.2070663
-3.5247169
-3.005148
2.0184278
1.3927199
-2.7770898
-1.2264777
-0.010551233
-1.7185429
-0.48375517
-1.0036755
-0.34132442
-2.7601209
-2.1694698
0.11738208
-5.3640366
0.7818336
-0.5558372
-2.0677724
0.45723188
1.704019
5.897442
0.19572937
-2.6655846
-3.7684755
-2.082915
-2.382365
-4.4530897
-2.4757304
2.2435791
-4.093217
-3.539449
1.2704552
2.1339076
-0.51455
-2.246084
2.820762
-0.49977195
2.2004378
-3.928206
-0.92438406
1.039782
0.5979496
-1.3335822
-3.1442556
3.0943387
1.4234302
-0.9002103
2.2530746
-2.439022
-1.509606
-1.1546568
1.7610925
1.5616122
-1.0596615
-1.7346431
-1.593216
3.321432
2.243178
-1.1102366
-1.3538997
1.2595668
0.78594196
-2.2291787
3.2324684
0.5698112
1.4993936
-2.5034328
0.34639627
-3.1525674
0.45671922
-0.83119524
-1.267397
-0.9272125
-0.25122222
1.2304904
-1.0768051
2.0844917
-0.06725773
-0.29040062
-1.0019054
0.5905661
-0.41750467
2.028329
1.7297753
-1.6524649
-1.6097897
1.411994
2.039724
1.5794845
-2.5312724
2.1958215
3.7134829
0.3166048
2.2751904
-1.5754541
-0.8109435
-1.9582591
1.7858758
2.060845
-4.6214075
1.3706177
4.016262
0.81912297
-0.989383
0.83209413
-2.0377166
3.3125467
-0.21038342
-1.7757626
-1.1633614
-0.80344385
-3.1064057
1.658612
-0.61857194
0.26190647
1.3488635
3.974554
-0.47892904
0.43405467
1.6216642
0.03397523
0.98217815
1.447537
-0.17834568
-0.40861863
1.8633786
-1.5903803
-1.1835239
0.1591137
0.22301075
0.26515168
-2.5815547
-0.9090803
-0.52976567
1.4327754
-4.2122273
1.2470597
-0.22440806
-1.5442693
2.117231
0.39582947
2.3223667
-1.8577458
-0.43519676
-0.8962909
0.42917317
-0.6592474
1.0009643
-1.4723707
1.5025551
0.87526196
-2.7472832
2.3694973
0.23156863
3.0829449
2.4313145
0.13958916
0.057598718
-1.2402792
-0.7317869
1.5330321
2.495223
-0.43334192
2.2711508
-1.0349065
1.2928574
0.4007991
-0.14279465
-0.7049259
-3.4942143
-0.7478442
2.1062
1.7292428
-2.7176754
-0.09711754
0.19345449
-2.8595695
-3.4642391
0.9787808
-0.49164185
1.6875978
-2.3419816
-1.629659
2.9754262
-0.7352279
-1.3150847
1.0443239
-1.6084015
-0.34200597
1.9772633
0.029775023
0.32620895
0.8401843
-0.21106672
-4.0032067
-0.3741519
0.14237788
-1.2458
2.6569624
2.8800898
-0.1772606
-1.8400425
1.6214268
0.11439292
1.485353
2.8151553
-0.6732895
-1.4502763
2.6995518
-1.3838867
-0.740402
3.5338871
-0.75514275
-1.0949001
-2.4808269
1.4736739
0.66017324
-3.6555104
-0.39022252
-0.7353263
0.2696055
0.6991711
-1.6356272
0.0733819
-1.0489618
-2.6862292
1.707423
0.65708715
3.0406704
-2.365088
-1.0483165
0.7023824
0.08623732
1.1039507
-0.69909793
-3.3502333
-1.2850262
0.44713065
-2.7550385
1.7762254
1.9227601
1.2014045
1.3434922
3.4397244
-0.89032674
0.084374934
2.669185
-0.38367218
-1.7722439
-1.0583593
0.5870313
0.25018466
1.7087452
-0.086811304
0.54986334
-4.055208
-2.4329338
-0.41337
-1.7162759
0.3396766
-0.0008227974
4.933927
3.3401682
1.4221575
0.6835027
-3.6483648
-0.63611144
0.04121042
2.1268423
-0.6275266
0.5091333
2.038732
-2.125683
2.2985153
0.052538313
-2.6857786
0.38803735
-3.4159317
2.1657488
-1.0388821
-0.33822635
-0.73823845
0.06048923
0.6900484
1.3042549
-0.20462976
-0.19540766
2.131617
2.688949
0.96143043
-0.022479095
-1.369225
0.8567474
-2.655132
2.0107849
-1.5184436
-1.5300789
-0.4405096
-1.1074952
-1.8604286
-0.7831343
1.0732434
-1.7243662
1.9773
-2.4155755
1.1122568
0.8755984
0.5953026
-3.720804
2.3138454
-0.8773603
-3.9131038
-1.299483
-0.7968439
2.9750216
-0.6575899
-2.1200743
0.7204695
-2.094941
-1.6605095
0.38590956
-3.66728
2.0189903
-0.5173454
-1.3351147
0.3756697
-0.39708558
3.1735349
-0.43765342
-1.5565267
-0.304506
0.2706999
-0.6335169
1.0353487
-2.1301048
0.6293971
-3.9050648
-1.6117404
-0.40702888
4.324775
-0.50825596
-2.8179724
-1.1293918
1.1287992
1.1109267
-3.2144873
-1.6634896
-0.01074414
0.9614516
2.2463326
0.57952726
0.6183384
0.30477887
1.0070276
0.44451255
-3.7197728
0.1256816
0.7494264
-0.7668821
0.36690915
2.3135214
2.426134
1.9660077
-0.27641365
0.7306242
0.7775151
0.36446682
-4.1224856
-4.794702
-1.4597474
1.6910892
-1.3514085
0.65502936
0.14915013
-2.619229
-0.99653345
5.041199
0.82879233
-1.9306248
2.8502085
2.0628612
0.24658802
3.7892628
0.31101578
-2.638006
0.39419836
-0.8078895
2.75268
1.4967473
4.5016007
-1.8154174
-0.21974066
-0.4753543
-0.33013022
-1.5213225
2.3281436
0.076323465
-1.9374157
3.064303
-0.50018734
-0.9715011
1.2800452
-1.1713203
-0.53240484
-1.937158
-3.1517928
-1.7260216
-3.6919606
1.651062
-0.81672454
3.7022405
-1.2875396
1.5664642
-0.49059764
0.5063918
0.27443135
-0.27505398
-1.1705488
-3.2994163
-0.16611269
-0.33547214
1.6876547
0.34314305
0.25470844
0.05879186
-3.318633
-3.2309394
2.3049493
-1.1670498
-0.05323503
-1.2968332
0.15761282
-5.566728
-2.420253
-1.285409
-3.7684913
-1.4604243
-2.0668974
1.1740996
-1.9901605
-0.8868316
1.7999085
4.8628297
0.75889194
-0.2771567
-1.9365231
1.3450576
0.21094418
2.0500276
0.30014926
-0.653392
0.6943326
-2.1901355
-1.4495038
-2.0097888
0.02733437
0.5882985
-0.8813268
1.3662968
-0.7848108
-0.8075129
0.6474101
-1.873743
1.6558001
-0.64752954
2.3841057
1.8989034
-4.7016177
2.072707
0.6180459
0.42895877
1.8329606
-0.12151788
-0.8761059
-1.0659966
0.89530456
-0.36003122
-2.3291593
-1.3358258
1.7602702
1.6424278
2.034625
0.8709187
-0.8971063
3.212047
-0.07145729
-1.6534361
3.1809106
5.959935
-2.5169053
1.9212325
5.002242
1.1473764
2.3266938
1.133188
-0.11724987
-2.159821
-3.7174077
2.411139
-1.0240119
-1.4161171
-0.09397118
0.34534597
-1.3192035
-1.4493345
2.8836136
-2.383155
-0.332726
2.346211
2.7556703
-2.1362078
1.0171833
-1.2675886
0.37629533
0.37097666
2.6753268
1.1327049
1.7689614
-0.78959996
0.81577975
-2.651099
3.1774802
-1.9462826
-2.8608363
1.690019
-2.804502
-0.5064101
-1.6688983
-2.4119904
-0.8200434
-0.795845
-0.82016134
0.7551196
3.0495245
-3.5072246
0.3781278
-0.122163974
0.47761706
2.3421566
0.060304917
-1.184671
-0.6384193
-1.8063799
4.155006
3.3888676
0.17971525
-1.5565506
-0.6662077
-1.7893256
-2.8508112
0.6350218
-1.258398
1.7110326
0.30088377
0.907832
2.1486244
1.6511701
-2.7160382
-1.2326819
-0.5435842
2.6176386
2.4463077
1.2090969
1.8639374
-0.46310812
-1.2588683
2.2923872
0.76691103
5.95887
-0.107687496
-1.0232906
0.1190326
2.2872555
1.8785518
2.090356
2.1266148
-2.4690297
1.1915556
-2.0184216
0.5439864
-1.0597501
4.892423
-2.182624
-0.92561746
1.0909791
-0.9477698
-1.3315142
0.103915475
-1.4596035
-3.4242697
-0.7932083
-2.8491251
4.005866
0.5803402
0.40775433
-0.5706022
-1.0187588
-0.89761674
0.5099347
-2.2028995
3.0159185
0.05764813
1.3959479
0.14588222
0.038725704
-2.1046352
-2.6927376
-0.782379
-2.6134696
0.6115682
-0.6198641
2.2618194
1.8022243
1.3087125
-1.5286069
1.4916372
0.28689152
-1.1032088
-0.45996955
3.0550814
0.04771188
-3.2230344
0.65933955
-2.8111725
0.4495774
-2.2958708
1.1402386
4.352179
0.1972573
-2.5447114
-1.3973116
-0.7136683
-0.107508965
-1.8317297
-0.21506864
0.6461677
-0.7359315
0.26749498
-3.2094047
0.14532006
5.10554
1.0412605
-0.88342446
-2.0666654
2.669759
0.85387504
1.0457163
-1.8079329
-1.9615607
-3.1366663
-0.0017966256
0.887531
1.9022511
-4.306731
-0.83196867
2.042665
3.0362751
3.2157924
0.3540493
1.1024396
-0.72146994
3.676765
0.27930766
-0.88243324
-1.9506844
0.66919774
1.6572411
-1.7343823
1.4415215
0.11427036
-2.003102
-0.71604395
0.70903504
-0.9645218
-2.029749
-1.2852919
0.9438622
1.0160735
1.6771457
1.0570416
2.5051875
0.365627
0.74000716
0.3043884
1.31109
2.87247
-2.2601116
0.33026674
-1.119578
2.7994945
4.1706953
0.92834055
1.3640176
-2.6873815
-2.0707884
0.88873005
0.32021177
1.4528996
1.4404448
0.16577348
0.50015825
-0.1444013
1.735
0.8535081
0.78289306
-1.1988561
1.6949005
0.36807606
-1.732479
-1.8149917
-1.5722352
1.3970727
-1.1289967
-1.3054203
0.95935166
-3.7221339
0.2982613
-0.8143885
0.005002506
-1.9050837
2.2471488
-1.3908486
1.1642795
-0.82669085
2.4429176
-1.1479219
1.5780946
2.4010046
-2.1383715
0.925034
0.57838243
3.7797906
-0.96963996
3.8056319
1.3235412
-1.6564784
-3.0003726
-2.850652
-1.2034105
0.15059286
3.614917
-1.4218047
0.049195334
4.9418263
1.7374333
0.46223375
3.4806147
2.168366
-0.3629618
1.3744683
-1.1541902
-1.0620284
0.47494107
0.41675875
1.4929659
-2.2709262
-1.7497945
-1.0936123
2.8269868
-0.5253433
0.043767884
1.2394133
-4.6345797
1.3597573
0.44805437
4.3753333
2.8919942
-1.427478
0.8613844
-2.7174616
1.7346338
3.3782623
0.11279267
-1.5734057
1.1456861
0.1481604
2.9487257
0.3173468
1.1442915
-0.9993528
0.054794498
-0.046620145
1.8340354
-3.393837
-0.16884476
-0.7618738
2.9183888
-0.4615742
-2.3644724
1.7685809
-2.3507483
-0.8142229
0.3125371
3.4621146
2.2852294
2.5060084
-1.166918
-0.027942486
-0.8511338
-1.9225574
-2.064857
1.0464541
1.6796783
1.545577
1.1112301
-1.379539
-1.0760535
1.4822801
-2.3853714
1.3375934
-0.9915896
-2.3726435
1.3889614
-1.4190676
4.4597564
-1.8359597
1.3784373
-1.955636
-1.2884445
-0.9060217
4.0175414
3.4511845
-0.2987695
3.4072962
-2.9964213
-2.5007663
1.6532303
2.2614844
2.1240516
-4.7580204
-2.9947274
0.6310424
-0.6362688
-0.78347397
2.0562837
1.3977183
-1.4836013
-0.6943787
0.15405545
1.6320682
0.9980569
-1.0906608
2.331174
1.6195174
3.3756454
-1.5726292
-1.507825
3.2940955
-3.296095
0.62555534
-1.0064276
0.9491349
0.7242184
1.8505957
2.782579
1.7111446
0.96461207
-0.0711848
5.985317
-1.4235654
2.0859256
-0.27611613
0.955575
-0.73334855
-0.86843145
-2.4349024
-1.4456404
-1.0867689
-1.4998162
1.0978738
-1.0099436
0.29658583
-1.8763586
1.5235301
1.9351916
-2.7628899
-3.7448251
1.6396871
1.2012199
-0.3106724
1.1266749
0.6943377
-0.9451791
-2.2261655
-0.6872026
1.3381339
-1.0708915
4.352196
-0.5271997
-1.0370617
1.0115271
0.85617375
-2.7829185
-0.98685503
2.3722405
1.1965297
-0.32536286
5.113465
1.071852
2.1657774
-2.3491845
-1.9725543
0.7984947
-2.4557893
-1.4565938
1.1438746
-0.5745355
-0.003011033
0.7545103
-3.757898
-2.981559
-0.97260475
-3.4917126
-1.9055498
-3.1943963
2.6743455
-1.6901861
-2.1084135
3.5967023
2.6190798
0.6939706
1.1943848
1.3577754
-3.8006458
2.36747
1.7715334
2.6082163
-0.14256921
1.3740133
0.5561612
-1.2561803
-1.4482139
1.2982416
1.7044349
-0.40937263
0.4552403
1.7145897
2.0881932
1.7059855
-1.3776469
-0.7046468
-1.2871438
0.6060736
-4.401531
-0.55635774
-1.7811884
-2.120498
-3.295492
-1.0118563
-0.9014697
-0.48659992
-1.5203838
1.608088
-0.6531625
0.35400498
4.053027
1.1666213
1.3857546
4.697316
0.8142448
1.8262286
1.2982695
2.5369725
-0.4035392
-1.7550353
-0.59654874
0.03164752
0.20932737
-0.6709525
1.4658766
-1.2177792
2.970802
2.1754076
0.51356107
-0.6758636
-0.10292751
-0.0064020716
-0.9220785
2.7069795
-2.7037094
5.173981
-0.30343994
0.8216213
3.5089567
0.302944
-0.38989297
-2.7087886
3.9076169
5.285123
-0.0744652
-0.5741135
-0.8895918
-1.2974592
0.7406106
0.14086087
0.8017022
1.4909236
0.6868582
-0.22708197
-0.83648807
0.83059585
0.8133546
0.9737421
3.6340623
-2.1037521
3.4965
1.8232179
-0.19461286
1.2007767
-1.955166
-0.49933815
-0.6977144
1.0378131
1.4340218
-0.30909228
0.48989263
0.5138883
-2.456752
0.110985264
-1.9182167
0.70745313
-2.220652
0.2747476
-0.2285096
0.16049926
-3.4311256
4.518888
0.21131235
1.0346991
-0.74462265
0.2820359
0.87182033
-0.38103515
-2.8698883
-1.3582516
-1.8932085
-0.3969909
-0.52086973
-1.1078064
-0.7507223
-2.276446
0.15796906
-4.8361306
0.04145413
2.9935248
1.7871488
0.45293894
-0.15651926
-3.6361945
-0.05970686
0.73430973
4.911749
-1.9205625
1.4959081
0.2281771
0.4028326
-1.1823586
1.0771152
2.3889508
0.07022864
-0.5110842
0.96506757
1.8057861
0.09230892
0.84467804
0.034829732
-0.71028864
0.33675253
0.637225
0.39707842
0.8256823
-1.2460927
-0.098511495
-2.0622
4.2154646
0.1449632
0.67129326
2.6097379
0.077502534
2.3689718
-0.71723706
0.5410684
-1.9685025
-2.5220418
0.56175125
0.13960782
-0.10446405
2.318973
-3.0030913
-1.3628535
-0.6891298
1.5663091
1.6221452
1.0717567
-0.9252105
-1.8149498
5.7789774
-1.866749
1.2314967
1.0948386
-3.4602041
-3.0840523
0.12597173
-2.0838487
2.6316528
-0.23359933
-1.0262339
-0.80815375
0.6947215
-0.99707747
-2.158195
-4.1212955
-4.790559
-0.5266838
-1.6542413
-2.4197996
0.80058676
-0.71140784
0.35614613
0.07752807
-1.1761872
-0.54861027
3.619392
-2.7325318
0.76913697
-1.9010403
-0.23571216
-1.918003
0.9706799
-1.4064049
1.9778571
3.4291394
0.94496566
1.7279553
1.5739113
-4.0741396
-1.4652741
-2.8242214
2.1877072
1.6223018
1.4335402
-0.60703945
-2.3350751
-0.9693068
-0.9041048
-0.7121569
-3.1400018
-0.07228077
-1.9758794
-3.963755
-0.43832737
-1.4341502
-0.37335354
1.7679048
-2.7867644
0.7382713
-0.6435298
-3.0419662
3.5041332
2.9587681
-0.8433667
-1.2001932
-3.5667486
-3.5569172
2.3209171
0.109538496
1.65876
-1.92538
1.652235
2.6454453
0.3242136
0.7362475
-1.087809
0.5966072
-1.0636457
-3.0439043
0.23139983
-2.5828109
-2.0669785
2.2433705
2.6047137
-2.4698858
-0.904557
-2.190862
0.7593964
-1.4595397
0.834153
-0.5669691
-3.8067946
-2.029613
-1.6694002
-0.31086674
-4.0819836
-1.7687384
-0.67672074
-1.6223359
2.6525989
3.4488513
2.2523196
-0.19767109
-1.594444
-0.030757468
1.3934975
-0.04393609
-2.7287889
2.0716481
1.2688127
0.6747507
1.8433977
0.3091537
1.8496432
-2.3900678
-2.0219986
0.45676953
0.9039276
-0.55654716
1.5774924
0.73169076
1.6666458
-2.3587928
4.7934613
2.632549
-0.64982986
0.092491046
-1.6563843
-2.6891205
0.81408244
-1.0138277
0.35630465
2.0866418
-0.6483418
2.2041423
-1.5891374
3.6609716
1.3573674
0.26046306
-2.761088
1.423892
-0.8405818
1.6401685
-3.5150578
-1.3233181
-0.2357506
0.62575185
-3.2970724
-0.44329056
2.4574404
-1.7320555
-3.1506348
-1.0792648
0.006719485
0.6771198
4.3889103
-1.0817349
-1.674654
1.1059595
0.025006432
1.0587323
-1.3651109
1.0550717
-0.9569999
-0.68728423
-2.9943008
-0.73973715
-0.90628576
-2.0099478
1.4444526
-1.6350284
-0.40578297
-1.0231239
0.2743821
3.1436734
1.5106641
0.020364545
0.3634792
-1.692044
0.88981587
1.41309
1.7257507
1.1654522
1.8225322
-3.9142256
0.47557637
1.0390463
-0.053903326
3.307085
0.23863395
-0.7785257
-4.0115743
-0.24778727
3.0811343
-4.128692
-1.7495188
-0.7317938
-0.84097254
-0.41019157
-1.9704142
2.084971
3.1613023
0.24512407
0.6559442
-0.49628478
0.49089956
-0.5701516
-1.7788682
1.3715878
-2.1816652
-0.40768987
-1.1576539
0.8897549
0.92774475
0.17533943
-2.028719
-2.7526104
-0.3662259
-2.9760368
-1.6105397
2.214237
-0.5657269
-2.8934617
-0.4695162
2.0072827
-0.61772966
-0.13277158
1.0178853
-3.622998
1.6418675
0.63867784
0.4989726
-2.108096
-3.215117
2.1075947
-2.080459
0.9493835
-1.7728621
4.4620805
3.4221919
1.7031039
1.7436544
1.7231027
1.3269714
0.62815803
-0.79431146
0.27530947
-1.0472037
-2.4823017
-4.8051314
-0.29084092
-1.0457981
-0.23567978
3.7962494
-2.1148186
0.65393525
3.3333783
-1.4395171
-0.42333555
-2.3361804
-0.69626886
1.2700346
1.1697136
-1.1063095
-1.3725799
0.9340417
0.62325037
0.7188404
4.0130587
0.24000305
-1.2666548
-4.9403596
-3.078038
2.4021792
-1.1916177
-1.4221462
1.2753878
-0.40700853
3.0155041
1.4991193
1.4130416
-3.1879647
-0.0572664
-0.3818293
-2.898956
1.0612291
1.5245157
-0.5999738
0.5368076
-0.8884787
0.79701704
-2.7133472
0.19968006
0.26130405
-2.7123158
0.19423652
-1.5229135
-0.63260484
0.011991046
-0.21998136
-0.71264505
-2.6786642
1.460715
-0.47830477
-3.274859
3.147207
-4.2067857
-2.3355327
-3.6886196
0.055477995
0.89878005
0.41863993
2.8870802
2.8613164
-1.4798949
-0.7756902
-0.6260679
0.03253434
1.0671839
-1.6479853
-0.26349616
1.8275627
0.83479434
-0.8583466
1.2815651
-0.2557622
-1.6797193
-0.7387087
-1.0724783
0.9167914
-1.7914538
3.2177408
1.7409987
-0.17725897
2.4806292
-0.3999063
-0.7366233
-1.5342934
0.09479961
-0.41615295
-0.3776755
-0.5937841
-2.6796508
1.2638268
1.5625875
2.0325286
1.4500794
-1.4415671
2.0830884
0.36470932
0.7691471
-1.144302
1.5925899
-1.8981564
-2.9179163
1.7254552
2.6223743
-2.2477968
0.048235677
1.6125091
-1.2102208
-3.1634438
-0.22074795
2.2030349
-1.514585
2.4307053
-2.0136907
-2.4010103
-1.7979405
-1.2398292
0.7361217
2.2064042
2.099905
0.02210199
-2.0208976
1.6846876
1.0468266
-4.823186
-1.1145236
3.4816089
2.4448195
-0.7687854
-0.8998012
2.6858513
-0.30654618
2.7023027
-2.2017024
3.2048416
3.3669696
-0.7648643
0.8880101
-0.8979118
-0.83784324
4.179865
-0.34413943
1.8559742
-3.4154718
-1.8066674
-1.1730397
0.7165379
-0.14338957
-0.64575225
-0.5822169
-1.3930931
0.09197575
-0.11634478
-1.6170657
0.83401245
-1.0401671
0.6759304
3.0015914
1.5552614
1.9330215
-0.44112474
-0.49363893
-2.2244828
-0.3034532
-0.7392695
0.1473843
0.25183627
0.19598216
0.35610387
-1.0771278
0.95623755
2.4132166
1.7923706
1.7189761
0.19558352
-1.7210745
-0.9887005
1.3544008
-3.8229637
2.5796206
3.105637
3.1115403
0.16992071
1.6740345
-0.24704047
-3.6632426
1.5261595
-2.6354718
4.7061925
-0.22280067
-2.024217
3.2656617
0.22068927
0.36813945
0.6211529
-0.29602915
-0.8354446
-1.3357593
0.9614911
3.097628
-0.14687824
1.6159389
-3.0494702
2.0177658
0.26648718
-2.7410073
3.0711539
1.6771506
-2.8651788
0.89559823
-0.2343147
1.2159778
3.709776
2.5289447
2.5902941
1.622879
-0.62070185
-1.3104932
0.44342047
1.6752702
0.7459434
-3.7879813
0.83153355
0.0027646087
-0.5304701
1.6125853
0.7722665
2.149653
0.64850646
-2.1887746
-1.7515657
2.4418647
0.74908674
2.3833387
1.2837492
1.533256
0.79817265
-1.0811687
-1.0504789
-1.1631473
4.4660187
1.5418888
0.764015
-2.1090915
-2.2470894
2.753633
0.7505419
-3.5955267
-2.6264007
-2.987462
3.878545
3.2065024
0.065549955
-0.46591994
2.5650377
-1.6124392
3.9188418
-1.1908444
-1.950794
-1.3291082
1.5584809
-1.9115546
3.0226703
3.97807
0.8629876
3.4635859
1.354575
1.9017293
1.2968634
-2.092361
-0.32709798
-2.2416613
0.62402064
-0.18995053
2.351801
-3.0542862
1.6177272
2.615394
-1.8779758
-3.5622761
0.72863704
-0.49960315
1.3862078
1.4256357
-2.379375
0.023930006
0.16494629
-1.6558394
0.10239976
-0.9066695
0.77232224
-0.788133
2.831802
1.1446232
0.7391255
1.479406
-1.7069502
1.6806284
-1.4920143
0.22402164
0.6434231
-1.6327407
2.82591