Glaticus
0
1.0354601
-1.609682
-1.1631553
-1.4381378
-1.2702066
-1.0616406
0.84104335
4.1015205
0.2805646
-0.99637353
0.011821099
-0.8356205
0.73333937
-0.23089409
0.058063664
2.2580976
0.87529045
1.4731354
-2.2141805
0.015032239
0.57243377
0.47790414
-0.35389537
1.0051033
-0.095705755
-0.64682496
-1.3997194
-0.069316
1.1619316
-1.5981774
-0.72079635
1.0390574
1.1145585
-0.18440492
3.8697643
-2.8730779
3.5907044
-0.52973014
-0.9261663
-0.9703464
-3.5221481
-1.6227226
-1.5825591
2.924173
-3.089678
0.55681694
0.21072626
2.7010167
0.80096924
0.65588325
1.1450636
-0.7399365
-2.3177855
1.2787193
1.9024595
0.31597048
0.49018288
0.44836175
-1.7008529
-0.00669384
1.6670997
-1.359395
1.96045
2.013965
-1.969835
3.7229307
-3.143709
1.1974753
-2.7103658
-0.5040331
-0.3490426
-0.8859883
-1.6630473
0.20062396
-3.5774534
-0.3040939
2.8599036
1.0049855
0.42880076
5.093902
-0.21367389
-2.5887434
0.684547
1.8704202
-2.8609507
1.2760559
1.1468015
-2.540114
0.6607829
-0.56201684
-1.4838624
-0.2513432
-1.2686315
0.017908305
0.9223287
-1.5647368
-3.9597068
2.7617111
-4.503976
-0.3395977
0.38026258
2.1873307
-1.508008
-1.0604024
-1.683132
0.046240732
-1.3792734
0.7045919
1.113209
2.4640837
2.6530335
1.3535123
2.1210356
-0.012895659
-2.5365472
-0.5164586
-0.99086064
3.92891
2.8901055
2.073246
2.3801942
-0.6600677
2.0278394
-1.7528896
-0.39562884
0.15633295
0.78633404
4.4249916
-1.1236808
-0.90724164
-1.2897586
-0.19053003
0.7062599
-0.8603191
2.2471952
1.1978564
-2.9960358
0.7265025
0.4948802
-3.0460603
1.6405473
2.45254
0.5332718
-0.4636614
-0.57811815
0.64063203
-0.7212762
1.3810395
-2.6612952
-1.7262988
-5.3783207
-1.9635683
-1.2471012
0.28492004
-3.8912725
1.7742794
-1.1093457
0.8579233
3.7793283
-1.6129993
1.4455066
-0.67661315
-1.5721958
0.8225074
-2.8409617
2.4007554
-0.89362705
-2.047464
0.29354414
-3.662807
-3.9444134
2.2322373
-1.0423974
-2.2590313
0.33593178
-3.7481709
-1.7761607
-0.121872544
-0.28111497
0.28590918
0.78559935
0.972307
2.1235557
-0.9236335
0.25509074
-0.8733889
2.460576
-5.9965205
-1.2216748
-1.2821524
-3.1561909
-0.58500266
-1.3919865
4.1117964
-3.0006866
-1.2446799
-0.2106213
-2.7273157
-0.42908433
1.8193241
-1.0353332
-0.56372565
3.178744
-2.6669319
0.7955489
1.0304607
-4.1648192
-0.39650777
-2.4106638
3.1145942
-3.3814726
-0.712195
-0.85046417
0.20828223
-4.3818436
2.8501654
-0.9719746
0.051753357
-1.7099842
-1.2347989
-3.085702
-1.2775133
-0.7020224
2.1768048
2.6445587
0.5141068
3.041362
0.83780813
1.3342471
-1.3628727
-0.009294663
1.7861297
2.7505093
-1.4560778
1.3893089
2.3374412
2.0487294
0.88634604
-0.58453304
-0.33768168
-1.2386777
0.95824873
-3.31918
2.332225
-1.7020016
6.2734923
3.6952205
1.5008416
3.0390353
0.7519343
1.5789726
-1.8662145
-2.1774764
-0.065365165
0.99138504
-0.680701
-2.624504
2.4039376
0.2497772
-3.9239202
-0.43348995
3.0260224
2.5385559
0.37067258
2.5892837
-1.543776
-0.14682211
-2.4030309
0.13583899
1.2246554
-0.9880221
-1.7472206
5.0826387
1.6345671
3.4799972
3.5056117
0.3584063
0.02136685
-1.7932268
1.7386687
-6.3949814
-2.3414626
0.4223069
2.2315214
-2.3328505
0.56728727
0.55206245
-1.8675588
0.891608
0.1676936
0.11008897
-0.49284834
-0.48767236
-1.7943192
2.216102
-0.22135694
-2.8961325
3.0674517
3.0349083
2.7294106
0.31751522
1.838297
-1.6592346
2.0141504
1.4710611
0.80937177
0.84161717
-1.1331652
-2.5536413
-1.4933515
0.6823519
-1.4034561
2.4190328
0.8994518
1.5319023
-0.92400885
1.1994474
0.62558526
1.8446409
3.3658895
1.4297309
-0.4957881
-0.802413
0.82370853
3.901116
0.6438291
1.7092179
2.4333396
-1.6798038
-2.0729117
1.128625
-1.57662
1.2142333
-0.4186545
1.3077072
-0.72367084
1.9452243
0.51889545
-2.018732
0.09494325
4.0652385
2.694984
0.9537165
1.0222235
-4.2002363
1.8975496
2.5260413
3.2912037
0.33412364
-0.72738594
-2.445565
-1.5656716
-1.8418165
0.7870495
-1.1825488
2.2309027
-1.4696565
3.3122942
-1.0043585
-1.8328958
-2.2007525
3.2751138
1.9789728
2.7093503
0.7288908
-2.8883677
1.4476001
-2.6736698
0.91421396
0.70419496
2.3891742
1.0061178
2.3085356
0.7832498
1.0738139
0.21140212
0.67046666
-0.20684682
0.20890787
1.4364748
-1.7963123
1.7623262
2.0085185
1.522712
-0.73901564
0.68756545
1.4828385
-0.8172829
2.2484736
0.23560014
-0.021255024
0.44293848
1.7682431
0.9500431
-0.2116125
1.608647
-1.8075038
2.8673878
1.358045
-2.5242376
-0.48588935
1.788973
0.26888236
-2.271882
0.7484479
0.9611563
1.0172697
0.6470829
-0.049170755
-0.25413373
3.713994
-2.1558511
3.659035
4.6451964
1.3630818
1.4980339
-0.44293028
3.58323
3.487529
-1.6862246
-0.39313787
-1.2257969
-1.3307737
0.39899728
3.7242095
2.8693953
-0.96893144
-1.6049327
2.7143762
-0.18348247
-1.4104166
-3.4794765
0.7553356
1.705838
-3.7018623
5.088417
0.6884168
4.1859884
0.5106014
-2.335771
-0.38695553
-1.6429734
-0.87072694
-0.8725726
-0.43220586
2.0620286
3.8635023
-0.5804346
0.99447364
1.4624282
0.65651435
0.8510989
1.1197358
1.463548
1.2629563
0.6650431
-0.47919348
3.0117986
-2.9681194
0.6369976
0.5927252
1.2320988
-1.7260789
0.3586488
-1.2143213
0.56077164
0.7778677
-0.010014847
1.0842979
-1.137328
3.3292794
-1.1533772
-0.6414149
-1.6775153
-1.0978637
1.9339596
-2.3215952
0.49697798
-2.1313598
1.7673544
-0.014958706
1.1881118
4.711231
-0.8172288
0.31731173
0.71396875
0.09444967
-2.862384
0.28635645
0.49200836
0.29264307
6.3625364
-1.1307452
0.8091468
-0.23731764
1.936176
0.3192239
1.3663737
-2.24814
-4.567257
2.0485554
2.2678342
-0.4197261
0.7109532
-1.243805
3.4908557
-1.3608313
0.8341859
1.7209252
-3.6836524
1.7830722
0.3562897
2.2925174
0.019015677
-1.9008808
-1.4530473
-3.4608364
0.34539884
-0.30145216
-0.17838268
-2.2439353
2.2573082
0.14467485
-1.0532975
-2.1562433
2.994255
-0.4057891
2.563678
2.4405112
0.5550013
-0.309034
-1.1622008
0.21399888
-1.0475131
1.0221653
-1.1191593
-1.6178004
-1.0155048
0.47630808
-1.2184522
-2.077195
-1.7922225
-1.6244376
0.5487687
4.52112
-1.2185462
2.574988
2.7654257
-0.6229906
2.2288105
-0.1706591
-4.267144
2.330349
-2.839506
1.6401719
0.8023677
-1.7212712
-0.13076106
0.35991207
-1.6892272
-0.3334422
-0.08035264
0.5707488
0.8910629
-3.2228389
0.68718666
-0.87885547
-0.38877466
-0.9469265
-0.31504127
-3.0853124
-2.7467303
0.22575313
1.3605546
2.3461332
1.2519789
0.19911087
-3.071716
4.0194387
0.0045965016
-4.433013
2.6264794
0.045980938
-0.4317352
-0.46001214
1.8107024
0.6775342
1.1370336
0.16805524
5.32506
-3.1843715
-0.25039995
1.6692425
-3.963776
-0.11898548
-0.56165934
1.2632898
1.3070166
-1.8602146
0.51307005
-1.6734976
0.35031262
-2.3506076
-0.28491777
1.4416258
1.5962043
2.0877798
2.2804704
-2.134169
2.2784355
-2.277094
-0.23615324
-1.4392775
-0.08801278
-1.4810749
0.033697195
1.0121056
-4.112093
1.8487779
-0.37795252
-0.9368153
-1.3203723
1.7393248
-0.63468647
1.2855291
-1.3155521
4.427903
0.42455217
-0.45191523
-0.23065278
1.6409613
2.9687781
2.2387326
0.5224926
0.9961367
-0.6103759
2.6620505
-2.51254
-1.2643263
-0.77381146
-1.3312751
2.7674787
0.5991771
-2.032764
0.23053658
0.6226361
2.0338225
-1.2064542
1.6159005
2.557674
0.6005746
1.4600948
-0.6582691
0.823307
-2.7024906
2.7500029
1.046762
-0.47995728
-0.884165
0.5573944
-0.5088674
1.5578392
1.656096
-2.7181482
-2.385089
1.150365
-2.2212932
-0.39440638
-2.3202772
0.8317264
-1.6613061
1.1821742
3.4425752
1.2603008
2.0008147
-0.7687389
-1.2009337
-3.727027
-0.02682279
-0.57029295
3.9478204
-2.1187801
3.9479432
-2.3173714
1.8070209
0.3009316
-0.47503465
1.4084641
0.9846945
-1.0322163
1.7694753
-0.532863
-0.7241041
4.39714
-0.22025253
-4.1910577
-1.4878854
-0.73532
-1.7998333
-0.88736194
-1.0924071
0.55933005
0.14523953
-2.5578158
-4.9259443
3.2570562
-0.1992316
1.9334353
-0.819092
-2.4086587
2.9615
0.27313116
1.0196993
2.025115
1.1918807
2.8330796
-0.042343095
0.43459538
1.1622208
-1.0555029
-0.9079111
1.6493288
3.1845849
1.4683119
2.0211737
-2.129167
-1.4114784
-0.8520718
-0.8338631
-2.1630633
-1.0718116
0.9452382
-1.9713538
-1.2152272
3.0465324
-0.077572964
-0.502551
-1.4922227
0.5076444
-0.9631614
-0.5546272
-0.6356118
3.0290728
0.32197237
-0.3545585
1.488854
2.1682847
4.0650845
2.959522
-2.6782806
2.9571123
0.30410308
4.5254874
-1.593555
-0.098954566
2.026142
-0.9506297
-0.8787282
-0.24005592
2.6477427
-1.5800353
-0.2835238
2.2499192
1.164722
-4.2960696
1.5795156
1.8396752
0.51081055
-0.057225183
-1.9380428
-1.4897989
-3.2976475
-0.82276434
-3.3948498
0.43839738
-0.089224115
-1.0765599
-1.3291986
0.6947529
0.98561454
0.10253189
-1.6180567
-2.3510075
-1.9638917
-2.925098
3.302915
-2.1352272
1.1558526
0.44181225
-0.77242917
-2.535868
-0.8883953
-1.2911237
-1.9385253
1.0438896
2.603208
-1.4226447
0.21316127
0.23923527
-2.1958287
-0.51115537
-2.7966545
1.1050339
-2.3755262
-1.4712098
2.2130709
1.9790537
-0.4607905
1.913921
0.6775562
-0.9063425
1.7846802
-1.1867561
-1.164213
0.43612206
-0.1410948
1.3216201
-3.011991
-2.318372
-2.65768
-0.3850606
-0.40811616
-0.19803464
1.7829512
0.45975375
0.36040932
3.6959307
-1.7541419
-0.17386135
-0.9273844
1.8069936
0.74372584
1.8396189
2.296709
1.5599475
-4.642397
-1.9444402
2.2782278
0.9837591
-1.2957478
0.7581631
-0.80335516
0.70001394
-1.3890079
-2.7429044
-0.22218873
-1.7354262
2.3966749
0.012968563
-1.4634132
1.2111399
1.5650369
-2.8892622
-0.6768621
1.6501595
1.9734901
-0.84910226
-0.16444331
1.1664801
3.0965002
-4.1032805
-1.2158656
3.952135
-2.3797278
-1.2900048
-1.0478702
0.36894503
3.1601105
0.69974846
0.38976407
-0.14487775
0.83788913
3.1636283
1.0459787
-2.1058674
2.778001
-2.6217554
1.6922591
0.42930776
-0.65239763
-3.2660446
2.8032198
1.4406785
0.76221204
-0.8281049
-1.8236145
1.8260903
-1.5190359
0.32444394
-2.3897614
-0.96691215
1.0138439
-2.6137853
2.0571063
2.426946
2.3549724
0.49046168
-1.58217
-1.2067194
-0.2971463
3.3124285
1.2685406
-5.1846595
-3.452478
-1.6197377
-0.667481
-1.0840434
2.5222025
0.003913313
0.18597612
3.0110154
0.6272871
0.23053104
-0.78331846
-4.0156755
-0.19231868
-1.3858194
0.48067805
-0.13364756
0.40693316
0.83500236
-1.2666249
-2.192413
-1.6777512
2.5753965
1.9948
-1.4069127
-1.6591269
2.1976233
-2.9622614
1.1436726
2.8421597
-0.24682653
-1.2961276
3.628124
2.113735
-2.52397
2.2693093
-2.1227264
2.5685973
-1.9445493
-1.0715921
1.7437682
-2.2908423
-0.6674368
4.2762804
2.983139
1.3522725
0.00734479
0.5595658
-2.116462
0.044221215
-0.735859
-0.21223786
-1.3512695
-1.7422353
-0.17545313
4.9203806
1.339843
-0.32025453
0.24156892
1.4040109
-0.858411
-0.19466823
-1.1473432
-1.4350337
0.13089785
-2.9424953
2.0681562
-2.5847235
0.8518785
1.7611884
-0.12642562
4.6450725
-2.6460137
0.30997407
-0.2106086
-2.118895
0.6220363
-4.3702946
0.12533504
0.5003566
0.037057772
-1.0200344
0.64553744
-3.6637013
-0.69433707
-1.3033266
1.5967073
1.4624227
-0.7731434
3.5061228
0.4483673
1.7884327
0.4160938
3.7702045
0.06966424
-1.7225
1.8368677
-1.9191272
0.79820776
-1.0105238
-0.26390982
1.0028704
0.7282726
4.253616
-0.59345573
2.100841
-0.23801443
-2.9202845
2.6465917
-0.5389158
-1.9684044
2.0286756
-1.5527977
0.3326379
-1.5662589
1.1294199
-0.032559842
-1.2212632
-0.11961116
0.82315296
-3.1114464
-1.3034066
-1.8146226
0.48260802
0.8556316
2.7516139
-0.55213946
-0.2282652
-1.9930241
0.7408757
-2.0192103
1.2787665
1.6826915
-2.43108
0.80003136
1.0521601
0.24468102
-1.9390149
-3.7630591
3.447469
2.959288
0.5649017
0.026873134
-1.1768352
1.3490676
1.8392375
-2.4592967
1.3828747
0.7653535
-0.045733824
-0.3896413
-2.7015297
-4.1606507
2.3484616
-0.81670374
0.33673576
2.1356149
-0.39702725
-0.3758891
-2.1271641
1.572155
0.24500789
-1.2782602
2.0625906
-3.4623682
0.62061787
-0.3665667
-2.385647
3.9968376
-0.15174143
-0.19620538
0.19417989
0.5850772
-1.560875
1.7389823
2.4656982
-1.4422075
-0.20669952
0.47563592
0.49552515
0.7196403
3.247837
-0.85719275
-4.294186
-1.2267525
-1.5839831
-1.1915526
1.4233905
-1.2502639
0.82088137
-2.311642
-0.095980346
-1.6178191
0.23019272
-0.056397848
-1.6020287
0.31740922
0.025325723
-3.6261258
0.115114726
2.1597898
2.568969
-0.9514075
-2.8466613
0.16559915
-1.3614578
-0.3837445
-3.3797286
-1.2780656
0.8022372
-2.719949
0.3416622
0.28623837
-2.1130803
-3.1255832
2.2135959
0.818376
-4.3887877
0.87637615
-0.8171229
-2.7706125
2.0450559
3.8642125
-3.0561414
2.0144854
0.72648966
-2.6852937
1.7131084
3.2358382
0.31502464
2.914841
1.9968604
-1.7169586
0.0928324
3.1690757
-0.47894627
-2.0939698
3.504883
1.1160972
3.8986464
1.3460435
1.3754288
-1.6043495
-2.652554
-1.1250876
1.572983
-3.2566602
-0.47955957
-0.5403521
1.2135717
2.1006808
3.4925208
-2.161151
-1.0708766
-1.5729727
0.65970427
3.424007
2.252068
-0.7259934
-3.0716434
-2.8966215
-0.2942588
1.1275833
0.9283675
-3.0273774
0.4726684
-1.1410441
-0.36719257
0.32011354
2.9797213
-1.3871449
0.10304479
-1.1065972
5.715092
-2.0672386
-0.9425282
2.43918
3.652023
-1.652159
-0.8025152
-0.20284219
0.36363977
1.6501743
-0.5939794
-0.16928864
0.306724
-2.8633726
-0.104253426
2.2596397
-1.6460181
-2.3061283
-0.72201806
0.37562954
-2.367635
2.649951
-0.3411005
1.2863905
1.6391716
0.93492573
1.1313561
0.8462603
1.812821
1.3968256
0.59139466
0.3206029
2.435742
3.301675
-1.4544935
1.4498124
-1.4464526
0.17785007
1.8406448
2.047403
-0.59595275
0.8173111
0.8597973
-0.72141117
-0.065162115
1.140516
-0.19261676
-0.77062273
-3.2291486
1.5435709
-0.73902565
0.5303326
3.5755672
0.24787386
2.0987985
2.6747375
0.7006904
-0.6833057
-0.98236656
0.69427603
-1.4985396
-2.185257
1.2044615
2.6372511
-0.084409066
-0.4245791
3.7876856
-2.4799924
0.9522587
-1.2620656
-4.5252404
1.2610072
1.007454
-2.195264
0.08687152
-1.0328951
4.5707917
0.89224476
-1.1330135
-6.169044
-0.021990739
0.8300715
-1.7826587
-0.3713044
-1.2367117
0.63227373
-2.1194913
2.706358
0.016262025
-0.18370858
-0.0682973
0.32597733
-0.121049814
-0.62127626
0.2598512
2.1691523
-0.21147066
-5.3250747
3.5823662
1.0411032
-2.2136016
1.0495178
-1.4669908
-1.8147639
1.8687257
-0.06330548
-0.0073278137
0.61427486
0.99108803
-3.8227391
-0.76731914
-0.25482935
1.885679
-0.0023378544
3.4614692
-1.3164378
-1.9627451
-1.6084642
0.21583466
-0.7488566
-0.24473777
-1.7168496
1.7860272
-4.3816195
0.7785625
-0.7542184
0.41196132
1.6885726
-0.41650003
1.0930014
0.42515102
-2.8765259
4.7751274
1.7876552
-2.2097464
0.8298156
-6.3128767
0.45628956
-2.812713
-2.0761714
-0.29175377
-1.0619023
-0.22680286
0.74071074
-1.2038994
0.47706103
0.03188109
-0.71698767
-1.216751
-2.5735369
0.10424525
1.2215967
1.296129
-3.7035928
-1.4050572
0.8172252
-1.7271675
-2.5527217
1.9048564
2.9633162
1.5675517
-2.808359
-1.1746314
1.0045067
-0.20213057
-1.5604104
0.5042189
4.0310416
4.84458
0.6051976
0.47551703
-2.8127851
2.821753
0.9174139
-0.55568707
-2.522624
0.35840774
-6.0578327
-1.4872078
0.29893762
-0.5193002
0.5622305
-0.8753267
-1.7090771
0.91308457
-0.5457799
0.7508114
-1.8880155
0.03390921
2.6457865
0.861364
-0.3346115
0.08385162
0.95131785
0.8290741
0.5852292
-0.74335766
1.8928012
-1.1871258
1.3893102
-3.946211
0.8274152
1.9348338
1.9736072
-0.64965665
-1.878908
-1.0824697
-0.67757064
0.48770672
-0.8878801
-0.034795083
-0.87147605
-1.1706585
0.09477816
-1.1308233
-2.804549
-3.8187027
-1.7954246
2.3084118
-0.5131622
1.2131249
-0.8628042
-0.20581962
0.58053285
-2.2058496
0.38215375
1.4534608
0.2875163
0.03314144
0.89847696
3.3487759
-0.12633225
1.9050189
-0.35900694
-1.461486
-0.8071017
-1.562546
-0.092451766
-1.5684932
-1.1953142
-2.1094863
-0.7346676
1.2062896
0.4097805
-3.0009806
-3.5017562
2.2160437
1.4817331
0.5732719
1.7916086
0.62574697
0.10371082
-1.8641686
-0.53382105
2.378151
-1.2727942
1.3377582
3.6561093
-3.5484881
-0.2933594
-2.5233686
-2.8776581
0.91599566
2.2345004
0.01911173
-1.0550026
-0.7792144
4.499786
1.0435417
1.0551546
-1.9553307
-1.112645
0.99497956
-0.29363257
1.5705187
-0.9521662
-1.1276721
0.9817116
0.3224522
-1.215643
-3.5336251
-1.3522518
2.2338352
2.7859063
-0.065158404
1.7631185
-1.0546194
2.6371622
0.794916
-3.658654
-0.11144122
4.350308
-0.9929919
0.32831097
0.12681532
2.0145402
1.1593776
-0.5868681
-0.4827844
-0.038538307
-0.42063934
0.19944802
-1.2103224
-1.5058702
-1.7729251
-0.24588957
0.4439847
0.9243244
1.7972049
-4.7957106
-2.179278
-2.1378496
-0.84734666
3.4512792
1.8627532
-1.7703788
-5.217291
-0.45228744
0.08129795
-1.3573002
3.6249404
0.17350262
2.2634573
1.6543505
-2.0996435
5.314716
-0.14915815
-0.5132552
4.1507344
0.47069237
2.2142513
0.6170676
-1.6660606
0.26064056
4.130061
0.0069291443
0.7277988
-0.58151716
-2.8541274
1.2713894
-1.4312459
-1.5148969
0.948516
-0.40831298
-1.7354635
-1.1772708
-0.9963059
-1.4515655
1.1455966
-0.147407
-1.0764812
-2.1311352
-1.0121988
-0.0014170408
2.6958323
2.567767
-2.7094378
0.2821844
-0.39523223
2.5448089
3.072465
-2.2856095
1.259062
1.6159275
-1.7996886
-2.7019718
-2.6364174
-4.1004896
-0.3025723
1.5014939
-1.8593374
0.18467805
3.0503442
0.730068
-1.5935117
-1.7942256
1.224225
-2.723628
3.3390913
1.3283899
-2.7924683
-0.16250356
1.0209261
2.1493099
0.12421472
-2.8712764
1.5373925
2.821722
-1.472866
2.1374774
0.72046995
1.2793009
-2.2213583
-3.7857866
2.5607836
1.5272825
3.7139802
-3.300306
-0.774609
-1.2573785
0.35382706
-0.37735882
1.4101123
-0.48273462
-1.4828334
-0.8399809
-0.7884273
3.5371213
-0.11092045
1.0607297
-0.48892173
-0.75613564
1.9581351
-0.52353984
1.1076192
-5.1013103
1.315845
0.47833103
1.0830023
0.5403339
1.2648338
-0.056003414
2.4725146
-0.59309316
1.6852322
0.6393083
0.40451875
1.3987114
-1.2185847
2.075203
1.8030057
-1.9159161
1.2525315
-3.6745284
-1.1173635
2.690866
-0.6781783
2.902708
-0.75650764
0.49345547
1.3471478
1.8481208
-0.57703584
-2.2052345
-1.560215
-2.0046015
0.811319
-2.972583
-1.1074337
1.6985052
3.9683466
1.9254009
-2.217789
-0.09730092
1.9348335
-0.520792
-0.8082611
0.7001653
0.9416633
4.66286
1.7651192
3.2002137
1.8471538
-2.5677433
-0.5272414
1.2125987
0.1255141
1.7014494
-0.14292502
2.5893402
1.2490479
0.50920516
-1.8553703
1.5002959
-1.1498511
-4.183907
-1.4381707
-0.8882607
-0.2457768
0.8173737
1.9457902
1.517837
-1.9891844
-0.3709882
0.40242204
-1.6384819
0.91579527
-3.193328
-0.58813334
3.2137516
0.95412594
0.9027055
-0.1047244
-2.0911
0.4535044
-1.8224576
2.6085887
-2.221145
2.1113303
1.3226725
-1.6646625
0.4100836
1.0669434
1.5255214
0.20404539
1.4037611
0.53635937
0.093410924
1.0160196
0.8673698
-0.50312954
-0.70218617
2.491373
2.7830048
-4.03725
1.7196834
1.6307913
1.3611554
2.1590834
1.3848788
3.2118392
2.7075999
-0.4869761
-0.27788565
0.3111569
0.13427085
-1.150139
-0.45039415
0.14070311
-0.8108442
-0.64230263
-0.021965422
0.07806472
3.0218675
0.79389614
-1.0713166
2.5855594
-3.1927898
1.8850472
-3.1252537
0.7250181
1.0545475
-1.2799042
0.10186258
-1.588721
-2.570969
-4.149745
0.85588896
-0.30194008
-0.37583536
0.12341711
0.99138767
-0.7560497
-0.6564753
1.0172501
3.4694097
-1.2636971
-0.48384166
1.6542798
-0.936968
0.09353423
-0.88551486
-1.1755222
-2.8193622
1.8365271
-1.8665577
-0.21160528
-0.4417171
-1.5759112
2.804561
-0.41305682
-3.9432018
-0.39632687
1.2064186
-0.57961583
-1.5450443
2.6775074
1.1040181
4.314033
4.3905187
-0.90328276
-0.2256782
-1.8542964
-2.5156314
0.5481375
-0.99120355
2.5182996
0.55747646
-2.1732166
-0.64559567
-1.4490335
-2.3972216
1.3277639
-1.7266828
1.8252172
-0.9459539
0.9071135
-2.7275333
-0.9577741
-3.3931842
2.1227212
0.00056984276
-3.884814
-2.4668345
2.0673542
-3.0667665
2.947083
-0.4832766
-2.8486605
0.7117224
1.0840297
1.2719247
3.1018665
1.9882404
1.2000101
0.041623686
1.2692297
2.6526263
-1.1063231
-3.2656503
0.18718897
1.0580997
-0.11256042
0.9615561
1.6157739
-0.064437255
2.1917455
2.4631734
-1.5530595
2.2934654
3.5534036
0.6557524
-0.9014359
-0.14435628
-2.5701082
-0.5320828
0.6605224
4.173131
1.0317782
-4.2755594
3.8182163
-0.22197011
-1.0393288
1.7476696
-1.6325355
0.9170654
0.6893621
-1.2287698
-0.8489467
-2.0052083
-1.4208589
1.984428
0.26667032
0.12954539
-0.26682922
3.137375
-1.2689428
0.093002126
-2.0813544
-0.7591136
-2.1777177
-2.665979
0.5910411
-0.06454626
4.121158
-1.2004198
-2.5418012
-0.5670629
-0.95267177
0.6489554
-0.015591562
-0.07379399
-1.398503
3.58093
1.0888836
0.24286994
-1.3071772
-1.2666209
2.7980578
1.0198307
-1.790214
-2.4430547
-1.3984632
1.8470432
-1.9925723
0.57757777
-0.21487343
1.4125441
-0.2229042
2.537536
-4.1878834
-1.6987369
-2.1585634
0.8563086
-1.8882171
-1.9137489
-1.4455059
2.576592
2.9343157
0.22944817
-1.3426715
1.1543251
-1.7658094
3.2902546
-1.1796346
0.4652285
1.915961
0.95728266
2.5642903
0.2259638
2.3514953
-2.603723
-1.9180862
-2.5468872
0.33616522
-1.5135669
-0.028278489
-1.4408138
0.384613
2.020766
0.9777247
0.3238203
2.7544024
-0.40790895
-2.1221218
-2.149068
0.31797802
-1.7444495
1.1014338
-0.5806034
1.8921853
2.924837
0.35115278
-1.4477099
0.7421013
0.5034391
1.364158
2.157403
1.0475566
-2.5225012
1.6073424
-2.9168391
0.53425467
-0.13513485
0.20235847
2.6383514
-1.327186
0.95449656
-2.2802417
2.317954
6.755458
3.190865
-0.3320249
1.614658
-1.3210642
0.17042877
2.3439639
0.070872426
-1.9270624
0.44033712
-1.0867702
-1.4150015
0.47790134
-1.5330662
-2.0805898
0.019224115
2.5832248
2.9571981
1.3056848
-1.3077044
3.328776
-3.2469227
-0.36697963
0.6155276
2.9803572
3.4511468
3.56079
1.3676043
-0.2774411
2.9964123
0.5377332
1.5867046
-1.0599939
-0.40615174
2.2107112
2.0785604
-1.6824071
-0.23891246
-0.76782626
-0.33260402
-1.4198601
-2.1190464
-1.0165832
-0.96405596
1.7768239
-0.5854809
-2.7670674
1.1983832
-1.4165926
-2.5934923
0.6687161
0.4124823
2.921789
-2.3779912
-0.8807262
-2.416033
1.2717046
1.3604311
1.36649
0.5646174
-0.1488705
-0.03019195
-1.0355803
0.6041077
0.7529499
-3.839423
1.500108
-2.713944
-1.9057513
1.4127544
1.6409755
2.4990246
1.2793449
0.84020585
0.0029435754
2.2537005
3.601718
-0.29410273
1.0203619
-0.073108286
-2.8596644
1.0761687
-1.4754806
0.25732887
-0.18831772
1.8073465
-1.2650963
1.4817612
-3.2842727
1.6871405
2.4055681
1.103918
3.1356711
1.0340203
1.198002
0.24864998
0.45177627
1.7461792
-1.7491205
-0.096491046
0.569142
-0.6401492
-1.4283179
-1.220477
-3.1890354
-0.7720121
0.92095554
-0.8846627
-2.3642163
0.0723495
0.10101909
-2.332124
-3.1929429
2.1776974
-2.6019409
0.038610302
1.3956971
4.1830487
0.22410004
-1.6698738
1.6339792
-2.4951622
1.0792094
-1.5960597
3.9120312
-2.8091252
1.9502515
-1.7842046
-0.67170924
0.90049994
-1.3142868
-0.8590438
1.3354052
0.0239982
3.8993325
0.38621217
-0.010218263
0.64985955
-3.8468053
-3.3920946
-2.0314386
0.5621445
1.2412229
-1.8507978
-2.3101892
4.1281786
-0.82786137
-1.236039
0.11425187
0.5650493
-1.1691455
-0.5477032
-1.0853292
-1.7627379
-0.25091344
-1.8126853
1.8836595
1.1730049
-1.8241065
-3.139392
0.10130075
1.7664338
0.27911776
-0.71026474
2.6982274
0.049666494
3.3320808
0.2999243
-0.1969908
-0.2967918
-1.2289369
0.7045043
0.92699915
0.28592467
-1.6542152
-1.5253319
2.1927376
2.300712
0.6578116
-0.58427185
-1.01529
1.4630915
1.3669357
0.040722214
0.5273526
-1.7064629
2.0119798
1.748006
1.8643495
-1.216711
0.82870746
-0.9860237
3.9993916
4.3248377
0.7390295
-0.6309916
-1.5881538
3.0349782
-0.61685634
-0.3303493
0.318517
1.00295
-0.45318395
1.0377909
-4.3536224
2.115808
-5.51835
0.17675722
2.0776346
0.32410258
-5.5070004
-0.4859229
-1.0103931
2.31069
-1.8819075
-1.4721512
2.1132052
-2.4744325
-0.58818203
1.819549
-4.6660643
-3.010574
-0.52908355
0.812986
1.6047047
-5.0074754
0.037859283
-0.2185314
-1.4458456
2.4072857
0.19273973
-1.8518467
-2.2625701
1.5236497
-1.4720533
2.2594817
0.86455727
3.6212795
1.5974867
3.0115108
-0.83978975
-1.1291733
-1.3126433
-0.7997832
3.1571236
-0.41060704
0.4225595
-0.6506116
1.6766803
-0.17495966
1.1365308
-0.35994065
3.2335594
2.6641269
-3.6325636
-0.6718837
-0.70125043
0.7742365
-0.27052662
-1.5166818
1.3148866
-1.3037316
3.1728437
0.7306402
0.88667595
0.5180775
-1.1160536
-1.4132104
3.0369647
0.8211249
0.19218421
-2.928656
-1.7496228
0.70451003
4.0407023
-2.1513393
-1.4029177
0.47054845
-0.73549795
-2.3484218
0.42149928
-0.48821718
0.9098976
3.0635195
-1.4739243
-1.9488807
0.41593274
-2.0722737
0.19039214
0.5176636
2.0473928
-0.5523169
0.29213384
0.7223436
1.7216613
3.2126446
-1.6563892
3.9648767
2.0692866
-1.0392808
0.93414015
1.6534748
1.2761079
-0.48722273
-0.18234834
1.7864558
2.0770369
-2.013459
3.2280734
-3.9816008
2.5540328
-0.9027946
1.890386
-3.8286538
3.1817877
-2.6698694
-0.41438603
1.1033232
2.1704452
-0.41312146
-0.44223678
2.7812862
0.71397775
1.8093717
-0.5217903
2.8932586
0.09916099
-2.076893
-2.809577
1.6439214
1.0527152
-1.1594801
0.21647257
-0.17345014
-0.31139994
-2.0269096
-2.2576065
-1.3430047
2.7339416
1.2186546
0.44168225
-0.77696365
-0.3746251
2.3870158
0.434292
-1.4065833
1.5665212
2.7744994
0.2990456
1.1421914
-1.4068769
0.75364715
-3.6447074
2.485772
-1.3933579
0.21160275
1.1844567
1.7656972
1.4866165
-1.4623904
1.3909644
0.52923626
-0.9453195
-2.4084754
-0.040752523
-1.148618
-1.3179895
0.31462708
0.121655196
-0.42189133
-0.58314186
-1.4650851
-3.886964
0.43974847
-2.0438294
4.848563
0.016356647
3.0824082
-1.018159
0.79407144
0.25492495
-2.4108503
-0.15345393
-0.1820857
-0.25507906
1.5922354
0.8575643
-2.9194648
-4.5493345
1.9773767
3.4623363
-1.7839572
2.8339267
1.5772032
0.35096526
-0.74828154
1.4971426
-3.262928
-0.49058956
1.5502399
0.56343997
-0.80827856
1.7855861
1.1417574
-0.28518713
-1.1224307
-2.3993514
-2.976251
5.9719033
-0.8099245
0.28420234
-0.1076321
-1.86488
1.815149
-2.977545
2.3739347
0.3364092
0.7427332
2.7428606
-2.697652
2.798664
0.3025305
0.4106809
-0.65047354
-1.5532529
2.4318354
0.6193728
-0.3633662
-3.8652422
0.94868845
-1.3691559
1.9236423
-0.4691669
0.9111356
1.7103298
-3.5227733
0.6704249
-1.443364
-0.8559026
1.9131055
0.5271741
0.88634384
2.6506488
0.21376505
-5.115616
-3.030834
-0.07020967
-1.0859147
-2.6170273
2.7794063
1.7270772
1.8307931
-2.5074549
-0.70565283
-0.049861215
-2.179585
1.0420088
-1.836308
1.2856348
3.472287
2.3920681
0.12240627
0.46074313
1.0162082
5.2228775
0.79936635
-1.3306222
-2.4624927
-2.5199504
-1.2540367
0.6480129
2.1686866
0.41514632
2.5010593
0.8543236
1.1069996
-1.3069214
-0.06678891
-0.1544531
0.42867765
-0.19359884
6.052916
-0.8033443
-0.6505626
-0.18775985
-0.6036931
2.024373
-0.9838782
-5.079258
-1.5516053
2.1048887
-1.0786307
0.7247632
2.079982
-3.1687422
0.7125186
-1.2462763
0.6990299
-1.1795914
-1.3263208
2.5680676
-4.416592
1.3825496
2.773914
0.1526975
-0.046301484
-0.6159662
-0.9086155
2.2282736
-4.0743017
-1.1667185
1.5947257
3.011802
1.3174108
-3.4118156
1.7084461
1.6385019
-3.2126777
-1.7621912
-4.0007324
-3.272669
-1.9013454
1.9506531
1.353353
-5.457365
-0.55609214
-0.5669723
0.7023109
-1.042369
-1.2050327
1.0281085
-2.4120085
0.6825343
0.83383614
-0.8580876
-1.8957477
-0.6498918
2.6197271
-0.91349745
2.9758573
-0.67256397
-4.022291
-0.8240803
0.20083621
2.7832394
-1.165656
0.91186786
-4.0932407
-2.3439147
-1.4537013
-1.4220818
2.9270089
2.4647174
2.2532136
-1.9476552
-1.2184328
0.33755562
1.425739
-0.19373709
-1.3912163
-1.5511839
1.4180679
1.779704
-0.82541424
0.5717476
0.19127008
-3.464233
-0.9692676
-0.2520159
1.7470932
-1.9771605
2.0884333
1.7189304
0.6681995
1.0426097
-0.60725135
-2.0813863
-0.70607996
-1.2182015
-1.503646
2.4317029
-0.7506576
-1.5688803
1.5508152
1.3533212
0.59210527
0.44787958
-0.1826357
-4.0400667
-2.9283645
-1.4407085
-1.0292172
0.76501024
-0.83535635
-2.6382844
3.1202135
2.005829
1.4811566
-2.2522392
0.8035398
-1.5169367
0.8719605
0.20284913
-3.0429518
2.2445412
2.660701
1.9426309
-2.9275374
-3.1690557
2.8855886
1.6041682
0.29940903
2.190134
0.24612807
-0.36694944
2.6187546
-0.6967656
1.8924603
0.77445704
-1.0321308
-1.6136395
-0.38750696
0.012301877
4.056915
1.790439
0.5020466
2.270851
0.4999031
1.2266818
2.5123227
1.213536
-5.4211764
1.6254954
-0.9423024
0.90503615
7.84098
0.68671936
1.3274934
0.46489814
2.1829796
-1.5653976
-2.2896743
1.8842248
-0.6575681
1.2623364
-0.80792093
0.47580215
-3.4192843
-0.9435017
-1.3433028
2.8552747
-1.028826
0.8932015
0.8940302
2.805496
-0.04973007
3.448388
2.5186045
1.4912679
-0.23692274
-1.075923
-0.53908235
1.6930391
-0.489155
-3.325782
2.662918
-2.0057042
-0.063443445
1.9814996
2.8285713
3.9097095
-0.02642852
-1.1220038
0.098471306
0.91312754
0.83405983
-1.3190324
0.972844
3.1610434
-0.51255405
0.38995835
2.5245576
1.8843914
-0.9942181
-2.9378839
0.6197847
2.1747258
0.09672408
-0.5856746
-3.818621
0.3650123
-1.5147434
1.2003194
0.957267
-0.6425987
-0.647717
-0.29065013
4.8433146
0.031331297
-2.8997424
-0.13318065
-0.62873554
-0.5216536
1.5114309
0.15490237
2.3691363
1.7422172
1.2528043
-3.834671
-0.03701341
0.6440714
-2.4649448
0.031487525
3.0088878
1.1216524
0.9564569
-3.2504015
1.192849
-2.2758968
3.2094297
1.5068188
2.5589364
-2.6948853
0.46702343
1.0463398
-2.0058465
-2.0580788
-1.5562893
-2.3475533
-2.6677816
0.08977992
-2.6243274
4.587234
-1.5663594
1.048803
0.24491276
0.16814551
-1.9282137
-0.79513013
-0.8800739
1.5094063
0.09037631
0.39280364
-2.56681
-1.782182
-3.3250947
0.4847663
-0.2799832
0.6593198
0.56934845
0.893004
-1.0851102
-1.4485433
-0.4850297
-1.494727
-1.262356
0.7517304
0.35593975
2.8384612
0.1354339
1.1401725
1.4254129
-2.6579065
-0.32101625
-0.44386905
-1.0398737
2.4713988
0.8656812
-0.43490896
-3.1677752
1.3376613
-1.8238612
-0.08365266
-1.895633
-1.258148
0.5429583
-1.7638706
-0.16348043
-1.8549767
-2.951819
2.828732
-1.0283391
0.5732352
0.586792
-2.7912822
0.29832733
0.61183715
-2.1819339
4.047259
2.2902486
0.7506201
0.74648756
-0.76418275
-2.350688
2.970908
-0.91229665
-1.2799764
0.32208848
-0.6337927
-1.9089792
-1.6113387
0.5184144
2.9617953
-3.0565822
0.44725975
-0.5920068
1.622674
-0.9529807
0.88320076
2.3797297
-1.1231369
-2.1174026
-2.3127236
-2.1617029
-1.8276277
-1.2272701
-1.7282706
-0.8878316
-0.43384832
-0.28744096
-1.2228843
2.209301
0.334651
0.048771173
2.192021
-1.2506834
-2.9765294
-1.788118
-0.92442364
-2.2223408
-3.1297944
-2.8552086
1.7772679
-0.4586072
-0.7002763
-0.18102187
-2.5473363
1.7340809
-1.1029414
0.47186473
2.3561645
-0.3806581
-2.176825
-2.3885684
-0.5106564
-0.10797443
0.5290406
0.16015129
2.1969602
0.46397185
2.5072315
0.7136564
1.2287604
-0.78220636
-1.4344331
-2.8625412
-2.540614
0.32976252
0.7792833
1.6999481
0.25557306
0.5998054
0.5464072
-1.7861745
5.306632
-0.72383624
1.4104254
-0.37191212
-1.5966302
0.6769671
1.6435301
-1.915226
-0.36589777
-4.053551
-0.8534824
-3.545404
2.736514
-1.3676333
0.7610872
-1.0033338
2.2108514
0.3334194
-0.103796594
0.20558485
3.112315
-3.4754395
0.51509607
-1.1435014
-0.67358977
1.7173724
0.5921656
-0.97209203
0.18343917
-0.8224988
2.942435
5.0685544
-2.237935
1.0974735
-2.7167547
3.7903314
-1.6481822
2.412732
-0.0655277
-2.5424366
-0.36723357
-1.0600034
-0.42308828
-0.6378948
-1.4751066
2.6072114
1.3851674
1.1035542
-2.3769338
-0.44712716
1.423654
-1.2454822
-1.5630505
-1.7305928
1.2908804
-0.9544197
0.2574013
3.349166
0.034429252
-1.2586374
2.5703752
0.8340201
-0.7911099
0.035176598
-1.5842527
-0.18469667
0.20534487
2.7576787
-5.119679
0.79812735
0.6711905
-2.128663
-3.3762157
-1.8709584
-0.6812116
-2.8919232
2.6349092
-0.41232425
4.4489803
0.9415541
-2.672579
-1.8006526
-2.7560878
-1.727406
-1.8604578
2.1234415
-2.3768258
0.38617617
-1.4849052
0.33805984
-0.9625759
4.7958026
-0.44970906
2.147588
-0.76127887
0.99210507
1.3189273
0.9796328
2.0557644
0.8261662
-0.3505805
-1.1955576
2.702351
2.6787148
-0.5026655
2.307188
2.4581275
0.7600003
-1.6054565
-3.7668498
-1.2360561
-0.7527286
-1.6418142
1.3169343
3.2321663
0.45966458
-2.4710598
-0.3234227
-0.586312
-1.3552771
1.1404992
-2.9501927
1.0969292
1.197595
0.3127528
0.907715
0.95164585
-2.1648262
1.142246
-1.4333854
3.1859179
1.2825146
1.8731848
0.028243646
1.2044047
-0.22081047
-0.60891706
1.4100516
1.9746141
-3.628684
1.4414954
1.4198325
-1.9301863
-0.67542636
-2.1272998
-4.488764
-1.928734
4.810183
4.199939
0.4652085
0.02591119
-0.090008974
0.11800484
1.5860056
-0.3533039
-1.5189759
3.0087552
-0.88090396
-1.313441
0.33828261
1.1724695
-1.420132
1.2672675
1.6229278
0.95352644
1.4006957
-1.3141022
0.90476495
2.0559392
-1.950006
2.770033
0.37172425
-2.7169836
-2.7743378
0.7320731
-0.7509173
-2.9865222
1.7992059
2.1169994
0.85171777
-0.52859753
1.0976771
-1.1101586
-3.8225102
-0.2578985
2.9506788
-1.7851489
-1.0099331
1.3014398
0.27578557
1.6714734
-0.46989718
0.72833633
0.18351144
0.5940879
-1.7414336
-3.785169
0.9089463
-0.0140135735
0.21998401
1.0208193
1.1692289
-0.51693976
1.772325
2.248155
-0.9335535
3.1551573
-1.6352891
-1.0619066
-1.9296623
-2.090815
3.6301637
0.16384737
1.0695075
-0.45881644
-0.25537777
-0.82641643
-1.8400264
-2.184883
-3.193224
1.6055766
2.4729025
-0.5254459
0.80977947
-1.8010772
0.029185928
2.2548273
3.8149538
0.2966149
1.5678381
0.9700902
-0.6855465
-1.828338
-1.2174976
-1.3148814
-1.7769244
1.7794253
-1.8098772
-0.7394619
2.022377
-1.3032919
-2.5518534
-2.1389194
-2.1388512
1.6499144
1.1645977
-2.0722945
-3.3322825
0.6525187
0.8185619
0.73552686
2.6051812
0.31077713
0.06274049
-2.78885
4.7650237
-1.5209985
3.2703733
-0.5636619
-2.2794313
-3.5766513
0.58676857
1.8503256
-4.616977
-1.2840129
-0.46622238
2.2158222
-1.0481263
0.8468546
-1.0016102
-2.919549
2.6342442
-1.5855651
-0.032499894
-0.61593556
-0.5920678
-0.14105162
-2.771292
-1.5183125
-4.4438734
2.2024531
1.6071484
-1.4872078
1.0995431
-0.14286754
-0.5273001
0.6649227
-0.008887704
-0.21612453
-1.1834124
-3.045206
1.2993119
0.4946467
-1.4205527
2.9961193
4.101706
-1.2710397
-2.9727285
-0.26558733
-0.75834066
0.91078717
-0.41714674
0.58761233
-0.34322602
-3.9516003
0.55065614
3.129792
-0.14286377
0.39823118
2.8267798
1.1154327
-0.73741686
-3.50171
1.3417673
-0.1546814
2.3966818
1.6799428
-1.2191944
1.2706674
-2.0980349
-1.6671973
0.65702635
-1.2134713
-3.3680007
2.1382449
1.5771012
1.3127348
2.6654983
0.6141034
-1.1566651
1.4725186
-3.4153826
1.3000791
-1.1759452
1.7995018
-0.3067543
-2.2859678
0.09861814
-2.844999
-3.0846472
-1.4338416
1.372729
-1.5395546
4.7278275
1.807737
-2.8684628
3.228085
-1.2926937
2.4501138
-1.4587219
-0.08132341
-0.8711541
-1.7462491
-1.5164757
1.6892571
0.7075467
2.0986955
-2.876253
0.22250895
1.1827439
0.9890495
-0.1296129
0.5223856
2.4922228
2.4512904
1.2999836
0.50657254
-2.9191332
1.1717559
2.9963543
-3.1953137
-0.3106156
-1.0542035
0.14687401
4.6052675
0.64613444
0.3740758
2.8215098
-0.41171455
3.936171
2.5875947
1.3097379
1.0346645
-1.2635809
0.05743138
0.99577016
0.61625457
3.0622041
0.2575327
0.638176
1.3684855
-1.5744377
0.65275794
-2.1896882
1.0073318
-1.0852929
-1.6211864
0.8193801
-0.13114336
-2.388014
0.07544705
-1.8015649
-2.5481663
-1.4044532
-1.2902453
-3.329351
1.4506307
-1.463051
-0.6602454
-1.5918006
0.54610217
-3.3300815
-2.1128876
-0.41637293
2.822865
1.8701687
1.7247211
-1.6532971
0.06379804
-2.0796957
-0.73007184
0.8000977
-0.4003672
0.9445479
-0.9114574
4.3076134
2.631828
-3.955652
-2.553901
-4.6887937
0.88976437
-3.612552
3.228825
0.63672006
1.8141979
1.4727612
-0.2656538
2.7412817
-4.297907
0.6055973
-1.8639559
-0.3935791
-3.4956589
0.5186089
1.329735
3.3915532
0.20064041
-0.8189475
-3.774106
3.0781083
-3.0804312
-1.7038594
-0.36326188
2.6247392
2.0687654
3.9676623
-1.5205082
0.95079017
2.2279596
-4.6363487
-1.0115895
2.2889996
2.9755373
3.107811
0.7641959
-1.1173192
0.6937515
-0.9233302
-0.5818713
-0.70140827
-0.035810523
1.7856964
1.4187431
-1.9415241
0.60313666
1.7631161
-0.6462221
2.741067
-2.8823242
0.30196667
0.2516685
-0.076773286
0.7456047
4.0693502
0.44606608
0.4344964
-1.6147621
2.0773933
1.2316695
3.001477
1.7009366
-1.3523395
-1.8506199
-0.034524783
0.1655955
-2.1618276
-3.470834
-0.1377311
0.59203106
-0.39450625
-0.8675227
-0.69297665
0.7259268
-2.2800303
-2.020879
0.4276694
2.3882842
-2.7048163
1.3300937
-1.2629296
-2.7038531
-0.25127694
-1.884535
1.2384334
0.6187316
-1.0902183
-1.0789653
-0.93795663
-0.59975713
1.8055488
0.24278644
-0.6417378
-0.09613106
-2.4322312
1.1658453
1.2263122
1.1077864
-0.030313753
2.3708167
-0.72123516
0.3123072
1.2731959
2.5415523
-1.7708453
-1.8796667
-1.9056604
-2.9763012
-1.4248838
-1.9408131
-1.410853
0.46578217
0.39658907
0.25884122
1.260867
0.7181832
1.8836806
-0.65988725
-1.9544696
-0.18526271
0.28177088
0.92080396
1.5863976
5.429619
0.79753816
0.73417026
2.5075994
0.3444973
0.7260614
2.0520167
-0.8566481
3.4116497
-0.07909549
0.8000324
-0.7138343
1.396226
-0.28240666
2.3560112
0.072736606
-1.8823779
4.1215167
2.5398903
3.9017782
-1.523626
-2.502186
0.89759105
-0.109904215
-0.14902145
-0.5131799
1.0459237
1.1340293
-2.7911694
0.4494716
-1.9245512
-0.9002097
-0.42089504
-1.5946063
0.83156884
0.93319
1.5503786
-1.2790939
-0.44676635
-1.0460943
1.5801883
-0.3987417
-1.1407552
1.8301532
-1.3035123
-0.09428479
-0.63929313
0.81610227
0.15194869
-2.6034422
-1.3199841
0.9574919
-2.4655197
-0.085516386
-4.773655
-0.421306
-0.28956872
-3.9492795
-1.7681816
0.76587415
-1.1015288
2.7604132
-1.0982441
3.0467582
-0.9260422
-0.9551078
-0.95885897
2.7900908
0.9310231
-1.3477943
-2.0041351
-0.02710687
5.669767
-0.03127013
-0.9557712
-0.4717137
0.40713328
-1.4040295
-3.6353116
-2.6470127
0.33962274
1.3590755
4.079915
-0.7403299
-0.81271243
-0.17955767
2.2231402
0.47124287
-0.41937703
3.7768111
1.2651252
2.4330516
4.2619867
-4.1060166
1.6306311
2.445749
-0.63654417
0.7111585
-0.2573811
-0.9921558
-0.7097807
0.80751294
-1.69252
1.5173885
-0.09575408
0.8415917
-0.251778
-2.5102022
-0.50136054
0.9760345
-0.7620772
1.964915
0.1403617
-2.302484
1.7743518
-1.437856
1.5248528
-0.75865376
0.38888797
-0.076416336
0.98573405
-0.017001495
1.4633342
0.73987883
-0.2519034
-0.61005116
-0.47910658
-0.9049071
1.3386045
-1.5175169
-2.5752463
-0.15627371
1.4337435
2.1757565
4.4432387
0.31300333
0.5867386
-0.67889893
2.1597607
0.5187104
-1.4826745
0.13809359
-1.3665994
6.675949
-0.83521616
2.3434484
0.3403623
-0.3905697
1.0538626
-0.86372596
0.8203
0.4153796
1.5217566
-1.6985503
-0.22021854
-1.7970295
1.212595
-1.4310088
5.276886
0.18547824
-0.7938201
-1.287994
-1.1299871
2.378828
0.082267426
0.9767307
-1.9580847
1.6566174
0.09268053
-4.9429584
-3.0073664
2.4245546
1.5923789
-1.0971404
1.0909659
-0.3953312
2.0229378
-0.2856511
1.229328
-3.8199809
-0.91880435
1.7509332
1.166803
-0.13666117
1.9473186
0.62859774
0.11925113
1.2939771
-0.6441581
3.208923
-1.278956
-2.031602
-1.727868
0.45354164
-1.9479839
1.6831267
0.8237008
3.1246283
0.2577923
2.3285644
0.50591075
-2.802531
-1.9067165
-2.2630422
0.10003624
0.18614115
-3.529106
-1.6218731
0.71635
0.27125907
1.0217248
0.21536978
-1.6039517
1.3786088
-0.4201396
-0.73218316
-1.2573596
-1.0534427
-1.1807865
2.9099796
0.53750664
-1.8901044
1.4504333
0.13252738
-0.13685942
-0.5076997
1.7061499
0.03259761
-3.8158147
4.538494
2.96285
0.016980708
2.7044406
-1.1998814
1.0407506
-0.02510216
-1.1376455
0.9741931
2.1814816
-3.0215886
1.3106511
3.8338604
2.8235512
-1.6476716
-1.6252863
-0.40284884
4.309673
1.3637103
2.7349632
-4.017649
0.18671286
-0.8312973
0.87796986
0.79521
3.5784147
-2.081532
-0.77340764
-0.1949571
0.6800142
3.9610581
-0.008904077
-1.9797324
-0.85786504
-2.8109326
0.12202143
4.4501996
1.8673745
-2.4448497
-0.09254743
-4.047779
-1.1528614
-2.0899224
-2.2129807
-0.09353271
3.1067643
0.19374752
-1.9302139
0.7709172
-1.8011384
0.7364572
1.2781037
1.6493542
0.24529368
0.6165478
-0.03261532
2.1722443
-0.5657946
-2.462522
6.2167892
0.57755226
0.33210838
-1.0366335
0.50954986
1.9873503
-3.708774
0.79117703
-0.34825474
-0.04704065
1.5388552
-1.416469
2.1214447
0.84189457
1.9774333
-0.8530922
-0.32525113
-1.8028468
0.72357696
-3.2926888
0.8139113
-0.6664238
0.1265253
0.6828231
0.9366919
2.997266
0.0835027
0.42985076
-1.9252871
-1.4900898
-5.004111
0.6044653
-0.51913327
-2.099225
0.15917504
-0.19454363
0.70862323
-1.5409232
-0.99072516
0.7619503
1.7040955
-0.8530712
1.1388172
-2.2045038
-1.1834964
1.2918603
1.22158
1.1850408
-1.2257763
0.6254719
0.9916991
1.3562564
-0.9081311
1.7738867
3.282143
0.5812775
0.18213996
1.0045806
-0.04707214
-0.6984009
0.2548152
-3.9960754
-2.7121642
1.543828
-1.7724105
0.5342751
-3.9874413
1.1428163
-1.7767678
2.4373276
-0.4524877
0.41225097
1.5317328
0.029758006
-0.024658322
-2.341209
-0.2715176
-0.43385136
0.5961823
-0.82798237
2.093105
2.3443635
-3.631412
-2.6675136
-0.80391955
0.45291823
0.43714443
2.8146493
1.928406
2.1857746
0.26197645
0.24478933
0.50638586
-3.6637604
-0.52891004
-2.4226575
1.2612752
-3.8773873
-1.7172432
-2.453754
-2.4143548
-0.24216631
-2.9661112
-0.45517024
-1.3375529
-0.4483312
-0.92046285
1.6419259
1.393407
0.55426806
0.53957784
0.7875037
5.0418515
2.1850684
1.3636452
2.1050766
0.47399837
1.4379644
-1.5669737
-1.3715187
-0.17014495
3.2903562
-0.5310414
2.410902
1.5801433
-0.7256914
-0.07150319
-0.61380243
2.3105702
-0.80422103
1.3107764
-0.4454736
0.9553542
-3.3321035
-0.095301725
1.9238768
-1.06459
3.3210092
0.9695319
-0.9146368
-2.4551091
0.56039757
-1.3399535
-2.5664382
0.11642587
0.5123056
-0.3308733
4.2659664
-2.1559317
2.3578773
5.583356
2.2954888
-3.2963734
2.3454797
-0.8149975
2.5511417
-0.6001246
-1.9109837
0.7703107
1.1147256
0.3987937
-0.75779885
3.5223796
2.8884945
3.0478861
2.986037
0.69863045
-2.6760774
4.3801403
2.5144947
3.6347299
-0.3062627
-1.5252893
-2.1073525
-1.2392341
-2.5550618
-0.6454505
-0.20764887
-1.6259929
0.16431999
-0.8781564
0.18486704
-1.9753239
-2.1406753
3.1163263
-1.2371064
2.2479024
-0.40113944
0.4624423
2.0152628
-3.0432863
-0.23551941
4.353149
3.6073482
-0.029240564
-2.10463
1.0844196
0.54958117
-1.7130883
0.1001101
2.414693
-2.6720872
-0.8004887
-0.71573466
-0.22430238
-0.13693237
-2.0588322
-0.11246282
-0.08037374
-2.2621727
-0.46791396
-1.1790602
-2.696477
-0.32942367
-1.7903012
4.872813
-0.79448676
0.8288739
-2.3318484
2.243592
-0.9787386
-0.9950743
0.08610684
-2.1051617
-3.8408754
-0.89887244
2.0832732
-0.44197842
-1.1007318
1.7430304
-3.017303
2.4947329
1.0901928
0.2852283
0.57494825
-3.6377661
-1.882672
1.8689946
-1.714789
-1.966487
1.8062975
0.26723793
-3.594618
0.48607278
1.5744326
-0.49976063
-1.4196993
-1.366198
-0.43127626
0.3296452
2.7583108
-2.645234
1.5599196
-0.8115664
0.4768396
-1.5771621
0.57972485
-1.3483113
-2.1112392
0.565481
-2.742507
1.3714141
2.2592096
1.2341583
0.56602556
-0.8694052
-0.14924875
1.3414438
0.28602356
1.6669197
1.5427961
3.756297
-0.17055002
1.4610184
1.4100548
-0.070830405
-0.42377907
-0.7381699
2.3857057
-3.7602165
1.5867721
0.14308567
5.4157495
3.817118
-2.1910655
-0.28682858
2.6182482
3.823993
-0.73357713
0.052146085
0.5440142
-1.3514479
-0.92148995
-0.8385408
-3.0284379
0.59284693
3.0237296
-3.0334833
0.5330905
1.6608425
0.06436897
-2.091289
3.0972173
0.26803565
-1.4513631
1.6553426
-1.2964495
-0.26655558
0.495345
-2.0578353
-1.4629745
0.2807958
1.3622001
2.8540788
-1.365058
-4.288937
2.8552341
-0.8580042
0.6217936
-1.5646173
0.8219644
-0.94267267
-1.9867535
0.27579927
1.3936111
1.5858003
0.3200485
-2.8749964
0.16952495
1.3921833
0.6833854
-0.54075253
-2.137507
-0.9164526
2.9953668
-0.5443034
-4.0801506
0.25436795
0.6922163
0.5994344
-1.7242492
0.41933832
-2.0495121
-1.712986
-0.23950787
0.97253215
1.1905102
-0.8938464
-3.487969
-1.3189499
3.8505268
1.5864286
-4.141495
0.8379225
-1.8986855
-1.8906268
-0.17793286
0.72673404
-0.47031322
3.0999367
0.97427887
-0.77487403
-0.7902354
-0.8398423
1.2541314
3.7097714
2.5942836
2.4689484
0.5036805
2.225432
-3.6475403
2.9325044
-2.371784
1.0848455
2.5152302
-1.403961
-1.826515
0.73430014
-0.79423326
-0.7284396
0.96155876
-0.20302367
-0.26531005
-0.060394667
-1.162531
-0.6540309
-0.96951354
2.859589
-2.7731006
-1.4788653
2.4300108
-1.2864197
-0.40556163
1.3523808
-1.0867109
-0.29878816
-1.104803
-2.0831697
0.76268387
-1.3618081
-1.0772996
0.8580963
1.3460542
2.5656035
-3.7705362
-2.3844068
-1.7143967
-0.81489754
-0.9706005
1.4034483
-5.106204
-0.21837541
0.2563671
2.7112749
3.388807
0.8279756
-4.1586094
1.5712577
-0.4082352
-3.1848767
0.5561597
1.3696765
1.0940965
-1.7197024
-3.5315576
2.8808107
-0.19616756
0.8462837
-1.7340964
2.0865617
-0.14783192
1.7252941
-2.6040027
-2.4872828
-2.4109147
-2.1398892
3.4134712
3.423969
-1.3284961
-3.8464737
0.053292237
1.1448724
-3.7935538
-2.3399844
-1.8496096
0.58225596
-3.0418358
-1.8718174
-2.2706149
1.5510695
0.026982188
0.90668935
-2.2555876
0.12806909
1.8490711
-0.4788605
0.35708115
2.012528
-1.8176498
0.7131775
0.8159355
0.28584728
1.9537067
0.4538716
-0.7457556
-0.57744306
3.832579
-0.15846044
-2.5154066
1.5143265
0.85690224
0.14503814
2.6096513
0.58892107
0.93961114
-2.9357376
0.7307735
-2.582904
-2.5827854
-0.42304897
-2.0480661
2.5384948
-4.179838
1.3414149
-1.5898254
-1.1169205
1.9638649
-0.70377195
-0.06856128
-0.0012201667
0.6301215
-1.9093089
-2.2392094
-3.369865
-0.2074978
-0.32084137
0.19561309
2.8507774
-2.9717665
-1.5397305
-1.1741015
-1.982083
1.4132531
-2.7306082
1.1179774
-1.4343789
-0.40194905
1.9904108
1.8968502
2.6311767
2.8444047
1.1127405
1.8494663
-1.2282375
-1.4632572
3.5655425
-1.3153799
-3.7055454
1.5674984
0.5962345
3.8816662
-1.1589079
-2.7227051
-0.888912
3.2278154
-0.56671363
1.0424399
-1.4009544
1.1363817
-0.8387907
-0.6042468
0.19516182
2.011957
0.7055226
0.17151129
1.4119757
-1.218003
-2.000751
2.6419106
-0.29674214
1.035645
1.5285528
-3.384091
2.0961273
-1.2030234
2.8095622
-4.443925
-0.06581231
0.81687593
2.8031387
0.5193721
-1.0664284
2.3615339
-3.0007763
0.16697466
3.2775657
1.6664912
0.55161995
-1.9015989
-0.28389835
0.1259317
-1.2637923
1.8431042
-0.81991655
3.6064382
-0.39734334
-0.10040307
0.5510319
-3.4584298
0.31947103
1.2447968
-3.0565355
-2.1199892
1.1397021
-2.498805
2.728311
1.3017347
-4.987187
0.51551133
1.4124655
-1.4387485
5.2110553
-1.860853
-0.097876824
-2.9048507
1.7255741
-3.3560095
-0.9623452
-0.25581706
0.9241436
-0.73350066
-2.300161
-0.49560547
-2.4937034
0.38763317
2.7471256
-1.0806674
1.2762874
2.688081
1.1291138
-0.8454596
0.25422153
-1.1709864
-0.25473493
-0.14299986
0.60468656
2.3410678
2.8467503
-2.6872058
-1.7484486
-3.3765488
-0.6536602
-0.50088555
5.2358975
-1.0815746
0.76197624
-2.0411682
1.1335644
-2.105588
0.09339655
0.2019848
-0.1868398
-2.1524289
-1.814829
-2.4286394
-3.1838012
-1.8289458
0.17682078
-0.41377848
-1.8902858
-1.8873684
1.0273844
0.75146663
-0.70217156
0.7750955
1.6084391
-0.83456296
0.26986647
0.34539527
-2.6520946
3.8122332
-0.7897527
-0.9882354
-3.252072
0.54505205
-1.6335014
0.24081993
0.9867035
2.436888
-0.67894465
-2.4593523
-3.7699363
-2.594127
-2.5409315
3.4108126
-0.75587195
1.7934626
-1.5390838
0.8093247
-3.9890177
-1.3622015
-2.3007393
-0.79413664
-0.81256616
0.93883693
-4.47681
0.64456344
0.13813327
3.3052812
2.5130465
-1.0436766
1.1102043
-2.3422825
1.3312502
-1.9065564
2.1787608
-1.0310208
1.919493
-1.0486844
-3.256411
0.1451674
-2.065471
-0.6699586
-2.2834325
2.8428125
1.4568446
-0.9638549
-0.8949359
-2.4083624
0.023329731
-0.033753403
2.71703
-0.34009257
-0.46029228
-1.4594138
-1.029752
-3.4433558
0.27411425
0.040553294
1.9438322
-0.16061515
-1.6606098
-0.7124178
0.17748147
-2.0494635
2.6633956
0.39378226
2.1639104
1.0688874
-0.82818425
0.12766749
2.306827
-0.12281786
1.3997993
-1.6205395
2.669582
0.052725017
-3.3069794
1.5797986
-3.5432134
1.8693435
0.72631186
1.2419804
-0.88217366
0.22250077
2.4600291
3.2496467
-3.3998132
1.0368935
-1.61034
-3.4399886
-1.2750765
-0.3166197
1.0778612
1.0668321
-1.929439
0.4741525
-1.1943706
0.543386
0.95917326
2.1288092
-5.381028
-1.4227638
-2.052061
-1.5654656
3.8382876
-0.31567436
-1.6233414
-0.8854523
0.35074198
0.50362307
0.631337
0.1063285
-2.1287172
0.5441273
0.9356147
-1.3911976
0.34331822
-0.4550052
-0.08712692
-0.7546399
1.4419155
-1.0748138
-1.3746637
0.47956347
-1.6394081
-1.7267385
1.0373234
-0.41011113
1.3237123
-1.8286945
3.1714425
-2.213976
0.7910855
2.1664042
2.0657604
1.1989534
3.595251
0.5479967
1.1574508
0.6825765
0.585377
0.43794143
-1.7246528
-0.95628047
-0.15012458
0.85391253
-0.12138232
1.3723856
-1.3767221
-1.0625839
-2.7520168
-0.8364595
1.2449616
-3.2895505
-0.07540273
2.256707
0.22501871
-0.82259136
-1.7081294
-0.03801673
3.466712
-2.0336812
-2.4090304
-0.15188381
-1.866159
3.07442
2.073104
-0.18744317
4.0711455
-0.50234574
0.24155399
-0.9004677
-0.0738791
0.7675614
-1.5827694
0.92194927
0.38428643
-2.3584602
0.60560167
-0.38369364
-0.85647565
-0.44273084
-1.3661319
-2.2989175
-2.7803357
-2.365254
-1.3362375
0.30222088
-0.8444645
6.1499085
-0.039710633
-0.7270429
0.835317
2.233844
-1.281298
-3.388115
-0.11497379
-0.77840185
2.9201393
-2.212968
1.6901174
-2.7340317
0.73724437
-2.2308307
-1.3458295
0.33005786
0.8526398
0.551715
-1.4987841
0.020967461
2.5254507
1.2498198
0.17703187
-0.17868882
-0.05347
3.5774624
0.9785991
4.1160975
0.5650076
0.4114608
-2.0725136
1.4702059
-2.714144
-3.2934604
0.035372008
-0.47249907
-0.8079032
2.478314
-2.6537745
1.3197455
1.5207906
-2.2980871
-1.9988749
-0.114756264
-3.8878288
-0.8040862
1.3039591
0.30368042
-0.9900631
0.74636954
0.8185896
-0.30494106
2.3815298
1.5995629
1.8379192
-2.102076
2.5513358
0.96721035
2.4526546
-1.8038332
-1.2798941
-1.6278466
6.180586
2.247558
-0.40925753
-0.703631
1.0706592
0.39706057
-2.2117913
-0.08727585
-0.34049475
-0.8848698
2.6254735
1.6244159
2.2954614
1.10257
-5.0591755
-1.7720563
-0.031292446
3.141465
0.5374551
-0.046246253
3.6089873
1.1291902
-3.1609004
-0.2730739
0.62392694
-1.433637
1.764004
-2.1002579
2.7585833
-2.7599583
0.33217874
-1.9449414
-0.12537302
4.038634
-1.1439236
-1.4320114
-2.31965
-1.7086836
-2.9547858
-0.5573632
-0.07451143
-0.4568779
3.4486344
1.305018
2.5599377
1.2176127
3.579783
2.2946212
2.8714974
3.0706475
1.9548309
0.82549095
-0.103920236
2.894044
-2.961691
-2.2194076
0.1531327
0.5271424
0.55182457
-1.6903125
-0.15452068
-3.1489894
0.84893626
2.4617875
-0.18132068
-2.474819
1.8513
2.2381485
2.0931835
-1.8697516
-1.2385583
-0.022459824
0.82321864
-2.1179278
2.5889971
-1.4234167
-0.65965575
-0.4404389
1.6370128
0.5618263
1.9376711
3.5899956
1.5202256
-0.52768046
-2.4848845
1.5919621
1.4723665
2.5290785
-0.71731824
0.43179825
-0.7496178
-3.9022422
3.4559855
-0.050469995
1.5860242
-1.3458375
0.16616178
0.15827101
1.697101
3.2494218
-0.46956068
-1.0977993
0.97351503
1.3435256
2.370502
0.92215186
-0.098192014
2.3583808
0.43279266
-0.19666246
0.6582193
-2.1372495
-1.16875
-3.0191774
1.427221
5.6874704
1.6362461
-0.07100671
-0.23944637
1.297436
4.188952
-1.2932436
1.1208581
-1.764293
-0.019491695
1.1457878
1.2539521
-0.81898946
-1.1201469
4.7449646
0.706163
-1.2296972
0.90704703
-0.36626184
1.9632595
-2.6121643
1.5010185
-0.8521865
-0.9595935
-0.5648849
3.1734138
-1.0761986
-1.9551367
0.10463161
0.7658561
2.8109472
-1.2798288
0.7116071
-0.6377708
3.3962815
1.8037
-0.37420362
1.4704657
-2.860701
1.0417405
1.4938276
1.8908706
-1.4045335
-3.8486192
-2.1902032
2.243873
0.8025471
1.6791623
-2.503239
-0.71788913
-0.573566
0.0059717894
-0.0213767
-3.9176629
-2.2439308
-1.8835366
-1.1476289
1.9607434
-1.1523368
-0.9622368
0.24252412
-1.1965854
1.2368832
-0.43179658
1.9043751
0.2708193
1.0470473
-1.458362
-0.23420408
-2.183556
-1.3973173
0.38971663
1.4247487
4.045729
0.560372
0.2460982
2.6293716
1.7022989
0.2228904
-0.08144806
3.355352
1.5004466
1.7292342
-1.8741208
2.7844207
1.5363108
-3.1207235
-1.1095201
0.21402904
-1.3824674
-0.08015013
-0.20025957
-2.3911388
1.8475692
0.77198154
-0.62823796
0.09996327
-4.19505
1.3191468
0.56024754
-0.20890348
1.0886996
0.7984706
0.018155053
-2.4447994
-0.0029706918
1.8012989
-1.2826037
-3.7926915
2.8418999
1.8539177
-1.1843116
0.28891522
-1.1403921
-1.0460373
-4.365324
0.22621197
1.587715
0.282591
0.7138157
-1.3733218
-0.08513044
-0.934594
-0.09797653
0.8168885
-1.9202124
-1.5950559
-3.8331404
-0.061391033
-0.79852074
-2.1814253
-0.5876772
2.1722143
0.39419582
-1.1213063
0.38389102
-1.5094544
-0.12764055
3.3205695
-2.7003508
0.5845669
1.8562889
2.4241867
-1.6737196
0.14021912
0.28461698
1.2809365
0.32850897
-0.11265928
-3.5848405
-2.2391903
0.27187565
2.4632545
0.12794623
-0.5828533
-0.26840335
-4.134503
2.1085334
-1.2006001
-0.78367823
4.0892296
-0.16571712
-0.50990194
0.5710541
-3.1141706
0.6668581
1.9857422
3.8836365
0.4920362
0.4982029
1.1799576
-3.421126
-1.7748984
-1.9729124
1.3851612
-0.3061826
0.47849512
-0.37230158
-1.2018509
-0.44090596
-3.1479452
0.54721844
-1.3514671
1.9354664
1.6499695
0.17380665
-0.3028586
-0.26926497
-1.471139
3.071447
2.9735093
0.4958542
2.4247413
-1.7174486
2.3725116
-1.4882898
0.98157567
-2.4071345
0.64489853
-1.5277964
0.89028037
1.6183422
2.9188423
-0.778
-2.7280045
2.2560487
-0.30339885
2.3462782
3.623157
1.7575878
1.5085306
-2.0703683
-0.2319569
-0.26335844
-1.5467229
0.066882655
-0.7090663
1.4016765
1.2911721
-0.7268866
2.675813
-0.7765334
-3.089688
1.5771011
-0.7257454
0.62911433
0.76774263
1.0949807
0.31540924
-1.5517519
-0.25751442
-0.2860322
-1.9808499
0.97679496
-1.4224237
1.0788308
1.5236555
1.0365452
0.62879914
-0.6858593
-0.8097751
0.6451603
-2.3736672
-0.0013547651
1.5156381
-0.41380304
1.7421387
-2.4197202
-0.84859896
-2.3188937
0.8992247
0.904598
2.5394995
0.35657254
0.008516341
2.6285436
-2.3756506
-1.5302757
2.4200823
0.33849016
-0.2722023
0.0508689
4.602766
2.690984
1.7617457
-0.39524317
0.30446732
-0.7310995
0.14737138
-1.6924489
-0.48163286
-0.99385625
-0.019540831
1.2703265
-0.5485822
0.9596554
-2.999796
-0.20598683
1.972944
0.39239845
-4.3255725
-0.5468412
-0.5222725
1.3168191
-2.9153702
0.56141365
-1.3067428
-2.8145754
-0.83100086
-2.8416672
0.38295
1.1032104
0.59617245
1.2397894
-0.63074315
2.2649949
3.869924
0.55229884
-1.4185865
4.0098414
-1.3929055
-1.1917033
3.8160641
0.6437955
0.37291723
2.303883
-0.045576192
-1.5980217
1.1537145
-0.8680502
1.6896937
0.24891242
-1.1626284
-2.6240604
1.2231721
-3.9437847
-1.4386858
0.28158608
0.6712579
-0.6333195
0.19209623
0.5829679
2.1136155
-0.44300455
-2.3962119
-1.9840685
-1.4218165
1.4284824
1.1297835
0.40358803
0.54170835
2.1975496
-3.5339441
4.244439
0.87942886
-0.24272016
-0.84662056
0.1727874
-0.1572662
-0.5800419
-1.5888242
-0.6410365
1.6226652
0.09227706
-3.1227612
-2.415049
1.7839074
-3.315405
0.47225112
4.1694083
2.7967284
1.0840256
0.21071905
-1.9525468
1.9482803
0.47839865
0.20391764
-0.9113684
-2.1165612
-1.831592
1.1498107
0.5549567
-0.21196002
-0.9317399
-0.19639945
1.6640795
-1.3852419
2.9725027
0.17939304
-1.5247346
0.6378562
-0.54685
-1.9991091
-1.3119785
0.3127896
1.0158535
0.7233529
-2.7516642
1.8323919
2.456184
-0.59496087
-1.9807365
-1.0644584
-0.4101133
1.4858518
-1.2875655
0.27363586
2.048294
-0.219159
1.2244691
0.7829436
0.9014058
-1.2865351
-2.5910008
0.6494886
-5.4765797
-2.253687
-1.2815529
1.8315722
-1.1817018
0.33038548
-3.641347
-1.5220263
3.2052474
0.39398015
-0.7324856
3.2772138
-0.8241645
-1.5300332
-0.84810156
0.57127935
-0.16837367
-1.5441673
0.58260244
2.2811327
0.42565042
0.7477207
-2.2742863
3.009414
0.79593605
1.3721309
-0.82578844
-0.024562746
0.30873492
0.8827654
0.49575216
0.4976493
2.4570816
1.653101
2.4148567
0.41097447
3.3550613
-1.8491887
0.52313715
0.7839956
1.181301
0.13606715
2.00088
-2.0032825
0.5679726
0.5702369
0.89341915
-0.8767219
-2.9268997
-2.1752954
-3.889465
0.10212001
-2.056437
-0.7255751
0.39949468
1.2369235
-0.035798483
0.65618587
-1.1571535
4.358749
-3.0212014
-2.3327076
-0.25558212
-2.080378
0.8459993
2.4253564
1.7455772
-0.81330854
3.6422856
-4.0504403
-1.3986806
0.3847792
-0.16917226
-0.4359706
0.9033788
-0.34621906
2.2707095
-1.0637175
0.05866266
-0.92216325
-0.33547622
0.4420932
0.4476987
2.7127676
-0.12540834
-0.6668826
-2.3268375
0.4092241
1.7198944
0.72877604
-0.925258
2.7646117
0.3756159
3.179627
-0.8220265
-1.3373392
-1.4026316
1.451285
0.5012954
-0.32575572
-0.10637954
2.420303
0.15921906
2.9606025
2.1810324
0.77873105
1.4482601
1.3826268
-2.3465805
2.1016245
-0.40251786
0.42323503
0.35824996
-5.002111
0.9035268
-3.0520601
0.9304873
3.9186158
1.0058709
-0.2829752
-1.0540655
-0.07057949
1.5947483
4.223069
-2.0152073
0.8306569
0.4388737
1.349404
-1.6535739
2.8592231
-0.898975
-0.3370321
2.0006895
2.3399
2.2983472
-0.571805
-3.0765903
1.6202474
-2.1770065
0.88118935
3.5436213
-4.2254863
1.4468842
0.74242735
1.067942
-3.803745
-3.1948214
1.7239547
-1.2073274
-3.9517348
0.8699276
-4.086327
0.47523007
1.2224377
-4.373219
3.2857227
-1.6871216
1.497118
2.876747
0.3138442
2.7193098
-1.9431664
-0.49277538
-3.960059
-4.9686723
-2.476658
4.0881433
-0.08916455
2.2026844
1.0012695
2.774223
2.1380045
-0.34404522
-0.75394654
2.0277092
-0.89135045
-1.5416336
-0.115518846
-1.4424874
0.087891065
3.6708264
-1.6610559
-1.2992412
-0.4914418
0.34851676
-1.4637684
-0.9822217
2.1122208
0.25351787
-0.4313497
3.1824806
-1.8277162
-0.31252626
-1.5258163
2.543215
2.394331
1.7798703
1.5178413
1.6026884
-1.6026605
-0.98589385
2.6119046
-2.124887
-1.0134522
-2.2885191
1.2413905
-0.7198509
-5.6172824
-1.9794582
1.3741184
1.3483806
1.079547
0.018990383
1.0378588
-1.520787
-0.30179262
-2.2371275
0.13683216
-0.43018675
0.76928216
4.0413036
0.09811751
6.467351
-2.2688653
1.4346017
-0.41837162
-2.2506266
-0.29498225
2.600938
1.2296442
-3.6860812
0.8340396
1.816155
-1.1588933
-1.3447822
-3.0977197
0.2693104
1.9108948
-2.266711
1.2031357
1.9774257
-2.1775563
2.4945335
1.7499564
1.2385353
-1.1626742
2.038178
-0.33747873
1.1330011
3.6761806
1.5097802
-2.841786
0.12786433
-0.58291054
-3.2129793
2.166129
1.27751
-4.744638
0.6777125
-0.9635078
-2.9109223
-2.8609262
-0.63826925
-0.86019915
-3.6025798
2.5677621
1.5189049
0.20830259
1.4417233
2.1819646
3.5896664
3.070824
-0.21472311
-2.491335
-1.3052698
-1.5961008
0.38810417
-1.3245518
-0.58938473
-0.66449684
-2.2350113
-0.40531036
3.8493922
2.4799867
0.80788827
1.9494052
2.1140795
-0.42061263
-0.8798876
0.046049215
0.44914916
-2.5189803
3.3898056
-0.36022973
4.9539075
3.3702395
4.413621
-0.7951795
-1.3288871
-1.0504627
0.25461793
-0.72210723
-2.4233272
0.10604791
1.0175575
4.472656
-0.325957
-1.8967793
1.15802
-0.9711164
-0.03451343
1.5722183
1.4132861
-0.5603291
-0.07586419
0.12899089
1.7232459
-5.018518
-2.3581307
-3.0723107
-1.7786149
-1.2153041
0.22996333
4.5091095
-0.88990515
0.4443219
-0.102905974
-2.3077283
1.2300817
-0.802535
-1.2971106
1.5904015
0.45141852
-0.43298802
1.9375117
0.8612425
-1.2306626
2.0362077
-0.4417606
-0.14977023
1.8168353
-0.8115827
0.41493872
2.8628762
2.0835075
1.3764352
-2.7887192
-0.17133878
-1.9223312
3.7292438
-4.949029
-2.2740383
-2.55038
0.7566153
-0.53673434
1.1183088
-1.4941794
-1.2988929
-0.45461613
4.7450023
-2.7009325
0.5444502
0.76452714
1.8046238
0.44450226
1.0903703
-1.2371347
1.8002398
-3.033927
0.49868584
0.23067924
-2.693091
1.897255
3.0464242
-0.667975
1.317007
-0.44331053
0.2083349
2.5407538
-2.2081842
-0.31953937
1.1780325
-0.4165948
1.3022665
-1.4203457
-2.9277933
-1.4067875
4.0206647
2.149405
-3.906944
-0.5421721
0.9096106
-1.5362779
-1.1609814
0.6402967
-1.507404
-2.1112561
1.8629228
-0.91685325
-0.80149907
0.85597426
3.5986793
-1.1315223
-0.75548047
1.8037815
0.9885907
-2.3860497
1.0318185
2.8416839
2.0667584
-2.2508068
2.8578365
-2.3531275
1.9712081
-0.24253526
-0.014069255
1.8697274
1.7121677
-0.71023583
-2.2472882
0.4771666
1.9333506
-0.36848244
-0.9958488
0.12662412
1.7443001
0.4141915
-1.0865159
-4.667286
0.025038965
-0.14218518
-0.33363724
1.1154476
2.099546
-0.31712434
0.77705604
-3.381774
-1.1992078
2.1228957
0.88409704
-1.0019118
-1.0061862
2.8570085
-0.83008957
-0.0942674
-1.3006696
-2.293
0.44244242
-1.1792122
-0.1521695
-0.06435354
0.8206724
1.6480527
-0.26553997
-0.9235444
0.7234175
-0.7993008
-0.10826532
0.028984431
-1.4930383
0.8086332
0.8138921
-2.4599826
-3.363256
0.80213743
2.066659
0.78180474
-1.2943463
-4.629958
-2.8937278
1.2210922
1.8947506
0.5125589
-4.344563
-0.17262837
0.76770955
-2.790783
-0.9696019
-0.031042743
1.6514648
1.8029225
0.563058
-0.26577422
2.329882
-1.0824772
-0.43157685
0.88859296
-1.8406918
0.42906892
0.0780981
-2.1035428
-4.1243486
-1.1362065
2.3055162
0.04223235
-1.3500875
-3.4770856
3.2751677
-1.8753612
-2.195612
2.1989102
-2.212704
-2.3763533
-0.6365756
0.8593465
-1.043345
-0.23525402
-0.5920287
0.16197133
1.668383
0.70938444
0.71614367
-1.3786197
-0.3263732
-3.5668962
0.31936142
-0.6827653
0.15117203
-1.7415571
1.628134
0.083398
3.0350118
-3.2755492
0.5408235
-2.4715161
-2.4799938
0.85249305
2.5485816
0.37049133
0.6017561
-3.0992603
0.34880596
-0.2584518
-2.8315208
-0.9142183
0.9021633
0.46286234
-1.6224818
1.1769549
-1.4892864
4.8028984
0.07712195
-3.3612893
1.4685069
0.6221973
-0.28286794
0.52778697
3.2883985
-0.46805513
-1.7710038
-0.22518149
1.0100223
1.6024438
0.629611
3.6030176
-1.9230127
-2.0132134
-3.2746494
1.8744068
2.2994661
-4.567518
-0.42209047
0.26881102
0.7726467
-1.4402704
1.2947909
-2.086174
0.009355001
-1.0757
-0.882796
2.3663409
3.689097
2.0778465
0.82360905
1.2812016
6.2196174
-0.4142403
-2.1934142
1.4531827
2.375903
1.7731036
0.24698985
0.88993883
6.1494517
-1.3745842
1.462492
0.0969199
-0.75201976
1.9013281
-0.9285943
-0.69097453
-0.6008028
-2.4960158
0.59799695
4.5285997
1.757333
-1.0515087
1.8339866
-2.6661062
-1.7191556
3.3657517
0.5367213
0.1291368
0.5644779
-0.7459931
2.3053741
1.2680548
1.72003
2.6308055
0.9979573
-0.014386468
3.3468268
1.0674481
-0.69688725
1.4722261
-2.1889207
1.6563264
3.3259153
-3.5305219
1.2784215
-3.7681315
-1.0091128
-0.42158645
0.43174148
2.7716367
-0.5198624
-0.31504756
-0.23829813
-0.47935525
-1.0675347
-0.087124266
0.40378442
-2.3586028
3.091323
-0.7487244
1.4792833
-1.2739862
1.469439
-0.26934817
-0.30500236
1.0948802
-1.3763878
2.6478484
3.143294
0.5605996
-0.27982473
-2.2549133
0.65411514
-3.24668
2.354358
1.7777305
0.028124265
1.0665725
2.0926764
2.739064
-0.30848235
1.3359084
2.7739031
-1.2106693
-2.096449
-0.2185528
4.9007926
1.1677619
-2.9759564
-1.1720504
-0.92713475
0.30315557
-0.1195722
-2.1046872
-1.5710047
-0.38318354
-3.2695339
-2.8767765
-1.2229896
2.6991835
-2.249618
-2.3263106
-5.3119564
2.0295491
2.7134666
1.3426661
1.6047649
0.29329124
1.3843809
-0.50274223
1.4763782
-2.5145278
-0.71686494
-0.053399123
-0.109570816
2.6341755
-0.021158177
3.6555352
-0.16973796
1.8661447
-1.4628916
-1.2346107
-0.13506183
-1.087494
1.2221217
0.3815139
-0.5726809
-0.39999014
-2.601449
1.0537448
0.21756855
2.9195182
2.6774435
-2.391061
-0.9230895
1.296097
-0.5341789
-0.17234692
3.345611
-1.4769189
-0.24955091
6.438027
4.8459
-0.73042816
-0.7968944
3.517908
0.7497583
2.6113946
-2.1376097
-0.5353935
1.9466219
1.7881217
-1.5348554
-1.2859318
2.7897909
1.8632379
-1.0729904
-3.1459446
-3.4468195
-0.35586083
-3.7291112
1.1760571
-1.9198228
-2.4943178
-0.11338491
-1.9945598
-1.2455804
1.9143171
0.6016027
-0.91567624
2.744876
1.8832793
-0.9532631
-1.2647064
0.5888254
-1.0635363
-2.6229172
-1.5437454
-1.2021329
2.0187902
2.840148
-0.3900169
-0.5568556
-0.62250984
0.02788511
-3.5954876
-0.5798013
3.8631077
1.6122181
-1.7600327
2.1325214
-0.7852528
-1.65814
0.22145283
-1.9639219
-0.849505
-1.6070895
-1.5363989
-1.7990816
-0.24546388
0.20449212
-3.7394114
-1.2166004
-4.017446
0.7821377
-0.7008578
3.348315
-4.967807
-3.0285501
-0.60240376
-3.69585
0.042046845
-3.8900232
-3.541198
-0.82721627
1.7123787
1.5086783
-0.24753591
-1.3017924
-1.2337415
-0.21953323
-0.30920818
1.6610124
0.05681239
3.1999335
-1.763304
1.7344066
-1.6263028
-0.32390362
-1.2988533
-0.42178103
-0.8109413
-5.564833
0.49406478
2.1840618
0.6623432
-2.2080352
2.4710257
-1.2801673
-1.1790954
-2.1776445
-0.90645236
2.3410187
1.489725
0.46584332
1.4474106
-0.5326175
2.0864544
0.35838416
1.4769661
1.7904581
-0.7523874
-1.1765319
1.141771
-0.49800104
-0.86505365
-0.093824714
-1.9857221
1.5779009
-1.1434774
1.4151535
-0.8831068
1.9088964
0.2331853
-3.7119598
0.59199727
-1.3606386
0.40439233
2.965423
-0.15229884
2.3208687
2.773139
0.93801564
1.5863651
1.0416644
-3.968931
-0.14224225
0.69719535
-0.64262456
-1.290731
-3.3624282
0.29319128
0.8170306
-0.37345618
0.75512123
2.1620712
4.5602665
-2.2003949
2.010815
0.60762244
-1.4322357
-2.894465
0.6305298
1.4508964
-1.8931955
0.53250456
-1.3804996
-1.987162
-0.89194345
1.4911999
-1.0315083
-0.579019
-1.4594506
-0.58844364
-3.9640644
1.3059819
1.1482692
-4.0208387
1.4817649
-0.036987074
4.8758664
-0.48578948
-2.819975
-3.556938
-0.57807183
-2.7510276
-4.301439
-1.0846332
0.35008192
-1.9490061
-2.173506
2.08631
-0.096638724
-1.2785653
-2.512749
0.6302338
0.24203438
1.131082
-1.4257157
1.4079591
0.900575
0.958877
-2.0923603
-4.190798
2.6070235
-1.5933157
-1.0745647
2.127131
-1.9618801
-0.49615136
0.8487995
1.0509853
1.042326
-1.7924016
-1.7470105
-0.7327449
2.4239824
0.501001
-0.83415926
0.01912222
2.0882196
0.74637204
-2.1862783
-0.8047495
-1.0159515
1.2318497
-1.4302982
1.8552543
-0.8655542
-0.9267566
-1.8206462
-2.3210425
-1.3668139
0.28799194
0.17961589
-2.899892
3.0230632
1.6942699
0.15833274
-0.5885218
-0.44055584
-0.897676
2.375221
2.0684767
0.9740966
-0.42548934
0.51214457
2.2911377
-0.13180031
-3.1904335
2.1376617
3.380058
0.5963466
0.4141764
-1.025097
0.3554833
-1.3147843
1.4337742
3.1721222
-4.405618
-0.5873274
5.7449846
0.7200932
-1.5450633
-0.39297152
-3.9516492
1.3265654
-0.34057847
-3.4271073
-0.26733893
-0.3921273
-3.3633301
1.2572911
-0.5745096
0.041812554
0.2168144
4.2394276
1.9966742
0.35321194
0.23612261
0.21991572
-0.43240356
3.2414486
0.42845026
-0.61092734
2.8425803
-0.42943826
-2.9926696
1.52313
1.3385615
-0.89555
-1.0779045
-0.86890566
0.89989007
0.11350206
-2.9450884
2.004926
0.21844363
-1.7603853
4.13223
-0.1923601
1.1871433
-0.5339895
-1.0787033
-0.83836526
-0.89650154
-0.3990396
2.2678976
0.083493486
3.0215724
0.12143414
-1.214851
1.7553138
0.59185714
0.9511229
3.0252264
1.2012099
-1.1673229
-1.066188
0.13404521
0.24160075
1.3629813
-1.4639357
2.9900799
-2.5536458
0.35391504
-0.30145186
-0.50540566
0.26739335
-1.7681428
-0.52957577
2.322506
2.183291
-2.4804528
1.4299335
-1.6432675
-1.3555722
-2.9248242
1.3532312
-0.5949122
2.6242332
-2.3615394
-1.6085234
1.6532677
0.114672154
0.44535604
-0.6665634
-2.4927416
-0.68360883
1.5637034
0.42805073
-1.384402
-0.45581955
-0.8396587
-3.1927476
1.7653016
0.8592771
-2.5542111
2.1738732
2.0622935
-0.54376596
-0.11978303
2.1113698
-0.24839061
1.0653945
3.9939702
-1.2796564
-1.4592193
1.5607296
0.24266954
-0.10601928
1.8715758
-2.739798
-1.6534762
-4.0743504
1.1316688
-0.594265
-1.1137409
-2.0620959
-0.16495234
-1.23923
2.151162
-3.4478354
-0.49526352
0.087384254
-2.0541942
1.6216698
2.458843
1.9174054
-3.6972294
-2.1263123
1.8222136
1.2696081
2.9408615
0.09068191
-1.770348
-1.7519268
0.42152786
-3.1927164
2.1897483
0.77095526
1.2699574
2.2414463
3.3662426
-0.23910871
-1.2275901
2.6460595
-0.57687515
-1.3600965
-1.8770382
1.9212996
0.33691615
2.0029924
-0.9743114
0.45875865
-4.168932
-1.77473
-1.2635134
-2.860651
1.9534937
-0.40813142
4.9938912
2.8659334
-1.6957939
0.4311089
-2.511231
0.116777375
2.229988
1.4087282
-0.7784014
1.245114
0.31734842
-1.2730818
-0.27579623
1.5976083
-1.2407745
1.0935657
-4.5507855
1.7325275
-1.0025637
-1.0882657
-2.40117
-0.5345325
2.4370646
0.82220644
-0.18307194
0.18768544
1.6179976
0.95237416
-0.9139436
-0.30375984
-1.9637678
0.81011593
-2.2968423
2.498308
-1.4402333
-1.5417804
-0.7113944
-0.012235381
-0.6085304
-3.363538
1.5219868
-2.31454
1.8666466
-0.37181887
2.064539
0.83538747
0.78446805
-2.941017
2.1703362
-1.1430076
-5.0887885
-1.5974078
-1.1752926
0.90867835
1.3646183
-1.5260055
0.842522
-1.7729459
-1.6953826
1.1326787
-2.9984994
1.4027749
-0.7524396
-2.1709042
-2.2270153
0.61227685
3.7520914
0.25113258
-0.38491073
0.44715855
0.9573445
-0.19024473
1.7723165
-2.4129834
1.1524415
-4.6410403
-1.4497664
-1.6937641
2.0356748
0.20472878
-2.5951505
-0.1401689
-0.4677948
0.4760005
-3.9515948
-2.7146528
-1.6429211
2.7329588
2.094735
0.9835506
0.72005
1.3687916
2.040322
-1.2545484
-3.941114
0.030226812
1.3062421
0.985477
0.8860787
3.466444
1.7268568
-1.7093045
-0.3179446
2.24034
-0.09330067
1.2081121
-1.6646212
-4.3942957
0.37039486
1.1821523
0.78049016
0.0700229
-1.0830377
-2.6040988
-0.72980654
4.469901
0.26123124
-0.68091923
4.2304187
0.6759125
1.2554877
2.1611967
-0.35016274
-3.7798302
-0.4438262
-0.74261224
1.5348647
1.7058411
4.1969814
-0.63633925
-0.18329078
0.673761
-1.487521
-3.1543202
1.2575859
-0.09136571
-3.465318
1.9988291
-1.060048
-0.51506865
-1.1452183
-1.3976401
0.9154774
-1.9752226
-1.8253722
-2.5175147
-2.53587
1.8602226
-2.121786
1.7895015
-1.660117
-0.11591429
0.6026357
0.48091924
0.55727273
-1.0740597
0.63379335
-1.899291
-0.391615
3.0920007
2.5069923
-0.58438
-0.23770645
0.7128574
-3.8862247
-2.7980256
1.2539915
-0.81788737
-1.9757781
-0.58543926
-0.92762864
-4.1625233
-1.3558096
-1.6244216
-1.7681378
-2.2032502
-1.7839906
1.4300901
1.7804776
-1.3384225
1.919591
3.2067444
0.3647138
-1.8659846
-3.7947564
0.7797187
0.62321436
2.2574296
1.4575101
-0.4176688
-0.83651096
-2.4972908
-1.2253232
-1.6489424
0.2952034
0.5849613
0.25908
-0.36552772
-1.8489575
-1.966858
0.6150207
-0.4771245
1.1932827
2.556632
1.1084651
1.7214108
-1.5387771
1.6895347
1.0504814
-0.71107906
1.0022435
-1.8020811
-0.18106765
-2.6172137
1.3611174
1.0225395
-2.8435366
-2.2572062
1.0457766
2.532273
3.059358
-0.73552406
-2.6409924
4.0572453
0.45354325
-1.5537964
3.6071906
5.268208
-2.4411557
1.0718365
3.714845
0.21247496
2.6261268
0.9465456
-1.4599062
-1.0118266
-4.485952
3.3977094
-0.94447905
-1.254254
-0.25030252
1.4170315
-0.6118316
-0.8102363
0.17223969
-1.3784752
1.6394609
3.322237
2.505756
-0.2861359
-0.10529149
-2.5864534
2.635555
1.0896258
3.510676
0.834821
0.4644564
0.18773292
1.0065079
-1.2793348
1.3944438
-2.1110198
-3.4709775
2.403692
-1.1806796
0.37690508
-0.4098801
-1.6428773
-2.7395275
2.029725
-1.0511653
0.9876088
1.8594322
-2.9766445
0.9471989
-0.27206236
0.3989623
2.015417
-0.8310653
1.5215417
-0.052988734
-3.483924
2.456117
0.7888366
-1.2612169
-4.029059
0.7721196
-0.43795365
-1.3884662
1.2309567
0.09724472
0.7641451
-0.75803435
2.585723
2.5789084
-0.39061415
-1.4514858
-1.2323662
1.6245052
1.0103757
3.5149658
-0.57669264
2.034925
-1.1071132
-1.0782992
-0.0782909
1.3471498
4.812336
1.0224991
0.5853296
1.6054411
-0.13212967
0.3931741
0.9926128
2.2846646
-1.9534341
0.2542034
-1.9832557
-0.9819976
0.22003952
3.763897
-2.2218316
-0.7823389
0.5508564
-1.075083
-1.8326132
0.5161041
-0.88028765
-1.6879486
-1.0891068
-3.9757771
2.9372358
0.20327975
0.93873143
-1.2775464
-1.587931
-3.0480318
0.032096222
-3.0234904
1.5403272
1.3901559
0.6678236
0.39512256
-0.80718625
-0.5993967
-2.971503
-1.1201869
-2.7568529
0.32701823
0.5745919
1.1350976
0.96288264
2.232509
-1.088084
-0.05158738
0.5260277
-0.11702979
0.18002702
3.253781
-0.20428762
-2.2958972
0.4029412
-2.6473997
-0.38280392
-1.6846169
1.5630273
3.208652
0.6433713
-2.676757
-1.2061726
-0.8808218
0.9583372
-1.4932709
-1.8040556
0.25178704
-0.23516247
-1.3572311
-1.0631174
0.33120543
6.7230186
-1.2251775
0.110024594
-2.6795392
0.37305528
2.751924
0.20548266
-1.8075142
-1.60273
-3.80593
-1.2031093
-0.6408318
0.7566383
-2.8717446
-1.8286335
1.7079906
3.3722875
3.928207
1.3621192
-0.20334518
-2.0319822
2.4339628
0.4578565
-0.5158128
-3.0506124
-1.0329279
0.28847048
0.5151289
0.43239486
-0.17475581
-1.6882969
-1.2001252
0.8008043
-1.1271874
-1.852044
-2.042301
-0.4942692
-0.3681233
2.6264298
1.1905143
1.9223344
-0.1933272
1.2700322
-1.3402653
0.84814715
3.659877
-2.5347724
0.6148935
-0.51909614
2.8577447
4.240061
1.49869
0.7762875
-2.0359416
-2.5614562
1.8610902
-0.6730605
1.1996287
0.050357047
-0.2783826
2.152877
1.1241896
1.3511851
2.4641817
0.21692576
-0.23373732
0.95992696
-1.1425302
-2.1525145
-2.2202902
0.33703336
2.5512338
-0.99227524
-0.8241956
0.55823547
-2.7976322
-0.6146096
-0.38255823
-0.44802463
0.2934665
1.5723984
-2.4268138
1.3633164
0.66118854
1.6415786
-0.39831457
0.9540003
0.28491095
-1.0131764
-0.7843401
-0.40647912
4.891195
-0.36136654
2.7505655
2.1866205
-1.2213938
-1.8529495
-1.5120369
-0.6881867
0.97092676
4.264318
-1.5059712
-0.3640541
4.832157
0.7266635
-0.040226225
4.3945336
1.1155394
-0.108672194
1.2113183
-0.41745993
-1.8952764
0.23198125
0.788038
2.2038488
-2.4143827
-2.3859038
-0.26404035
1.1832287
-0.88990515
0.42482147
2.2752883
-3.9939435
0.42922628
0.96519417
3.313846
1.978401
-1.1455358
-0.094599105
-0.9870865
1.7066259
3.556127
-0.85114694
-1.5205333
-0.6536118
0.98285246
1.6607554
-0.17562622
2.6803298
-0.7712938
0.31375173
-0.2936083
3.0800161
-4.383101
-1.5520697
-0.6771317
2.94158
0.010122724
0.57082736
1.5656533
-1.9393846
-1.2632146
0.21159828
1.9845722
1.1162522
3.4453669
-2.0673988
0.42176187
-2.1591687
-2.3756452
-2.9257588
-0.21941909
0.49056172
-0.5100426
-0.59121644
-1.9535307
-2.5337052
0.84664506
-2.229002
1.2466942
-0.79109854
-1.5155289
1.8985555
-1.0462146
4.8679395
-0.48660073
2.0402474
-0.3629012
-1.9552008
1.6615071
1.221608
2.8219366
-1.8910859
2.6027482
-2.4516244
-0.094344474
3.2539504
1.2841753
1.725956
-6.522249
-2.479783
0.5157023
1.1556562
0.2506337
0.8732235
3.6648245
1.1145519
-0.56566036
1.1041255
0.75276214
0.59880275
-2.8567681
1.4279032
1.5964917
3.051212
-1.2414289
-2.4484954
4.3414187
-2.846588
-0.38259086
0.7910975
-0.21386579
1.7371373
1.8366364
3.4776416
-0.019342422
2.1617992
0.32935753
4.423523
-1.0244443
2.4886785
-1.2861829
-0.5742907
0.2581845
-1.6574852
-1.6499739
-1.2735873
-0.84372133
-0.933769
-0.326321
0.14096892
0.029333003
-1.963131
-0.26289347
2.5831387
-3.9264314
-0.65500003
1.4394534
0.19520086
-0.9105343
0.79360384
2.0608356
-1.0840807
-1.3039726
0.69242
1.5359792
-0.13606566
3.5114663
-2.9055343
-0.29610142
-0.048508942
0.30598342
-2.4171731
0.11811674
1.5808918
-0.61147773
1.5134071
4.4622
1.9234148
1.9411259
-0.89569896
-1.8854674
0.06413838
-1.9747021
-1.9980133
1.2659192
-1.0222893
0.6124407
-0.38190907
-5.5113587
-2.4808369
-3.4655988
-3.681903
-1.7001795
-2.8811085
3.1842306
-0.18539432
-2.7639832
3.5362542
4.147799
3.4818978
0.029952575
1.0891025
-2.9388707
1.918668
1.9627644
0.14388922
-1.1203157
0.39911175
-0.17002884
-1.9826715
-1.0191325
3.1509812
0.5734972
-1.9088926
1.9847676
0.38659656
1.7966
2.0235991
-1.3567623
-2.1626532
-1.9882568
0.60800695
-2.608709
-0.27545965
-0.05233822
-0.27496335
-2.7976725
-0.19473007
-1.8239567
-1.3711674
1.187072
2.5298
-0.72420543
0.17385244
3.516166
2.689673
1.4371514
5.6705046
0.9144481
0.71193093
1.6195437
1.862217
1.5187705
0.71624184
2.151869
-1.2775987
-2.6993191
2.3641596
0.89410466
-0.4744675
3.4838135
1.1822983
0.33579364
-2.341488
-0.37179485
-0.88377994
-0.16522539
2.3191085
-1.585517
4.0710096
-1.6964701
0.6729401
2.2759643
0.532527
1.5308924
-3.7383423
3.7915251
2.6501796
1.0409558
-1.0355814
-1.7984854
-1.8533152
1.3653357
-0.45684522
1.4128416
1.3813622
1.6473031
-0.34709412
-0.7746955
0.590233
0.61498564
-0.33020392
3.050587
-2.387627
2.4572995
-1.1042954
-1.889414
1.6564152
0.11097201
-0.6227666
-0.9824232
-0.43520552
-0.0565866
1.4945521
-0.31041586
1.3963722
-0.9808868
0.887357
-2.3970492
0.882396
-0.37346387
0.8281366
-0.7025605
0.94677913
-2.8872247
3.0821261
0.6371999
0.69383365
-0.16067511
0.19646907
1.4553533
0.9361571
-2.1897404
-1.4063568
-2.736318
-1.6344647
-0.46730006
0.1444816
-1.1636178
-2.7719555
0.123041436
-3.6830447
0.79400647
3.947362
1.5641943
-0.32457107
1.2724241
-5.586676
1.2557787
1.3159289
3.4476533
-0.89510226
1.3539227
-0.10122382
1.5029501
-0.76545835
1.5605607
3.6059675
0.37430084
-2.3076954
-0.07328787
3.1752949
1.615268
1.6739465
-0.6546507
0.16572385
0.82880926
-0.6769757
-1.4092087
0.9483267
-0.48618633
-1.1388521
-1.5952445
2.1423423
-0.33589125
-0.36390635
2.9084113
0.45327762
2.5250905
-1.4687752
-0.8712462
-1.9831958
-2.688649
0.55115664
-3.538321
-0.47893298
0.76166373
-3.5367029
-0.3035604
1.6760403
-0.09435985
0.818379
1.4707372
0.2880456
-1.2533282
4.023457
-1.8401586
0.5022254
-2.0925512
-2.524969
-1.338856
-1.5468404
-0.8336937
2.5081553
0.036915325
-1.2095002
-1.8439226
2.320899
-2.5191748
-1.9408263
-4.052731
-3.1002197
-1.1982474
0.36642867
-1.3415718
-0.5777919
0.10576482
-0.18658578
1.4635847
1.6605189
0.2744476
2.8403814
-2.7317061
0.3165056
-2.443842
-0.8345889
-1.3639368
1.4558238
0.8704463
1.4079098
0.9906453
1.3280848
0.24964477
1.676493
-3.4560463
-0.40090075
-2.5937214
0.5034567
-0.010613963
0.87300223
-0.35006386
-0.16209996
-3.3490465
-1.2627747
1.0784853
-2.1083055
0.9784614
-3.7619898
-1.515199
0.6593399
-1.9911518
-0.06125573
2.1630845
-2.798662
-1.1647195
-1.872288
-3.386899
3.3667367
2.444111
-0.84491336
-0.73631984
-2.969843
-3.5540981
-0.44638756
0.2302081
2.6476245
-0.35688245
1.3727304
-0.0557597
0.6976893
0.63580716
-1.499074
0.7022869
-2.837809
-2.9964328
1.1939341
-2.0093446
-0.5763955
1.861107
3.2281713
-2.174585
-0.33492458
-0.9044408
-0.31716797
-2.0494683
-0.8651374
0.0969586
-3.261725
-1.2374591
-1.9233694
-0.64822745
-3.8285708
-1.7946967
-0.7288824
-2.4695573
3.766741
3.802449
1.2430108
0.65397215
-1.4754195
1.5149688
3.3850276
-0.7299849
-3.905437
3.3868504
2.568583
2.0683305
2.6149414
-1.7014426
2.7622044
-1.4917344
-3.5782547
1.3983155
-0.5891913
-0.31048644
0.94344753
0.5526261
2.4263551
-0.9272213
2.1104288
3.6916828
-1.8350812
0.5454239
-2.0117962
-2.6299903
-0.01845403
-1.3762678
2.3026857
2.7124624
-2.0296135
1.2549143
0.49719167
1.5724261
0.63470143
1.557246
-1.105511
3.0576103
-2.0632334
0.9527823
-2.9058993
-1.0952438
-1.2978013
0.10731505
-1.0104058
-0.18551844
2.526008
-2.4218426
-2.4732099
1.0903456
-0.7677883
1.107562
2.8804717
-0.33016747
-0.005990483
2.6584084
-0.0034639388
0.73512423
-0.91890985
2.1270087
-1.0202976
1.1382561
-2.7082255
2.0987527
-3.7679436
-0.4424043
-1.048413
-1.9839731
-1.3440427
-1.0338129
2.8196135
3.7993515
2.6360602
0.47525248
-0.052252457
-2.2090466
2.3151078
2.5745976
0.95364594
-0.15264362
0.54517764
-4.1153226
1.3339552
1.1159781
-0.4412511
1.7245392
0.68595153
-1.6001456
-4.105716
-1.0993552
1.273434
-2.549162
-0.35115644
-0.22011733
-3.8391714
0.19595343
-1.0270567
0.41783115
1.8367511
-2.2038949
0.26264843
0.69087327
-0.017281726
1.2679679
-3.3014607
1.3780749
-2.6455157
0.17092727
-0.8239411
0.030862376
2.0632737
-0.68375456
-1.4068867
0.5523993
-1.4411923
-2.6156695
-0.5288287
0.3845423
-0.08202541
-1.3729422
1.0285213
2.5840116
-2.4129958
-1.0898651
-0.19321606
-3.0659807
0.91115385
1.7758417
-1.5625695
-0.20986259
-1.2018768
2.9506924
-2.271794
0.6277913
-2.3557658
1.3600783
2.0667012
0.90576315
0.21537308
0.17011184
1.877738
2.8965025
-2.3661046
1.2955722
-0.81830734
-5.659951
-4.0870137
-0.99816835
-0.9772283
-1.1489027
2.3599734
-3.3830256
1.012404
1.8310829
-0.3088968
1.4019815
-1.9083121
1.3575586
1.336862
1.0892007
-1.0096592
-2.148358
0.7232335
-0.39882705
1.0117224
4.6146045
-0.35424715
-0.9586351
-3.1522794
-2.7367272
-1.7307371
-0.08685318
-2.3503096
1.5330101
-0.9612285
1.8626771
2.5125494
3.188355
-2.9622293
-0.12873058
1.3771608
-3.4685793
1.0135887
1.1248988
0.4953568
3.4215212
-1.2157964
1.0379311
-2.5356174
0.860289
-0.05059375
-3.8002758
-1.7861829
0.28120297
-0.5729329
1.3044488
0.6163953
-0.8187856
-2.674912
2.6430514
-0.37829295
-0.9735316
4.5668454
-4.7500725
-2.1596098
-3.0402217
1.0840793
-0.8023267
0.36330965
2.8975408
3.1599667
-2.6965485
-1.6100948
-0.20628765
0.033225186
-0.27038783
-0.2977689
-1.2339169
1.859603
1.4543487
0.32743108
1.1187634
-1.0557207
0.021818258
0.06572908
-0.6642944
1.0975043
-0.76793337
2.6556025
1.1898284
0.15963174
1.6147491
-0.44099322
-0.52138114
-1.3299658
1.7769904
0.5606435
2.5206783
-0.3346995
-2.6057293
1.5577391
1.4621296
1.6571752
1.0698934
-2.2389388
2.1913188
-0.83882695
0.4657325
0.29717743
2.103151
-3.658995
-3.4366872
2.367878
1.2217783
-1.6248124
-1.6300249
-0.31328312
-0.20637068
-4.3106236
0.8326492
3.2228184
-1.289079
1.9732742
-2.136971
-2.0409586
-2.5469446
-0.5024462
-0.4534036
1.6007987
1.9939281
1.1951408
-2.2037835
2.506638
0.5696506
-2.9651291
-1.7363601
2.929847
1.6136433
-0.88313687
-1.0264537
2.8489525
-1.5367328
2.5426767
-0.7419168
1.277536
0.96138686
0.10556687
-0.683737
0.38521874
0.08875112
4.471367
-1.8751941
1.9369841
-2.616802
-2.1315274
-2.9180176
1.3513086
-1.6448858
-0.19449538
-0.30586973
-3.0312455
-1.0483642
-0.7294439
-2.2663753
1.4621869
-0.9159001
-1.6861551
5.110779
1.9245194
2.8633733
-0.033078842
1.4738349
0.108888954
0.5426426
1.3788676
0.7773852
-1.4499094
1.1181242
0.0326078
0.018894963
0.6853834
2.0490637
1.2820469
-0.042085465
-0.9148896
0.12707548
-2.649125
1.2093564
-2.9708447
0.5583111
4.383956
1.0690354
1.9853984
1.9261085
0.64002645
-2.866782
1.7422254
-2.9802253
3.170613
-0.836856
-0.59077775
1.9577094
1.2976326
0.290231
2.9324868
0.8235825
-0.34880054
-3.1601949
0.6906946
1.198321
-1.0425341
2.8848395
-1.565916
0.9039237
1.5007974
-0.46163985
3.070955
2.3530512
-1.6580545
-2.0646133
-1.9051067
0.48022604
3.8560302
1.8193232
2.0100849
1.5914721
-0.19451997
-1.3066791
-0.26125985
2.840229
-0.87349904
-1.4573907
1.8230186
-1.7321904
-1.6501812
1.3222691
-0.1285463
2.3365347
-0.43745452
-4.296148
-1.7234968
0.1325955
1.198772
0.04496633
0.07265189
2.9078932
3.5763068
-1.3137524
-0.36575967
-3.1709638
4.6177764
1.5017995
1.0731604
0.6599886
-2.4812827
1.5624197
-0.57353646
-3.6991203
-1.8086582
-3.0831892
4.06117
2.8286185
0.45104796
-0.43336466
2.876093
0.24479432
3.0492196
-0.80428547
-3.2146015
-1.2039169
1.5366431
-0.99529016
2.8902197
3.8902638
1.01934
2.7512097
1.3224665
2.3910623
0.15220764
-2.5980494
-0.79627234
-2.1263223
1.1378694
-0.012923822
0.935651
-3.0467916
-0.9788489
2.205313
0.09005999
-5.326188
0.6751662
-0.87545484
0.92928505
0.5853036
-2.9011352
0.283884
1.9189388
-1.4351652
0.1422565
0.31086951
1.0709727
-1.2433532
2.904311
0.4822088
-0.081621245
0.9998024
-2.584915
0.9506717
-2.3075645
-0.49452534
0.4768242
-3.1878388
2.6668565