Nelia
0
0.65745234
-1.0750299
-1.3173256
-2.030048
-1.7048628
0.092497714
2.8482347
3.238841
1.7521124
0.09969181
-0.41056865
-1.0669903
0.2636513
0.66390127
1.344741
0.55675864
0.90799433
2.2171571
-0.79886514
0.3684808
-0.32339668
0.15278
-0.75658077
0.89285797
0.49749762
0.38159946
-0.42749968
0.32813048
0.40436706
-0.7364328
-0.95396155
0.6765259
0.40771842
2.067494
5.0918174
-1.1841074
3.2861586
0.893463
-0.7599073
-0.9763532
-3.6592946
-1.7861001
-0.3625393
3.1352787
-1.8069537
0.3099676
0.5202308
1.2120008
1.0330336
-0.26498714
0.22575276
0.26403475
-1.3634905
1.022247
1.9088262
-0.33128545
1.8801609
-1.3457475
-0.80509275
-1.2365363
1.2723755
-2.398006
2.30972
0.9717536
-1.4954456
3.1178849
-3.7433462
-0.4882212
-1.4248959
-0.8256104
0.94376826
-1.0268551
-0.8679784
0.25990078
-4.686278
-0.14653364
2.1227093
1.0507448
2.2367404
4.077678
-1.1168023
-4.4998546
0.5772717
1.3677851
-1.6716968
-0.7048586
2.9421341
-2.5742881
3.136303
0.45558518
-2.3522172
-0.9311583
-2.0947375
-1.145155
-0.07085551
-2.1284719
-4.0044117
1.717683
-4.1220655
-1.4585874
1.0316374
0.21565168
-1.4235402
-0.3160212
-1.0936036
1.2670743
0.31226256
0.5415956
0.26622844
3.6105893
2.8688772
1.0138521
-0.6540879
-0.699328
-3.5899582
-0.08737785
-0.627689
4.8078876
2.7848942
1.434049
1.6871797
-0.71925795
-0.138305
-1.026562
0.18721667
0.67215043
1.7450132
3.7806783
0.5488282
-0.37915504
-1.8915935
0.7723777
0.87181455
0.8176465
1.2429473
0.9583575
-2.3075256
0.6884106
-0.27993193
-0.9410556
-0.08938895
2.3087564
1.3876948
0.031717397
-0.9004181
1.5343932
-0.45877558
1.5719389
-2.6138453
-3.2875187
-4.7057767
-3.4367712
-1.8694341
-1.6818384
-1.089721
-0.05489526
-0.20663889
1.0246775
3.6774776
-1.795503
-0.10244087
1.2448097
-0.91166604
0.50710565
-2.481346
2.2703202
0.9121255
-0.40861803
0.24298954
-2.3304396
-2.243792
2.0829303
-1.9327936
-3.2823398
1.2731466
-1.9288429
-0.23776451
0.46792176
-1.0169971
-0.35122204
1.1094692
-0.22681275
1.9984841
-1.2473547
-2.0395203
0.28837574
2.5183408
-5.924164
-0.24332252
-0.8475981
-3.3598223
1.1944307
-0.6971914
4.292843
-1.8969908
-0.6470938
0.35033515
-1.2368664
0.75657547
1.2532734
-0.9421301
1.0081583
3.364938
-1.9195398
1.0431355
0.92423123
-5.298757
-1.2522358
-2.3682249
3.2300792
-4.061446
0.0036544353
-1.84195
-0.11578842
-3.6396716
2.0505552
-0.7353156
-0.0021619946
-1.0976632
-0.71414375
-4.6963077
-0.82922864
-0.7098274
3.3593562
2.1211262
1.3565005
2.1430373
0.71786845
3.2999058
-2.8245542
-0.8896249
2.9436505
2.6771019
-1.7231481
3.0567446
4.457323
1.1928573
1.1545422
0.15999502
-0.72959954
-1.3748753
2.0197077
-3.7663321
2.2368312
-1.7471656
5.581526
5.3367515
0.34870258
2.3244886
1.4513341
1.2599658
-1.3923653
-1.0793877
0.21800652
2.2853146
-1.2578887
-3.4053683
1.4888597
-0.113326624
-2.9967697
-0.414787
2.9638233
3.0066767
0.7259343
1.419133
-1.8703084
0.72566295
-1.0727774
1.785595
0.16163099
-1.1089226
-1.2054727
4.514231
1.4559077
1.3976932
4.3425384
0.52794135
0.6091225
-1.3925093
2.3667867
-6.280376
-1.7084217
-0.39635652
1.850529
-2.3063586
-0.81135863
1.7478554
-0.29146874
-0.7524972
0.2035796
-0.14189002
-0.19038576
0.5629145
-0.16016924
2.8674486
-0.7879119
-3.062128
2.6423767
2.4762907
2.0601468
-0.27783543
1.5721992
-1.5610373
3.381674
0.74865633
1.6663151
-0.12218382
-0.5000518
-3.2467124
-1.378759
0.003041692
-1.4497789
3.450104
0.6724351
3.0132394
-1.1499438
1.2915688
0.8006312
1.2344851
4.148219
1.5013119
0.5806545
-0.66581607
0.9338738
3.699136
0.27310336
2.5969427
2.6019785
-1.2864425
-1.9610039
-0.037037686
-1.6008043
1.3754977
-0.39464974
1.3410704
0.33380944
1.2707417
1.443189
-0.983164
-0.073465005
3.176038
2.4996848
-0.05190745
0.9441298
-3.9181483
1.4586451
3.3393567
3.731835
0.70812714
1.4597253
-3.654474
-1.407261
-2.3268206
0.66249025
-1.0967245
2.102485
-1.6225721
2.039116
0.94330317
-1.0796068
-0.9348332
4.3374434
0.15898162
2.4037497
1.4777901
-1.3691176
0.90848714
-2.8248348
1.3031499
0.7089844
0.042557497
0.8307331
2.1669054
-0.2985701
0.6950999
0.17500973
0.98977035
0.48580906
-0.732906
2.4092526
-1.2807568
2.5866163
1.3982375
1.210449
0.55858463
1.8028876
-0.55421525
-1.366514
1.957569
0.28187215
0.42887855
-0.9910426
-0.10031722
0.10282589
0.82039434
1.1036645
-1.0355642
1.4811181
0.98952585
-2.06121
-0.4729598
3.5865238
0.7827762
-1.0020225
0.37079173
-2.1375477
1.61126
1.5965637
-0.7305922
-1.7326617
2.0556362
-0.6644465
3.5221748
6.512058
0.725857
1.0442462
-0.6677901
4.2697997
3.702495
-1.0793105
1.1952709
0.048145883
0.5927215
2.4291356
3.9991944
2.0309415
-0.07659825
-1.8134639
4.258758
-0.6586304
-1.2698014
-3.229925
0.041320268
1.7149274
-2.8926651
3.7730598
1.6037112
4.377338
-0.015856117
-1.4757888
1.0141866
-1.2070022
-2.820914
-1.2427397
0.22818363
1.8439335
2.0924604
-0.9211538
-1.6130402
1.2964448
0.8644586
1.2012355
0.73300976
1.1084303
1.0924083
1.560753
-1.396777
2.4610405
-1.386664
0.58661747
0.4509525
0.36470658
-0.83171755
-1.378591
-1.5496949
-0.21447518
0.87127393
0.0510446
0.60177726
0.63889706
0.97100693
-2.7119243
-0.6001883
-2.1032734
-2.49341
1.239982
-2.1336465
-0.49101788
-0.97251457
1.2395197
-2.0211473
1.3392296
4.0462875
-1.2909065
0.7799187
1.6503224
0.7520524
-2.2366805
0.7212244
-1.5500422
0.3759027
6.284551
1.0903606
-0.29979694
0.28119197
2.474854
0.7948128
1.3395127
-1.943131
-3.8746889
2.710497
1.898846
0.31908923
0.9552152
-1.2152653
3.7809057
-2.078234
0.33573607
1.9490169
-3.3756788
1.4066038
0.8155244
2.2365863
-0.7055745
-1.4475454
0.4159389
-2.6857235
0.3869071
-1.3771753
-0.5169795
-1.0655018
2.4908736
0.49192175
-0.5905154
-1.0501932
3.0373783
0.52661705
1.2755296
3.47148
-0.36281842
-1.1747234
-0.6459318
0.31549612
-0.13344331
0.9624139
-1.1664684
-1.8879322
-0.53659624
0.29280415
-0.7312848
-2.919496
-4.068193
-0.66858816
0.8738946
3.907807
-1.595133
1.8442504
3.2061846
-1.0351269
2.4179993
0.2756453
-4.4128914
1.6873467
-3.6915073
1.6220677
0.45249116
-2.3279693
0.47698382
0.14337602
-0.927955
-0.09903708
-1.1302698
0.34812212
0.7184755
-2.061859
1.0607139
-0.4288715
2.0114357
-1.5429964
1.0070344
-2.941828
-1.5875423
-0.16234611
0.8215405
1.5294808
-0.1977844
-0.031771556
-3.815199
1.8790243
0.11391365
-4.0693502
2.6897476
0.7855176
1.118902
-1.5701519
1.5749826
-0.48897517
1.3221459
0.09324229
4.2570577
-2.025068
0.29328755
0.5877387
-3.537532
-1.4266514
1.072005
0.10600552
2.0753567
-1.4383899
1.0934107
-2.165618
1.8605047
-2.6728172
2.7459319
1.0990407
2.8239555
3.147819
2.295899
-2.9048815
2.1102166
-2.839952
1.839038
-1.4982823
-0.7699871
-2.0403483
-0.17751223
1.4119868
-1.7728306
1.6769016
-1.7668443
-1.6325396
-1.2169787
1.8845989
1.085495
1.7045653
-1.6910793
3.255813
2.125419
-0.33361962
-0.4076528
1.9277726
2.076241
2.4147654
0.096702844
0.19196159
1.1144482
2.831498
-3.6165197
-1.2945658
-1.5658807
-1.6332381
0.49673083
0.13682973
-1.3057983
0.33445942
0.5991888
0.36620557
0.53500456
0.9111373
2.118638
1.3729767
1.3659624
-1.2625017
2.3517814
-2.3438
3.5377846
1.7128779
-0.8379944
-0.08417081
0.81445026
-0.8630055
0.74424636
0.51292676
-3.1959121
-2.083897
1.982342
0.68261284
-0.45366278
-2.15186
1.0388749
-2.6833043
0.7735649
3.513062
-0.6057413
2.4458656
-0.47710884
-0.6934998
-4.178717
-0.32040465
0.055908516
4.416843
-1.2733406
4.0323267
-2.9453862
1.1159053
0.025855891
-2.2984493
2.4312673
-0.26197463
-1.6552513
1.4206709
-0.02925792
1.4066927
4.5807447
-0.18234012
-2.3026116
-0.5362325
-1.0049939
0.25177222
-1.4351629
-1.9647156
-0.12635323
0.5706139
-0.81932086
-3.5248978
2.596687
0.17367071
1.8489791
-0.60695696
-2.4174273
3.0143685
0.3402865
1.8163004
0.6853226
0.32780755
1.1106625
-1.6112528
2.7121093
0.6323264
-2.249788
0.3556603
-0.2779144
2.60183
2.2082267
1.2093024
-2.511758
-2.8103685
-1.6753381
-0.38109472
-1.6159204
-0.30611128
1.9267043
-1.2316921
-1.8161831
3.499338
0.6650786
-1.2860503
-1.5019224
-1.3440396
-0.7297351
-0.85600674
-2.3900228
1.8621129
-0.8374268
1.4156834
1.2610041
2.7253327
3.248183
2.5726485
-1.8776377
2.7721357
2.6210039
1.6412834
-0.14521047
2.0241795
2.4298944
-0.06185984
-0.8615279
-1.08808
2.1874363
-1.3791376
0.7862752
4.0362825
1.8923931
-5.5704103
1.6692325
2.762813
1.722539
0.22924188
-2.393458
-0.57888615
-3.5740206
0.11060987
-4.2687078
-0.16722636
1.9282644
-0.6270598
-2.0974188
2.5190508
0.92913437
-1.0721256
-1.8812249
-2.250807
-1.8965707
-3.1390867
3.2034242
-3.1061633
-0.29239413
0.4919224
-0.3684769
-1.9758173
-1.7230043
-0.11159254
-1.2062855
1.025535
2.4336789
-2.3664653
-0.064134814
1.5401257
-1.352267
-0.9102732
-2.5532193
0.698232
-1.0679735
0.0572477
2.0049076
0.18492344
-0.9750809
1.423479
0.6967497
-2.4051487
2.2492976
-1.3150085
-1.9082232
-1.5947342
-0.5423241
2.9696398
-1.694787
-1.9052204
-3.612239
1.6057767
1.0972879
-0.4215861
0.04985764
0.75279725
0.4485077
2.1659439
0.23072746
-0.8625249
-2.956863
3.0220194
1.215215
1.0834695
1.0743763
1.753771
-3.3764715
-1.3546497
0.5748569
0.98456776
-1.6222583
-0.8434787
-3.1940758
1.2588733
-0.185229
-1.6472837
0.26404884
-1.9296383
2.8009672
0.30738816
0.13871537
-0.4828516
0.778577
-1.6830065
-0.44736105
0.22237936
1.5594269
-0.6884299
0.12819134
2.3490584
3.1251867
-3.0138407
-3.3151498
3.443901
0.1883594
-1.8982456
0.35195202
-0.23247191
2.855597
0.3350412
-0.28622508
-1.1458347
0.8461839
2.2003992
0.65186435
-2.0066335
2.2489784
-1.66933
2.5638406
-0.512805
-1.1665791
-0.72194165
4.257195
0.6194544
0.3173061
-1.7267207
-0.94394124
-0.35305274
-0.7189283
1.2415191
-2.007576
-0.5992477
-0.34668234
-2.9082282
1.5394491
2.0256317
2.2706184
1.8105137
-1.6018615
-2.7941864
0.12395313
2.339754
0.8598037
-5.5076766
-2.7607453
-2.269034
-1.3635893
-1.4180983
2.3118746
-0.7709479
0.324812
2.6464381
-0.38371632
0.16637495
0.39803952
-3.5819528
-0.92655885
-0.65292776
0.19566214
0.17698023
1.3020284
2.360811
-0.8535517
-3.7302783
-1.8083669
2.6505225
1.6535767
-2.7282135
-1.6683666
1.925182
-3.4585042
-1.4132619
2.083523
0.25676435
-1.381622
3.234531
1.2117916
-2.7330174
0.5798441
-0.52851725
0.79633456
-2.3848653
-0.6254785
1.4765726
-3.6212711
-0.560615
3.9321327
2.9082494
1.5083777
0.8118603
0.656113
-3.288311
-0.031395078
-0.2832788
0.6520311
-2.7648156
-3.3140342
-0.12220142
3.1511261
-0.10779681
-0.36502212
0.295907
0.4250813
0.6125808
-1.0788735
-0.7870818
-0.14275411
0.85738474
-2.9720864
0.6440092
-2.1050248
1.8885244
2.7232425
0.09567082
4.3967967
-1.5485045
-1.8655432
-0.470045
-0.85806495
0.46936968
-3.7703028
1.1378272
-0.038561106
0.21828383
-0.53442365
1.5716919
-2.9088035
-2.5964372
-0.91619754
2.1946383
1.6476159
-1.498163
2.3927517
-0.20511991
1.1476899
-0.79058635
2.954049
-1.7948967
0.62538564
0.08469186
-1.612383
-0.30474848
0.24831823
1.15047
2.5344381
0.43416387
2.8634505
-0.52582425
1.0585474
0.18360856
-1.9804804
2.362289
-0.33452362
-1.6076972
3.323784
-3.1586497
-0.44823855
-1.9851795
1.7020041
0.10234743
-0.59261334
2.6379454
0.06932469
-2.0618267
0.7080228
-2.0293581
-0.39995328
0.2709192
1.9350595
-2.209609
1.1802793
-2.864597
0.53759414
-1.0909388
0.40066046
2.7790244
-2.9284995
0.5122224
-0.26765275
-1.4034787
-3.414417
-3.754387
2.728837
0.859242
1.7792894
-0.4789466
-0.040476464
2.7783651
1.9498652
-0.41395998
1.7576993
0.68154055
0.46355593
-1.6541513
-1.909301
-3.9602268
1.154147
-1.1954674
0.80581903
1.1864294
-0.27737856
-0.7350099
-1.6127602
-0.31756356
0.04328829
-1.0807742
2.8493414
-2.993063
-0.6342057
0.81178576
1.0257882
4.006077
-0.51226664
-0.43575183
-0.8168416
-0.89750546
-1.0647105
0.38898605
3.6375668
-0.4008235
0.08390637
2.7423372
-0.29589668
-0.55718803
1.5245371
0.6423301
-3.2177093
0.31238484
-1.0691948
0.4547744
1.7656424
-0.13601667
-0.9533482
-2.1213384
0.5001707
-0.8928777
-0.42047173
2.0902061
-1.1078072
1.5999813
-1.514376
-4.460619
-0.82403654
1.5858328
1.6601965
-0.0069518164
-1.6688488
-0.6888964
-1.9055685
-0.97726095
-4.0142775
-0.20486277
0.817068
-2.2103992
-1.1592245
0.1961128
-1.8321174
-2.6778133
0.4365245
1.6023855
-2.275803
1.218365
-0.9902842
-1.7123091
2.2089496
2.7681847
-1.885861
3.612457
0.676751
-2.0313582
2.2378716
2.20723
0.33848375
2.2394576
2.2071667
-2.291004
0.38712615
2.0823963
0.50974333
-0.13525528
3.1326504
1.5005906
5.3206587
1.2303952
1.2614317
-1.1408902
-2.3400207
-0.88283056
1.1586499
-3.2770133
-0.6450411
-0.28438833
1.5540537
2.6846087
2.9097605
-2.876918
-0.60701185
-0.55906963
0.6220954
3.9383793
2.14987
-1.8340256
-3.4797637
-2.099658
0.9604478
0.85518754
0.21623969
-2.2998471
-0.2870427
-3.056179
0.28408325
-0.4977136
2.839346
-1.3455813
-0.83977735
-1.2427522
4.6540155
-1.660584
0.22556864
2.092045
3.4854553
-1.8047564
0.6747044
-0.37514934
0.5415098
1.7698393
-0.45756474
-0.8719545
-0.23172116
-1.6561642
-0.38173452
2.1692643
-1.4796004
-1.802445
-0.3791142
0.764155
-3.6491954
2.4189408
0.31682152
1.3065569
1.340813
0.73217916
0.60687345
2.3030887
-0.25909328
3.04053
1.4517996
1.4493455
2.848458
2.8962696
-2.4993987
0.7504061
-0.9702725
-0.07476028
0.7370712
1.8658868
-0.17215794
-0.9289486
-0.79636204
-0.8819677
1.3263363
1.8055148
-0.65828836
-0.40843344
-3.5412977
1.3295593
-0.45932552
1.0407481
3.3918679
1.112656
1.4244801
2.5488424
-0.6837131
-0.020574361
-1.6838136
-0.43524593
-1.4201678
-0.94398785
2.3010015
2.8884509
1.1745266
0.2548908
3.3364196
-1.7759479
0.8300351
-0.9997405
-5.1963763
0.7432399
1.7465494
-2.226759
-0.18985745
-2.0678098
3.0121222
0.866838
-2.2516685
-5.589875
-1.0511923
0.50890315
0.1948678
0.68338394
1.0415751
0.7730825
-1.9360999
3.6657605
0.29468617
-1.2288446
0.8133734
-0.7018606
-0.68886393
0.037413932
-0.22708061
0.7825572
-0.3764983
-4.8110476
4.46423
1.3950194
-2.4656374
2.300122
-1.6644944
-1.04016
1.9780476
-0.60209066
1.2996291
1.4988374
0.26524052
-3.2159348
-1.7271547
0.8796482
0.30690634
1.1899546
1.2970636
-2.2004895
-0.4440555
-1.6968888
2.0344481
1.7995937
-0.7012148
0.9203979
1.4901416
-4.33061
2.3134403
-0.2855894
0.13360623
1.9800276
-0.92979604
0.9377249
0.7492586
-2.9571655
6.2747135
1.7973701
-2.8016393
1.0690154
-6.104157
0.5113078
-3.0837898
0.08324752
-1.0601183
-0.8880731
0.41567305
0.004520938
-0.40016487
0.06696471
0.9502224
-1.1216908
-1.9873813
-1.3489045
-0.35858175
0.942922
2.3498538
-2.9320946
-0.79164296
1.4748495
-1.3474327
-1.5025896
0.805427
2.887129
2.124896
-2.7923977
-0.9493088
-0.17110375
1.0023625
-0.7021021
-0.4320182
4.75392
5.047432
1.1084349
0.7449285
-1.8838443
3.9956925
1.1845676
1.2009827
-2.8807266
0.77285016
-6.193912
-0.9379854
-0.50747174
1.6079015
-0.57696605
-0.05445473
-0.60610646
-0.009708852
-0.47630167
1.8240552
-1.9880807
-0.3120751
3.6418753
1.1148596
0.4575907
0.6891866
1.8337564
0.5431566
2.058116
-3.0158925
2.2490027
-1.2940588
0.19552936
-2.9916863
1.4565393
1.3099374
-0.5818982
-2.2370646
-1.2725246
-0.9746102
-0.22833773
0.6340678
1.0290492
-0.30586323
-0.42604584
0.3854759
0.6916901
-1.1987841
-3.24242
-4.2690315
-1.6999013
1.9980053
0.7632056
1.0477027
0.096917376
-1.410364
-0.035512723
-3.3326395
-0.30426067
0.23614344
0.909751
-0.8540466
0.11677749
2.6012135
0.32224065
1.7157378
0.17276302
-2.4766893
0.1970866
-1.8563932
-2.628181
-1.2833816
0.30981147
-0.5153597
-0.3831125
1.7095544
0.7794442
-4.3437357
-4.2665377
1.8571984
-0.18735847
-0.019020498
0.8846892
0.99436235
0.2932467
-1.7596164
1.1941444
3.4863298
0.041377746
0.56862134
1.4717238
-2.1740165
-0.49205133
-2.0630867
-2.718055
0.34546787
2.5653963
1.8563479
-1.6051537
-1.7931709
4.323535
0.6261655
0.110584185
-1.5922234
-1.141046
0.45184156
-0.94639605
0.38680306
-0.45098844
-0.46864846
0.032136783
0.6044995
-2.30324
-1.2281615
0.64604723
2.2829065
2.849845
-0.12339495
2.9833248
-1.8411496
2.5166616
1.3891513
-3.1711352
0.6619598
5.3876452
1.266412
0.014426395
-0.41740373
1.2048192
-0.16024391
1.3755857
-0.7225237
-0.6629237
0.21908951
-0.33662617
-0.4268404
-1.7597224
-2.6433182
0.60780877
-0.02234035
0.24116087
2.6985822
-4.9290085
-2.4461462
-1.3453925
-0.7751062
2.548159
2.5568879
-2.152484
-5.4147277
-0.6693833
2.299772
-1.9283273
1.5496204
0.5055969
0.48418254
1.7340946
-3.5056105
5.792628
1.2139819
-0.7810133
1.9784403
1.1043872
2.503007
0.07337259
-3.0117888
2.0437047
3.8989987
0.4598804
1.351946
-0.7897429
-0.60770565
1.7550572
-2.3797078
-1.8498677
3.0437617
-0.55265415
-3.643029
-0.6512147
-1.446739
-0.83242023
1.8031553
1.5810397
-0.5653348
-2.5989304
0.33035058
0.0081146285
2.3854618
2.02247
-1.9421651
1.2683079
-1.7053181
1.585128
2.2044003
-2.2370026
2.0837371
1.1606497
-1.7051069
-3.32068
-1.4892961
-4.1146445
-0.858546
2.343217
0.63859504
0.70987564
2.235819
0.05963011
-0.5123802
-2.0562277
1.5780103
-2.0420659
2.6384666
0.57316613
-1.882793
0.87896764
1.9648409
1.1788445
0.27794313
-1.0644445
1.5848024
2.0920324
-2.3127954
2.4081976
2.1411827
1.7646378
-2.0219338
-4.227366
3.4093213
2.299501
4.4655128
-2.9407146
-1.1640291
-0.66800267
1.0483588
1.039399
0.053588703
-0.22822449
-0.43438017
0.16048437
-1.0433382
3.4589899
-0.40669233
0.63096976
-0.23537758
0.137366
1.545647
-1.7405894
0.8573674
-4.638366
1.5565382
-0.5429888
1.2916484
-0.0791474
-0.14274493
0.54434
3.7268968
-0.31737122
2.3588705
0.85694814
0.20913175
1.3220372
1.0044665
3.5229793
1.6750869
-1.8653687
0.06605263
-3.3825462
-0.20639676
1.423569
1.0643747
0.93608296
-1.3978962
-0.8869444
2.5211859
3.0537438
0.6009809
-1.3227522
-1.1678373
-1.7085501
0.49211863
-3.0067215
-0.4314856
-0.6169153
3.7273426
0.58193463
-3.4923418
0.3503052
1.8872776
-0.42140836
0.9057702
0.62312883
0.052040104
4.554679
0.7993647
2.2887216
1.8309565
-3.015157
0.018448483
1.0096984
0.21787572
1.6946285
0.6658186
2.5211825
-0.27363786
0.77811205
-0.8300108
1.1383103
-0.8103631
-4.49034
-1.1208422
-0.85672694
-0.4038782
-0.4074744
-0.40780315
0.3514294
-1.4467009
-0.47740358
0.35522398
-1.0076782
0.17467752
-3.6261487
0.25469142
3.023366
0.7004204
1.5492891
-0.02352988
-1.7612746
-0.926509
-1.684687
3.2095077
-3.175495
2.834628
0.72593045
-1.0354768
0.0743829
1.6708714
0.60701996
-0.021354303
-0.39004958
0.5244386
-0.43049663
2.6554508
1.0259349
-0.5558256
1.0047011
2.45176
1.0133907
-3.7765317
4.1729417
1.929322
0.9104468
1.8780224
2.168142
3.724838
0.70362854
-1.6241735
-1.1943294
0.7255488
-1.1504275
-1.2236028
-0.2045191
0.3702156
-3.8631139
-0.12403428
0.68228054
0.18219033
3.7537942
1.0252018
-1.735335
3.1455665
-2.9013088
1.79392
-3.338051
0.31881773
1.2541269
-3.4806387
-1.015175
-2.1367536
-0.111507975
-3.164677
3.4421036
0.8263292
0.30305302
0.7297871
2.2963703
-1.2560714
0.18639553
-0.4386709
3.3257558
-2.1087983
-1.5283746
0.34022284
-0.312145
-0.48210883
-0.2808097
-1.0323188
-1.3372688
2.0853972
-1.9081925
0.98811865
0.086059846
-1.0796155
1.9857694
-0.15332156
-3.8980331
0.2734333
1.9171258
-1.9396154
-1.8439656
3.531409
1.175473
3.0643904
3.7085576
0.8952656
1.2128991
-2.3751225
-3.087226
2.06127
0.19617447
2.7660933
1.5200083
-3.592499
-1.4869255
-1.8105012
-0.26179612
3.3668938
-0.679826
1.7304959
-0.5017272
-0.1656161
-3.0275278
-0.95010334
-2.347328
2.2256734
-0.05017522
-2.5935438
-0.69397485
2.91643
-3.9239347
0.73180014
-0.6466874
-0.9876764
0.72033024
0.47683033
0.8401946
2.189051
0.32288042
1.7213811
1.5899707
1.2500107
3.0337431
-0.66127527
-3.3714354
-0.18456998
0.17713389
-1.7679648
-0.26094916
0.46847284
0.3803885
1.7561783
2.575772
0.4738753
2.166971
2.729995
2.7399824
-0.52082014
-1.0712106
-2.6549687
-0.7050885
-0.42267472
2.5257723
1.1451261
-5.568866
2.1059906
-0.20842765
-1.9233414
1.2530277
-1.1085491
0.9493977
0.24969286
0.8049441
-0.12519935
-0.5565378
-0.00045522302
1.2391126
0.19975469
0.8817842
1.3872185
2.280118
-2.0438497
0.2002595
-0.46040043
-0.91339135
-2.580883
-4.178809
-0.33327216
0.8655475
1.3233353
-0.75130075
-3.3729498
0.15196866
-2.6271386
2.2308395
-1.2382871
1.2138275
-2.199436
3.834118
0.42681757
-1.2138808
-0.6934242
-2.2488234
1.985631
-0.8639061
-1.931393
-0.48755586
0.41986457
2.914317
-2.2493126
0.85125655
-1.3559725
1.2103889
0.7043052
3.6682475
-4.0125685
-0.33193466
-1.1511495
1.6092206
-1.1915781
-0.30353808
-1.8636715
1.6431512
2.9034207
0.3953402
-1.8348922
2.7686021
-1.2439315
3.5847938
-0.8877223
0.26248705
1.8080534
1.2826754
1.562261
0.90977746
1.629596
-1.6677349
-1.4998705
-3.6507459
0.14498848
-2.2448304
-0.5528038
-0.4399267
1.0171632
-0.19236024
-0.4639215
2.1630518
0.8991455
-0.8905938
-1.1691284
-3.064619
0.49347907
-2.9005046
2.1396832
0.5773129
1.5141152
2.104112
-0.7523993
-2.1426003
-0.657019
0.1503622
0.24193421
1.9938704
-0.08826658
-2.0122683
1.4902647
-2.695713
0.7058765
0.5278169
0.86964864
1.0046414
-2.7196288
0.35792717
-0.83971393
2.1975656
4.959351
2.3001866
0.26665586
0.5759697
-0.7857857
-0.87704104
1.4563323
-0.59087497
-0.3644162
1.0817574
-0.14008012
-0.57260364
1.0478368
-0.5994003
-3.2516804
-0.59505105
2.7745848
1.5151219
1.7212492
-0.5448416
2.5257196
-2.5344214
-0.5336423
1.2333329
3.941772
1.9031718
1.8220834
-0.5804766
0.9220455
2.1553192
-0.32505512
1.2152289
-2.0304434
-0.9957183
3.9114437
4.181826
-2.846134
0.5608581
-0.86512536
0.2843461
-1.8628548
-1.2215147
-1.8828673
0.13424799
-0.20406447
-0.6568816
-3.4546835
2.2202163
-2.2669234
-2.9137814
1.6913872
1.0556936
3.1109223
-1.6359748
-1.2319791
-1.7026631
0.7126109
0.71623707
1.8864697
2.1478875
2.4977386
-1.0406992
-0.12091384
-0.6198722
-0.48523593
-3.0973427
0.8447705
-2.1540923
-2.279652
0.811723
1.6801116
3.6768498
0.36054954
-0.22707027
-1.1282575
2.9802399
3.7941687
0.84914625
1.5072068
-1.2022052
-4.0432553
-1.2476596
-1.4767892
0.18316749
-0.33606362
0.77954775
-1.7249899
-0.49176288
-3.3326688
1.852005
1.5482098
-0.8694634
5.045462
1.2325648
0.21808657
-0.22934279
-1.6142831
2.5142689
-3.0672927
0.44045997
1.467357
-0.1874088
-1.5912085
0.00577683
-5.22376
-0.4677229
-0.45544106
-0.9360233
-0.9765956
0.16879809
1.6309406
-2.322277
-2.9218822
3.0506701
-1.6341625
0.3090725
1.4147668
3.7532299
-0.072072804
-1.5986277
-0.145529
-0.39578506
1.4692895
0.23578867
2.0931394
-4.1659193
0.22466016
-1.3381716
0.107123144
2.5457513
-0.37699455
-2.0906637
2.5947022
0.1508732
2.531874
-1.6497083
-0.93860334
-0.6850151
-3.655151
-1.4297569
-1.6736612
0.034925193
1.417849
-1.5376929
-3.5610204
4.8650274
-1.1520659
-1.6048317
0.29613292
1.0300399
-1.9009817
-1.4614363
-2.4901855
-2.5522196
-1.2034554
-0.8580731
2.31494
0.4370818
-1.8637943
-2.5885217
0.6446173
2.6630282
-1.1414821
-1.7732115
1.5439317
-0.17701086
2.7832134
1.4079596
-0.12126607
0.5308984
0.04408986
-0.2867872
1.7983068
0.28293657
-1.1835899
0.09125216
1.7473443
1.6936857
0.3917157
0.44657692
-1.3922321
1.1227186
2.0935373
2.232518
1.1550921
-0.9823281
1.9817351
2.2356806
3.5020983
-0.79319215
-0.65394235
-0.7781448
3.7526138
4.374322
0.58894694
-1.5486022
-0.31804645
2.2274659
-0.3698787
-0.5746454
1.7902063
0.28968933
1.6163551
1.6174517
-4.452671
1.9237748
-5.6976967
-1.4289937
2.8916512
-0.41859215
-5.7164907
-0.55033606
-1.6473315
2.0016854
-1.2467548
-0.77958494
2.5076761
-3.7613468
0.6668908
1.7507619
-4.3975773
-3.1689603
-2.2231772
2.2064528
1.8864924
-2.8416739
-0.83927673
-0.5320489
-0.110144906
3.1740646
0.4210326
-1.0032746
-3.670155
-0.24793866
-0.19833884
1.3706486
1.2544022
3.0712712
1.8691788
1.1048485
-1.8556828
-0.44102746
-1.0135045
-1.1000527
2.4657707
-1.623066
0.17062244
-1.0170437
2.1369722
0.006816253
1.7440491
0.39790532
2.6168823
2.7952175
-4.535042
-1.2628784
-0.3504694
0.88599586
-1.6210926
-1.2743493
-0.22330542
-2.8504832
2.7938395
-0.5083715
1.6467491
2.3172758
-1.2110741
-2.9652326
2.6697497
0.40655845
-0.80510116
-4.5214434
-1.0013367
-1.4408807
3.084988
-0.63602304
-0.4265586
0.28855455
-2.2600977
-2.6206586
-0.6811505
-1.0603088
2.0783062
3.0872169
-2.5896826
-3.033642
-0.60308224
-1.2528467
-0.8122376
0.27638394
2.2098067
0.706176
-0.8376433
-0.19120312
1.421898
3.4062548
-1.4419699
3.322819
0.74291056
-0.59963965
1.3351415
1.156205
1.2672331
-0.9443783
-1.5156002
2.8030348
2.745856
-3.100974
1.8506395
-3.4284368
0.4478948
-1.0898657
0.82509977
-1.1034327
1.7247282
-0.9254272
-2.0132086
0.9481009
1.7077873
-1.2869875
0.34096378
2.3152592
0.5020937
2.0963678
-0.7990159
0.7669699
-0.1762873
-1.3055941
-3.6485553
-0.31470078
1.5264549
-1.1065346
-0.5809815
0.23162177
0.47260094
-0.3170004
-0.7400795
-1.5851594
1.7510296
2.3804595
1.8037281
0.8991343
-0.5745072
2.3662643
0.692711
-1.0733564
0.48111683
4.1812305
1.81319
2.0023463
-0.52217203
0.25500652
-2.876522
2.477028
-2.498774
-0.26342782
-0.7865028
0.42598274
0.5260611
-2.171115
1.7917769
-0.42403692
-3.0611174
-0.4056128
-0.024092242
-0.7248043
-2.9223025
-1.1253709
0.09532751
-0.3433936
-0.045572147
-1.9874852
-3.1468062
0.44851893
-1.9993336
2.7812035
0.06356182
2.0324962
-1.6257553
0.8153149
0.8414199
-0.032599248
-0.7852433
0.6863333
0.8922784
2.432174
1.7629766
-4.035093
-3.37785
1.7717834
1.7649833
-1.7056674
2.5063462
3.0678377
0.43005285
-0.85485095
2.138304
-2.3151498
-0.36622134
-0.06937709
0.21562397
0.5417563
2.6490421
0.9361199
-0.13682625
-0.7281581
-3.6646514
-3.3508773
5.0360255
-2.0949576
1.4145257
-0.9097439
-2.27564
-0.5191416
-2.8428218
0.80055916
1.1657817
0.08303417
4.616
-3.741699
3.485262
0.8748827
2.4783094
0.042020217
-2.2889438
0.0913597
0.36665788
-0.112360775
-4.171723
0.4949578
-0.24687259
2.3150427
-0.7362093
0.2451535
1.7239959
-2.684858
0.6655726
-1.3721074
0.3046516
3.4068809
-0.0062775463
0.41129845
0.27452925
0.09204545
-4.1791396
-3.9175255
0.6591286
-0.6509138
-2.2614465
2.3268952
1.299086
1.9432074
-2.5177512
-0.70040876
1.0179021
-2.9528825
0.9542724
-0.2351165
2.4179263
2.3260128
0.37884188
-0.91785264
-0.4789438
-0.5232092
4.078403
2.1172776
-1.830578
-1.1899099
-1.8162639
-0.42649657
-0.27066016
1.83517
0.18114404
2.5778024
-0.9192359
0.81545293
-0.94450545
-1.4200938
1.2470595
0.93285877
-0.2884968
4.618065
-0.2725758
-1.5756563
0.57691103
-0.8185201
2.0802948
-2.6050797
-4.278253
-0.98078316
2.7533298
-2.1486173
-1.2267131
2.3795817
-4.3751173
-1.3867983
-1.4697719
1.8546419
-3.2285
-0.996524
0.54549325
-2.4254858
1.22415
3.570746
0.9415905
0.9120006
-1.6535347
-0.7846911
2.7075496
-3.1573484
-0.39641887
0.05257514
2.6251621
1.6356469
-2.8339381
0.031087674
0.9129627
-1.6428815
-3.5556846
-3.432067
-3.2769036
-0.7851518
3.007237
1.1005565
-2.9904788
-1.680207
0.8157841
0.59842306
-0.44983464
-1.2787722
-0.32043263
-1.4730471
1.2282506
0.2931028
-0.48256356
-1.6011101
0.06770264
0.2692679
-1.1465153
1.6236151
-0.26546198
-3.5747032
-0.4849233
-0.8721007
2.7238717
-2.8084705
0.8593726
-3.886768
-2.744706
-2.032828
-1.2010107
2.5497398
1.4978337
0.905649
-0.45880044
-2.1975634
-1.3009223
1.1093175
0.887043
-0.7792398
-1.1296128
1.2924064
0.75656646
-1.5020442
1.2028562
1.0524383
-3.8753848
-1.2463199
-0.19202954
1.4476513
-1.7163885
1.7732239
0.3031898
0.4337929
0.39552376
-0.4137272
-1.645732
-0.30278933
-0.020761177
-1.5034976
2.0534666
-0.48167208
-1.3684565
2.2086248
0.6627859
0.20463154
-0.28967947
-0.56691444
-2.804855
-2.367918
-3.053892
-0.59582806
0.6654559
-1.0975893
-2.4729047
2.7903721
1.9353298
2.6128597
-2.1583014
1.3429855
-2.0325108
0.20398158
-0.15773304
-2.2046323
0.5368322
1.2931508
2.1465824
-1.8169394
-3.2061496
2.9701598
3.7140536
-0.15653789
1.1005617
1.1987065
0.65173894
0.4506094
-1.234391
2.548329
-0.31645885
-2.0508525
-1.344073
-0.771265
-1.1349657
2.9376373
0.84934914
1.5383875
1.8229916
1.1346557
0.33507383
0.73391515
1.2301404
-3.222575
1.0533555
-0.67719036
-0.032854274
7.665356
1.2608654
1.9785986
0.7541199
1.5606089
-1.718019
-2.4055817
2.2471087
-0.38485703
1.3051345
-1.1277624
0.8956074
-3.4992242
-0.5097458
-2.3706198
1.4547608
-2.6734908
1.7281859
1.7939487
2.908085
0.89059734
2.727041
3.3150268
0.3087843
-0.527248
-0.7095901
-2.4537802
1.6248313
0.015803233
-4.044739
2.0936975
-4.0049653
0.25602567
2.7331283
1.7035769
3.9029179
-0.16904965
-0.6772782
1.8645382
1.1039304
0.9561862
-1.023183
1.2692262
2.0053716
-0.09180406
-0.5578399
1.8442279
3.1484594
-1.0882254
-3.1277227
1.0960131
1.2896893
2.076785
0.90495974
-4.73403
-1.2272313
-1.3998855
0.118560545
0.81908715
-1.7008824
-2.1038783
1.5054916
3.343859
-0.656405
-4.2815
-1.6780348
-0.84526986
0.12445261
2.2203481
-0.19749576
1.2881241
2.131629
2.0464468
-3.8685486
-0.6703279
0.83180827
-2.4903178
-0.27695578
2.3765125
0.9120691
-0.09517701
-1.8959299
1.6209972
-2.9248254
1.99449
1.7164968
3.3005843
-1.7266707
-1.3456138
1.0573192
-2.493938
-1.4663249
-0.6367793
-2.6988785
-2.0193431
0.6408042
-2.783035
5.1027503
-0.4674251
1.6303173
0.71459645
0.34009966
-1.9439805
-0.8110063
0.94372404
0.3032653
0.6829904
-0.44963712
-0.6838519
-0.98185575
-2.6005974
0.36616504
-0.24957028
1.8368658
1.2248836
0.47906095
-0.27910894
-0.66449106
-0.021592543
-1.0973536
-0.9870305
2.553374
1.4721099
1.7268361
-0.45002615
1.011465
1.5845639
-1.0304767
-0.8678374
1.1475774
-1.8122919
1.6942742
0.78107786
0.2283889
-2.5866964
2.6553762
-1.2189988
0.44921485
-2.160705
1.5057143
0.5278565
-3.1850326
0.059463583
-0.7763032
-2.2552836
2.2528691
1.5375484
0.6128068
-1.3761896
-2.2708082
-0.1497036
-0.10004455
-3.2941096
4.536102
2.2854729
0.98069084
-0.7671387
-0.47449738
-3.2551043
1.8708264
-1.9566069
0.5375202
-1.0450939
-1.5403652
-1.7045726
-1.1427922
0.41528618
3.289328
-1.1907841
-0.14929342
1.7564509
1.9643688
-0.6013492
1.402471
1.5932479
-0.3150254
-2.9307768
0.38763145
-0.103678115
-1.101979
-1.1778524
-2.5945756
-0.7646845
-1.4727465
-1.2226657
0.42973256
1.7039032
0.1780674
-0.29211605
1.8948716
0.03193955
-4.06107
-0.96466327
-2.1026366
-1.6565453
-2.9544652
-3.2955766
-0.44092706
-0.59061
-1.0057979
-0.83551633
-3.5586143
0.61996156
-1.6227756
1.5923595
2.7285428
0.20993349
-1.5469066
-1.1853461
-0.49420387
1.391731
-0.731956
1.503906
1.2728643
1.2208217
2.76268
1.25587
1.2302817
0.43291956
-0.9204758
-3.7322838
-1.2465161
-0.5482361
1.1802428
1.5381083
1.0709162
-0.8813083
-0.059247475
-1.5291713
3.7337554
0.45213825
3.2341058
0.38229558
-1.7892963
1.4078416
1.8507887
-1.8114209
-1.216156
-3.434716
-0.8821152
-4.4522004
3.1528492
-0.90426606
0.34069195
-1.1364211
2.3679867
-0.23872173
1.1375436
0.64117396
1.5304173
-3.0365884
0.9112557
-1.872641
-1.4986056
2.2515686
-1.189029
-2.174509
1.4849689
-1.5894791
1.7011409
4.013747
-2.5014737
0.092123605
-3.2436633
3.9475093
-1.2311327
1.7060341
-0.5238863
-1.4127034
-0.46971166
-2.937454
-0.28305227
0.66168725
-0.37497073
2.3934171
0.083706945
-0.030124277
-2.1039011
-1.1671344
1.1275687
-2.1026485
-1.961774
-1.9439967
0.10511885
-0.12472982
1.4586421
2.7140708
0.58610547
-1.2192339
1.5911305
2.0461395
-1.2989912
0.34355685
-1.372626
-0.78541
0.07764709
1.4803368
-3.6644192
0.2824935
1.5615327
-1.3036379
-2.9587631
-1.4152983
0.52000135
-4.712831
3.279776
-1.2087666
3.2693274
1.2053359
-3.3407116
-0.34762004
-0.6752503
-2.2044942
-1.9775597
1.0881821
-0.8197097
0.6316615
-2.0179384
-1.416085
-0.5435079
5.7814355
0.77385485
-0.3948431
-1.7496254
0.9342326
-1.5322764
2.8561196
0.42985687
1.3805107
0.19196379
-1.5480487
2.3867347
2.690956
-0.66958404
1.8576716
1.9462494
1.4202237
-0.48375398
-3.5009367
0.5121059
-0.8768644
-2.8110318
2.3073997
2.4734554
-0.32847896
-2.7710083
1.1649444
0.22718704
-1.3075618
0.266251
-2.9614382
0.3524633
-1.1651053
-0.19807371
0.47594005
0.6173149
0.039196476
1.7053607
-0.9532132
1.625796
-0.07387945
1.4649163
0.19540167
-0.1345543
0.2608244
-0.042801626
1.0514953
2.4939094
-2.948358
-0.34206894
2.3006313
-2.8933184
0.7620039
-0.7605604
-4.7053413
-1.1683713
4.3103123
3.5541725
1.2120795
-1.5311382
0.5655817
-0.7337416
-0.41683787
-0.28687423
-4.194157
2.7845526
-0.8061296
-1.8846331
2.1092367
0.8436233
-1.5135953
-0.16689277
1.8390275
-0.13772704
1.4116267
-0.06452194
1.1403204
2.6691725
-2.336287
3.038803
1.8973166
-4.396008
-1.7221363
1.8224677
-0.24269825
-3.8449965
1.7729505
1.9644729
0.69031596
0.12121297
1.9057511
-2.147667
-4.463254
0.7888915
2.6141398
-1.2732563
-0.19932413
0.5498353
0.7197309
1.6213754
-1.4397001
-0.32079092
-0.08667174
0.50045747
-1.269213
-5.613175
0.83741283
-0.59311867
0.15208468
1.009224
1.8181156
0.10041615
2.3724575
0.008573569
0.113732815
1.5919034
-2.511831
-2.3454547
-0.12805542
-3.0464406
4.7505374
2.6048462
0.734279
-0.8130253
-1.8071808
-0.5738041
-1.7344745
-1.878205
-3.5108352
1.4029474
1.4970156
-0.9583129
1.8921032
-1.1001261
-0.77655625
1.8953635
3.9547536
-0.024124943
1.507374
0.64945775
-0.75870526
-1.6382747
-0.21523708
-0.89302236
-1.9553391
1.6585158
-0.38206896
1.7703506
-0.7545074
-2.0732088
-2.2684684
-1.6330796
-3.4010818
2.0976582
2.416078
-3.5226326
-3.095252
0.22775055
0.10241574
0.12794255
1.0369892
-0.49585357
-0.69315326
-3.4093144
2.9247615
-2.0110793
2.3960505
-0.09389651
-2.4425588
-3.648683
-0.6436078
1.7521338
-3.3140094
-0.5838592
-1.1860504
0.8396285
-2.3453536
0.25195906
0.35852206
-3.176302
1.4626122
-0.49667317
-0.67049015
-0.73448914
0.15851513
0.65941316
-3.059406
-1.4969581
-4.124343
2.092888
1.9536476
-1.2369941
2.2266333
1.5594321
-1.243142
0.82420903
0.04199768
-0.88274264
0.63080597
-1.9102525
3.4515512
0.22981086
-2.086721
2.7638545
3.9308429
-1.5285796
-1.4950218
-0.3671811
-1.4535953
1.6047843
-1.4582701
0.07769436
0.16192208
-4.9006248
0.7688138
1.2282472
0.50046295
1.9541997
2.2900808
1.1097035
-0.74019444
-0.6258167
1.0922964
-2.384766
3.2111216
2.7935276
-1.3398044
0.5939632
-0.7810244
-2.9755144
1.1008774
-1.0730935
-5.9462147
2.2402074
2.394434
0.040257372
2.7846138
0.36356142
0.83440566
0.6864362
-3.254161
0.5855172
-0.53506285
1.6337821
-1.3859079
-2.9267056
0.05446981
-3.2417212
-3.6973026
-1.7847642
0.80441815
-1.9273268
5.4391313
-0.40147492
-1.8542418
2.715787
-1.2194949
1.532067
-0.32350743
2.107264
-1.7849659
-1.0349973
0.30711392
1.8376786
1.2011666
1.3916043
-2.137701
-0.42689583
1.5858536
0.18332683
-0.891459
0.6686497
0.89117783
2.42728
1.0712947
1.574936
-2.4352713
-1.22563
2.5727317
-3.0047817
0.21937525
0.51313484
0.11310071
4.354158
-0.5706244
-0.97445613
2.6731997
1.322583
3.4876163
2.2891924
-1.3342844
0.7757816
0.38338724
0.47089022
1.3239633
1.5704745
3.3160703
0.36548576
-0.007642396
0.036824204
-0.5248323
-0.81127864
-1.4362311
1.2307433
0.18801643
-1.7374864
1.4602238
1.1050923
-2.3140733
1.7432169
-3.632033
-3.1156633
-2.319587
-2.6844
-2.8705554
1.4455999
-1.8153138
-1.9819559
-1.5647182
0.08112141
-1.9399287
-3.261324
-0.034741994
2.9017143
0.21995223
1.4202764
-2.0330923
0.08077774
-1.609594
1.1771687
-0.74522376
1.2819703
0.10408717
-1.0347552
3.7830892
2.8492603
-3.1729736
-1.2477677
-4.977859
1.1077907
-3.80927
3.449072
1.1932274
1.34574
1.9867785
-0.29957584
3.1764576
-3.7789705
-0.8737997
-1.3003255
0.52034533
-2.5505185
0.3070735
2.6257253
2.2945685
-0.5398606
-0.37748566
-2.9087677
2.5255625
-4.436053
-1.5879773
0.78254807
-0.265065
3.4848301
4.9436545
-1.5773785
0.3973238
0.80077714
-3.5468638
0.13744475
0.9481365
1.8432934
1.7237657
1.8088826
0.16825113
1.7982441
-0.57558906
-0.11267742
-0.20479766
0.4528699
1.36563
3.4448245
-0.75525296
0.19765073
2.0685587
0.06632127
1.073087
-1.020918
-0.428892
-0.49948436
-1.0079315
0.13737288
2.4305584
0.08499161
0.025346436
-1.7160659
2.2144732
0.73891515
2.4757493
0.21613544
-1.3656853
-1.6234936
-1.149613
0.46001056
-2.412187
-1.5964136
0.1854203
0.029236421
-1.1558838
0.4820955
-0.2577607
0.18947938
-1.291445
-2.4161808
0.8714502
1.6739454
-2.3289
1.3044333
-0.147843
-2.9113781
0.24053052
-2.4504044
-0.13303757
1.0053732
-0.7319635
-0.6930157
-1.6448193
-1.9254229
1.4457843
0.021314815
-0.32987845
-1.7656233
-2.7397637
0.6237235
-0.16088137
0.6202191
-0.42757094
2.6540723
-1.7407947
-1.6065358
1.7869476
1.6627425
-1.0217935
-1.7916296
-1.5595179
-2.9109707
-1.3640448
-1.0025156
-2.0728958
0.4403324
-0.1022848
-0.7354464
2.7540803
1.0213418
1.3350179
1.4783213
-3.4958444
0.02075842
0.73773795
1.5428067
-0.2634111
4.899983
-0.2720035
-0.22479391
1.4113127
2.1707551
1.4442778
3.1613867
-1.7004443
3.3934257
-0.4928535
0.8975829
-0.9980038
1.3765029
0.51465553
4.4214373
0.5455344
-1.1895044
3.239901
0.9468851
3.4643428
-0.2195538
-2.6195009
3.4185545
0.9233424
-1.5025148
1.2846271
-0.33652827
1.9659096
-3.4774547
1.4707518
-2.885474
-0.6975442
-1.6994026
-1.5937594
0.46071926
2.3283808
1.2402648
-0.58496743
-0.4698433
-0.94937575
1.5798286
-0.1754283
-1.1956853
0.5518445
-1.822824
2.1112344
1.5023998
1.8394722
1.3250167
-1.8673284
-1.5688268
-0.30590782
-3.650608
1.2839887
-3.4012136
1.097532
-0.88379174
-4.4763956
-1.3675112
0.1201715
-1.3461192
0.35488528
-0.7289774
2.3842661
-1.2689517
0.54746664
0.73863715
2.9273114
0.77810735
-0.6704147
-0.9149921
-1.9963266
5.021573
0.83956987
-1.565851
1.4264427
1.7504554
0.44626266
-3.877857
-0.99114585
0.76333314
0.9573939
4.4325404
-1.6401553
-1.0488564
-1.2876334
2.1920133
1.2796242
-1.0991021
4.0074377
0.6604288
0.38515508
4.050514
-3.9823017
1.317894
2.365527
-1.7992182
-0.25180668
0.48335704
-0.30736673
-1.7361946
0.77091056
0.007787749
1.4653864
0.6778848
1.1565181
0.6750058
-2.8723757
-0.54530674
0.70868015
-1.4817777
1.6244322
-0.17449412
-1.2319533
2.573382
-0.6318618
0.57087207
-0.5660167
0.45079082
-0.3952346
1.6458517
-0.8177316
2.2467709
0.9372838
-0.69058233
-0.0062441975
-1.4881903
0.101103425
1.646652
0.2568644
-2.9032426
-0.019029975
1.974821
2.3812096
4.197833
2.2249103
1.4170058
-0.4415177
2.2208855
-0.4339779
-0.78946066
-0.7592503
-1.3720492
4.8967457
-0.38092834
1.7942147
-0.37614003
-1.5015494
1.0903172
-0.75961214
0.35937363
2.536079
1.1269846
-1.7305669
-0.7841541
-2.0633116
1.5219363
-3.245523
4.7054133
0.51511014
-0.7661864
-1.8820593
-1.5984063
0.7157063
-0.09946365
1.5574996
-1.3119518
2.5549097
-0.12242903
-2.7785945
-3.0794199
1.8011763
2.3853045
-0.09425172
-0.36174744
0.2954384
0.85672
-0.5624205
-0.068926826
-4.0068655
-1.5473942
2.2814345
1.3000269
-0.5873613
1.8295326
0.43494856
0.9665653
0.54576105
-1.5368483
2.8506682
-0.28691965
-0.77723455
-1.5481102
0.668461
0.74435383
1.0418446
1.2778708
3.0756145
-0.3657103
2.6930857
1.1581292
-3.3765795
-2.1373036
-3.6511188
0.5217337
0.034721162
-3.9007864
-1.6498325
-1.3892953
-0.5607994
1.6035659
-1.1939108
-1.1045426
0.25487673
-0.6641595
-1.3665951
-0.7766013
-1.8732655
-2.2155406
3.5083113
-0.43959972
-1.3355128
2.5416536
-0.11562031
-0.6844117
-1.241131
0.50579065
-1.77457
-3.4571788
1.3492702
2.8054185
0.64534944
1.0533742
-1.1990553
0.884083
0.2470178
-1.1659575
1.102977
2.1871414
-4.347307
1.284837
3.9649143
2.8973992
-3.1404362
-1.3458432
0.6819374
2.9809678
2.6634328
4.0356493
-4.0531077
0.1040344
-0.9188743
0.41741225
1.7023845
3.6871371
-0.86688995
-1.5130855
-1.4254787
1.6942286
3.8472965
-0.22354731
-0.16910352
0.8389023
-3.129063
0.6080187
3.854529
0.80522156
-3.4140756
0.8450904
-3.3601453
0.98864543
-3.62819
-1.9931822
0.29266793
3.0523415
0.6497206
-2.2144053
0.07531252
-0.032399043
2.9740274
1.2706839
1.7374195
-0.210548
-0.06737501
0.6352933
2.9406488
0.90574336
-0.95558125
5.25738
-0.3471969
0.40182418
-1.1108067
0.59937257
-0.65396374
-3.4822571
1.2875038
0.59973615
0.17389354
1.0850464
-1.249026
1.1504864
0.14667842
1.9634097
-0.13830608
-0.102143615
-1.622773
-0.23220411
-3.3915634
-0.8134597
0.72308683
1.3406836
1.9312243
0.4396994
3.506228
1.0760001
-1.0799218
-2.8418486
-2.3386664
-3.6850553
0.24165732
0.17225938
-2.0862124
-0.5631062
-0.2558547
-0.50289947
-1.410063
-1.1527809
-2.079452
-0.39618993
-0.8636363
0.88247454
-3.7200727
0.13699983
0.5630154
3.342219
2.3961008
-0.46723834
0.003635645
0.88755995
0.52587795
-0.6346217
1.2913644
3.5131984
1.5756356
-0.0872744
-0.6370308
2.1268232
-3.0832543
1.629746
-3.8290308
0.070946254
1.7751869
-2.2686815
1.7928935
-1.8564878
-0.1395796
0.16559473
3.4316072
1.2447703
-0.25035203
1.7684256
-0.045103237
-1.9612341
-2.0711265
1.1377083
2.6253445
0.3990044
-0.26812124
1.6807429
1.5874388
-3.4105675
-2.4466634
-0.53578264
-1.1924326
0.07004614
1.8736262
1.1396023
1.4585067
-0.59726804
0.8892398
0.89056706
-3.287519
-1.0877019
-3.3146164
1.2085261
-4.2860494
-1.928542
-2.378931
-3.000251
0.54004353
-2.8464339
0.48523903
-0.7069161
-1.262822
-1.5224776
0.20046857
3.2078395
-0.31862175
-0.5390364
1.7319123
5.409217
2.7115376
0.72369504
1.1112146
1.2088628
1.0857399
-1.1917394
-0.18342611
-1.5595315
2.993425
-1.3886231
2.5749917
0.7944585
0.6136378
-1.1916413
-0.6429102
2.2731748
0.27921948
2.4876122
-1.657148
-0.46178243
-3.6119046
0.68682265
2.2675087
-0.66071355
2.5299058
0.55902755
-0.73507226
-2.2080207
0.1609236
-0.704953
-2.7795005
0.06488314
0.51134235
-0.5330436
3.179034
-0.0327634
2.6193297
4.3692293
2.018616
-3.476619
4.7249565
-0.32761317
1.0386341
-0.34027874
-1.7795106
-0.6537924
1.6009284
0.13172373
-0.8476462
4.640664
1.6579393
1.5799782
3.7887485
0.9846494
-1.2907866
3.5748274
2.400265
3.0173297
-0.32663107
-0.18168029
-2.6799028
-0.43590432
-4.1664424
-1.9685307
-0.26843992
0.41359088
-0.3274203
-1.434031
-0.86716866
-0.8154412
-3.0785735
2.7913463
-1.919644
1.6397524
1.3948328
2.3580022
-0.5739011
-1.6738294
-0.4101749
4.2211666
2.636448
-0.45726866
-2.0868454
0.446051
0.36164415
-0.7209978
-0.70860255
0.91050076
-1.8920172
-0.1984038
-0.6363255
-0.5343535
0.03369002
-1.595881
0.23559976
-0.6663723
-2.0962052
0.41514447
-2.2397273
-1.5032
-1.0339892
-2.1576192
4.8604107
-0.2302275
0.19252044
-1.6391127
2.6039593
-2.2685332
-0.48919362
0.98588085
-2.2213662
-3.6539495
0.2603481
0.9943135
-0.6699561
-1.0252719
0.99620795
-2.2517815
1.7601292
0.5440947
-0.69601643
0.6123322
-4.906998
-2.3475094
0.45212728
-0.027730562
-2.013756
1.0298742
0.35427836
-2.6933503
1.521707
-0.016367521
1.2467562
-0.9666791
-0.8191409
-1.0139557
0.85762423
2.4577262
-3.575031
-0.14829597
-1.1710193
-0.30471894
-1.6912737
0.9554226
-0.80045563
-1.1169682
0.7458667
-2.61546
0.9819047
1.3072162
0.47804418
0.94828016
-0.56918967
-0.89227414
1.6382642
-0.6554112
1.3127012
3.1126409
3.2399197
-1.3214527
0.850879
1.0958289
1.7959856
-0.43199933
-0.7625659
1.7044075
-4.4594226
0.86109257
-0.08868471
5.3208866
3.8022795
-0.024421953
-2.5482087
2.5631003
4.673143
-1.2135363
0.09137575
1.0684634
-0.22779979
-0.17283717
-1.3648812
-1.9389688
0.31420997
5.1058435
-2.7862499
-0.18711567
1.8215754
2.5520387
0.11991474
2.287695
0.63318706
-2.4922252
2.5389493
-1.4105942
-2.5408125
0.89245266
-2.4027898
-2.0192988
1.1437783
1.2050164
0.037662894
-4.0821695
-2.6165097
1.6791059
-1.4073911
1.1972386
0.7259607
2.528233
-0.1455186
0.37541577
-1.1588662
0.61587894
0.5325324
1.2227509
-2.6300817
-1.2500998
1.7579912
0.5565146
-0.23116246
-1.4668404
-1.4218402
5.5189342
-0.98778856
-3.1813695
-0.39094442
0.49688053
0.051994283
0.24708176
1.8811263
-0.56069165
-2.230113
0.5920666
-0.65265167
2.536442
-1.171021
-3.5999882
0.27825242
4.2155595
-0.6595246
-4.605797
0.43080354
-2.677386
-2.165863
-0.25461605
0.98116845
1.4413869
2.595677
0.7562302
0.031536184
-1.0601213
-1.734474
2.2837875
1.9349865
2.2567973
3.8781807
0.6356313
2.606537
-4.4380474
1.4660406
-2.7234402
0.7115454
1.2023922
-2.1656067
-0.4026547
1.3604821
-0.1767554
0.27267724
0.72296363
-1.5413333
0.61432487
1.2224407
0.098220065
-1.943147
-1.6142143
4.4526086
-3.9309294
-2.6585763
2.6473396
-0.40119588
-0.449428
0.78225964
-1.2379006
0.9916872
-0.8215643
-3.420007
0.21403685
0.08169012
-0.45874974
0.38368815
0.367708
2.8397079
-3.5138385
-1.2930013
-2.1932108
-0.28061417
-0.48119277
1.661429
-6.2034397
-0.9207653
0.66455823
2.7623954
2.3707383
2.1596198
-3.010719
0.32922295
-0.32277483
-3.161075
-0.3944156
0.8655962
-0.29001468
-1.0921187
-4.1635966
0.9310414
-2.0932918
0.5442385
0.10202516
0.84609956
0.6113777
1.6397135
-2.6196718
-2.1670606
-2.9145133
-2.7831004
3.4368048
4.276545
-2.0984917
-2.1611211
0.31792408
0.8178657
-2.733887
-2.3975472
-1.4560724
-0.6448438
-2.902452
-3.4695663
-1.8196288
0.47022682
-0.79519933
1.2468162
-1.4440144
-0.03827163
2.95507
-0.40443677
0.89944154
0.4966382
-1.3185014
0.73260593
0.4175233
0.29747075
0.46981883
-0.10619501
-2.299192
-0.87587863
3.0962155
-0.8642916
-2.1944067
1.9201641
1.0506159
0.47350717
1.5310589
-0.3480322
2.1196282
-2.2453601
-0.55584455
-2.2372284
-3.636194
0.23273814
-0.46319455
1.839767
-4.1561294
1.2181648
-2.048203
-1.9331949
1.1722481
-2.022469
-1.3882619
0.75282973
0.7703452
-1.5400594
-0.53000486
-2.123734
0.20242572
0.6788343
0.8210738
2.9266207
-2.9925215
-1.6603316
-3.0044944
0.059159867
2.6823983
-1.6670783
0.6020485
-0.12780276
-0.05376418
1.731682
1.764512
2.7104084
2.0874534
0.36636853
0.6489001
-0.8883239
-1.6764894
3.7237196
-1.3687534
-3.7620578
1.8822031
2.1178544
3.5171404
0.78596693
-3.491984
-2.0323226
2.263682
0.009938672
0.90234524
-0.5739793
1.6401206
-0.6288318
-0.041144103
-1.5348485
1.876791
0.7841693
-1.2525522
3.6753037
-1.042718
-2.2840304
0.9937542
0.4838795
0.88470125
1.0693922
-3.4569063
1.7779404
-0.899933
1.3380322
-2.9043534
-0.5966082
1.5450516
2.2332444
-0.6199501
-1.8106693
3.8063111
-0.3269661
0.17793055
2.7872362
0.5268971
0.63163143
-1.432541
-1.5921992
0.9107817
1.5261279
2.1374905
-1.8814441
2.618864
-1.3036132
-0.25222775
1.3237902
-1.7207091
1.3796916
0.8559138
-1.0600573
-2.638703
1.9762555
-1.8307611
0.9189846
1.2018619
-5.4607587
0.68597883
-0.044846013
-2.7803497
6.1802344
-1.8062522
-1.3500426
-2.7409706
-0.08656127
-5.658906
-0.48367482
-0.101118386
0.13361432
-0.46326816
-1.4827851
0.3498945
-1.7396684
-0.27580482
2.036922
-0.9310511
0.74949217
2.3794792
0.06518382
-1.1547782
0.5224689
-2.448278
-0.8935651
0.24090281
1.577155
2.5572493
1.8839895
-3.5753775
-1.5493382
-3.9164796
-0.9787077
0.87447727
3.346806
-0.6151073
1.0588427
-3.2632208
1.1453707
-1.0634297
-0.20647837
0.93874055
1.0475049
-0.8166673
-2.278294
-3.2892053
-2.0603085
-1.367427
-0.12670186
0.006924197
-1.9097908
-3.0246713
0.43152058
1.1708819
-1.0072773
1.6580644
1.5639774
-1.1533055
1.0870007
-0.21746056
-3.4412556
2.3976378
0.09010276
-0.10879434
-2.0625508
1.062227
-1.7140912
-0.4363355
-0.62339896
2.1601207
-1.2838812
-0.92287076
-1.8249263
-2.4403617
-1.2040406
1.7310536
-2.2144814
0.9818348
0.005582206
1.1009918
-2.9240685
-0.9110312
-2.1220095
-0.69425505
-1.4081318
-0.30132213
-4.0097632
-0.48289785
-0.0645005
3.7047915
1.8593926
-2.9690123
0.8058967
-1.5281955
0.8655043
-1.0729901
1.3675834
-0.4565295
5.3117585
-0.913909
-2.568088
-0.6699641
-0.63772345
0.8098889
-2.4679446
2.8567703
1.0114248
-0.7923275
-0.9349475
-2.2523365
-0.64122134
0.71964717
2.8069966
0.5208119
-0.14294212
-0.75114524
0.8871064
-4.134812
1.0200896
-0.37845764
2.028995
0.27320448
-4.114293
-1.4702228
0.24674603
-1.2565148
2.9924514
1.4066436
1.5155282
1.3726586
-0.27469513
-0.049818017
2.5900059
0.52724123
2.1156898
-1.853166
3.1029048
-1.5050819
-2.1017609
1.4997787
-2.6090746
3.137467
0.91224235
0.52674526
-0.16645108
0.09655352
2.6277633
2.8732362
-3.1713638
0.047255896
0.3273856
-1.4863054
-2.366159
-0.04280342
0.1923331
2.5364041
-1.8527764
2.3724368
-0.6706443
0.9918089
-0.06563528
2.4561856
-4.3551755
-1.8497146
-2.6235075
-1.2343477
4.0306177
-1.8206385
-0.98171735
-0.8493487
0.45323125
0.9857512
-0.5543815
0.7592302
0.42012143
0.25914055
-0.5048647
-1.3990679
1.4279099
-1.0709536
-0.024573013
-0.9020109
1.5205803
-0.98734033
-0.40851521
-1.0796111
-1.4559193
-1.2372353
0.24388734
-0.2803008
2.0965288
-1.225108
3.2277577
-1.6320857
0.8820374
1.592404
0.076942824
-0.3899036
3.5498521
-0.27608395
1.0085714
0.54060817
1.4727973
0.1400261
-2.4863956
-0.9923802
0.9225488
1.3437151
-0.5886728
1.6864331
-1.3325632
-0.8191961
-3.5943923
-0.5543426
0.677663
-4.106212
0.2495836
1.3430203
0.41841635
0.9228061
-0.65876424
-0.14394054
3.9617846
-0.5728965
-2.7396467
0.78728753
-1.7710001
2.6053917
2.1339989
0.11607633
3.7407496
-1.108913
-0.5072077
-0.1305314
0.6714128
1.7994978
-0.93138945
0.807352
-0.9496491
-2.7824783
-0.49108595
0.5202228
-1.4234188
-0.3960116
-1.2952477
-1.4024948
-1.1335734
-2.3721097
0.18228543
2.9057884
-2.372495
6.9038935
0.16707873
-2.4651995
1.7995082
2.3685224
-1.1115365
-2.6911335
-0.085082985
-1.6571951
2.2773988
-1.5974711
1.970407
-1.5643291
1.044609
-2.582349
-1.4269427
-1.5148028
0.90524983
-0.29225263
-2.013504
-0.3118477
2.0665374
1.3531035
0.23605914
-2.163947
0.8427683
2.1739795
0.8817397
3.8226678
2.3063867
0.40680432
-0.9381212
2.9619496
-1.3975248
-1.9144648
-1.4609972
-1.1213535
0.4758414
0.9333245
-3.4332016
-0.26236612
1.6278992
-1.9180639
-2.0036144
-0.93120897
-3.8280988
0.1340891
1.3860052
-0.8825371
-0.3798963
-0.3438664
0.0335666
0.26895154
2.8465357
1.2354301
0.23007005
-2.129453
1.0574516
0.61813116
2.23966
-2.1241062
-1.3551306
-1.1212394
6.2549644
5.227405
0.25728443
-1.3975666
1.8504372
0.6343453
-1.2433327
-0.4579019
-0.30154055
0.71595865
0.98089397
-0.6027955
0.119544715
1.2669455
-4.8451347
-1.4217509
2.336475
3.5684385
-2.1428733
-0.6131383
3.0392218
0.9445155
-4.8284936
-0.5820788
1.1308182
-1.6175518
2.2544951
-2.1499722
3.2136781
-1.6747447
-0.19156471
-2.509777
1.6169189
4.081971
-1.149296
-0.09487425
-3.68762
-2.2287
-3.0589488
0.35642666
-0.039125733
-1.4491405
4.7527385
1.8921806
2.0232105
1.1472073
1.9077443
1.2217361
2.4758525
1.2631803
1.5511161
-0.06460213
-0.38324314
3.0494754
-1.2785164
-1.5644368
0.7321911
0.2693734
1.4435344
-1.8379717
-0.24159133
-2.068929
1.8878652
4.6880765
-1.1747928
-1.5945938
1.2818942
2.7082143
1.0472158
-0.57391304
-1.5716085
-0.16643935
2.8455513
-1.9505343
2.36824
-2.2571287
-0.5043203
0.26503605
1.7575762
0.11314031
3.0064201
2.9376874
1.7456762
0.33558372
-3.109102
1.4653829
0.6385014
1.3557161
-0.93679744
-1.1977285
-0.4914236
-3.1909218
2.583837
2.1993005
-0.11566081
-1.5060474
-0.27534643
-0.62003213
1.2085586
2.6166084
0.029813234
-1.1019359
1.3945917
0.79431826
1.0669347
0.40223143
-0.9387283
2.7998478
2.2111912
0.4361387
1.9162961
-0.3431814
-1.7191929
-0.31316048
1.2062918
6.257028
0.256306
-0.031778656
-0.55583644
1.5922688
2.5996947
-1.2757341
2.0611787
-3.403521
-0.79623854
0.73468834
-0.9754521
-1.0915625
-2.757444
4.4509106
0.0014824122
-2.5606043
1.3334321
0.5363593
3.2985015
-1.9885473
1.2571504
0.17516035
-0.8685634
1.4488621
2.6175435
-0.59901994
-1.2743288
-0.73672944
-0.01909297
1.7615076
0.25371778
-1.0070112
0.52832097
3.75156
2.0146148
0.53907144
2.0343318
0.023308873
0.49065152
-0.47204578
3.7919135
0.32582814
-4.751705
-2.8112845
2.036434
-1.1027063
0.9999702
-2.6399853
-0.34362987
-1.4329207
1.1626167
0.8607435
-4.0987725
-0.52754563
-0.9455649
-0.9176215
-0.72745824
-1.9127288
-1.5452882
-0.19239888
-1.0165957
0.7280532
-0.54472345
0.7665151
1.6940309
2.2300715
-1.6329391
-0.91881037
-3.787872
-1.9734683
-0.54530066
1.4259669
3.3791752
0.522924
-0.24413696
2.3924985
1.0171415
1.3726561
0.9351024
2.8674788
1.1281292
1.4656364
-3.0642161
2.4628549
2.1377409
-3.7321653
-1.5986652
-0.082863264
-0.875249
2.1705256
-1.1477215
-2.2898967
2.1390963
2.587421
0.3216901
-0.19128035
-3.535471
1.5354946
-1.2148384
-1.9707252
0.90150356
1.3556445
0.77626324
-3.9256911
0.17598003
1.8117023
-1.6681218
-4.0227036
2.1387982
0.32262254
-1.6599637
-0.51027215
-0.13945264
-1.6399567
-5.098226
0.052900337
1.3799196
0.7239769
1.256899
-1.2111198
-2.2610607
-0.33158728
0.50971
0.32531637
-2.2750208
0.12929529
-4.892293
-0.36537233
-1.6366185
-2.8441567
-1.4683229
2.222815
-0.46435452
-1.2666395
0.13077906
-0.73120725
0.39447325
1.9905924
-1.9809592
-0.71699905
4.134326
0.59697914
-1.6067575
1.2498128
1.3661393
0.1452189
-0.49768645
0.17992738
-1.6607186
-3.2865722
0.08830813
3.158475
0.2654909
0.7292179
-1.5953107
-2.5854025
1.6149306
-1.0518638
-1.2040472
4.048873
0.13629739
-1.043699
0.75812507
-3.3265014
-0.54307675
0.9570807
4.151048
3.4059324
-0.107889876
-0.07517906
-5.456648
-0.88064563
-1.5920889
1.7862948
1.0266407
0.7707127
-1.1914719
-1.2550461
-1.7235782
-2.156848
0.9392984
-0.23587893
1.91441
0.7371516
1.4265414
0.5768042
1.6610384
-1.3347065
3.7824259
1.5844202
-0.13092484
1.7949089
-1.1884272
2.8423471
-1.2734591
2.106295
-1.1518928
-0.7757469
-0.5333679
1.1431297
1.4225223
3.0252075
-0.65039074
-2.7679093
2.9025772
-0.11226613
1.0919793
2.5900102
2.785704
0.38380897
-0.8857315
-2.6754394
-0.013940863
-1.8302281
-0.10512246
0.035597138
2.4743922
2.5891178
-0.4358834
3.9204822
-0.3820746
-3.3814502
0.8627401
-0.96056557
1.2753774
-0.2734435
0.9432632
-0.8668689
-2.2504687
-2.5428455
-1.4244632
-1.3342898
1.252605
-2.3905783
0.8665022
0.7644673
1.3960727
0.14320216
-2.9737482
-0.64158916
0.7920548
-2.478086
-1.1778587
1.3275007
-0.9773365
2.0419354
-2.756336
-1.449701
-4.016288
-0.48775083
3.1521227
1.427765
-0.78937864
-0.80025965
2.7078404
-0.85800195
-2.7611976
3.1244957
-0.37433466
-0.9751445
-0.68630236
2.9199498
1.8596044
1.0011654
-0.41588116
0.05613893
-4.437
0.8369186
-2.30643
-0.50300294
-0.10109721
-0.97145015
1.501722
-2.0950034
1.6683943
-3.8952715
0.9075331
3.2744167
0.5714071
-3.2752352
-0.08915917
0.42916957
2.50686
-2.0405478
0.2160918
-1.7804582
-2.8538427
-0.92405534
-1.2041969
-0.39602026
1.2358288
-0.9092529
1.4394486
-1.301999
1.7336959
5.2419777
1.3984276
0.61345106
4.2653594
-1.8802123
-1.926519
3.043377
0.78456855
0.0053932406
1.7401848
-0.3166922
-0.83671725
2.469602
0.8058285
1.5374575
1.3707974
0.8091726
-2.6155772
-0.532367
-3.362543
-0.16074097
-0.69625515
2.042489
0.13645846
-0.2600864
1.1244355
1.763652
-0.84343034
-2.299247
-1.2700838
-1.9942733
0.99630123
0.7335172
1.7686567
1.6097862
1.8255067
-4.560197
4.490771
1.3938794
-0.6898793
1.0098355
0.896094
0.18894258
0.2621013
-1.7623942
-0.25237602
1.2289143
-0.5907278
-3.7490356
-2.3722992
0.39060897
-3.1636348
0.13689089
5.114749
4.8193536
0.86370456
-1.9551773
-0.98388225
3.0278945
0.7824629
0.5179255
-1.3596326
-1.9804001
-0.6213106
2.3007903
-1.1813391
-0.3687126
-0.6049616
0.40085113
1.732882
0.14445585
2.7328792
0.27035332
-0.9976109
1.8030189
0.32914108
-0.898421
-1.7003618
1.7164567
0.20950261
0.8677587
-1.6612735
1.3847837
1.498317
-0.94093066
-2.8456678
-0.1561153
-0.45781314
0.33007473
-1.9456538
-0.36066794
2.0587456
-0.33711612
0.1744253
2.0702574
0.09740766
-2.7160292
-2.294946
0.9804863
-3.7853477
-1.0869769
-1.8605828
0.75194037
-0.9748206
1.3540194
-4.709934
-1.9266545
3.7189856
-0.41977465
-2.1774468
2.1450777
0.17313308
-1.2027032
-0.543054
0.3269321
-0.6628341
-2.2774692
-1.3640722
2.3009596
1.0943727
0.20362958
-1.7020478
3.6737676
0.47600862
3.343051
-0.5427784
-1.3834522
1.7619783
1.4439098
1.2807701
1.9067245
2.53946
2.6706338
3.0789201
0.8365548
2.9151387
-0.6773858
1.0931597
0.80585384
1.6635168
-0.7416019
1.3527048
-1.0102848
0.2533001
0.6690738
0.21543689
-1.8202126
-1.9580902
-1.5899538
-1.1425465
1.3266087
-1.8392024
1.1306496
0.3277639
1.1189176
-0.40778685
1.5166367
-1.0436631
4.6382313
-3.126622
-0.23155653
-0.37028554
-2.024591
0.62359476
0.8338886
3.189792
-1.0436623
3.49567
-2.6614845
-0.6922825
-0.56134033
0.0116680935
-2.183576
1.2748573
1.2329507
2.7335186
-1.2193515
-1.5297225
0.01645882
-1.7402868
0.97852147
0.69748235
1.8218194
-0.36856467
0.3121983
-1.6727058
0.110905334
1.837645
0.55668557
-0.9763843
2.7764468
-1.1988835
2.5811012
-1.080147
-0.033723213
-1.515079
0.696206
1.4285593
0.29804045
0.10098624
1.2703125
0.77353466
3.6731305
1.8591194
0.47052407
0.2756539
1.0147734
-2.2898972
2.3058255
-0.3318142
0.6744149
-0.52574605
-5.61872
1.5673801
-2.4171324
2.570786
4.473112
3.9082415
-0.6161612
-0.48263624
-0.13355589
1.4907632
4.6732693
-1.9602885
0.17950983
0.027532637
0.08410264
-1.8991828
2.7833858
-1.7804126
-0.776026
2.726276
2.3161001
1.473765
-0.6552822
-3.3064559
2.7378368
-2.2376204
0.57280636
3.315812
-3.188444
0.68512785
-0.5123
0.04545929
-2.216949
-2.6522102
2.03257
-2.99048
-5.1498914
2.7136276
-4.388012
0.16741006
0.48985848
-2.9507084
3.8906863
-1.7092575
1.1530032
3.5201142
-0.16614047
1.5473223
-0.1458863
0.20876047
-3.1250157
-2.738647
-4.615939
4.1412086
-0.66118973
2.0432682
0.9579982
2.7879388
2.4270632
1.9484495
-1.7784551
2.9028475
-0.2457444
-1.2237366
-0.10030695
-0.9516924
0.19455805
1.8993045
-0.3310668
-1.6338354
-0.26569158
1.1550099
0.2061759
-1.7089303
2.6172202
-0.051319264
0.833872
1.9029866
-2.0124407
0.22989371
-1.7105447
0.8994221
3.913269
1.5206571
0.9086155
1.2753123
-1.7148011
-0.62081015
1.4118392
-3.006679
-1.2681533
-2.0101702
2.0351512
-0.43699986
-5.768625
-3.35044
0.699795
0.3577575
2.1030424
-2.0101159
2.4665003
0.9864168
-1.0110426
-1.1113573
-0.35938528
1.1814958
0.6673711
3.4095266
-0.109686844
6.9870706
-3.3556855
-0.1650505
-1.0303667
-2.591606
0.5848896
2.4577715
1.5416236
-2.9333665
0.19441307
1.8016782
-0.9544346
0.09832317
-3.569932
0.021413766
1.5536116
-1.5950459
0.22808829
0.38262716
-0.6523472
3.5515711
0.87314904
0.73823094
-0.29131615
2.80023
-0.18990195
-0.49444914
2.37123
0.31469813
-1.9097637
0.79675406
-1.2136579
-2.4769964
2.715633
0.47458762
-4.8500485
2.0004134
-1.2478658
-3.1675253
-4.1244636
-0.14982998
0.8714851
-1.7162135
4.1801467
-0.19548734
-0.8197816
2.4950678
0.98484266
2.8294342
2.7687578
-0.38057834
-1.5359825
-1.9714612
-2.1701787
0.012505669
-0.7281485
-0.6352823
-0.02094609
-0.7279807
0.48989478
1.7631649
1.1633595
2.2030842
1.4111316
2.1464176
-1.8529304
-0.57639414
1.5690155
-0.47274116
-2.6514912
3.3956652
0.62448794
4.330709
3.4669318
3.1070101
-0.791719
-0.9699734
-0.7751773
1.23679
-0.22346613
-2.4874623
0.9628631
-1.143758
3.988639
-0.22449103
-0.9932437
0.20759697
-2.0277157
0.2805463
1.5863602
0.58475316
-1.5441641
0.961706
0.02798023
2.1910655
-4.632541
-3.0994198
-3.6568806
-0.98482376
-0.98269355
-0.009543315
3.6285486
-1.7439483
0.09464428
1.556496
-2.9383671
1.6178316
0.25781718
-1.4987636
2.9450161
0.61327624
-1.7468942
0.26574737
1.2956278
-1.4599007
2.1546738
-0.31099662
0.20296863
2.105916
-0.76968664
-1.6670712
1.7013397
4.147045
2.0880754
-3.1978467
-0.5121595
-2.2316089
2.467002
-4.1201606
-1.8718609
-2.2580924
1.0825148
-0.19700965
0.06366343
-0.33328614
-2.9606938
-1.9716072
4.3725247
-2.1349905
2.309952
0.9722089
-0.066784665
1.6901261
0.08794969
-1.847849
2.249334
-2.4099977
2.3654034
0.47100002
-2.2661588
1.6948242
4.794789
-1.6813694
1.068684
0.71954274
0.11344598
2.205646
-0.63154614
-0.5365446
0.08285067
-0.17845747
-1.0422242
-1.2458687
-2.9680202
-2.3092093
3.1172256
2.8348374
-3.698555
-0.0406223
-0.08769699
-2.3376935
-2.3915482
0.6708961
-1.7549108
-3.191991
1.6553029
-0.8361543
-2.4482052
-1.101754
4.224887
-0.70061797
-2.0047243
-0.405441
0.5861887
-0.6844989
0.38368005
1.3099784
1.7992672
-2.1776905
0.57778406
-1.4558946
0.971804
1.7427007
-1.0341331
0.56665325
1.5739104
0.23738058
-2.3269742
1.1336751
0.7230786
1.375488
-1.1312745
1.5756404
1.1474485
0.01830142
-1.9909164
-6.003335
-1.8806796
0.3063354
-0.5487594
1.253374
2.2658997
0.79076993
0.24603191
-3.6322632
-0.3971319
-1.0079317
1.8714173
-0.18196726
-1.8125267
1.4051908
-0.7046135
0.6685309
-1.8368998
-1.9845049
-0.3592305
-2.008786
0.61844766
1.7562525
0.23539737
0.5816265
-0.08478492
1.1509575
0.2988235
-0.36927238
0.8789861
0.13943654
-1.4075503
-0.427042
-0.11354967
0.2626639
-3.2888603
0.0057892427
1.7835826
-0.8149383
-0.35350615
-4.5707035
-1.6008506
0.98334426
2.484293
-0.22305475
-2.922567
-0.61569923
0.7838824
-0.99990886
-1.8560208
1.2266134
0.60565895
0.64995575
-0.5719672
-0.36453804
2.4988165
-1.1245689
-0.6139913
-0.15711609
-3.1928232
0.21993244
0.6245993
-2.4478805
-3.6795676
-2.0833719
0.7816987
-0.051733144
-0.61676115
-3.126228
2.2643085
-2.5703354
-2.463458
0.96923774
-2.9538255
-1.8813053
-0.6581184
2.3418987
-1.9242189
-0.6560003
0.36348563
-0.29974374
0.9347462
1.4253645
1.2337575
-2.0242875
-0.51968914
-4.151986
0.6390309
-0.49684668
0.070474386
-2.7270193
1.6515477
1.1507102
2.3386667
-4.3511777
1.0183773
-2.0585678
-1.0814185
1.9923042
3.131378
0.29042232
0.8726555
-2.41345
0.46617565
-0.48571175
-1.7965647
-1.6361423
1.3767358
0.30467767
-2.5301192
0.7719305
-1.326337
2.3082294
1.5074698
-3.791353
1.0669433
0.7528589
-1.1900934
0.74864876
2.8855453
1.1642109
-2.6527467
-0.85090166
0.4235478
2.1407268
-1.3785346
2.9534385
-1.2422091
-0.98020947
-3.559598
2.2947686
1.0060961
-4.184224
-0.8855025
-0.8579087
0.18976995
-1.6914849
1.1123617
-4.0901957
1.0008055
-1.5430472
-0.77145636
2.8810828
3.5353303
1.078945
0.027174864
1.6078174
6.946746
-2.0768282
-2.3541331
-0.50532526
3.9110835
1.3227316
-0.93627423
1.0018512
6.087697
-2.1898208
0.8921499
-0.65862936
-0.830898
1.6366143
-1.1356343
-0.5735829
-0.70114654
-1.267254
-2.5405846
4.2559004
3.1625266
-3.1551266
1.8904625
-1.8179739
-2.528433
2.825124
-0.7779932
-1.0393447
2.4898415
-0.3380558
3.18716
2.023638
2.3810813
0.25142074
0.8004318
0.4611902
2.777622
0.1550837
-2.2736762
0.10351196
-1.6889769
1.30456
3.847362
-1.5420772
-0.9415788
-1.2363346
-1.0544683
-0.69749445
-1.5215011
1.4971662
0.2373384
0.9233758
-1.1284705
-0.7303765
-1.3222616
-0.5835551
-0.027587362
-2.0676737
1.5438972
0.9955409
2.208409
-2.79345
-0.035228662
-0.35539368
2.0404584
0.6662575
-3.6033468
2.5110643
3.6735506
0.11642168
0.10501817
-4.5367966
-0.57133925
-2.0809104
3.6821346
2.2956216
0.43784633
1.884688
2.6584988
1.9434202
0.626051
1.0121868
2.249991
-1.5449803
-1.6254652
0.1970617
5.9138956
-1.1539049
-1.3383199
-2.5329597
-1.1059511
0.7197808
-1.3643143
-1.3711712
-3.16677
-0.5736207
-2.9769487
-1.6173224
-1.7711902
1.735526
-1.7762306
-2.0808103
-5.4464483
2.542914
2.0808566
-0.25341818
1.5832137
0.71196866
2.479598
-0.027172685
1.6335655
0.54808974
0.18379544
1.063338
-0.93897945
4.0462584
-0.39014935
2.098988
-0.16947004
1.7715471
-0.41363668
-2.451629
-0.5839695
-0.7965041
0.02878284
-0.081751086
-0.21741335
-0.8158956
-3.310294
0.5046957
0.3776418
1.5529073
2.160615
-2.040677
-0.89889264
1.607067
-0.40681574
0.94248587
1.6990603
-0.24668404
0.5865501
3.3874617
3.9142625
-1.0907947
-0.9325706
3.1177797
1.3742685
2.8242753
-1.0740329
-1.1742994
1.8271017
2.7120478
-1.1434705
-1.3204327
3.418002
1.4683038
-1.8667991
-3.8677187
-1.3644243
-0.6212062
-2.9763217
-1.238788
-0.9692561
-2.3938963
-1.5804839
-0.9704636
-2.1541634
2.5324354
0.32590264
-0.44265687
3.389101
2.4406133
-1.0035653
-0.93933576
0.76683027
-1.5834733
-1.6483321
-0.5371262
-1.547856
0.17888148
2.686462
0.60206926
-1.2383368
-0.77083963
0.15512332
-3.0800793
-0.48021358
1.7580274
2.8360927
-1.3271112
0.6086335
-0.99232465
-1.1587133
0.23460805
-2.1393528
0.39918834
-2.8692548
-0.27666453
-1.6126674
1.1546072
2.6523936
-3.4096642
-1.5276854
-3.2062259
0.88813317
-1.3106706
4.117988
-3.6437953
-2.5353749
2.0970926
-1.7160022
-1.7086807
-2.677699
-3.4743626
-1.2091941
0.27470186
1.9189434
-0.8309275
-2.2579188
-1.8469567
-0.94521624
1.9206114
1.5983807
-1.6085997
2.9697042
-2.4763277
1.5351161
-1.2586018
0.7661995
-1.3027649
-1.4132055
-1.2748761
-5.684544
-0.20966572
-0.061505713
1.3198926
-1.0011783
1.0260361
-2.8761582
-1.6760973
-2.3944182
0.7290659
1.0711099
1.0009756
0.37265402
1.218721
-2.0175376
1.3305929
0.23975536
1.5181653
1.4409679
0.42741823
0.17499319
2.3312461
-0.48395443
-1.8717859
-0.5656642
-1.9949459
1.840422
-1.4570323
2.7673054
-1.0815606
1.3413568
1.2417772
-2.5402746
1.5009574
0.63714224
0.5250194
1.5154959
0.5925527
2.555848
2.1685884
1.3153567
1.7071577
-0.66971666
-4.138428
1.3012682
1.619845
0.16231224
-0.36471575
-1.5186055
0.3771703
1.409731
-0.4008777
0.85114336
1.4043944
4.5045185
-1.905826
2.2057743
1.8548093
-3.644089
-3.304909
1.7661748
1.9437605
-2.230022
-0.3800436
-0.44311923
-1.2476574
-0.09488287
0.28393543
-0.08363279
-0.33317202
-1.1841495
0.09544707
-5.7112703
1.7315181
1.4506751
-2.5003717
0.17286935
0.2554694
4.2675242
0.54707354
-3.7818666
-4.341962
-1.8066529
-2.2861447
-5.3472557
-1.6854473
1.4375046
-2.875075
-3.0985785
2.5574841
0.58090204
0.14090857
-1.2482947
0.8779643
0.07604319
2.992099
-0.3426167
0.56836414
0.53614473
2.0257993
-1.4254929
-4.25894
2.7455885
-0.707916
-1.0366377
3.6072555
-2.3233192
0.76470923
0.13165307
2.550122
0.030514237
-1.2486126
-0.42557418
-0.17365932
2.4079905
3.185832
-1.3491436
-0.58132017
3.0447223
0.39823765
-2.4630394
0.40488806
-1.4769279
1.4238149
-2.758697
-0.6473878
-0.74842745
1.4154177
-0.8071484
-0.6257589
-2.1627638
-1.1271015
-0.01784055
-2.11613
4.0108337
1.5952018
-1.04158
-0.11562676
0.49478924
-1.0155218
2.0119345
2.6038368
0.344186
-0.056689657
0.10636823
0.9911357
0.22266339
-1.4144292
2.806793
3.2706246
0.16598597
1.5745384
-1.5254685
0.9214568
-1.1219574
0.37958854
1.1347651
-4.4097376
-0.8030035
4.840892
2.7309248
-1.9166752
-0.22417212
-1.1397396
2.97644
1.0511471
-4.6333694
-0.9546564
-1.642898
-3.2745097
1.8764158
-0.45189047
-0.41914037
0.19398159
1.8094559
2.0370717
-1.2476077
1.1201742
-2.0777721
0.5919914
2.0713353
-0.08467176
0.22574115
2.0451107
-0.775862
-3.4241517
1.5213792
1.6830004
0.6723339
-1.0964019
-0.74108267
1.5757371
0.38786536
-2.336433
2.6826148
1.2692454
-1.5741804
0.8044138
0.9521475
1.2582599
-1.473737
-0.6414287
-0.6354806
0.11044451
-0.7456279
2.5336466
-1.2607359
2.8324635
-0.2206417
-2.3359833
2.8956852
-0.31685525
0.9575133
1.7810385
-0.13235787
-1.684628
-0.07411817
0.28200182
-0.198131
2.377196
-0.8097125
1.2174848
-1.2609198
-1.6751776
-0.57074314
-0.6772586
-0.110237814
-2.113499
-1.7257199
2.3207812
2.2661574
-1.5523152
1.3156911
-1.8703645
-2.495951
-1.9543417
0.7896083
-0.25997224
2.4651923
-1.2921834
-0.48698047
2.9495142
1.1377133
0.78592867
0.15480319
-3.3302503
-0.62700725
-0.64413637
-1.3294761
-0.1582748
-1.2123805
-0.6626094
-4.5800095
0.12234511
-0.001355119
-1.5406849
2.208704
2.8137932
-0.64133483
0.10141006
2.2606354
0.0018474981
2.311303
3.235196
-0.9754926
-1.1240366
1.7877253
0.8226445
-0.7575637
3.6418757
-1.4919636
-0.71845746
-3.4815614
1.0401305
0.31142834
-3.5894525
-1.1048021
-0.22366044
-0.09702073
1.5788809
-2.2207851
-1.2909126
-0.19053039
-1.1847514
2.1318488
1.8810943
1.713382
-3.4228346
-1.5859487
0.10198966
-0.35563314
3.9606206
-1.5436751
-2.1704657
-1.9605587
1.210434
-2.8447077
2.0168843
0.21147117
0.8708581
-0.042335056
2.8518634
0.9187056
-0.9660544
0.9755869
-0.44234094
-0.15372878
-2.5491803
1.3011149
-0.7755096
2.9361968
-0.5585119
1.565522
-4.3426433
-1.3767095
-0.7504282
-1.1767852
2.401688
0.37816492
4.6868696
3.3858562
-0.68488294
0.53230965
-2.711061
-0.439124
0.44733134
1.7501879
-0.4096138
0.46146405
0.18924585
0.612424
0.7096034
0.8753048
-0.7561917
-0.8296019
-4.8274055
2.2060416
-2.1957624
-0.8160407
-1.5789709
-1.5501379
3.4924386
1.3110131
-0.516066
-0.1342323
1.1871971
-0.4782085
-0.7986282
0.77559346
-1.9769588
-0.51275355
-1.3012787
3.4300737
-0.13746408
-1.1501098
0.4398878
-0.9416991
-0.87281287
-3.1086938
1.965177
-2.000702
1.3828248
0.5125307
1.3830597
0.47948703
-0.38708073
-2.2423162
1.1736236
-0.6689213
-4.918953
-2.2310302
0.303979
1.82845
-0.15233657
-0.78051525
0.4975494
-0.9313201
-0.8384354
1.0810088
-3.0158503
2.1724408
-0.8424399
-1.2351415
0.037621938
0.10431016
3.2563531
0.2688521
-0.12215221
-0.010889173
0.51148427
-1.0893971
0.9704406
-2.8145049
1.368136
-4.999189
-0.8283438
0.40314323
3.5621927
-1.1450834
-2.4118273
-0.76227164
1.5526588
1.447752
-4.2669687
-2.5713916
-1.70222
2.0749354
2.3911765
1.7722763
2.0164385
2.9075034
1.1875814
-1.2104088
-2.4464421
0.60783243
1.6129078
0.29050764
1.965492
2.3023202
0.43372735
-0.48264298
-1.4804782
2.3135731
0.7335188
0.56317043
-3.693193
-4.3668017
0.8577603
1.3519237
1.1821665
0.27680212
-1.5069491
-2.8507512
-1.8796496
3.8658767
0.7430964
-0.23282267
4.121589
-0.109675415
0.73266244
2.9368742
0.23974322
-4.145895
-0.3349883
-1.077141
1.5816151
1.2287843
5.118359
-2.466697
-0.521213
2.2712152
-1.4536843
-1.8118612
1.4636598
-1.4004059
-3.304133
2.6615062
0.6258721
-0.47166216
-1.5136073
-1.0372154
-0.12387133
-1.560643
-3.3125877
-3.2195964
-1.3487202
1.7224592
-0.88768035
2.6525874
-2.4554002
0.55134124
-0.08538734
-0.71458817
1.5229573
1.0691891
-0.6308845
-1.4672203
-0.4126838
3.0421927
3.239536
0.044204444
0.38284266
1.6669481
-4.0698104
-1.9536326
2.7337563
-1.2910401
-1.3496139
-0.80329037
-0.91503984
-4.116418
-2.738434
-1.0080285
-2.3181028
-2.281683
-1.2471461
2.1268291
-0.12058475
-1.5821874
2.3542223
5.2605677
1.8358965
-0.31629783
-4.3788624
0.6350344
0.08403032
1.51377
0.3175809
1.0506524
-0.79628575
-1.169883
-0.77602255
-1.7341498
1.5307999
0.28072274
-0.37987694
-1.2562327
-0.5460168
-1.6574258
1.8984799
-1.3924468
1.6548518
1.9913981
2.3606575
0.12459238
-2.9865468
1.1681181
-1.7768381
-0.5336143
1.8330594
-0.62744486
1.1060196
-3.2737856
1.4266716
-0.021091722
-2.3989866
-0.8940082
1.1115887
1.1718245
2.067561
0.7042892
-2.2110946
3.4271753
-0.07201075
-2.6363018
3.866326
5.6016793
-1.7058532
0.7563388
5.764193
-0.98573214
1.8822838
1.2094836
-1.1399432
-2.3423457
-4.009764
1.8359121
0.15403157
-1.7713821
-1.0989697
0.7295558
-3.3598385
-0.71573967
2.2559896
-1.0522392
0.8382105
1.9496291
2.7750063
-1.4362692
0.5017683
-3.4209182
0.5744969
0.45382667
2.637088
0.9866462
1.4971751
-0.7726462
1.7079856
-1.3281542
1.2254316
-2.5971177
-2.2306442
2.153694
-1.7696697
0.8181301
-2.0391493
-1.4248621
-1.6683863
1.1487304
0.55205536
-0.70184183
0.13807291
-2.044184
0.15501693
0.14369692
0.77223814
2.2350826
-0.07389965
1.4720433
-1.4727265
-3.082275
3.8098547
1.4624456
-0.105676994
-2.8101974
-0.09921974
0.2431084
-1.9266087
1.661721
-2.2183871
0.36962506
-0.47771382
0.19841701
2.4166305
0.2332238
-1.769147
-0.5412227
-0.46891484
4.312097
2.1971164
0.4054315
1.5594131
0.14465225
-0.94127
0.42426527
1.6585605
4.8805203
-0.3768697
-0.27527714
0.86202663
-0.40729302
0.4946954
3.0194294
2.2409465
-2.5934067
0.05232714
-3.0596
-0.5139562
0.85699266
4.288878
-1.971985
-0.948412
1.4110034
-0.13603622
-1.577848
1.1117425
-0.7415785
-2.302443
-0.82428646
-1.8723767
1.7337071
0.42442742
0.22079208
-1.2820424
-2.2504165
-0.57768774
-0.19160196
-3.1350858
1.3295954
0.79103243
1.4959282
0.37036216
-0.92641556
0.4162774
-2.3657115
-1.9911394
-4.2883363
0.0035350807
0.16762339
2.0920498
0.5440158
1.5563858
-2.7444398
0.07083013
-0.39308682
-0.22555904
-0.82949233
3.283359
0.66595423
-2.511113
-0.29460526
-2.9985583
-0.51456296
-2.980285
3.2322319
1.8161744
0.8168507
-3.1182334
-2.3029609
-1.0024703
1.821986
-2.224935
-1.27354
0.43289846
-0.4494986
0.36467686
-1.5374227
-0.4063541
5.614189
-1.1823646
-0.6213563
-2.527461
1.5874298
3.7502613
-0.08526346
-1.5554606
-2.588274
-2.0583248
-2.3087823
0.2928505
0.27447316
-2.0924368
-1.2929237
0.88144386
1.2700901
2.1256983
1.8447132
0.85174245
-1.0521259
1.6957515
-1.0655556
-2.2867754
-3.5866296
-1.570643
0.96849906
0.82951427
0.9980089
0.37872553
-3.0869985
-1.5274254
1.3956314
-1.1539679
-2.491843
-1.6369348
0.019185364
0.3830612
2.327982
0.9629741
2.9025064
-1.6368738
1.7698433
0.48774296
1.9917084
3.8685768
-1.9064782
0.65722674
-0.7691066
3.1797144
5.0858407
1.3283621
-0.35631973
-1.8848165
-3.0480022
0.8664853
-0.88011867
1.2156298
0.41801435
0.8700717
1.901017
1.2232689
2.342647
0.26908576
1.9479427
-1.1591123
-0.040611044
-0.6367407
-2.625028
-0.58840746
0.41912076
1.4348277
0.16398314
0.48195463
0.79213727
-4.342685
-0.08563838
-1.0174515
-0.79682595
-0.35642123
2.5121005
-1.9762652
1.8063961
0.5466696
2.1758533
-0.74384236
0.27710372
-0.21693434
0.007567361
-0.5601895
-0.6897982
4.714672
-0.7610497
2.475663
1.9462945
-2.547645
-1.8058761
-0.46858287
-1.3441076
0.54221916
3.716573
-0.7312771
-0.06748094
4.6983027
0.36779532
0.061676063
3.554685
0.5070232
-0.58551407
1.1656953
-0.8666104
-1.6178566
0.15763451
0.7116798
2.0967832
-1.4245073
-1.4203831
0.19429222
0.8187952
1.1971761
0.41599897
1.3348356
-3.644341
0.5478114
0.66464937
3.309943
1.0904354
-1.5682368
0.28654397
-1.6105115
-0.25826955
3.8803587
0.58763516
-1.3003175
-0.9029379
1.799219
2.0913599
0.8053977
0.8291466
1.9442614
1.1906176
-0.34232676
2.5954602
-3.0081694
-1.2587157
-1.9780697
3.1951857
-1.2633209
-0.75409585
1.600493
-2.8368826
-1.2438902
-0.22462982
0.805439
1.9112271
1.9963974
-2.081936
0.34491634
-0.84718347
-2.2161813
-2.803912
0.21331054
-0.005245749
0.8071563
1.1209368
-1.3272047
-2.9138422
0.40753442
-0.91135705
0.7716406
-0.10258396
-1.48572
1.666716
-0.9005195
3.1980147
-1.062279
1.0921088
-1.4952577
-0.9113775
0.24029273
1.1923995
2.8089385
-0.54785013
2.2886066
-3.0229976
-1.0381411
4.2910843
0.5444523
1.628294
-4.6934056
-2.2578392
-0.8552346
0.49551716
0.9794903
0.8537976
3.8308454
-1.465257
-0.87179875
0.2499488
-0.9190646
-0.45726237
-2.0437586
1.2519203
-0.20170105
3.2792757
-0.7749989
-1.3151711
3.1737053
-1.4938469
-1.1381121
-0.8573767
1.1014489
1.76509
2.2406192
3.8080893
-0.49315503
1.4797978
0.32549834
5.306656
-1.116106
1.468855
-0.59734803
-1.507177
-0.017885141
-0.68377453
-2.868361
-1.1473732
-1.4421083
-1.116622
-0.70103323
-1.0343199
-0.64469296
-1.7471739
1.0925044
2.4151556
-3.322609
-2.26994
0.14121684
0.83486336
-0.90490836
0.5485406
1.6887685
-0.9885506
-1.3504204
-0.2630212
1.0460231
-0.6401373
3.622304
-1.7598512
0.26901835
0.61592263
-2.0034308
-3.67567
-0.1969579
2.5384057
1.3746488
0.8943322
4.60357
2.5418766
1.7764701
-3.0437024
-0.877028
-0.07540079
-2.9348524
-2.9815097
0.8925353
-1.8567507
1.402887
-0.62397224
-5.1576133
-3.1218739
-3.1967304
-4.8306613
-3.5959158
-1.915057
2.9494126
-1.2374625
-2.7850366
4.577816
3.615964
3.0341518
1.9384782
2.1703482
-3.66764
1.2014707
1.0522174
0.31186265
0.1327735
0.7152034
0.17349905
-1.779017
-1.80243
2.617824
3.1581328
-1.6182078
1.9061613
1.6009977
0.78520095
1.3959794
-1.563341
-0.6229724
0.58503765
0.25902522
-2.729313
-0.16460136
-0.95490265
-0.716508
-2.8926165
-0.88168156
-3.1905434
-0.23012467
-0.7781375
0.46498868
-2.0898592
0.20014754
2.68139
1.0541538
1.8043137
4.9608636
0.90895736
0.90858006
1.633188
3.2231314
-0.50224465
-2.069866
0.5387448
-1.1807472
-1.7068454
-0.5901381
1.553066
-1.4875866
4.7270555
1.1388795
1.938656
-1.4622343
-0.7574112
-1.1093886
-0.55999243
2.4897935
-1.018772
4.8932157
-1.0987488
-0.72773886
3.5541928
1.2397094
0.15953565
-3.011225
3.6726665
3.3819258
0.409447
-1.5971613
-1.341381
-0.41550308
1.29534
-1.1925774
1.0409645
1.489025
1.018977
1.1945655
-0.8741405
0.96456003
0.37589157
0.09404808
3.2799954
-1.8842473
1.6583424
-0.5896948
-1.0958394
1.1176376
-0.03189297
-0.053833246
-2.6466236
0.7279987
1.1750666
2.6690664
0.47529593
1.820211
-2.47837
-0.911642
-1.720536
0.92983794
-2.103805
0.39091974
-0.07426677
1.6317533
-3.1274655
3.120729
0.47573513
1.1609852
0.3254615
0.7623947
1.2234778
-0.67654204
-2.3346784
0.06277616
-1.6144385
-1.9161925
-0.8728606
-0.6905891
-1.9796053
-1.5793686
-0.17485544
-4.520518
1.0504731
4.359209
1.0997163
-0.9615279
-0.26537243
-6.4360986
-0.17441973
1.8545083
1.3408827
-2.0741763
3.241744
-0.19477504
1.1151912
-1.634173
0.080792315
3.3137026
0.6280734
-1.4471682
2.475134
0.93228465
-0.86881125
1.0727748
1.2520062
-0.80227655
0.8557216
-0.95509434
-1.1301271
2.2694485
-0.7955739
-1.8317678
-1.343492
1.7071598
0.32347035
0.3605838
2.9855425
-0.80131614
1.2611176
-0.88556784
-2.2735057
-2.1960769
-4.087633
0.9385499
-1.7810745
-0.4220615
1.1331437
-2.8845134
-0.77484465
1.7465104
-0.077186525
1.2200714
2.2185562
-1.2033865
-0.3809261
4.0184937
-1.5297874
0.6548736
-1.328453
-2.5371227
-2.352848
-1.5027426
-0.55708635
1.6721357
0.4499455
0.060427204
-1.2820091
1.8076102
-2.7387424
-1.3514624
-1.3774146
-2.9476762
-0.39257807
0.88061136
-0.7487138
0.4483709
1.1141691
0.79535836
0.8181085
1.4997365
0.21380863
2.8544254
-1.6610074
0.20975408
-0.6679102
-0.82827395
-1.1758062
0.7494523
1.1512772
2.5037208
1.9224749
0.69288504
0.47763824
1.0938554
-4.4965696
-0.7183447
-2.6197686
2.7484741
0.13894421
0.4657608
-1.1766974
0.014617771
-2.0103767
-0.99212617
1.5444039
-1.5150799
0.08438919
-3.289243
-1.9003253
-1.1131222
-2.3005686
1.817646
1.5094348
-1.4940275
-0.97240406
-1.1780379
-2.9767764
2.3779078
2.2041368
-0.22259861
-0.60830957
-2.4507294
-3.1229913
-0.09036005
0.51550287
1.467045
0.047098376
1.9088824
1.2373121
0.84975374
-0.6042845
-0.04037796
1.3150458
-2.327154
-2.6007345
2.3610425
-2.1809273
0.12129785
2.623054
3.5586033
-2.3824263
-0.3683032
-0.10511847
1.1409144
-2.6439524
0.48773912
0.21887927
-3.821496
-2.0174124
-1.9663731
-0.26763946
-3.6889122
-2.6444838
0.63966626
-2.7236707
1.7977395
3.4048293
3.3398516
0.81481975
-2.0207257
0.60129213
3.7696993
-0.98164696
-2.284257
2.229034
1.693595
0.71487784
1.5947348
-1.471039
3.1618004
-2.2707415
-3.0530698
1.5087302
0.03344255
-0.39126074
0.40362749
0.28483695
2.0474503
-1.0920026
3.623084
4.517621
-0.5412279
-1.3555313
-0.3393787
-1.0193607
0.8809856
-0.0139201805
1.7596655
2.3549602
-2.0073967
3.3278754
2.093432
0.7444327
2.430409
0.04717171
-1.9003656
5.4204507
-2.2758164
1.3980199
-2.3718264
-1.0285995
-0.8945296
0.33574635
-1.6388302
-0.54023397
3.0950315
-1.0108733
-1.7465912
0.8885559
0.49546564
1.816223
2.0796282
-0.75386053
-0.27756882
1.4351989
0.99693805
-0.18599859
-1.2651484
2.0332325
-1.2634735
-1.0524774
-3.3479857
0.35362914
-3.1549492
-2.7446792
-0.6170664
-1.8862845
-0.36853284
0.48075625
1.001366
4.366877
3.1387973
1.1535964
-0.79698324
-2.7460203
1.77812
3.733158
0.93010145
-0.7760126
0.47959074
-1.5322365
0.4618639
2.8130035
-0.17263922
3.5160887
0.6299941
-2.459188
-4.1437
-1.2647424
0.66220164
-2.7015643
-1.9016348
-1.0144715
-2.1149194
0.7145412
0.32232207
0.7789225
2.1876621
-1.2052727
0.77154857
0.6283248
0.35779795
-0.2070136
-3.6273453
1.3504281
-1.3653202
-0.48197836
0.818466
-1.7942475
3.3858235
-0.80458534
-1.4682285
-2.377487
-1.5253701
-2.39786
-1.3886148
1.0461154
-0.4982143
-2.1477864
-0.1715779
3.523369
-1.394107
-1.3322963
0.46550056
-2.218092
1.6523526
2.0770612
-1.5660057
-1.7365248
-2.7602985
0.8044998
-1.6363
0.7283483
-1.5257894
3.0304615
1.137471
2.2170763
-0.301084
0.2949109
0.92401373
3.97107
-1.9547678
1.7084491
-0.9249236
-4.7673225
-4.568624
-1.2702706
-0.83237773
-1.0877161
3.109127
-4.0767546
-0.097885564
1.3274988
-0.7705259
-1.1703112
-2.1219938
0.0773193
1.756716
0.81232613
0.10179186
-2.3432367
1.4395475
0.87114704
1.3600178
3.449711
-0.030456524
-1.5053352
-3.6626024
-3.3683162
-0.64700586
-1.2121977
-3.0870798
2.0097165
-1.7544413
1.0001241
2.0458205
3.132069
-3.1965094
-1.1281207
1.4026186
-3.5914304
0.04337891
2.139203
0.9216616
1.7380083
-3.2577076
0.258898
-1.8791531
0.0893309
-0.2384218
-2.9604971
-2.6557424
-1.7804747
-1.5930988
0.51188624
0.578766
-0.33186075
-2.0505786
2.5153477
0.10074091
-2.2663205
3.9830966
-3.685275
-2.26057
-2.9991238
2.4960332
-1.4145479
1.290285
0.5147613
2.857676
-1.9821287
-1.9911106
-0.17200449
0.7424512
-1.1350653
-0.27890724
-0.21212928
2.7127364
2.9454281
-0.58583534
1.5302761
-0.3906242
-1.4420702
-0.01590908
0.25860295
0.4165882
-2.0384605
2.4080615
1.6943303
-0.2521795
1.5478531
0.4632215
-0.40296683
-0.5673994
0.0643877
-0.31972364
-0.33909798
-1.1612928
-2.1743765
0.7996188
1.7803073
2.5454004
0.81481934
-1.6857489
0.79506177
-0.67062205
0.26053897
-0.8533727
0.5737104
-1.9100467
-2.4420664
2.293902
0.39787346
-0.6200191
-1.1155783
0.55939144
0.4327708
-2.9035974
0.8655787
2.4848688
-1.2726948
2.332221
-2.1265616
-2.5985737
-1.1927781
1.0050619
-0.841905
1.068957
2.142954
0.4884212
-2.2040339
1.9739906
0.17050138
-2.9383016
-1.8965706
3.1427772
1.2813594
-0.48915672
-0.9068903
4.4468904
-0.4498046
1.5448819
-0.941892
0.7222078
0.9736416
-0.93466216
-1.3431615
1.8109398
-0.43895954
3.0594082
-0.8302338
1.5162339
-2.5662873
-1.031146
-3.2061107
0.64422286
-2.1219027
-1.2513859
-0.50787383
-2.1311932
-1.7739205
0.51626015
-2.1660352
0.57432324
0.24383329
-1.4868346
3.318836
1.5767834
2.8241825
0.162272
-0.01449433
-0.30106205
-0.3174383
0.709989
0.18267196
-1.0696033
0.26276928
0.35044718
0.19109625
-1.4703045
0.6139118
2.919386
1.4396049
-1.3173393
-0.46682757
-3.5592556
-0.9634187
-4.074924
1.3037776
3.357249
0.4880181
0.4417464
2.6404395
0.6077996
-2.4020517
1.2909925
-2.6191187
3.9672382
0.71736544
-0.95290494
2.0522428
0.9857827
-0.16738793
3.0059044
0.9033868
0.13371006
-2.4186397
1.7059119
2.3725815
0.054505557
3.1705828
-1.0897609
1.4042617
0.68567145
-0.5253169
2.7806137
0.8021442
-2.1289935
-1.9539745
0.14897129
-0.5047549
3.2559228
2.5376835
2.0887718
2.2886693
-0.08896341
-1.6303662
-2.4405947
3.5171227
0.182984
-2.6294384
1.0035845
-1.4130257
-2.5095034
2.3063343
-0.5233046
2.0962372
-0.7361444
-3.99754
-4.247728
1.4444534
-1.2697232
0.25640526
0.56435764
2.6180782
3.129432
-0.7394047
0.70973784
-2.8343213
4.5596657
0.26794502
0.541643
-0.008681148
-1.5391736
2.2447455
-0.27014288
-3.4325588
-2.0826805
-2.519181
1.4839952
2.797939
-0.70056057
0.112898186
4.3948736
-1.004067
2.5846379
1.0478344
-2.6994298
-0.88563204
1.479064
-0.88897973
3.32876
2.5104961
0.61847186
3.0559828
1.1058552
0.73195755
0.15787244
-2.93258
-1.321341
-2.8958724
1.5518959
1.4462199
1.1418927
-2.5915174
0.428729
3.6173885
-0.34247136
-3.4328835
2.4743028
0.23993587
1.6554772
-0.45512992
-1.1630242
-0.15795496
1.6638134
-1.669629
-1.334951
-0.44167417
2.073132
-1.177038
3.5468621
0.31499314
1.054085
1.3944798
-1.9901313
1.2678396
-1.0204366
-0.50718015
0.3352909
-2.159401
4.3016725