Nelius
0
-0.9997742
-3.2202168
-0.8322469
-2.8332467
-2.2309964
-2.542456
1.4583127
3.2531164
1.1865256
-0.08843059
-0.51328814
-0.23289013
-0.3713681
-0.7825636
-0.05104153
2.3435555
0.83298725
1.8741913
-0.75161207
-2.498756
1.7040985
0.6055394
-0.8863944
0.7592725
1.5433489
1.2272093
-2.2686834
0.17204162
0.7310435
0.48973525
-0.15952453
-0.8651314
1.3841918
0.112215504
3.1327376
-0.21015096
2.4439042
-1.0128664
-0.6641699
-1.2404032
-2.6038876
-1.0708526
0.3408398
1.8204955
-2.9373164
-0.8532848
0.53183955
0.931241
2.399619
0.75498563
1.5899181
-1.9030471
-2.0280943
1.1589384
0.71987444
0.17046311
0.9920144
-0.15366268
0.06853952
-0.67528933
2.587901
-2.724675
1.6512567
-0.81477916
-1.5360183
2.9368622
-3.5147712
2.267112
-2.3209856
-2.1471238
0.09274062
0.3365747
-0.8286672
0.62818444
-3.3636956
0.98272485
2.4328108
1.1693377
-0.8256304
4.1211853
-2.3214655
-3.5510488
2.0035212
1.557171
-1.5523386
0.87194175
1.8723166
-3.1488638
1.3992
-1.6734996
-0.792374
-1.0137203
-0.39476427
0.7439267
-1.0838134
-2.3886337
-6.043931
1.880285
-2.797292
-0.38388824
0.41285175
0.9424115
-2.028558
-1.0280561
-2.71938
0.055762902
-0.942213
2.336263
1.9676157
2.9585812
2.445648
-1.2890016
-0.21650976
-0.9346597
-4.454808
-0.8196377
-0.09977019
3.0828183
2.1231253
1.9219238
1.6065141
-0.59008133
1.0265782
0.054476835
-0.25604433
-1.2397274
0.8331878
4.6118226
0.10653138
0.6239699
-0.29032904
1.8304764
0.8732245
-0.279529
2.6034968
-0.52679884
-1.885465
0.6571011
0.204573
-1.6358763
1.3692092
1.4584131
0.4487271
0.7759678
0.4586841
0.18917516
-1.1170101
0.5181443
-3.356992
-2.9152215
-4.848092
0.26672214
-0.49830547
0.40620318
-1.846567
1.1156615
-0.8934487
0.690138
5.1215134
-0.46577898
-0.4882326
-1.6070484
-2.7345424
0.69655955
-1.8065131
2.4986575
-0.8310623
0.31978756
-1.7295651
-0.009259172
-2.7298746
3.4882998
-1.7809963
-4.2253466
1.3863709
-2.1453826
1.5039494
0.7309492
-1.0047888
0.2767519
0.70575017
1.92446
1.5581759
-1.0801399
0.47604853
0.016584672
1.6529639
-5.7601085
1.2860514
-0.92117476
-2.0794492
-2.0077298
-0.49645764
4.4986815
-1.4378723
-0.26530626
-0.4715773
-0.42967767
-0.9048694
-0.6318934
-0.8453145
-0.066518016
5.5665083
-0.6521889
0.52747077
1.7114196
-3.4989011
-0.8980377
-1.9064455
1.7081345
-3.1661263
-2.5836875
-1.357454
0.66559285
-2.522232
0.9899195
-1.3690113
-0.8892645
-1.4849207
0.34518692
-2.898188
-2.728879
-0.9725091
1.9569738
3.0278857
-1.6639835
2.417864
-0.83221984
1.1548401
-3.4651246
-1.7001895
3.430036
1.4217701
-2.625923
1.7165494
1.881394
1.1365714
0.17924207
0.34125316
-0.78777564
-0.5680455
1.4964932
-3.8089738
-0.2285268
-2.4579155
4.6589065
3.1652646
1.2511069
1.2625505
1.5468508
0.39449835
0.9361538
-0.43791822
-0.64093274
2.2753615
-0.6476799
-1.5884318
2.7017014
-0.35838118
-3.5006306
-2.112658
1.1791492
2.2490633
1.1904216
3.1275616
-1.5768642
-1.0925059
-1.8299168
-0.21866131
2.5291564
-0.4265504
-0.043847956
4.369232
1.6428668
1.2569834
4.5647492
-0.15853629
-0.15884711
-0.3344154
2.9661624
-6.5344424
-3.2208066
-1.6236773
2.6122253
-1.9706032
-1.1421602
-0.7313199
0.004145235
0.5345668
1.0998838
-0.20669733
-0.40961683
0.91716945
0.24866658
1.3173447
1.4301872
-1.1997085
3.7337332
2.0331836
2.4382756
1.64825
3.519812
-0.7225778
2.7814167
-0.72532904
1.4696423
0.3678951
-1.1957703
-2.7554102
0.59062475
1.4265347
-0.88553387
2.5380785
2.1996634
3.8415277
-1.5068446
0.93454677
-0.7916752
2.117739
3.251402
0.941969
-0.5117595
0.3570148
0.74774
2.6031995
-2.0369897
3.294557
2.3956387
-1.5121506
-0.46499828
0.5868105
0.679055
0.52331007
0.014985897
0.6698094
0.34515944
0.7298605
0.0057382956
-1.6487225
-0.75914735
3.8993263
2.76236
-0.49181718
-0.048723973
-4.8688445
1.9998097
0.96913624
4.0480433
0.71584845
1.6107348
-3.337029
-1.1154102
-1.1106491
-0.53547955
0.24893808
1.8733163
-2.5687628
0.9629569
-1.1502438
-1.2519943
-2.366295
2.1577096
-0.03529069
2.1158693
1.548156
-1.7802192
1.6978195
-2.3780837
1.2567066
1.0131326
1.9744333
0.4632977
2.058147
2.1063037
2.8384855
-1.0537746
0.49296784
0.7160992
-1.2779592
3.1927228
-0.8753776
-0.75131524
2.7367167
1.1478548
1.3093925
2.1793914
-0.6670451
-0.19802651
1.6845472
1.272995
0.62965626
-0.15888144
0.7185722
0.2396139
0.61285776
1.82094
-1.3714564
2.1906362
-0.69882715
-2.8520284
-1.0561203
1.9248755
-2.1819324
-0.25399655
-0.2626488
-0.08307103
2.5926836
2.3953261
0.8489374
-1.5188569
1.7256355
-1.2764057
1.7851672
3.0414953
-0.35313907
0.45998144
0.5939457
4.3387995
4.02798
-1.7074933
-0.33074114
-1.6358062
-1.849965
2.4290845
2.4695132
5.0210776
0.9516392
-0.22106531
3.6452215
-0.47657388
-1.2878242
-3.6511335
-0.17933139
0.982791
-1.7935343
3.2387443
-0.103197336
3.4921157
-0.25767547
-1.8668271
-1.4408544
-1.4966036
-1.5630317
-0.96602935
-0.66963905
2.1388352
3.972806
-2.043933
-1.5433824
0.5098245
1.0208335
0.81563187
1.4656943
-1.3526202
1.5938255
0.7846224
-1.3005285
2.0579295
-3.8626764
-0.60196507
0.5443657
-0.6740333
0.7308537
-0.80728847
-1.3519038
1.2940307
0.5138548
-1.6580606
0.9321605
1.3061194
2.1687567
-3.6818612
0.9592545
-2.3855388
-0.31795382
0.7569758
-2.2893567
0.7173306
-1.2749245
2.5210493
-1.3369445
0.4034294
5.3699794
-1.2662328
1.004166
0.6122408
0.92999333
-0.75508523
1.3456578
0.556218
0.41188952
4.6251674
1.0516697
0.16666284
0.32737082
3.0118105
0.39276022
1.4328898
-1.8546785
-3.498528
0.38015085
1.752204
-1.230699
0.4333581
-0.14804643
1.7004298
-0.7012261
-0.6736966
2.4505675
-2.0293534
0.20666423
1.4280951
-0.4575322
-2.6572437
-1.5295209
-0.07235948
-2.0597644
1.1641974
-1.0892954
0.090200506
-1.6134803
3.7829828
-2.083424
-2.3465502
0.017304342
3.848699
0.944881
1.0070691
1.6936183
-0.5516609
-2.2898598
1.0181358
-0.8925231
-1.4968499
2.263964
-0.6901194
-0.003463909
1.0107611
-1.2973506
-0.114485025
-2.1727278
-3.7725956
-0.056237154
0.5765464
3.473107
-0.83190364
2.292521
-0.44439602
0.15852453
1.7220684
-1.6860245
-1.6609738
2.4492605
-2.7927964
1.5019662
-0.34035593
-1.3448741
-0.32932535
0.74594223
-1.3725722
-1.7476478
-2.418255
0.21595728
1.640499
-1.0043691
2.2870052
-2.0514646
2.1162126
-1.8317653
-0.8558999
-3.7864273
-1.6387107
0.36658207
3.0073543
4.316321
1.6912324
-0.46015298
-2.6858387
1.2622058
1.2279856
-1.829876
3.5421062
-1.9547225
0.43104863
-0.27415
-0.11608799
-0.80204487
0.094667934
-0.32892436
4.453115
-1.887426
1.159176
1.0605428
-2.7627895
-1.5113076
-0.046921052
1.2912493
2.5421712
-1.7453529
2.1606944
-1.1899974
0.818674
-2.3290896
2.0023973
1.0218568
2.690845
2.4970274
3.8349893
-1.327089
1.8830109
-2.205705
2.4021943
-0.8980049
-0.11287925
0.17143226
1.9257087
1.6068171
-4.1084504
2.068316
-0.13097087
-2.514774
-1.3128481
3.4122858
0.36398867
1.5530946
0.16779783
1.9172927
0.7003891
-0.23250973
-0.20725718
1.1569304
2.8697612
0.90878946
0.25593874
2.3250124
2.0444987
1.1425649
-2.1417227
-0.8180485
1.238452
-0.6127366
2.4038138
0.37559026
-1.3237995
1.756295
0.24710983
1.8739048
0.08607456
2.0218768
3.270969
1.2742324
1.4147962
-1.4108783
2.2743866
-2.804975
2.6534696
1.6664665
-1.9065809
-0.58845234
-0.03743302
-0.6138202
0.3562765
1.4941392
-5.585291
-2.1207945
2.0644684
-0.88766843
1.2341832
-2.682458
1.9057602
-1.8243209
1.334969
2.8478775
-0.10307113
1.0867509
0.55274993
0.031646915
-2.0063071
0.07530615
-0.76606065
5.0940027
-0.6195844
4.2913766
-0.68974596
1.175795
1.3620452
-1.0744221
4.578494
1.7810698
-1.2323918
1.9478586
-0.9040561
1.2343882
4.151264
0.25849682
-3.52321
-1.5020449
-1.6959503
0.071545
-0.2764896
-0.19726738
1.2017466
0.3945176
-1.915513
-3.2658887
3.4629116
-0.61747134
3.0343642
-1.4246316
-1.5343345
2.5818746
-0.054347433
-1.5079871
1.851761
0.30257833
1.7732095
-1.2287203
1.3945309
-0.19341269
-2.5371
0.6953037
0.007059939
0.26350805
1.569757
1.5131817
-0.7385762
-1.8403221
-0.76648307
-1.0667572
-0.4575517
-0.29535437
0.42909002
-1.6485527
-2.6645498
2.897165
1.1843892
-2.9049604
-2.9611778
-1.281897
-2.2323053
-1.2956742
0.58791715
2.033974
-0.20734167
-0.88446295
1.0416576
2.4788163
3.7312438
0.52365977
-2.8239653
2.325399
1.8848467
2.1505485
-2.4166641
0.36687353
1.6306099
0.4033038
0.9026418
0.40572494
1.1251888
-1.8436381
-0.082143195
2.8045943
0.8120964
-5.5724688
3.5705929
2.2690923
0.7258427
0.3018087
-0.9498418
-1.5268104
-1.8470812
-1.8310217
-4.918531
-0.3345495
0.60636127
-0.03847595
-1.4365567
3.1738553
2.2865016
-0.15421617
-0.6298317
-1.483582
-2.2717843
-2.6154172
3.2570598
-1.051003
2.1617987
1.2412475
-0.78764665
-1.1398811
-1.2058043
0.21404278
0.8851426
2.3020594
1.1686242
-0.94434047
0.25325307
0.8709617
-2.145579
-1.4854847
-1.7633637
1.7520285
-1.4929396
-2.6413844
2.3825965
0.555246
0.14666897
0.41996613
-0.6624958
-1.189108
0.39534009
-1.8277583
-1.3378172
-2.022171
-1.0481884
2.8627741
-0.15941533
-2.4986432
-2.341682
-0.75673777
1.6670305
-0.9303133
1.9271315
0.31471723
-2.3600237
1.6001178
-1.3818336
-0.31085235
-2.0118675
2.740929
0.7337321
0.6927388
0.64204866
-0.016788304
-2.2729511
-0.500257
1.3729999
1.1641535
-3.3720105
0.3290418
-2.6605275
-1.2611597
-2.462182
-0.6770067
0.016954623
-2.1096876
2.3333263
0.16545944
-1.2563301
-0.7090346
3.1304178
-4.115557
-0.41135806
1.3712523
0.64240676
0.024331868
-0.981056
0.37069926
2.8737338
-3.1237903
-1.3634586
2.5187964
-0.82664055
-1.9906735
-1.2943001
-0.45312315
3.9426696
1.6761099
0.59365094
-1.8270285
1.4735416
2.693489
-0.11776301
-0.86604553
2.1538386
-2.7214112
2.9186559
1.3599236
-2.7628706
0.03777413
2.9186268
1.708773
1.2307954
-1.9447927
1.0540382
1.3829317
-0.6429479
-0.8955392
0.05831819
-0.42914677
1.8386897
-2.8855515
-0.027662538
2.2474034
3.620329
1.1694021
-2.9035807
0.14112018
2.6548715
2.7961857
-0.0349939
-2.7732258
-3.2077065
-1.1826513
0.6828955
-1.6662132
1.8657169
-1.0788009
1.9123006
2.2720325
0.17435843
0.68889815
0.041483976
-3.1596978
-0.26309112
-1.1991457
-0.9485086
0.9642293
1.6166104
0.49162668
-3.678937
-2.5617383
-1.0616901
2.10642
3.4605615
-3.2947733
-0.9639742
0.06824516
-2.896615
1.0436535
2.0993533
0.84777534
0.26090655
2.8232224
-0.131273
-1.2912248
2.714634
-0.111734994
1.3044747
-2.8949013
-0.24637991
3.1392517
-1.5548122
0.16541588
3.72828
4.3143387
1.7208624
0.6028974
3.2593975
-2.1296093
0.32662916
-0.5397788
0.08326652
-1.9438018
-2.715765
0.80720395
3.4266856
0.45463362
-0.5580726
-0.31278068
0.44553536
-0.7444413
-0.975059
-1.3716352
-0.6748312
-0.50174505
-1.7273864
2.1444457
0.3513302
0.3374388
1.5642277
0.5899821
7.042061
-1.2273773
-0.49857727
1.6090539
-1.2061898
0.75941026
-3.0530996
-0.41214675
1.6368736
-0.15882501
0.14136565
2.0365424
-2.077691
-2.1307821
-0.5557665
1.5693308
1.5532619
0.113470554
3.0527098
-0.9805623
-1.3957807
-0.5226521
2.9433155
-0.17051874
-0.43945992
1.1757315
-1.5560642
0.074114114
-1.5253426
0.24565299
1.0596546
0.37714857
3.798711
-1.9480484
0.68093985
1.274864
-2.2939
1.3009325
0.27257675
-2.371604
1.5139989
-2.9351609
-0.55365735
-1.5741544
2.3136773
-0.6082289
-2.3502948
0.97531754
-0.37044537
-3.1838565
0.3266322
-1.8983424
-0.020671792
2.2927127
1.1676388
-0.26122993
-1.6206703
-0.87599
1.7264693
-1.5801677
-1.6994079
1.7388742
-1.8488722
-0.61705023
-1.2344407
-0.27339286
-1.9274044
-3.6124823
1.3902686
-0.35613278
-0.5573281
-1.8129827
0.49726343
0.314142
2.3645396
-1.7326685
1.4318153
0.4291577
0.98363096
-1.8375922
-2.6287978
-4.8899593
2.2915738
-0.9086216
-0.43238044
1.6732379
-0.25575864
0.5700805
-2.2062628
2.0735276
-0.97344196
-1.4213156
4.382529
-3.0687983
-0.072812475
-0.50332683
-1.4372919
4.0877132
0.63763916
-1.3293618
-2.3383894
1.0548011
-1.4524531
1.8581913
2.840846
-0.47467345
1.503799
-0.19087599
-1.1774031
-0.37020138
1.1099757
-1.0924097
-4.7445574
-0.91108936
-0.9880105
0.31491977
1.6945188
0.7179468
0.34052354
-1.4435279
0.895983
-1.683119
0.37392622
0.12667307
-0.7830586
-0.4020757
-1.6478063
-3.2872665
-2.9001164
-0.99790496
2.0955486
0.021639124
-0.9761838
-0.7665536
-2.6319664
-0.61609626
-5.3099194
-0.70059526
1.1599264
-2.3749874
-1.4295934
0.59865224
-2.4725008
-4.025908
-0.032962307
2.7953408
-4.387052
0.54612124
1.1966033
-3.112533
3.4215577
2.9442854
-3.1997552
2.006438
1.2572333
-0.74593693
3.4225428
2.0248647
-1.2748384
1.9745582
1.7968467
-0.56836605
0.9509065
1.9980184
0.098117374
-1.6840748
2.9150934
1.0211133
2.4729538
1.6456234
-0.16458097
0.28302372
-0.2551332
0.18527503
0.3696234
-1.6991124
-0.16595657
-0.8106829
3.124437
1.0244744
0.94385904
-2.284457
0.7924541
-0.05929385
0.54517454
2.6214142
0.9748141
-1.1352164
-2.1014414
-2.867111
-0.5809599
-0.060060643
0.60548633
-1.7531465
-0.16943465
-2.0361764
-0.822956
0.6704031
0.38354367
0.5208607
-1.8952609
-2.0561192
5.4847074
-2.4339986
-0.11032087
2.7404191
2.8012354
-1.303389
0.4212337
0.47089213
0.77877736
0.5666969
0.60728943
-0.48340854
1.2643882
-2.4484663
0.039773554
1.5350908
-2.5152984
-1.627448
-1.780298
-0.50148064
-3.089872
-0.056674063
-1.7774163
-0.28430498
1.3440274
2.758097
1.6997811
2.0682952
1.9079255
1.9759818
-0.117961586
0.33506373
2.3485312
0.70491517
-2.819085
1.613289
0.80073184
0.60354626
1.5708394
0.75556594
-1.4657351
1.0918834
-0.86238873
-1.1592056
0.84625876
0.8584626
-0.39119458
0.9242856
-2.778603
1.8712014
-2.3307004
2.0851102
1.5048975
-0.12351378
0.39347583
3.3377826
0.22169523
0.69188195
-1.6678374
-0.044175826
-1.4597832
-1.3448358
1.9555899
1.9498715
1.4515563
-0.7170086
0.9533729
-2.2970529
1.0948732
-2.480945
-3.7045577
0.04025065
1.4752936
-3.7953532
0.946279
-1.0033209
2.5307727
1.0068489
-0.28076437
-2.9341917
-1.2802511
0.549232
-1.2662185
-0.9265016
-0.96524704
0.3993391
1.4154031
2.1968825
-0.5826231
-0.99579245
-0.4288715
-2.668094
1.9537133
1.036328
-1.3867456
1.306004
0.043657288
-5.5569687
2.8529656
1.0844977
-2.9234507
2.3072271
-2.013258
-3.4493005
1.5896945
-1.925476
1.0841504
0.27893633
-0.027476393
-2.3015096
-1.6671265
1.7269027
-0.039245993
2.5532153
-0.38251185
-2.4446363
-2.954336
-0.3733985
1.0494367
0.9338411
-0.7123721
1.5832434
-0.44749
-2.7179475
-0.79449195
-1.250305
2.0557256
2.4255936
-1.2812519
1.8072847
0.4813823
-1.2468888
3.1397102
2.6733143
-1.1694661
1.0439092
-5.000138
-1.785595
0.19017737
-1.5737189
-3.625994
-0.7865015
-0.065482914
0.8613915
0.6681706
2.9744134
-1.2633138
-1.0163314
-1.385494
-3.0807004
0.52135426
-0.9831925
1.7014107
-1.6926582
-3.1748533
0.64486426
-1.7631412
-1.0669094
2.0510786
3.3792624
0.14286485
-3.7777615
-0.7862597
0.5209296
0.9588524
-2.1755383
-0.24761565
4.091621
3.8483815
1.0016483
0.10288073
-1.342638
3.8507073
1.895211
-0.588651
-2.0515819
2.0757935
-3.5654945
-0.93301994
-1.2393843
-0.8498103
1.4579749
0.51607066
-1.4949151
1.2732594
-0.6501932
-0.22423887
-2.594525
0.11404807
3.383707
-0.8124453
-0.06810622
-0.14595845
-1.7830982
1.5939276
0.25162008
-1.7540749
3.9157999
-0.91671044
2.96433
-1.8090324
-0.3329115
2.1794517
0.5296142
-1.3780947
-1.3313198
-1.7579774
-1.0451194
3.1575892
-1.2466025
-0.73784006
-0.49847567
0.1463051
-0.23529828
0.2555794
-2.879424
-3.654888
-1.9869908
1.2763004
-0.42796266
0.9311867
0.5850543
-0.42977965
0.50706017
-0.5509215
-0.773277
1.2785535
-0.474791
-0.6464704
-1.2141277
1.6029649
-2.4657242
2.991283
0.98206604
-1.0893953
1.5830263
-2.490479
-1.0604712
0.38938504
-1.3084583
-0.4406562
-1.3014997
1.7768357
0.24938802
-3.7764766
-2.8073115
1.2023433
0.94176763
1.61873
1.3188598
1.6396595
1.0674487
-3.4208732
-0.6257056
3.2975397
-0.1724121
-0.42726892
3.4486217
-0.6371803
-0.5830198
-3.2085853
-0.39013588
-0.90449345
0.91205597
-0.217354
-2.9665089
-1.802364
4.1410503
-0.2639891
0.17490622
-0.8187155
-1.9431673
0.83028525
-0.097159065
-0.51201886
-0.7475152
-1.7795136
-1.3624723
1.7017261
-3.1531475
-1.6028883
0.57926494
1.1779884
3.374412
-0.7891901
1.6870657
-0.98336196
0.7128473
-0.30886003
-3.5219119
-0.23709553
2.8701339
1.1183126
-1.4509385
0.64119625
0.60436213
0.9710172
1.1998031
-0.7962311
0.90433633
-0.75598925
-1.4291372
0.023953907
-0.30231422
0.7421859
0.44251803
-0.93752944
2.1792178
1.5108093
-4.051492
-1.8707898
-1.8058736
0.7287514
1.8615522
0.6896499
-2.602167
-2.214091
1.4137805
-0.025074571
-0.72178173
2.5805182
2.1275747
1.8261775
1.6944249
-2.3761415
5.77385
-1.7014232
-1.43405
4.7484183
-0.60086113
3.1832054
-0.34682685
-1.3755069
1.130847
2.7691393
0.647281
1.4140972
1.0742102
-0.7557698
3.1348493
-2.1264102
-1.4713019
3.1306815
-0.14194894
-4.442698
-2.495445
1.3391069
-0.1228679
0.76342946
3.071752
-0.48729724
-0.47493285
0.99363756
-0.02299624
2.435375
2.5315583
-2.1347704
1.5510038
-0.29898825
2.1465814
2.407881
-1.3559586
0.017623402
-0.6613001
-2.8982394
-2.4105978
-2.3823986
-3.4787767
0.8397429
1.117886
-0.69106454
-0.111231156
1.8576397
-0.13021177
-0.8582346
-1.3765894
-0.24391107
-2.2214732
1.9928731
0.8413998
-1.1948217
-1.8246714
2.5379481
1.5005339
-0.18452808
-0.09939748
0.04964175
3.536618
-2.269783
2.17081
2.410674
2.718711
-2.2695818
-2.910338
2.0536835
0.4164035
2.8308284
-1.421691
0.5098065
-0.31603494
2.1802375
0.08073683
-0.73639446
-0.31015188
0.36679986
0.8903381
-1.8432432
2.584301
-0.4617499
1.9038153
0.5019083
-0.4653463
1.5568174
0.0771038
1.1777626
-3.405185
0.70776165
-0.3034827
-0.4858404
1.686501
1.6992689
-0.22737873
3.8130906
1.7204449
1.4639386
1.5940899
-0.021166712
2.1650305
-0.88970953
1.6818928
1.595412
-2.1186767
0.96037304
-4.4044704
-0.07092081
1.9637041
-0.9767795
2.5443919
-1.3634056
0.55758846
4.3309517
1.642609
-0.4027858
0.17465238
0.009297799
-1.2611592
1.361864
-2.4867349
0.58427864
1.2257034
2.5199063
-1.1565111
-5.059478
-0.14438087
2.796125
-0.49418023
-1.3325107
0.5487552
0.6790574
4.722946
0.4139056
2.4702504
0.5627171
-2.4951956
-0.011786774
1.6246437
0.89476
2.36282
-3.0896928
3.5806189
1.253193
0.540407
-1.2734444
1.6695814
-1.0155451
-4.28733
-1.9384286
-0.35537076
-0.39313748
-0.7115508
-0.004697088
1.0756572
-0.62396824
-0.2186394
1.1479528
-0.1491635
0.035745956
-3.2253742
-0.72180885
4.8476186
1.9155811
1.3759615
-0.48719376
-1.4485049
0.5416125
0.32004368
2.7313979
-1.6362574
2.6072378
1.9552025
-2.5732956
1.0642899
2.3590496
0.42810416
0.37774378
1.0542803
1.3952605
-1.8293115
3.0315115
2.4127774
0.36307558
0.65300006
1.8306061
2.5463202
-3.8337598
3.0248537
0.6220499
0.21153283
2.2567787
1.4873704
1.8011329
1.6108556
-1.221217
-1.1048614
-1.2391201
0.84322274
-0.10543517
0.9100721
0.7973889
-2.5383987
-1.3481163
1.6403267
-0.5160083
2.2348135
-0.04959815
-0.24264857
1.9447954
-2.7701752
-1.2453382
-1.0643001
1.5651137
0.40206626
-3.1295402
0.5130171
-2.1247017
-0.5175057
-3.9379056
1.7308079
-0.79359347
0.33123466
-2.0773802
2.5842922
-1.4653022
3.2794445
-1.0847139
3.6712713
-0.6809189
-1.5617317
1.0481957
0.19788423
0.6252929
1.2392918
-3.7336667
-0.9409559
0.7443709
-0.8779203
-0.07475559
0.8843694
-2.1695557
2.0207493
1.045188
-2.9302685
-0.10622335
0.7395249
-0.79255724
-1.7411858
3.5741155
1.9255807
4.214461
3.200649
0.78018826
0.5652411
-1.3747041
-2.1679022
1.4979826
-0.7439214
3.1824543
-0.093737386
-3.0827444
1.1348803
-1.3104339
-1.7910715
2.1740637
-1.6436825
3.0895848
1.1999532
-1.2806392
-3.1294708
-0.57347274
-1.0924977
2.1403592
-0.7949771
-2.8334637
0.030436642
2.7144022
-4.315441
0.47095567
-0.6923756
-0.57021576
1.8289325
1.9199523
-0.10725482
1.5380006
0.34562927
1.5994793
1.023574
1.6450778
1.6352963
-0.17963132
-3.90571
-0.3082322
-1.7567531
-1.9707246
-0.40611142
2.8066182
2.1639102
0.93704534
1.0117462
0.17848179
0.6374988
1.6096399
2.4423923
-1.6096804
0.53724647
-2.5075953
0.04157308
-0.3192747
2.4433665
2.1612768
-5.6203218
1.8193461
0.713355
-2.2597396
2.4275105
-1.7052017
2.0484579
0.7478083
0.2582971
-0.5308321
0.47197902
0.67543393
1.7012248
-0.45598048
3.0527492
-0.21972829
1.1769767
-2.666482
0.07069016
-1.6518909
-1.031079
-1.6123111
-3.134965
0.7886401
-1.6917443
4.692733
-1.8102527
-2.561799
1.2361779
-2.9186552
0.8330119
0.121726945
0.2271483
-1.6781856
2.786323
-1.3002305
-0.70232147
-1.6450231
-2.5874715
2.5048423
-1.5834328
-2.560727
-1.0572816
-0.76728404
2.2034185
-1.267824
-0.012304261
0.5490987
0.54091316
-1.2259068
2.4918976
-4.8545413
0.96024776
-0.65704215
0.46699473
-0.7720236
-1.4485556
-3.4065783
-0.41085738
3.368641
-0.011499263
-2.7588568
1.0371085
-2.2491994
3.2560914
-0.7043513
1.5624815
0.8377373
0.03094627
0.43928814
0.23296058
4.0939026
0.16901146
1.3167406
-2.5578666
-0.9976773
-2.810266
0.2869051
-0.051700577
1.501817
-0.36554766
0.50038975
0.91470844
1.9184649
0.5806821
-0.96627086
-1.3898226
0.051817425
-2.5479124
1.6142489
0.12534598
1.1740787
2.0275474
0.5688593
-0.7581389
1.305027
0.27942243
1.3980632
1.968335
1.8943756
-1.4159027
2.9409454
-2.3874853
-0.8322847
-1.1165731
-0.76694757
1.863362
-0.72305465
1.4121875
-1.7520305
3.6174433
5.515608
2.2876801
0.25081435
1.0185138
1.6523865
-1.2032546
2.3851783
-0.116047435
-0.24747235
1.502983
-1.945694
0.3355141
0.33126578
-0.6696641
-0.81066316
-0.62550557
3.2775853
2.1534345
-0.55615926
-1.0013345
3.1909888
-3.7607405
-0.19360301
0.70169246
2.339096
2.3702116
2.151423
0.60559654
1.0652492
0.76224905
-0.41742682
1.3472867
-0.29644364
0.7600674
2.5065348
3.6056302
-0.8129173
-0.061530773
-0.82295775
0.7436423
-3.242138
-1.8235683
-0.8870889
-0.6207743
1.273013
-0.91340363
-1.3791586
1.2910779
-2.728352
-1.3201771
0.596567
2.0186465
3.4965289
-3.4724464
-1.0883722
-3.5876648
1.641558
3.7885346
0.6282036
-0.41876554
0.25429934
-0.97219807
-0.72169656
-0.882042
-1.1090947
-2.004149
-0.6332173
-2.3565705
-1.6081334
0.99494267
3.3479586
2.6293838
-0.45647347
-0.08611974
-1.6269758
1.5912817
3.7227857
-0.021565214
1.0335773
-0.65752876
-3.623054
-1.0809482
-2.9149277
0.98812926
-1.394922
-0.27427003
-2.0827866
-2.393871
-3.0828655
0.6487875
2.2513852
-0.25247365
3.6099222
0.98209816
1.3147925
-0.10470437
-0.71864915
4.4174356
-3.0948896
0.77118355
0.56579727
-0.7042501
-1.1190252
-0.3855331
-3.247889
-1.9128126
1.2691075
-0.17413367
-0.97636807
0.4516094
1.1599417
-1.6177418
-2.1367059
3.2052252
-0.04923164
0.35101748
0.47036397
1.5654336
-0.88838667
-2.3181112
0.49978524
-3.595103
0.71309483
-0.86270773
2.314922
-2.2839327
0.24300101
-0.9903702
-0.60276484
3.539389
-2.8673868
-3.0335598
2.4590917
0.391443
1.9564958
-0.49220654
0.017542176
-0.04973881
-2.948958
-1.5885948
-2.974916
0.11473666
0.90949327
-1.4840783
-2.2494702
4.872565
0.31727287
0.40903986
0.1803841
0.7663456
0.0365498
0.900797
-1.5365418
-2.0300963
-1.2014432
-1.3828044
1.4989551
1.3456362
-1.3491532
-3.4264076
0.85207325
1.9733986
-0.9584397
0.44335186
1.4287821
1.3322728
0.5915949
0.4913024
-0.07621735
0.7339344
0.86951613
1.3944229
0.35439372
1.3761183
-0.046275005
-1.8848653
3.0231807
3.3145647
1.1167579
-1.7205609
-1.1232749
1.231228
2.085617
0.43962952
0.99064505
-1.1241974
1.2570603
2.1111722
3.869237
-1.9624729
1.6277552
-0.54972637
4.743526
3.9562683
1.3474777
0.6355154
-1.9510106
2.5388722
-0.29493445
-0.8309963
0.17095083
0.1920203
0.22666968
2.3994787
-2.4524872
1.3709584
-8.03567
-1.5981145
3.2297566
-0.30682093
-6.745398
-0.29348186
-1.2850769
2.2316217
-0.50577843
-1.9368684
1.5319455
-3.1712313
1.1632423
0.7407599
-4.260868
-5.00588
-0.12593427
-0.2826903
0.65958863
-2.8003056
0.6118665
-1.294848
-0.2029046
1.9075696
3.3142686
-1.0949405
-1.8121843
0.13095868
-1.4073352
0.058901757
1.1334913
1.4831048
1.1139282
2.2353969
-1.4406936
0.009485379
-0.59349513
0.022991542
2.944832
-0.78356814
1.2312757
0.50107753
0.9069266
-0.5922687
2.4706018
-0.28306574
2.211599
0.873649
-5.422204
-2.1871011
0.76323754
0.975426
0.16219524
-2.4031663
1.2978108
-3.2825427
1.7371279
0.37877572
1.817106
1.8177952
1.1508882
-1.0794729
2.9742706
-0.63277197
-0.39283478
-4.050668
0.12235007
0.011068225
2.1689422
-0.62873346
-2.094806
-0.68705624
-0.2945101
-3.0220869
-1.851281
-1.6788931
0.9615424
3.4471424
-0.84964484
-2.025237
0.6733996
-0.6617646
-1.1421223
2.0038023
2.0780084
2.0382938
0.12558068
-0.79306746
2.9246824
2.2069428
-1.8332787
1.9902248
1.4338158
1.5551248
2.1655755
2.5465856
0.5754299
-0.50541836
-1.2387254
1.0508918
3.3269572
-1.7704473
3.4472733
-3.1316574
2.0007637
-0.4244925
1.7848012
-2.2259586
0.8453442
-0.9513098
-0.95022583
0.9684282
0.9269983
-2.1287184
0.34726715
2.750622
-1.2190237
1.1930057
0.18086478
2.9949946
1.8903898
-1.3890647
-3.348087
1.3343735
0.9489312
-0.7525867
0.61744374
0.9355943
-0.3846618
-0.1825561
-1.9480956
-1.6388019
2.482159
2.0735438
0.70092285
-1.4813043
-2.216945
2.123213
-1.2204682
-1.9551334
0.44073045
1.3299313
0.46019083
1.3338078
-0.30515313
1.1026089
-3.0912888
2.1392746
-3.15402
0.72102296
-0.91528255
0.60774064
0.633283
-1.2633147
-0.55241275
-2.218156
-3.8020997
-1.5416633
0.9457774
-1.3471558
-0.21513294
-0.38252446
0.842017
-1.2090585
0.48973122
-1.3472246
-3.3090317
-0.5475358
-0.29766923
4.0836077
1.3165065
3.3234007
-0.79836106
1.4488989
1.2374226
-0.22094467
-1.7400538
-1.4286827
0.6492967
1.4411798
1.3091717
-4.851269
-3.941371
1.4087327
1.4695704
-1.6466094
1.5013571
0.7272992
-0.5694358
-3.0271392
3.1010618
-1.9303652
-0.8541234
0.33291745
0.09813636
-1.3037387
3.5331702
1.0420272
-0.052563354
-2.8014748
-3.3373642
-2.7754836
5.46599
-3.0997536
-0.88186127
0.40053186
-1.4422978
1.6789794
-2.0509403
1.666188
-1.2690961
0.9112926
4.2313976
-2.4881396
3.878155
1.2201461
0.89754826
-1.1437184
-0.81211346
0.8620288
1.6942711
1.2573957
-4.0861754
0.8653892
-1.8493357
0.098197326
-1.4741223
0.22221422
0.976263
-2.6343515
-0.8776569
-1.6935208
0.7817735
4.207443
0.08028091
0.26938766
2.2546582
0.9584425
-6.5433226
-2.6448479
1.6061853
-1.0688713
-1.0053109
0.08131393
3.2978315
2.9747748
-2.4637456
-2.2303238
-1.5936341
-1.7302041
-0.29196686
-0.9436352
2.4593408
4.515404
0.27812955
-1.9322057
-0.6615594
-0.7028405
4.316773
1.1543111
-1.827314
-1.6820153
-0.6303384
-2.6006072
-0.19869268
0.7344147
0.028029881
3.3729496
-1.1505011
-0.7468777
-3.1341693
0.58280635
0.8048041
1.4690784
-1.3841578
4.9425
-1.1208025
-1.8796198
-0.46972007
-0.88690734
1.9514322
-0.6613884
-3.9364212
-0.057233106
1.7853199
-3.120115
-0.096183084
-1.00325
-2.5233166
1.7600255
-2.6792684
1.6174003
-0.6766544
-2.3001437
2.1135247
-1.5749322
0.3160743
3.6555777
-0.12953952
0.97905874
-1.2371904
1.3607479
2.3328981
-3.6677878
-0.13685125
0.2790337
2.4543996
-0.117555216
-1.3064042
0.7575904
0.87232596
-2.6004872
-1.5584613
-2.254944
-0.86953294
-0.85172534
0.81201994
1.796571
-3.574722
0.024930902
-1.5450487
0.1134343
-0.18156803
-1.2315384
0.69605684
-0.8129726
0.40874347
0.72381705
-0.94230497
-1.9664189
-0.35368884
2.2306645
-0.5085015
3.985935
0.31431046
-3.0780087
-1.5627621
-0.46618792
0.42996642
-3.0898619
2.1979654
-3.866017
-3.4470992
-2.1069663
-1.3912685
0.47186297
3.6807992
0.5197337
-1.9380738
-0.5549466
-3.3896353
0.9933223
1.281639
-1.343731
-1.5981051
-0.05863142
1.9292742
-3.327623
1.2013488
3.0309315
-4.6388564
-3.124558
-0.952726
2.0596852
-0.8465218
1.6270113
-0.1947271
-0.46646076
0.5765376
-2.1384397
-1.8455412
0.5433988
-0.42797053
-1.3404948
2.0190506
-2.7204487
-1.5046974
0.9187252
2.9898264
0.052979793
-1.4649172
-1.9868151
-4.836219
-2.2587023
-1.3637103
-1.4630669
-0.84354
-2.086314
-2.3856606
3.2046554
0.83279926
-0.054617744
-2.9236493
1.2771059
-1.9849201
0.63781476
-0.91639286
-0.63092774
1.9978225
-0.25346673
2.9312272
-2.5133939
-2.4406474
0.23337844
3.8443508
-0.9225591
0.09748829
-1.5285283
0.7995286
2.0480475
-1.3146908
1.6966665
1.4683437
-0.40857947
-0.92831296
-1.5637609
2.346114
3.7864492
2.1889892
1.2661527
0.85120744
2.0268767
1.2826664
0.96195686
0.6638984
-3.235819
0.5148887
-1.0237665
1.6120486
7.571168
-0.3338068
0.3952736
0.45107746
0.30986312
-3.618813
-1.6214495
2.6049423
1.6553204
0.2818688
-1.3615667
0.66637015
-2.2119894
-0.89848346
-3.3478618
2.3454342
-2.2388985
0.85849535
2.1652973
0.68490565
-0.20182213
3.913636
2.941345
2.8478458
0.6041317
-0.57570636
-1.7094442
0.3059071
1.3678522
-3.525305
1.424684
-2.0693462
-1.7373854
2.0906844
1.2791992
4.6697607
-1.0447227
-0.57929415
0.502268
-0.29918957
0.9895172
-2.7866254
-0.046027787
2.1146028
-0.98954237
1.5318198
2.5247943
2.7524154
0.07386386
-3.29486
2.9228077
2.3978992
1.9215497
-0.13288982
-2.66663
-1.0070993
0.033428326
1.1119817
1.2127781
0.19262554
-1.876266
1.2942835
2.6089354
-0.4775285
-4.3120832
0.7025838
-0.8535367
0.3960821
1.0734563
0.58352196
1.9794579
2.5867698
0.34370673
-3.3723419
-0.09528085
2.3170295
-2.2590609
0.39765167
0.80715036
0.5363704
0.11455106
-2.3089664
2.1145315
-2.2751508
2.7513065
1.137376
3.4372258
-1.9713076
1.4242035
1.5048981
-2.6971903
-0.8736933
-0.6628593
-3.4981155
-2.359997
0.5512625
-2.5645983
1.4887059
-0.73534894
0.7236801
1.249518
-0.1591492
-1.7045832
-0.36130685
-0.425254
0.47665027
0.5712298
-1.6792858
-2.833925
-2.2123523
-2.713171
0.45532697
-0.50879866
1.589343
-0.08503768
-0.55395645
0.19329719
-0.974011
-0.60059685
-1.1746006
-1.5930471
0.36554843
0.53317875
1.9534853
0.1272671
0.42536524
1.1893626
-1.0502505
0.19125116
0.90016764
0.5366416
1.173841
0.71541554
1.2237052
-3.3016686
1.6485511
-0.86925614
1.1750747
-1.3122526
0.6789458
-0.63041085
-1.2615647
-0.10600964
-0.7982298
-2.62293
4.05093
0.97013146
-0.37020755
0.4670729
-5.207908
-0.08349512
0.69731814
-3.8553634
3.2790968
2.063989
0.23254076
-0.011131547
0.7183656
-2.6337502
3.3035183
-1.8003503
-0.3560111
0.9014075
-0.70084447
-2.5513866
-0.5580869
1.7336551
2.4670408
-1.2528542
-0.2518948
0.63057756
0.06889098
-1.2474467
2.8692925
0.59349895
0.039192297
-3.9498904
0.4062455
-3.2929397
-1.8545619
-0.77312785
-1.5787717
0.12877552
-1.6115294
-0.8914275
-0.9385865
1.6384383
-0.65673566
1.599394
2.9616337
-0.61864144
-0.5444089
-1.2634369
-1.4333534
-1.6790762
-3.3806765
-5.9447694
1.2736865
-0.9177346
-2.9356918
0.72717077
-4.2422295
1.6494725
-1.7119939
1.7055428
2.5752504
-1.1169305
-0.42636406
-3.6629844
0.44612435
0.0064479634
2.1077898
0.74471843
2.6227822
2.4367187
2.6193504
-0.301733
1.4011736
0.06255313
-0.06778919
-4.286372
-1.1644527
0.853781
0.22311974
2.2348287
0.75578666
0.87701404
0.33339077
-2.2504203
3.018221
-0.020827234
2.6276755
-0.087771215
-1.7307196
0.025396064
0.78613156
-0.84112835
-0.37920135
-2.543242
0.23363227
-3.0623085
2.645643
-0.2622515
2.71086
-0.5303761
0.3060555
-0.48696065
1.4729221
0.6164258
1.3757697
-2.7407172
0.27016085
-2.0515878
-2.8837008
1.4691013
-1.021821
-0.2112276
1.0343868
-0.93692446
3.3303695
3.1706638
-2.1076748
-0.03260134
-5.1971383
2.9917088
-1.8809811
0.69130737
-1.2995135
-0.012382828
-0.7219678
-2.183595
1.2706078
-0.10311002
-0.104054205
1.4791977
-1.418448
1.0535358
-1.2858747
0.24993351
1.1771418
-1.3793526
-3.3668506
-1.4902543
1.6031184
0.5403639
1.5209284
2.3380597
0.6196468
-2.0463877
1.0821849
1.5925186
-0.85614586
-0.1778658
-2.2622921
-0.7548726
0.39076534
1.5826926
-4.5675607
-1.3997734
1.4407189
-1.097406
-3.0187182
-0.5549538
0.012957126
-3.0628593
3.0573692
-1.0816568
1.7822658
0.50548744
-0.6565601
-0.7481975
-0.31512523
-0.6801379
-1.8669713
0.45933986
0.15915081
0.99858326
-1.9232377
-1.272686
-1.7051748
5.420198
2.9174027
0.9535053
-0.36665407
2.4509435
0.7767323
2.0801637
2.1912606
0.4717039
0.50657684
-0.3788619
2.7526724
3.2512972
-0.6486343
1.3216901
0.44439805
0.88686407
-2.4080203
-2.642092
-0.76724714
-1.2102838
-4.6522627
-1.8557812
1.7725072
0.83567154
-1.5360444
-0.78250736
-0.40028027
-1.1799597
-1.022219
-3.3569734
1.6736782
-1.4373088
1.2111361
2.724353
1.2788352
0.51078403
-1.3383049
-1.3791361
1.9131936
1.5368518
1.9739109
0.44120285
0.84050345
0.8644113
1.3007299
0.8645129
2.9756258
-3.596777
-0.17920703
-0.5685255
-2.6596892
-0.3337779
-0.091939814
-4.1867495
-3.1126108
4.2532654
1.1519725
1.3997386
0.18970183
1.3923954
-1.5256162
0.8145975
0.9022398
-2.9472423
1.6585271
0.17691961
-1.3841588
1.8860575
2.042015
-1.4647408
1.6855028
1.8341107
0.7591834
0.6067145
-0.47352368
-1.4829152
3.2289882
0.6157235
3.1863496
0.6579133
-2.8382964
-3.787007
1.6986398
1.1029382
-4.891959
1.806923
1.3149115
0.3713197
-0.08943256
2.4393575
-1.1999437
-4.1111636
0.30440605
2.6055098
-1.97468
0.3121962
0.15541174
2.259396
1.1181101
-0.24562672
0.16447102
-0.8352162
0.10427003
-0.2135517
-2.7228026
-0.33663443
0.4811879
-1.3935628
-0.106213786
1.476527
-1.1676899
0.41457832
1.8074597
-0.5261383
2.9532185
-1.8582205
-2.6671574
-0.48105425
-2.7400713
3.1014009
1.2333441
-0.60902804
-0.17126927
-0.36902866
0.8591596
-2.1506495
-2.2027736
-0.8326218
1.5368164
1.2308297
-0.17329136
1.3989807
-0.52490425
-1.7262341
2.5135388
2.4340367
0.5807758
1.2682582
1.1938362
0.42879248
-1.7943816
0.12558824
-1.0539461
-3.3200061
0.5304769
-0.67519945
-0.05112508
-0.17876379
-0.8938152
-2.5740504
-0.55521554
-4.97918
2.5245728
-0.6840943
-4.013741
-3.6088667
-1.4122801
0.5745338
1.4548925
0.989656
-0.021605209
0.429598
-3.0192566
0.31977487
-1.6716769
3.423421
-0.49622205
-3.1644864
-3.8909624
-0.40848255
1.9295802
-2.9342825
-1.861714
-0.053582758
2.3755178
-1.5947235
0.03372553
-0.37515146
-2.9647903
0.41948256
-1.4415382
0.6618224
-0.9104475
0.54424405
0.65636516
-2.5385337
-0.8997877
-1.9112772
3.5269122
0.587546
-1.160405
0.8018812
0.6311469
-1.8393538
0.53570515
-0.77539605
0.03496957
-0.9205016
-1.8435582
1.1410768
0.6230762
-1.1413916
1.446194
4.173116
-2.1537533
-1.1363757
0.08784165
-1.0199049
0.6093112
-1.4665381
-0.13060962
1.6786144
-5.018204
0.8278463
-0.061310664
-0.2009108
0.2990263
2.5410082
1.7241138
-2.7506933
-1.0341473
0.25174358
-2.2447844
4.431769
2.3729367
-0.39907053
1.3287313
-0.30113998
-3.060792
2.81055
-2.1007886
-2.275733
2.1760373
1.3672422
-0.17475039
2.306491
1.2953081
-0.6876884
0.6176119
-2.5317605
3.0924294
-1.370965
1.6855019
-1.2500281
-2.3644857
-1.0862461
-3.5959294
-4.0405498
0.33994228
3.5705078
-0.29671043
4.6661158
0.35010308
-4.4861836
2.6928606
-0.9663183
0.27962297
-1.506135
1.4833162
-0.8161091
-0.16414511
0.31296563
3.5111609
0.21987224
2.9929056
-1.7822621
0.09188885
2.1224253
1.4369086
-0.59693265
1.3887054
1.2820057
1.1977252
1.5952485
1.7010038
-4.3790746
-0.76688313
0.94212645
-1.9022025
-1.5314853
-0.9953291
0.94498104
2.8242192
0.8715401
1.684161
3.23952
1.4027067
3.4709597
5.2665696
0.6167734
2.6066008
-1.3018141
-0.60310626
1.5506485
-0.034350082
3.874407
0.03951671
-0.0007757172
-1.1219825
-1.0922302
-0.27403724
-3.1134045
0.6715983
-0.3201244
-2.8695955
0.74680257
-1.5095402
-3.532371
-0.18994114
-4.6395574
-1.6865828
-1.6278516
-2.374286
0.45353982
-1.9227822
-0.95154
-1.7302573
1.2932472
-0.45454067
-0.44446263
-0.35038984
0.8101125
3.479953
1.137947
2.8466713
-3.2681146
0.59622467
-0.65963703
-0.9490985
-0.29994524
-0.092938475
-0.3217072
-0.59139055
2.6741853
2.3029258
-2.108735
-1.6080054
-4.544888
0.17575198
-3.8355494
3.2367892
1.9476415
1.4458492
0.6841666
1.4211336
2.2621539
-4.022421
-1.048519
-1.8850859
-0.16443534
-1.7080735
2.3586755
0.5033607
2.6864042
0.8229112
-1.7773805
-3.1654723
3.2772431
-5.211189
-0.6949021
1.1710973
-0.55833113
4.0361605
3.63392
-1.7671405
1.2082254
0.47299471
-3.0979047
-0.713783
3.6895437
2.5875058
4.111067
1.9005189
-2.1644108
1.2929745
-1.9150656
1.2194903
-1.1981131
0.019743793
-1.2170392
2.9380293
-2.2724721
2.3892934
1.4945297
-0.66844463
2.091404
-4.097451
-0.93351257
0.5769164
-0.9915159
0.015596099
0.9996064
-0.9766941
2.4886582
-2.1479194
3.2713213
-0.6772697
2.7064066
0.2368516
-1.7414389
-0.7291367
0.16006973
-0.11041386
-1.8800313
-4.187456
0.89544237
1.8562531
-0.90407354
1.1511534
-2.007155
0.83412814
-1.3373793
-0.31732035
1.2102823
0.8265851
-1.8252207
2.0068471
0.21834058
0.09027042
-0.1045225
-2.944885
2.7029796
1.566186
-1.2935551
-0.25741172
-3.511828
-0.60227233
0.5842408
-0.7618272
0.2829976
-0.5207575
-2.4788501
1.832396
1.6358358
0.9819419
1.562774
1.0468769
-0.36255106
-2.463722
1.4230216
0.7054059
-2.3188846
0.05531133
-1.0960251
-2.6186907
-2.6956515
-0.1039079
-0.64955044
0.3933869
-1.2217783
-2.303182
2.429899
0.22412373
0.96996367
-0.46142444
-1.2268685
-0.16275096
-0.002029039
2.215281
1.1069694
6.098598
0.5612405
-2.4230232
1.1970986
0.8064161
1.130074
2.7072253
-1.3870171
2.5851474
-0.721338
0.916017
-0.3576766
2.426823
-1.4306462
2.2614157
-1.3513366
0.095368296
3.970144
0.83129764
2.3937259
-1.8157488
-0.9017804
2.0764284
0.40810513
-3.585633
-0.6529646
-0.9582147
1.9879478
0.7918139
-0.24569118
-4.878186
-0.66528374
-0.1647129
-3.0352871
0.075122945
0.22959033
0.6259533
-1.0922649
-1.021773
-1.5607153
2.4298353
0.8777518
-1.3994768
1.2452941
-1.421209
-0.08080601
-0.18395022
1.9479241
1.0266677
-1.8705181
0.16868073
0.8060472
-1.6593089
-1.1620364
-3.0117223
2.2521265
-2.1426873
-4.919402
-3.6304317
1.3784659
-1.2384167
-0.043070346
0.06853506
2.1219273
-0.96079206
-2.2266116
-0.20358965
3.844637
-0.17520335
-0.23480996
1.261474
-0.9214719
4.3517857
-0.44599003
-0.20624256
-1.2470268
0.069809146
-0.36141044
-3.3496206
-2.1056163
-0.005259447
1.8470327
2.6897693
-0.8234947
-0.6770554
-1.555865
2.979472
0.45341617
-1.4848258
3.4393716
0.9607993
1.8659256
3.210121
-3.7180321
-0.062000547
0.81375927
-2.5773942
-2.2345943
-0.83656156
-0.66994137
-1.0460008
-0.39432985
1.2282768
-0.26736274
-1.1384254
0.01587747
-0.4877174
-2.2366288
-1.3618729
1.7195381
-0.32679573
0.97046137
-0.72971785
-1.0263841
2.8272307
1.1965456
1.6618029
1.6245568
-1.6551753
-1.6051955
1.8840239
-0.6273568
0.3877942
0.58009344
2.1462634
1.9828312
0.674236
0.14608294
2.273328
-0.7936747
-2.6274827
-0.06588251
1.7921548
2.9035869
6.1789536
1.5144094
1.4500201
-0.92023605
2.0511699
0.7588138
-0.5168577
-0.8254239
-0.71763086
5.368628
-2.278281
2.5303934
-1.0077187
-0.8776024
-1.7606462
-0.7071295
-2.0639207
1.7204729
2.8270113
-0.065839104
-0.8084536
-1.7159678
2.7567873
-0.51201147
2.8497183
-0.54686743
1.4384888
-2.1203208
-0.5879782
0.28557855
1.3796952
0.86412513
-2.7116227
1.7278786
0.35788965
-3.0928926
-4.19926
1.8404708
2.121344
-1.1244099
0.23663253
-0.576325
0.92497593
-0.15735966
0.52230525
-1.5550431
-1.1267544
-0.41464218
1.1495532
1.6147164
0.9319373
1.447478
-0.4962033
1.182375
-2.4309492
1.4545851
-0.91577524
-1.820728
-1.3470303
1.0316497
0.22802627
-0.33249494
0.9574481
1.3839219
-1.3299714
2.50032
3.3279302
-2.4097314
-2.2299907
-0.61362696
0.08005378
-0.2866294
-1.5180321
-1.4135833
-0.15062913
0.63027745
-0.07375177
-0.5112216
0.23881438
3.7845354
-1.981302
-0.9384665
-0.86587393
-1.5350366
-2.108876
3.3372512
0.7433266
-2.428237
2.2478452
-0.586717
-1.3786724
-0.5948146
-1.1058862
-1.8227236
-2.3735392
4.224318
3.8187668
-1.2698603
3.0104043
-0.73908305
0.17927122
-0.58668774
-0.021779418
0.8322611
2.9804137
-2.9962115
3.2328825
2.3329241
1.4925237
-2.2086105
-1.8084545
-0.38316154
4.149559
2.7181857
3.431672
-2.290567
-0.23145038
0.15929514
-0.17283492
0.9439908
3.3109045
-0.5414748
-0.8866315
1.2942177
0.88179624
3.0377977
-1.0592004
0.56926346
1.4416039
-2.8437204
-1.596371
2.4749043
1.0697808
-2.692398
-0.43579778
-5.116941
0.36757997
-0.788776
-2.5447826
-0.7998697
2.8096123
-0.66473347
-3.6231363
0.89645666
-1.2610284
-0.18653919
0.7192759
1.4031714
-2.0229223
0.9994296
1.4324412
1.7176386
-0.1571993
-0.6057319
5.9522815
0.17239001
-0.30091572
0.69110614
0.470283
0.7606683
-4.087269
1.5007399
1.7294381
1.8821814
1.9699483
-0.35258937
1.1115097
0.40402654
2.7197208
1.741836
-0.042567447
-1.9778016
-0.1606031
-4.145953
0.75903296
0.08644055
1.610661
1.0977764
1.4217616
2.0040116
-0.8700323
-2.2034218
-1.2807205
-0.29140738
-4.6478505
0.7242797
0.35253435
-3.6773124
-0.317219
-2.1427405
0.33258444
0.17656903
0.13394664
-0.05927457
-3.0052052
-1.0235794
3.8559046
-1.7165558
-0.5662645
1.0178311
2.3721657
2.596969
-0.486373
-0.5463093
1.6912133
0.167732
-0.36414117
4.978814
3.2862272
1.2018212
-0.26805472
-1.0178428
1.9513068
-4.332971
-0.30208412
-1.9151073
-1.0667362
0.361191
-0.93366474
1.7890183
-2.3761413
1.2429019
-0.64828277
3.2057395
0.11175973
-1.1283922
3.0515633
-1.6876742
-1.0701854
-1.8185748
1.9254408
0.29021138
-0.7113403
-2.3497372
1.5108908
1.7671958
-2.6614916
-3.074015
-2.203181
0.91263235
1.0387325
1.307977
2.4763825
1.6103996
0.1869512
0.5026949
1.0008681
-3.449396
-0.46428752
-2.8226633
1.2527119
-3.8863223
1.2463142
-1.6076485
-2.180438
-1.1643565
-3.5394645
0.5494341
-1.8580384
-1.0795677
-1.4184657
1.0551139
0.92205393
0.27627906
-1.1096729
0.49999246
4.8424387
1.9945604
0.9435954
-0.29265344
0.4642006
3.2058907
-0.45977458
-0.27452487
-0.82158667
4.0172896
-1.8663986
0.9913239
1.9396415
1.7986872
-0.09313432
-0.32820934
0.9460222
-0.11016573
2.3549275
-0.26278558
-0.30314696
-1.9722519
0.15843046
-1.1140367
-0.28038016
3.1170206
2.6918063
0.10400388
-2.7172072
0.5479314
-1.9165202
-2.206937
0.56747943
1.941703
0.31572968
6.5024247
-0.044920176
1.6777784
4.618301
1.7145147
-3.0171046
3.1608357
-0.9868727
1.1093137
-0.4223548
-2.327716
-0.8145895
1.2380911
0.011995412
-0.9914239
2.6600351
1.885541
1.624248
2.3268642
0.5172114
-4.1377926
4.1351533
1.022205
1.2133025
0.2707674
-1.4557971
-0.9724729
-1.2026635
-3.3471963
-0.11094578
1.7041168
1.0553013
-0.137543
0.36622044
-0.5624479
-1.8312291
-0.1653513
4.498945
-2.46571
1.1870799
-0.5296661
2.4398563
0.631811
-1.1672612
-2.3328583
4.614564
3.8943858
1.3405203
-0.5427465
-0.72417545
2.7172163
0.20388418
-0.91671586
2.5123503
-1.7019606
-0.5263246
-0.2772798
0.1957053
0.811818
-0.108519904
1.6587087
-0.30140188
-0.318177
-0.11191918
-2.0393062
-1.2176183
-0.7519676
-2.2599201
5.231534
-0.5857226
2.596869
-1.9372575
2.790461
-1.4849099
-1.9175991
-0.025867604
-2.1702523
-4.511273
0.8567718
2.288471
0.01414283
-1.0554553
0.42831385
-3.8436513
0.03946031
1.4637746
-1.9623218
1.4657786
-1.4627048
-2.2204401
-0.063913845
-0.44485092
-0.77341986
1.0429736
0.8039222
-4.809039
-0.18419752
1.7759273
-0.61094403
-0.96586686
-0.5733542
0.14789617
-1.1199988
1.0051018
-1.8688797
0.1853601
-2.2605565
-1.0723286
-1.8322229
-0.296094
-2.6085916
0.18375248
2.29716
-1.8603085
0.042813607
-0.41874737
0.5114253
0.22964495
-2.6167393
-0.80682945
1.0161443
0.4310299
0.50266695
1.88181
3.8508236
-0.6401016
1.1118066
0.96700406
1.1978818
0.63925666
1.0214959
1.0972661
-3.3224857
1.552129
1.3139602
2.8101726
2.5442197
-1.1719048
0.013561644
1.2024686
4.0425935
-0.23429759
-1.0545365
0.57512546
-0.08122392
-0.47495326
-1.4797012
-3.3757622
-0.0624994
4.3024054
-2.443047
0.72789407
1.1996195
0.86380285
-1.0694724
4.4452553
-0.22932267
-1.8519862
-0.81351364
-2.187172
-1.332692
-0.026723098
-1.9344022
-1.5763274
1.7479854
3.6516514
0.29825643
-3.1166515
-1.2167155
-0.17510423
-0.57981527
-0.6929597
-1.5917937
0.63214195
-1.796956
-1.7882067
-2.4207647
1.4289947
3.133321
-1.8652209
-3.3956575
-1.6647103
-0.16826904
1.5796889
-0.9175812
-1.7128466
-2.3065205
2.8353307
-0.7256354
-4.5977197
-1.0541081
1.3104006
0.8519909
-0.3227543
1.3972014
-1.3058901
-2.7826502
-0.21150789
0.019608743
2.4593449
-0.2503393
-4.2122407
-0.17122607
2.4669013
-0.820241
-4.389656
0.9780028
-2.76161
-1.6837345
-0.6855683
0.8046439
-0.1860221
3.1626027
0.91794556
-1.9580975
-1.9179322
-1.3022395
1.2776946
2.641819
1.9899591
3.7432818
-1.1785684
3.306855
-3.622133
1.8335127
-1.683018
1.3727957
-0.59205294
-0.635921
-0.62927574
0.6945522
-1.8859414
0.09790064
0.04487978
0.13812163
-0.73077637
-0.47443935
-0.14938238
-1.3127363
-3.3269858
1.6969745
-3.6525712
-3.6490283
2.720857
0.40328577
0.700196
1.902222
-1.3393706
0.31686744
1.0098121
-1.8419791
2.1753907
-0.21110645
0.9049523
1.5660931
0.021922603
1.6125981
-2.3721068
-1.9982461
-1.6362869
-0.6801572
0.34730282
3.124338
-4.0311704
-1.7519996
0.45034343
3.293863
2.6471696
2.1713243
-2.631592
0.6229892
1.0676564
-1.9817445
-0.011342965
1.0182532
-1.3722936
-2.349734
-4.926447
2.4392726
-0.8868365
1.3067485
1.0785285
2.0942738
-0.78794336
1.3824443
-2.9950883
-2.0541773
-1.9604291
0.47687683
2.7301698
4.388341
-1.4132586
-2.2490773
-1.1316987
0.6530716
-2.133278
-1.5329
-1.9177972
-1.786609
-1.5340223
-1.3888324
-1.6488787
0.8687993
-0.8688867
1.99024
0.08129372
0.9122186
0.99213177
-2.4616575
2.449248
-0.33061424
-0.43871447
-0.04951428
-0.714919
-0.5485737
-0.34705007
1.5321887
-1.2069112
-0.527399
4.9957013
-1.3803775
-2.964194
1.8405458
2.0912516
0.3188864
3.1120195
2.1368942
0.06735349
-2.6650116
0.05527658
-1.1135561
-3.099095
-0.31902933
-0.9357712
0.6687497
-3.627905
0.04283194
-2.1094742
-0.6034359
-0.976386
-0.7050075
-1.7678187
0.67750645
0.33460838
-0.94149303
0.24200839
-3.9319196
1.0584743
-1.5675166
-0.6421585
1.2776378
-3.2150393
-2.2769952
-1.3087821
-0.6785555
0.5031463
-2.0271327
0.9453955
0.42429686
-0.54398066
1.2732984
3.044636
1.4654763
2.8157837
0.20010227
0.100352794
-1.2714483
-2.1928358
1.6739277
-1.600501
-3.1398163
2.23731
0.88415176
2.8038476
-1.6267194
-2.975198
-0.8450358
1.1302587
-1.3641423
2.9569764
0.89313537
0.8600453
-1.2296598
0.27165946
-2.1966655
1.0461063
0.21096723
-1.891443
1.8371229
0.0060419627
-0.19002134
1.7675209
0.8334501
1.3451813
1.3315554
-4.0845737
0.17080417
-1.0108349
-0.37225646
-4.179521
1.3176199
1.4861054
0.4619004
1.1369305
-1.0796314
1.1157515
0.0075953044
0.78872746
2.7400842
0.8616504
0.4180209
-1.6769464
0.0019537061
1.2220373
0.07428389
3.4166858
-0.11610596
3.016375
-1.1001012
-0.003657788
0.43482712
-2.9800727
0.88283753
1.1580651
1.1920944
-1.3342829
2.1246543
-3.27667
0.62493354
2.2077641
-4.754477
1.0035338
0.5823467
-1.294763
5.266373
-1.8508238
-0.24022284
-3.1254315
1.5984751
-4.983878
0.35012716
2.098692
-0.65857613
-1.8197597
-0.1287961
1.107296
-2.761102
0.41912732
2.4678292
0.2652514
1.2885185
3.0410595
0.9063931
1.006302
0.6157866
-2.2260249
-0.8955455
1.5042826
-0.14090836
1.6617024
2.419132
-4.4112263
-1.3163244
-2.241197
0.2775055
-1.2445818
3.1570625
-0.057087466
0.5569539
-0.65945935
-0.44312775
-2.6261444
-0.49670026
-0.6631644
-0.6580369
-0.99341536
-1.7206947
-1.7951754
-3.2364755
0.41495055
0.1963288
-0.08847198
-1.2043031
-0.9353292
0.03244035
1.4978192
-0.8122881
2.5277884
-0.50260794
-0.3989519
-0.31813318
0.56391704
-2.8170483
3.1764033
2.4222205
-1.2491512
-1.5435702
2.0225286
-2.6550736
0.4088844
-1.3004513
3.0225012
-1.5818893
-0.4345724
-2.6773345
-1.3162979
-1.3348981
2.0214238
-1.7838932
1.190738
-0.7046133
-0.3877949
-1.3368937
-0.6763531
-0.8666675
-0.362417
-1.0306331
-0.06796857
-3.6230605
-0.57200915
0.66880834
2.920097
1.3775058
-3.0176826
2.2899325
-3.7154224
1.0443301
-3.226444
1.9399595
-1.1389453
2.8614337
-1.2599051
-3.7215648
1.1495064
-3.2691877
-2.2175379
-2.7915897
3.646141
2.7589874
0.6551686
-1.2951045
-1.636166
-1.8020989
0.15767151
2.1878195
-1.6384516
-1.8387414
-0.9635976
-1.5594338
-5.7073045
0.1348007
0.9203351
-1.5313243
-1.086188
-1.7688648
-1.1938628
-0.2845626
-0.0068016574
1.423744
0.25470424
1.8464804
0.012991592
-0.65006095
-0.09985375
2.7954628
-0.87617564
0.6588957
-0.97957754
1.2873356
-1.332738
-1.0104923
1.9802606
-0.34057745
0.24178448
0.35417992
0.8677467
-1.2232803
0.14305691
2.8515675
2.5907917
-1.7168897
1.0031556
-0.8625997
-2.0375013
-2.6847577
-0.21922237
0.2537035
2.4774532
-2.4326518
3.2265966
0.0035914555
2.233486
0.72230333
0.5534758
-2.9510467
-0.98493737
-3.916792
-1.7523044
4.2080398
-1.331332
-0.5672159
-1.4949352
0.5000391
0.18569441
-0.4705829
0.25141466
-0.45715004
0.5972982
0.17154002
-0.10790618
0.8667322
-0.38250697
-0.27045965
-0.752261
1.4512317
-0.8485493
1.0669065
-0.3517081
-1.347994
-0.7388865
1.7916101
-1.221346
1.5322036
-1.0024511
2.6884866
-1.5629466
0.95875764
0.4765451
0.7359939
0.1403251
2.3965442
-1.6500258
1.7426332
-0.1531615
-1.3758116
-0.26700157
-1.1487398
-0.19575836
-0.037715323
2.381226
-0.3863149
0.5924085
-2.7484686
-3.9885566
-3.860034
-1.3009719
0.018765703
-3.7463279
-0.07733635
1.1542115
-1.013502
0.1447596
-0.18763062
-0.291159
3.5754397
-1.2758315
0.074610725
1.9634016
1.4856056
3.3183498
2.4980254
-0.31784394
1.7843108
1.4441805
-0.28442416
-0.54679453
1.1305376
0.57488203
-1.1086454
1.2891927
1.6496103
-1.4495586
0.10262148
1.4221265
-2.4879649
-1.8444055
0.9361973
-2.052933
0.61492604
-1.1735325
-0.9282803
1.7619313
1.2612007
6.6311636
-1.6689042
-0.61715347
1.3678026
4.0197153
0.14401431
-1.4759731
-1.5683085
-0.8204753
1.5664912
-1.1743609
1.2268248
0.32187968
1.1060132
-0.58579195
-2.9014676
-0.90234995
3.113816
0.5626197
-3.860125
-1.0628265
1.779195
-0.31743327
-0.21901466
-2.3373604
1.6395774
2.5449042
-1.0696676
2.625192
1.3615234
2.2144485
0.36459297
1.912069
-2.4225757
-1.129517
2.4470038
-1.0645539
-0.21138357
0.65534717
-0.93435764
1.2941339
3.1691825
-0.86500853
-1.8555093
-1.2679332
-3.6804545
-0.44349176
0.912015
0.2922042
-1.2349415
-0.62963665
1.5068258
1.0456004
3.2786667
2.6817691
0.82307816
-3.408033
2.3393335
1.1998031
2.8909483
-0.91749567
-0.6101026
-1.9923564
6.1602693
3.1082768
-1.15859
-1.8705449
3.373014
0.050088283
-0.72719365
1.2923336
0.6984296
0.09354196
1.4490407
0.442883
1.2448146
2.0746665
-3.4603243
1.4090298
0.18400647
3.9820614
-2.307762
-0.19165654
2.537694
0.817293
-2.257038
-2.4737296
-1.0335339
-2.9561348
3.2296872
1.1255195
2.4739969
-1.8265624
0.15919109
-3.2181306
-0.82969534
1.966656
-1.8818074
-0.8247151
-3.12461
-2.2044935
-1.7698401
-2.288908
0.26561517
-1.0370164
5.3858128
1.494108
1.9579959
0.35008442
2.9848695
-0.12142016
2.9775245
3.7441416
2.392168
-0.6937472
-1.6746649
3.0925798
-3.266164
-1.282653
-0.6427486
-1.7693264
-0.24190244
-0.85763484
-1.4913898
-1.5551001
0.7359292
3.9921846
0.788988
-3.4311228
0.3880371
2.7783427
2.9517078
-0.58030796
-0.8522519
0.7234547
1.2701472
-1.1517049
2.3279288
1.1638638
0.6215194
0.21445842
1.8487407
1.5559345
1.4267809
2.3279834
0.18543479
2.2289095
-2.7545066
0.88185894
1.4955562
1.9174451
-0.58741504
-0.025397815
0.48118263
-0.8131954
3.6732411
0.433276
-0.62848896
-0.5449386
-1.3228616
-0.06256435
0.7547061
2.1000328
-0.92961484
-3.201615
-0.26326928
0.42280135
0.9848554
1.2819202
-2.5521812
0.7117929
2.060331
1.1394475
1.146745
-1.6417191
-3.2869217
-0.7117885
0.04450483
5.934833
0.86413765
-0.18401515
-0.52564126
1.3179653
3.942444
-1.076747
1.8877108
-3.693863
0.9559857
1.4065888
1.0137705
-0.66515684
-0.8076458
3.1671603
2.1949532
-1.4812431
-0.5256998
-0.5038924
1.2751049
-2.4962256
0.47961143
0.77091306
-0.051825076
-1.0697433
2.1536894
-0.27200752
-1.4004235
-2.4066436
-1.47115
1.4928026
0.31174245
0.45820403
1.3291028
2.6011012
2.1248133
-1.6600513
4.312043
-0.8746084
0.59978634
1.9741613
3.1710284
-0.89374596
-3.7698512
-3.2680721
2.4966908
2.7071018
1.5570724
-1.1060247
-1.4000009
-2.2541378
1.2402347
0.021514796
-4.5803986
0.12828058
0.41892484
-1.3207026
0.72949046
-2.2429173
-3.0092742
1.3867432
-1.1608047
0.30397382
0.28666833
1.2558178
0.25777176
1.5011853
-3.3380964
-0.73330384
-2.5615613
-0.6816556
-0.84761924
1.0890332
2.183611
1.1274272
-0.9858874
1.819592
1.2408969
0.668053
0.4131039
3.4653337
-0.19486676
2.005237
-2.0549285
2.196624
0.5755479
-3.612635
-0.36548388
0.66483873
-0.95113015
2.0289032
-0.036652014
-1.4251466
1.3531533
2.0587428
0.10899843
0.6537377
-3.062003
1.5406094
-2.3144596
0.49460262
1.0328062
2.2439082
-0.47643334
-3.9119778
0.5707155
1.6853912
-2.3843987
-1.9385693
4.736669
0.86610305
-3.0093799
-1.0767673
-1.1943595
-2.215929
-3.8459454
0.05992806
2.9173775
0.9438493
1.0002842
-2.1647522
-2.5274253
0.78137046
1.135187
-0.72680193
-1.345427
-1.0527107
-4.1286697
2.5356228
0.09524165
-2.3337986
-1.8802946
2.9616697
1.6529944
-1.0823183
-0.46732017
-0.78298175
0.33129174
2.8367257
-1.2954242
-0.16435295
3.3323333
0.4188775
-2.3081386
0.05107326
0.25940314
1.5500568
0.33084917
0.14206658
-1.0520467
-3.2082763
1.1346126
1.7228868
0.25887936
-1.5651581
-1.0394133
-4.6972556
0.072623275
-2.0448146
-0.026711136
3.0718708
-1.2425386
-0.96321833
1.2570437
-4.32874
-0.07774501
-1.087638
2.947659
0.9165257
-0.352703
0.21854119
-4.7074184
-1.4555302
-2.0747836
1.2301672
0.37774032
0.35932857
-0.3496953
-2.3854833
-3.9410567
-2.435397
-1.0792698
-1.5581454
2.1258183
2.8262131
-0.5699234
0.015728168
1.7138419
-1.5208311
3.0569963
0.613171
-1.3921684
0.928478
-2.6616237
2.4583735
-1.6766467
2.0058389
-0.46110454
0.79012096
-0.35957712
-0.34956208
1.5542959
0.43783328
-0.7288414
-1.957086
0.72314143
0.11896489
2.0933206
2.6984346
2.2923667
-0.7385916
-1.4459798
-1.2446897
-1.3279198
-1.5346801
-0.5358386
-0.74191916
1.4881924
1.3415238
-1.2072768
3.8462832
1.3132045
-2.5384636
-0.0075324476
-0.69910806
0.59113777
0.04047755
0.10775114
0.41368344
0.30115157
-1.7068151
-3.267171
-1.008023
2.4116192
-2.636558
0.073104694
1.3347697
1.7834859
-0.6687998
-1.0128632
-1.8356241
0.18706037
-1.8908541
1.138692
0.016681366
-0.7613282
2.605683
-2.9739394
-0.9408134
-2.4028668
0.00081154704
3.3064485
1.3140104
0.39037418
0.8750385
3.3158522
-1.8058478
-1.9718907
1.6773345
-1.9324268
-1.0551018
0.3889622
3.543465
-0.021314256
0.7967443
-0.749353
2.283609
-1.3068402
2.09921
-1.8114679
0.33134636
-0.8385734
-0.643595
3.0802207
-0.8749601
3.4754257
-2.207635
0.541683
1.862605
-0.12695882
-1.2882872
-2.0327218
-2.2922316
3.003456
0.2396842
-1.153985
-0.5578028
-3.9239702
-0.324415
-1.5535799
0.6220586
1.8794656
0.96630716
0.3353819
-0.18428162
1.8480326
3.5044355
0.07628725
-0.5901905
3.7464209
-0.8519906
-2.9046092
3.777588
2.6063147
0.5718122
3.630046
-0.2695393
-1.1590637
2.0122213
-0.45609343
0.7964592
1.6702148
0.11739766
-1.2037863
-0.5293559
0.087228924
-1.1345797
-1.863146
0.18237975
0.4796868
-0.7265986
1.1925122
2.0822084
-1.1772242
-1.7622964
-1.921183
-1.8333218
-0.35535488
1.0519454
0.78454804
0.69237673
1.3617898
-2.7328787
4.287571
-0.15346
-0.0129226
-0.38434023
0.6462064
-0.21574584
1.1277705
-4.8949986
-0.08841525
2.3837013
-0.32640678
-1.741219
-0.91865563
0.71202624
-1.6920792
0.9856215
4.789035
2.6813567
2.0651188
-2.639629
-1.3188466
2.615759
0.6372559
0.5386685
-1.390595
-1.6656804
-0.93999845
3.0233552
0.39063653
0.24777463
0.2917524
-0.0915237
2.0601556
-1.9650011
1.5813793
-0.5859756
-1.5525272
1.5484997
-1.1599749
-0.2743305
-0.76172054
0.26035503
1.5919058
1.9209454
-2.4918022
0.726873
1.7763401
-1.3858893
-0.975608
-0.70036864
-0.82309526
0.45712426
-1.4445713
0.51671255
1.6502397
-1.0749054
1.2300242
2.8535783
-0.5303833
-1.9093697
0.23096305
1.0714467
-3.9419298
-1.7862734
-0.37421858
0.4835875
-0.2773656
0.48998338
-3.9365048
-1.8165768
2.8119078
-1.4134152
-1.6644636
3.2165635
-0.6840412
-0.94782066
-0.86667305
-1.4804945
-0.12422436
-3.224522
0.5965871
4.4956155
-1.0884404
0.61039096
-1.627027
2.7936573
0.6298775
1.7092597
-1.6059115
-0.836576
0.8377756
2.1974194
-0.029574312
0.64091516
2.220063
0.079197176
1.3379604
-0.5451109
1.8552333
-0.82150996
1.5175672
1.0285683
2.2497199
1.048087
1.336808
-0.50813323
-0.30034405
-0.18900004
1.9455594
-2.2491112
-1.4751339
-3.4231794
-2.1886127
2.2178752
-0.74490273
1.44369
2.809571
-0.08174366
-1.7186382
2.1431184
-0.24595663
3.608419
-2.739478
-3.039361
-0.9268972
-3.4000933
0.70439935
1.6623857
1.4623203
-1.7018158
2.373548
-1.7557577
0.13953802
-0.7021523
1.4131311
-0.4921004
0.5617083
-1.1137911
2.6315503
-0.2393919
-2.6687129
-0.22656208
0.099828385
1.5339414
1.4282688
0.7315566
-0.546807
0.04240396
-4.0935936
0.78617954
1.0995337
-0.8980815
-0.3768124
3.0297177
-0.3797119
1.0894734
-2.052113
-1.5620778
-0.1957581
0.3183945
0.19633797
-1.0987887
-2.4600723
1.3988825
1.4320707
0.98264545
2.6387749
-2.4304852
1.7779104
2.002384
-2.5046744
1.7773356
-1.4627593
-0.7169496
0.65976906
-5.121495
0.50901634
-1.5822648
-0.59557974
2.5545602
1.3180515
1.26084
-0.0836376
-0.5417807
1.7866706
3.8649445
-1.5195543
-0.0068278313
2.189791
-0.82634205
-3.2042444
2.1367288
-1.1641625
1.1788695
2.364087
0.8450582
1.9655731
-0.93128747
-1.9730196
2.9475982
-1.4149623
-1.4869876
4.104617
-5.6640244
2.0231926
-0.934493
1.0137817
-4.192044
-4.848111
0.31735697
-0.5429009
-2.7390249
0.99077
-3.9703798
0.19292685
0.7201914
-3.995365
4.3557158
-1.8231436
2.4771292
1.7916231
-0.4849967
1.7074584
-2.8468318
0.66097635
-4.869601
-3.5351245
-3.9854176
3.0558834
-1.1364098
2.8889825
1.0805928
3.0755575
1.190143
0.5792991
-2.6079955
2.2237563
-2.0868013
-1.6126454
0.8147264
-0.42915305
0.83711237
1.9515743
-2.0347676
0.055552192
-0.7505857
2.3971057
-1.528166
-0.003516972
1.591879
0.9419598
0.88137877
2.8965414
0.2964245
1.1110495
-0.17276606
1.0088407
2.8477387
-0.1582546
0.35609317
0.638509
-2.6111553
-1.7836095
1.4853293
-1.5369793
-1.0009775
-1.3702257
0.3541177
2.2582889
-6.535701
-3.2766876
0.93550974
-1.4438494
2.014503
-0.8834284
2.304036
0.3527736
-0.8763126
-1.0503942
-1.4242305
2.374488
0.27864605
2.2506883
0.093830384
5.9850254
-2.6114693
-0.047579594
-0.66559166
-0.1395913
0.0837308
1.7146401
0.9528864
-3.1238303
0.90526825
1.7848121
-1.822107
0.090493634
-3.815295
-1.6790841
0.23307845
-3.007894
2.2008276
0.43237835
-1.532848
3.1770222
1.2959578
0.2713233
-1.38692
2.462176
1.3495897
0.34409624
1.7290473
0.7627164
-3.7919042
-0.9361796
0.17743862
-3.984806
2.088894
0.74214005
-4.9886613
-0.5992673
-0.75211406
-2.9520502
-2.4437628
-0.32714596
-1.0351645
-2.4340715
2.8237948
1.1058208
-1.2867202
1.9653193
1.986068
1.3878765
2.091595
0.5301735
-1.4167637
-1.461762
-0.8410249
-0.46189618
-3.0163233
1.6104045
-0.28940126
-0.48603562
0.036418103
2.5909266
2.4889507
1.3255838
2.203059
1.2092559
-1.7708582
-0.25076857
1.2826437
0.533437
-0.58503973
3.5910914
-0.4763506
4.2074757
4.9636335
4.049319
0.58957833
-2.4467535
-0.29178828
-0.15552236
-0.66598874
-2.7836294
2.3712301
-0.74763566
2.9520206
-0.68615234
0.009335272
1.7431772
-0.8105026
0.52249235
1.1249892
1.4400922
-0.5034275
-0.20251778
0.7672135
2.2535915
-3.1985269
-0.1196459
-2.8297813
-0.78520155
-0.048489522
-1.3221023
3.239162
-0.24521656
-1.0698811
0.20349446
-2.7211094
0.84236634
-0.8156337
-0.52284837
1.7143636
2.346155
-0.6711679
-0.004567519
1.9185066
-0.34724253
0.5820319
-1.2385238
0.061634623
1.0749078
1.1425567
0.14127108
-0.06239043
1.8153925
2.8497987
-2.804672
0.44714925
-2.1301594
1.9491624
-4.7981896
-2.4157963
-1.8548721
0.54350626
1.3084189
0.9978514
0.3226187
-1.6522433
0.2680024
3.193958
-0.51503783
1.4241163
-0.06111387
-0.7938639
2.158419
0.5199804
-2.9842134
-0.26039523
-3.157766
0.32729483
-1.4112382
-3.6453679
2.0905197
4.3337045
0.07335207
0.48898277
1.5826353
0.14293034
3.089161
-0.70649344
-0.8560807
1.6297352
-1.0394007
-0.2797815
-2.1753328
-3.3777857
-2.9021378
3.4610593
2.2447925
-3.3284457
-1.2319936
1.354718
-1.0588001
-3.293679
0.7907114
-2.1933982
-3.123379
1.9147344
-0.6956119
-2.6591434
0.13517374
4.3873553
-0.8995364
-2.0695062
0.707513
1.2823353
0.6120167
0.28024095
0.46728203
2.9508836
-1.6529866
0.43180412
-2.6999674
2.671147
0.16249682
0.6379508
0.5942103
1.6426741
-0.24601455
-4.351022
1.5878997
0.75283885
0.3494989
-1.689925
-0.53316367
2.576555
0.07398104
-1.0256051
-5.000669
-0.42226946
-0.75405127
-0.21991229
0.28081796
2.5899158
-0.9007557
-0.2496678
-2.6607988
-0.0702844
0.57342064
1.8025059
-0.3822016
-1.4057847
2.7491992
0.5344815
-0.886167
-0.93973
-2.8693852
-0.98950005
-1.5856246
-0.25569806
2.9919877
2.4385364
1.0379424
0.56976974
0.72963154
2.015607
-0.10472377
1.2159977
1.5447017
-0.08232815
2.2763352
0.37597513
-0.7635941
-3.8089068
-2.1767337
0.19894367
-0.5083994
-1.1732253
-3.64924
-1.7762715
-0.4352353
1.5136522
0.49224108
-5.4517016
0.18012488
1.5017052
-0.8123349
-1.822684
-1.2403401
0.79521745
0.32217494
-0.11162023
1.8941157
3.2071292
0.294068
-0.43413192
-0.5634723
-4.2704425
-1.171991
0.69650465
-0.95927685
-1.2433034
-3.5050824
0.5903655
0.35108262
-1.9683359
-2.7412517
1.6951816
-3.1506262
-1.9751157
1.931591
-2.4033434
-3.6933048
-2.1257486
0.77008796
-1.4026153
1.4006257
-1.0583056
-1.0160898
1.808417
2.2743936
-0.116194345
-2.8580265
-0.71120197
-2.235621
1.7891362
0.07120323
-1.4765692
-0.6126755
2.6833744
1.961245
1.6334832
-3.7955687
1.5873477
-0.8201186
-3.612039
1.7686294
3.6463392
0.28551728
0.5929465
-2.2305965
-0.8345176
1.1244925
-2.9943032
-0.84841526
1.1770717
0.4167402
-2.403191
0.65804845
-0.85133284
2.9566941
1.8335516
-2.281522
1.7847455
0.7308744
-0.39338666
1.29142
3.2123904
-1.2738553
-1.0929183
1.6535004
-0.30996117
4.698614
-0.51510113
3.2871606
-2.1056485
-3.062814
-3.683639
1.2446878
0.49402142
-3.5030906
-1.8777683
-0.99711525
-1.048838
-0.39204147
0.9642549
-2.960874
-0.19673817
-2.4394724
-1.4185987
-0.87146044
2.9696524
0.8563191
3.0633583
0.577554
4.871775
-0.6250371
-1.4632782
0.8341841
4.799451
1.9976717
-0.272785
1.0844214
4.9239073
-2.11294
0.23623037
0.3595502
-0.09598103
1.5781332
0.005275026
-1.1382059
0.0071592927
-1.0340772
0.09715107
5.800898
0.43668592
-1.8390821
1.4983337
-2.1193814
-1.816543
2.8794072
0.4974869
0.84572726
0.27696124
0.7841483
0.7819803
1.6719897
-0.4101032
2.5657568
0.09475147
0.7255356
4.4792647
-0.030797824
-0.97505265
-0.7789454
-2.588396
1.7564974
4.4530234
-2.3686333
2.1076176
-0.39679745
-0.3016072
-1.4040251
-1.0361869
1.2028407
-2.2140393
0.57060623
0.8406198
-1.5429132
-1.1952114
1.1116564
0.77415264
-1.8643539
3.1478932
2.3354454
1.7757411
-1.7288805
0.9733355
1.9877062
1.5653223
0.042023443
-3.7800317
2.127585
4.2754498
-0.038181324
1.2719889
-1.6789134
-1.2422794
-2.4307444
1.7692783
2.3100321
1.777299
2.9379785
2.213866
1.4753975
-1.8828272
0.92731816
3.152789
-2.12369
-2.701551
0.0049164817
5.276474
2.0975318
-3.114243
-0.19761778
-1.3011235
-0.7531527
-0.57376015
-0.96169406
-2.0622919
-1.6111037
-2.8600981
-0.6615305
-0.13939542
1.8755502
-3.3046756
-2.8989017
-4.5485907
1.9627006
1.982243
1.2434547
2.91779
2.006621
2.3893461
-1.2076111
0.5517363
-1.061728
0.16856638
0.03449519
-1.4157724
2.4038
0.45522517
1.5052046
1.0367507
0.14783618
-3.1381588
-1.4407095
-0.029475413
-0.78421855
0.7529567
-0.19394392
1.2852063
-1.9824262
-0.8827849
0.77343327
1.9254515
2.0808272
3.1770816
-1.9114842
-1.166508
-0.6938547
-0.68498164
-0.5305165
3.4958735
-1.2358614
-1.1792747
5.674366
5.476502
-0.028716609
-2.0902236
3.3552153
0.19143012
1.9494581
-2.6813757
-0.5728851
2.0189373
1.330176
0.49484172
-0.77662104
2.747426
1.5530124
-1.177775
-1.9090725
-3.4643958
-0.3103169
-2.2527082
-0.3936119
-1.4471241
-1.4721509
-2.4397998
-1.3439864
-0.08373461
1.5333675
0.056378044
1.298283
4.584312
1.9957913
-1.6732184
-1.741251
-0.6913428
-1.3911372
-1.347295
-1.1083934
-1.3491092
-0.00030313432
2.4259164
-0.01307366
0.52882904
-0.35558957
0.57564765
-2.8638098
-1.4761684
1.5846401
2.0676708
-0.3239012
0.055113547
1.8704557
-2.0575123
-0.8257836
-2.3955417
0.27780187
-2.4382238
-1.0228822
-0.9889756
-1.7325472
1.6255105
-4.1951027
0.8424347
-3.0411203
-0.59037256
0.6068055
2.8225756
-4.6924977
-3.0842104
1.3663105
-3.8203573
0.8231162
-0.067285985
-5.0826116
-1.5516142
0.06592825
1.8457763
0.41956177
-0.5631526
-1.1981426
-0.8950356
0.1912001
0.14151289
-0.96688765
2.3688474
-1.3083652
1.0592586
-2.3534381
0.97687095
-0.44182253
0.7509248
-1.0212874
-5.987854
0.8606654
0.87815493
1.6139848
-0.808713
1.2759355
-0.86641186
-1.7855856
-0.74648446
0.5473329
1.1102382
0.6950084
-0.55268073
0.26038256
-3.061326
2.0958767
0.3310656
2.4136536
1.8646923
-0.80282784
-0.4851181
2.3544955
-1.5930202
-0.9168883
-0.15654397
-3.6080236
2.1073227
-2.2374015
1.7420838
0.17273143
0.4343897
1.630136
-4.38985
0.9009677
-0.9401251
0.7805975
1.9335535
-1.4408895
2.0139296
2.2965374
0.865271
2.2821293
-0.3988345
-2.6321497
2.4730127
0.8894817
-0.6245191
-0.26487553
-3.04783
-1.0425415
-0.43220255
0.2796431
1.8091936
1.0146033
4.0614743
0.58897483
0.74721795
1.8785483
-3.27204
-3.3537047
1.6678644
1.1474483
-2.7588732
-1.7490255
0.20344998
-2.2486312
-0.27270994
-1.327488
-0.5000828
-2.046822
-2.4606278
0.6115189
-5.059561
1.2106844
0.5796294
-2.9506786
1.0371361
1.4218284
4.792946
0.881098
-2.4054337
-4.2154903
-1.8577979
-1.84361
-3.686159
-1.7563366
2.1329901
-3.5753798
-2.9631162
1.4198581
2.234897
-0.19303307
-2.261628
3.5533264
-0.776604
1.6390702
-3.386577
-0.9052
1.5217634
0.28782636
-0.79390574
-3.1361344
2.460217
1.6921351
-1.0700188
2.2947812
-2.3091755
-2.027142
-0.45685327
2.2191129
1.806415
-1.2274228
-1.8474476
-1.7035214
3.3351617
1.3000464
-0.8469658
-1.0425901
1.7114029
0.16389535
-2.5646234
2.7062266
-0.39307833
1.4006809
-2.0873408
0.049567983
-3.6866877
0.62629277
-0.53191125
-1.6027238
-1.1278769
-0.5556642
0.5989133
-0.605638
2.1261415
0.28265995
-0.5636505
-0.8916789
1.4480386
0.34786576
2.442533
1.8984076
-0.9290053
-1.3744075
1.8926326
2.2472017
0.907169
-2.0167282
2.412036
3.656504
0.6463365
2.1556058
-1.6659425
-1.0727473
-2.404348
2.9651601
1.8454099
-4.7111244
1.7669477
3.7543375
0.91348857
-0.85751367
0.7802603
-2.4098701
2.4389737
-0.13814631
-1.7577238
-0.60071826
-1.107373
-3.3360548
1.7084936
-0.8845223
0.44733804
0.61479276
3.398666
-0.4799537
1.313484
1.1117939
0.27443382
0.84433043
2.1953182
-1.154245
-0.7633686
2.3528075
-1.2537497
-1.7763628
-0.05453339
0.60926634
-0.12666872
-2.3143518
-0.71637285
-0.22333847
1.6581198
-4.398443
0.393537
-0.01465033
-1.5638176
2.3264291
0.34826937
1.7788948
-1.6183403
-0.627625
-0.59619695
-0.41233078
-0.85750973
1.0066047
-1.0215393
2.108323
0.61625177
-2.611541
2.0637577
-0.50472933
2.2815669
2.1517553
-0.16947347
0.09046327
-1.1117628
-1.5113176
2.0976129
2.6554248
-0.5085467
1.8357694
0.0737215
0.43650764
0.110538185
-0.40315887
-0.91928375
-2.5375106
-0.40921745
2.6251838
2.7683485
-2.2249548
0.1255413
0.7664579
-2.965655
-3.2428274
0.27867612
-0.22402495
1.4538584
-2.0876672
-2.263427
3.31394
-0.8500891
-0.66538334
2.2413173
-1.6576723
-0.8201348
2.145043
-0.75019157
0.22433004
0.5416917
-0.24831754
-3.8366947
-0.855461
0.10832627
-0.587175
3.1377685
2.8760717
-0.05468194
-1.2570486
1.870043
0.5481146
1.9842746
2.7674694
-1.113296
-1.1628499
2.7243752
-1.1297625
-0.37328434
3.618355
-1.6453406
-0.7226496
-2.5513306
1.9370854
1.1827743
-3.3835378
-1.2422
-0.8882093
0.9412854
1.3151059
-1.5852636
-0.58712876
-0.25142103
-2.181038
3.1394458
0.9013095
3.3590796
-1.7076908
-1.1904736
1.3554214
-0.50837874
1.2790931
-0.20951985
-3.6562567
-1.3416319
0.7988606
-3.0503917
2.4257004
1.7119743
1.0056136
1.8192562
3.2549179
0.19912273
0.07581827
3.0602105
-0.5727068
-2.270865
-0.7372063
1.0457063
0.6351961
1.4171395
-0.09716641
0.1092263
-4.0850754
-2.9745677
-0.5302386
-1.7156286
0.14817415
-0.22327451
5.6842265
3.5967305
0.6493642
1.102034
-3.165055
-2.1216915
0.34759775
1.7611116
0.2075083
1.3346924
2.4619126
-1.656245
1.8904098
0.5221787
-2.6456416
0.86498153
-3.6190906
2.9911513
-1.3761971
-0.39189816
-0.46567258
0.005976677
-0.038073488
1.3434827
-0.9912247
0.095581256
2.227067
1.6214435
1.2199605
-0.14888337
-0.70890486
1.1382066
-2.000726
1.8671519
-1.5560089
-1.2405231
-0.23285761
0.20238228
-1.6424882
-1.8583521
0.99592614
-2.1452324
1.2395524
-1.7718897
0.7257321
0.6989949
0.6159477
-2.7639968
3.106375
-1.2179574
-3.4302635
-0.7481773
-0.07069267
3.3923044
-0.75239474
-2.3027377
-0.29427755
-1.8790528
-2.0758889
0.99802375
-3.1586561
1.9076102
-0.5435034
-1.435226
0.9509632
-0.77039516
3.7512164
-0.47696096
-1.9722326
0.113956735
-0.55705285
-0.015504748
0.88439435
-2.4742866
1.2836097
-2.9729307
-2.6645532
-1.1378654
3.615309
-0.018923178
-3.3270772
-0.34924713
2.0939238
1.7443115
-3.7109747
-1.2701701
-0.21419549
0.8349576
2.4951415
0.8603992
1.262964
0.4887783
1.3897725
0.51630354
-3.1831331
0.087867044
1.2823712
-1.0194292
-0.5037561
2.6164255
1.8047916
0.87348026
-0.4592489
0.6580794
0.6219455
0.14695275
-4.1852674
-3.9585907
-1.8973156
0.80282915
-1.3592443
0.51718086
-0.33600837
-2.5824354
-1.5388092
5.674522
0.4526608
-1.5695574
3.3105555
1.7120965
-0.2950375
3.4430265
0.109470546
-3.195909
-0.089163646
-0.602849
2.9921794
1.4050239
3.8030188
-1.7053204
-0.555299
-0.48347494
-0.3592106
-2.0954642
2.173579
0.3668434
-1.8606609
3.6227732
0.11428652
-1.0151205
0.93526185
-0.9362426
-1.1563209
-1.6369095
-2.9669619
-1.1730064
-3.562162
1.3975307
-1.1032774
3.2563896
-1.7830474
1.8837426
-0.4218633
0.5044672
1.0046668
0.35005394
-0.48518264
-2.132367
0.23170127
-0.581199
2.5842772
1.5408233
0.29432666
0.13444307
-3.455296
-3.301216
2.6346807
0.03650985
0.33533758
-1.5253769
-0.5316547
-5.586492
-2.5034518
-0.96929026
-3.6682663
-0.36278182
-1.302788
1.555021
-1.7860086
-1.1071286
2.2316658
5.624276
1.5291439
0.06491919
-1.8208219
0.6015148
0.09713257
2.4496124
0.32315618
0.029689312
0.24176723
-1.6334418
-1.756919
-1.6251595
-0.043557934
1.2507049
-0.72537607
0.41427824
-0.20438284
-1.223332
0.46872234
-2.4707937
2.6589112
-0.7209182
1.861116
2.0117648
-4.4505277
2.6467907
0.564243
0.212201
1.6143011
-0.13047832
-1.3098676
-1.059559
1.2273321
-0.26902637
-1.79587
-0.7153995
2.024135
2.683233
2.2374613
0.12753916
-1.0273747
2.9599357
-0.32819673
-1.9285748
4.306942
6.092013
-2.8224728
2.177268
5.339019
1.3831425
2.6557617
0.9986454
-0.60686576
-2.1058564
-4.158069
1.5414485
-0.35689536
-1.1087762
0.48871803
-0.11461032
-1.6598964
-0.91330594
2.1650085
-1.6462356
-0.49881968
2.5629487
3.2041783
-2.0675771
0.7872419
-1.0058612
-0.51681936
0.41077906
2.455616
0.63513607
1.3140936
-0.46470916
0.63514894
-3.0342042
2.7310028
-1.3725827
-2.3993537
0.96853185
-2.8980656
-0.30381197
-1.6444814
-2.7373385
-1.1151935
-0.22746077
-0.82962656
0.058995113
3.048214
-2.5641363
0.55726606
0.41781375
0.12576231
1.5997479
-0.16926691
-1.6584378
-1.3456402
-2.2659366
3.6912575
2.965746
-0.13980776
-1.8084986
-0.49087796
-1.5905219
-3.2407594
1.4135863
-0.54785824
2.0806422
0.16893303
0.38669902
2.430964
1.8284446
-2.3293467
-0.75424415
-0.25015002
2.412114
2.6051064
1.3519063
1.5201004
-0.7625755
-1.3580143
1.9204582
0.65004593
5.783794
-0.7220843
-0.6845764
1.3732994
2.2764485
1.2930272
2.2447119
1.5644814
-2.304232
1.5355192
-2.0826082
-0.3404811
-0.49142492
5.8563952
-1.5318534
-0.92066514
0.74622023
-0.6025318
-2.0201247
1.287469
-1.3685377
-3.474757
-1.2551531
-2.2417228
3.2846558
0.14343467
0.37119186
-0.9303385
-0.5707225
-1.5032767
0.858692
-2.1684163
3.1424267
0.03765065
1.1196282
0.41675994
-0.079905905
-1.0607574
-2.5700657
-1.3768663
-2.7316847
1.1391133
0.07828616
2.1175058
1.5946734
1.4282914
-0.5951284
0.7502709
-0.30605376
-0.22183445
-0.39578736
3.0975304
-0.51752347
-3.5170937
0.14014786
-2.5500598
0.58733463
-1.6327996
1.7515075
3.5088658
0.669527
-2.0410826
-0.9872141
-0.39619213
0.93092185
-2.1143053
0.0013708696
0.053325877
-1.3949523
0.24321568
-3.634533
-0.13501516
4.78431
0.6089648
-0.5546705
-1.951935
2.3334274
1.5713521
1.0471511
-1.7479655
-2.0655172
-2.8087356
-0.23600298
0.98921657
1.7927376
-4.035793
-0.4250848
2.1988134
2.954355
3.1317563
0.48837012
1.4663746
-1.9913346
4.2563133
0.26808423
-1.3695943
-2.172075
1.0825669
1.7240708
-1.3923833
1.144448
-0.5598121
-2.2260194
-1.3101358
1.1274573
-0.6117267
-2.031361
-1.4255167
1.0102346
0.58439773
2.0779572
0.5553562
2.5007875
-0.44640225
0.35760427
1.3737513
1.3854429
2.6233768
-2.079509
1.1603571
-1.2397412
3.404461
3.8283653
1.472597
1.298324
-2.4349444
-1.836286
0.18076979
0.65277547
1.0993589
0.89398813
0.27037224
0.39443636
0.84077066
1.9871372
1.5463488
1.5026317
-0.6603286
1.2515132
0.724614
-1.4765135
-2.3223987
-0.68192166
1.086593
-1.6087195
-0.35633403
0.43816984
-4.0145392
-0.24145733
0.12014663
-0.0075202286
-1.7041903
1.7768961
-1.5435212
0.31740946
-0.6005076
2.2528014
-0.7898522
2.2105904
2.8629017
-1.7796451
0.98536
-0.068397716
4.276566
-1.0415537
2.757596
2.2727406
-1.2188289
-2.6434999
-1.831913
-1.8554308
-0.08710439
3.5016732
-0.21465248
0.28534076
4.4537086
0.57430595
-0.1846026
3.4507358
1.6369859
-1.4060436
1.3739568
-1.110001
-0.4287448
0.17633408
0.26739812
1.0570726
-2.2094495
-2.644679
-1.1299367
2.6576116
-0.11656138
-0.037136834
1.7482533
-4.2542186
0.95135975
0.91119736
4.6180854
2.8074276
-1.505079
0.63252187
-2.9625769
1.974311
4.3657007
-0.4161725
-1.1752614
0.14315274
0.3506003
2.978312
0.46964478
1.5231065
-1.1077865
0.10139188
0.39524734
2.0880423
-2.8747938
0.27722394
-0.6634931
3.287949
-0.726826
-2.6353786
1.6062675
-3.102043
-0.40096486
0.5225768
2.8744972
2.71525
2.2663305
-2.0828967
-0.34241068
-0.8107034
-2.3126767
-2.2903352
0.48776495
2.2119026
1.5368621
1.1128587
-1.5395776
-1.3957705
0.8000443
-2.7413938
1.3617792
-0.5375569
-2.2271605
1.2664366
-1.5676284
4.9864063
-2.005343
1.5416402
-1.2117794
-1.1915878
-1.3494385
3.0498261
3.7334607
-0.0981197
2.8531694
-3.0733428
-1.9364454
1.9071273
1.9010019
1.6959678
-5.063064
-2.7925797
1.1278092
-0.52698326
-0.5540504
1.0123639
1.426906
-1.334901
-1.2407113
0.4760729
1.6900356
1.5038282
-0.6406209
2.6642466
0.9700189
2.936138
-1.2219777
-1.6708863
3.8453627
-3.232674
0.1060576
-0.08212983
-0.018114977
1.040245
2.360061
2.7594755
1.6180943
0.469078
0.4086201
6.506603
-1.3631773
1.7172855
0.12741172
-0.54012126
-1.7061807
-1.2754614
-2.8181837
-1.4517331
-1.4661406
-0.6437899
1.0642853
-0.6661213
0.23310073
-2.6636224
1.7146808
2.7987163
-3.1565359
-3.5036347
1.9643528
1.1941035
-0.35370493
0.6436681
1.036265
-0.49065107
-2.092133
-0.34508795
1.4826083
-1.0532804
4.217493
-0.8508161
-1.1565136
0.9458287
0.20566246
-2.302533
-1.2237409
2.404242
1.3376024
-0.28166255
5.6032667
0.93581796
1.754566
-2.2898064
-1.575457
1.2927613
-2.3011723
-0.6553921
1.4366131
-0.81281626
-0.808752
0.43644887
-3.141351
-2.1715486
-1.1102222
-4.2572575
-2.4074762
-2.4245884
2.237943
-1.6458162
-2.4868948
3.530369
2.5191436
1.2948874
1.2242055
1.504303
-4.5439444
2.9099538
1.405814
2.6292624
0.44932583
0.9932218
0.20018822
-0.61537784
-1.3081157
0.91030276
2.1505141
0.313325
0.29609773
1.9368215
1.7025013
1.9326584
-2.2446434
-0.5864848
-1.8195679
0.6710782
-3.895678
-0.985728
-2.0952747
-2.4660125
-4.3759828
-0.95865864
-1.3527974
-1.5737307
-1.1060191
1.0769061
-1.3873681
0.8750062
4.101332
0.6757415
1.5126153
4.083199
0.6771194
2.1749947
1.4461287
2.5652914
-0.6827334
-1.4381124
-0.5388498
-0.801018
0.021985449
-0.85906434
1.4437928
-1.2298126
2.9258766
2.4861455
0.41139287
-0.36006445
0.26865447
-0.21746893
-1.0928634
3.374094
-2.8195634
4.8285604
-0.44961578
1.004573
2.657472
-0.14744052
-0.77565825
-2.9327672
4.104834
5.876066
0.6395118
-1.8490802
-2.1046214
-1.0112387
1.1362078
-0.09657734
0.2290466
1.4131321
0.5135802
0.56372416
-1.2606773
0.3844298
0.6907303
0.42283994
3.8443785
-2.135125
3.6863856
1.1463302
0.85967046
1.1440667
-2.2395194
-0.32643005
-1.1058066
0.5785017
0.58200014
-0.13423392
1.0972656
0.8047228
-2.6661258
-0.5421923
-2.0673676
0.36235774
-1.0465213
0.7810927
0.7289798
0.9789823
-3.388335
4.8514113
0.03158256
0.22838381
-0.24765433
0.0397655
1.1777829
-0.73817366
-2.1656888
-1.4889197
-2.6908324
-1.8542787
-1.0567608
-1.0922418
-0.38083988
-2.5692716
0.29999843
-5.061936
-0.08033614
3.8177087
1.8448353
0.193243
-0.13556081
-4.2874966
-0.23742056
0.89135563
5.0140886
-1.7407061
2.2933614
-0.084426
-0.44996172
-1.1099086
0.8853069
1.6140575
0.0050711185
0.3988193
1.0905988
1.2675334
-0.5470898
0.34624085
0.2205409
-0.92279345
0.3636067
0.1744439
0.9252702
1.1578313
-1.0596504
-0.53955966
-1.7520754
3.8156924
0.36106914
0.3890137
2.4176073
0.29654846
1.949
-0.9630716
0.32858938
-2.0089517
-2.7878036
-0.009310637
-0.58210254
-0.02050168
3.0608587
-2.9591665
-1.1111393
0.9240339
1.3711631
0.5275734
0.78878725
-0.99971527
-0.92288816
5.649313
-1.7704382
1.4425884
0.9451833
-4.189157
-2.8328023
0.50849146
-2.1417148
1.8664911
-0.14383869
-0.4338683
-0.8782354
1.0560377
-1.0756763
-1.5948938
-4.2047825
-4.6543603
-0.12080797
-1.1788429
-2.386864
1.0213394
-0.47017688
1.0564718
0.24398714
-1.2826829
-0.9012814
3.6646333
-2.6581655
-0.08639107
-1.9945394
0.33126813
-1.3854238
0.5786332
-1.2187614
1.2495111
3.4286165
0.23116672
1.858113
1.8580045
-4.21547
-1.7152795
-2.8422296
1.518434
2.6210809
1.3892496
-0.13451621
-1.9487131
-1.3248276
-0.7238239
-0.6246465
-3.320346
0.9706164
-2.6139917
-3.9660883
0.23800749
-1.2940824
0.08367765
1.8989493
-2.3989823
-0.09541388
-0.6335909
-3.775652
2.505383
3.7402506
-0.48801294
-2.0529816
-3.5555458
-2.9905348
1.4603703
0.5357483
1.7536875
-2.6714244
1.9134642
3.1085627
0.58387303
0.8690563
-0.5205177
0.74540985
-0.8698993
-2.4125786
0.6956548
-2.4703722
-2.1739178
2.136124
3.2261043
-2.6850185
-0.92139524
-1.8285577
1.0244865
-1.6070938
1.571562
-0.060472168
-4.256333
-1.6465429
-1.2145526
-0.067263216
-4.5826626
-2.107006
-0.98204505
-1.3769615
3.8348575
2.7441857
2.418314
-0.003345102
-0.6724917
-0.12011637
2.0058436
-0.49515042
-2.8556783
1.4450636
1.6511879
0.4278927
1.6828561
0.37145337
1.2083488
-2.029887
-3.311219
0.81466657
1.2837528
-0.13396083
1.8166822
0.12910025
1.464136
-2.4248476
4.7829976
1.8728908
-1.1951668
-0.35683382
-1.5184047
-2.4172018
0.6209492
-1.2359506
0.9070198
2.2109547
-1.4235877
1.5411601
-1.1602291
3.0414577
1.3310672
0.051120706
-2.6606975
1.5795805
-1.1855134
0.6175558
-4.082904
-1.6801481
0.33162576
0.55365235
-2.7353723
0.06417625
2.730109
-2.4243524
-2.4495583
-0.7404849
1.1090606
0.6834396
3.630456
-1.2483294
-1.143992
1.1874694
0.4708136
1.4991778
-1.4157817
0.74474984
-1.3573217
-1.4562855
-2.5202403
-0.6612447
-0.6632753
-2.612712
2.1204753
-2.4617832
-0.7547168
-1.9528883
-0.23300785
2.6965892
0.68349135
0.39909846
0.7515558
-1.7857062
1.1931337
1.5433376
1.7724967
0.80168015
1.7046133
-3.5395157
1.0426266
0.3893703
0.27572086
3.1399558
0.51143736
-0.8603997
-4.092695
0.26124573
3.4552948
-4.5692406
-2.1756227
-0.7047895
-2.0437791
-0.13845924
-1.3783761
2.0933702
2.8684509
0.22850707
1.1153314
0.30901313
1.2379359
-0.8545217
-1.7960497
0.6199096
-2.5970135
-0.6670879
-0.3229975
0.5808179
0.5685801
0.26304674
-1.8878876
-2.3023155
-1.2127012
-3.0793293
-1.8906201
2.4270525
-0.17353415
-2.9001713
-0.46643388
2.0351114
-0.34332678
-0.8299183
0.87101954
-3.5045402
1.9091927
1.0342646
0.54953957
-2.1783009
-3.458741
1.7844079
-1.720823
0.39161164
-2.1339648
4.1139364
2.6441638
1.7637309
1.8695568
1.5308417
1.2997273
1.7527025
-1.2692748
0.17791231
0.18632522
-2.3655276
-4.716409
0.527991
-1.6130178
-0.11553405
3.9103663
-2.0155773
0.21267992
3.835616
-1.3916767
-0.49182418
-2.5609174
-0.4707381
1.2849085
0.453264
-1.5357379
-1.559422
0.53566533
0.066114604
0.917503
4.7694254
0.5530501
-0.22682753
-4.719144
-2.624341
1.8755412
-0.39545208
-1.4051522
1.2682025
-0.62852836
3.1055484
2.0136921
1.8760747
-3.4733183
0.6106791
-0.82294995
-2.6937308
0.83885777
1.0892094
-0.9836512
1.1921576
-1.009208
0.5054026
-2.9084072
-0.36572888
-0.66540325
-2.980536
1.0263534
-0.64297
-0.56488204
-0.3929034
-0.30226722
-0.76507765
-2.700817
2.0926075
-0.06690914
-3.3320005
2.8428679
-3.7455616
-2.5321825
-2.9511955
0.93620753
0.46202403
0.19008629
3.1969035
3.1264918
-1.7610028
-0.90762
-1.0786344
-0.08521013
0.99062943
-1.5790823
0.38064924
1.4069556
1.7172295
-0.3005664
0.90653366
-0.46049675
-1.7244117
0.05113074
-0.57352316
0.9717347
-1.6096914
3.365674
1.3137329
-0.17031789
2.8206906
-0.5208535
-0.095229514
-1.0209073
0.12622634
-0.6228096
-0.6183461
-0.17106286
-2.5177457
1.703674
1.5607365
1.6814338
1.6637516
-2.3216326
1.8815107
-0.18856479
0.35538507
-0.7396405
1.252165
-1.4002072
-2.3090029
2.089684
2.3412852
-2.4872303
0.12715366
1.390551
-1.521935
-3.0008266
-0.19839376
3.451911
-1.6826195
2.2850914
-2.1118405
-2.4920483
-1.4432377
-0.32882786
1.339525
1.6009743
1.7984903
-0.12561676
-2.459488
1.8932265
1.558991
-4.1902475
-0.7319864
2.9243076
2.0519016
-0.91334087
-0.788901
2.9403882
-0.1617869
2.9897797
-1.5363667
3.8299446
3.0563836
-1.1512048
1.0023049
-0.48788476
-0.91530514
4.084812
-0.64787114
2.056744
-3.0466294
-1.8579538
-1.5423397
0.09710244
-0.3856604
-0.48995453
-0.33509
-0.97927135
0.36472744
0.3278007
-1.0313721
0.7386846
-0.94671226
0.7947263
3.7334073
1.3234166
1.521453
-0.55666894
-0.7669914
-1.8642591
-0.73709553
-0.15670238
0.18650016
1.1710478
-0.013736017
0.4823338
-0.010621667
0.551533
1.8207209
2.7915757
2.244464
0.076634176
-1.292427
-1.4241167
0.88753355
-2.742079
2.9734676
2.8045657
2.1309032
-0.33418313
2.3473732
-0.27907032
-4.195521
0.7386137
-3.2974298
4.4890647
-1.4651493
-1.7153822
3.3315704
0.3267962
0.05145216
1.2215513
0.08896157
-1.0333301
-0.7743362
0.99893224
2.9628735
-0.627489
1.2434742
-2.6918592
1.6581703
-0.22094686
-2.9318514
3.3145585
1.6983013
-2.4255595
1.0844556
0.025050864
1.0307468
3.4172444
1.8679881
1.6628187
1.3382632
-0.28431126
-1.2850323
-0.27973378
2.276503
0.3402236
-3.685226
1.2431713
0.19636571
-0.38017508
1.646176
1.1581411
1.734966
1.0191756
-2.2851102
-1.843194
2.5738728
1.6662072
2.2080963
1.1733205
1.995869
0.80460984
-1.5310282
-1.0457908
-0.2586231
4.01494
1.1431215
0.77095103
-1.2093443
-2.445964
2.410709
-0.07857932
-3.7775679
-2.3225918
-2.9966195
3.8149996
2.9005797
0.6250822
-0.12149784
2.824263
-2.4534578
3.7574065
-1.4499294
-2.0211701
-1.1371404
0.9677039
-1.0461376
3.2838085
4.178732
1.0771502
3.5779228
1.1686225
2.2435143
0.7144769
-1.4010584
-0.8669809
-2.5864074
1.0874038
0.3614228
2.1939316
-2.8901508
2.1707826
3.0384786
-1.6017048
-4.1213818
0.30397508
-0.79870975
1.557165
0.99971026
-2.2859068
-1.0037034
0.44393533
-1.7862574
0.3307123
-1.2629323
0.88420826
-1.0494462
2.6688752
0.66775376
0.64995635
1.2907572
-1.0103105
1.138332
-1.9457985
0.8678097
0.5166978
-1.4733735
1.8854891