Neliar
0
-1.0143508
-1.7063429
-1.0300726
-3.7882318
-2.430872
-0.9260675
1.2219338
3.0617726
0.9529227
-0.060700744
-0.23644173
-0.66988796
-0.57351065
-0.6414175
0.74695367
2.3392768
0.4970002
3.7896907
-2.2135892
-1.6924754
0.47371155
0.8767201
-1.3756952
1.502955
-1.307705
2.1519208
-1.81299
0.30733174
0.9506181
0.86347985
-0.3613412
-0.79440445
2.0186496
0.3875684
3.8337421
-0.6439524
2.5417109
-0.88427615
0.6767489
-0.804515
-2.472864
-1.5482119
-0.007856041
3.9439373
-5.062381
-1.4795485
0.77684456
1.1712456
1.4609057
2.2873769
0.70759
-0.8091014
-3.2290468
0.60643095
0.47376952
0.29099792
2.6947887
0.11647921
0.43251494
0.038511615
0.58116865
-4.5425286
3.2367675
0.21595478
-2.4331186
2.3868618
-4.0550656
0.81577307
-3.70005
-2.2602723
0.38762403
-0.14170967
0.447869
1.1921333
-3.089546
0.13896859
2.3682864
1.2903869
-1.6246701
4.6822104
-2.0256045
-4.2209597
1.4381026
2.6752787
-1.5946698
0.7804051
2.3143265
-2.2944365
2.0211363
-0.92997247
-0.8502552
0.031288818
-1.5464004
0.8438687
-0.45940968
-4.025772
-5.633678
1.4567528
-1.6708187
-0.28820717
1.8954169
0.94835883
-1.5538751
-0.3477925
-1.5565671
0.11098016
-0.8800592
1.8747419
-0.35503682
1.3048254
1.5696121
-0.9958868
-1.4822702
-0.2306341
-4.615812
-0.89581734
-1.4919597
4.0303864
3.1048298
2.7255611
2.209112
-0.47438487
0.5466935
0.6236824
0.4917525
1.1839806
1.438583
3.9300392
0.025502264
-1.963397
-1.5493639
1.1157869
2.5562716
-2.7113838
3.2431479
-2.002746
-1.8446784
-0.15825948
0.66201746
-1.254309
2.0747828
2.358353
1.3273746
-1.3384395
0.71048295
-0.6862935
-3.2209764
1.2387011
-3.1392088
-2.8480504
-3.0984077
0.045274854
-0.29977918
0.14012589
-2.2243874
1.0905802
-0.90438795
0.29462034
5.75144
-0.6000578
1.2878982
-0.74568653
-2.6341658
0.41361642
-1.2142184
2.6157186
-1.617849
-0.0004433915
-0.85386574
-0.7137628
-2.9762158
3.7332983
-1.2317941
-2.9888706
1.0814397
-1.577536
0.1584837
0.9108075
-1.5284797
-0.47658938
-0.26539773
2.122354
1.9509231
-0.2541716
-1.5680404
0.6381216
0.6429358
-5.3226967
1.2862178
-0.5417957
-2.409172
-0.6562079
-0.14481479
4.710713
-2.0411131
0.25714415
-0.4885506
-0.85540324
-0.39654556
1.0023934
0.12105374
1.488028
4.2508354
-2.4083078
0.8889899
2.1365163
-5.4605412
-3.0662298
-2.4105368
2.8406947
-3.9143524
-2.2442136
-0.8067038
-0.14158817
-2.1680384
1.3979788
-0.8371783
-0.4563337
-2.2125132
-0.036828548
-2.2679286
-2.2316856
-1.3718318
2.7335126
2.5749445
-1.7025007
2.833119
0.10244247
2.0562627
-2.1819596
-0.35927314
2.8384738
2.4025831
-2.8045783
2.9998627
3.1922562
0.7730195
-0.53238165
0.6929173
-1.3582085
-1.3049968
0.6057892
-1.7201071
-0.3377424
-1.135868
4.1392827
2.6644948
0.95478034
0.88499963
1.4369439
-0.25787592
-0.20933062
-0.46776462
0.2834431
3.0334241
-0.64867723
-1.8529258
0.7306315
1.0257546
-3.0552945
-1.5225214
3.0771918
1.8739996
0.97444284
2.929112
-1.5036103
-1.8195839
-3.026757
-1.1308831
1.5522543
-0.49484545
-0.69631875
5.3036757
0.87037116
2.454673
4.0989523
0.13141309
-0.30477536
-0.12538448
1.7948248
-5.956909
-2.0179782
0.3627869
3.9074683
-2.3671067
-0.05726506
0.016579174
0.25973022
0.15866622
0.49781716
0.6063303
-0.29052973
0.6055066
0.30312774
1.897477
-0.2656512
-1.6096325
2.8755572
2.256775
1.7580239
2.1648853
1.5461923
-2.480876
2.2931182
0.4532671
1.1793818
0.9187341
-1.3532461
-2.292916
1.3912901
-0.13465372
-0.33312064
2.6787698
1.303463
3.724969
-1.7420343
1.4974611
-0.765819
1.6090598
2.4881985
1.9278144
-0.48087814
-0.38864183
0.7215778
3.930397
0.5716139
3.1761427
1.4163129
-2.020935
-0.76716626
-0.21408324
-0.9913669
1.6415694
-0.86240536
1.5331898
-0.03612999
-1.3143358
-0.030194342
-0.021657981
0.50275904
5.0971937
3.0284276
0.50967866
-1.0812671
-3.1483393
0.81398624
2.230434
3.7783954
1.4872018
-1.6984956
-2.5896883
-1.8161451
-1.3081061
0.31934372
0.17220654
1.286183
-2.3799682
1.5849792
-0.5447773
0.5795264
0.16239154
2.9726806
-0.4188243
2.2558515
1.04078
-2.0984187
2.7561295
-2.9187903
1.5115955
1.4002274
2.694255
2.3718543
1.8804736
0.98714745
2.9984224
-0.3813835
0.024560507
-0.6197865
-1.627322
1.472422
-0.56592685
1.3295697
1.4621414
1.6727594
1.3618014
0.8165082
-1.0513508
-0.08360755
1.9866731
0.82319564
0.4292762
-1.6609203
3.2404246
-0.22410892
0.12531787
1.2142745
-1.7733372
1.9468343
-0.3514682
-2.17793
0.47872967
1.0232934
-2.5626926
0.12950096
0.33014596
-0.4302171
0.79488695
2.2162273
0.31661624
-1.6851469
0.64902097
-1.2416897
1.5620546
3.3648224
0.4933299
0.871857
1.6628032
4.329085
2.1460927
-2.5738547
-0.07834383
-0.27668443
-0.82434577
3.1900396
3.6914227
4.8420334
0.51303005
-0.8809911
3.3673365
-0.8054751
-1.7131128
-2.8328059
0.37418312
0.9760327
-2.6700668
5.0419636
0.33406752
3.502982
-1.0273029
-2.719561
-0.9234811
-1.7450032
-2.417002
-2.225505
-0.5357229
1.9124938
3.665216
-1.9032806
-0.50147426
-0.19903176
1.9247413
1.1914519
-0.3134942
1.0414639
0.6801616
-0.08418409
-0.23123863
1.1033546
-2.5820081
-0.0009766147
1.0171151
-1.096464
1.153669
0.961398
-1.812382
-0.20577931
0.46619648
-0.9377793
0.72104794
2.17423
1.2729169
-2.48428
1.0537049
-1.8922559
-1.1836052
-0.07223779
-1.5255345
-0.60510427
-0.7501219
0.6610721
-1.511567
1.7826232
5.0638447
-1.4818314
0.47831047
0.38496333
2.349816
-0.2920319
1.382065
-0.7286354
-0.81448215
6.0089273
0.26602146
0.48453894
-0.45887908
3.8152409
-0.3924269
1.1969074
-2.0719151
-2.0934505
1.4284686
1.800831
-0.4510476
-0.0602192
-0.23935539
2.0216231
-1.984193
-1.6939248
1.3956982
-1.5748047
1.2076048
1.5723643
0.063706055
-1.3002487
-1.3206645
-1.0555116
-2.410536
1.3878605
0.24560602
0.42367882
-1.4076083
2.5777574
0.26784495
-1.9953306
-1.2591622
2.8734727
-1.2726496
0.9681438
1.4967784
-0.7277526
-2.0738986
1.0676491
-0.24883662
-1.9048193
2.4147184
-1.6722734
-0.7006755
1.2411325
-0.59390706
-0.24171996
-0.28630137
-2.7721808
-0.16827157
0.41190192
3.7483447
-0.6710804
2.458386
0.94797313
0.03703228
2.7450883
-0.9144507
-2.0755217
1.9437425
-1.2499233
1.8222305
-0.45211148
-1.672029
-0.57972085
1.2235422
-2.2393274
-0.24528018
-2.39991
1.8026552
0.07635024
-1.9147053
1.9910542
-2.4766576
2.2321472
-0.35829574
0.98066914
-2.8390095
-1.6220113
0.21157208
2.68109
4.2402396
0.31266907
-0.66741145
-1.5646548
1.982747
1.0178375
-2.4256027
2.9187207
-1.866557
-0.5084649
-0.41633406
0.49628803
0.11797612
0.06955476
0.9982123
5.5639095
-2.0642316
1.564656
1.3906187
-2.624323
0.59235513
-0.511733
-0.12242776
2.1754758
-1.6569583
1.8092464
-1.9007162
2.124531
-3.1693172
2.6191707
0.19082321
2.388347
2.189609
3.0725443
-0.32595316
1.3690634
-2.3549035
1.071877
-0.7690515
-0.88559294
-0.09252107
0.9520616
0.2762233
-2.5708632
1.1510713
-1.9636347
-1.5645828
-2.1558878
2.6940444
-1.0380061
1.7902986
0.54333144
1.1357594
0.63960594
-1.1807597
0.7407929
1.5277244
2.6046567
2.8494306
0.9972638
0.42084208
1.317556
1.4448763
-1.7507393
-1.8539932
-1.9989625
-2.0450482
1.6947057
0.5902169
-0.75546783
2.6528552
0.2730713
1.0318997
1.2393353
1.3923934
1.330105
1.3879632
1.705068
-1.1159747
1.2531415
-3.1820457
2.8622448
1.7711289
0.31492752
0.5403969
0.9527512
-1.3413775
0.6451186
0.50183177
-3.7708302
-2.2895567
2.8697064
-0.7427633
0.16371883
-0.7050981
1.2334834
-1.2290975
2.6322923
2.4190316
0.1016748
0.08598248
0.0416938
-0.62779045
-3.3503158
-0.22521235
-0.7839175
5.2546225
-0.40769565
4.57184
-1.821764
1.5414366
0.784724
-2.3898869
3.9798498
1.0716907
-1.0937674
1.3009918
-1.2921882
1.5124832
4.52245
-1.2130027
-4.080521
-1.1544936
-1.1516708
1.2880052
0.6819618
-1.7903537
1.4971977
-0.49814808
-1.7597098
-3.0646648
3.6469834
-2.1672375
2.1582928
-0.539212
-0.417774
2.0098355
0.004347697
-0.7029528
1.6799527
1.8587211
1.5901935
-0.1591537
0.13134956
1.2290341
-1.6211854
-0.5323195
0.43428785
1.0892036
2.1239836
2.0940187
-0.7597878
-1.2376976
-0.61329913
-0.22139823
-1.0553105
0.21270214
-0.4626641
-2.7884636
-2.760446
1.8203983
1.0016158
-3.1563869
-1.9103549
-0.43717644
-2.0467954
-0.86603165
1.3886404
1.1274847
0.22380556
0.5719122
1.6951638
0.98563874
2.8100317
0.7712565
-3.486147
2.5188935
2.6335404
1.9107429
-2.12709
1.543595
-0.06583701
-0.014286973
0.26420265
-0.060099456
2.9308398
-1.4223218
0.055742726
4.2633014
2.8971314
-4.3935447
3.234812
3.132784
0.7275046
-1.9941436
-1.281884
-0.96160805
-1.8783978
-2.0629861
-3.911451
0.7130326
1.015531
0.21539572
-1.4201354
3.0002081
1.2367103
0.99204236
-0.14866167
-1.1779624
-1.2146357
-2.9245758
3.7965438
-2.4905634
1.0099728
-1.7228042
0.40903845
-1.0712316
0.7779123
-0.78202885
1.5964619
1.5072162
0.723611
-1.0858042
0.15587322
0.6253324
-0.46914288
-1.4085951
-1.6951606
0.22165091
-1.8341372
-1.4737128
3.1281865
-0.95338917
0.30958292
1.7513713
1.4559144
-2.6503136
1.2293705
-0.55193245
-0.1982533
-1.238081
-0.06503407
2.520138
-2.9745982
-3.008696
-3.5649643
-0.012634985
2.435189
0.3968145
1.9684608
0.8220584
-0.96229976
1.8492645
-1.8336724
-0.029565468
-0.091250435
1.7935996
-0.080534436
2.3599825
-0.81102985
0.0692381
-2.8740757
-1.0109354
-0.21887645
-0.1723551
-2.8183312
0.738223
-2.6072109
1.4039186
-2.168518
-0.84895486
0.036647
-1.9273988
3.0878634
0.1771799
0.29752168
-0.0130638555
2.6890602
-2.1218092
-0.6456495
2.1519794
1.7152088
-1.1338421
-0.66568273
-0.9055773
3.2212143
-3.4237387
-2.6824808
2.4641666
-1.2544826
-0.033529997
-0.40304556
-0.7980866
3.4146478
2.195624
0.08798106
-2.1466787
0.5797903
1.9919527
-1.1141887
-2.974159
2.0096023
-1.4357682
2.4687061
1.5024192
-2.9431581
-0.80747914
2.4844773
1.2302258
0.7639282
-3.5615315
-0.5059753
0.46451664
0.0803756
0.27154842
-0.99756044
1.425839
1.887091
-4.2970896
0.10929489
2.6785042
3.9317718
1.2887363
-1.7080969
-0.44857597
2.218794
1.847187
-0.92533976
-3.4769144
-2.7430122
-2.4294367
-1.1499796
-1.9623903
1.6185291
-0.12310264
0.7726072
2.7499464
0.84696853
1.1502976
-0.48579037
-4.382402
0.39994463
-1.6594777
-1.2072237
-0.31322837
1.4882205
1.0891039
-2.2007775
-2.6835847
-1.1929408
2.367014
2.4437594
-2.5259526
-0.40085387
0.9070192
-2.7854145
0.7901866
3.169213
0.63939023
0.038850006
3.305456
-0.23913161
-3.4861524
0.12010783
-1.0717939
1.9230101
-3.571333
-0.10401105
2.1410334
-0.69214165
0.10803783
2.3156126
3.3381624
1.9650254
1.2712682
2.1656983
-1.9096828
-0.54519165
-0.34307957
-0.2728889
-2.9760818
-3.9889112
0.5617411
5.4251385
0.9427582
-1.5322312
0.89138806
0.73639363
0.004103042
-0.13995376
-0.45065913
-0.17351082
0.38542658
-1.3337643
0.47281444
0.53535986
-0.15327474
2.132508
-1.1453234
5.920015
-1.2607195
0.31645378
1.1349497
-2.2555745
0.1475228
-2.2399893
-0.15309158
1.4777458
0.17775063
-0.47439528
1.7262284
-2.370397
-0.54905677
-1.2071681
1.2688967
1.3960491
-1.6464543
2.64268
-2.0799203
-0.19402403
1.4992071
2.9654472
-0.75147295
-1.998056
-0.62766045
-1.7301823
-0.08399737
-2.0444872
-0.27028322
3.2226694
0.56568456
3.4483023
-0.96180725
0.16408552
1.1533736
-2.139581
1.776069
-0.35418856
-1.4971023
1.9875039
-2.9535792
-1.6269234
-0.44634223
1.5899843
1.0069155
-0.64692545
1.0253087
1.1101958
-4.6065784
0.10653111
-2.2299778
1.1534895
0.9271115
1.5303262
-0.8266804
-1.2456465
-1.2158695
1.1763735
-0.090659335
0.68254465
1.7938861
-2.3336055
-1.0362881
0.9528581
-1.5261725
-1.6669892
-1.6087791
2.1955
-0.42375365
-0.2600832
-0.9419953
-0.1124609
1.4499587
2.3770483
-2.061933
3.4102654
0.7120405
-0.26604342
-2.1970959
-2.4646022
-4.288027
1.6168429
-0.9513449
0.53426373
-0.1856642
1.0101485
0.009253364
-2.2609532
1.9981769
-0.27411053
-0.30776238
2.07645
-4.452324
-0.13881585
1.4617553
-1.262038
3.715197
-0.25443733
-0.75323105
-1.5105696
-0.054271616
-0.86607146
3.8097394
2.369283
1.2060485
0.18632162
0.885228
-0.4446969
-0.14608154
2.618673
0.23178259
-5.6569214
-1.3939418
-0.99179435
-1.2481666
1.6305903
-2.1008272
1.0045031
-1.8054291
1.2914499
-1.0936959
1.060033
-1.1964536
-0.3225722
-0.6309309
-1.6460743
-3.8505635
-1.697599
-1.1713325
2.3347845
0.61391
-2.8286304
-1.3331927
-3.442416
0.29749817
-4.6654596
-0.37958986
-0.3563837
-1.9388323
-1.1267632
0.7105451
-2.067867
-3.8664618
1.1056893
3.7266412
-3.7099602
0.98497933
0.8038679
-1.5738133
1.5330131
2.908453
-1.9855732
3.6388793
0.72144747
-1.6259854
2.4161894
1.5175487
-1.9572341
2.2403045
3.126096
-2.6338396
-0.1892026
1.8873433
0.9274627
-1.0410944
3.1711051
1.7051375
3.2789202
2.3962426
0.14713484
-0.69781226
-0.6062525
-1.2461215
1.1299838
-1.4056442
1.181286
0.40692014
1.6396174
1.051083
1.3536289
-4.137839
-1.2339824
-0.68957245
-0.38344097
2.5102305
1.2255827
-1.975756
-1.5860175
-2.6437066
-0.35858604
0.6623786
0.92721677
-1.6610019
-1.0231705
-2.3009076
-0.9301108
-0.44556776
0.9442673
0.60947436
-1.6122929
-1.8739015
4.474886
-2.161344
-0.9663482
3.3743584
3.045423
-1.864305
-0.0050713196
-0.17491716
1.0770428
0.12518904
0.13221282
-1.3773633
1.95322
-2.648978
-1.8938887
0.7395982
-2.18494
-0.838285
-0.5385075
-2.0525358
-1.6452259
-0.028718807
-1.268409
-0.5773894
-0.57725096
2.1833434
0.20501646
2.3049917
0.64447916
2.8005025
1.08976
0.031620167
2.4820044
1.9933716
-2.3590136
2.5372164
0.13175792
-0.046113327
1.820849
0.56282294
-1.628795
0.9342428
-0.37241948
-1.0455152
0.9746382
1.1219
-2.1944544
-0.15628844
-3.6485288
1.8871257
-1.1566737
1.9811597
1.862376
0.54717857
0.58832264
2.2466059
0.37609395
-0.52595437
-2.170526
1.2639356
-2.0318522
-0.50775015
0.84427696
3.266008
0.30669633
-1.1782016
1.6513481
-2.472765
1.3464596
-2.042981
-5.088151
1.6428499
1.8592433
-3.6759715
-0.2484881
-1.4073161
3.3199542
-0.423015
-1.7929151
-3.8694901
-1.4749817
-0.860356
-0.051548745
0.09277908
-0.4796648
-1.2672914
-0.8802213
1.8840207
0.71255785
0.5311657
-0.61269015
-2.740438
1.4261508
0.5730815
0.026093893
1.2641051
-0.81695426
-4.717455
2.313395
2.3287866
-4.6013126
2.3362474
-1.9606746
-2.6916833
1.7006483
-0.71717936
0.7763258
1.1693178
0.75604063
-4.9713264
-2.0340774
2.1065273
2.7313762
1.5161054
1.1795322
-2.239217
-1.5214857
-2.3456402
1.6067448
0.83207625
0.18963864
2.36957
0.9763191
-3.9111543
1.305562
0.01842472
2.216097
2.8634343
-1.3430619
1.9070531
0.2817084
-1.1955898
3.1848795
2.2486143
-1.985172
0.5843597
-6.374228
0.21697845
1.0984511
-1.5993601
-4.020855
-0.8291678
0.8587161
-0.45197633
0.1101044
2.9000897
-0.037700757
-1.0903411
-0.35260203
-3.2068608
0.6434948
-0.40403497
2.711848
-1.9282387
-2.994831
1.2452104
-1.2647407
-2.383714
0.35500196
4.5879984
0.51632184
-3.9563427
-1.3895513
-0.3234452
-1.0963864
-2.1375408
0.295652
5.1579766
3.1352246
0.80447656
0.33571774
-1.9000252
5.0894756
1.0362045
-1.2879314
-1.719584
2.7803228
-4.655685
1.0070018
-1.6603246
-0.21297613
-0.53791964
-1.6967411
-0.6548457
-0.43736434
-0.1421619
0.94162184
-3.3492575
-0.33134192
2.5267005
-0.22662807
-1.8771646
0.58787364
-0.7260326
3.046018
1.0765588
-0.049555127
3.8729591
-0.85072225
1.1571178
-2.177596
0.07929415
1.1445101
0.95640266
-0.73129714
-1.2738425
-1.7376792
-0.48932475
2.7985759
-1.1548119
0.045322005
-0.9136732
-0.72874796
0.49577263
0.32131162
-4.061309
-4.033774
-1.4175491
2.3395517
-1.0894101
0.93573064
0.5186639
-0.35398337
-0.01653206
-1.3174198
-0.8981014
0.62816125
-0.37807983
-1.1719759
-0.8936258
2.413792
-1.176753
1.9063367
1.7548697
-0.01104141
0.5933487
-1.5896183
-1.6734421
0.29919553
-0.037076667
-0.54632103
-0.1372222
0.85340446
-0.03803
-4.3113747
-3.7244983
1.925843
0.14597513
0.7994533
1.9838898
1.2493652
0.35563967
-3.1286929
-0.2366204
4.215766
-0.104135685
0.03177502
3.0495071
-1.4901333
-0.92736316
-2.764826
-2.253304
-0.50278205
-0.0032683723
1.3370873
-2.3036282
-0.8515604
5.087202
0.41048348
0.084629364
0.45611563
-2.1060832
1.6623198
-1.7121018
0.17190182
-0.2018183
-1.0854096
0.11860423
0.41969928
-2.8962808
-0.70391667
0.61353177
0.57942224
3.0082443
-0.35336635
2.5059617
-1.2953589
0.09885523
-0.05857439
-4.4656434
-0.42082593
1.9911081
-0.42377657
-0.45239937
1.0488489
-0.3832764
0.6904819
1.6124965
0.11594874
-0.28787407
-1.2374377
-0.27588403
0.46691343
-1.1214806
-0.49913013
-0.16430816
-0.11447159
3.4086328
1.0533795
-4.3821397
-2.5110548
-1.0444928
-1.5379306
2.410413
0.9175109
-2.6359544
-3.2374039
0.038585313
-0.32129228
-0.938244
2.2897105
1.998543
1.8013105
2.5097086
-2.9275656
4.9918804
-0.42671975
-1.9168208
2.981793
0.38779452
3.443079
0.32231808
-2.340648
1.327624
4.447522
0.20320293
1.3484138
0.6011409
-3.1016989
3.293601
-2.160888
-1.0650511
3.297923
0.20351353
-3.2481606
-2.29128
1.8824239
-0.3132723
1.5517118
1.3232163
0.029592276
-0.70966464
-1.3044447
-1.3218037
3.918201
1.1579727
-1.8601892
1.5786207
-0.97998095
2.009323
1.5022489
-2.1863565
0.033552386
1.3812455
-1.2747736
-3.2341762
-1.9058892
-2.888777
0.5639079
0.9262463
0.9266281
-0.36624673
2.0857825
0.5187579
-1.2686923
-3.5320244
0.5065182
-2.9845388
2.4444523
0.8009535
-0.84444344
-1.2356728
1.7872759
1.7936808
0.2996874
-0.07232957
-0.8657446
2.899303
-3.5214963
2.4125247
3.456152
1.2481002
-1.205319
-2.551126
3.9014487
0.7085257
2.4383984
-1.5449607
-1.4384046
-0.17182088
1.3804748
-0.008269794
-0.9586016
-1.8593827
-0.69204915
0.74192774
-0.8502647
1.6834911
0.7985352
2.1888828
-0.619694
-1.1386436
1.2454439
-0.30882734
1.9208987
-3.7221663
0.5669218
0.5962108
-0.80598843
0.68828326
0.26236516
0.44777068
3.8651812
1.148147
0.96144474
1.8900653
0.5125993
2.3028274
-0.61486256
2.6606271
1.5767922
-1.7810609
2.7599907
-5.262869
0.8735341
2.480468
-0.7263267
2.5256603
-0.1646389
-0.5396694
4.3406205
1.8138413
0.74586076
-2.0500925
-0.55121183
-2.2346313
0.24259318
-2.092994
-0.7746078
1.7514207
1.5820937
-0.6088557
-4.808436
0.24590513
1.2278693
-1.0652858
-0.8097766
2.0510995
-1.1447822
4.6887074
0.12908056
2.8758316
-0.19467214
-2.6840026
-0.0039587766
2.188865
1.3191482
1.152265
-0.14685473
1.5542479
0.54518485
0.57136345
-1.2122749
0.7304439
-0.53137374
-3.344201
-0.551473
-1.3745022
1.0238768
-0.17126612
-0.25182107
0.35194618
-0.1820127
-0.27302405
1.0000042
-1.1944164
1.0571674
-1.9519184
-0.7279813
3.2184906
-0.08193006
0.035828255
-1.1900637
-0.8316652
0.3816472
0.23556069
2.424062
-1.3683125
2.4839323
1.6764221
-1.6135643
0.32040897
0.7408201
0.1553102
-0.609878
0.606316
0.07238847
-2.5667644
1.9531633
1.7010211
1.4263093
0.114217326
1.1025378
2.3915806
-4.1120467
2.1016934
0.92917335
1.0997963
0.90881264
2.315188
3.302469
2.1006315
-1.815984
-0.7539899
0.6639834
0.2549677
-0.14456171
0.20603505
1.1648979
-1.5290639
-1.1425581
0.20958251
-0.69455284
3.6842408
-0.12829953
-0.99138844
2.549249
-2.1588626
-1.7394004
-1.9675035
0.45420003
-0.2690174
-3.2570958
0.5401229
-2.7660203
-1.6046654
-3.1679344
1.380299
-0.2904919
-1.1901242
-0.1812227
1.9324188
-1.8773087
2.855218
-1.3226106
4.369048
-1.2451516
-0.72023314
2.2561386
0.4693758
1.4719281
1.5168599
-1.8837605
-0.64568233
0.691181
0.37059513
-0.18906456
0.22190359
-2.8331676
1.9179894
0.45923448
-3.4231749
-0.19137257
1.8309207
-0.5730214
-2.1344142
3.8791304
1.0133618
3.235924
4.499776
0.7187823
0.15426543
-0.9059205
-2.0576963
0.39438713
0.7356682
2.9600732
-0.06044185
-2.1922355
0.616854
-1.8955433
-1.2668484
1.6547629
-0.7981234
2.9327729
1.1595023
-0.0728614
-3.2494476
-0.4636834
-2.4648802
1.6948106
-0.28476995
-2.0549295
1.6938608
2.4286935
-5.2637796
2.0316243
0.03165414
-0.9594805
1.2473439
0.7807787
1.2981598
1.775739
0.22115898
0.27766213
2.0172105
0.71403486
2.7842586
-0.96031475
-4.8348093
-1.6301681
-0.9624368
-2.126333
0.67532307
2.8344958
1.4000952
1.0326234
1.591335
0.35405627
1.4005347
2.9239051
1.6326562
-1.362455
-1.0633572
-2.0170352
-1.4414661
0.84795344
2.1530797
0.85873085
-5.4182734
3.1187508
-0.56897265
-3.609894
2.5599205
-0.26155657
0.8100471
1.3363887
0.81671077
-0.19160482
-0.35608208
0.015596334
1.703132
-0.29103568
3.9880064
-0.33327594
1.4799387
-3.0686781
-1.7763041
-1.2222267
-1.403196
-0.4158864
-4.156195
-0.5148257
-1.0142833
3.433105
-0.62941724
-2.7127197
-0.43466425
-3.0976794
1.0320491
0.34858966
0.84141105
-1.5571222
3.241242
0.44961652
-1.2580408
-2.4198792
-2.6041267
1.7503712
-1.1434481
-2.3516598
-0.7802941
-0.10214529
1.9440438
0.0035865232
-0.05115983
-0.78617966
0.9830466
-1.2835765
2.913201
-3.7516758
2.8494349
-0.1529539
0.49597862
-0.038428806
-1.3681135
-2.1678226
1.7587448
2.2874403
0.31281802
-1.6835049
1.5421067
-2.848313
3.4254808
-1.7617086
1.3048819
2.3555987
0.08501676
3.074239
1.0670931
3.009741
-0.43244898
0.90718424
-3.1554477
-0.42591596
-3.401988
0.88823867
-0.3452584
1.1000746
0.3454264
-0.56994855
1.5352622
3.1758435
-0.7360783
-3.4360855
-2.4080486
-0.5950017
-2.2739792
0.48450938
0.09731252
1.3162957
3.0524812
-0.5316642
-1.428287
-0.44832918
1.3446648
1.42849
1.6814376
0.6694311
-3.185198
1.7536155
-3.2328548
1.1355555
0.27468503
-0.1386503
1.8041157
0.067518726
-0.20499068
-1.3444445
2.225944
5.552253
3.2799404
-0.6369642
1.6667901
-0.83246857
-1.6592389
1.3717024
0.22645742
-0.02928283
1.1908332
-2.5524921
0.80013454
0.08305804
-0.8107759
-1.5156915
-1.235869
3.1153367
3.293502
1.3368839
0.07931517
3.135532
-3.138852
-1.8997203
1.1796962
1.3132253
2.676936
2.0658276
0.1202642
1.1061078
0.7894589
0.04683779
2.5401182
-1.2982396
0.47071654
3.8996322
3.985792
-1.8865418
0.82015795
-0.70110226
1.3300937
-3.1692088
-0.68866473
-1.872976
0.356727
1.7483042
-1.1036894
-2.6462162
3.3324537
-1.9234095
-0.86640155
-0.63261855
2.1167648
2.8744292
-4.101147
-0.7257297
-2.4362164
1.4067332
2.389442
1.7592411
-1.0475527
-0.12093853
-0.64498997
0.015927754
0.21603917
-1.7052084
-2.765272
1.1111947
-2.1481934
-0.43661636
0.16534859
3.212787
1.9276412
-2.297394
1.4126995
-1.8605013
1.1073489
3.347366
-0.26451942
0.13505527
-0.5080962
-4.0490313
0.06754977
-1.9506189
1.0745785
-1.0710797
-0.55324244
-1.3866124
-1.2505846
-4.8184347
1.192757
0.9342399
1.4140706
3.8146617
1.7048947
0.8169305
1.1890935
0.5760303
3.783073
-3.1555312
0.3289366
0.9865383
-0.44640982
-0.46182206
-1.4105482
-2.387809
-0.8954009
0.677224
-1.1027303
0.14937562
-0.6203905
1.0158843
-2.6991982
-1.4812465
1.7091764
-0.98613083
-0.20383257
0.40839532
3.735032
-0.833613
-3.6160948
0.4882911
-1.8289717
1.3804606
-0.7354575
2.8004224
-1.8736584
0.95677316
-0.005769819
-1.4160502
1.5817109
-2.5263982
-2.0421221
3.8871837
-0.4900328
3.5832162
-0.025965735
-1.173532
0.3736486
-4.9118786
-1.4506706
-3.2811675
1.855503
2.0248985
-0.2511726
-2.563786
4.3473325
-0.89489394
0.14737186
0.8722319
0.58384204
-2.062732
0.3351614
-2.5612454
-2.6125495
1.0707448
-2.1600313
3.404294
0.7353899
-2.7364147
-2.3176298
1.1298491
2.2148528
-1.3711145
0.1596121
1.663474
0.5684858
2.7995203
-1.1945125
-0.17125586
0.33393845
0.2091096
0.4083012
-1.2461767
0.9352969
-0.6001066
-1.6233325
3.253714
2.9198775
-1.1396796
-1.6840005
-0.4414124
2.4694958
1.921603
1.4943913
0.97577584
-1.0055337
1.4287684
2.1107304
3.7799416
-2.9345114
0.98631155
-1.4521128
3.047944
3.5047746
1.1660199
1.4391613
-2.6040123
1.8294566
-0.78503495
-0.53996336
-0.03945917
0.67624176
0.5705519
1.2274851
-1.6256819
1.2949258
-8.42587
-0.8980678
3.2343717
0.34278548
-5.5383615
-0.5294941
-1.7077881
2.3530858
-1.4211566
0.37889054
1.8557796
-3.1952174
0.80608547
1.2846061
-3.6461103
-4.1291223
-0.86351293
0.077319026
0.83713347
-3.1846583
-0.028944992
-1.4244552
-0.9746247
2.469494
1.4561405
0.4272576
-2.858758
-0.0315139
-0.954218
0.80289036
0.54605633
1.7798686
0.937573
0.90357274
-2.5343668
-0.37532455
-1.1813428
0.19480316
2.0437908
-1.8884386
1.9190395
-0.4791646
1.1535398
-0.30804586
3.3578005
0.286582
1.480038
0.41727635
-5.6253767
-1.4129984
1.0849278
2.3836787
0.060601227
-2.4969957
0.95309585
-2.4045467
0.21380958
0.05563999
1.8520699
1.7376419
0.8145261
-0.8464525
3.6245008
0.09490156
-1.3636037
-2.5883627
-0.7240284
0.12729141
4.406588
-1.1366254
-2.334568
0.7357165
-1.0284938
-2.8247945
-0.8080486
-1.2002643
0.60483235
2.3751116
-0.39185077
-2.2062988
-1.6790382
-2.4254975
0.16590476
0.29090765
2.5389051
1.4424243
0.68341255
-1.0071226
2.051722
1.2586482
-0.6118985
3.7168326
1.6905965
-0.3465858
2.7755868
1.5409538
1.3081772
-0.6617538
-0.70660937
0.562249
3.217979
-3.3314097
2.0650578
-4.580446
3.5943518
-0.27368098
1.5974226
-1.5562011
0.7126684
-0.9895498
0.34550154
0.88410115
2.860499
-0.906265
1.0648777
1.4150865
-0.6019431
1.6043195
0.139652
2.9049232
2.2365527
-1.59388
-2.7229002
1.6551603
1.0065825
-0.5428314
0.76610035
2.1027873
0.77604866
-1.504143
-1.8190416
-1.8097539
2.7782853
1.8648099
-0.4695539
-1.174678
-1.9816968
1.6898553
-1.7222842
-0.76279885
-0.90949863
0.84136295
1.6087114
2.402453
-0.44212037
2.0105922
-2.4328012
3.76526
-1.2117935
0.4110174
-0.01773027
0.9947343
1.7281587
-2.4781659
-0.45078576
-2.59638
-3.3845117
-0.7472343
-0.4807139
-1.5634854
-0.79472095
-0.54677504
1.4057181
0.06754174
1.1996633
-0.36447093
-4.2611985
0.9033186
0.47902983
2.888151
0.2994874
2.8877559
-1.4354945
-0.6421141
2.5959823
-1.6441933
-1.790614
-0.67574257
2.1348047
2.0017467
1.583571
-3.4546683
-2.7018962
1.5144917
3.509041
-1.6867509
2.1142354
2.5500932
-1.226664
-2.4886093
2.8102148
-1.9498308
0.01070961
2.3136477
-0.3085613
0.04564088
2.7065303
0.4872273
0.5343764
-1.8970242
-2.264821
-2.8841622
3.143396
-3.1237607
-0.8341859
-0.50672585
-1.1529508
-0.40785396
-0.96679646
2.2397907
0.4632303
0.9014561
4.3905563
-2.049756
2.8984911
0.50969195
-0.7704165
-1.5900862
-2.3474536
1.1700604
2.1876001
0.9324182
-3.0109103
1.2267632
-2.3130589
1.7183565
-0.37930664
1.3624307
1.0622452
-3.1200979
-0.074471794
-1.7776397
-0.52476525
3.2135465
0.45310235
0.23546824
2.0348575
1.6211536
-4.837979
-3.571152
1.8105596
-0.80852705
-1.5377355
2.3899212
2.1469707
1.8942816
-2.1125162
0.17357081
-0.7271823
-1.4963014
-0.3278023
-0.19041629
1.5555824
1.9860201
0.60003644
-1.7614721
0.5245223
-0.5784562
2.6633837
1.6428438
-1.7606415
-0.8315505
-1.93813
-2.502251
-0.410959
0.5060661
-1.8659534
3.794636
-0.38272125
0.5616034
-3.5406196
0.3681118
-0.73964953
0.97437257
-0.557437
5.4027896
-0.32097778
-1.500743
-0.64422876
-2.2867575
2.8503053
-1.7005842
-4.6718564
-1.3862408
2.3033962
-1.9929521
-0.5613218
-0.69222575
-3.281112
0.2910394
-0.9608443
0.5948025
-1.6033373
-2.362143
1.1721594
-2.3469346
-0.120572336
2.72008
1.3454217
0.96516883
-0.9983852
-1.4983082
1.8501868
-3.232505
0.30366814
0.72607905
3.544259
-1.1595094
-1.9069713
2.0001392
-0.17990278
-1.7579983
-0.60481507
-3.921749
-1.4040084
-1.4450415
3.912224
1.8306715
-4.0880423
-0.68626773
-0.061235636
-0.72117335
0.13643447
-1.7027925
2.2819467
-0.6786424
-0.95181537
1.1475189
-0.57232934
-1.2176265
-0.66547555
1.0729276
-1.3527776
3.951968
0.05707904
-3.178094
-1.4848915
-0.19280523
0.20355162
-2.2707796
2.7089293
-2.9006512
-2.4262354
-2.3965275
-1.8049425
1.909052
1.1299047
0.9415885
-0.78787595
-0.44813496
-3.157136
2.8841622
0.16519159
-0.25983477
-0.95238334
0.156376
0.07161781
-1.7311196
0.21415338
1.2850189
-3.409318
-3.2130432
0.04020191
0.40653676
-2.1676815
1.20032
-0.7381573
0.95436764
-0.73700744
-0.78097713
-0.21021715
0.3476928
-1.9548893
-1.8062342
2.590453
-1.1037786
-3.4319456
0.1570142
1.2719069
-0.3499879
-0.4635927
-1.5808725
-4.3819094
-3.2562945
-1.1161313
-1.5948633
-0.07893268
-0.9177364
-3.9033647
3.9360778
1.4228998
0.7346235
-1.1603472
-0.635568
-1.9817582
2.8497703
-0.3013975
-1.7852926
0.93320733
0.06011898
2.750583
-1.3771967
-2.2907329
1.4342946
3.175248
0.43736959
1.6544126
-0.089251325
-0.12701583
0.35300207
-0.55866176
2.7002237
0.8642017
-0.48028064
-1.9265342
-1.9949372
1.5776705
4.1973767
0.59684324
1.8010865
2.0933063
1.2634717
0.5868685
0.20650995
1.3923221
-4.300994
0.105373584
-0.9563673
2.5394957
9.10657
0.7422843
1.9392699
0.006949097
-0.42238045
-2.976167
-1.9701725
2.460502
1.5140365
0.48268577
-1.2980267
0.27704298
-2.409659
-0.18588194
-3.5959954
2.5799642
-3.2968333
0.9629662
0.54952955
1.661243
0.08446728
3.1607585
2.7670004
1.1392223
-0.17801477
-0.77460206
-1.934698
0.27427393
0.14812255
-2.332441
3.0357163
-3.160333
-1.7570822
2.5094266
1.5586162
3.9152813
-0.58633524
-0.37180907
2.123685
-0.19461608
1.3768475
-1.2853601
-0.122477114
2.4225287
-1.0726497
-0.50398856
1.8507228
3.459088
-0.4930738
-4.287953
1.5317786
3.765057
1.6607376
-0.20798144
-3.3074658
0.3002524
0.23127979
1.1361277
1.0749019
-0.35414806
-0.492898
0.81263065
3.7129931
-0.8801422
-3.1989448
0.39355305
0.58928955
-2.4626343
2.129371
1.0982033
1.91879
1.7907609
1.8750346
-4.4248643
-0.57665
2.0085137
-3.2814405
-0.60494936
0.37556165
0.26546893
0.19317956
-2.1721134
2.3376698
-2.6570575
4.424029
1.3769758
3.6198173
-2.4960628
-0.1052357
0.5934922
-2.6860085
-2.3345435
-2.8406746
-3.981819
-2.3289406
0.47101134
-2.6993444
2.820164
-0.6993859
2.4800365
0.5879391
0.4444131
-0.8733485
-0.21220368
-1.4277726
0.00045574084
-0.30392873
-2.3180776
-2.9894109
-0.9817585
-3.1517215
0.77405137
-0.93847966
1.4682791
-0.63268894
-1.3247474
0.47247794
-0.15368211
-0.06804605
-1.4662488
-1.6150782
0.8602837
0.12297301
1.0799574
1.4825891
0.72531843
0.91078514
-0.9531
-0.15149131
1.7281773
0.071734324
-1.1676544
0.38190472
0.46645635
-2.4331293
1.8636976
-1.3757098
1.3733337
-2.4017081
1.0002476
-0.7898084
-1.1956137
-0.41393346
-1.5753148
-2.4540024
3.0623467
1.8589362
-0.23631874
-0.18756081
-6.127522
0.7789826
-0.7719646
-3.4441411
2.493122
2.2157903
-0.51186687
0.42052323
-0.35754183
-2.7010636
5.2741466
-2.671556
-0.52289385
-0.7649517
-1.6632006
-2.0844967
-1.2547477
1.6904105
2.1718833
-2.123178
-0.43091604
1.4616897
0.9511803
-1.0579541
1.7157263
1.3964429
0.7042904
-3.7937992
-0.111179665
-2.2043762
-1.753894
-0.8606706
-2.2890828
-1.4611685
-1.994121
-0.7276816
-1.6559616
1.9250866
0.48081073
0.5468316
1.6032014
-1.292948
-2.0392723
-2.094581
-1.8604157
-0.9641327
-3.737209
-3.4386156
0.45596072
-0.73805285
-2.5184708
-0.27899516
-4.0801215
1.1056275
-1.3963529
1.1851382
2.1040988
-0.50039816
-1.5344809
-3.4344544
-1.0897087
-0.3876416
0.53123504
0.115726545
1.5923126
1.984534
2.1433802
0.5119583
1.5621347
-0.3436333
-2.702603
-3.930548
-0.41621226
0.355714
0.23806973
2.0712237
0.7653078
1.0373324
-0.484478
-1.066352
3.665219
1.0145036
4.229477
-1.6941892
-1.4661492
0.4385463
1.2325021
-0.92680615
-0.86780685
-2.5956838
-0.31405738
-4.3418636
3.1522837
-2.143863
1.9097656
-0.21373731
1.487493
0.56579655
1.4290433
1.5117766
0.46973434
-1.7104524
-0.8315502
-1.0578895
-2.0945582
0.9524695
-0.877918
0.009933367
2.0010934
0.42720285
2.567986
4.24863
-0.2531181
0.5616669
-4.4091406
1.5310506
-2.356691
1.7145866
-0.22819462
0.7602001
-0.43553883
-1.7387706
0.91720754
-0.42376894
-2.1811068
0.13929082
0.6135336
1.7375537
-2.848875
0.8807548
1.3203846
-0.9485506
-3.5127304
-1.4003683
1.7647431
0.93683326
0.41848278
2.433479
0.86990833
-3.1441708
3.1893435
1.6805352
-1.3565596
-0.23284927
-1.1076572
-1.1990478
0.4407421
1.5958818
-5.4013186
-1.3031617
2.4303226
-2.607071
-2.4422185
-1.1790124
1.1514847
-3.1783845
3.2314093
-0.8447599
2.1021862
-0.2723529
-2.4012768
-0.5876854
-0.51833165
-0.78956383
-0.8295822
1.7103075
-0.76987445
1.6761357
-1.9646786
-1.0175261
0.74950314
4.6328726
1.5326376
-0.29989713
-0.98709106
2.7728028
1.886317
1.2642845
1.6120746
-1.1769382
-0.60451394
-0.35991767
3.7242599
3.1297917
-2.2129593
2.7710574
1.114736
0.6472172
-1.9984015
-3.5278986
-0.35407
-0.8869452
-2.3878903
-0.5559879
1.6412282
0.17935972
-0.93044806
-0.67089015
0.4380968
-1.4805685
0.5675755
-2.0602255
0.9504946
-1.9151641
0.94897175
2.2177396
1.3038739
0.081283666
-1.114987
-1.1036775
1.7238272
1.1280627
1.3936678
0.73183495
1.5228466
1.3767796
1.6885062
0.35237414
3.307104
-4.294163
0.7393291
-1.5684228
-1.954939
-2.1416721
-0.56323224
-5.7096467
-2.6124804
4.331206
1.8852792
0.76918423
0.50253403
2.0575826
-2.3659925
0.20846559
0.17649867
-4.877984
3.3953943
-0.25176167
-0.6800438
0.63612366
1.904333
-0.37169078
2.4927824
2.3724973
1.365812
1.5207868
-0.025385387
-1.1310459
3.8681085
-1.4019923
3.506953
0.71205163
-3.2300348
-2.1705012
0.29083115
2.9744248
-4.537916
1.1671861
0.4709412
1.5939691
0.4966084
1.7803366
-2.3375378
-3.544624
-1.7439091
3.7346861
-1.6733351
-1.0483338
1.0868039
2.432956
1.460715
0.8362428
1.1897717
-1.6182644
-0.33843306
1.0192474
-2.497323
1.6425526
0.31833687
-0.8126749
1.974029
1.3660088
-2.4226844
2.0495536
0.6544785
-1.0491929
1.315859
-1.1203303
-1.5098093
0.3333503
-1.5632036
1.9007586
0.6982606
0.4608931
0.1335192
0.46323186
0.51312625
-1.7836877
-1.9941378
-0.08922412
1.280702
1.9279798
-1.0222545
1.9070128
-2.1796043
-0.5046335
2.1409912
1.8578417
1.7933091
1.6755675
1.8584101
-0.2210262
-2.8950584
-0.19315243
-2.3069267
-2.4826214
0.5471996
-1.9712886
-0.6001992
-0.5211082
-1.9692659
-2.0566173
-1.0814325
-4.213674
1.1887548
0.5636044
-3.2045429
-4.427817
-1.5593764
-0.08989639
0.92375284
0.5289284
0.053572685
0.3816377
-2.6337535
2.9475722
-2.013306
2.9550254
-1.2866398
-2.7924652
-3.314691
-0.19453612
1.7718313
-1.7198267
-1.5695056
-2.2847228
2.2126276
-1.4776273
-1.0300285
-0.67757034
-2.8242176
0.53358394
-1.1389406
-1.2389072
0.4623421
0.33405396
0.12590408
-2.5134082
-1.6418011
-3.1483107
3.0564423
0.4550066
-0.90042675
-0.29797092
0.6365971
0.82858485
1.0441424
-2.1431477
-1.4542202
-0.4421681
-1.508635
0.4441144
1.6692045
-1.3616595
1.0454934
3.5109532
-3.1022372
-1.3372765
0.13273211
-0.5635162
1.3745686
-1.0821568
-1.7191132
-0.22855341
-5.1172714
0.7488606
1.2244381
0.26060444
1.0384068
1.0706419
2.1882262
-1.6878363
-0.49222457
0.5672758
-1.6989759
2.48522
1.6305212
-2.0809507
1.1971409
0.18697539
-3.5706081
1.1345158
-0.3378653
-3.203753
2.2327003
0.20717761
0.21515653
2.9908834
0.07702057
-1.6011769
0.25812393
-2.3896067
1.9774662
-0.16241895
1.9124306
-0.7011781
-2.6294024
-1.449902
-4.102774
-1.8185111
-1.28178
1.807404
-1.1150422
4.0371222
0.88287234
-3.6889102
1.2995508
-0.2422387
1.1659288
-2.1634643
2.0635614
-0.4931686
-1.9932281
0.13804533
2.1025283
1.1073384
3.027841
-2.7885697
-0.33027697
1.8989975
1.355964
-2.499554
-1.2591943
1.9187356
2.5252233
2.959506
0.77732635
-1.9693738
0.21541461
1.1548021
-3.0324292
-0.5885035
0.11677875
1.4651489
3.8070672
0.22869757
1.1840606
1.4688399
-0.72129124
2.7721026
3.7057242
-0.31229827
0.06998675
-0.66464883
0.9367699
2.0981433
1.3261191
2.5893857
-0.9695279
-0.107652865
-0.28941208
-1.1260275
0.19378966
-2.8148897
0.21841073
-0.39619392
-1.9352133
1.5691128
-0.03180387
-2.8635752
-0.99015754
-2.3341715
-1.8553436
-0.75639814
-1.3446231
0.2602711
1.2180948
-0.43962136
-1.3500088
0.21895568
-0.051469862
-0.97856253
-2.368774
-0.80253726
2.8941827
0.7410884
2.9228652
-2.863481
1.4150156
-1.0008861
-0.45134288
0.5351184
0.410811
-2.4146094
-0.7245213
3.3143535
3.298031
-2.571652
-1.4782605
-3.5893717
-0.03362131
-3.1380115
2.9817002
0.83011186
1.3612304
-0.29904264
0.62773377
1.1142107
-3.8538775
-1.6164744
-2.863984
1.3744465
-1.1033918
1.3120023
1.1877713
2.1330705
-1.4903535
-1.6767913
-4.138598
3.183612
-5.720756
0.16358653
0.45100257
-0.15438792
3.9833617
4.94786
-2.4824934
2.3513076
0.92150086
-5.0975337
-0.42711577
3.6230807
2.3230758
3.471644
1.062593
-1.5802256
1.5752825
-0.6178462
0.18348606
-1.8861237
0.19557202
0.1910123
2.1440463
-2.4249995
1.4178041
2.148939
-0.87159365
1.1313528
-1.4929342
-0.79305434
-0.71682906
-0.028198458
0.930334
2.0641282
-0.93205094
1.436718
-1.0677285
2.9197273
-1.1250287
2.3742735
0.5258733
-2.373497
-1.8182575
-1.984268
-0.9285175
-1.0659249
-2.2148604
1.2440133
1.1048177
-1.7240717
0.26928324
0.021778755
1.4470773
-3.2488477
-1.576497
1.1748561
0.71500367
-1.5578868
0.93432105
-1.5315875
-1.5687183
-0.085265785
-2.3096714
0.82979536
2.2761226
-0.6093575
-1.2894274
-1.7018087
-1.0332171
-0.20292842
-0.27769992
-0.49717367
-1.0220709
-2.6827095
2.7528632
1.5131974
0.3237172
1.9508809
-0.08982904
0.60890794
-2.537628
1.3460075
1.0731872
-2.7501233
-0.1268051
-1.0112203
-2.654815
-2.7575672
-0.17586872
-0.65274763
0.208159
0.7915402
-0.66707504
2.7130551
1.0382962
1.181978
-1.3403761
0.7007749
-0.67666405
0.6027243
3.2818675
1.1093684
5.058349
0.5506324
-0.9335203
2.3564982
1.5788121
0.48330125
3.0939224
-2.220134
1.0627755
-0.21846922
-0.3339969
-1.7235582
3.3661623
-2.029834
1.9902118
0.27891636
-0.34802204
4.376889
1.2070609
0.90688777
-1.2141305
-1.3628362
-0.026885178
-0.07029284
-2.5951006
0.55937856
0.95765454
1.5842457
-0.6680203
-0.21151684
-3.3671858
0.5922268
-0.47884098
-2.0481994
-0.7959616
-0.46318686
0.6662516
-2.2160132
1.0567696
-0.77359873
2.3637528
0.7297624
-1.114598
1.1829509
-1.38086
0.6143768
-0.12193172
1.483587
0.30371338
-1.8169917
-0.7351594
1.2613738
-0.9763075
-1.1868497
-2.157925
1.1706707
-1.8129327
-6.0255084
-4.858722
-0.55790824
-1.6740195
0.89461875
1.1703429
2.4732044
-2.0726523
-1.5607938
-0.30642766
2.8424096
-0.7239039
-1.2118706
0.32981682
-1.7845657
5.724619
-0.22852322
-0.63669896
-0.5705079
1.4185824
-0.6028776
-0.30484235
-0.92561495
0.29156983
3.5404956
3.2861118
-0.1368519
1.064032
0.026808087
3.2328196
0.7776118
1.1157734
2.9230146
1.5293573
2.112009
3.3410997
-4.019282
1.5821599
-0.55231524
-1.1338457
-1.3005311
-0.35887837
-0.604974
0.19733874
-1.1403339
-0.0045056567
-0.32781082
-0.6845736
-0.3072244
-0.33459225
-3.2354453
-0.32147515
1.2634547
-0.11719509
0.44708413
-0.5891627
-0.20136304
0.40865028
0.5765373
0.47528234
0.4012764
-1.5645908
-2.0882535
1.4150474
-1.157556
0.83538556
0.5705724
1.3734664
0.025034733
-0.8928893
-0.02321896
1.977208
-1.0062172
-2.2436814
0.7881324
2.7388754
2.3668385
4.4278817
0.6005273
2.1038802
-1.7107985
1.5676092
2.0930696
-0.52073663
0.88216203
-1.8945756
5.747848
-1.4763242
3.0155506
-1.1350502
0.27726588
0.8095997
0.5495869
-1.0034844
-0.17817861
2.3612263
0.019263744
-0.8667008
-1.4863302
2.9559078
-0.5659055
4.8369017
-0.121974245
1.2261509
-2.1151624
-1.0230854
1.0022801
1.4543871
1.0810366
-2.953276
1.9019849
0.7293235
-3.7107995
-4.5514727
1.9887687
2.845566
-0.43789947
0.008026049
-2.2580671
1.6224248
-0.080494225
-0.5850744
-2.059641
-0.33484176
-0.84716934
0.2182579
0.4930992
0.41198832
-0.9176203
-0.68315387
0.05620426
-1.7569779
2.4694338
-1.7869292
-2.0340834
-1.4098412
0.19135088
-0.6355337
1.2888
-0.623647
3.0132914
-0.77321184
2.4839897
2.963685
-3.5614371
-2.9871843
-1.0619315
-1.5939319
-1.4230093
-2.3694792
-1.245225
1.3424386
-0.2345025
-0.82048553
-0.3812739
0.013930593
1.5895327
-0.8001868
-1.0418738
-1.1807072
-0.33622473
-1.3079134
4.319988
1.13586
-1.2776579
1.1421442
0.5558347
-1.7615534
-0.7794508
0.02805027
-2.1636152
-3.9846501
4.394631
4.6838117
-0.37833667
2.8416138
-0.6999091
1.2678072
-2.2052045
-0.30832425
1.0680121
1.549272
-5.400605
2.8244524
1.8533059
2.9247007
-3.035791
-2.4285893
-0.7590255
4.3598037
2.930805
1.3845668
-1.9107904
1.1785982
-0.8932038
-1.6044978
2.2739198
3.4990559
1.4745424
-0.28199738
0.35197228
-0.57889163
3.522208
-1.6361377
-0.25335616
0.5725782
-3.645526
0.10167774
3.0668547
1.2792901
-0.8823029
1.8771486
-4.094188
-0.091068774
-0.6336127
-2.5077136
-0.33973318
2.472937
-0.8468721
-4.5109773
1.0152103
-0.78287935
-0.054341033
0.58353955
1.9495593
-0.28608844
0.46695176
0.3619583
1.1326514
-0.40469298
-0.87410426
3.6769178
1.0269814
0.6052087
0.47051322
-0.20533085
1.9912982
-2.6060033
-0.2702419
2.2219589
-0.1689443
-0.030265026
-0.6378203
1.1965846
0.22887024
2.805347
2.0419786
0.7438421
-1.6092553
-0.8398634
-3.5509896
0.063577145
1.4369696
0.96208346
-0.94468415
0.8503178
1.4346715
0.36257967
-3.0233917
-1.3572712
-0.43707496
-4.2350407
0.22559196
0.8130109
-2.9603035
0.08234599
-0.3887093
-0.33682388
-3.2362123
-2.6679626
-0.89970285
-2.731863
-0.87254465
2.85633
-2.1532574
0.93121463
1.1356407
2.8522332
1.8426639
-0.8975704
-1.0204262
1.0328482
2.065423
0.13546106
3.5461245
3.6204298
2.01199
1.3407278
-0.13920654
2.3620722
-3.767049
0.23607609
-3.2540693
-0.53063035
2.2103422
-1.3466249
3.1090317
-2.4097912
0.6009101
1.1263283
2.0146842
0.74885345
0.54950905
1.9347036
0.3044626
0.6734082
-3.2786446
2.9074094
0.48381573
-0.9670829
-2.0777414
2.8798978
1.8122748
-3.338965
-2.6597605
-1.3786654
0.46109873
0.98072255
2.7978942
1.4623238
3.549401
1.3935313
0.21950245
1.2405137
-1.5947407
-1.2515194
-3.1984224
1.5721115
-4.1533995
-0.49611765
-1.1205096
-2.822044
-0.022746194
-4.3821483
1.1332659
-3.23554
-0.7715666
-2.407992
-1.0876381
0.8709441
0.66125363
-0.3029992
0.9234914
6.6178613
1.576736
0.89365
-0.916586
-0.13288951
1.3439916
-0.9694814
-0.9447699
-1.276975
2.3097725
-1.7350125
2.1159592
0.46974063
0.75916934
-1.5386944
0.20705292
1.1419599
0.86422527
2.198265
0.8678375
-0.29564846
-3.7282522
0.73405576
0.5115062
0.7790887
2.1451278
1.5987489
0.121561036
-2.8646324
0.9548813
-1.2838888
-2.5150478
-0.37671626
0.07135016
0.59374434
3.7963216
-0.25743598
1.8025308
4.0786524
2.1440098
-3.3133585
2.1167157
-0.84195787
2.4064705
-0.48813638
-2.2435753
-0.49568084
2.5926192
-0.2368164
0.36311725
4.550593
2.182833
2.655374
3.4219892
0.2086156
-3.393559
4.1170497
2.0396686
1.9296445
-0.388404
-0.9409243
0.6037941
-3.4001007
-4.440718
-0.86152416
0.46807104
-0.0546152
0.05527719
-0.5569633
1.5690497
-1.3093265
-0.2641317
4.558562
-1.6672568
2.9309285
0.7188364
2.3619823
0.6637732
-1.6410352
-1.4391872
3.8604338
3.3312976
-0.44405892
-0.8720818
-0.6064134
2.1796093
-0.19176623
-1.0193112
2.9572735
-2.3667521
-0.014033213
-0.18712753
-1.2375228
-0.5194487
-1.6554909
1.1487927
-0.6751446
-1.3200582
0.039751433
-1.6208142
-1.3525182
-0.79102206
-1.911519
4.0720134
-0.5269728
1.9444408
-0.9562031
0.81968826
-2.9112272
-1.800868
1.9227204
-2.2048972
-4.6775956
-0.07841161
0.72226745
-1.8434871
-0.48861247
2.6440754
-2.9981794
1.0453748
1.3993433
-2.153793
0.9392402
-3.0915692
-2.2262137
0.4493138
0.649577
-1.6855378
1.4063641
0.097660586
-3.4761848
0.34408116
0.83164144
0.30806953
-1.2801462
-1.3351599
-1.2823935
-0.8311318
1.8863515
-3.309355
0.6182767
-2.6504653
-1.5059217
-1.5751086
1.5208133
-1.8899728
-0.8866047
2.0800786
-1.5975913
1.1747652
-0.07786531
-0.134675
-0.4232081
-1.8548976
1.7058015
0.2672006
-0.55186987
0.6361475
3.1878684
4.409552
-0.22088528
2.042647
0.41621578
0.680099
-0.66111237
-0.47757804
-0.96686494
-5.051519
2.6517599
-0.40011373
3.1834307
1.87531
-1.3176752
0.6271229
1.1148647
3.2054918
0.010263905
-1.5366809
1.3688701
-1.4376621
-1.8220026
-0.76563746
-2.3359137
0.15154225
3.4252846
-3.2967136
0.29139966
0.2632532
0.81869775
0.060069513
3.9861784
-1.8654214
-0.932335
-0.11930005
-2.3611703
-0.88200563
-0.5307071
-1.2327054
-2.2864344
1.0818689
2.8056104
0.4692201
-3.7030818
-2.2402747
0.95607203
-1.0638213
-1.0481668
-0.77721065
0.82204396
-0.9908178
-0.15658063
-3.7852504
1.4344931
1.8267181
0.51218283
-3.4298382
-1.3277817
0.84850514
1.6090984
-2.4207826
-2.6658306
-2.0761287
2.756804
-1.1151123
-3.7889297
-0.98737544
1.0466851
2.229067
0.12327634
1.4219506
0.012633029
-1.569883
1.1788108
1.2562262
2.5409377
0.74991876
-4.4012713
-1.092966
1.691802
-0.5857878
-2.6380875
0.94576144
-0.87582827
-3.9466054
0.03688769
1.1787999
-0.8264982
2.786127
0.7158413
-0.1877191
-1.1008273
-0.0998847
1.5727024
1.5731077
2.8989475
2.1339002
-0.17274958
0.65576154
-2.1835225
1.4659462
-0.81712645
2.4366338
0.88655204
-0.99770474
-1.0974431
0.45001462
-0.8608822
-0.51304764
1.4008751
0.5756078
-0.011319719
0.94902253
1.6211166
-0.89774805
-2.9058182
3.623964
-5.9273877
-2.7878559
2.6101344
0.58639586
-0.809985
1.8464124
-0.4767926
1.4487698
-0.4555948
-1.9164106
1.2762855
-1.7619553
0.49136153
0.67428756
0.2008239
2.075693
-2.0431085
-1.8283374
0.5494616
-1.1315025
-0.5066849
2.1136117
-5.1874285
-2.9238725
-0.12809883
1.9999335
3.9790432
1.6833442
-3.396817
-0.40343937
0.79631895
-1.7031165
-1.3392503
0.5345355
-2.08302
-3.2290144
-4.0198383
2.8583627
-0.7125263
1.0283513
-1.7887955
2.0224037
-0.16067657
3.4803808
-2.8055637
-2.2963178
-1.6303262
-1.0430864
1.63232
4.904469
-1.7327678
-2.7600513
0.11119875
1.3650107
-3.0558326
-2.1326096
-2.195109
-0.38898513
-1.3749715
-1.6625845
-1.4149694
-0.61916864
-1.9707518
0.74541605
-1.0891701
-0.45834112
1.7441043
-1.4035985
3.1124508
0.2221185
-2.4908519
1.0986893
-0.004536528
-1.0668588
0.95831007
3.8845572
-1.3179187
-0.61257255
3.7765925
-0.9763025
-4.0811057
0.5757536
3.448376
0.62880075
3.3357477
0.6505252
1.6202166
-2.5839155
-0.30805287
-1.6802452
-3.5525117
-0.46198022
-1.0896081
-0.008711856
-3.6358628
1.2523705
-1.5005704
-0.16115248
0.7905168
-2.2803473
0.104584366
1.5966779
0.93532604
-0.5954701
-0.5143554
-2.5922956
1.2161727
-1.0227901
0.64625955
1.6373637
-2.235839
-2.701127
-1.2616473
-1.6768837
1.1727371
-1.0250294
1.4308394
0.06354157
-0.9929239
1.4902499
0.09261417
2.5771568
2.1129835
0.43352398
-1.5092831
0.9087677
-2.1567428
2.646426
-0.76479876
-2.557752
0.32762474
1.1158221
2.1111624
-0.018062867
-2.951546
0.6727797
3.420133
-0.09528605
1.9067497
0.338768
0.24356925
-0.65532374
0.03223697
-1.4705061
1.4489021
-0.62129384
-0.67663026
2.0560377
0.6119622
0.048481993
1.089678
-0.14977422
1.6487155
1.5275027
-3.3974109
-0.044372424
-1.4702544
1.454453
-4.6488156
0.8231306
0.74502945
-0.8217367
1.9655331
-1.0990589
1.9198861
-0.87171316
0.5850032
2.3869839
1.8962824
0.9751911
-1.4174241
0.10617387
1.4003321
1.0870229
2.8766363
-1.7183408
4.439537
-0.824035
-0.19722247
2.1985126
-2.7970557
1.8920413
1.9193691
0.28427917
-1.9903477
2.3363574
-2.8028448
-0.018123891
1.6070876
-4.7236905
0.01606109
-1.1122609
-0.8952708
5.75491
-0.8495602
-1.0927594
-3.1774995
-0.5997552
-4.403924
1.1389356
1.5210541
0.28901538
-1.0594205
-1.2449266
0.48352
-1.6949078
-0.5293583
3.0952246
-0.6860905
1.344475
1.2858984
0.16595444
0.7885009
1.0577003
-2.5111313
0.13465242
0.33905578
0.44948202
2.2472
1.6964906
-4.292814
-1.2990451
-2.4638143
0.8371747
-0.19250733
3.1754847
-0.41603914
2.195052
0.4537018
1.2105529
-2.4108782
0.38900813
0.22392115
-0.24351327
-1.0757855
-2.1540756
-1.840607
-3.4919276
0.805581
1.2118235
0.2987907
-2.1554403
-0.9448466
-1.7109355
-0.20099452
0.21649846
2.3218493
0.67122835
-1.8019783
0.76480293
1.7187958
-3.063981
3.987992
2.314088
-1.1904697
-1.2690463
2.316572
-0.87357336
0.58163774
-1.0869105
2.4831398
-0.4935946
0.19318762
-2.9548237
-0.7678527
-1.4919263
2.9327106
-1.8737842
0.68874687
-0.5427848
-0.12626305
-3.148869
-1.307099
-1.7503572
-0.1534386
-0.2905454
-0.75508505
-3.1466494
1.0245532
1.8357977
2.2314973
0.01512105
-2.4041367
2.0969505
-3.0209415
1.5689768
-1.9438283
0.21158683
0.291008
2.643159
-0.90380895
-4.661544
-0.5295026
-2.805975
-3.9238167
-0.5982494
2.925416
2.4295294
-0.6188853
-1.1092408
-2.7630577
-1.9333112
-1.3064643
2.0946975
-0.5814195
-0.97015214
-0.91844684
-1.4851694
-4.3734097
0.21820104
0.16571519
-0.675042
-0.8646247
-2.1114037
-0.016565625
0.43758315
-0.87706286
1.9328402
1.3113017
1.718787
-0.15131143
0.40176457
-0.534944
2.1548138
-0.44796345
0.3999481
-1.0431356
1.812281
-1.1981168
-1.6937822
3.032394
-0.792141
1.2832677
0.82388055
-0.4480264
-0.82283515
0.6360678
4.15108
3.5723386
-2.0600166
-0.7897949
-0.6298802
-3.12708
-2.3826084
-0.9357502
-0.18311352
2.7352314
-2.8131974
2.6122506
-0.7879433
1.4472533
1.2974937
1.9031613
-3.3178787
-1.9090146
-2.642892
-1.4786514
3.8551605
0.99739957
-0.04409656
-0.9001568
1.1949279
-0.21237905
-0.40292922
2.5140023
-0.87198234
0.7673808
1.3973773
-1.0203447
1.3133228
-1.5848109
-0.50434494
0.1970399
1.8541731
-0.19727044
-0.37642735
-0.42867115
-0.99547267
-1.5508903
0.4626875
0.2873468
0.49387783
-0.8371333
2.3997176
-1.7692461
1.5602723
0.5563599
1.8495964
1.1512994
2.1227221
-1.5778742
0.7449054
-1.8512726
0.02865395
-0.053896617
-0.6730992
-1.230422
1.6190577
0.64394903
-1.2645929
2.707668
-1.3791366
-2.9580011
-2.287547
-0.48715827
1.2366717
-4.915832
-1.499287
1.4045614
-2.020802
1.2940156
0.21733603
0.98337615
2.605687
-0.73685074
0.44240546
2.0224817
-0.44504246
4.3563027
2.6357079
0.20944172
1.5297048
1.4847478
-0.07554957
0.18347141
1.1675419
0.64738053
-1.927234
1.9534127
2.2497349
-0.57559437
-0.01675456
2.7177742
-2.377451
-2.0397358
-0.9238741
-1.5047616
-0.83794
1.0984234
-0.2533052
2.6904151
0.027236134
5.2891665
-1.2512808
-0.96883845
1.4060025
3.003715
-0.37927988
-1.9035296
1.087496
0.40290725
1.50898
-1.267563
0.7360591
-0.5738586
1.8156617
0.32488444
-1.9897125
-0.59673923
3.1692278
0.1482858
-3.0296097
-0.5125232
2.8455148
-0.053292394
-0.4034015
-0.61004484
2.483896
1.6089689
0.08011035
2.6737359
2.320773
0.8200079
-0.46172103
2.3241613
-2.5002162
-2.1351025
1.450206
-1.3388503
0.18715715
1.0210463
-1.0490144
1.3109022
2.643264
-0.6864781
-1.7786347
-0.8249297
-4.377318
-0.5313829
0.97155714
0.23910645
-0.92347264
-2.7025611
1.6523747
0.39928547
1.3723184
1.1316652
0.9439779
-2.311733
2.8649018
0.71423787
1.8387191
-2.038272
-0.43193972
-1.7389331
5.877929
3.4832683
0.057355314
-0.880855
2.7480183
0.48949277
-1.1550562
1.6253713
1.104302
-1.4656318
1.8920282
1.2711034
1.0825452
1.910313
-4.28134
0.28546867
1.7085031
2.6854353
-1.9763956
0.5352915
3.1546197
1.8428439
-2.8582168
-2.3523912
0.110176966
-1.4631999
2.4389465
0.85748315
2.6908665
-1.7826473
-0.29988107
-1.8910078
0.82116514
2.3716722
-1.2639579
-0.6154428
-2.3007274
-2.839964
-2.7043836
-0.99928474
1.2001041
-0.016330764
4.5361166
1.0657327
2.4058132
0.46748605
2.4429398
0.4073011
1.8939558
0.91619915
1.6239538
-1.6100458
-1.0212995
2.07761
-3.7945838
-0.4820109
-2.637009
-0.948921
0.1605491
-1.0628437
-0.55620754
-1.8913367
0.98251325
3.8401225
2.066173
-2.7088683
0.3268981
3.2619696
3.1351254
-1.1032255
-0.12959975
1.3457292
1.6060233
-3.3676775
2.4971056
-0.50774914
0.19639292
0.84118956
1.0472492
0.87444246
2.3860898
3.052974
0.74175835
1.9497794
-2.2806108
0.49073285
0.15893841
2.566429
-0.4234503
-0.29649746
-0.8686425
-0.709639
1.5542119
0.15914989
-0.22091094
-1.0428743
0.264807
0.25579742
1.6669035
3.3271923
0.8280773
-1.6831938
0.21906531
1.4757509
0.8118599
-0.27381742
-1.0474136
-0.044019334
1.0852971
-0.4428613
1.5416958
-1.7853634
-2.8358884
-1.7113402
-0.10815978
6.4742627
-1.9058535
-1.5056518
-1.4619535
1.6880921
4.8333917
-1.2068391
1.1060385
-3.7906473
1.530793
1.8839345
-0.23532695
-0.24397531
-1.3215208
2.9768195
1.3124697
-2.516236
-0.3801502
-0.3929109
1.4028603
-3.9939208
-0.2066453
1.1705887
1.6015968
-1.013946
3.537659
0.35075375
-0.6225248
-0.33929434
-1.3608477
0.44475952
0.24656476
-0.2025896
1.7722453
0.29655358
0.9360357
-1.272491
4.193883
0.035724744
0.3640042
1.4312121
3.342932
-0.07289778
-4.450102
-2.5600274
2.6992614
-0.11001616
1.3275322
-1.4001973
-0.92821115
-1.695356
-1.3226423
0.28434423
-4.4775586
1.1111553
-0.72931796
0.08217535
1.9815226
-1.9901572
-2.2628744
1.2318871
-1.0177137
-0.930154
0.58837247
0.18460554
0.019164108
1.3862959
-3.1324668
-2.0333996
-1.6387236
-1.8410091
-2.3676255
2.1961684
1.5584373
0.43093732
0.86710244
0.54765636
-0.42611727
1.4216837
0.6793429
3.7885542
2.186519
1.9182632
-2.2603667
1.736402
-0.31528658
-3.7759366
-1.2917305
-1.7410747
-2.1604648
-0.65071
-0.32403633
-1.9870647
-0.23881628
1.139478
-0.50071114
1.4244379
-2.606205
1.5202614
-1.1140872
-0.81790364
0.494023
3.0197868
0.6087128
-4.051146
2.8106635
3.982296
-1.1531322
-2.3270624
5.9075217
1.0684264
-2.0294228
-0.44203132
-1.2212902
-1.0685079
-4.5168853
0.7600095
1.9385383
0.04562249
-0.10986725
-2.7251997
0.007416956
-0.09255058
0.7104217
0.80529463
-0.5830783
0.27494437
-4.2055054
1.7221563
-1.1357619
-2.7090945
-2.0814981
2.3851998
1.0996435
-0.78555954
-0.98895586
-0.67929024
1.5861789
1.6702156
-1.5226474
0.83074975
2.926753
1.7190863
-2.6133096
0.08757415
-0.53342223
0.9139634
0.10622618
-0.69860506
-2.2092738
-3.2129536
1.3099173
1.9536355
0.3921883
0.008792132
-1.0554165
-4.743133
0.45765185
-0.82823044
0.67479926
3.2665913
0.07979284
0.16950515
1.7106739
-2.8967814
-0.5787446
0.20529416
5.0391846
1.0095111
-0.0582444
-0.45222065
-4.039674
0.34378558
-2.119038
2.2622716
-0.1268672
1.994123
-0.40997487
-2.1631136
-3.3416314
-2.8188338
0.59001434
-1.7320981
0.7220584
2.8989964
-0.5070823
-1.1163063
0.3749472
-1.1320823
3.543444
1.0542015
-1.3327564
0.5739142
-3.0937939
3.080297
-2.264554
2.6921654
-1.7982693
-0.2555694
-0.52699083
-0.180784
0.4503001
0.532066
-1.1264882
-2.671994
1.6857228
-0.7552293
1.9387941
1.766219
1.7266096
0.09087193
-2.315328
-1.0449233
-0.97145724
-2.4064429
0.44764602
-0.2103539
0.6845885
1.6810548
-0.25351164
4.0176363
0.6060403
-3.8457592
0.7728574
-2.098434
0.66144544
0.36969745
0.9258528
0.004454665
-0.7904105
-0.7718261
-2.0021453
-0.54284066
2.1262703
-1.3235216
0.1663973
0.43277356
1.732641
-0.15157302
-0.53921175
-1.8416599
1.3973246
-1.7958733
0.42208835
-0.0075419024
-0.710333
2.3435035
-3.2120793
-0.7159327
-2.7263038
1.5032364
2.212536
2.071538
-0.034960166
0.8398467
2.6152086
-1.1126853
0.1317032
1.6978481
-1.7677265
-0.069687806
0.34057143
4.040946
-0.21330662
-0.94991523
-2.9931862
1.7290738
-1.8655257
2.0336978
-0.800055
-0.69219047
-0.8728411
-0.86184937
2.7812078
-0.04396781
2.486905
-2.4429364
1.0187413
1.5912378
-0.60818505
-1.4142374
-2.7917776
-3.0505953
3.1002924
-1.1098351
0.48544577
-0.61289054
-4.19503
-0.48164913
-1.719315
0.5739407
2.738198
1.4572285
0.8899394
-0.7976152
2.0916212
3.2123172
0.80990964
0.577886
2.58883
-2.7724824
-0.47763586
2.4720738
3.0084412
0.6571782
2.0734146
-0.88883984
-1.0274209
2.3479795
0.86156726
0.5966988
0.77031994
1.3330737
-0.23151557
1.1025854
-2.24874
-2.2658398
-1.9002036
-0.5660631
-0.048906937
0.8328594
0.5688754
0.59856147
-1.373135
-0.7491672
-2.8167076
-3.292314
0.91704077
0.8598504
0.8837377
1.7656753
0.98290116
-3.1925757
3.829091
0.47014326
-0.3092998
-0.71928173
1.4035271
0.07749394
0.3511715
-2.5624259
0.0057099313
0.7371313
-1.6710603
-2.5296588
-1.0250608
-0.7938688
-2.9195237
1.3444175
4.551174
2.7590895
1.0885303
-4.012497
-0.9709435
2.6412256
0.7085445
-0.059924982
-2.1979442
-1.7577084
-0.8796736
2.1953337
-1.3733363
0.7352199
-0.46219575
0.8583943
2.2590268
-2.0543761
2.5645914
0.082821615
-2.8273206
0.30718583
0.11008468
-0.35529885
-1.6643897
0.89195085
0.41965258
1.4685345
-1.915112
1.3659
0.7534627
-2.9342482
-1.8934183
0.32127768
-1.4469595
0.24021125
-1.1180946
0.800125
2.133758
1.0150926
2.6261027
1.8745724
-0.74002075
-2.2497237
-0.058014803
1.001525
-3.4229298
-2.733089
0.54961395
1.3800961
-0.10402179
0.9157505
-3.7787642
-2.8009129
1.4667463
0.12836024
-0.7463353
1.5493561
-0.5817487
0.49413288
0.47599953
-0.6308051
-0.86972517
-1.6456642
-0.30361107
4.383299
-0.509817
0.68734396
-0.6202745
2.304701
1.150404
1.6644143
-1.2565349
-0.47475323
2.683826
-0.27315876
0.64481974
1.7902288
0.7886993
-0.2631162
1.5296724
0.3239421
3.0206087
-0.12594679
-0.114018045
0.21400324
2.2234333
0.6009571
1.4424444
-0.6925237
1.3408835
-1.0578644
1.4496567
-1.9258928
-2.3984838
-3.5511527
-2.6018698
1.45093
-0.27997878
0.7939152
2.410989
-0.5162215
-0.31681347
2.3024664
-0.9851507
4.133662
-2.1955857
-3.4193015
0.19083005
-2.5405142
1.337305
2.527259
1.1172018
-2.2028236
2.9085839
-1.2999731
0.9130488
-0.34262055
0.7826129
0.11363316
3.7050877
-2.3171706
3.5205903
-0.95143026
-1.9564894
0.4516373
0.103390895
1.0794317
0.665148
1.5857784
-1.2204142
0.98292613
-2.2802737
-1.5395224
0.45652068
0.70150083
0.6957689
2.6197412
-0.49950662
0.44528475
-2.2360504
-1.2022097
-0.6284252
0.8154351
-0.08626057
-2.332555
-0.35514593
0.99130833
1.4982562
0.3942532
2.5844257
-0.7819783
2.5165877
0.3776637
-2.5178316
2.0905058
-0.87749934
-0.73818296
0.81842184
-5.365934
1.185171
-2.8358357
0.71248513
3.5116453
1.5099735
1.3878137
-0.7777114
-0.66124463
1.4956626
3.597813
-1.792719
-0.43777257
2.2366195
-0.25553727
-2.7401087
1.2178897
-0.3057071
-0.76897275
2.7243638
1.5878718
1.8736459
0.87288755
-1.858735
1.8991668
-1.4447944
-0.65380275
4.0087233
-4.3269935
2.584596
-1.5451611
0.78889585
-4.864383
-3.9468496
-0.36940935
-0.07710176
-4.0074215
2.3755438
-5.062784
-0.026260763
1.1218501
-4.767094
3.7924795
-2.3792768
0.9746329
1.4614236
0.02120082
1.4747771
-3.1293178
0.2348837
-2.8728473
-4.349353
-3.2692695
2.513186
-1.1518848
2.2241247
0.3346273
2.32499
1.899777
0.21470875
-2.41767
3.037061
-2.1959503
-1.9974675
0.9479531
-0.49259925
1.5511965
2.4089038
-3.5532324
-0.8718564
-1.4243655
0.862273
-1.4862936
-0.8583754
2.5899892
0.63557005
0.15253356
1.6787735
0.8341328
0.9657772
-1.8820238
1.5209775
3.2061012
-0.67605567
-0.0059083477
0.99306446
-0.31428424
-0.5950475
0.67739564
-0.39638323
-1.5758033
-1.6792065
1.2326328
0.6895268
-6.207233
-1.6510983
2.8351274
-0.2402094
0.74710476
-0.43298024
1.7446653
-0.86703527
0.53589875
-0.55490327
0.8226057
2.6064205
0.43039107
0.88596004
1.5056636
5.9293714
-2.2997546
1.2578349
-0.3436417
-0.14656726
-0.3503229
2.5812685
1.1701571
-4.0747466
1.3187991
1.7077359
-2.516959
0.10522662
-1.9253068
-0.48652062
1.6309373
-2.9354777
1.7387134
0.2748157
-3.1136622
2.8136926
0.64412093
-1.4046729
-1.6748135
2.8800864
1.7135566
0.72684944
3.985654
1.2985082
-3.4224648
-0.41734827
-1.1062851
-3.393747
2.3549047
0.5453846
-3.598825
0.54186875
-0.06532617
-2.87953
-2.428971
-1.1562548
-0.70536035
-2.2580464
2.760495
1.2837881
-0.38666221
2.4494348
2.500317
1.6052067
2.8874178
-0.008027285
-2.3701115
-0.23822759
-2.1477394
0.38745156
-2.1971116
0.9260222
-0.40689948
-0.6661557
1.2427329
1.9729778
1.2596194
0.55819184
1.1340067
4.043854
-2.0702314
-0.34505656
2.335433
-1.4047288
-1.2801809
3.5226932
-0.38414353
2.690352
3.006976
4.734762
-1.7895825
-1.6058662
-0.64416724
1.5048094
-1.3704743
-3.4869475
0.71662116
-0.80360687
2.482808
-1.4433285
-0.9068116
1.471663
-1.3231663
1.3105898
2.110869
1.0543169
-1.5896562
0.6360879
0.8167367
3.7098606
-1.9435128
-0.8909068
-1.4585382
-2.7981439
-0.1827319
-0.6690708
3.0000596
-0.6798921
0.48215598
-0.09020754
-1.7970407
0.97724074
-0.97644603
-0.3462736
1.7178749
-0.103583224
-0.52226293
1.4795015
3.0598345
-1.609931
0.5894866
-1.0530839
-0.14114234
1.1618443
-0.8132337
0.1483782
0.76668704
3.3376539
1.3638065
-2.4758265
0.20055626
-2.2120337
2.170367
-4.69829
-2.133766
-0.21320742
-1.0661595
0.60806197
-0.8940075
0.47098917
-0.6021645
-1.3645281
2.2319555
-0.60191107
1.4475594
0.7516649
-0.70814437
1.7725526
0.6217881
-2.8155308
0.8149201
-2.1267166
2.6017392
-1.017652
-3.0935934
0.9405301
2.5194044
-1.4386951
-0.21265909
1.852062
0.10597561
3.338358
-1.7198504
-1.5306988
2.1738136
-0.9223197
0.79158276
-0.1745908
-4.0211854
-3.7502935
3.0436735
3.0147557
-4.2151256
-1.8577238
1.1655936
-0.8165146
-3.1606438
2.2732797
-3.0425472
-2.625304
1.5201131
-1.6022475
-1.3460779
1.0151881
3.1174994
0.24914053
-0.45692673
-0.12209589
1.3736744
0.41358185
0.27638388
1.130519
2.5146158
-2.0899189
1.7682482
-1.415418
2.3423562
0.3306128
-0.46999046
1.5416178
1.3544631
0.5728162
-3.9698396
-0.41389906
1.1225576
0.6391996
-1.8594357
1.052295
1.4399128
0.80359197
0.19720772
-3.509778
-0.0736055
-0.15800084
-0.17986012
-0.18172625
3.219067
-1.4596583
2.0234401
-2.6301513
1.0003698
1.3753941
0.28591308
-0.8235034
0.076404914
3.3143177
-1.0169312
-0.6274455
-1.4795326
-3.2581666
-0.22095647
-1.6702048
0.025171623
0.614827
0.39981812
1.1709551
-1.6046271
-0.18271898
-0.32153684
0.86379874
1.5237473
0.6169955
-0.78960603
3.7853196
-0.57577735
-1.309653
-3.0303814
-0.66151714
-0.83027273
-0.8503091
-1.3759972
-4.7400184
-2.212311
0.14202964
0.49917364
2.405866
-5.3808584
-0.13111973
1.1144214
-1.8256595
-0.54068196
-0.21691924
1.2784178
1.4925627
-1.0576323
1.6322438
2.6856077
0.41883427
-0.53251684
-0.69131553
-2.8861942
-0.5279489
1.1062698
-2.4942663
-1.1030316
-3.1100292
0.081379406
0.8955142
-2.2760882
-2.9409473
1.8213241
-2.2126193
-1.7370727
1.7988607
-2.8846157
-2.4294133
-2.418246
1.6788775
-2.04766
1.5210702
-0.078165464
-1.1380817
2.221771
1.6592689
0.19002503
-1.6241608
0.10647366
-3.6016488
2.4928112
-0.6248548
-0.82314247
-1.1515917
2.5869944
1.5294995
1.3933458
-4.556695
0.22976235
-2.6438022
-1.8428986
2.7473009
2.6345775
0.08428247
-0.09520353
-3.0282629
-1.2903562
0.36160764
-1.4744097
-2.2135124
1.0586644
-0.5324828
-1.6562542
0.574742
0.29619953
2.2661054
1.4631649
-2.1241155
0.1705321
1.2709867
-0.49936146
1.8023169
1.4719589
-1.4191507
-0.59063464
-0.38074592
-1.1881427
5.295315
1.2139381
2.5753827
-1.9431384
-2.0901136
-4.891924
1.6928028
0.4232751
-4.2713704
-0.9395143
-0.63107663
-0.3952834
-1.1392438
2.4536653
-2.5825353
0.059295107
-2.467384
0.083022475
1.0453207
4.332906
1.1705987
2.292633
-0.34915975
4.913495
-1.9511194
-1.0143557
0.32194674
3.7300966
1.5683668
-1.5050712
-0.54495394
4.016155
-1.4734187
0.26956084
0.22789684
1.2612591
1.204432
1.1858962
0.3775019
-1.055881
-1.1927466
-2.1697466
5.8037543
1.8409901
-1.7200089
0.149551
-2.509073
-3.1855526
2.0830488
0.4916257
-0.90107983
0.62125283
1.020339
1.8992531
1.3096197
-0.033451475
1.601081
0.15599841
1.4581599
2.4938724
-1.0257589
-1.8985771
1.4122182
-1.3944173
1.9580168
4.1939254
-3.6749668
1.9664506
-1.715792
0.38316625
-1.6389383
0.37521943
-0.20280552
-0.71663713
0.19390294
0.6236555
-1.3318712
-2.574637
2.0991
-0.35090956
-1.7320226
2.2406263
0.5652728
2.474685
-3.6023228
1.6282598
1.6116127
3.2659838
0.045222703
-2.460034
1.9836668
3.425443
0.11037417
0.12618613
-1.4822434
-0.13738865
-2.3594224
0.73079705
1.3665444
1.2125701
1.1759635
2.309693
2.4090545
-2.662971
0.8384821
2.4806929
-1.0448295
-1.854977
0.85362023
4.5036273
0.9074881
-1.4902693
-0.16712564
-1.7973716
-1.8488172
0.91453165
-1.101067
-1.1116413
-1.405814
-1.9863648
-0.046540834
-0.07152264
2.2216659
-2.269751
-3.361272
-3.6726964
2.8231025
2.91728
1.0490094
1.7692301
-0.27637398
1.7842361
-2.1221132
-0.37765488
-1.4713506
-0.7175272
0.5835921
-0.917008
2.7029028
-0.060138047
2.4608037
1.5541878
0.0023381189
-2.1029685
-2.5807748
-1.1219621
-0.46705228
0.019026421
-0.65234995
0.26913407
-1.0058651
-1.370194
-0.9037559
0.7308289
2.41677
1.8636953
-1.4331847
0.028554246
-1.2785921
0.0113771185
-1.7194009
3.7679656
-1.1223048
-0.12824544
5.05703
4.472065
-1.9582846
-1.546961
3.0211866
0.23934546
2.467014
-3.2641962
0.11268377
1.8155562
1.773757
-0.06350199
0.36203003
0.65684927
0.23011191
-1.5050004
-2.3942132
-3.8786964
0.023876809
-3.5684955
1.1789923
0.89918745
-2.279631
-1.0472143
0.040931985
0.53888553
0.5860465
0.7075491
0.07310039
1.858089
1.6713265
-2.7373023
-1.3430753
-0.09781902
-2.0294356
-0.82563835
0.08284553
0.21432039
1.0934584
1.6876975
0.5140025
-0.32098746
0.5511349
0.14707235
-3.3005214
-1.5841452
2.8451185
2.1992862
-0.57919395
-0.20327495
0.712573
-1.8667461
-0.16786614
-1.6940231
0.90620375
-3.0259037
-1.2147346
-1.890995
-0.8014427
1.608432
-2.2635436
1.5937063
-4.2182126
-1.2999713
-1.0637556
2.8956184
-3.3187573
-3.1719227
0.43650618
-2.3199887
-1.1422104
-1.4155682
-4.751174
-1.3897128
0.14296381
2.707736
0.88469416
-2.3267326
-0.6169303
-1.4745959
0.2968899
-0.6424677
0.481694
4.3208976
-1.0365324
-0.92051697
-1.7179528
2.6004148
-0.937946
-1.1392018
-0.35053098
-5.403946
1.3893503
1.056242
0.8681087
-1.6545129
0.3749872
-1.192225
-0.73036104
-1.2931161
-0.2592815
2.1028047
1.0222186
-0.85939354
0.89142734
-1.5279627
1.9225037
0.19693944
2.2262836
1.2673959
0.15214217
-0.13113044
1.7826241
-1.3705577
-1.3403406
-0.3447081
-2.1288204
2.733186
-3.1547992
1.8462977
0.65839404
1.0337416
0.7094509
-3.5470483
1.2587116
-1.512592
0.62315506
2.568962
-0.045487396
2.674157
1.6764725
0.99177814
2.301413
-0.63981944
-2.1431227
1.1000844
1.3188298
-0.8503405
-0.7759264
-3.06917
-0.6846261
-0.3465204
-1.0664111
1.1188583
0.29706848
4.182228
-0.1213175
-0.56003225
2.1916
-2.1338718
-3.473778
2.1337385
-0.7768901
-3.9041193
-0.1649549
1.1884743
-2.9863741
-0.3195621
-0.47164547
-0.025361028
-2.360686
-1.8409903
0.24362968
-4.1060443
1.796935
-1.6768012
-2.9332778
1.5736936
0.08713238
4.4736223
1.211507
-2.3741074
-3.492914
-2.4044645
-1.9029675
-4.041223
-2.9955838
3.0833166
-2.3066897
-3.881679
2.5557873
1.4061023
-0.31996626
-2.6212497
2.8035395
0.89251405
1.7773999
-3.2562463
-0.41115168
1.6208616
0.70309645
-1.5131476
-3.3369398
2.1552954
0.8962413
-2.1632133
0.68833435
-2.5692735
-1.7177697
-1.0313938
2.236634
2.7403674
-0.10367968
-3.2837565
-1.2694083
2.5628
1.814222
-0.84422696
-0.40649888
1.8885874
1.0891643
-2.8477776
0.9092187
-1.532714
1.2734128
-2.6599598
0.0072280094
-2.0678668
0.62555945
0.22719635
-1.400666
-1.4926369
0.1919064
1.785371
-1.1845224
3.3633091
0.9158238
-0.4531045
0.20813215
0.7019813
-1.4136163
2.253183
2.581661
-1.7954233
-1.2907811
-0.6380938
1.8090733
1.7244171
-2.2655814
1.811142
2.847142
0.8346699
1.5489405
-1.7978165
0.6324935
-0.119027816
0.97922933
2.4953175
-4.1640983
1.2636367
3.5289798
-0.0422087
-2.095991
1.099182
-4.263666
1.825591
0.22866374
-2.090966
-0.89768827
-3.7085435
-3.0443418
3.3138733
-0.50545913
-0.014879927
0.61674803
4.0777993
0.8312703
-0.5985572
1.0066911
1.6190848
0.014802802
2.9811356
-0.23864487
-0.06567875
2.184323
-1.1247512
-0.9589417
-0.28719354
1.4310187
0.8876151
-1.1489269
0.5042162
0.39036313
-0.61206245
-3.4657555
2.4222472
1.0685265
-1.3953778
2.5454354
0.39962685
1.9273112
-1.7552636
0.20706438
-0.70007163
0.3606135
-0.83497345
1.3197619
-0.7656286
1.6999761
-1.7089448
-3.0099316
2.5155756
0.4373613
1.069336
2.9578161
0.8304458
-0.45822835
-1.3254955
0.84581
0.3408623
2.8307076
0.5111904
2.0476658
-1.2745303
0.7269804
-0.4236585
-0.8102177
-0.35523972
-0.81354547
-2.3258247
2.6640995
2.4512093
-1.9069095
1.88364
1.3201805
-2.141182
-2.3347485
2.0531256
-0.45830178
1.3192724
-2.6294854
-1.320756
3.8988504
-0.7888168
0.18525395
1.2574914
-1.4114102
-0.69077176
2.004233
-0.6329945
1.0823942
0.9386161
-0.50302553
-3.5901678
-0.7271315
-1.1802984
-0.11981599
1.7641649
1.9682156
-0.8835386
-1.7468051
1.6446759
0.2600352
1.975779
3.225141
-0.4688804
-0.44962907
1.1747204
-0.9877336
0.8495908
3.4690206
-1.5548319
-2.3615491
-3.1444275
1.1524113
-0.32198578
-2.089634
-0.5617228
0.57050914
1.4195968
2.0749943
-1.6775931
-0.60489845
-0.03900103
-0.78136945
1.661398
1.4761113
3.1350505
-3.5386574
-1.6935452
1.8266122
0.495405
2.888293
-0.10915985
-3.4994776
-2.149769
0.29570156
-2.7986693
3.4882045
0.36251286
1.9661504
2.7766876
3.652811
-0.8648188
1.1590351
2.8699317
-0.71336216
-1.5282955
-0.40223807
0.98288363
0.28311384
1.2363796
-0.48125887
1.2203822
-4.3091807
-0.54057246
-0.1952225
-0.49458498
0.25430232
-0.016880147
4.3507724
2.5135798
1.228129
1.2292086
-2.6690304
-1.7578106
-0.25672072
2.4420197
-1.0635293
0.47243828
1.6156766
-1.5098832
0.91873354
0.52880865
-0.88542026
0.3605949
-3.878503
2.9087439
-1.812798
-1.7433
-1.4779255
0.6326219
0.89283186
1.9394736
0.5327631
1.1193757
2.0544264
2.1856797
-0.31739077
1.1593996
-1.5882955
0.9135367
-3.0898192
3.2125208
-0.4199825
-1.6828235
-0.011996947
-1.2920506
-0.95172566
-2.1762798
2.4721146
-1.2331045
1.3829192
-1.1648989
0.6770268
0.028286226
1.2594587
-2.6715505
1.7274536
-1.9155452
-3.5394576
-1.1632721
-0.9089723
1.8028382
0.24150991
-1.02834
-0.016526438
-0.99428177
-1.2976143
-0.8996812
-2.6542706
0.9405333
-0.88200456
-2.6986604
1.8168246
-0.84374726
3.66087
0.49057564
-0.740329
0.5567514
-0.8966959
0.16932955
-0.18164344
-3.5062537
-0.5886929
-3.2807662
-2.4910862
-2.4263384
2.7764668
-0.32681048
-3.2722957
-1.4939348
1.9108728
1.4883193
-3.6983008
-1.991597
-0.73596007
0.996619
3.160664
0.0064452365
1.4377408
1.2765759
1.88841
-0.3663631
-3.7105412
-0.7139089
0.49782422
-1.3974673
0.046071805
3.126539
1.8932108
-0.10981399
-0.14917445
0.7208574
1.9206228
0.75302637
-3.588857
-4.059337
-0.21633372
2.0371666
-1.6759269
1.3918856
-1.4017214
-2.2123387
-0.4545305
3.4971633
0.8324325
-1.8294564
2.4294164
1.2061483
-0.24234918
3.4797933
-0.011759445
-3.8423462
0.6666157
-0.7056514
2.2648108
2.6385782
3.7182353
-4.6661286
-1.3108743
0.22138083
-1.6008506
-2.1899338
0.38042194
-0.4042036
-2.6050992
4.421088
0.05406225
1.2949071
0.70369834
-1.0575925
0.65478283
-2.0788374
-1.9339608
-2.6419003
-3.3559701
2.5481327
-1.5602856
2.9443688
-2.405389
2.7774038
0.52404976
-1.2553238
0.4028621
-0.9159775
-0.89497846
-2.6260405
0.25599048
1.4412463
0.962688
0.5548565
0.53355306
1.83589
-3.2301881
-2.094786
3.1018472
-0.9498759
0.7857859
-0.9623794
0.57061595
-5.4251595
-3.0157864
-1.3579363
-1.9873744
-1.3045663
-2.7666097
2.0907683
-1.4662304
-1.004269
1.5763898
3.894257
0.8396932
-0.7910375
-1.6308317
2.4217203
0.46539757
2.428501
2.1592903
0.5441657
0.31153437
-0.028704599
-1.984354
-2.9371903
0.028634407
0.7225682
-0.7105862
0.3980852
-0.14369908
-0.4452338
0.45506564
-2.189168
2.4443254
1.7927319
1.5469288
1.8669776
-3.761056
0.33655295
-1.089981
-0.208091
0.99497384
-1.907115
-0.8819453
-2.0801528
0.644959
-0.06356432
-1.7601935
-2.4150043
0.5312939
2.0184214
2.1190217
-0.31141746
-1.9987285
4.018767
-0.1694748
-2.2605083
3.4725428
4.841688
-1.6055826
0.27906644
4.938921
0.28195637
1.9313815
0.91274875
-1.635244
-2.0812526
-4.256546
3.0991986
-1.270644
-1.3335992
-0.7517781
-0.2861959
-0.7417198
-0.8932929
0.7824788
-1.6354893
1.2899292
1.3216876
0.8659277
-1.5700125
0.4489776
-1.010174
-0.43351826
1.3238513
3.5189002
0.945236
1.1169469
-1.9128796
0.5807704
-3.744695
3.5705152
-1.2925595
-2.723992
1.5376472
-0.2371399
0.47900462
-1.3949144
-1.969019
-0.8172569
-0.28191292
-1.3190169
-0.12144061
3.3138525
-2.893075
1.4578826
1.3432971
-0.12432819
1.1292545
0.395164
-1.3342485
0.086313985
-3.172169
3.5100195
1.3739333
0.1958837
-2.142824
-0.8994393
-1.0353869
-2.5814734
0.99655014
-1.9013221
0.99012804
0.73488706
1.5550442
1.0066668
-0.400136
-1.8942946
-2.8703601
0.09820653
3.0378091
3.0718415
1.8525372
-0.22451052
-1.209704
-1.5972235
2.2901983
1.4320872
5.699143
-0.47539532
-0.4376138
0.93387747
0.7796571
0.6256935
1.3948121
1.6666946
-3.2056077
0.22988482
-3.150738
-1.6080333
-0.48938763
4.3609276
-1.9317768
-0.43689388
1.0500244
-0.9481591
-2.009389
-1.0415899
-0.015977278
-2.1570086
-1.2222633
-1.2794383
2.6322799
-0.25432307
-0.50513226
0.42786705
-0.08266988
-1.3387855
0.1084685
-3.168086
2.5531886
-1.0844045
2.357588
0.13460284
-1.7754154
-1.9466861
-2.452368
-0.73826146
-5.0120683
0.1121227
0.92047983
2.385226
2.2388043
1.993754
-1.3542687
1.131505
1.0341606
-2.8718777
0.120807625
2.715616
0.19516267
-2.4407358
-0.27714312
-2.5252557
-0.5579404
0.24641997
1.0555568
3.7552018
0.33920604
-1.8678564
-1.575664
-1.2319568
2.2572923
-2.5875242
-0.5152928
1.0494953
0.42612052
0.36477354
-3.1887364
-0.34061792
3.2601616
-0.31604353
-0.8804041
-2.6272259
2.7221541
1.8057872
0.52670443
-1.20372
-2.263469
-3.1511154
-1.5634859
0.064767726
1.5736892
-4.392943
-1.2008563
1.3185018
2.952005
3.9566011
-0.3810653
2.1461437
-0.58559483
3.0325649
1.5532367
-0.22692768
-2.479318
-1.7433478
1.3233386
0.15798649
1.3569728
-0.9042443
-3.2572882
-1.9066042
0.6117403
-2.2374895
-0.8907724
-2.4037786
0.32451004
1.0762525
2.0879302
0.1844518
1.7781552
0.42994305
0.16844745
0.74872637
0.90775025
1.5591872
-2.9618745
0.76092017
-0.14285004
3.8993845
4.5711484
0.06746415
0.09458024
-2.4275904
-1.8919413
1.2480392
-0.15931329
0.10110072
0.24562824
0.13805526
1.1196244
0.4665501
2.0711782
2.4355679
-0.04490076
0.06501665
2.873702
0.24056393
-1.2556049
-0.66907936
-1.6791043
1.7100893
-0.8510564
0.40863723
1.6291302
-3.3430555
-0.6038058
1.7781777
1.0369116
0.4624775
2.3037338
-0.8925685
0.723989
-0.12598208
2.5122297
0.088141724
2.914319
1.3839996
-1.4020988
0.2984498
1.0576305
5.142349
-0.3219016
2.469261
1.1609575
-0.838204
-3.637487
-1.3859674
-0.72779197
0.18187323
3.11197
1.238502
-0.50461435
4.5359325
0.76930374
-0.1668914
3.38593
3.1237197
-0.097101726
0.8072402
-1.190349
-1.2447731
0.8335092
0.94136894
1.8531598
-2.9538305
-3.4156709
-0.19166622
1.388739
-1.0616151
0.1507974
2.0141535
-3.2848868
1.5697309
0.51753336
4.027799
3.105849
-2.3954403
-0.12461387
-1.9116484
1.1986403
3.349316
0.129883
-1.9652934
-0.69286835
0.54028
1.2816626
-0.48846808
2.3088703
-1.758628
0.46616775
0.41237256
1.5480455
-3.798058
-0.18006843
-1.7566503
2.0527887
-0.26792958
-2.2675958
0.6711528
-3.1801813
-0.51223004
-0.7647053
2.3629208
2.268979
2.3759317
-1.5947068
-0.88573706
-1.3101639
-2.5331428
-1.7936068
-0.8967067
0.83494145
0.000743635
0.8558023
-0.61236626
-1.4584688
0.70981663
-3.2464597
1.8524399
-0.72291064
-1.834835
1.6313955
0.1675987
3.4742515
-2.7728024
0.7634914
-0.10725272
-1.063946
-0.010825157
2.8679006
2.431671
-0.02056764
2.4223855
-2.710143
-1.7722819
2.3314517
1.2180576
0.5864507
-4.3741584
-3.0418413
2.158627
-1.000954
-0.72942793
2.0184202
3.8957188
-0.9010459
-0.99551904
-0.2964845
2.4483206
0.37149835
-2.233303
1.4680439
1.1116438
4.647086
-0.49847418
-2.3838906
3.3890846
-3.511328
1.0115455
0.8531029
0.53307635
1.1367117
0.4923908
2.796839
0.69712746
1.6880412
0.7274934
5.915918
-2.0018983
2.0128942
0.28068686
0.27293715
-0.68872374
-2.1475139
-2.0551777
1.6796219
-2.2578108
-0.9862455
1.6036067
-0.25268546
0.33020723
-0.8143508
1.1428075
1.5197756
-3.7558215
-2.985829
2.3340852
1.6934322
0.6366161
-0.32103485
2.3046
-1.5066183
-2.608348
0.09524317
1.6570833
-0.8906485
3.0344682
-0.95275235
-1.0026364
0.8394478
-0.058075987
-2.361825
-0.21151298
2.2716079
0.21858141
-0.29055348
4.885621
1.2315927
1.5528265
-1.1249765
-0.70305556
0.74701035
-3.6793084
-2.1948502
-0.06429814
-0.020702243
-0.82917714
0.27976632
-3.9267545
-2.9038718
-2.9332263
-4.272389
-2.3484335
-3.5151467
1.6598322
-2.2390924
-2.3976343
5.2542386
2.9711037
0.532729
1.7188358
1.976262
-3.8919892
1.4803984
2.0846393
1.8000613
0.25537828
2.4511266
-0.5926334
-2.285243
-0.81123966
1.0266227
1.8028777
-1.3715627
0.35287714
1.2546201
1.9371606
2.6342857
-0.6002828
-0.9313876
-2.3538706
0.22589082
-3.0305812
0.12010507
-1.6922762
-1.350882
-4.689669
-0.6383656
-1.2378111
-0.4989892
-0.25723687
1.989074
-1.8688873
1.6869829
3.0243268
0.37594697
3.3870776
5.230334
0.33020929
1.326877
1.2311178
2.9882216
-0.24353471
-1.1881028
-0.7211293
-0.43196136
-0.30158386
0.63820946
0.66277206
-1.9142857
3.081358
1.4338151
0.8032458
-0.8312085
-0.6695291
-1.3402042
-0.6078716
2.6158798
-2.1918879
4.136899
0.3501491
1.6987919
2.5975184
0.4267737
0.025039665
-3.4834583
4.10312
5.1992607
1.1217562
-1.4238323
-1.2550333
-0.43464446
0.9586862
-0.58277553
0.1848822
2.7231302
-0.22823945
0.54712063
-0.0689549
-1.944705
0.60142606
0.027232584
2.3175101
-2.7625802
1.8116986
-0.828666
-0.9875631
0.8752925
-2.352541
-1.4921447
0.82313013
0.71399647
-0.050286368
2.22128
-0.11234722
1.4991943
-3.4325535
0.6300161
-0.6823193
0.91395915
-1.9947404
-0.6571884
-0.3997063
0.5944256
-3.5762508
4.127404
1.8081293
0.5705733
-0.19187805
0.81920075
1.9840451
-0.40403393
-2.8474581
-0.43508187
-2.189907
-0.6102112
0.4131781
-0.63886195
-0.5571705
-3.9615412
1.0570008
-4.5587735
0.5700032
3.4430761
1.9156318
0.49817058
1.1922868
-3.7392697
0.090078205
0.038557038
4.3037505
-1.3865153
0.61677986
-1.326915
2.4890738
0.59502834
2.0598307
2.5662775
-1.0190389
-0.6072511
-0.12811825
1.3722334
-0.8876441
2.435345
-1.9981059
-0.036237374
-0.7073751
0.61251813
1.237168
2.5452445
-1.291025
0.47366026
-2.617674
2.6056604
1.1002643
-0.10070304
1.6260536
-0.1272529
2.1551378
-0.35503596
-0.72585547
-2.7863746
-3.515837
-0.5512971
-0.82530195
-1.7453226
2.372737
-2.139119
-0.5906684
2.1326168
0.66417027
2.4067605
1.2202488
0.73688525
-1.6482877
4.302144
-3.0641735
2.1366477
0.33465225
-1.771535
-0.5875691
-0.70749754
-1.4979783
2.8180156
0.6132594
-0.41286728
-1.2675668
0.4989848
-2.4500892
-2.3557105
-3.1030211
-4.4924307
-1.5662159
-0.5303697
-2.022007
2.0720985
0.42233455
0.10722561
0.71132815
-0.6254458
0.912763
3.7964132
-2.0650632
1.3191304
-0.23914379
-0.5497648
-2.815193
1.6382792
-0.8023486
1.9485778
3.7847772
-0.19875899
1.6217818
0.083167225
-5.2528877
-2.0003083
-1.978779
2.0766604
1.2431712
0.3527397
-1.7397746
-0.05023539
-2.6494641
-2.3791902
-0.30135193
-0.99684167
1.0817735
-3.0740545
-1.6320748
-0.451284
-3.1596594
-1.1363636
1.655781
-1.8830696
0.34962454
-1.138646
-2.7281754
4.059705
2.667562
-0.26661608
-0.7166277
-3.0693233
-2.437834
1.8957651
0.39758766
1.8560286
-1.3997072
1.6931043
2.378132
0.5849991
0.89469457
-1.079146
0.9971739
-1.1169215
-4.0156784
0.18856421
-3.2210367
-2.642953
2.6717334
3.166471
-2.7637255
-2.304052
-0.7110892
0.15864888
-2.4244142
0.447739
-2.4022095
-4.3510504
-1.1334184
-1.1539627
-1.5239638
-4.7736797
-2.2217317
-0.42657954
-2.5145187
2.843809
2.247711
1.848461
1.1380255
-0.06406125
0.8324704
2.6630032
-1.2245053
-2.381219
1.6205726
2.0824594
1.2367635
2.802333
-0.13035172
1.553959
-0.7188937
-3.0395098
-0.66456556
0.81957895
-0.1081453
0.49772316
0.34830323
1.1186252
-1.7560669
4.442501
1.719202
-2.4265559
0.42055005
-1.7560414
-2.035174
-0.16667698
-0.67865133
0.58746874
1.3019109
-2.0334914
1.8222901
-1.3192444
2.1250656
0.59692997
0.18010783
-3.1986718
1.6527253
-1.352903
1.249795
-2.9964387
-1.3060158
-0.7545236
1.3426809
-2.0844305
-0.76705706
1.6349459
-1.5110078
-1.685497
-1.5757371
1.1744592
0.5304447
3.6149175
0.12674336
-0.32667118
1.2327561
-0.45579264
1.4741373
-0.8402249
0.7120376
-1.4439424
1.3733896
-2.8857896
1.14984
-1.7698113
-1.1591555
1.0719447
-1.7266282
-1.5606488
-0.59120893
1.9404541
3.511774
0.98963135
1.9650943
0.67405146
-1.2949504
0.9230256
1.466846
1.5341264
0.99664056
2.6039
-4.9724426
0.8600898
2.193005
-1.3202783
4.3395414
-0.045501113
-0.92213136
-4.233053
0.020989336
3.3613038
-3.8508327
-2.2418208
-1.5733657
-0.17867613
-0.48091075
-2.5045888
3.0807137
3.8867579
-1.6226848
-0.56579703
1.629636
-0.34981507
0.030288134
-1.7609801
0.5558109
-1.6962655
1.318628
-0.7166721
-0.20636123
0.25472313
0.3682388
-1.100519
-2.5051827
-0.28394878
-1.2948085
-0.7874094
1.7470819
-2.5665343
-2.847508
-0.35833097
1.9644309
0.52240586
-0.5836552
0.44689137
-4.5412188
1.4458202
0.24503821
0.42461324
-1.4761207
-1.0017697
1.0355783
-1.4340466
1.6147496
-0.93707323
3.1991532
2.4949386
2.1504598
1.3001324
1.3872063
1.6428115
3.2499685
-0.36455837
0.6358552
-0.8516428
-1.7127569
-3.752479
1.3635801
-1.4270637
-0.98054755
2.7808194
-2.4139433
1.859851
2.1038885
-1.3638527
0.6957447
-2.7997665
-0.11882382
1.588565
1.6917392
-2.1545255
-1.0316749
0.603409
-0.06812895
0.9988724
3.6599784
0.8684472
0.056781285
-3.7493482
-2.6387582
-0.0020136163
-0.82231534
-2.2740755
0.47127393
-0.55172694
2.1051986
1.0702002
2.4841638
-3.7507713
-0.090922385
0.5779862
-1.5471331
0.62167436
0.86504763
-0.6977059
2.400314
0.048096582
-0.0640924
-0.32782164
-1.9739262
0.5926876
-2.2535396
-0.47644535
-0.28559148
-0.05639346
0.8307807
-1.2256764
0.65398294
-1.8589159
2.6084776
-0.93412787
-0.9487935
2.5463834
-5.2686443
-2.7547393
-3.1021714
0.4505161
-0.26734245
-0.5101161
2.7577713
2.1693735
-2.2125628
-0.8598251
-1.4497583
0.098550454
0.321753
-0.3387537
-1.1703858
1.2060245
1.7103194
0.44872555
-1.2559364
-0.5444617
0.16122036
-0.16946812
-1.1985253
1.5588874
-1.2255925
2.0645256
2.4029613
0.4429999
2.0411494
-1.3556693
0.70495754
-0.07324082
-1.2278765
1.025788
-0.25882772
-0.6552332
-2.1542346
1.4595157
0.8947657
2.0449734
1.0549452
-1.6223128
1.032444
1.5215273
-0.7579589
-0.09246279
0.75586015
-1.3467691
-3.5903337
2.5748677
0.01945892
-2.6195986
0.255418
2.6246898
-2.1101518
-2.481466
-0.07405538
2.282309
-2.0442731
0.5548562
-2.6390224
-3.0386367
-1.9616429
-1.9729484
0.5104302
3.4229536
1.4757067
0.025090884
-1.4794887
1.5310229
0.24525021
-5.1175704
-0.39767957
2.8787775
0.3176395
-0.56206244
-0.6996709
1.5070984
0.2585975
1.9291431
-2.2888672
2.0476317
3.4342499
-0.46320638
0.24155352
-0.47479847
-1.3639319
5.3854837
-0.7969082
1.8676485
-2.6263762
-0.755593
-2.7717037
1.0518848
-0.93745154
-1.5180225
-0.871306
-1.0965542
-0.6562894
0.008993983
-1.5802736
1.341029
-2.17585
1.0995202
3.545377
2.1134894
1.9319843
0.28443766
-0.5672678
-0.50018185
0.2953514
-1.4293141
0.27262896
-0.9312524
-0.28737432
1.9219412
0.46776664
-1.2026657
1.8461481
1.0470484
2.9212017
0.44676715
0.15285738
-1.3622766
-0.06120476
-1.7965764
0.45758474
3.9772108
3.3244119
-0.0775058
2.0008645
-0.15337196
-3.611328
0.50167173
-1.9843729
4.679723
-1.4161971
-1.6814473
2.3834374
0.45663777
1.6733807
1.573482
-0.026245005
-2.3803253
-2.197825
2.1368551
2.7583058
0.1292349
1.5292357
-3.9155161
0.5154557
3.1629882
-2.343031
3.9777431
0.86133254
-2.3577232
0.061944082
0.92970824
1.713877
3.7558703
2.0934176
1.1028942
2.7657177
-0.44552806
-2.036281
-1.363321
2.3228114
0.37353155
-3.0910459
1.4570707
-0.48033464
-2.770784
1.9589133
1.4146513
2.1315398
1.4278128
-3.175439
-2.707267
1.0623667
1.9876558
1.2662708
0.41350412
1.59923
1.8133254
-0.2592532
0.04208906
-2.279148
4.2044272
-0.2058337
1.7269565
-0.2668525
-2.8016002
2.0194473
-0.3769038
-3.3457277
-1.8487421
-2.7137764
2.6657605
4.231739
0.16843252
0.4626624
3.0096245
-1.4941895
3.7645814
-2.9558265
-1.3697517
-1.6280786
-0.5455498
-0.27262813
2.2481966
3.4207075
0.11088429
4.422699
1.0464929
0.39790642
0.17910013
-1.4707205
-0.7984997
-2.0901887
0.6709176
1.3995676
1.8849587
-3.1051643
1.9412572
3.3254962
-2.03961
-4.0219946
1.4621148
-0.45864803
0.5453146
-0.34760168
-1.098078
0.63818556
1.1970482
-2.6357322
-0.6076006
-0.24207124
0.48391387
0.16456732
2.1855159
0.37708694
1.2895919
0.75027096
-1.5125477
1.4507462
-1.5876037
0.7713014
-1.6316193
-2.7429264
3.292227