Neoma
0
0.33275717
-1.2513402
-1.3054467
-2.364327
-1.7888987
-0.10856691
2.6101453
3.5153184
1.9681174
0.111350805
-0.33383128
-1.0966402
0.2525578
0.47736478
1.4480604
0.5076717
0.88104105
2.3960571
-0.68521327
0.40690926
-0.21932758
0.43730295
-0.6366822
0.8103263
0.49555898
0.34066018
-0.40731466
0.404463
0.37814584
-0.602746
-0.94208
0.9265064
0.4887356
1.9711236
4.961032
-1.0161453
3.048675
1.0373803
-0.744769
-0.71215445
-3.4874237
-1.8847923
-0.11384552
3.2824075
-2.073563
0.35253114
0.489246
1.3723371
1.211297
-0.29283565
0.23032127
0.40866014
-1.2258171
1.0015721
2.0783963
-0.65347654
1.7222503
-1.1421131
-0.96798575
-0.9079442
1.4529479
-2.2167308
2.1515753
1.0182905
-1.5418063
3.072948
-3.8105311
-0.45707598
-1.4915922
-0.98577076
0.71769565
-0.8537428
-0.7234147
0.03297907
-4.671983
-0.093647346
2.023853
1.0444012
2.1854837
4.2270617
-1.428541
-4.2791214
0.9221599
1.4030653
-1.7147721
-0.4461579
2.5986755
-2.5843873
3.215121
0.24501272
-2.2773018
-0.8019592
-2.1624486
-1.0475935
-0.1102631
-1.9325653
-4.1784687
1.8012867
-4.0083537
-1.0534638
0.7897492
0.1726364
-1.4130242
-0.3174858
-1.0900252
1.154181
0.20292127
0.60331804
0.21498832
3.6639318
2.7773254
0.97976154
-0.62473255
-0.8592056
-3.4153495
0.033205673
-0.6522866
4.862348
2.849314
1.2404923
1.8288192
-0.29723525
-0.06112862
-1.1594216
0.18687421
0.459421
1.7933695
3.9130552
0.740975
-0.32060963
-1.9727123
1.0203348
0.81561065
0.50736517
1.4054055
1.1575886
-2.4112926
0.7050531
-0.15891603
-0.8211532
-0.13578135
2.5339313
1.4351565
-0.09947278
-0.82655597
1.7738346
-0.5927701
1.3964912
-2.466949
-3.348067
-4.4764566
-3.4105256
-1.6322298
-1.5123204
-1.1288666
-0.25722867
-0.053684466
1.105779
3.6723084
-1.4343282
-0.25651532
1.1615756
-0.957948
0.61391795
-2.3648026
2.362979
0.8533519
-0.6368761
0.3776709
-2.471288
-1.9019907
1.9116683
-1.9549792
-3.137381
1.561993
-2.1982079
-0.19820079
0.19403927
-1.103083
-0.54782546
1.171085
-0.07616229
1.9290316
-1.1143118
-1.9179883
0.55836064
2.6777432
-5.938293
-0.1766401
-0.97258705
-3.115777
1.1719922
-0.3703545
4.1433887
-2.1173062
-0.62558985
0.07933327
-1.2655194
0.69048434
1.1842053
-0.9956072
1.2016766
3.3238916
-1.7414913
1.4029965
0.88623804
-5.3203373
-1.0942595
-2.4093661
3.1007965
-4.351947
-0.17241143
-1.7830827
-0.3404643
-3.7106912
2.020334
-0.7408601
0.13436627
-1.2423977
-0.9163208
-4.6457815
-1.0152603
-0.68738097
3.4196005
2.1478958
1.2594621
2.2470913
0.8682147
3.0185723
-2.6460407
-0.8251424
3.2678251
2.5250628
-1.8645115
3.0517557
4.539108
1.140224
1.1870754
0.10668606
-0.69617313
-1.3509661
2.3406732
-3.6818626
2.2973907
-1.4648083
5.506337
5.311216
0.39451998
2.0645616
1.2001816
1.2383981
-1.4729394
-1.0945077
0.24112876
2.4338994
-1.482112
-3.4830818
1.5086734
-0.26517048
-2.98416
-0.35423082
2.5955417
2.8046556
0.8058911
1.524897
-1.8533245
0.4038631
-1.2290303
1.5998143
0.6883128
-1.0202209
-1.2614001
4.6096525
1.6074487
1.395828
4.416787
0.40559733
0.86491543
-1.54638
2.2905743
-6.1278224
-1.7640504
-0.5599607
1.8048733
-2.207525
-0.63168496
1.590189
-0.09275236
-0.5233239
0.18311042
-0.3188431
-0.27205718
0.5085905
-0.029376917
2.7581458
-1.1173338
-2.8453224
2.5303438
2.3598106
2.4128084
-0.44843835
1.7356485
-1.343325
3.3291955
0.92919326
1.8608881
-0.018691048
-0.48102644
-2.8105392
-1.4839902
-0.1864498
-1.6238762
3.6762938
0.6792005
2.9466665
-1.5022264
1.5215142
0.40435204
1.2233486
4.4306707
1.4904011
0.6795146
-0.70150036
0.96263546
3.6060066
0.36000416
2.5785463
2.6361518
-1.1012675
-1.6381603
0.31128648
-1.4131486
1.4111034
-0.44754735
1.1663828
0.17515509
1.3892184
1.4100962
-1.2053107
0.25646675
3.23758
2.5675848
0.020299442
0.99034554
-3.9520493
1.4788188
3.156742
3.6531115
0.7452458
1.3619184
-3.6010406
-1.4923719
-1.9624188
0.69696814
-1.0700406
2.178961
-1.6825352
2.0774193
0.8154837
-1.0522925
-0.81853825
4.404753
0.08003577
2.2452986
1.6669832
-1.5185107
0.78549355
-3.0107875
1.2352064
0.85926557
-0.02232229
0.7471599
2.0178833
-0.3250857
0.7975064
0.0811994
1.1513333
0.4835618
-0.8123663
2.5062826
-1.1273007
2.567121
1.3183242
1.216229
0.6966464
1.7531619
-0.41230327
-1.183831
2.0550933
0.057595268
0.6327828
-0.99848944
0.18104099
0.0037330762
0.62109727
1.219421
-1.2250113
1.532771
0.75521135
-2.0275908
-0.338193
3.2856903
0.8534906
-0.7181308
0.27404106
-1.8287603
1.6063913
1.526604
-0.731338
-1.5676602
1.9257767
-0.78204423
3.4076893
6.3469524
0.5475902
1.0017418
-0.694158
4.830933
3.6710815
-0.98335767
1.363342
0.11211867
0.44220638
2.4330952
4.0291653
2.1758356
-0.15099105
-1.7542837
4.5956335
-0.47909954
-1.0556836
-3.1281273
-0.109555036
1.7732724
-2.752949
3.723574
1.3408186
4.1025586
-0.44840294
-1.5093169
0.7414974
-1.300086
-2.7400112
-1.1070802
0.4549487
1.6773612
2.138749
-0.9845067
-1.5305798
1.1167299
0.9573487
1.1141186
0.63557684
0.8941584
0.99213105
1.640135
-1.2472395
2.3499882
-1.369388
0.3276623
0.44505095
0.3291052
-0.63893956
-1.2225064
-1.7122788
-0.45058495
0.95314115
-0.27561733
0.5699776
0.5099174
0.9541461
-2.8174598
-0.94847983
-2.3632169
-2.6114101
1.1342847
-1.9853388
-0.6291695
-0.9677338
1.1345867
-2.0019412
1.3029014
4.020859
-1.4656363
0.90634483
1.6116472
0.7118464
-1.9985034
0.7603757
-1.6657678
0.3431934
6.4970474
0.95377654
-0.45647538
0.0922916
2.3534813
0.7418093
1.3607028
-1.8995763
-3.7823515
2.3434324
2.1437666
0.3040173
1.2605145
-1.0504314
3.8038394
-2.1307895
0.24238163
1.9196888
-3.1590116
1.7085693
0.79013574
2.2310884
-0.67109877
-1.3508054
0.43671432
-2.8846283
0.39875805
-1.4404051
-0.472235
-1.2800767
2.1999726
0.6310956
-0.716151
-0.86646307
3.211215
0.37317023
1.4478642
3.4523997
-0.063256934
-0.9379147
-0.6061013
0.15366626
-0.5337654
0.931669
-1.3217297
-1.9870815
-0.46958527
0.053455334
-0.67680234
-2.8952196
-3.8387501
-0.69310707
1.0877076
3.8510072
-1.3502281
1.7418096
3.0647855
-1.124643
2.3765945
0.23443982
-4.4903436
1.6849326
-3.7848911
1.7022831
0.6437027
-2.2911835
0.24129288
0.2100032
-0.66116256
0.17674954
-1.3634816
0.17729917
0.8213256
-2.101168
1.2851981
-0.24627388
1.8862997
-1.6272273
0.9707299
-3.0908973
-1.4295956
-0.12366827
0.8295107
1.6015171
-0.4901073
0.041859873
-3.8342943
1.9187449
0.1879822
-4.013778
2.5929585
0.5938378
1.2335544
-1.531892
1.4914423
-0.16802475
1.2529176
0.25946492
3.9669602
-2.0321736
0.44510722
0.62933743
-3.446667
-1.5760866
1.0821214
0.14204377
2.1835835
-1.3670707
0.9707664
-2.2052357
2.032154
-2.5610175
2.619513
0.85307425
2.6083443
2.885381
2.5056098
-2.8225062
1.8895894
-3.1290414
1.7567248
-1.3620503
-0.6445133
-2.351874
-0.17471217
1.4813193
-1.921046
1.5759599
-1.7931063
-1.7885424
-1.3222598
2.200815
0.9963447
1.5740155
-1.6604877
3.1633518
1.8890685
-0.36068684
-0.63792217
2.269001
2.1747704
2.3996758
0.123168
0.20101929
1.0413499
2.9033628
-3.6179028
-1.3881617
-1.5651855
-1.7197276
0.16496183
-0.0997771
-1.456259
0.06919932
0.7327217
0.09802869
0.5891428
1.1137367
1.9596223
1.3480304
1.0420557
-1.1287627
2.0517023
-2.5305567
3.5264251
1.7747532
-0.70869446
-0.06551888
0.9514541
-0.4453952
0.6371883
0.54019564
-3.1427896
-2.0904484
1.9246777
0.6330997
-0.37072423
-2.1949136
0.9810364
-2.6588397
0.84913456
3.493806
-0.65285695
2.2321212
-0.3729613
-0.5425782
-3.9756403
-0.22599116
0.24630886
4.6342483
-1.5090326
3.8551333
-3.155243
1.1201074
-0.012417242
-2.1231868
2.535774
-0.16444364
-1.6671348
1.5315183
-0.22817136
1.2855513
4.488928
-0.16269249
-2.4174528
-0.51823676
-0.9725244
0.01341337
-1.4472716
-1.9828835
-0.03760579
0.7573391
-0.95324796
-3.7800417
2.710157
0.07513354
1.4783882
-0.59926903
-2.3804011
2.9133675
0.5534391
1.690022
0.70683295
0.29390287
1.0146267
-1.7600574
2.5337048
0.532812
-2.15878
0.109367564
-0.05668468
2.3649313
2.1648288
1.2225366
-2.5827963
-3.0426948
-1.3778003
-0.38398433
-1.4885945
-0.11323612
1.9912422
-0.98975426
-1.7826629
3.4486816
0.7657081
-1.3222363
-1.3180908
-1.523551
-0.75421995
-0.8952114
-2.4368393
1.8562789
-0.9004673
1.3240879
1.3142899
2.7357426
3.4518569
2.6893597
-1.7351562
2.8404584
2.6936188
1.709999
-0.058868233
2.0879016
2.5298378
0.033262588
-0.6328775
-0.7817729
2.1233635
-1.4978318
0.6157817
3.8895001
1.9194522
-5.2040696
1.6485125
2.7185066
1.7766681
-0.067267716
-2.544929
-0.8675371
-3.859772
-0.0038588569
-4.2205067
-0.00741674
1.9081596
-0.7557774
-1.8819722
2.7321477
1.2670163
-0.8701983
-1.7747146
-2.177931
-1.827764
-3.0923712
3.05964
-3.027988
-0.1789322
0.42198402
-0.3386199
-1.9823624
-2.039518
-0.024983943
-0.9485914
1.1934545
2.1835642
-2.6447706
-0.13094729
1.8682262
-1.3561084
-0.9129202
-2.3053217
0.48737308
-1.3378253
0.137337
2.0645404
-0.10401554
-0.9686298
1.4562987
0.8080302
-2.2266216
2.354496
-1.122085
-1.9850819
-1.5509255
-0.61558867
3.1728163
-1.5903299
-2.1310732
-3.4803777
1.5322875
1.0475582
-0.44402435
0.05962433
0.735781
0.7565265
2.0600574
0.2790046
-0.8062702
-2.9990573
2.7358353
1.1560785
1.0969776
1.1840588
1.6477101
-3.339779
-0.990287
0.39958248
1.0165795
-1.4684128
-0.52637565
-2.997924
1.0763117
-0.38563412
-1.8806487
0.09648727
-1.886773
2.825769
0.31514427
0.03564842
-0.39011312
0.890164
-1.5554999
-0.38331133
0.33099023
1.4208761
-0.5353192
0.0446892
2.2645564
3.1008523
-3.016121
-3.101991
3.5443738
0.34083495
-1.543758
0.25707555
-0.15111333
2.9734702
0.47420132
-0.366517
-1.2657394
0.73478603
2.1989803
0.70569396
-2.0667648
2.153251
-1.6051996
2.8053398
-0.46576786
-1.3465284
-0.7618457
4.1302633
0.8760423
0.33626953
-1.8674593
-0.48808718
-0.3234628
-0.7240019
1.3934814
-2.0667984
-0.5095928
-0.20833099
-2.6588845
1.7214041
1.9009635
2.15762
1.6682076
-1.3954246
-2.5534396
0.1501612
2.1876624
0.7392972
-5.3531566
-2.5381725
-2.3383174
-1.3359429
-1.6585962
2.2384002
-0.84780675
0.2389017
2.346407
-0.37098795
0.27096108
0.16906089
-3.3770788
-0.8487595
-0.60923487
0.14501917
0.17112145
1.3172424
2.1496546
-0.9156147
-3.657515
-2.1082327
2.6317322
1.8929513
-2.7461417
-1.4498537
2.0395937
-3.4114068
-1.150581
2.1758988
0.05480607
-1.2276729
3.201964
1.2311008
-2.5030282
0.726094
-0.35538632
0.6145618
-2.5796194
-0.6318481
1.4121126
-3.4538183
-0.5735441
3.6054807
2.8852005
1.6258496
0.81632733
0.630132
-2.8712587
-0.269217
-0.45797545
0.732091
-2.8307931
-3.3382237
-0.07503629
3.2714627
0.04958906
-0.16259617
0.0033588335
0.37458527
0.5586612
-1.1351407
-1.0430161
-0.31946853
0.79604226
-3.2240844
0.822164
-2.2423604
2.1038754
2.8349023
0.36133626
4.4867034
-1.4512879
-2.0036447
-0.33961773
-0.75701267
0.4307356
-3.5329373
1.3195516
-0.03464997
0.25468543
-0.7373207
1.4815346
-3.0371656
-2.5078967
-0.7582985
2.2315485
2.006864
-1.6512781
2.1838553
-0.33964333
1.1614668
-0.8993836
3.144457
-1.7217875
0.58625674
0.13746288
-1.5340769
-0.22252479
0.5789011
1.2630749
2.169239
0.63408303
2.8144124
-0.3444327
1.2181083
0.38327414
-1.890861
2.3445225
-0.5336365
-1.4516898
3.0584593
-3.0540357
-0.5767126
-2.234382
1.8706777
0.09818138
-0.4722208
2.4894636
-0.1721642
-1.9762667
0.8056673
-1.8671201
-0.10681371
0.48119578
1.9323765
-1.933394
1.099037
-2.855563
0.3396293
-0.9918696
0.511574
2.8955798
-3.1382487
0.72664505
-0.36843172
-1.2783096
-3.2359533
-3.5472567
2.9604108
0.8488053
1.5885512
-0.5185574
0.116914645
2.6078203
1.5626559
-0.25035918
1.4703401
0.7303919
0.6235693
-1.8177595
-1.9916228
-4.002802
1.1281016
-1.1568652
0.7274795
1.1398166
-0.26944894
-0.92512065
-1.8079838
-0.33838105
0.16137363
-0.8955306
2.978512
-3.1052253
-0.66363513
0.63463265
0.8791802
4.284162
-0.33412093
-0.39376637
-0.57671034
-0.6736905
-0.87726814
0.37193587
3.6612823
-0.66006494
-0.003414087
2.555736
-0.26132315
-0.7229164
1.7325889
0.5696129
-3.181071
0.07558331
-0.8752659
0.27921596
2.0644968
0.0069171414
-1.2354482
-2.024975
0.5820057
-0.86787176
-0.6036821
1.8650639
-1.2358154
1.5955848
-1.2986827
-4.292219
-0.85511893
1.5185994
1.523062
0.06313972
-1.7104636
-0.7397841
-1.8124318
-0.992191
-4.0967584
-0.6035247
1.0669044
-2.4227777
-1.0511632
0.25625336
-1.8860434
-2.8380864
0.24435082
1.7307637
-2.3631148
0.924786
-1.1706569
-1.8163668
2.3895051
2.6637
-1.6320907
3.8732903
0.39214528
-1.8311634
2.3321805
2.2317395
0.17251137
2.348093
2.0577922
-2.2737596
0.160636
2.0710309
0.2761755
-0.080579996
3.1759458
1.5865881
5.1099224
1.3550588
1.2474246
-1.0768185
-2.511667
-0.97998947
1.3904389
-3.2993906
-0.5518061
-0.29449493
1.4568659
2.764919
2.9527879
-2.7023394
-0.3559963
-0.51021767
0.66782796
3.8012247
2.2354288
-1.8588674
-3.6213496
-2.0210419
1.211752
0.7955722
0.18106428
-1.981779
-0.47328287
-3.2048905
-0.014168907
-0.54115087
2.8410792
-1.1141552
-0.98916256
-1.3481797
4.836634
-1.6658665
0.35843116
1.9771633
3.6414354
-1.6407223
0.39391127
-0.29115325
0.544995
1.7519616
-0.4205204
-0.5982022
-0.07825376
-1.5595945
-0.7694875
2.002707
-1.5071576
-2.2549343
-0.548522
0.4985964
-3.7212734
2.4530618
0.121158145
1.4124753
1.3657979
1.0370933
0.6040477
2.2595315
-0.111227445
2.965066
1.3517797
1.6159941
2.63508
2.8987749
-2.401537
0.927308
-1.1911026
-0.2168566
1.0379251
1.776435
0.059645824
-1.1646612
-0.76015246
-0.9315875
1.2910513
1.7743398
-0.5549629
-0.3513702
-3.6613142
1.3185759
-0.77326363
1.1557163
3.3042061
0.8300766
1.68359
2.7764955
-0.5452938
0.13699552
-1.5875587
-0.4571898
-1.2800004
-0.83625394
2.4447577
2.6314147
1.0445174
0.036093146
3.0579565
-1.6700581
0.9611566
-0.5851019
-4.909083
0.7622562
1.6176063
-2.237949
-0.2043404
-2.32969
2.9799101
0.8117686
-2.502046
-5.448717
-1.1006274
0.69631857
0.17099048
0.64314693
0.8244386
0.93131185
-1.5320351
3.5280633
0.21108675
-1.0760895
0.9108959
-0.5585161
-0.5031965
-0.10520672
-0.09669414
0.7689203
-0.32953247
-4.646144
4.355383
1.4219114
-2.4573019
2.4355853
-1.4871716
-1.0175639
2.0046415
-0.5508228
1.3269689
1.4458288
0.16070586
-2.9039073
-1.8948168
1.0934647
0.39883074
1.0124018
1.5267323
-2.0578544
-0.27750057
-1.6415473
1.9002643
1.619961
-0.6007986
0.6866834
1.3497388
-3.9905536
2.1381824
-0.21582158
0.3812855
1.9016693
-0.8344704
0.82542247
0.8579228
-2.9250953
5.8418202
1.822652
-3.0251431
0.9325505
-6.046953
0.43916118
-3.1210575
0.016294785
-1.1603808
-0.9747099
0.38144994
0.0751878
-0.4261296
-0.024968758
0.9089646
-1.186191
-2.0713918
-1.3024541
-0.31365028
1.0332947
2.357961
-2.7376368
-1.1018362
1.5136211
-1.448123
-1.5393393
0.96894556
2.8044543
2.036386
-3.1189637
-0.65110517
-0.1339908
0.98099655
-0.7607439
-0.4323535
4.704434
5.3474994
1.0224456
0.65095747
-1.5536097
3.8137565
1.0609592
1.3244181
-2.993123
0.9552177
-6.123212
-1.0974547
-0.5996378
1.7313523
-0.3810741
-0.062957786
-0.58854973
-0.1718997
-0.39643392
1.9560223
-2.2263017
-0.039128937
3.7630758
1.0752321
0.64079577
0.4885936
1.831433
0.53135914
1.9488776
-2.9701607
2.1185727
-1.5053824
0.32636297
-2.974812
1.5105836
1.4159552
-0.77742696
-2.1193397
-1.2680935
-0.7290293
-0.29621184
0.46184117
0.8473625
-0.21534154
-0.6670106
0.33917758
0.71111524
-1.1059333
-3.1003313
-4.261546
-1.8678105
1.8115218
0.8534318
0.91901654
0.11145858
-1.2579209
0.065940365
-3.0878248
-0.2691139
0.35464126
0.863206
-0.91248244
0.1481351
2.1958032
0.22972366
1.8716987
-0.004973054
-2.2295196
0.27061567
-1.6931419
-2.6121516
-0.985337
0.37922448
-0.603954
-0.62449294
1.8941799
0.8666692
-4.0498586
-4.2427154
2.015413
-0.08608002
-0.14280948
0.9190235
0.7411917
0.407415
-1.7956595
1.0076449
3.4405277
0.111009195
0.40209085
1.4693973
-2.1044657
-0.5392759
-2.345322
-2.7229006
0.49443913
2.6799858
1.674352
-1.3773807
-1.7802593
4.111337
0.7194076
0.18742767
-1.5596656
-1.1605433
0.6057335
-0.8184441
0.6210285
-0.5059154
-0.44850844
-0.02815473
0.5864896
-2.4281619
-1.0391315
0.65881646
2.3102317
3.1055937
-0.19379315
3.191825
-1.8793861
2.5116472
1.6395345
-3.0085192
0.78009325
5.306441
1.1415831
-0.28788337
-0.32994723
1.2197369
-0.19072102
1.518271
-0.8229957
-0.6729396
0.16321838
-0.48183468
-0.2927019
-1.5876321
-2.8044899
0.38135022
0.05801635
0.22498697
2.7774699
-4.864435
-2.678509
-1.4765891
-1.1465068
2.7319953
2.6110911
-2.3546195
-5.662935
-0.48209012
2.325348
-1.7777857
1.4731055
0.38079098
0.190213
1.8582096
-3.2422824
5.977809
1.1590179
-0.8623784
1.7397532
0.86119395
2.4743567
-0.15708762
-3.1483302
1.8806118
3.8893044
0.39213884
1.4464474
-0.6992803
-0.804279
1.6893808
-2.170501
-1.7009383
3.251891
-0.5787842
-3.4628608
-0.77307004
-1.3597512
-0.85647273
1.4328179
1.4558557
-0.30903125
-2.7535098
0.08889088
-0.17408228
2.5768325
2.1156216
-1.7884816
1.2126892
-1.5329337
1.5390465
2.2453532
-2.4325125
2.0973816
1.3634131
-1.8186872
-3.5785563
-1.5803528
-4.0558333
-0.861117
2.3764699
0.49160582
0.56750894
2.5001817
0.245157
-0.636341
-1.859543
1.5989269
-2.3502638
2.6714983
1.0240451
-2.0750341
0.7240015
2.3126082
1.5224742
0.13163087
-1.1445374
1.654119
2.1401324
-2.4484684
2.5805044
1.8902893
1.921124
-1.9920707
-4.391456
3.425453
2.3381374
4.808276
-2.9007542
-1.1211534
-0.69932896
1.2202811
1.0294007
0.24901721
-0.35085768
-0.73431784
-0.2001617
-0.9835981
3.2949624
-0.061540984
0.61969566
-0.27283317
0.04533484
1.5622561
-1.8293684
1.1143674
-4.5693274
1.7587005
-0.279659
1.3535174
0.08233242
-0.23087728
0.52946216
3.624264
-0.33772168
2.1526077
1.1107321
0.0060492605
1.3096193
1.1255589
3.4401023
1.699233
-1.8860947
-0.031243876
-3.2140875
-0.29096597
1.6171917
0.8953943
0.9617265
-1.2738924
-0.9867334
2.543938
3.0426466
0.45887038
-1.3119553
-1.135394
-1.7518908
0.45785344
-2.722093
-0.55311215
-0.62781125
3.5423903
0.686783
-3.4485593
0.16455474
1.8995396
-0.5349436
0.5475637
0.7057392
0.16121504
4.605759
1.0292737
2.1788
1.9060601
-2.941342
-0.07171168
0.8725355
0.14359857
1.9554555
0.8117029
2.6008408
-0.17854533
0.93240917
-0.92559403
1.3054987
-0.640792
-4.1678305
-1.1213436
-0.7173261
-0.29014295
-0.31672674
-0.5285848
0.22225386
-1.513081
-0.7187576
0.37503436
-0.7435674
0.34767064
-3.525416
0.2871561
3.2820837
1.1402992
1.4797567
0.010414839
-1.7434571
-1.0794053
-2.00978
3.3967454
-3.1087844
2.8075995
0.75637203
-1.0984391
0.19249168
1.5184782
0.58145356
-0.045737486
-0.06204967
0.6468035
-0.20358858
2.5027752
0.8370793
-0.5379884
0.7586824
2.3931816
1.2134463
-3.8417876
4.113226
1.8880324
0.6508331
1.788455
2.132905
3.6737394
0.86327004
-1.6523193
-0.9161488
0.75077593
-1.0429447
-1.2381811
-0.21556017
0.5564941
-3.7212942
-0.09111666
0.85117036
0.20242068
3.4839458
0.8996233
-1.6412903
2.918218
-3.1040573
1.5763557
-3.3188155
0.3939041
1.2561127
-3.4134145
-1.1214226
-2.0868948
-0.23603088
-3.2117026
3.3085382
0.9637018
0.26226306
0.59187424
2.0576365
-1.1919607
0.05988346
-0.51457506
3.3792253
-1.7495952
-1.4669639
0.49414167
-0.32022446
-0.3463208
-0.19422182
-1.3837802
-1.3838007
2.1578646
-1.8989774
0.93518376
-0.0020940825
-1.0750203
1.9223121
-0.10614569
-3.7557142
0.103223674
2.0851321
-1.9377532
-1.891801
3.5438054
1.137835
3.0690346
3.552181
0.95818543
1.272403
-2.3725345
-2.9336119
2.0156121
-0.014149092
2.7828002
1.4499872
-3.359819
-1.3158609
-1.9454987
-0.4305249
3.3381
-0.7023561
1.5427953
-0.43341523
-0.027999714
-3.2970512
-0.94279724
-2.1537118
2.009201
-0.17856376
-2.74051
-0.7522642
3.191039
-3.9658842
0.6470524
-0.65964055
-0.8897304
0.65646964
0.41772926
0.94223887
1.9896317
0.07411893
1.5511886
1.5224465
1.2785995
3.2217026
-0.65331656
-3.2487597
0.096395195
0.31044972
-1.8842776
-0.087918155
0.58359456
0.53036255
1.7141197
2.4928691
0.43406904
2.2714324
2.7938488
2.7271767
-0.6013451
-1.0620847
-2.3988855
-0.7086075
-0.32070088
2.4322698
1.115835
-5.482778
2.136939
-0.21576971
-1.9570537
1.4313811
-0.9674465
1.1019565
0.1485802
0.7476491
-0.1092919
-0.30114844
-0.012710206
1.353231
0.3752157
1.1677672
1.3149834
2.2812066
-2.2193625
0.2303122
-0.56178355
-1.0550185
-2.5987551
-4.1224174
-0.26836064
0.5464384
1.3502461
-0.90863186
-3.6765862
-0.019259967
-2.526024
1.963421
-1.1768137
1.074649
-1.889364
3.8534813
0.23210254
-1.0670836
-0.6732175
-2.094227
2.1558902
-1.0434005
-2.1324463
-0.62647337
0.16391647
2.8273413
-2.2282753
1.0515046
-1.386732
1.0484967
0.866229
3.6155913
-4.08477
-0.5264604
-1.0896348
1.5923231
-1.2927984
-0.2858736
-1.8034099
1.3997146
2.927556
0.32112017
-1.7699863
2.5561194
-1.1999631
3.7715697
-1.0118198
0.52009875
2.1485608
1.2204355
1.5436867
0.62099445
1.5569837
-1.6145597
-1.4120697
-3.6326892
0.28375483
-2.2093575
-0.6124531
-0.38424003
1.0719011
-0.35727823
-0.45478463
2.0101137
1.0726713
-0.9372276
-1.3778712
-3.3545642
0.66200304
-2.5681648
2.276561
0.39856133
1.4910344
1.9699594
-0.74425006
-1.9703393
-0.6455165
0.26491416
0.011302881
2.1010296
0.15959224
-1.8867251
1.6091906
-2.5598288
0.7007331
0.26620603
1.0172404
0.7773678
-2.53657
0.4268519
-0.52649343
2.2835402
5.259566
2.359683
0.1875245
0.68869054
-0.8825791
-0.6027208
1.5499673
-0.6319406
-0.45972586
0.81458145
-0.32334614
-0.4384652
0.7605151
-0.24229988
-3.4106627
-0.672997
2.4779656
1.7031691
1.6371765
-0.5384354
2.5154321
-2.5013473
-0.23957571
1.1382477
3.7104516
1.9000322
1.9395926
-0.5590455
0.6785874
2.0653396
-0.26888582
1.2171799
-1.9997172
-1.1115388
4.1444244
3.994164
-2.926175
0.6098161
-0.9094712
0.22299547
-1.8488759
-1.2293084
-1.7439257
0.24750645
-0.09401166
-0.860232
-3.3510628
2.269045
-2.1055174
-2.9025989
1.6292102
0.8391024
3.318953
-1.5847597
-1.2734812
-1.3447455
0.53195
0.7158088
1.7075708
1.7133577
2.4228764
-1.1522733
-0.37168437
-0.49659494
-0.3951211
-2.9433703
0.9018883
-2.2037115
-2.471262
0.8928447
1.7444825
3.7188952
0.25950095
0.0658769
-1.3815216
2.9862723
3.8131287
0.9577388
1.4813253
-1.055951
-3.8318973
-1.1432561
-1.3310118
0.20830563
-0.39875063
0.74357045
-1.5961916
-0.37478074
-3.4665942
2.0189714
1.7252866
-0.7568368
4.776375
1.0269907
0.26301897
-0.11329084
-1.4047374
2.4146018
-3.1286254
0.33189768
1.3772353
-0.61974114
-1.782043
-0.0822687
-5.2221427
-0.44113815
-0.6072091
-0.7928613
-1.0921713
0.04622841
1.7133646
-2.087994
-2.8298607
3.1416402
-1.5484494
0.31502748
1.3046179
3.6850355
-0.11611898
-1.3459741
-0.03513086
-0.4560587
1.3377979
0.1726585
2.0891283
-3.9281187
0.22507228
-1.3398024
0.105288625
2.5711844
-0.36185223
-2.2580073
2.6708221
0.35902816
2.3600683
-1.5430667
-0.69726264
-0.895684
-3.595968
-1.7726641
-1.7322124
-0.29089713
1.2107404
-1.5903987
-3.536255
4.976994
-1.0624254
-1.5395339
0.43073988
0.7770728
-2.0221593
-1.4374279
-2.3670404
-2.630387
-1.21256
-0.89398265
2.4566615
0.3944285
-1.9862548
-2.7170873
0.5017596
2.7419767
-1.1955807
-1.6065534
1.8197014
-0.21078265
2.9216425
1.3522555
-0.25370818
0.5583619
0.1312701
-0.013430666
1.5441225
0.09329818
-1.2915869
-0.00740993
1.7707721
1.3558382
0.50191855
0.29448354
-1.2979034
1.1059881
1.8515254
2.1125216
1.0909123
-1.2275075
1.9606768
2.2864223
3.4104095
-0.8042436
-0.7860742
-0.69066983
3.5646982
4.148794
0.5528701
-1.324466
-0.38755214
2.227254
-0.31922635
-0.5732381
1.9623889
0.4280728
1.5782571
1.6322557
-4.1159153
1.8570539
-5.802169
-1.4972692
2.983868
-0.42337042
-5.670417
-0.5920779
-1.866479
2.0785396
-1.4936734
-0.72053146
2.4693751
-3.7794611
0.61123794
1.8760741
-4.013377
-3.0158298
-2.0685313
2.2375035
1.7685958
-2.9335258
-0.95494044
-0.86607474
-0.055436857
3.3258832
0.49906707
-1.1116688
-3.905582
-0.2638987
-0.41877526
1.2686629
1.4186306
3.2461982
2.0005476
1.1054969
-1.8669264
-0.67531353
-1.0576085
-1.2031506
2.5973554
-1.5420337
0.184199
-1.3223548
2.0384512
-0.048753336
1.4907916
0.3653819
2.7897263
2.764771
-4.434534
-1.0539415
-0.15032217
0.83944035
-1.2805693
-1.4315705
-0.09547488
-2.4681618
2.9427373
-0.45869195
1.6707177
2.2736397
-1.2047942
-3.0575027
2.6615753
0.6028491
-0.845492
-4.632156
-0.83165437
-1.5705159
3.0007992
-0.915417
-0.38212657
-0.18193269
-2.3699718
-2.569745
-0.685296
-1.0055693
1.9689081
3.1509326
-2.7201407
-2.9624953
-0.601448
-1.257429
-0.9634474
0.12773001
2.302717
0.5772639
-0.9566756
0.11950957
1.307485
3.351565
-1.4215662
3.2174947
0.6682483
-0.6795123
1.4407092
1.1459402
1.4027821
-0.95031023
-1.5801147
2.6502337
2.794114
-2.9876814
1.8582362
-3.3640945
0.5548112
-0.8688648
0.9540701
-1.0066532
1.6951376
-0.9178939
-2.0610332
0.875586
1.8306168
-1.4179776
-0.028440215
2.1907806
0.32854366
2.026012
-0.9571427
0.7156321
0.14342342
-1.3293753
-3.5756254
-0.040116534
1.4004581
-0.8835075
-0.5470213
0.35120702
0.40525007
-0.3330518
-0.69461685
-1.6592966
1.6429845
2.5580175
1.7132195
1.2020246
-0.41800594
2.6499486
0.7160291
-1.1339487
0.8018237
3.8653116
1.685911
2.1588304
-0.6558254
0.542287
-2.9070592
2.3754072
-2.634023
-0.14324722
-0.95039666
0.38798162
0.50006026
-2.1768022
1.9468044
-0.6498135
-3.1098084
-0.55378413
-0.020100132
-0.68812984
-2.787326
-1.3923792
0.040562924
-0.36479962
-0.055387594
-2.1302204
-3.381963
0.2896149
-1.9146627
2.928531
-0.27904877
2.039498
-1.7115945
0.66885656
0.7817366
-0.17000513
-0.8059233
0.98096275
0.80237705
2.2861168
1.3641738
-4.065435
-3.3204842
1.7883508
2.0462656
-1.5340081
2.7633538
2.9630663
0.38109726
-0.8551115
2.4204314
-2.4749813
-0.4261062
-0.27656323
0.063529074
0.38550362
2.6869845
0.824385
-0.13123122
-0.8855203
-3.4375882
-3.472305
4.9943147
-2.4793186
1.2727009
-1.0652455
-2.4256678
-0.6110043
-3.1664565
1.0071614
1.4801261
0.2422317
4.486027
-3.7079294
3.7569814
0.62363994
2.2058113
0.025143325
-2.3758476
0.17345971
0.17506489
0.07762108
-4.111429
0.7172305
-0.3236857
2.4025347
-0.5347131
0.10512189
1.6171263
-2.6160076
0.552755
-1.7437708
0.34331715
3.5081344
-0.0013269186
0.54303074
0.23993057
0.39507636
-4.3304877
-4.058252
0.8656009
-0.6481745
-2.3774118
2.439855
1.3009645
1.8740344
-2.7885587
-0.43283397
0.99432164
-2.6307213
1.0711043
-0.3116539
2.3375142
2.5399659
0.16458383
-1.0359604
-0.37827522
-0.5531884
4.1142826
1.9676234
-1.8867166
-1.2017759
-1.6480013
-0.4416249
-0.45457405
1.8098236
0.23386651
2.4499722
-0.8932158
0.915219
-0.8822917
-1.3438425
1.1836234
0.94849175
-0.15530652
4.811356
-0.15689239
-1.7309793
0.4962547
-0.6865858
2.1325555
-2.3833787
-4.549351
-1.0831164
3.114325
-2.1243498
-1.0237391
2.1153347
-4.3393445
-1.2086036
-1.5516664
1.9012443
-3.1009798
-1.0982867
0.51581305
-2.7398148
1.34275
3.5699108
0.9205642
1.0374571
-1.9400196
-0.9344074
2.991496
-3.0028086
-0.33182836
0.13772523
2.4604733
1.6852422
-2.8878078
0.081476234
0.9586684
-1.6725913
-3.318448
-3.1602488
-3.2040038
-0.9105918
2.9727712
1.2344327
-2.965071
-1.671811
0.9911459
0.57984614
-0.68452805
-1.3248966
-0.10868814
-1.4572531
1.1963998
0.19557776
-0.4062817
-1.6916797
0.024939142
0.37925187
-1.1285443
1.5587827
-0.403503
-3.5793028
-0.5636401
-0.9827946
2.58728
-2.7152488
0.9322631
-3.8099456
-2.5141063
-2.0935247
-1.2681025
2.4318497
1.4128071
1.0189911
-0.44228634
-2.3007915
-1.3963487
0.99533606
0.77663887
-0.9239716
-1.0280659
1.3912696
0.99470115
-1.5977306
1.4081085
1.1119301
-3.8580785
-1.3374791
-0.11850254
1.4989231
-1.5712284
1.8654076
0.45235726
0.29191887
0.24175815
-0.4001778
-1.4904808
-0.37312907
0.03901267
-1.2976141
1.8594048
-0.3736447
-1.5086353
2.2967207
0.6968122
0.1672606
-0.11986994
-0.6667114
-2.9386349
-2.2918878
-3.064696
-0.56878203
0.70218927
-1.2036463
-2.4480605
2.8047743
1.974418
2.5510552
-2.1959274
1.1468458
-1.6041306
0.20998627
0.008760273
-2.4063811
0.6553879
1.1976336
2.0397751
-1.8396271
-3.321981
2.6887136
3.531806
-0.12433556
0.98452294
1.1160394
0.482706
0.3655573
-1.108852
2.475442
-0.2972002
-2.0225809
-1.6965669
-0.72191316
-0.8627889
2.900253
0.9474192
1.4482235
1.7814761
1.3193494
0.4742351
0.74701554
1.2623028
-3.4947774
1.0865613
-0.7549686
0.18060827
7.595955
1.0912315
1.9866737
0.83363634
1.3420867
-1.714248
-2.199634
1.9066772
-0.4273722
1.0742587
-1.1332285
0.93490916
-3.3845327
-0.59838617
-2.3347592
1.5997934
-2.5174747
1.6508733
1.8592522
3.065571
0.9381973
2.928996
3.2847075
0.38773242
-0.59187865
-0.97796786
-2.3664207
1.5796853
0.008425355
-4.107212
2.203866
-3.812176
0.38171563
2.7246356
1.6357095
3.7175925
-0.15521209
-0.82177734
2.0032442
0.8650294
1.13689
-1.1540588
1.3702708
2.05938
0.03186824
-0.58068985
2.1267536
3.0808864
-1.071338
-3.1496344
1.2186829
1.4228727
1.9788071
0.67855644
-4.8980827
-0.94115645
-1.433025
0.014610831
0.7575298
-1.7031296
-2.1622126
1.3574134
3.5715458
-0.43013796
-4.3738246
-1.7586114
-0.80156136
0.15949452
2.3985913
-0.46845198
1.3834711
2.0730042
1.915569
-4.1860538
-0.6624142
0.70812106
-2.3004837
-0.56003094
2.4302843
0.78964525
-0.1076767
-1.9311621
1.8628637
-2.860427
2.348118
1.8050405
3.227631
-1.5635209
-1.2535858
1.2358778
-2.4605775
-1.2057024
-0.83008546
-2.590125
-2.2107036
0.54782575
-2.868207
4.937406
-0.6044205
1.3409132
0.7880258
0.41826242
-1.7557077
-0.6605439
1.0753528
0.17426866
0.63846725
-0.2956458
-0.9249234
-1.1738735
-2.511413
0.4129983
-0.17043951
2.2439675
1.1544847
0.33852544
-0.53379726
-0.6002986
0.09451097
-1.4679834
-1.0516483
2.5646534
1.3615451
1.9832673
-0.50691736
1.2638116
1.4411434
-1.070725
-0.82026464
1.2432483
-1.6947277
1.8630537
0.7394944
0.21972358
-2.4948306
2.5702345
-1.1711606
0.37280363
-2.474679
1.3225553
0.52225596
-3.0676503
0.06887887
-0.78787005
-2.2663114
2.3819551
1.5941408
0.68503904
-1.7156568
-2.336272
0.0025231466
-0.010431051
-3.0849075
4.3953958
2.0166664
0.6470626
-0.714784
-0.3824739
-3.2027059
2.0959466
-2.0316255
0.71151435
-0.9784162
-1.3301362
-1.498911
-1.1358606
0.32766187
3.3369257
-1.14402
-0.26120758
1.6770107
1.7307155
-0.66443056
1.3672059
1.603981
-0.22668672
-2.939559
0.021229532
-0.13513958
-1.1605475
-1.3309648
-2.63748
-0.6335464
-1.6156039
-0.97721297
0.35320675
1.6501533
0.118338674
-0.24586175
1.8300064
-0.026102886
-4.080993
-1.0962077
-2.0165658
-1.46448
-3.0847983
-3.3630335
-0.5477952
-0.3320588
-0.90373
-0.6778458
-3.7084672
0.7804506
-1.454685
1.652839
2.6674917
0.24603355
-1.4485942
-1.0438732
-0.38616523
1.3076959
-0.83105296
1.5340519
1.4486054
1.0755463
2.9732337
1.2209582
1.0792046
0.4628064
-0.89924693
-3.8779473
-1.0517905
-0.45081884
1.1454266
1.5021818
0.78349376
-0.7519393
0.060692683
-1.7202897
3.9169736
0.40583208
3.3178132
0.3244104
-1.752001
1.5024272
1.9147452
-2.2125854
-1.4158791
-3.4788017
-0.86982065
-4.619725
2.868348
-1.0526589
0.05789667
-0.9786798
2.4273596
-0.108130194
1.3607537
0.33394712
1.42906
-3.1574852
0.9981607
-1.8940545
-1.4509221
2.068977
-0.9903291
-2.2052522
1.4749836
-1.6950955
1.8865849
4.291683
-2.2773116
0.21639328
-3.2561357
4.059971
-1.3516508
1.6332328
-0.6271158
-1.2893693
-0.5246111
-3.053376
-0.23140389
0.5120963
-0.4448604
2.4331536
0.029348321
-0.0069399923
-2.26089
-1.1935022
1.1544359
-1.9175563
-1.8771222
-1.9789524
0.24765456
-0.32880712
1.3577638
2.6456993
0.858619
-1.2418262
1.6921304
2.0816045
-1.0655564
0.39619225
-1.5429627
-0.47750095
0.23194826
1.3112357
-3.6634805
0.10350943
1.8044794
-1.4237539
-2.767834
-1.2717767
0.72775865
-4.514865
3.4032342
-1.1938726
3.1909297
1.1290377
-3.6071858
-0.2719357
-0.5278718
-2.1067288
-2.0673697
1.0516351
-0.74040693
0.91040605
-1.9790726
-1.2235143
-0.7431754
5.868181
0.8845201
-0.25040174
-1.8954828
0.86539465
-1.4697682
2.6214132
0.758078
1.3994988
0.07839434
-1.6825682
2.256382
2.7497988
-0.50333965
1.6606237
1.9277904
1.3889335
-0.7690003
-3.7393768
0.44561785
-0.98887664
-2.5700874
2.3692849
2.4831007
-0.5715768
-2.7075956
1.3515404
0.2442627
-1.429367
0.3878661
-2.794655
0.24902287
-1.176223
0.027889416
0.40438223
0.6667473
-0.03137487
1.4383588
-0.96796894
1.9282364
-0.07314007
1.8375499
0.11192678
0.03293801
0.16887772
0.072685264
1.0562642
2.3382847
-2.9680471
-0.38609555
2.3678799
-2.9429724
0.5201131
-0.7875713
-4.741078
-1.1396266
4.1731453
3.4157743
1.0074892
-1.4766562
0.3168642
-0.64353144
-0.3717678
-0.09130638
-4.0265183
2.8646402
-0.9109492
-1.7078681
1.7128208
0.88433415
-1.752319
0.12077168
1.8684318
0.059965275
1.5401003
-0.1484245
1.0068805
2.8782003
-2.261592
3.0387168
2.031312
-4.475142
-1.8212202
1.8665015
-0.18403506
-4.0473785
2.159937
2.0896673
0.8002062
0.15643042
1.7686169
-2.059552
-4.3231735
0.4695605
2.7696137
-1.4000012
-0.14766139
0.648036
0.43236572
1.6192102
-1.6594816
-0.057493463
0.046823777
0.3300051
-1.063546
-5.568273
0.8969762
-0.5181918
0.11002436
1.1532408
1.8417951
0.33980143
2.1936686
-0.03939902
0.07372497
1.6391586
-2.771313
-2.251302
-0.05462908
-3.3173194
4.9167438
2.6351945
0.80086404
-0.78757906
-1.9572325
-0.459401
-1.4398121
-1.6978507
-3.5419579
1.434856
1.2952797
-0.8364943
2.0068269
-1.1313579
-0.6802498
1.8105905
4.0310373
-0.092683055
1.3628709
0.7992171
-0.57583654
-1.5924997
-0.23524436
-0.69985116
-2.0305738
1.592445
-0.3507331
1.5714594
-0.49793223
-2.1286135
-2.1151137
-1.45079
-3.0464742
1.7600943
2.5375347
-3.2796018
-2.8751447
0.350072
-0.043959893
0.21006753
1.3755654
-0.38084343
-0.57765627
-3.5978959
3.0505896
-2.0089455
2.5314615
-0.28872225
-2.346955
-3.7092657
-0.93754345
1.7607583
-3.2217185
-0.52516556
-0.9980754
1.0152203
-2.1952775
0.15990473
0.22673886
-3.2024376
1.5542898
-0.4134639
-0.6790212
-0.8568593
-0.050762385
0.76506096
-3.1803854
-1.4225171
-4.3898597
2.3917813
2.2951376
-1.123902
2.409748
1.8658516
-0.9742619
0.8886547
-0.049747113
-0.947924
0.5602273
-1.9256935
3.0943153
0.39699894
-2.0238926
2.9494474
4.140068
-1.5480491
-1.607611
-0.18929859
-1.6136262
1.5746868
-1.4487587
-0.029934023
-0.070873074
-5.039472
0.40266794
1.2151812
0.5194437
1.7080956
2.1453485
1.2728205
-0.51251113
-0.69642323
0.9780635
-2.3181453
3.11637
2.581594
-1.4890175
0.47869685
-0.6477224
-3.0377269
0.89405745
-1.1793545
-5.9221153
2.093373
2.50603
0.067965336
2.9057736
0.51342654
0.97321516
0.6993693
-3.189735
0.46991935
-0.48987344
1.5263108
-1.3456719
-2.9226642
-0.21373847
-3.181114
-3.9897866
-1.8320137
1.0260361
-1.8938202
5.246586
-0.33053488
-2.1835885
2.8264003
-1.5112256
1.7515614
-0.35085642
2.277324
-1.7259456
-0.759474
0.35553804
1.904932
1.3067069
1.6149186
-1.9999713
-0.540143
1.4286608
0.29626474
-0.8163333
0.63638157
0.76501137
2.5409834
1.235497
1.4907081
-2.3870158
-1.1219823
2.6419783
-3.2285044
0.167143
0.2475948
-0.028700572
4.1138206
-0.65963453
-0.8595686
2.533851
1.2584729
3.3782442
2.3742769
-1.4039463
0.74156255
0.11837177
0.4189517
1.5687522
1.4472314
3.3191693
0.07581474
0.19163533
0.2888837
-0.5154395
-0.9496756
-1.5579699
0.8613112
0.24366736
-1.686043
1.2483126
0.9878716
-2.2793467
1.8877176
-3.511249
-3.0216439
-2.108705
-2.3636415
-2.7375627
1.3917867
-1.8781842
-1.956688
-1.5647783
0.013997033
-2.1259327
-3.1808589
0.21481791
2.884342
0.49332222
1.293184
-1.7685268
-0.07657545
-1.3607059
1.2959079
-0.5706956
1.2485812
0.25639832
-1.2928947
3.9387555
2.963815
-3.3589265
-1.0910923
-4.766073
1.2673548
-3.960803
3.300473
1.3976994
1.1602107
1.9870305
-0.31871033
3.3513398
-3.6701803
-0.90693694
-1.2600007
0.38407257
-2.5270824
-0.020465046
2.5972733
1.9874877
-0.6401479
-0.2552176
-2.7961555
2.632123
-4.4898868
-1.7082144
0.77260727
-0.17233191
3.0777085
4.817987
-1.4920936
0.40299806
0.8712527
-3.4879622
0.16993682
0.92066896
2.064735
1.7032005
1.7584243
0.0021717101
1.6754574
-0.5963987
-0.15718824
-0.23827451
0.3517763
1.4165834
3.4634306
-1.0025858
0.19041876
1.9000391
0.18367332
0.9673563
-0.9353559
-0.65492177
-0.45431775
-0.8747147
0.0005803928
2.4605892
0.114675134
0.08479652
-1.8213599
2.2452285
0.53236544
2.5896177
0.24722777
-1.2937673
-1.7454274
-1.1857058
0.51781106
-2.4224231
-1.5720193
0.3311321
0.18578912
-1.3226422
0.50258094
-0.26560947
0.1445367
-1.3206784
-2.0639164
0.8477508
1.6173282
-2.444097
1.3526355
0.048423205
-2.8320136
0.25059336
-2.2726147
-0.055248603
1.0383909
-0.8220039
-0.8807762
-1.7741076
-1.9789543
1.2681855
0.2631503
-0.27918237
-1.7983179
-2.7527401
0.71073323
-0.12078845
0.36711454
-0.6175885
2.4185574
-1.4612228
-1.6600609
2.0952184
1.5133208
-1.0459763
-1.8218577
-1.7232468
-2.8420093
-1.1657475
-1.0147814
-2.0621262
0.8132094
0.022328176
-0.6699274
2.8295698
0.9327636
1.305358
1.4959644
-3.4130242
0.08362291
0.6488882
1.400658
-0.45495963
4.8522477
-0.2563187
-0.20524879
1.7074215
2.2571473
1.5432963
3.0721085
-1.538886
3.2738495
-0.46031317
1.0938921
-0.89395607
1.7274948
0.49488965
4.3874617
0.53202254
-1.3167003
3.0386353
1.0431278
3.379983
-0.31180662
-2.423312
3.233821
1.1816124
-1.4990712
1.2048281
-0.22769618
1.8606592
-3.4249938
1.5462835
-2.9165585
-0.4951139
-1.5193349
-1.6981155
0.466026
2.104602
1.2779586
-0.66723603
-0.45416358
-0.6468038
1.5840997
-0.16454065
-1.1842602
0.77309555
-1.661451
2.0778232
1.2244725
1.9574382
1.0207846
-1.7996175
-1.3672432
-0.31482303
-3.4647217
1.2636319
-3.2616713
1.2994266
-0.8658174
-4.457416
-1.3498629
0.3018554
-1.4997797
0.31693643
-0.7392662
2.2808645
-1.2625352
0.5394957
0.9061002
3.2230752
0.9516523
-0.4292998
-0.83296186
-1.8510877
4.994719
0.73603505
-1.6051582
1.3791515
1.7490534
0.62716955
-3.73135
-0.83328307
1.001299
1.0402949
4.310482
-1.2835726
-0.93960595
-1.3311564
1.9150819
1.2907176
-1.0318856
3.8879566
0.58000153
0.5409735
3.7234082
-3.7435176
1.2762768
2.378477
-1.827043
-0.40944007
0.59211105
0.023189217
-1.5781808
0.6589834
0.032384455
1.5444083
0.7474423
1.1958377
0.7300461
-2.9315834
-0.74467486
0.6373481
-1.3768511
1.4776367
-0.12671183
-1.5789518
2.5071278
-0.7600247
0.6149948
-0.5745083
0.30759057
-0.50911504
1.8899091
-0.82472414
2.18607
0.8294233
-0.4405806
-0.05919069
-1.3886242
0.14366916
1.5800755
-0.019606858
-2.9515865
-0.04735747
2.2256122
2.2076116
4.26546
2.169939
1.158226
-0.46358734
2.2667124
-0.41340572
-0.8269577
-0.8890329
-1.5829177
4.8380046
-0.40207854
1.8434802
-0.3937927
-1.53429
1.0937289
-0.53920114
0.3671072
2.7352579
1.1377248
-1.679
-0.66797936
-1.7927061
1.4458644
-2.6986291
4.8588696
0.53331935
-0.8511052
-1.8420594
-1.8375249
0.9190691
-0.14511287
1.534907
-1.3559335
2.6127908
-0.14210975
-2.7829914
-2.8963552
1.8221445
2.5881002
-0.16974649
-0.39907056
0.35088873
1.124835
-0.44017947
0.082517594
-3.902037
-1.4825779
2.462171
1.0707052
-0.35816324
1.9570959
0.39115992
0.93451583
0.34180707
-1.3337889
2.9764001
-0.31184444
-0.84108037
-1.566791
0.75602174
0.8917999
0.9147654
1.1331118
2.9263473
-0.46055686
2.6254969
1.4083991
-3.3385625
-1.9565685
-3.5056484
0.6301323
-0.021026805
-3.9201543
-1.5360163
-1.5706698
-0.8650734
1.3553656
-1.3057064
-0.69545156
0.39325327
-0.5062757
-1.5914897
-1.0060124
-2.2306292
-2.099395
3.644172
-0.69344324
-1.3703729
2.4116616
-0.21679255
-0.699061
-0.9410333
0.6956756
-1.9617606
-3.3031707
1.6871303
2.8064642
0.7370345
0.937332
-1.0144495
0.7327488
0.3120997
-1.2095008
1.2957495
2.1515386
-4.508035
1.1573548
4.08469
3.1361792
-3.060757
-1.1491421
0.9370737
2.693973
2.5514283
4.1197114
-4.055161
0.39081797
-1.000206
0.15667257
1.6223764
3.803457
-1.0303918
-1.6854167
-1.5670817
1.4371376
3.7880912
-0.26615876
-0.47468358
0.6215714
-3.2067392
0.47544488
3.8836293
0.60545486
-3.6425223
0.9761131
-3.3086226
0.84848684
-3.7749848
-1.7326641
0.15267773
2.9578419
0.7536015
-2.3486538
0.00014071912
-0.19723931
2.9985478
1.4575119
1.7810875
-0.27301794
-0.023368012
0.6849317
2.8016818
1.0991783
-0.8280818
5.140218
-0.3209755
0.31074616
-1.005308
0.6465969
-0.5536279
-3.5028489
1.2265182
0.5983415
0.2895867
1.0970991
-1.1347325
1.0876167
-0.0066908523
1.9398742
-0.27549332
0.1336628
-1.5164667
-0.14154339
-3.620059
-0.7690307
0.6916838
1.2148198
1.8423357
0.32391268
3.4755974
1.0663574
-1.0301273
-2.7178912
-2.397737
-3.9668472
0.17795797
0.25376326
-1.972433
-0.50164676
-0.1253609
-0.35131067
-1.4110975
-1.2125831
-1.7967559
-0.2800381
-0.9065578
0.83647263
-3.622667
0.10736218
0.64804155
3.131008
2.2936137
-0.4979475
-0.09269311
1.0042295
0.75611764
-0.6227432
1.3256673
3.6622467
1.5703298
-0.18778747
-0.36012465
2.047274
-2.9572897
1.6132908
-3.7833648
-0.017727017
1.6734262
-2.0183752
1.7509496
-1.8983229
0.0821047
-0.048442073
3.4481297
1.1617906
-0.61866856
1.77943
-0.19360165
-1.861024
-2.0478332
1.120593
2.4815125
0.4201873
-0.30748492
1.825641
1.4964519
-3.2748907
-2.5598042
-0.9820763
-1.1006491
0.1865347
1.8084912
0.950188
1.4208972
-0.46245122
0.70009524
0.70831496
-3.3939707
-1.1885489
-3.3504934
1.5368729
-4.513746
-1.982126
-2.5630257
-3.2513387
0.34978217
-2.7622762
0.3116488
-0.7739253
-1.1855031
-1.705093
0.32679573
3.3757958
-0.31671512
-0.38856512
1.8304949
5.353814
2.8786051
0.90979666
1.0484704
1.0170213
1.3137734
-1.2910702
-0.54697067
-1.5686886
2.9796367
-1.5274572
2.6773174
0.68226045
0.7680965
-1.1860455
-0.42547253
2.4469748
0.21515857
2.4913876
-1.7379409
-0.64012307
-3.5666845
0.8866092
2.3041646
-0.5896708
2.573114
0.51406825
-0.79629844
-2.0630898
-0.10077614
-0.73124266
-2.8480396
0.086297326
0.54525566
-0.56123793
3.2678108
-0.096699126
2.2742913
4.349371
2.0723405
-3.362078
4.3722806
-0.6275272
0.96630603
-0.5509922
-1.8858114
-0.7614819
1.6897008
0.14066705
-0.7783544
4.5456862
1.6410962
1.5071553
3.7676246
0.9610124
-0.97296774
3.6330266
2.5050874
3.0870886
-0.2612778
-0.33715302
-3.015411
-0.46978417
-4.181201
-2.088315
-0.30440137
0.51654655
-0.47165728
-1.4989144
-0.8022828
-1.0574597
-3.048339
2.8424885
-2.1211355
1.5275108
1.3364459
2.4858632
-0.3872209
-1.8009458
-0.29662237
4.105888
2.8768723
-0.574523
-1.8892375
0.2997399
0.70661026
-0.5326832
-0.31262457
0.9387376
-1.8982543
-0.37537277
-0.47773248
-0.38650817
0.1275123
-1.8919202
0.1999976
-0.5999756
-2.0908744
0.48464203
-2.425334
-1.5948744
-0.9755466
-2.1492314
4.681437
-0.4387636
0.38829637
-1.468447
2.3812625
-2.0840788
-0.6180522
0.91702574
-2.3396273
-3.6101975
0.21483588
1.358686
-0.5973411
-0.8622168
1.0214648
-2.3537552
1.7701014
0.46744958
-0.6329296
0.34069103
-4.875399
-2.2454228
0.6262298
0.049986165
-1.8431548
1.1313618
0.33176693
-2.6650927
1.4651643
0.086374
1.3379009
-0.8560008
-0.87201375
-1.0121597
0.9367062
2.4724278
-3.5065448
0.14584619
-1.218013
-0.30473962
-1.67858
0.7730786
-0.8886787
-0.99818575
0.46891046
-2.7397919
1.0982414
1.2314824
0.35266015
1.0971034
-0.6651067
-0.91714853
1.890149
-0.8974325
1.3815331
3.2824097
3.0360007
-1.3760009
1.0006068
0.9749893
1.7933494
-0.33822903
-0.5013685
1.7368723
-4.565575
0.82011604
0.13556416
5.3027754
3.6387863
-0.071457155
-2.377001
2.6039734
4.7209883
-1.0794346
0.21914944
0.9390918
-0.36417153
-0.20493811
-1.4488858
-1.9860572
0.29853052
5.049801
-2.8286898
-0.2433204
1.7426753
2.4599082
0.14965509
2.554065
0.4013946
-2.4955022
2.6517801
-1.6101027
-2.559544
1.0074712
-2.4183254
-2.0011392
1.1797336
1.2518227
0.011182867
-4.034369
-3.0524554
1.8543853
-1.3339078
1.3119066
0.79254204
2.610005
-0.10846612
0.24872585
-1.4673871
0.9473294
0.64375836
1.3134207
-2.6729689
-1.243033
1.6021566
0.609156
-0.027441263
-1.4589258
-1.6027317
5.311322
-1.2922244
-3.1572726
-0.5916482
0.4962772
-0.023654863
0.39542457
1.8803782
-0.4027899
-2.0220535
0.76078135
-0.6722433
2.6043074
-1.0187434
-3.617423
0.13644059
4.0325418
-0.29828453
-4.4739833
0.475312
-2.5905983
-2.2820666
-0.13552207
0.8468866
1.184059
2.3765666
0.7330347
0.042049497
-1.1696746
-1.8426975
2.1773956
1.9130522
2.358207
3.5644193
0.7193952
2.804562
-4.4491253
1.4128506
-2.8477108
0.74202895
1.1394984
-2.4424562
-0.4844293
1.2452486
-0.379308
0.41116536
0.5606284
-1.226885
0.5162852
0.9736745
0.13158871
-1.5999017
-1.3901418
4.259949
-3.8254871
-2.8529556
2.5265207
-0.39853823
-0.4103368
0.78172505
-1.4647048
0.9450392
-0.8089487
-3.2680743
0.2260751
0.17678566
-0.48334393
-0.021181263
0.50517625
2.6992888
-3.6502903
-1.4956427
-2.0626888
-0.2740086
-0.37491414
1.706659
-5.8168817
-0.8255733
0.91943157
2.760154
2.3603234
2.1192212
-2.8043196
0.22711174
-0.14851198
-3.262623
-0.4214571
0.88413376
-0.17468925
-0.9751906
-4.1187882
0.78734815
-1.9080067
0.25107938
0.017237604
0.7428149
0.54840785
1.5910801
-2.6000175
-2.3552113
-2.8471112
-2.6492486
3.3791773
4.3120217
-2.2507687
-2.486997
0.507737
0.6906084
-2.5920534
-2.4095047
-1.4269216
-0.667005
-2.8607712
-3.2494178
-1.8995478
0.47475326
-0.9347705
1.2406569
-1.385617
-0.28935173
2.8890378
-0.5404863
0.99091756
0.5184759
-1.2566234
0.9832563
0.30332762
0.41077277
0.40824422
-0.19552888
-2.0617118
-0.8169266
3.1753664
-0.8649586
-2.1237204
2.0892277
1.0912896
0.290763
1.5414594
-0.23755284
2.0618956
-2.102807
-0.94005513
-2.3214908
-3.526176
0.34633335
-0.6283919
1.7613982
-4.2386456
1.1160367
-1.7038001
-2.0358934
1.0508451
-1.977885
-1.1471496
0.9135223
0.70883137
-1.977893
-0.7515111
-2.1074426
0.24407059
0.551991
1.1034346
2.9032993
-3.2490134
-1.5932455
-3.1002426
0.16923267
2.8586955
-1.6548156
0.48069766
-0.26819405
-0.15604165
1.600718
1.7622063
2.7471976
1.9457924
0.4149114
0.6684048
-0.8263867
-1.5305212
3.881236
-1.5274416
-3.7457006
2.0284822
2.2421832
3.5493786
0.50838137
-3.3975024
-1.8547479
2.2070167
-0.44628096
0.8609689
-0.6213524
1.6233214
-0.6024496
-0.20059238
-1.1055908
1.7975711
0.9861556
-1.2041857
3.1847377
-1.0749385
-2.237583
1.0306549
0.35340378
0.9125902
1.1680797
-3.6400585
1.73647
-1.2658287
1.3234113
-3.1923625
-0.59527093
1.7054483
2.2138145
-0.30359054
-2.00063
3.9170518
-0.6140018
0.4236678
2.5122178
0.66369265
0.5498823
-1.5461767
-1.6863472
0.96455276
1.6855952
2.2177472
-1.9359534
2.4209442
-1.2435608
-0.39816982
1.4968809
-1.5281836
1.2323539
0.87083703
-0.9450196
-2.8959744
1.9115583
-1.8884234
0.92631996
1.3725988
-5.410469
0.5786346
0.058591116
-2.8872373
5.8888793
-1.8095319
-1.1881814
-2.5863957
-0.24619427
-5.5828176
-0.48274404
0.10684208
0.3249249
-0.60938585
-1.4245768
0.12198345
-1.6922872
-0.5648385
2.1635263
-0.7594292
0.6734488
2.3986301
0.17458503
-1.1078216
0.5623344
-2.568686
-0.9961417
0.51265097
1.6116376
2.4633038
1.6870781
-3.522405
-1.7264163
-3.7393692
-1.2778567
0.63733006
3.286844
-0.42501783
0.84673315
-3.403593
1.2754453
-1.1710781
-0.05608754
0.9916973
0.73291224
-0.9544675
-2.245363
-3.1629925
-2.0082572
-1.4226016
-0.3401364
0.26198828
-1.9445509
-2.8859284
0.4023586
1.1274943
-1.1036525
1.7389311
1.4391944
-1.0832254
0.9961088
-0.2606459
-3.1918807
2.6108608
0.21325761
-0.31716377
-2.2240126
1.1612387
-1.8034797
-0.5745585
-0.61338866
2.270592
-1.1864834
-1.126232
-1.7259283
-2.3019788
-1.3376076
1.705568
-2.2470834
1.1663364
-0.06057346
1.093804
-2.9669487
-0.6114111
-2.0001948
-0.9184283
-1.5911058
-0.10297861
-4.106934
-0.6907077
0.036629185
3.8189886
1.704293
-2.954065
0.97166
-1.4485658
0.81063026
-1.3551718
1.5568982
-0.37282905
5.499786
-0.7411113
-2.647887
-0.5094184
-0.8548135
0.9128312
-2.5786924
2.8850138
1.1085854
-0.57962227
-0.95360374
-1.99772
-0.5655919
0.6995598
2.8021042
0.38059255
-0.03498078
-0.8221291
0.98394656
-4.11691
0.9376451
-0.12432488
2.1485908
0.19097134
-4.158399
-1.5325397
-0.043210473
-1.1969689
2.9395719
1.3813365
1.4865295
1.4093076
-0.51358163
0.055808067
2.5921035
0.44751397
2.099478
-1.7545346
3.1209269
-1.6033112
-2.074732
1.5567949
-2.7739189
3.3737285
0.7961975
0.49507645
-0.1926186
-0.1272063
2.5304248
2.902578
-3.15613
0.046181303
0.12061377
-1.4144361
-2.1759682
-0.15003885
0.07122962
2.5900369
-2.2020502
2.3644593
-0.71510065
1.2481575
0.1273697
2.4052892
-4.1415734
-1.7421243
-2.6579852
-1.346827
3.773284
-1.5820625
-0.6596821
-0.7453673
0.15989313
1.0187157
-0.6654106
0.7247112
0.52401716
0.18573937
-0.38221622
-1.6173431
1.2392533
-1.3197703
0.20064399
-0.6554164
1.6387687
-0.9470098
-0.3312509
-1.1309133
-1.5371808
-1.2332679
0.18193948
-0.5504678
2.288371
-1.1804047
3.4518983
-1.6842402
0.8894618
1.3677775
0.4885908
-0.31988406
3.5340333
-0.31051248
1.0855145
0.73494494
1.5703127
0.015894353
-2.4129121
-1.0466555
0.87471235
0.8680524
-0.72857237
1.4985843
-1.2209069
-0.8776081
-3.5897548
-0.69389844
0.5796314
-4.025861
-0.0003848374
1.2846634
0.3992717
0.81680214
-0.6855746
-0.3132607
3.8272743
-0.60012424
-2.7236905
0.9256388
-1.8213348
2.4774132
2.2232795
0.28785098
3.511822
-1.0325432
-0.39299724
-0.17852917
0.53587323
1.6237162
-0.79776603
0.96348274
-0.9114818
-2.7739751
-0.30644584
0.34043336
-1.5623199
-0.28346288
-1.1610547
-1.3568538
-1.3071667
-2.3071787
0.25234386
2.9987085
-2.3512228
6.734207
0.083034985
-2.1983638
1.8693467
2.435801
-1.0624969
-2.8415673
0.026516482
-1.3985295
2.356933
-1.6178313
2.1191874
-1.5474014
1.2423831
-2.5890598
-1.2369325
-1.6205631
0.8374602
-0.45677835
-2.1600914
-0.5089852
1.8327202
1.5859214
0.40180415
-1.8836951
0.89935124
2.1943595
0.9662159
3.620459
2.4591181
0.4919672
-0.95318794
3.067089
-1.5323563
-2.0271218
-1.4579953
-1.2954609
0.5288341
0.8397841
-3.4373689
-0.3509787
1.5299485
-1.9859161
-1.7612268
-0.9001086
-3.8112655
0.15434174
1.4209005
-0.95119756
-0.5141876
-0.4250316
0.028931841
0.3849418
2.7337785
1.0564537
0.18970242
-2.285292
1.0984893
0.649802
2.4347265
-2.0551808
-1.4835262
-1.100595
5.9852867
5.247228
0.21437952
-1.3709282
1.9386424
0.6711489
-1.1505072
-0.36321053
-0.30973393
1.028424
0.9915629
-0.28144115
0.55332375
1.204222
-4.653536
-1.3397033
2.210672
3.6692042
-2.1218934
-0.5743224
2.993848
0.92019755
-4.6830797
-0.8478279
1.1181582
-1.5374194
2.2258925
-2.0565877
3.0816333
-1.5607519
0.018185742
-2.2142963
1.5773653
4.077977
-0.9053524
0.075511076
-3.7416477
-2.4969654
-3.1424906
0.34058735
-0.03676101
-1.4629005
4.6761065
2.0137796
1.9948255
1.3176631
1.9156011
1.2116482
2.1440964
1.1871054
1.723496
-0.03894599
-0.25847724
2.8611975
-1.2903459
-1.5489419
0.85343736
0.41518706
1.2892683
-1.9065808
-0.003606595
-1.9482365
2.0879934
4.6570306
-1.0298492
-1.5966834
1.2440189
2.636589
0.7806428
-0.77885646
-1.7218242
-0.0835294
2.8860486
-1.8253362
2.531219
-2.123198
-0.7364009
0.38393268
1.6276002
0.11412417
3.0208547
2.8270144
1.9256796
0.42534938
-3.210728
1.5045348
0.5014722
1.5265623
-0.7504424
-0.94813156
-0.45689636
-3.0153759
2.721585
1.8652244
-0.032473836
-1.3905928
-0.24688248
-0.9804001
1.3018044
2.574875
0.042776812
-1.3187658
1.669832
0.68430096
0.98393834
0.46872327
-0.8072781
2.8944385
2.3678882
0.41540715
1.8636473
-0.52932703
-1.8393065
-0.527535
0.97278845
6.180069
0.37616995
0.10024363
-0.4996202
1.424694
2.6030955
-1.2027943
2.0570369
-3.3323665
-0.64205676
0.86268145
-1.1558754
-1.2355416
-2.9835777
4.2263474
0.23754394
-2.4277506
1.3459351
0.37596875
3.1453378
-2.0710802
1.415415
0.31948742
-0.9409845
1.4491907
2.6645787
-0.6505614
-1.4365121
-0.61765015
-0.11050091
1.8443774
0.22976989
-0.79855734
0.633852
4.035113
2.1260731
0.68384737
2.1833236
0.13062347
0.6758115
-0.49364954
3.6269133
0.43637973
-4.4560657
-2.768231
2.1582747
-0.9742874
0.9648188
-2.484482
-0.42493856
-1.5427487
1.1355844
0.8041963
-3.9836922
-0.51950467
-1.1161369
-1.1214553
-0.7123149
-1.9336777
-1.5065348
-0.25468367
-1.0587133
0.67027044
-0.4991403
1.0896066
1.6683162
2.2383513
-1.6500261
-0.92983216
-3.6794367
-2.1040218
-0.57654494
1.4711215
3.493371
0.5614657
-0.4706196
2.1732354
1.0811288
1.3865722
0.7357575
2.8483088
0.9885075
1.4923899
-3.3740878
2.350562
2.2072453
-3.7391667
-1.5353972
0.11833663
-1.1314198
2.0535095
-0.9036092
-2.1255052
2.1806028
2.2937207
0.31175828
-0.2699427
-3.4898582
1.6252451
-1.0417091
-1.7649205
0.85014176
1.3412844
0.63794625
-3.8200183
0.09653104
1.900463
-1.5873709
-3.968688
2.2587712
0.20935284
-1.7008537
-0.28629053
-0.08356299
-1.8308167
-5.1906714
0.124365486
1.4314332
0.75758356
1.1057558
-1.2484854
-2.2774
-0.2857614
0.76911914
0.39668822
-2.1552365
0.056387015
-5.0785956
-0.2596341
-1.5756934
-2.9941483
-1.2608429
2.0377882
-0.48132855
-1.6253241
0.23200643
-0.8574935
0.3510309
2.0364494
-1.9043354
-0.591705
4.0695763
0.65067
-1.6917295
1.0428044
1.1419525
0.29095912
-0.701956
0.30214795
-1.6960964
-3.071601
0.1051063
3.0993502
-0.024396144
0.78332317
-1.5504452
-2.8318448
1.3304379
-0.91269195
-1.27178
4.2443304
0.31194544
-0.9279604
0.75492394
-3.143766
-0.58694637
1.218982
4.0169106
3.2901118
0.09897555
0.0072729588
-5.7066326
-1.0545874
-1.5677382
1.6165742
0.83963674
1.0526913
-1.2468376
-1.3949561
-1.5361025
-2.0877714
1.0890476
-0.08828666
2.0950618
0.45232332
1.3655083
0.7276933
1.5205175
-1.5221592
3.731771
1.4317569
-0.06776062
1.9806918
-1.5186236
2.572125
-1.3276128
2.268563
-1.3245106
-0.72298765
-0.8087242
1.0534651
1.5254979
2.8354692
-0.7853241
-2.8644776
2.602582
-0.3055886
1.1723844
2.6439455
2.3593633
0.3677249
-0.947977
-2.3220756
-0.10957997
-1.6622441
0.07342426
-0.10489005
2.6788332
2.488494
-0.19321552
4.0372877
-0.42001095
-3.5077152
0.66547436
-1.0041156
1.117192
-0.2565123
0.89140046
-1.0241114
-2.0097563
-2.744213
-1.5843191
-1.3299583
1.3063445
-2.2282946
0.8515889
0.6974124
1.3395202
-0.1804783
-2.9601984
-0.25718194
0.83336055
-2.3632815
-1.1631265
1.5634469
-0.8543267
2.2018402
-3.0416856
-1.624361
-3.9239662
-0.57082844
3.3250816
1.3742559
-0.7313389
-0.6533341
2.548137
-0.97353274
-2.6688056
3.208275
-0.39711323
-0.95592874
-0.94591933
2.8223145
1.9154229
1.0062373
-0.43300444
-0.071080655
-4.217551
1.1144266
-2.3144379
-0.5665186
0.09373433
-0.86235815
1.4170922
-2.0981903
1.6303197
-3.814092
0.9984764
3.426072
0.5664571
-3.2725718
-0.18462704
0.47710708
2.5391078
-1.9611013
-0.04621298
-1.5726641
-3.0598376
-0.68598545
-1.1223743
-0.3913511
1.338907
-0.49579224
1.3075519
-1.4463813
2.003303
5.1887045
1.2256448
0.5997208
4.425085
-1.9901896
-1.7521241
2.9685733
0.7488325
0.07699696
1.5020279
-0.08368304
-0.8123781
2.5158596
0.7402641
1.4826832
1.3384509
1.0040106
-2.6854596
-0.25307572
-3.2648633
-0.39351487
-0.66966814
1.8582777
0.17206605
-0.30991197
1.2412052
1.6050674
-0.88912094
-2.2934067
-1.4793521
-1.8475779
1.0285217
0.79269665
1.7883425
1.5376596
2.0763152
-4.4879293
4.5411396
1.221825
-0.6055704
1.109176
0.75251055
0.082771644
0.4024004
-1.95086
-0.048012555
0.97007
-0.6606586
-3.77443
-2.4350004
0.4935807
-3.154256
0.27323243
5.155961
4.970832
0.63331234
-2.156487
-1.0109445
3.2042475
0.77683884
0.53031963
-1.3062906
-1.9726211
-0.69020236
2.3302362
-1.5348957
-0.49595562
-0.3531997
0.31688455
1.4054102
-0.19701064
2.911064
0.2812596
-0.9961436
1.7832537
0.33940953
-0.71127367
-1.6053584
1.7293326
-0.14894511
1.0594538
-1.8006784
1.441772
1.1940594
-0.842704
-2.8878589
-0.2929302
-0.7509175
0.39294216
-1.8827562
-0.28225213
2.2689264
-0.52717245
0.29685888
2.0060222
0.42529187
-2.4443634
-2.364034
1.0260746
-4.123015
-1.0663795
-1.879827
0.68140745
-0.8923139
1.0529544
-4.6975183
-2.0868478
3.7959332
-0.5945487
-2.3664653
2.040701
0.12024457
-1.1931608
-0.6176268
0.18131344
-0.68705535
-2.3968701
-1.5040053
2.2758026
0.80648124
0.33577788
-2.01808
3.400939
0.3735549
3.3213603
-0.64092857
-1.5595988
1.8169123
1.5218247
1.1948441
1.8989699
2.3649273
2.6419911
3.0478415
0.9999869
2.9880912
-0.9197983
1.0142759
0.6923025
1.3343356
-0.6192116
1.2984207
-0.90873855
0.16874793
0.92264605
0.19606265
-1.6720651
-1.6889901
-1.6896544
-1.032934
1.455931
-1.9048148
1.2097895
0.50058013
1.2836206
-0.48232278
1.4618949
-1.1720682
4.893026
-3.3329937
-0.25230992
-0.19165003
-2.346265
0.7370637
0.6667489
3.0395975
-0.81118155
3.5563495
-2.570148
-0.6788465
-0.5995109
0.23423722
-2.2989366
1.2647378
1.2054614
2.8819222
-1.1692294
-1.3325398
-0.07081607
-1.5893476
0.6974496
0.79587984
1.9380907
-0.39168668
0.23859893
-1.6022315
0.086128615
1.784568
0.46094775
-1.2857916
2.8377185
-1.3890938
2.6146834
-0.8876852
0.015003923
-1.464475
0.4289943
1.4437674
0.37961277
0.1134488
1.2627676
0.9763866
3.7949884
1.6320312
0.18976757
0.03454022
1.0383422
-2.3280408
2.2915564
-0.4105277
0.77792525
-0.49267328
-5.4569488
1.5318261
-2.110293
2.6050591
4.642348
3.7058797
-0.55546546
-0.5249055
-0.17623882
1.3976542
4.478329
-2.066227
-0.09266475
0.34939748
-0.055622123
-2.1157715
2.9451656
-1.6034924
-0.7547877
2.6922543
2.1806574
1.2152231
-0.5759776
-3.0446105
2.940481
-2.1841245
0.31779653
3.2978373
-3.1258092
0.6059954
-0.36073014
0.073575065
-2.4004157
-2.7792802
2.1320817
-2.896247
-5.0863357
2.7065809
-4.4083447
0.28413257
0.6962415
-2.8384812
3.48906
-1.6066006
1.1293048
3.4527712
-0.3584397
1.3241384
-0.26977885
0.2653578
-3.0096478
-2.7809181
-4.4884014
4.4170055
-0.7782838
2.3744354
0.85784715
2.602466
2.5724232
1.7350917
-1.6884787
3.1153088
-0.06345885
-1.3085034
-0.2136142
-0.8754415
-0.13076904
2.1221528
-0.46598923
-1.4167796
-0.251164
0.9075776
0.41376975
-1.6234148
2.631823
-0.028190412
0.8649526
1.6681776
-1.9239767
0.117651254
-1.6790007
0.78598696
3.7847602
1.5151709
0.9053884
1.3498856
-1.922449
-1.033099
1.4439882
-2.9779842
-1.2863271
-1.863828
2.1763015
-0.5181869
-5.928392
-3.3881426
0.7677005
0.37721115
1.9378322
-1.9026153
2.431314
1.0596967
-0.95561457
-0.95720226
-0.48210204
1.2494923
0.7738617
3.4662757
-0.0822646
7.157165
-3.5687008
-0.020358346
-1.0991031
-2.5007775
0.70756096
2.558885
1.6092485
-3.0515752
0.46908548
1.7058413
-1.1065768
0.0691068
-3.3688996
-0.16737263
1.4457918
-1.6744659
0.25652364
0.5141018
-0.6498425
3.491223
1.0125189
0.82791024
-0.3132727
2.602391
-0.2859831
-0.35855004
2.3400295
0.54638606
-1.8309326
0.5855431
-1.0930734
-2.7869463
2.422672
0.5984999
-4.932457
2.2254298
-1.5100174
-3.338055
-4.0208206
-0.24264309
1.00012
-1.7644303
4.1903033
-0.003360577
-0.7555365
2.4658113
1.0951777
3.1080997
2.778286
-0.366113
-1.5232565
-2.096845
-2.1402721
-0.025767908
-1.0701499
-0.73760235
0.13526085
-0.78751546
0.27873912
1.9213289
1.3067591
2.2125838
1.288971
2.2622535
-1.9290676
-0.62076175
1.5206286
-0.38994575
-2.7386155
3.5597847
0.42443272
4.410838
3.3240523
3.2714245
-0.8419235
-0.8730465
-0.99382186
1.282202
-0.2577334
-2.2785854
0.677317
-1.0330586
3.8444982
-0.12748274
-1.2510867
0.46639654
-1.9379873
0.29705602
1.5364128
0.7136513
-1.610091
0.8725159
0.25883117
2.161402
-4.67073
-3.0150023
-3.4522772
-0.8744034
-0.9761683
-0.04380434
3.4685323
-1.7038631
0.30225486
1.5108937
-2.779027
1.772354
0.4194231
-1.5712337
2.9115965
0.5982772
-1.5991162
-0.15880379
1.5073521
-1.3943776
2.0666418
-0.4847536
0.22325213
1.8073835
-0.797337
-1.3838339
1.4282948
4.0076027
2.0946827
-3.2739794
-0.4226348
-2.4915051
2.3911605
-4.1928196
-1.7987516
-2.2742693
1.0977284
0.10794659
0.1470011
-0.48988593
-2.9076164
-1.9502615
4.012022
-2.37036
2.5298922
0.7700522
0.18529171
1.6051658
0.102499865
-1.8752073
2.0840218
-2.506804
2.224461
0.35846263
-2.253823
1.9902364
4.8489203
-1.5739129
0.91548705
0.6984769
0.34412417
2.160532
-0.6803488
-0.065682694
-0.18464388
-0.12731043
-0.945258
-1.1948541
-2.8910508
-2.334808
3.15511
2.7564235
-3.6144
0.04199232
-0.012410507
-2.3002505
-2.2031753
0.81248426
-2.0312557
-3.1328814
1.9087827
-1.0188664
-2.5782
-1.1413484
4.2134843
-0.40726203
-2.1474652
-0.38126436
0.67596537
-0.6747557
0.5744472
1.4859757
1.8670461
-2.2417395
0.9335484
-1.3550421
1.1319674
1.6563908
-1.0954336
0.6693889
1.6299832
0.6376271
-2.277581
1.1281677
0.6654178
1.3363106
-1.1435007
1.7657256
1.0609483
-0.18345971
-1.8607876
-5.430399
-1.561673
0.44504058
-0.661963
1.337294
2.2664049
1.0022674
0.019778948
-3.6716301
-0.25923952
-1.0704187
2.0519195
-0.43926615
-2.0470474
1.4852674
-0.6695171
0.44020474
-2.0522282
-2.0290573
-0.23628223
-2.101126
0.78449965
1.7827189
0.08114301
0.58964956
-0.21223678
1.1590394
0.06168464
-0.54095984
0.9677888
0.19992957
-1.2750622
-0.37735766
-0.22448078
0.39847413
-3.1920438
0.022770308
1.6647018
-0.5991042
-0.41065162
-4.5194864
-1.5932189
1.0084976
2.4754262
-0.08098849
-3.165524
-0.60721797
0.80695
-1.1778662
-1.7429458
1.1081184
0.4533095
0.86585087
-0.5051357
-0.60118794
2.6244872
-1.1313512
-0.44737327
-0.3535734
-3.0400934
0.3475232
0.44152933
-2.1672304
-3.6759362
-2.024771
0.85881
-0.10020122
-0.6607369
-3.1412134
2.420572
-2.557257
-2.4726691
1.0397222
-2.8433666
-1.9908997
-0.7115186
2.2443197
-1.7565846
-0.54367405
0.2977073
-0.54535687
0.83085793
1.4863633
1.3093358
-2.043197
-0.45914373
-3.8624952
0.6673639
-0.41705182
0.296169
-2.9045906
1.7341647
0.95411074
2.1115122
-4.386977
0.7039198
-2.3575268
-1.3604119
2.0772352
3.0297205
0.19362482
0.9901643
-2.464309
0.6264687
-0.47211054
-1.6172906
-1.8348472
1.2375212
0.4466556
-2.6777875
0.60242826
-1.0885773
2.0565336
1.5114666
-3.6273792
1.0820549
0.3078852
-1.2250035
0.7198477
2.8203228
1.1999385
-2.3767626
-0.9844179
0.6149138
2.2700088
-1.3298349
2.9784293
-1.287537
-1.0815579
-3.6346946
2.1889539
1.1939913
-4.3215876
-0.86214554
-0.90298754
0.19715115
-1.585947
1.2795728
-4.0281787
0.9661733
-1.7003515
-0.79223347
3.0885687
3.887341
1.1202079
0.058043644
1.5602596
6.66221
-1.9577545
-2.5037546
-0.44766456
3.9067762
1.5921819
-0.7623765
1.0609926
6.1623497
-2.079196
0.81459415
-0.7005412
-0.9536842
1.6695554
-1.1283332
-0.540031
-0.72845554
-1.2515686
-2.5143228
4.423968
3.2575932
-3.2729404
1.8347716
-1.7288408
-2.6314735
3.0044034
-0.7848175
-0.9570204
2.2891824
-0.50313145
3.2001255
1.7285932
2.5690346
0.2106292
0.9159521
0.5733707
2.7618945
0.4550055
-2.2783098
0.1818741
-1.756216
1.2306966
3.8326023
-1.3974727
-0.88478374
-1.2116839
-0.8506961
-0.6851486
-1.6864393
1.5893015
0.367702
1.0191046
-1.0102085
-0.83677864
-1.4279869
-0.2419571
0.1722309
-2.258688
1.6024208
1.1116942
2.1134942
-2.6726656
0.20548813
-0.43311375
2.058601
0.6572841
-3.3000956
2.30777
3.5388224
0.22365353
-0.08997518
-4.4011307
-0.68806887
-2.0305605
3.6837676
2.2376883
0.60179037
1.9792515
2.3279126
1.7656718
0.58617663
1.22943
2.307107
-1.6865618
-1.8082702
0.17461438
5.958148
-0.85181296
-1.509245
-2.4647784
-1.160111
0.8598598
-1.5894523
-1.3647729
-3.0599167
-0.8205197
-2.9708886
-1.3390275
-1.927252
1.9230967
-1.7237545
-1.9984438
-5.4800587
2.7478294
2.2332392
-0.28569216
1.5019937
0.5899991
2.3747845
-0.11236706
1.554645
0.38112104
0.37686035
0.79776186
-0.93836915
3.9735186
-0.28054947
2.1852214
0.2099149
1.7175287
-0.32157004
-2.3506284
-0.4696902
-0.66562855
-0.12223799
0.02863127
0.009145327
-0.86969894
-3.4227052
0.4284685
0.42158484
1.593952
2.1029263
-2.0588202
-0.9143834
1.6346322
-0.43230426
1.1256458
1.7051182
-0.41143942
0.60139567
3.340326
3.7907202
-1.0282189
-0.96915853
3.1867385
1.2064973
2.6273837
-1.1912514
-1.1288509
1.6529256
2.6731207
-0.9994949
-1.185962
3.1435535
1.3825723
-1.7271485
-3.906025
-1.1227357
-0.41900536
-3.0663788
-1.2548412
-0.87132317
-2.5030591
-1.7761631
-1.0295025
-2.186987
2.4403887
0.35498652
-0.39853567
3.316606
2.3690856
-1.069231
-1.0167115
0.79225385
-1.8957089
-1.7444438
-0.47072494
-1.5374384
0.18982881
2.7117126
0.6355323
-1.317891
-0.46199793
-0.1966673
-3.3256383
-0.8161781
1.6846477
3.0085216
-1.3881389
0.3612038
-0.92873675
-1.1838152
0.2250056
-2.1823778
0.2783034
-2.9409971
-0.18649712
-1.6724186
0.7838344
2.5769455
-3.699552
-1.5467205
-3.5043526
0.74017024
-1.5600595
4.0998783
-3.6806858
-2.5407488
2.1186028
-1.8574363
-1.5457792
-2.677481
-3.522918
-1.1511188
0.22493339
2.010542
-0.86507094
-2.200238
-1.7198603
-0.9771646
2.0107713
1.4804869
-1.5917791
2.965042
-2.2618065
1.5725741
-1.3926378
0.7605359
-1.3268256
-1.4703788
-1.3032569
-5.761408
-0.27975515
-0.1109541
1.2428452
-1.2017764
1.2467983
-2.5767379
-1.7080446
-2.2213335
0.7745539
1.0707744
0.8676049
0.55644673
1.4000322
-2.0642571
1.151709
0.29997358
1.5386796
1.177618
0.5984131
0.3746163
1.923746
-0.3138344
-1.9109927
-0.7077622
-2.1330707
1.860332
-1.5006995
2.5685966
-1.096535
1.3599848
1.1974046
-2.6679156
1.3331149
0.81588
0.7789997
1.5963671
0.5491264
2.675552
2.191755
1.5055397
1.8535523
-0.48251703
-4.1244226
1.1799194
1.8208572
0.32859972
-0.37842104
-1.3790939
0.12744424
1.3689117
-0.5306288
0.7692731
1.1683681
4.7079716
-1.7321622
2.2108557
2.0627687
-3.447463
-3.2570853
1.7755755
1.8836098
-2.0673115
-0.5770885
-0.29919082
-1.6007082
-0.50077313
0.39552683
-0.07776803
-0.20951328
-1.0464095
-0.21191129
-5.6130385
1.550013
1.4468548
-2.5234323
0.14528683
0.4163451
4.479655
0.46299437
-3.6187027
-4.4786863
-1.8266048
-2.4467516
-5.4537487
-1.998227
1.4800298
-2.957133
-3.1199062
2.6797717
0.5919362
0.17171316
-1.3814164
1.0595251
-0.040981814
3.099918
-0.2911721
0.7004382
0.46877345
1.8164876
-1.2359227
-4.1948338
3.08692
-0.6982878
-1.3503591
3.399569
-2.5050337
0.5954975
0.068951085
2.4505699
0.052414905
-1.341946
-0.57428026
-0.2042169
2.5643086
2.8291154
-1.3287551
-0.5673274
2.96899
0.36450973
-2.5269368
0.56557316
-1.4693767
1.5499992
-2.7802353
-0.6695955
-1.0689633
1.2782989
-0.9605152
-0.8573075
-1.9344549
-1.0805242
-0.1227125
-2.299465
4.2014318
1.1727934
-1.1971473
-0.30116975
0.5548527
-0.79643404
1.9916022
2.6033804
0.14238313
-0.35973668
0.17392646
0.9303578
0.38075376
-1.4628583
2.530399
3.3487456
-0.04945892
1.6403892
-1.9146858
1.1054593
-0.90319496
0.40735716
0.98994917
-4.482604
-0.770204
5.061435
2.4722936
-1.8654922
-0.3706206
-0.95452434
3.0644114
1.0578763
-4.7009873
-0.9842746
-1.4207783
-3.4275
2.0001132
-0.50921345
-0.70090246
0.31382033
1.7353848
1.9383658
-1.1557407
1.1711729
-1.8338879
0.5544911
2.092921
-0.13714
0.25478518
2.1335175
-0.86419374
-3.3740993
1.6648684
1.7959502
0.68127173
-1.0177912
-0.79269737
2.0313625
0.75481486
-2.354142
2.5487673
1.1184964
-1.479443
0.8142174
1.0696346
1.232854
-1.5629638
-0.37359503
-0.5295752
-0.10868396
-0.9477383
2.7186878
-1.1845093
2.6874075
-0.1206435
-2.3536654
3.1751995
-0.24335612
0.8232121
1.8822372
-0.2595517
-1.8541731
-0.22663605
0.33994007
-0.06514686
2.094412
-0.7761
1.1098821
-1.5290765
-1.6114326
-0.6499006
-0.6217737
-0.20420735
-2.051795
-1.6367564
2.6503685
2.0994437
-1.4668393
1.4410273
-2.083104
-2.4696674
-2.0346355
0.8226746
-0.49096662
2.4778082
-1.2964402
-0.30581132
2.9899461
1.0657399
0.66064054
0.14179459
-3.2306578
-0.85046774
-0.3888887
-1.1679442
-0.124851316
-1.1534709
-0.8033519
-4.4548664
0.13922668
0.30321735
-1.5079153
2.2093716
2.923014
-0.41582707
-0.17074424
2.3275104
-0.015809514
2.3550897
3.6080651
-1.026642
-1.0837247
1.9577157
0.7831845
-0.9743463
3.5677948
-1.7116464
-0.9782092
-3.3694487
0.8675289
0.35843718
-3.5889168
-1.171117
-0.50204015
0.20292915
1.6521802
-2.217726
-1.2003722
-0.30052927
-1.3476491
2.139946
1.8369428
1.6276486
-3.3778245
-1.8293204
0.15698478
-0.54351604
3.7943513
-1.4502246
-2.2142267
-1.7211467
1.3957903
-2.6754184
2.3093002
0.21686852
0.7550974
0.06324398
2.8906543
1.1275909
-1.0371395
1.0367389
-0.2812761
-0.37621018
-2.461957
1.601072
-0.62303585
2.9392076
-0.50767225
1.6332709
-4.1287603
-1.3616993
-0.7541751
-1.4149603
2.2759435
0.20787781
4.4378824
3.6002452
-1.0570128
0.6221245
-2.3132722
-0.5720407
0.27947024
1.7971419
-0.27001032
0.5099894
0.3532668
0.64094186
0.91731906
1.1453794
-0.9444066
-0.76197475
-4.9193683
2.6087995
-2.0124538
-0.5319217
-1.6680548
-1.4767238
3.430712
1.2319136
-0.42997903
-0.046595804
1.2731993
-0.5015894
-0.83011943
0.77330154
-1.8810536
-0.4643803
-1.302032
3.3212392
-0.44188794
-1.1113924
0.51189953
-0.48946992
-0.922509
-3.0780053
1.7217519
-1.6808865
1.2154753
0.39012682
1.3175461
0.79158664
-0.633502
-2.377792
1.063734
-0.4363588
-4.66045
-2.3223078
0.3902704
2.1318686
-0.23237546
-0.6966526
0.39111933
-0.7622475
-0.6200854
0.85808027
-3.0287259
2.2149243
-1.0401227
-1.2637486
-0.22974214
0.13697219
3.4720364
0.18077174
-0.015899286
-0.25728065
0.4775623
-1.184513
0.98310155
-2.8257675
1.2381685
-5.0482655
-0.76906204
0.65477896
3.7723184
-0.8977793
-2.6414542
-0.73460156
1.4597474
1.5363362
-4.123056
-2.635549
-1.822602
1.8390306
2.5606997
1.7699794
2.1708791
2.8030262
1.0479516
-1.243202
-2.616191
0.6701369
1.3561401
0.17467
2.0013518
2.4391346
0.483868
-0.31261268
-1.3200095
2.3491352
0.6069592
0.5299185
-3.4881415
-4.42704
0.75600326
1.1922832
0.87027204
0.29404214
-1.618225
-2.9309373
-1.9205345
3.7938468
0.6523744
-0.2037759
4.147148
0.017713718
1.1438597
2.8025494
0.32907653
-4.075779
-0.4967457
-1.0410733
1.5746591
1.2917048
5.0004535
-2.151988
-0.6607897
2.1070406
-1.1967367
-1.6966679
1.6423285
-1.2371709
-3.434851
2.536681
0.34777942
-0.41373724
-1.4868629
-1.0511072
-0.3097229
-1.6715512
-3.1452963
-3.1838346
-1.4450732
1.6602613
-0.87350047
2.7505937
-2.861815
0.66322297
-0.15541235
-0.7460982
1.3284827
0.98998344
-0.6436006
-1.5538144
-0.4131462
2.9668262
3.4864655
-0.17981997
0.25391388
1.5872533
-4.049255
-1.8661057
2.7550104
-1.2690728
-1.2857233
-0.6941635
-0.9905791
-4.1749315
-2.736001
-1.0627155
-2.1535976
-2.5057564
-1.2266566
2.2447517
-0.29208356
-1.6738881
2.65197
5.195893
1.646538
-0.31463495
-4.3263726
0.65766954
0.062968306
1.3713394
0.11950438
1.0600302
-0.6795868
-1.0653474
-0.8422212
-1.6003534
1.5460646
0.48124444
-0.38120693
-1.2726524
-0.6493484
-1.5055126
1.7757244
-1.4300321
1.802986
2.064287
2.164619
0.10892241
-2.953747
1.1552095
-1.7056487
-0.8306606
1.6622139
-0.58669436
0.8415176
-3.1868792
1.4111403
0.26351303
-2.5344
-1.0811248
0.9902391
1.4186573
2.0217514
0.42146584
-2.2023816
3.2722514
-0.17047445
-2.5715108
3.979055
5.913762
-1.6976763
0.89428467
5.777738
-0.6946899
1.908875
1.0073305
-1.1316183
-2.326247
-3.900001
2.0022123
0.024669416
-1.5598258
-1.2663729
0.82462746
-3.2233143
-0.5717405
2.2043304
-0.8993275
0.63217556
1.9728514
3.2310703
-1.1612655
0.40559882
-3.1934948
0.36222214
0.52519417
2.7271686
0.94049525
1.6690772
-0.6378821
1.4933019
-1.3002576
1.308794
-2.6424727
-1.9471966
2.0858605
-1.9019008
0.82743233
-2.0626278
-1.4334714
-1.6950121
1.13746
0.6839552
-0.5726272
0.017570049
-1.9529747
-0.23617062
0.090068
0.82278174
2.3370254
-0.2512349
1.5225768
-1.4278109
-2.9429376
3.9149654
1.5625783
-0.09941723
-2.8005297
-0.040072843
0.3987528
-1.7061547
1.627057
-2.3122833
0.4183815
-0.60730475
0.4739787
2.0853322
0.13538198
-1.9228573
-0.59296596
-0.24729055
4.1938705
2.1661072
0.58574855
1.2209085
0.049029633
-1.0234317
0.46280015
1.7941393
5.0831313
-0.00527608
-0.13870427
0.78989345
-0.40255174
0.5022129
2.9354296
2.133416
-2.681721
-0.081351995
-2.8094409
-0.6677269
1.0070056
4.268932
-1.8575636
-0.68056405
1.2872697
0.023822017
-1.8054616
1.1209657
-0.82132584
-2.041572
-1.0364301
-2.1469865
1.7406883
0.41250956
0.21708593
-1.3956224
-2.1775537
-0.5454644
-0.25415894
-2.827517
1.3752624
0.5176796
1.6828935
0.665177
-1.179779
0.51390827
-2.3871331
-2.1436918
-4.18252
0.20128377
0.29708168
2.1396267
0.49603996
1.5431936
-2.3059862
0.12003733
-0.3589528
-0.22254938
-0.98270845
2.9865367
0.4521568
-2.6110241
-0.11017808
-3.045968
-0.49133667
-2.751833
2.9206238
1.974173
0.8583029
-3.169974
-2.0243742
-1.0993116
1.9999579
-2.2628794
-1.1580495
0.30594605
-0.6631438
0.59828454
-1.3791087
-0.35378724
5.829978
-0.98559403
-0.7101659
-2.2462528
1.5763862
3.4093013
0.027249347
-1.4333749
-2.5532205
-2.1222544
-2.1370735
0.23463774
0.6321155
-2.2326796
-1.3394926
0.87256485
1.5288794
2.0586205
2.097702
0.84906197
-0.7831219
1.4159184
-1.0496827
-2.249219
-3.478077
-1.4451128
1.247383
0.84896225
0.76578814
0.47298095
-3.0166495
-1.3980522
1.3685769
-1.2975842
-2.2608984
-1.5226464
-0.26716584
0.5708392
2.344285
0.8523675
2.9010952
-1.3879445
1.6028491
0.52575463
2.0987456
3.6002133
-1.8703079
0.41700593
-0.8339933
3.4227636
4.964793
1.2432066
-0.26980266
-1.7638714
-3.0553741
1.2529811
-1.0484346
1.0077552
0.29274735
0.98121005
1.8775216
0.8818649
2.4613588
0.3070815
1.9532845
-1.0791997
0.18378437
-0.6800267
-2.781522
-0.73959
0.30314967
1.3998183
0.3476183
0.4789883
0.6078181
-4.1992097
-0.022299483
-1.2491826
-0.84336996
-0.50284374
2.3785033
-2.200051
2.0367699
0.66193175
2.171974
-0.4583884
0.41666976
-0.14304098
0.08654424
-0.43157065
-0.77206355
4.739809
-0.60478044
2.454044
2.1998293
-2.5363204
-1.6035688
-0.63605165
-1.4717513
0.10759678
3.4953637
-0.58133614
0.012323245
4.7556725
0.17113583
0.16399652
3.4553895
0.5815572
-0.554034
1.0597974
-0.9938165
-1.6102755
0.16377997
0.9268458
2.0556345
-1.3482442
-1.3304253
0.309354
0.94236356
1.2111914
0.31159663
1.2148037
-3.5493777
0.50336134
0.89714664
3.4268444
1.126333
-1.7532299
-0.063498154
-1.5574005
-0.38912797
3.777913
0.5667657
-1.1548202
-1.0180414
1.5137302
2.191189
0.79497707
0.6158727
1.9736323
1.0990319
-0.056498803
2.6303897
-3.069743
-1.2826833
-1.7672396
3.2911303
-1.1697156
-0.7171788
1.4643748
-2.7760005
-1.2446798
-0.30411643
0.6216002
1.9131185
2.1290243
-1.7953516
0.61556876
-0.711425
-2.2726836
-2.842686
-0.012925595
-0.024771646
0.7287484
1.1047755
-1.3753136
-2.6458993
0.27399197
-0.5878011
0.7714379
0.0152558535
-1.2217351
1.7799227
-0.70676243
3.3150425
-0.94059825
0.9277259
-1.5349102
-0.7508245
0.1788177
1.108699
2.7775617
-0.60096145
2.2774577
-2.8768568
-1.0301367
4.3049273
0.8849678
1.3926167
-4.733325
-2.4106386
-0.47065282
0.39691716
1.0007875
0.88287467
3.766878
-1.2448465
-0.90523195
0.35788068
-0.788555
-0.12398518
-1.9518254
1.312979
-0.4747551
3.300845
-0.7711917
-1.2039702
3.0762603
-1.3728243
-0.93579566
-0.88522387
1.0836893
1.792744
2.5936177
3.7949724
-0.57157737
1.6843389
0.3645948
5.497102
-1.4711889
1.4241853
-0.9866597
-1.6254411
0.2674474
-0.938687
-2.8754227
-1.2317835
-1.3738319
-0.94255626
-0.63623863
-1.0855793
-0.576848
-1.8914367
0.9751623
2.279341
-3.1316807
-2.3824475
0.104545474
0.9017397
-0.876181
0.45301747
1.5853586
-1.1358429
-1.5250406
-0.10688558
0.97063375
-0.69103736
3.6486018
-1.8976499
0.337466
0.5071284
-1.6606238
-3.5528002
-0.12627435
2.4852602
1.3627379
1.028472
4.5721164
2.512094
1.9381838
-3.215107
-0.9713089
-0.16815662
-2.8068519
-2.9485805
0.8375232
-1.7539812
1.1970866
-0.8272274
-5.0712895
-3.2624786
-3.247084
-4.9067974
-3.6412501
-2.0419195
2.88929
-1.0727533
-2.9709046
4.589311
3.619644
2.8518984
1.7369249
2.166225
-3.5542235
1.2341845
1.0758591
0.41572687
-0.1051181
0.81452763
0.18169194
-1.6673126
-1.9053403
2.5693285
3.0730581
-1.5369536
1.9062624
1.7469622
0.6729312
1.5149978
-1.2941695
-0.8608037
0.6256543
0.18802008
-2.6234808
-0.1303131
-1.0912042
-0.7926292
-2.7446902
-1.1116228
-3.1325462
-0.28491417
-0.5881243
0.398447
-1.8664539
0.08914726
2.9159555
0.9421174
2.0427613
4.8365526
0.8995221
0.9352554
1.622105
3.1595676
-0.44241583
-1.9392712
0.42889902
-1.2589142
-1.635521
-0.8340675
1.4945918
-1.4127864
4.8730736
0.93579865
1.8472809
-1.4204013
-0.7784663
-1.3174733
-0.51731384
2.7276711
-1.0964276
4.7520914
-0.8410039
-0.4466711
3.5646975
1.2317783
0.26938096
-3.0389953
3.59935
3.303962
0.16071343
-1.7918963
-1.3715317
-0.38496786
1.2161648
-1.2638193
0.9419768
1.1970018
0.88925415
1.2402557
-1.1098548
0.93172354
0.47784042
0.19236451
3.4813883
-1.8497984
1.5362214
-0.5223812
-1.0020046
1.063937
-0.28403527
0.03373057
-2.602958
0.7505518
0.9920168
2.4305313
0.3328163
1.7474531
-2.5185866
-1.0142479
-1.7689886
0.9602903
-2.0650022
0.40791288
-0.106358714
1.4189847
-3.3071754
3.260835
0.3453987
1.097956
-0.022237487
0.8587888
1.201939
-0.82199717
-2.2273774
0.0641724
-1.6012971
-1.7180406
-1.1061091
-0.63090503
-2.0699015
-1.9017836
-0.19657275
-4.3676314
1.1090764
4.2353363
1.345791
-0.8482736
-0.2803967
-6.545494
-0.078011565
1.7132443
1.2639946
-2.3106022
3.267164
-0.23380744
1.3627262
-1.6075251
0.28108484
3.477412
0.82786304
-1.6616023
2.4573476
0.9720546
-0.9670609
0.8915988
1.1648014
-0.8135769
0.79606193
-0.98611075
-0.8972094
2.0982392
-0.6130596
-1.7859828
-1.6377231
1.714217
0.42479286
0.05228909
3.0773082
-0.98611873
1.3777766
-1.1764838
-2.3089712
-1.8434609
-3.961163
1.0108857
-1.8632667
-0.42131865
1.0330158
-2.8952165
-0.7690837
1.8195075
-0.13760814
1.2022489
2.185751
-1.2675027
-0.36740986
4.176283
-1.3620127
0.5443645
-1.3544593
-2.3013012
-2.306324
-1.3591034
-0.654065
1.5964481
0.3714637
0.0427946
-1.3566724
2.0788236
-2.722645
-1.4175843
-1.2737116
-2.9544
-0.36758262
0.48960868
-0.9828279
0.4938574
1.0895201
0.5797823
1.0161777
1.4835511
0.43146718
2.8015952
-1.6073388
0.18870828
-0.7925214
-0.8581258
-1.2710321
0.9886676
1.0998764
2.5029888
1.965486
0.8749941
0.3165439
0.9620964
-4.4256177
-0.7171608
-2.5813766
2.7764788
0.32650146
0.48121473
-1.1763387
0.039191324
-2.115965
-0.94513756
1.1881374
-1.6412667
-0.049342625
-3.3911147
-1.7632596
-0.9843777
-2.4560447
1.9187529
1.4718013
-1.2134432
-0.8258691
-1.2851251
-2.7961247
2.6101995
2.2212405
-0.23745333
-0.7049062
-2.5608428
-3.014553
0.024647228
0.38004914
1.8926883
-0.2265907
2.0952072
1.255004
0.8183109
-0.39084938
-0.03867586
1.1235986
-2.1781144
-2.6862183
2.448663
-2.1920013
0.3095165
2.775847
3.65906
-2.3543594
-0.44822493
-0.20502123
1.0497123
-2.572255
0.50067836
0.19267738
-3.5529706
-2.0914247
-2.0606284
-0.28435877
-3.6449988
-2.4917367
0.19838506
-2.64989
1.9465631
3.5519528
3.2392187
0.9535278
-1.9592339
0.8074166
3.6911685
-1.0039095
-2.0483243
2.366222
1.7417306
0.51052445
1.4050654
-1.5384473
2.8917065
-2.3005393
-3.2341547
1.3085673
-0.0045661777
-0.27155536
0.27760074
-0.0106747
2.2231326
-1.0870135
3.4412608
4.5513062
-0.40971112
-1.1955333
-0.511798
-1.0598391
0.61449474
-0.040103473
1.6809561
2.6440582
-2.0335495
3.3808246
2.0750482
0.94334745
2.5574882
0.36511257
-2.0809178
5.452479
-2.44647
1.4007113
-2.611548
-1.2726235
-0.94063836
0.3022907
-1.4946469
-0.8907171
3.0942647
-0.7773806
-1.6898444
0.6285362
0.39380395
1.9129558
2.0582716
-0.8223758
-0.40441948
1.669787
1.0504872
-0.38870165
-1.0850197
1.9526181
-1.0359594
-1.0920624
-3.2760432
0.45215428
-3.381751
-2.7444918
-0.56436545
-1.8026141
-0.13520914
0.32959533
1.2678174
4.181528
2.8833299
1.0999707
-0.84891486
-2.8687124
1.7965413
3.8327384
1.1448069
-0.47748002
0.6710832
-1.4994558
0.5619688
2.7480557
-0.24555029
3.5178792
0.42595395
-2.2893808
-4.100121
-1.3675723
0.4818577
-2.4795997
-1.9385263
-1.128583
-2.4104972
0.62244236
0.15071243
0.9582623
2.398412
-1.3395602
0.837263
0.7722283
0.60274804
0.00875368
-3.7782059
1.2158421
-1.6228257
-0.23108688
0.49443674
-1.6029377
3.390994
-0.81185305
-1.4702854
-2.2508252
-1.9111848
-2.5753133
-1.4169089
1.2629493
-0.52285266
-2.1976895
0.1873911
3.3954787
-1.5301106
-1.6035295
0.31611836
-2.2461333
1.5470921
1.912176
-1.3983501
-1.4258265
-2.7121732
0.87540615
-1.6232468
0.71758735
-1.5398449
2.9833157
1.3530661
2.2857695
-0.31415132
0.3290277
1.1656975
3.8061275
-1.8787702
1.889821
-0.92171884
-4.5301085
-4.9089484
-1.1547413
-1.1683446
-1.1508504
3.1054327
-4.2871213
0.1135048
1.2921114
-0.8397252
-0.9661365
-2.3063803
0.27423024
1.9078618
1.0924014
0.03109939
-2.5860214
1.2806028
0.6357582
1.442046
3.403225
0.2545271
-1.3689214
-3.5354376
-3.2623224
-0.8639704
-1.2549397
-3.0160737
2.1036475
-1.853907
0.8067471
2.1138496
3.2557406
-3.2432296
-1.3645386
1.3013068
-3.587191
0.0833905
2.2667058
0.86093265
2.0801427
-3.2039492
0.39638394
-1.638649
-0.016353004
-0.37148553
-3.0022807
-2.6612158
-1.7252867
-1.7130057
0.57167315
0.54586893
-0.42018846
-1.9969472
2.5273755
-0.0072179884
-2.1389978
4.0073285
-3.8327928
-2.1153493
-3.1820595
2.540875
-1.5288503
1.5330575
0.27170053
2.5900307
-1.8699741
-1.8573589
-0.047701024
0.62528753
-0.97908896
-0.25054395
-0.24014932
2.8142264
2.9746764
-0.55832905
1.3888156
-0.66878426
-1.6691371
0.058831878
0.41552606
0.46645588
-1.8046674
2.3269546
1.6344106
-0.13181049
1.4158189
0.23491287
-0.49613988
-0.42174202
-0.12153891
-0.22306862
-0.09548611
-1.1150784
-2.1997013
0.9920768
1.9777756
2.330557
0.7468422
-1.702004
1.0710908
-0.78389454
0.29560798
-0.86791086
0.710582
-2.1546197
-2.5828042
2.2416418
0.58609265
-0.5807065
-1.1121069
0.7576886
0.45568052
-2.79993
0.7450826
2.6452856
-1.1716945
2.4546552
-2.303833
-2.4132173
-1.0508782
0.7694798
-0.72873837
1.32354
2.0958638
0.4301768
-2.3654273
1.6659516
0.17254743
-3.1613095
-1.6647339
3.0306096
1.2808868
-0.6190552
-0.89702886
4.016229
-0.54233235
1.4331567
-1.3675684
0.80086154
0.9919475
-0.7622715
-1.3538529
1.8562043
-0.5420363
3.0740533
-1.021941
1.5112655
-2.4550374
-1.0053558
-3.2421641
0.6734141
-2.1412473
-1.177667
-0.26712087
-2.0160108
-1.8057215
0.19522741
-1.9080385
0.6823698
0.19360653
-1.5597847
3.1425753
1.6699653
2.8567932
0.32624143
-0.10306123
-0.5996822
-0.6433153
0.6085453
0.54633623
-1.2343775
0.37792432
0.43323243
0.2987589
-1.4579216
0.5816917
3.1414483
1.2867569
-1.5870196
-0.42544046
-3.4810474
-0.9840726
-4.1053114
1.286998
3.4474866
0.58310986
0.49173194
2.619964
0.5381242
-2.4132352
1.3681961
-2.9372811
4.180747
0.670998
-0.9273608
2.0069985
0.8830232
-0.16055968
2.8652022
0.86690104
0.11760438
-2.3802357
1.4581037
2.5472672
0.09431698
3.248662
-0.98506415
1.5151452
0.65774333
-0.8686657
2.7030063
0.84629965
-2.3421068
-2.0013585
-0.03421875
-0.42182323
3.0597167
2.70936
2.0264869
2.716331
-0.11168075
-1.9860404
-2.4123578
3.5526068
0.07878319
-2.304785
0.8914961
-1.4541367
-2.4977603
2.1161842
-0.6714101
1.9964718
-0.6877743
-4.1719117
-4.106435
1.1467408
-1.2252766
0.3411975
0.7579528
2.4146268
3.0695105
-0.6903542
0.6827641
-2.853824
4.6100564
0.45327497
0.6439552
-0.22871181
-1.4791218
2.1747088
-0.15138891
-3.206116
-1.9822173
-2.7680962
1.318875
2.7334232
-0.6852248
0.17819384
4.284807
-1.2453792
2.453329
1.1035805
-2.8119516
-0.63001037
1.4544392
-0.76210654
3.3567007
2.6265671
0.7967703
3.248891
1.2089025
0.9635829
0.03714584
-3.0085247
-1.3187109
-2.8367186
1.4882172
1.3278282
1.0691737
-2.7941613
0.3671242
3.7568285
-0.324426
-3.4139047
2.0777411
0.22778563
1.3073223
-0.53117734
-1.0578433
-0.11937814
1.8911561
-1.598879
-1.4007521
-0.31385785
2.1330492
-1.0157337
3.542803
0.2706746
1.0722479
1.6727241
-1.7419599
1.1400076
-1.0597897
-0.48232505
0.2799591
-2.2432554
4.145826