Neomus
1
0.22134125
-2.370163
-0.14536752
-4.720044
-1.3584468
-0.68680245
2.7224267
3.8823638
0.76873386
0.0591504
-0.96388894
-0.05862654
-1.1770654
-1.9892533
0.10203023
2.3998706
1.5341593
2.9937453
-0.7620939
-1.5188162
1.7570865
-0.33236796
-0.6367864
-0.22455123
-0.087830104
1.3515856
-1.6424048
0.82941306
2.1885307
-0.97627497
0.05394072
0.08176077
1.1915452
1.3648188
3.9068718
-0.22145835
0.9823479
-0.50519544
0.2118299
-0.9001166
-3.0616536
-1.3484919
0.28806648
3.296333
-3.8654935
-1.3323977
0.677701
-0.67749786
1.389863
0.6363638
0.7104841
-1.1030357
-1.2231728
-0.54986703
1.8735329
-0.08039891
1.1354729
-0.32579845
-0.85472065
-1.9269786
2.537555
-4.381133
1.8929194
0.59621495
-0.8983716
2.0094445
-3.6928632
2.5284393
-3.5865679
-2.0368414
0.009654731
-1.1694078
-1.0174837
1.6185135
-4.3966813
0.6910923
2.234209
1.071053
-1.4333813
4.296325
-2.4375868
-2.9227774
2.0970654
0.3688786
-2.974103
0.76962423
2.7711778
-2.8862748
1.752372
-0.49028733
-1.3495637
-0.32083088
-1.0510863
1.1328654
0.31767452
-2.4362097
-5.783368
2.4662387
-2.7824342
0.97633225
0.60215265
-0.74554443
-1.360694
-1.2865846
-2.15768
0.7965622
-2.5696263
1.6461456
0.8317488
2.79013
3.3596816
0.18423638
-1.0949758
-1.2272725
-3.1956208
-2.2984607
-0.84264463
3.548211
2.3397586
1.8007766
1.9179903
-0.4882272
1.4567214
1.481725
0.34751302
0.43644318
0.24846336
3.9380255
1.0086656
-1.5814519
-1.5942396
1.7002536
0.16097628
-1.0239401
2.0186083
-0.1435149
-2.5367475
-0.26299652
0.6008926
-0.6951027
2.4175806
1.2552322
-0.31163895
-0.18984185
0.5133939
-1.0039268
-0.9418149
1.0631583
-4.075825
-2.8503852
-3.8080256
0.22185567
-0.8401321
-0.18373936
-0.8519567
1.3862538
-1.3300887
0.48723608
5.636718
-0.41993794
1.0564523
-0.317818
-2.4648073
1.7848608
-2.5836148
2.1405628
-1.6232882
-0.59487754
-1.6616201
-1.3516176
-3.1462016
2.6016521
-1.348298
-3.4093895
1.7578235
-1.8634988
0.14014027
2.181515
-1.0951169
-0.31310794
0.08709625
-1.0842156
0.63195086
-1.8193163
-1.5225803
1.3084469
1.3082002
-6.582839
1.9407402
0.2897192
-2.943328
-1.8980953
-1.8209774
4.9908695
-2.7650788
0.75726837
-0.85799766
0.5659988
-1.2947053
0.48561308
0.5853891
1.517494
3.4044492
-2.4555705
0.44591367
2.0466726
-4.2094064
-1.6563993
-1.5120234
3.7123861
-3.5750618
-2.0346012
-0.4543825
-0.72520345
-2.7781103
1.5081453
-0.69511765
-1.0075909
-1.3921872
-0.52285254
-4.3880386
-2.9235196
-1.7379043
1.205587
3.5995586
-0.3092627
1.6846031
0.07158949
1.6521287
-2.4364018
-0.24406679
1.1183935
1.2169989
-2.4794092
3.0268614
2.5015259
1.3766996
-1.2699971
0.22710651
-1.3070394
0.6509651
2.0489469
-3.0753534
0.6839023
-2.0227323
3.4364774
3.9944236
1.9084884
1.2511947
0.031273447
-0.6449415
0.005377263
0.19833288
-1.0020332
3.287794
-0.55431914
-2.7687025
2.3594403
-0.5447929
-3.5040166
-0.87192
3.6908913
2.221236
0.46634915
2.8051596
-1.9716749
-0.35143095
-1.5804213
1.7215846
2.7148902
1.1027774
-0.98019606
5.0658607
1.8586775
3.3213837
3.1868532
-0.24071099
0.8766743
0.454407
2.415021
-5.4445653
-2.7861273
0.37807724
2.69089
-2.2107399
-1.2228158
0.9140008
-0.8298589
0.50643194
0.28523386
0.76636934
-1.7820858
1.0040364
0.5410572
2.122987
0.23215266
-1.6464138
2.1153724
3.3167672
2.7766788
1.9747365
2.6530292
-1.8511313
3.4560375
0.86120003
2.4551826
0.7729202
-2.1903083
-1.4476378
0.9696825
0.4721624
-0.9792802
1.7374693
2.5190215
3.588108
-1.8160965
1.7909076
0.87071806
0.94502664
3.291372
0.8847797
0.36160976
-0.5377556
-0.09264322
3.2203465
0.30893046
2.6182094
2.6312616
-1.6768148
0.55831856
-0.8389001
0.1569113
2.1419978
-0.89920765
1.4036287
0.70852154
-0.000016473234
-0.014828637
-1.546014
-0.02581992
4.775846
2.6736934
0.94687927
-0.0137841925
-4.745398
1.2419859
1.9545903
4.7189145
0.02025994
-0.010439366
-2.4134219
-0.41287625
-0.790371
0.098181725
-0.16049373
2.5274894
-3.0087018
1.0522203
-1.3980062
-1.6169213
-0.74048084
2.2909873
0.26516494
0.93963414
1.6488498
-2.1589897
2.0854461
-2.912863
1.5800828
0.5082498
2.179192
1.8325694
1.0093559
1.1800028
1.8449985
-1.83259
1.5751514
1.7000275
-1.989155
1.8655723
-2.255689
2.3975475
2.4101772
-0.7661716
1.817987
1.6110395
0.9119572
-1.4086281
2.7863941
1.2413859
-0.1262022
-1.0606211
2.16107
1.0148815
0.14559954
2.0410883
-1.3679059
1.1977789
-0.5852726
-3.3384843
-0.058278017
2.4842384
-3.0322938
-0.34526128
-0.08516048
-0.4811158
1.7673688
2.4712145
-0.23777919
-1.3728728
1.4952562
-0.14063501
1.5475658
3.6452806
0.51964396
2.3599498
2.260276
3.1290672
2.7852097
-2.3664267
-0.002597779
-1.2061536
-0.8272073
2.2926908
3.705611
5.3648252
-0.122704655
-0.8514742
2.5649304
-0.37139112
-0.44522944
-3.4976957
0.37671268
1.802748
-1.2937912
3.7551265
-0.03212755
3.0338035
-1.8765963
-1.8233051
-0.24638048
0.18944772
-2.685899
-1.4158349
0.24159095
2.153802
3.4650533
-1.3814492
-1.3079212
0.5887301
1.4626433
0.50367266
1.0793164
-0.28644633
2.0352693
1.5420172
-0.4792962
2.3758454
-2.805402
0.4039855
-0.39644134
-1.8903672
1.2261549
0.4975495
-0.9835173
0.84518266
1.7306968
-0.94054526
0.037430383
-0.4911803
1.3212715
-1.7652864
0.54560876
-2.189878
-1.6060731
0.4871372
-1.3755594
1.4468967
-2.142176
2.3757453
0.0214772
2.4005218
4.7225103
0.3352126
-0.9910707
1.3990903
-0.8201231
-1.6045929
0.90692776
0.16377541
-0.22468345
4.981551
0.13366275
-0.36964163
0.07390637
3.2101314
0.008791827
1.3380631
-2.1263058
-2.1725945
1.1792564
0.5395051
-0.12701358
-0.39696157
-0.25373834
1.4896386
-0.52921075
0.18978381
2.52266
-3.3886979
1.1363015
0.9522948
1.5286015
-1.7173365
-1.6613864
-0.5370798
-2.003333
0.42724296
-0.4533985
-0.5105347
-0.8876695
4.085673
-1.0320837
-1.1555245
-0.30325735
2.8913302
-0.5286058
1.3765842
0.83025014
-0.70359975
-2.285224
0.48222077
-0.16756044
-1.0159637
3.106406
-1.1974009
-0.34326333
1.4888475
0.114744395
1.2091783
-0.67332196
-2.8019118
-1.2324535
0.13988581
3.971234
-1.0533391
3.6293576
-0.090832934
0.062429726
1.1865475
-1.7930785
-2.160708
1.4536597
-0.09320384
1.5900838
0.29906467
-1.3237368
-1.321642
2.067409
-0.7828527
-1.3360251
-1.444886
1.7261484
0.5561423
-1.8911847
1.9670367
-1.5238111
1.6783301
-1.0481522
-1.3264775
-3.4923048
-0.97089267
1.5920858
2.1969259
3.200285
0.7412412
0.021080103
-1.5820993
1.4564563
0.12788135
-1.894595
1.7361224
-0.90038943
0.8103788
0.2554399
0.57998663
-2.243189
-0.76631767
-1.0985656
4.310031
-1.4944735
1.8241595
0.18024454
-4.2063603
-0.83525544
-0.8889128
1.0584913
2.1493747
-1.0656406
2.929832
-0.12479966
1.9379121
-2.9970274
0.66702414
0.4487745
2.45718
1.502912
3.0394685
-1.3089316
1.530241
-0.67509973
0.82008064
-0.3480379
-0.21011415
1.1338845
0.27066427
1.9395949
-2.0504904
0.69372505
-1.695141
-2.857864
-2.8873413
3.018003
-0.4707107
2.3930964
-0.8700845
1.9913148
-0.3210469
-0.8109732
0.9508354
1.0915865
1.9055189
1.8113751
0.55918944
2.549491
0.9646504
1.7074192
-1.7765328
-1.7347584
-1.167967
-0.9499864
1.0015067
1.9305149
-1.6212043
1.5521842
-0.14172465
1.1745809
1.1700548
1.7868111
1.939845
1.2052056
0.80165297
-0.95911777
-0.18129809
-3.145306
2.129478
0.7272945
-0.31047833
-0.27094853
0.6980378
-0.99395365
0.76086915
0.42926937
-2.6747735
-1.8900354
2.3801744
-1.5542722
0.259377
-1.0601418
1.0075799
-1.2828367
0.6548165
2.6754029
0.4411307
0.90455467
-0.5831778
-0.13234454
-1.73477
0.9211474
-0.3413779
4.466945
-0.42377684
3.3339148
-2.2485464
1.5134059
1.1814137
-1.1939342
2.9452477
0.9737405
-0.32845223
1.2498833
-0.36140066
2.3819182
4.5332866
-2.12217
-2.1454358
-2.1958976
-1.3098507
-0.9198317
-0.14817125
-2.0822105
2.7321565
0.7609123
-1.5513061
-3.2292519
2.7703
-2.7994182
2.907927
-1.7480512
-0.04037887
2.3392122
0.30841693
-0.085808024
0.6556989
0.060097832
0.65803176
-0.20580578
1.3364683
1.2732166
-1.9672573
0.001939863
-0.72429395
0.4383999
2.9126818
1.3973598
-1.5764781
-1.2916374
-0.6121163
-0.26011118
-2.0606608
0.06734492
0.45463115
-2.3247862
-3.412718
2.6612434
0.86949676
-2.800781
-3.8563125
0.4807858
-2.4944928
-0.49570656
0.8192699
1.2113175
0.20898423
1.2603974
1.2116683
0.42876583
1.9661669
0.9909147
-2.8736134
2.6329138
3.0252156
3.0181427
-2.9267755
0.5316582
0.36377114
0.79289097
0.13323557
-0.65656006
2.089409
-1.87978
-0.28354812
3.9820764
1.2966456
-5.3183312
2.31855
1.5958495
1.1561352
0.56517917
-1.5495049
-2.5926125
-2.213448
-3.655569
-4.432879
0.50900286
0.65158176
0.3445099
0.40145203
1.8288745
1.2746612
-0.03311734
-2.05313
-1.3397411
-0.5114804
-3.174613
2.492663
-2.0506024
2.387697
-0.4847369
0.18595552
-1.0313792
0.8604186
-0.30054542
1.0598818
2.2777991
3.341238
-1.1935576
-0.11589049
0.2815907
-0.33391723
-0.93430966
-2.2694788
0.7276914
-1.27509
-1.8688855
1.7207557
-0.7079466
0.34275874
1.2819091
-0.68161976
-1.2966752
1.6345459
-1.1367686
-0.758491
-1.6666441
0.30225232
3.5642498
-1.0113022
-4.0199747
-3.2000318
1.4819452
2.0714455
0.16926278
1.5637938
1.0318887
-1.4547476
2.3746176
-2.8820937
0.02077169
-0.8874549
2.103409
2.097082
3.0853703
-0.1989088
1.1814638
-2.921472
-2.1195118
0.7750883
0.06992133
-3.3042197
0.68754077
-1.3843987
0.29626167
-1.7238467
-1.1625406
0.40903682
-1.8505386
4.296212
0.38020414
-0.520568
-0.23870733
3.5101643
-1.9992063
-0.78875566
1.7531282
1.840827
-0.7562099
-0.31251478
0.68714434
4.800341
-2.9297838
-2.837487
3.0507872
-2.6908188
-0.94574904
-0.1544961
0.8617776
3.6180463
1.0184473
-0.097812235
-1.4155862
0.90237
2.5412037
-0.76799744
-2.890461
3.1254814
-1.0415368
2.865172
1.9056431
-4.309893
-0.27920437
3.1509748
1.3455398
2.0794244
-1.4365301
0.22467473
1.3754086
-0.5406199
-0.21411744
-0.64051414
0.6760622
1.8337393
-3.6909146
0.64416325
1.7656423
2.2914283
0.6968774
-1.4735422
-2.0182364
2.3726573
2.5158887
0.20357817
-3.3856068
-2.7734697
-3.541513
0.6042684
-3.044402
1.3521302
-0.2109275
-0.05505752
2.2103252
-0.2898319
0.904785
0.0724167
-4.0608525
0.41623935
-0.9859292
-0.5656273
1.4695641
1.9512515
1.2981073
-1.9665914
-2.5449529
-2.0350003
1.0525495
4.604381
-2.6162758
-1.4962145
0.30061382
-3.6809697
0.56069475
3.8059201
0.8550244
-0.6242102
2.03188
-0.102015235
-2.22611
1.1006763
-0.55977255
0.56418425
-3.645651
-0.62906444
2.2832181
-3.1808383
0.030096576
2.65499
4.457829
2.5818565
1.0605847
2.2209291
-2.3982651
0.5022124
1.2034018
-0.6445018
-1.5138414
-2.6380374
1.1303797
4.720486
1.2403201
-1.7929384
0.25330755
-0.9240659
-0.18279216
-1.7630597
-0.73224485
-1.5477386
-1.0817708
-2.4081373
1.8423524
0.68877804
1.0702702
2.4310656
-0.047634296
6.615539
-2.204368
-0.23978385
0.8757341
-0.67471486
0.8688236
-3.5493474
0.18423554
1.5238345
0.47499686
0.9000691
0.31208745
-2.7100177
-0.5632949
-1.0444711
0.66721433
2.421014
0.7592945
4.3968344
-2.0177298
-0.77744186
-0.2603426
3.727229
0.73316395
-1.999103
-0.33066258
-1.6905644
-0.13717028
-0.884634
-0.0066583343
2.0971856
1.0953667
3.657698
-0.6275047
1.74093
0.5902019
-1.8026175
2.2855096
-0.9001066
-2.3058822
3.1965122
-4.2073717
0.91866463
-0.15500656
3.36987
-0.16975072
-0.39776093
0.16012141
0.82184285
-2.4549303
0.8814526
-1.7610914
0.2123507
1.1866603
0.46049577
-1.195455
-0.18553428
-0.7258682
0.86218446
-1.2863237
-1.8576671
2.252608
-3.031263
-0.74229085
0.4283744
-1.2115155
-1.3703945
-2.0563
0.68549335
0.09946101
0.5504185
-0.6964797
0.19697332
0.33698648
2.4829748
-1.302902
2.6589267
1.2880601
1.5700097
-1.6789913
-2.486563
-4.704705
1.3176335
-0.48636508
-0.95491034
0.7020908
0.79084367
0.517426
-1.4735819
1.8542178
-0.0692705
0.13001518
5.13595
-4.106531
-0.25879413
0.7303448
-1.6872445
3.147091
0.08899856
-0.34598878
-0.8133188
-0.1395616
-0.4473666
3.203377
2.6100485
-0.43796802
0.9839235
0.7009687
-0.37397444
-0.6548401
2.07449
-1.3485656
-5.785759
-0.9433464
-0.58916545
-1.7004255
2.7193875
0.626401
0.42667633
-0.9225785
2.2557793
-2.94696
-0.10492857
-0.39375383
-1.8620093
0.31998146
-2.341907
-2.1700242
-0.7968558
-0.85290277
4.0107594
-1.2895497
-1.7110614
-0.88520455
-2.1146107
0.12827346
-3.568492
-2.0033042
1.7972013
-0.32478023
-1.3837429
0.46463105
-3.1737716
-3.7679331
0.76336384
3.2126477
-2.577725
1.4851615
0.03658232
-2.2552943
2.2094586
2.7349381
-2.1194417
2.009646
1.7415606
-2.1200528
2.4651208
-0.6055903
-1.3042594
1.7802476
1.5246437
-1.1192868
1.3192629
0.4406957
-0.12795268
-1.6313326
3.0030036
2.4335048
3.6025302
2.5975564
0.8861673
-0.36887923
-0.15851003
-1.5958695
1.612049
-1.6143981
0.41938514
0.800681
1.2611414
1.2726998
2.97177
-2.4431496
-0.42402855
-0.5571274
0.16915046
2.4995482
1.7570637
-0.73636043
-3.0537872
-2.9447837
-0.4088421
1.5900999
0.40673628
-0.9653162
0.76034075
-1.6305995
0.97356564
0.6518621
0.13344595
-0.75853384
-1.4803122
-1.4744563
6.062708
-1.6134981
-1.6899801
3.5105984
2.8626885
-0.98388386
0.090417236
0.20822558
0.7420429
0.30972552
0.60708827
-1.0748962
1.1833643
-1.0086511
-1.5757674
1.4334933
-1.5730661
-0.9584176
-1.068304
-0.34081796
-2.6014261
0.6340831
-0.5718192
-0.17847976
1.8247002
1.7790096
0.33811796
1.8745177
-0.13259286
2.943254
-0.0045370013
1.2534842
2.5582433
1.4144758
-1.7901926
1.1211189
-0.023922578
0.5735816
0.8295821
0.6107354
-0.80667377
2.585789
-0.33523494
-1.9721888
0.7208453
1.578194
-1.1993387
0.29853198
-3.1650696
2.5384548
-1.9750651
2.342093
0.6805442
0.059076294
1.3353046
2.663959
1.3587774
0.089375675
-3.187668
1.0122616
-2.235602
-1.4569924
2.3679073
2.9975555
0.6806752
-0.04159213
2.3546426
-2.9155145
1.5368013
-2.7361426
-5.0009413
0.38299048
1.1199901
-2.5173576
-0.5724685
-0.70159334
5.5634217
0.52866894
-0.5779538
-3.9412146
-0.6807724
-0.51450825
-0.6717453
1.5746118
0.7168047
-0.98204035
0.14006451
2.2402084
0.20755666
-0.04412261
-0.73949546
-1.4360794
1.6144568
0.028587341
-0.72661614
1.5149807
0.18269436
-4.757717
3.9162297
1.6379278
-4.2719345
3.020573
-0.8586244
-1.3998512
0.7624144
-0.47536978
1.6532089
1.5735471
0.728307
-3.7674875
-0.7881876
2.178742
2.4705992
1.4470233
-0.02545651
-1.9994432
-1.4123812
-1.2649021
1.2893394
0.19615927
0.78798705
2.2351027
1.7257892
-4.168781
0.80408084
-0.6051369
1.5380337
3.1174386
-2.0799608
1.3695904
-0.63774264
-1.1624929
4.2406898
2.262746
-1.7825832
-0.004605159
-5.418663
-0.9707444
0.338044
-1.2221348
-2.8098488
-0.71537876
1.1573168
0.11853035
-0.8160952
2.2541475
0.10359751
-0.0980918
-0.32750124
-3.5771227
1.0913647
-1.0416281
2.8982456
-1.0719081
-2.3998184
-0.15141642
-1.7871387
-1.9582219
1.5526537
4.239397
-0.19631849
-3.5699072
-1.0673089
-1.4873149
-0.5486726
-1.7425028
0.070860416
4.2984624
3.5191808
1.511518
0.5478793
-2.2723064
3.8021278
0.980778
-0.7650167
-0.87646353
1.1202906
-4.224817
1.4253799
-1.2073529
-0.5519792
1.1488898
-2.9866652
-0.026398614
-0.62012815
0.92813474
1.0027877
-3.6020653
-0.6903029
2.2491002
-0.53671736
-1.1440309
1.8263248
-0.9683918
0.93710154
0.589976
-1.3436022
4.5109434
0.22523281
1.8863165
-2.0167816
-0.16415483
1.2743543
1.1842747
-2.429137
-2.7194035
0.22793232
-1.8271841
3.1881244
-1.3687236
-0.28627276
-0.32271737
-0.047152665
0.42002484
0.8737442
-3.2625613
-4.60563
-1.6325424
2.2024093
-0.5891571
1.5330124
1.2796558
-0.0889025
0.03502884
-0.15818453
-0.4813658
0.3912936
0.34013757
-0.7026092
-0.54393107
1.6921854
-0.93351746
1.3107446
0.32180262
-1.1879903
0.2708401
-2.1075435
-0.67066956
0.72530615
-1.0216886
0.7652373
-0.39870322
1.3395624
-1.1377714
-5.4555306
-3.229107
1.346753
0.5537807
0.7752185
0.87238
1.8194444
1.2387396
-3.6607318
-0.93290234
3.8541718
-0.75035554
-0.34338892
2.985364
-2.3361197
0.8135525
-2.3597348
-2.0186007
-0.90167016
1.1594626
1.0273647
-2.6759374
-1.8489674
3.9666023
0.96413153
1.1463023
-0.56364167
-1.8260139
0.44080544
-0.94130576
0.12565123
-0.52304935
-0.70419675
-0.47637022
2.4715364
-2.538948
-0.9068883
0.69812965
2.1159422
2.9005444
-1.2662688
2.7341971
-2.1588566
2.2314334
1.3743529
-3.0536528
0.562905
3.249248
-0.62962365
0.17193413
1.0389737
-0.18759805
1.8838608
0.6197271
0.19451913
-0.08700893
-1.654788
-0.17884526
-0.41272292
-0.8731102
0.33672607
0.0134733245
-0.3482229
2.7454264
2.6353295
-2.5693073
-3.3070595
-2.048853
-1.4730806
2.235846
1.0245353
-2.074243
-2.566704
1.1264015
-0.21933341
-1.8594
4.0573726
0.8542791
3.1226377
1.738665
-2.1490378
4.8737288
-0.11800035
-1.4864749
3.2940142
-0.4129812
3.0199842
-0.25035173
-1.8057357
-0.5528033
4.298067
0.74403083
-0.11784769
1.6301205
-2.9950788
2.802595
-2.6747444
-1.7291325
2.2922623
-0.557612
-3.4424844
-0.34102312
-0.061203115
-0.37694
1.4042692
2.4604564
0.9632037
-1.1611384
0.16652623
-0.7832914
2.5373988
1.4312997
-3.1631298
1.5580271
0.35998327
1.2955185
1.9362395
-2.7618527
1.435677
0.48714247
-1.6876547
-2.5171263
-2.4932663
-3.4454513
0.9565878
0.54711396
-1.000867
-0.9391914
1.8438901
-1.2535731
-0.87596893
-3.243535
0.75834405
-1.5973887
2.4981544
1.1287394
-1.579248
-1.1536539
1.1761004
1.40528
0.5665517
0.67823595
-1.6138041
1.9000146
-3.3458285
3.094828
1.699255
0.89164805
-1.5250592
-3.060025
2.222067
1.4182119
4.2959
-2.197767
-0.7496661
-1.835273
1.7679379
-0.009649016
1.1551272
-1.7333149
0.32746673
1.0995438
-1.2592059
1.7609504
1.1899194
1.6624993
-1.2986131
-0.2132585
1.7050601
-0.19504543
1.395766
-3.4734116
1.604808
1.0501968
-1.9097097
-0.2109013
0.36466342
0.2957401
4.013433
0.79196703
1.1089448
2.3615706
0.19081448
2.1449194
0.84230965
2.0650964
1.0887047
-2.0773516
1.8170731
-4.7741647
-0.3333253
2.3417518
-0.42607272
3.0387888
-1.0175042
-1.6256503
3.4050574
1.482509
-0.64099234
0.42752713
-0.9993747
-1.8730283
1.9818695
-2.6808743
-1.5988891
2.2521968
3.0934217
-1.243414
-4.290767
-1.0233002
1.6968198
-0.40655455
-1.5055404
1.2730926
-0.73011667
4.775166
1.3800029
1.6851196
-0.15826255
-3.047543
-1.1405469
0.7950302
0.5172745
1.6156356
-1.0386956
2.4910722
-0.4865137
1.1686457
-0.35789236
0.6253386
-0.33478445
-3.0280993
-0.43049735
-0.5035996
-0.52430624
1.5940696
0.43597794
1.2174319
0.8583931
1.8249211
0.9599135
-1.1930636
1.4625992
-3.4200544
-1.9992982
3.883034
0.10703294
1.3963339
-0.53598213
-0.5277863
-0.9729079
0.32867166
4.3114386
-3.0179336
2.2389555
2.2765434
-2.1119044
1.032733
0.9959228
1.1283782
-0.4419792
-0.6181894
0.6577744
-2.429274
1.6417242
1.0804852
0.57897484
-0.30691504
2.898044
0.6263949
-3.6741166
2.6836514
1.0712564
1.4596493
1.2576103
2.830076
1.8393126
1.9564384
-0.50972694
-0.4435301
-0.76895106
0.8801502
-0.47427624
1.2105904
1.010517
-1.2753823
-1.4409623
1.6480469
-0.5220513
3.2700975
1.4711137
-0.034976862
2.8022392
-4.6927495
0.49161506
-0.8995414
0.5829106
-0.41498718
-3.42044
-0.7307835
-1.6046975
-0.97627866
-3.4291487
1.3090261
0.18164396
-1.763897
-0.8447231
2.306106
-1.8749715
1.325773
-0.0065082237
4.3606834
-2.2354054
0.31607562
1.93827
-0.49286747
2.1662853
-0.14216888
-2.04674
-0.47915804
0.8943592
-0.815414
-0.21129085
0.33057207
-3.9314795
1.1958319
0.41091257
-1.9151273
-0.14957127
1.820086
-3.6932404
-2.016137
3.5663126
1.7146682
4.362851
3.8565316
0.37562618
0.7317993
-1.6902701
-2.8509781
0.14993274
-1.6947305
1.9366775
0.10616256
-2.4482234
1.068204
-0.61535496
-0.7155203
2.659106
-1.4287827
2.35853
0.3171682
0.008647241
-1.7600293
0.11612045
-2.4891555
1.4349012
-1.3692334
-1.784808
-0.9539916
2.6859448
-3.5958445
1.6929857
-0.58884877
-1.2172348
0.7673375
0.82191765
1.0311424
1.3334824
0.46180096
0.38560182
0.50978684
1.2461159
1.8731467
-1.3404131
-4.3431506
-0.8652577
-0.19321573
-1.5838977
1.7764443
1.1831429
2.9122977
1.1157014
1.9673198
0.13853925
1.2938713
3.2921088
2.3647652
-1.4127369
-0.5298426
-2.5485094
0.34483546
-0.19228956
3.3531177
1.3156543
-4.973208
2.240336
0.052893937
-1.5854359
2.043096
-0.5149108
1.8796247
1.8734568
0.29137468
0.35941404
-0.13453722
-0.342123
0.9252852
-1.0564773
2.2253559
-1.1304191
0.5965902
-3.854579
-0.08811312
-1.1426117
0.5046001
-1.6257839
-2.836503
0.5428809
0.22166061
3.1670978
-2.096645
-1.1643652
1.9295602
-2.302564
1.5978359
-0.5938862
0.8956616
-0.5518952
3.6449385
0.44661868
-1.2856814
-2.1864831
-1.7212875
1.0649422
-1.5496459
-1.6092483
-1.3754832
-1.0035838
1.831382
-0.5058696
0.73398465
-1.2269008
1.8443667
-0.1214784
3.0726233
-3.7659695
0.44447964
-1.4703033
1.4077941
-0.66842717
-1.6651267
-3.9769592
1.4780879
2.122365
-0.36144802
-0.57388276
0.6935582
-2.5968544
3.2872574
-0.28112364
1.1394373
1.8869867
1.3344775
0.8040596
-0.7866138
4.686345
-0.86705005
0.52983856
-2.1492515
0.31080997
-1.3883611
1.6033595
0.1546922
1.775192
0.2874971
0.7866988
0.17958266
1.5732114
0.08197755
-2.6386619
-2.9323475
0.33956298
-2.417129
0.67018896
-0.7837082
1.1224312
2.7987869
-1.0104177
-0.95658654
-0.09522425
0.82075137
1.0403354
2.9773781
0.74931633
-2.719117
1.3525099
-4.15362
-1.1390145
-0.50993675
0.514662
1.5092574
-0.5528737
-0.24373415
-0.5051451
2.7363956
4.070699
4.317535
0.5327899
1.8530339
-0.5105639
-1.673032
1.7994394
0.62879556
-0.99386376
0.644364
-1.4817314
0.40944037
0.56273466
-1.5996624
-1.4636147
-0.8289321
2.5491543
2.2020144
1.121047
-1.0549206
3.1311665
-2.9332983
-0.5479663
1.1091807
3.136325
2.6430464
1.315352
0.31590357
-0.16904882
0.8520161
0.112017766
1.6088724
-0.81042933
-0.44869804
2.3046403
5.3415527
-1.1220933
0.6065767
-1.5697236
-0.3013867
-2.8796005
-1.7947474
0.11109837
-0.18126743
1.940146
-1.6494336
-1.871529
1.4244509
-2.138719
-2.301971
2.0665455
1.3912643
2.046785
-2.8304546
-0.2817207
-1.3900313
0.19699144
2.2497485
0.32703185
-0.21434686
0.8268746
-0.5026186
-1.2242061
1.1131074
-1.8771209
-3.1041515
0.041062213
-3.280848
-1.8293134
1.5012902
2.8387165
2.8722382
-1.1446161
-0.38656104
-1.0796497
2.6095564
3.5968091
1.0814787
0.79221934
-1.2121528
-3.982448
-1.30195
-2.679155
1.0303771
-0.97779644
0.06879856
-2.4053082
-0.14083047
-3.0464458
1.8891072
1.6857077
1.3996115
1.6953869
2.0369563
2.6850538
0.4732691
-0.55889684
3.354561
-3.9274356
-0.59631294
0.81258327
0.17018098
-1.2715576
-2.4229016
-1.3465215
-0.61838347
0.15644503
0.025526337
-0.7763181
1.5251188
1.4299592
-1.061614
-1.3477371
2.0870912
-0.9615019
0.7412305
0.98338765
2.104046
0.19958276
-2.8194735
-0.37567225
-1.9724228
-0.43706077
-0.08028943
3.0815103
-2.4673827
0.2623731
-0.57712954
-1.29075
2.888251
-3.0546906
-2.9568477
3.7112308
0.429075
3.24644
-1.001497
-0.48188353
-0.6506176
-2.3657722
-0.70006615
-2.1471043
1.6341782
1.8583722
-1.3117673
-2.6690507
2.8965142
-0.052954115
-0.32090408
0.1148347
0.5832504
-1.0964571
1.3168452
-1.1796362
-4.009349
-1.4856813
-2.3168921
3.220656
0.842899
-1.9921802
-2.8356943
1.0267673
1.9675814
-0.59894323
-0.028560396
1.5946506
0.8617007
2.196065
-0.10707235
0.673625
0.6195818
-1.434817
-0.0060219876
0.36644822
1.1927994
-0.9512402
-2.3528178
1.7204198
2.6297154
0.2374123
-1.2857761
-1.0831524
1.467812
2.75625
0.60870665
0.93947977
-0.34319744
2.8737867
2.418909
3.682183
-1.5598949
1.1656501
-1.3607213
3.5821145
3.615413
2.1436849
0.22730912
-2.324493
1.9421866
0.40886658
-0.83123803
0.21259174
1.02977
-0.21800412
1.2791324
-3.3330674
1.4018587
-6.2107563
-0.7552627
3.386036
1.3203505
-6.3844995
-0.45150766
-2.378161
2.0074182
-0.18176703
-0.55287445
1.811769
-1.6444159
0.87609506
0.2856437
-3.3400378
-4.0138936
0.30763447
-0.029746272
-0.0062924027
-3.434269
0.46646047
-1.2988757
0.81075865
2.539235
2.5864584
-0.89738506
-2.1151552
-0.06626863
-0.8219074
0.43678933
1.6380404
2.7032661
1.9435037
1.9145001
-2.1194344
-0.82412887
0.32730305
-0.26017678
3.3792229
-1.3125662
0.1267295
0.34902665
1.6928157
-0.3181983
3.559159
-0.010138221
2.6553032
0.5033161
-4.277943
-1.3757744
0.7013502
2.029523
0.033448443
-1.7933375
0.36547858
-1.7791643
0.6391725
-0.1534529
1.7764739
2.036664
-0.0011851564
-1.9578829
2.9282384
0.80478853
0.043881185
-2.1689284
0.2201757
-0.3282948
1.7386408
-0.31413502
-1.7883743
-0.2665747
-2.4170418
-3.2585516
-0.9117217
-2.5271158
0.2445043
4.7658143
-1.8204153
-2.2735937
0.26510477
-1.5663456
-1.2560434
0.029615313
2.3552413
1.9565266
1.226591
-1.2047011
1.8682195
3.1122122
-0.3508948
3.2901313
2.2724102
-1.220999
3.027485
1.0798497
0.9045753
0.0226832
0.7887799
1.1800356
3.5605254
-3.5064678
2.5314417
-3.0482097
3.5242262
-0.17795871
1.2361308
-1.6911967
0.52419585
-0.36873055
-1.0817115
0.37698805
2.8901885
-1.9506477
1.2884661
3.7119503
-0.9456449
1.7557349
0.48250416
3.1333141
1.3220714
-2.6747549
-3.5103505
1.5946296
0.5936135
-0.07963135
0.6639947
1.382811
-1.184629
-1.6722167
-1.5873252
-2.224549
2.9298778
2.2058408
-0.35033923
0.27677733
-1.975762
2.1974664
-0.18663561
-2.2598925
-0.5562874
2.5414824
2.031513
1.3249719
0.36265355
0.9048811
-3.2965539
2.7028706
-2.9146235
0.6071425
-0.14010575
2.3423102
0.9692118
-1.4940516
0.68355787
-2.031195
-3.022937
-0.8103032
-0.22350112
-0.8253661
-0.42506802
-0.53849006
0.20407921
-0.8243837
3.110854
-1.2385994
-3.5237272
1.2763109
0.47605544
3.778883
1.36026
3.2226884
-1.719861
-0.25483418
0.740342
-1.0048863
-2.4252799
-1.8362906
1.1177086
2.5347195
1.3575344
-3.4436145
-3.906061
0.5037553
3.2484787
-0.4016701
1.7656626
0.42292807
-0.515364
-3.0672088
2.1140735
-2.1364067
0.8028635
2.158382
0.046938006
-0.23463814
2.939558
1.6557158
0.52061474
-1.3934313
-2.623448
-2.7111888
4.1820884
-3.6215243
-1.1868165
0.24364
-1.6752927
0.27316865
0.024992265
1.2614175
-1.7664057
0.025926664
4.738615
-1.0527651
3.9109812
1.1894583
0.7363949
-0.05372686
-0.41335732
2.1199505
1.846669
0.66853076
-2.7290418
-0.5866444
-1.0431031
0.940142
-0.29151124
0.18204494
1.4652175
-3.727045
-0.20405146
-4.4743657
-0.38578832
3.6580367
0.38062596
0.8591582
1.3035074
1.5710062
-4.688212
-3.3315568
1.1442854
-1.9792254
-0.4529217
1.4296459
1.1601188
1.955085
-2.5313163
-1.7037072
-0.59169555
-0.8179599
-0.48508215
-0.10461246
2.1092234
3.4905834
0.8260475
-2.122383
-0.44347286
-0.61982197
3.1008084
0.5291373
-1.9774681
-1.7520591
-2.1022348
-1.2329228
-1.0307016
0.16615656
-0.5544683
3.4800272
1.0622748
0.6445056
-2.3521302
0.14509222
0.7989727
1.3138863
-0.27490807
5.2445135
-1.2350652
-1.7627491
-1.4333061
-0.8253354
1.5124912
-1.5123205
-5.7000713
-0.73859733
1.5097809
-2.7542748
-2.6569238
-0.38615137
-3.1354475
-0.36052325
-1.9384122
1.2701155
-3.490786
-1.4301323
1.9081674
-2.2526994
1.1262304
3.146642
0.7178421
1.4419087
-0.7724763
-0.34874463
1.9536066
-5.041074
0.4727602
-0.6131053
4.8705444
0.22052476
-2.348446
-0.1503289
-0.23844868
-3.9178486
-0.9951885
-3.32158
-1.1850055
-1.0492129
3.5538888
1.9936506
-3.2928753
1.0171263
0.4711281
0.84544617
0.104032524
-1.3873506
1.0970104
-0.36131716
0.036479153
0.46967024
-0.30328348
-2.111282
-0.72011876
1.36647
-2.4209845
2.8128207
-1.9186858
-2.966363
-1.3230907
0.122439325
-1.196732
-3.0162685
1.5137655
-3.440904
-2.0183346
-2.0895991
-1.616413
0.87827325
2.8235362
0.87946665
0.0955344
-0.21119997
-2.413616
2.3271337
-0.5212507
-2.9470835
-1.4626851
-0.7473514
0.69558835
-1.3830959
1.3728637
2.5207582
-4.0930457
-1.9720583
-0.9281908
0.27980006
-1.606069
2.5208948
0.23764357
-0.03952569
2.1939125
-0.30736473
-1.7621183
0.10643933
-2.353751
-0.6058626
1.855083
-2.4163828
-0.47900334
1.3585093
1.2725003
0.037060563
0.0853568
-1.9139705
-4.0561423
-2.719661
-2.5648494
-0.83224267
-1.4820899
-0.86501133
-3.4579463
4.368428
1.7628734
-1.042364
-3.0757473
0.023761485
-1.5962286
2.76783
0.65619165
-3.1160977
2.7695081
-0.43754914
2.858274
-2.4910467
-1.9255422
1.9978485
2.7564256
-1.0525099
1.5280834
-0.33597213
0.7924086
1.4377022
-1.170098
1.6508818
0.6013742
-0.19644424
-0.86647516
-3.016621
1.0640844
3.6768217
2.0582743
0.73938084
1.1466872
0.94944847
0.86173415
1.2290865
1.1417236
-3.9006236
0.30442157
-1.7928668
3.0054033
8.228234
1.5841235
1.1538563
-0.07014436
0.57446605
-1.3185261
-1.173549
3.0169065
1.2421259
1.3450137
-0.6679271
-0.7079151
-3.413115
-0.23957914
-2.8202522
3.5418754
-3.0181522
0.9376946
1.3746262
1.2933966
-0.023894027
2.4435086
0.73278165
1.9624187
1.6971692
-0.4049229
-1.4747891
-0.37839234
0.74947375
-3.3043861
2.780408
-4.0182033
-1.6686568
2.6334822
1.1358322
3.4577272
0.58305013
-0.40774572
1.4456613
-0.044431977
1.4293293
-1.2478086
0.31389776
1.8583806
0.063966244
0.89963794
1.4526689
2.689674
-0.4510594
-3.4821095
2.0820217
3.549894
0.7394774
-0.21198751
-2.2318022
-0.8138291
-0.004081063
1.3985741
0.583138
-1.3083562
1.107287
1.1640221
1.7431737
-1.5420564
-3.6199331
-1.1391175
1.463628
-0.9171583
1.8805712
1.123985
1.3799189
1.2614675
1.6215695
-3.5754926
0.69538295
2.4972107
-4.107731
-0.5331277
0.90302557
1.2560902
0.6789845
-2.4898102
1.8624066
-3.2796893
3.5163422
0.98578036
4.626388
-2.021928
-0.48898005
0.50038236
-2.0956278
-1.5266837
-0.84117895
-2.716099
-2.65152
0.9460421
-1.7310342
3.097655
-0.8028826
2.6111677
-0.73292494
-0.14116824
-0.13248426
-0.63420165
0.23241638
0.46948746
1.1940521
-0.5852436
-2.1803648
-1.2572305
-3.1989903
1.3368413
-0.3065581
1.9447031
-0.37030423
-1.5894228
0.4245952
-0.41274658
-0.60795015
-0.3680491
0.22914517
0.8385556
-0.12575656
1.4282327
0.117929034
0.7174922
1.6567072
-1.1524998
-0.5638129
0.80378616
-0.36092335
1.4024011
1.9197444
-0.87726104
-3.262126
0.63965565
-1.313576
1.1679852
-0.8287811
1.5491887
-0.12539849
-2.2971582
0.0069442615
-1.20628
-1.8889115
1.7418209
0.63410056
-0.68084455
-0.22922105
-5.7432594
0.28498608
-0.46690315
-3.431708
2.6275926
0.35301355
-0.104905136
-1.540183
1.3396692
-2.3534958
4.3315516
-2.5862148
0.52554846
0.20050286
-1.5823075
-2.0205817
-1.1091307
2.7406952
1.6836779
-0.9430972
-0.97468483
1.3613654
0.9404832
1.1837376
1.170202
1.9702733
-0.78458565
-3.496482
0.5783872
-2.6381497
-1.3159283
-1.977103
-1.2277389
-1.5490062
-1.0480915
-0.7532267
-1.1462365
1.5940344
-0.043737225
0.3107039
2.096663
-1.047752
-0.8485108
-1.4605744
-0.83382326
-1.2321357
-3.8967597
-2.8867276
0.8074208
-0.09164168
-2.3750892
0.24083069
-2.2423835
2.4150026
-0.01571247
1.763591
2.780201
-1.683853
-0.20825344
-3.526023
-1.1210128
0.3882842
0.5328504
0.17536576
0.8514474
2.4276118
0.5629942
0.9076025
3.7303932
-0.79766524
-2.0147913
-4.385473
-1.281486
0.47580117
-0.72128886
0.7066474
1.3861103
1.3424886
0.1829274
0.4592216
4.151447
0.16152953
4.075072
-0.34797108
-1.7571595
-0.7386757
-0.006323017
-0.90670866
0.0010255352
-2.2459593
0.063967496
-3.9673753
2.6050375
-1.5115652
1.8589368
-0.14606443
0.8125587
-0.43121362
0.39661014
1.2570225
0.7162865
-1.9464539
-0.29420525
-1.1409544
-2.3549283
1.2853303
-0.954853
-1.632279
-0.2997895
-0.3422442
2.3204682
4.5068026
-1.3815765
0.5307457
-3.8211503
3.1007166
-1.8651506
-0.19833621
-0.30673152
-1.4004331
-1.031302
-0.61534977
1.6842755
0.34767273
-0.0131164715
1.9640903
-0.6194797
2.1618214
-1.5529811
-1.6196855
1.0181782
-1.9169472
-3.347211
-0.2163417
1.5869935
1.101234
1.3758223
2.8457725
0.9491789
-2.7461054
3.7054055
1.238693
-1.1542199
0.7270643
-1.6232948
-1.3662418
0.3582297
2.178393
-5.886099
-1.5260592
2.8232822
-2.602448
-1.7274104
-1.9309461
0.42192015
-2.465882
2.3020995
-1.8062855
2.0664394
1.5490075
-2.7166648
-1.3943852
-1.0902517
-0.5156927
-0.4988969
1.056135
0.5059196
1.5419736
-0.6714404
-0.7268563
0.7746144
4.6936083
2.5067906
-0.5659316
-1.2687947
1.7788872
0.7889182
0.7017287
2.1776707
-0.51984084
-1.1289103
-0.67451
2.937584
2.4333344
-0.29935905
1.7443763
0.6514796
0.51060665
-3.0331063
-1.7914662
-0.48735282
-0.8847647
-4.5609193
-1.1917689
1.9070506
0.5857935
-1.9255883
0.1911305
-0.5733729
-1.6161426
0.730635
-3.0395603
3.0347474
-0.7656098
1.0519286
3.237191
1.1728494
0.09427439
0.43111324
0.30627453
1.5485418
0.7956934
1.0118848
1.9121872
-0.22245455
3.054243
1.0943822
0.6278174
1.8918834
-5.0216174
1.2679604
-0.2887175
-1.6471986
-0.3817121
1.1268345
-3.7822824
-1.7306831
3.7976038
0.9610896
0.085974544
0.36032087
0.5228943
-1.7401394
0.24335563
1.7415506
-3.3187838
1.7101067
-0.07137421
-1.2731365
0.764221
1.208911
-2.1524987
0.9478896
2.0263596
-1.0706286
1.0560079
-1.6094722
-1.6497562
3.8386714
-0.8964926
3.7720168
1.18802
-1.4184524
-3.542891
2.628325
1.3019695
-4.659447
1.3579507
1.8428105
1.2925076
-0.08030188
0.45772508
-2.438851
-3.765768
0.1940943
3.1540577
-1.7440128
-0.9129555
2.7867165
1.3844942
2.6628904
1.0396035
0.78402376
-1.6015649
-0.34197497
1.3598583
-1.9496652
1.6289018
1.0316923
-0.38918597
0.41395894
0.99214375
-1.3301895
0.9007915
1.3363222
-2.188524
0.19262719
-0.86563647
-1.1814227
-1.9068371
-3.452373
2.9393597
1.1845908
-1.2574929
0.2905316
-1.0333903
-0.21172622
-1.2459661
-0.96905863
-0.14165914
0.86871976
1.6017295
-2.2973778
1.9044687
-2.035377
-1.9133464
2.6625817
2.7504854
1.075346
3.2559342
0.26965705
-0.46689165
-2.7265267
-1.826894
-1.7135701
-1.8601731
1.305851
-0.19102517
-0.45005476
-0.63913757
-1.376605
-2.3646603
-1.2326735
-5.5351667
1.8838114
-0.27581462
-3.0501964
-5.0145426
-0.74943715
0.06071839
-0.68769664
0.9943356
-0.32461965
0.805608
-2.2015963
2.5492153
-2.4957755
3.8053207
-1.7413368
-1.1263444
-3.5710843
0.12163568
1.742846
-2.0918021
-2.8669577
-0.2904393
2.3209155
-1.5407896
-0.49364033
-0.74945444
-3.333222
1.1992273
-1.4092994
-0.6024254
-0.7726312
0.42193693
-0.42662287
-3.133218
-1.4088949
-4.244277
3.6776052
0.2827013
-0.83068115
-0.4932719
0.6584215
0.17074859
1.1177893
-1.3840824
-1.3761654
-0.82263154
-1.9828858
0.78449464
-0.012226157
-2.4031565
1.429329
3.0545063
-1.7921878
-1.9644096
-0.7597138
-1.108934
0.062869094
-1.57196
0.37295473
0.3376955
-4.0945373
0.5174781
1.640065
-0.66524994
0.14570822
0.5398111
1.2715182
-0.88840675
-1.7635524
1.131145
-1.7661644
4.5383782
2.4937828
-1.2471611
0.3868823
0.3666339
-2.775309
1.6728473
-0.30701962
-3.3052533
1.0848987
1.3534293
-0.36856443
1.299021
0.48794103
-1.6420577
1.1282197
-1.7792183
1.7056932
-0.809655
2.2841244
-0.6430205
-3.213469
-1.6365023
-4.6635795
-4.3949
-0.93354934
2.1441104
-0.65881276
4.727494
1.6771202
-3.0418632
2.3172781
-0.7969211
1.2335496
-1.8350855
2.4521923
-1.0026965
-0.8262233
-0.30611175
3.223868
1.3579162
2.1743186
-0.35504422
1.2803466
1.6923292
1.8822466
-1.8295519
0.8964349
1.428132
1.5652363
1.0164528
1.6687106
-2.9401867
0.2959177
0.20745935
-2.2935047
-0.15193337
-0.34414035
2.3771906
4.925405
0.44255078
1.3143108
1.9603423
-0.073114514
1.6349243
4.537495
-0.57013005
1.118902
-0.1884972
0.8025743
1.3907901
0.97974914
2.731358
-0.13655862
-0.08737147
-1.3864225
-2.4798696
-1.6053563
-2.0415182
-0.41333485
0.7876002
-1.9131606
1.0334442
0.1557985
-2.9946113
-0.25702038
-4.1473503
-2.0128608
-1.3438964
-1.2389466
0.13199885
-0.10316635
-1.6365267
-1.5957816
0.7859962
0.9034826
-1.1872692
-2.0575228
0.057683315
3.2318711
1.4577334
2.0547435
-3.683358
0.76459736
-2.6063478
-1.541243
1.4642137
-0.84259355
-1.9493337
-1.002521
2.7958493
4.0356216
-3.3755581
-1.2477467
-4.5416017
-0.26032916
-2.0129766
3.1196492
2.026061
1.34335
0.9105287
-0.09047552
2.3032196
-3.800335
-2.5506988
-2.5673277
-0.40327618
-2.2990897
0.33445808
1.8012125
3.3819768
0.09656753
-0.34111542
-1.8135349
3.7329624
-5.041904
-1.341512
0.061884634
0.95482254
4.603127
6.019709
-2.3075678
0.9079868
1.7943317
-4.5803127
-0.74230707
3.0551584
1.8338443
3.417419
1.5062135
-2.185303
0.32278976
-1.0935367
0.49482912
-1.7035476
1.4691174
0.6986214
2.3145854
-1.3084428
2.2128925
1.8225733
0.22437069
2.5271034
-2.5896788
-1.3638115
0.94096845
0.7910802
0.589507
0.5804148
0.6019599
2.0919304
-1.790864
3.4664145
-1.5400683
3.3645499
0.47878537
-0.23352692
-1.6136068
-1.0265183
-0.34800208
-1.6803362
-3.2309647
0.7009389
2.5453005
-2.1773207
1.6120832
-1.83288
1.3964853
-1.0056669
-2.4322054
1.1331387
0.0063089505
-2.4223204
1.4044867
1.1844757
-1.3337958
0.17745201
-1.3775986
2.2131248
2.1198137
-2.5298607
0.09730411
-3.3345547
-0.4003741
2.2557673
-1.5857795
-0.4048645
0.7346358
-2.9676971
2.365828
0.6462054
0.8058419
1.3750881
1.0106497
-0.18203442
-1.2446117
2.5848181
2.4169395
-3.378801
-0.825339
-1.4953873
-0.6685047
-2.7799957
-0.4592426
-2.09767
0.74751276
-0.95268446
-2.1516416
2.0792289
0.8338327
0.6000648
-1.0910113
-0.05890558
1.213178
0.3107099
1.0539532
1.0477409
5.795864
-1.1687747
-2.1416736
2.1515589
0.46095246
0.6775413
2.7623997
-0.8630565
1.5462155
-0.83843905
-0.021249756
0.18160936
3.8424237
-0.63545644
2.4817119
0.28396502
1.292305
3.983771
1.7800469
2.7209034
-2.0520868
-1.5373335
1.8084737
-0.24192917
-1.9873496
0.15870464
0.28463107
1.1456512
-1.0104
-1.045348
-3.6523516
-1.5211447
-0.32757622
-2.1078153
-1.4532676
0.3710352
-0.15181531
-0.8344036
-0.29742897
1.6738106
1.389515
-0.08271233
-0.83677655
0.5928021
-3.2288485
0.43224803
0.6525905
2.2330937
-0.49577695
-1.6271565
-1.6635913
0.646618
-1.7812063
-0.38231367
-4.132816
0.1694445
-3.5538933
-5.1315217
-4.4388924
0.7381772
-1.7774229
0.63074887
0.55495274
2.6358492
-1.4448426
-1.2311486
0.5239153
3.7161117
1.8836001
-1.7403057
0.7888519
-1.9762939
5.0567975
-2.7410336
0.9725023
-0.7201205
1.3509816
-0.4897586
-2.0464122
-1.4013138
-0.03710045
2.5185983
3.3805945
-1.2872127
0.45981738
-0.43986982
4.1590834
1.3271013
-0.039823826
3.565365
1.4624231
1.4512501
2.984906
-3.6325927
0.5560385
-0.40759772
-1.1499727
-1.3179864
-0.56484795
-0.2060527
-1.3816764
-0.9930701
1.8060964
-0.5265778
-1.0506812
0.12552595
0.51671505
-3.07632
-1.677867
1.3870113
-1.1559961
1.5343975
-1.0507436
0.2862364
1.0504388
1.0221115
0.83887964
1.5770147
0.18866754
-0.7418894
0.7908211
0.4025542
0.3096558
0.22134218
2.230123
-0.18397221
-1.065821
1.6392293
2.5623996
0.36004883
-2.865247
0.20607743
2.7182384
3.413615
4.933977
1.2530563
0.978094
-0.44187447
2.878526
0.4459193
-0.17874046
-0.005626846
-1.637719
6.606702
-0.16863143
2.3617887
0.30044657
-0.5414245
0.90625906
1.0017158
-0.81152326
0.15142481
2.9263334
0.2470988
-0.6469642
-2.3691475
1.2739447
-1.030083
5.1026998
-0.68468666
1.6137737
-1.1038373
-1.376764
0.8411465
1.7854936
1.7117517
-2.3801937
2.8603258
-0.42009497
-3.2937517
-4.180337
1.7898415
3.1575282
-1.3030214
1.2117552
-1.6076647
0.69463575
0.6282505
0.72446424
-2.496496
-1.7163824
0.7466867
2.3340018
1.0645266
1.4123912
1.058097
1.0260797
1.3157369
-1.3716573
0.5278695
-1.9716082
-1.7262281
-0.07258418
1.6336528
-1.4336835
0.20106433
-0.12470038
0.912712
-2.069263
2.7459655
2.764678
-3.339873
-4.0200586
-1.2454603
-1.5056238
-0.35705814
-2.1747072
-0.9836538
0.03182414
-1.7320417
-0.16276696
-0.45387
-0.43274662
2.2827456
-1.7971722
-0.97955126
-0.798137
-1.0247902
-0.31032646
3.2729971
1.0641387
-1.883258
0.39087015
-1.3085598
-2.8083322
-2.4242215
0.20705295
-1.6072009
-3.3105159
4.085409
4.514106
-0.14748353
2.915737
-0.2469364
0.8293748
-0.2487309
0.076729886
0.18129623
1.5539479
-4.5369267
2.6484106
1.1276944
2.4760537
-2.765548
-1.8814094
0.5266589
3.9871259
4.095916
2.139939
-0.7463144
0.2754856
0.28090522
-0.11791995
0.8890357
3.7153614
-0.32519227
1.3851242
0.9370394
-0.72051907
2.5198958
-0.3234253
0.46148384
0.90813076
-3.8622053
0.601005
2.2166736
1.4141678
-1.9312136
1.4853463
-4.912117
0.33694306
-1.7921076
-2.4442613
-0.10592201
1.4896653
0.58798206
-3.2873108
0.48355967
-1.5718702
-0.45447516
0.20772207
3.3047054
-1.0687687
0.7925533
1.0645782
1.5720241
0.8965255
-1.1087463
3.8262444
1.3887312
-0.12877543
-0.27682906
-0.2953361
1.7713627
-4.809227
1.8351518
1.1875942
0.032176293
-0.83307546
-1.0053858
2.0158396
-0.35201052
2.2449398
1.261631
0.4404748
-1.1413636
-0.69655555
-4.260595
0.082012996
-1.5192115
1.3465443
0.3170874
1.1654961
1.2951349
0.37451744
-2.7556624
-0.17556658
0.38841972
-3.699798
1.870087
-0.78566533
-2.9754658
-0.6205214
-2.4328523
-1.1127598
-1.323774
-0.62471724
-0.16419087
-2.5411146
0.7883906
3.081062
-3.1660666
0.30647874
1.5552816
2.351944
1.3944131
-0.3513296
0.06262493
1.6046184
0.8753946
-0.416644
3.1597202
2.7522457
2.046927
0.007908389
-0.36260992
1.8912038
-3.8123848
-0.36895204
-2.9903517
-2.325997
0.5132147
-1.7296734
0.6078005
-1.7735208
0.34767714
0.9283228
2.0116484
0.5067212
0.76907706
1.7684482
0.20565584
0.906681
-2.1640465
1.3436629
0.69014573
-0.9317638
-1.1121404
1.7174433
0.73502254
-1.9854904
-3.5249407
-0.92555237
-1.0956583
-0.13485852
2.4150965
1.1034405
2.6527882
-0.7665106
0.56678456
0.116001084
-4.285378
-1.9231645
-3.7332504
0.6602999
-3.9142196
-1.5161184
-2.519958
-3.1189058
-1.0805084
-2.3036046
1.6192797
-2.8403265
-0.0011214912
-3.9057288
0.18662181
0.73828113
0.29904795
0.2439563
0.47177148
4.8630857
2.5713053
-1.4361051
-1.0909202
0.768753
2.0298328
-0.3390098
-0.39595404
-1.260137
2.707325
-0.6806771
0.9598893
1.5744922
0.15890303
-1.499705
-1.2459129
0.91480243
-0.9005949
2.4570293
-0.920966
-0.945705
-3.2039843
0.7363873
1.1485707
-0.4690066
3.7069786
2.2396095
-1.1316603
-2.644197
1.04815
-2.704705
-3.8320708
1.0538343
1.2370126
-0.56687725
5.0152445
0.27247256
2.4035535
4.6976542
1.4183695
-2.3746808
2.1998677
-0.80565965
1.0321263
-0.808834
-2.6361098
1.4222869
1.9945259
-0.15275703
-0.46471992
2.7211237
1.2686187
0.8953594
3.0507257
0.3744466
-2.7914498
4.124847
3.4454417
2.0051007
0.46190366
-1.8476979
0.4865064
-2.3392675
-3.6733046
-0.35898626
0.2052132
0.6303056
0.19757651
-0.3911123
0.13028975
-2.131898
-0.93326986
3.9782753
-2.0326948
1.6356109
-0.36594838
1.7836294
0.7714433
-1.2292575
-1.0045875
2.939799
3.416854
1.2687633
0.31918862
1.2845262
3.0866766
0.8590926
-1.0214984
0.7392332
-3.1795864
-0.038805876
-0.65689594
-0.6856837
0.07272764
-1.1379476
1.6696377
0.44208795
0.14887702
1.4026437
-2.279242
-0.88684905
-2.734202
-1.9097798
5.344327
-0.23088233
1.9450393
-0.9664775
0.8418518
-1.7884955
-1.5784618
-0.44923723
-2.1253147
-4.42378
0.008530252
3.1952152
-1.5484058
-2.2820024
1.7287989
-3.9212627
1.055934
0.7975227
-0.67600286
1.0676764
-1.4333196
-1.4051322
0.33879882
0.6236889
-2.2450838
-0.284239
0.44458073
-4.5896244
0.066637225
2.180871
0.3272998
-0.83894086
-0.9446883
0.6257682
-0.4714581
2.5602937
-1.980765
0.19865467
-3.7347803
-1.9649768
-1.405943
-1.4558202
-1.6785148
0.9919313
1.9798663
-1.9318223
1.5971391
0.92969954
0.9911868
1.3415667
-1.6842027
-0.17159066
1.3598828
0.35605496
1.695175
1.8118159
3.8636768
-1.0948063
1.5399919
0.3790814
1.5728112
-0.11061601
-0.2215999
1.0976455
-4.005851
1.6621203
0.5947092
4.0239997
2.688843
-1.4248928
-0.5705412
1.2352234
3.1220136
1.2835298
-0.12861589
0.12338949
-0.69224596
-0.07525537
-1.715209
-3.6492028
0.8452932
3.91285
-2.9587173
0.15238246
0.064512014
1.003253
-0.012247831
3.9653935
0.3157791
-2.3752856
-0.11602811
-3.2314372
-1.3168391
0.9410374
-0.92302185
-2.81682
1.8075128
2.5386434
0.7414306
-2.2848663
-2.127595
1.0866718
0.087586254
-0.66134125
-0.9666366
1.9583262
-2.391143
-0.81218755
-1.8185743
2.9191785
2.7119555
0.426366
-4.9402223
-3.2225053
0.71094203
1.5006406
-1.5606831
-3.183621
-1.9256126
3.7702208
-1.8997786
-5.4408274
-1.0904392
0.39835948
2.1080647
-0.6484953
1.4822413
-0.39093375
-3.0615566
-0.39381152
1.9806815
2.9027548
-1.808936
-4.084211
-1.3937238
3.5968218
-1.2454423
-3.5723429
1.5541028
-4.1323285
-3.3974032
0.3513555
-0.084370635
-0.19904761
2.7482374
0.9112333
-0.65433866
-1.6928363
-0.5522622
1.3923477
1.5032876
2.3342688
2.7248807
-1.6319183
1.754419
-3.8509207
2.422869
-1.1231985
1.2404459
0.6620838
-2.03533
-1.1261296
0.2168923
-2.065804
-0.16389368
-0.04980149
-0.7976651
0.15526177
-0.28124508
0.6899416
-0.015025653
-1.0819381
3.661307
-4.0685945
-4.066472
2.4716108
0.06812358
0.02522777
3.654322
-0.83425045
2.0403554
-0.12299554
-2.4663882
0.3326348
-1.7717334
0.44686347
1.0512619
2.0120926
2.0851264
-2.9689243
-2.4910758
-0.7583752
-1.8103516
-0.66152465
2.5267293
-5.4104056
-1.9999025
1.495301
1.2149031
2.3148625
3.018286
-3.1776538
1.3262154
0.12544407
-2.8643727
-0.37672013
1.2540102
-2.569654
-3.5578656
-5.604185
1.7806565
0.6681258
-0.36648512
-0.78350544
0.8004378
0.79483557
2.736752
-3.2521214
-1.9236664
-2.2632072
0.20287031
1.7753537
4.5285554
-1.402611
-2.2406697
0.3867178
0.5655041
-2.5522947
-2.321114
-2.2439747
-1.313128
-1.6616906
-1.1296989
-1.177196
-0.90975153
-0.90428156
1.4360816
-0.3903206
0.7234579
1.0734402
-0.9745134
1.4262052
-0.068111725
-1.4368049
-0.0065866634
-0.34994707
-0.0014031902
1.5255895
1.7373616
-0.89876163
0.17704922
4.6408625
-0.7183792
-3.091579
1.5860012
3.4513407
0.9434983
3.5662143
-0.43885148
1.115969
-1.5682839
-0.88627315
-2.6876462
-1.884304
-0.4246617
-3.1722739
0.46704838
-5.1325693
0.45583463
-2.960681
-0.70476663
0.020290218
-1.9391966
-0.3798322
1.3857086
0.12072014
-0.40631723
-1.0914848
-2.3416765
1.5721974
-1.5118222
1.2910898
0.36106303
-3.834353
-1.2242392
-0.9999522
0.4192303
2.4991543
-1.5844811
1.861888
0.0027652457
-0.34955412
1.7055904
1.6569175
2.5846157
2.9498315
0.40206984
-0.29140285
-0.39559436
-1.4490585
3.8223274
-0.74985826
-3.3807266
2.4931195
1.7690651
3.1113808
-0.23818348
-3.5924392
0.761366
3.8884785
0.88601774
2.8001626
1.6508398
1.6370708
-1.2541916
-1.1363473
-2.1904233
2.2497745
-0.47893873
0.18362603
2.8763478
-0.6332136
-1.115461
0.58051497
0.19175874
0.83460367
1.0341331
-4.081258
-0.63813794
-1.1326128
0.043082565
-5.145043
0.60688746
0.943121
1.1979028
1.4879355
-0.80857414
0.4278955
-1.5208937
1.0423331
2.575714
1.660469
0.9951779
-2.122693
1.7067719
1.5043559
0.51008624
0.99749523
-0.78855264
2.9250093
-2.2639961
0.22708935
1.0726545
-2.5280557
1.3206613
1.6367731
0.76006764
-1.382324
2.7767565
-2.0253017
1.536039
2.2705746
-5.390001
-0.34624636
0.7791028
-0.6915077
4.506308
-1.2226951
0.18246089
-3.264045
1.1635467
-4.268332
0.5412806
2.4974544
0.48552287
-0.8794116
-1.6533921
1.6937208
-2.678674
-0.18356942
1.6241443
-0.21261734
0.591886
3.1983614
0.6747879
0.53816247
0.78455573
-2.5070207
0.21745533
0.75901085
-0.46172065
2.4504561
1.8405147
-4.5213323
-1.7522488
-1.8449057
0.04856968
0.13691744
4.388376
-0.70207155
2.5835779
-0.06838888
1.6054776
-1.4850197
1.00386
0.4259358
-0.76140434
-0.38729742
-0.8652084
-2.6410785
-2.7475128
0.293567
0.9006308
-1.734366
-1.3835915
-1.6147698
-0.7100771
-0.19638816
0.3035663
1.4000168
-1.1117651
-0.82194054
1.1346092
2.029737
-3.0305407
3.9029958
2.3585303
-0.31960946
-2.1232889
1.197773
-1.2403269
-1.0204872
-0.9025033
2.1844144
-2.1645076
-0.97413313
-2.2320817
-3.2212121
-1.7846717
3.4079878
-0.59528506
2.3634727
0.05004038
-0.5018769
-2.5826995
-0.6527883
-1.3753668
-2.2400885
-0.43455422
-0.7915102
-4.599961
0.14515448
2.1619127
2.2025943
0.27023202
-2.2025096
3.2499676
-2.9916973
1.7906531
-3.5603292
1.5113299
-0.4371843
3.7371216
-0.8678759
-4.22861
0.18449311
-2.2798848
-2.1025329
-1.7752423
3.1489234
2.1530416
0.1396551
-0.99652946
-1.6924593
-2.540166
-0.43928725
3.4760141
0.09482962
-0.4511211
0.24203917
-0.99076897
-3.4279082
0.4224623
1.5931829
-0.40228558
-0.8125326
-1.748793
-0.7513789
1.0739836
-2.555727
0.7114024
0.588719
2.356502
0.9516939
0.4821796
-1.7388345
1.3552791
-1.0445389
2.1424878
-0.6586687
0.4120289
-3.1978273
-2.2212963
2.604178
0.27321237
0.3722031
-0.03362055
-0.014279403
-0.13384429
0.23829857
4.2477694
3.3701496
-3.172637
-0.29312247
-1.1424431
-1.2285275
-1.6664133
-0.5821863
-0.13222994
3.3019824
-1.829208
2.9732027
-1.1651727
1.8182664
0.51814574
1.2452596
-3.06989
-1.6721044
-3.4695077
-0.54107034
3.7277904
-1.5348889
-0.21756765
-1.9712915
1.6036897
-0.0059024394
-0.28409076
2.1272292
-1.5942348
0.70485705
-0.31310755
-1.1146686
0.69614637
-1.1487069
0.7286376
-1.6772399
0.7236244
-0.77900654
0.31133386
-0.5063897
-1.7321749
-1.332454
0.2411693
-2.0335267
1.965448
-1.1515255
3.2202184
0.07287246
-0.54494584
2.8797019
1.6645648
1.1259123
2.8708615
-1.1826813
1.8795315
-0.049215227
0.2553038
-0.38818163
-0.42383817
-1.5613973
0.73423904
1.7983721
-0.7179185
1.782825
-1.2636888
-4.6358023
-4.0037003
-1.1431673
0.8623304
-4.4814205
-1.2184813
1.5240935
-0.2204808
1.2485347
-0.62296414
-0.36484632
2.3431914
-1.668653
1.1735249
2.6810915
0.21634614
2.4443648
1.7505648
0.3586891
1.9860039
3.0275195
-1.5930603
-0.18550494
0.63684636
0.038786042
-2.2653484
1.5900153
1.0401332
-0.93002456
-0.42495137
2.3167953
-1.6655935
-1.9951916
-0.18594712
-1.4938673
0.14360109
-1.1316074
0.030373394
3.0673876
0.19608063
5.7010856
-2.1473107
-1.6584605
1.5138581
3.6512694
-0.23209625
-2.8799002
0.17703676
-1.5817883
1.9467802
-0.36645222
0.74868286
-0.06995311
1.7747387
-0.594759
-1.2719069
0.48407185
3.2126822
-1.8689466
-3.795353
-0.8113278
1.6978446
0.13440591
1.2069305
-0.8616146
1.865882
2.2190335
0.32136604
2.2311132
1.5736828
0.9265697
-0.15796563
3.6416762
-3.4390967
-2.2177877
1.4544065
-0.76888037
0.9570473
0.40051538
-1.284121
1.1258194
2.7989979
-0.80404127
-2.9650598
-1.6102498
-4.1984973
0.42276654
0.33603698
-1.4959532
-1.2028632
-1.5932562
1.2215905
0.20359492
2.7488089
-0.045083445
0.85713303
-0.74723965
2.6151953
0.57218593
1.8537852
-1.2353164
-1.1310321
-2.1732926
6.204305
2.7160254
-0.51803964
-1.5795543
2.3905168
1.3797002
-0.97046214
2.2116375
0.092142306
-0.75577605
1.8027571
0.1757788
0.30838692
0.11660586
-3.375747
-0.6250578
0.40281975
3.1825473
-0.82567567
-0.16269925
2.8853915
1.2443235
-3.4983842
-1.9369854
-0.35875177
-1.7034978
3.7609942
0.6947883
2.4470139
-2.7324007
-0.45282874
-2.0455878
-0.1725483
2.3721468
-1.2089942
-1.0092797
-3.5168765
-3.2997093
-2.1239161
-2.6984
0.97694945
-0.97829044
4.458083
3.2048714
1.8764312
-1.4864072
2.4819872
1.5754
1.8766279
1.33345
2.2099445
-0.73957217
-0.72391665
1.8127648
-2.976366
-1.1069436
-1.0386453
-1.0504799
0.5912253
-1.3671877
-1.425811
-1.586804
1.094126
4.408584
1.008771
-2.8410232
1.4652876
3.035679
1.2609869
0.34678012
0.13878709
1.1728579
1.6419765
-1.3926381
1.5309236
-1.0438966
-0.18175432
0.5315268
1.1675719
1.7663946
2.902877
3.037817
2.384968
1.701308
-2.890572
0.4658056
1.6143799
1.7005482
0.24770069
-1.2423242
0.80694854
-0.99777824
2.3517609
1.4594492
-1.0090857
-1.3760128
-0.6977128
-0.03093607
2.8521862
2.3222122
-1.1177423
-2.5137508
1.2407824
1.3769761
0.85686517
-0.4124312
-3.4969766
1.6728923
-0.4052193
1.5029507
0.74438596
-0.5976655
-2.6576648
-1.2917249
0.2710424
7.006563
1.4547814
-0.6183074
-0.049224675
0.26391155
3.904807
-0.33436525
0.9858451
-3.8303585
0.6232707
1.7672627
1.1702385
-0.16458088
-0.74411404
4.1117406
2.2970028
-1.1439692
-0.08021527
0.34810394
1.1794065
-1.7364209
1.7047715
0.5081577
0.48917896
0.56914806
2.856812
1.0948765
-1.3547711
-0.59635293
-0.4054617
0.7707312
0.35384795
-0.294882
0.13751236
2.1508086
2.340134
-1.6963569
2.5993433
-1.6209931
1.3385534
0.41866872
3.5812562
-0.83311605
-3.6719816
-3.685644
2.9771829
-0.60096407
0.5592322
-2.8100326
-2.2627702
-1.8108599
0.07560845
-0.8760788
-5.0643954
0.11473472
-0.10418575
-0.8337423
0.7420435
-0.87745434
-2.0973144
0.90977705
-0.91986394
0.2574728
0.1382865
0.4402512
-1.5718105
-0.22061196
-1.5575098
-1.1480498
-3.9221773
-1.9548014
-1.5213599
-0.088670865
2.2084603
0.76980454
-1.4373453
1.0508865
0.30966523
-0.09933307
0.10853476
2.8790581
1.5395324
0.4159139
-1.5452921
2.1061227
-1.7951639
-2.1794662
0.20623326
-0.8095533
-2.295132
1.7390659
-0.53507334
-1.2002106
-0.011377864
0.9502361
-0.6506789
1.1007216
-3.2813873
1.7072854
-0.67421633
-0.70804954
1.2392827
2.4440424
0.07545832
-2.798975
0.9419101
2.483151
-1.8990879
-3.0525692
4.7939754
1.4161288
-2.7272928
-1.3309617
-1.4322257
-0.8226496
-5.379933
1.3992928
2.9365118
0.16077513
0.8475348
-2.5301023
-2.1872153
-0.021695964
0.9046528
0.26788193
-1.8084692
-0.334482
-5.1849856
1.060249
-1.1005582
-1.3815496
-2.485145
1.7041035
0.96287435
-1.0757113
0.19438124
-0.4040927
1.3348212
1.5401735
-2.080767
-0.46141744
2.1879635
1.7432588
-2.632792
-1.3240497
0.44287637
0.9849413
-0.3205693
-1.1699721
-0.2817219
-2.442804
0.5841233
2.268839
-0.26562777
-0.48791733
-2.4784348
-4.245095
-0.72651935
-2.5685654
0.11305649
4.509699
0.98935884
-0.8180247
1.3847225
-4.2410207
-0.1334294
0.6310823
5.504194
2.0168047
-0.09970797
-0.2691183
-4.0923395
0.09940814
-2.660484
2.4552855
0.5052043
1.9852712
-1.1044713
-2.3834558
-3.2688625
-3.2889822
0.091908
-2.3872945
1.6253396
3.8174093
-1.5589281
-0.8508917
1.2379861
-1.0866134
2.5709047
0.87640876
-2.6688788
2.1658359
-3.2828176
3.614119
-2.0908492
2.0507374
-0.17324084
1.106187
0.23341657
0.32350817
0.025362585
1.6123765
-1.4238116
-2.2047167
1.0262783
0.55143404
1.6824064
2.2690222
3.0208333
0.983422
-3.204982
-1.9432485
-1.1934202
-2.3302903
-0.8956636
-0.17249012
0.39013273
1.4081968
-0.84010404
4.164911
0.21084216
-2.7894897
0.4062898
-1.7828778
0.2596803
0.23327062
-0.38610262
-0.55784696
0.53614163
-1.9377223
-3.521358
-1.051403
2.8829882
-2.308381
-0.36175555
1.2788314
1.3675989
-1.0441138
-1.239613
-1.1550735
1.7898682
-2.6630318
1.3087298
0.8875259
-0.37701347
1.2135018
-4.055021
-0.5912789
-2.2055626
2.0170178
2.6425285
2.7142155
1.3876151
0.4727375
3.056483
-1.1623017
-1.9742042
1.5694526
-1.9837654
0.37427095
0.76921535
3.073142
0.53496134
0.2365615
-2.9873621
2.3869705
0.007823721
1.6132597
-1.7194744
-0.8348655
-1.0902437
-1.0748566
2.3116927
-0.46545205
2.761975
-1.938011
0.86344105
2.85086
-0.9461038
-3.6409016
-1.7074366
-1.5878007
2.7426264
-0.90167505
0.0369396
-1.1543558
-3.337461
0.5775576
-1.248934
-0.9578468
3.7694595
0.015004959
0.16174829
-1.7121478
3.171301
3.1319427
0.66683227
0.49561864
4.18764
-2.1821165
-1.5325624
3.5288737
2.1455119
0.50186425
2.716244
-0.9452519
-1.7337761
2.1336405
0.0809988
1.4602654
1.7989522
0.19743031
-0.7243357
-0.5076551
-2.1738832
-0.66805893
-1.8332621
-0.46483216
-0.49478
0.6682236
0.9024764
1.133039
-0.05367761
-1.0663172
-2.6053474
-2.0329204
1.1171623
2.0626879
-0.034585886
0.7889679
0.6693399
-3.1828337
3.7968066
0.8362193
0.124588735
-0.42832506
2.2200403
-0.8384414
0.25647718
-3.6166916
-0.058662146
1.6296842
-1.1881531
-2.6840794
-0.038586162
-0.36145627
-2.425293
0.65706563
5.4426975
2.420534
2.7603903
-1.7726074
-2.5994406
2.2176275
0.6343542
0.5732751
-1.9539909
-1.9436007
-2.2561908
2.0115032
0.14574547
0.51357037
0.52180433
1.6895796
0.77464765
-2.7972317
2.5680017
0.57722247
-2.0478578
1.6190312
-0.1538518
-1.3046329
1.0747478
0.8992555
0.32019907
0.8543297
-2.5990446
0.3157129
0.49902117
-2.3552995
-1.1424464
1.3924996
0.34424484
0.2230522
-1.4645206
-0.75688064
2.8004928
1.0599068
1.0110345
2.493671
0.38907406
-1.5919867
0.928424
0.3019895
-4.4681997
-0.955082
-0.3459133
1.0661807
-0.5979944
1.3865474
-3.3799412
-1.1362736
2.1306098
-0.64560145
-0.47872803
2.4475777
-1.5822636
0.4858019
-0.3933617
-0.9019444
-0.5151014
-1.0930969
0.30689844
2.6498535
0.6092288
0.442518
-0.7639439
3.3850303
0.9953802
2.2894967
-1.2101332
-0.2586875
2.3350043
1.558226
-0.36257666
1.7499486
1.3624244
-0.08204609
2.1964197
0.8601683
2.655732
-0.22415042
1.2622123
0.16432984
2.1231227
0.42411578
1.6665914
-1.5152779
0.4904752
1.3267444
1.3841369
-2.1602502
-1.1374376
-3.6337047
-1.9105482
2.4203267
-0.40595528
0.669661
0.15445617
0.13081142
-2.4717746
1.3727748
-1.3898145
5.083397
-2.8328335
-1.7487634
-0.22657955
-4.240933
0.99442273
1.9699732
1.0996422
-2.3916645
3.0155542
-0.7012086
0.059637614
-0.10911692
-0.017745115
0.36650532
1.5014215
-0.2848574
2.2374494
-0.99727273
-1.3146113
-0.6899379
-0.35540512
1.1158268
-0.08164082
1.4365479
-1.4005349
1.2867168
-2.1177235
0.3487265
1.2239934
0.8825261
0.04124429
3.7933366
-0.61010337
3.3047225
-1.4214454
-1.2009256
-1.5188636
0.26921058
-0.22308362
-0.43444332
-2.0436907
0.9280474
1.4317565
1.1787742
4.2038207
-0.3221378
2.3505282
1.0626756
-1.8733462
2.6955152
-1.5328542
1.1998037
-0.2614223
-4.508444
0.6724711
-2.8515844
0.13632676
3.5953927
2.5488467
0.87989706
1.4112501
-1.5640168
3.0013423
4.8395567
-2.4297717
-0.25398982
1.5394088
0.14366943
-3.3063667
3.6025264
-0.90018225
-1.4567523
1.6783701
1.0406275
1.3318685
-0.4621259
-2.2032385
1.409087
-3.7962801
-0.9787926
4.244496
-4.4069
1.9091017
-0.96271837
0.43113837
-3.9958405
-3.2432106
0.0009798519
-0.29507554
-2.848208
0.7224991
-3.7393322
0.027994357
1.160191
-4.7201014
3.093521
-2.0285957
-0.1257259
0.96553135
0.8630448
0.5240702
-2.3920648
1.4823363
-2.795965
-3.8325412
-2.1509273
2.473119
-0.12187033
2.8325489
0.123986974
4.0618668
1.738665
0.4154941
-2.7256718
2.047048
-1.687149
-3.2124996
1.0415376
0.36133203
0.62806
0.57991076
-2.3976295
-1.2617942
0.39153147
0.72069144
-0.025492966
-0.5784501
1.5418488
1.8298188
0.20281416
2.0172012
0.46310243
0.28970957
-1.963388
2.7941732
2.5048764
-0.38748607
1.6448448
1.3120807
-0.08852713
-1.2314657
1.0759864
-0.21813832
-2.3149807
-1.0670989
-0.73103535
2.5887692
-4.534345
-1.609654
2.9740336
-0.5030259
-0.18725947
-1.6913632
1.4873999
1.2354703
-1.2338349
-1.1408058
-0.5344276
2.2684774
-0.9859754
3.1229906
0.9638803
5.4041176
-3.3658266
1.1040896
-1.2909435
-0.6377191
0.80036813
1.8081946
0.9091096
-3.275712
2.0624557
1.9547033
-1.7085733
-0.67489046
-3.6299167
-2.4849324
2.210972
-2.1080356
1.1406813
0.22718698
-1.0451916
2.7193332
1.231823
0.009718835
-0.5535799
1.813348
0.7674129
0.3019528
2.4077106
1.1561297
-4.172596
-2.5010037
-0.26903054
-4.146516
2.1065881
0.7067345
-5.4763913
0.410866
0.2955211
-2.6203668
-3.2694843
-0.16473222
-1.4215758
-2.5080817
3.1318269
1.1641304
-0.55652654
0.80535865
1.2523594
2.2339787
1.9755654
-0.023821428
-2.2069294
-1.0145242
-1.5622182
0.24490473
-2.0249188
-0.13205567
-0.12775367
-0.23079723
0.5125906
2.2180004
2.3722997
0.12844718
1.1841078
1.4684643
-1.4233226
0.38660842
1.7808233
-1.1277522
-0.8552213
2.7922816
-1.4610425
3.5679545
4.305572
5.579806
-0.3328738
-2.1653807
0.03631125
0.8705911
-1.3168586
-3.6790426
3.119555
-0.69618213
3.660938
-0.6057798
-0.5287032
0.24989946
-0.85508245
1.208229
0.7669403
0.20278923
-1.2239308
0.16069876
1.036585
2.1251113
-1.404502
-1.8962631
-2.0435648
-1.6718435
-1.7066867
1.1723859
2.835408
-1.2904115
1.5041436
1.0947505
-2.6431038
0.9482801
-0.11315088
-0.39876297
2.0707188
-0.13240278
-0.13538235
-0.53750277
3.1889079
-1.7304498
0.85047877
-0.5389925
0.8911158
2.5571773
0.45034033
-0.0766354
1.2654427
3.8078268
2.5121658
-3.5148385
-0.5144867
-2.0800982
1.776798
-4.8315415
-2.0921183
-2.5879982
-0.47526973
1.5253129
1.3571222
-1.3843918
-2.6442938
-0.4554411
3.6334045
-1.2821507
2.6624997
-0.23679993
0.3371625
1.7781113
1.2076446
-2.9753976
2.075646
-4.2082815
0.1555475
-1.351373
-2.7435246
1.698129
2.4159563
-1.1992989
1.2331504
0.6488516
0.96569705
2.30868
-0.67066807
-0.31026146
0.7307192
-1.7225554
-0.72305566
-1.7319604
-5.1165967
-2.194472
4.414458
2.453657
-3.435145
-1.6481007
1.4097158
-1.2069341
-3.064496
0.78267527
-2.3877668
-3.1636107
1.5762302
-2.357515
-2.118604
1.746609
4.989376
-0.6352864
-0.48770076
0.3935472
0.40455723
0.022322718
0.803366
1.9244142
1.8241018
-2.3997257
-0.33946836
-2.8000288
2.65281
1.8324052
-0.2614987
1.3315963
1.5987267
0.11655726
-4.581542
-0.12498197
1.3273079
-0.06321025
-1.0351273
0.79339224
0.9019494
-0.46519616
-0.94074565
-4.3765144
1.6857612
-2.7747333
-0.20979795
0.3739015
3.661751
-1.2296233
1.6733464
-2.9524193
0.12456324
-1.2314934
1.9812034
0.29413438
-1.5284493
3.8151534
-0.49703607
-0.15282415
-2.784213
-3.4153395
1.4295454
-0.78888446
0.38039988
1.9439902
1.4003208
1.9858497
0.41222492
1.5845933
1.1722503
0.49533668
0.9063923
2.250808
0.20062487
2.4976294
-0.12520331
-1.5894529
-2.4835176
-1.068212
0.13498037
-0.75555766
-0.8154906
-3.8012893
-0.18999219
0.33809087
2.3648372
1.6417155
-5.0633597
-0.63968635
0.4584686
-1.506977
-1.0729995
-0.94774354
0.4497269
0.87453663
0.36164737
0.33581173
2.7280684
-0.20412087
-1.9029073
-1.0442694
-2.3957124
-0.69924635
0.24928018
-1.5971936
-1.5194802
-2.8080568
0.63070583
-0.036223706
-1.7697583
-3.5969162
2.8037107
-3.1514199
-2.104438
2.1120028
-2.302135
-4.2694445
-2.2404604
1.0397941
-1.325769
1.0082973
-0.90439785
-2.4245458
2.2156925
1.5176971
-0.10453393
-2.515324
0.44643041
-3.1838942
2.1857076
-0.3999035
-1.3380513
-1.3844874
2.9865515
1.0317521
2.0295312
-3.1763456
1.6969554
-2.0686011
-4.7309375
2.2211275
2.4046624
-0.06232873
0.89830935
-2.276562
-1.7728016
-0.6630644
-2.7505138
-0.63203627
1.5959567
1.1203648
-1.4799649
-0.04741232
-0.90809727
2.5704772
1.4498118
-2.423551
1.530175
0.9555026
-1.8501551
0.9259808
2.5130785
-1.9824147
-0.88138145
0.41290155
-1.1751118
4.091529
0.37193346
1.6544741
-1.8993899
-1.9355459
-3.0018322
2.314354
1.0311453
-4.095307
-0.8988124
-0.05163402
-0.99769807
-1.3788661
2.629886
-2.9560568
0.23415676
-2.7603905
-0.3668315
1.0429008
3.5529234
1.5216955
1.3534214
0.47047216
4.9339976
-1.4534603
-0.46279234
0.67607266
3.7907085
1.4766212
-0.68809986
0.6034145
5.100034
-1.8793427
1.2574345
0.7343178
0.029310867
1.4137917
-0.1322494
-0.51697916
-1.0264019
0.47193098
0.34421897
6.03699
2.8434927
-1.8194728
0.15326823
-3.161425
-3.325239
4.248076
0.3895729
-0.073743574
0.53893936
-0.50565106
1.7382225
2.1601605
1.0694664
1.6218855
1.0619396
0.5951861
2.6707382
-0.15751839
-1.8815963
1.0260613
-0.6247186
1.9862722
3.4370365
-3.5164254
0.95989746
-0.8942702
0.9608988
-1.4554495
-0.13668668
-0.12994948
-2.1872153
0.7629271
-0.052059308
-0.94138134
-1.8647624
1.6253264
0.41233513
-2.3365922
3.1651518
0.8096097
2.2797942
-3.7531087
1.5612278
0.26733053
2.724462
1.1291441
-3.076179
1.2864887
5.8469577
1.0562592
0.8364474
-2.0307343
-0.50966704
-2.1037533
1.8353764
0.22987926
0.047838885
1.7799296
2.770661
1.9894881
-2.0187252
1.3839325
2.3831613
-2.3945541
-2.3676925
1.1174368
5.5219736
0.22900826
-1.5477905
0.16684741
-0.4077916
-1.3543357
0.3032988
-0.09083449
-2.1972551
-0.0145698935
-1.1547848
-0.5635469
0.80160564
1.2445288
-2.4884205
-2.326864
-4.3366055
2.0357106
3.406819
2.41648
2.033464
0.92667145
1.9630978
-1.1558671
1.0678906
-1.0483872
-0.6707075
-0.15426293
-0.8721842
2.6258397
0.47208115
1.3837616
-0.73486555
0.045502804
-1.1995187
-2.4854891
-1.6373938
-1.1933906
-0.87447876
0.2620607
-0.084569566
-0.41983372
-1.2647121
-0.4265775
1.4419751
1.7845265
1.9697821
-2.107373
-0.8494316
-2.664753
-0.5059534
-1.2308704
4.0824957
-0.65087867
-1.418769
4.475827
5.83523
-0.782783
-1.8374896
2.070894
-0.269514
2.7037725
-3.27441
1.5322592
1.61081
-0.19420694
-0.6188871
-0.6189263
0.6392546
0.08321431
-1.6009363
-4.007198
-4.5727696
0.6637853
-4.0762916
0.4894678
0.19024286
-1.4933147
-1.8382053
-1.9086412
-0.6310822
1.9715372
0.4315204
0.20075113
2.3080125
1.2554272
-2.1839945
0.22747725
0.35584483
-1.6566995
-1.4926835
-1.0476643
-1.7698714
0.19095357
2.4177032
-0.37855762
-1.096072
-0.6573185
0.53707874
-3.6755366
-1.3421897
1.6078528
1.8604705
-0.38992482
1.300592
0.05903752
-1.2403697
-0.25261915
-1.6881942
0.7726193
-1.2928236
-1.3478945
-1.6712815
-0.0876498
1.5807779
-2.7447946
0.10805148
-3.465803
0.19875318
0.769359
4.567415
-2.5851512
-3.1838818
0.7162804
-3.868101
-1.1926742
-0.7759987
-4.2108154
-0.6847136
0.055196643
1.9651204
1.5143943
-2.171695
-1.9498032
-1.5898991
1.5429571
0.21076028
0.24246556
3.4830089
-0.093659595
-0.18900016
-3.051617
1.4427757
-0.41488454
-0.5022943
0.07790043
-5.1872783
0.20300052
0.75349414
1.2068366
-1.4738853
1.3937235
-2.0451324
-0.9886913
-1.7210622
0.60006785
3.1411982
0.6557206
-0.4139807
0.7014617
-1.7931819
0.9651483
-0.72244805
1.5262853
2.119745
1.0150768
-1.5318518
3.8551168
-2.094735
-1.4236627
0.39265046
-3.2765105
2.3214982
-2.1408093
2.1424105
-0.98436284
0.23738003
0.46634272
-3.4737835
0.38685852
-1.0219378
0.64121556
1.1425337
-0.025817424
2.4302924
2.3921728
0.12048415
1.4446504
-0.24414486
-0.6500764
2.1920242
1.8069898
0.22286218
-0.5821041
-3.5137436
-1.1305078
-1.0028684
-0.9644308
1.1405243
1.3451909
3.754635
0.056642525
1.0673026
0.9158883
-2.751047
-3.5660858
1.8896255
0.814468
-2.5412893
-0.8257793
-1.4341503
-3.1762388
-0.96016484
-0.52286476
1.0552149
-2.142678
-1.5004033
0.71963775
-3.7616696
2.2350204
-1.2003921
-2.221494
1.490205
1.3034724
4.430446
0.49365914
-0.9546685
-3.7462316
-2.2796342
-2.5299644
-3.795381
-2.492464
3.3338306
-1.9819432
-5.2793937
1.2734077
1.6760967
-1.0153191
-2.3402278
2.5257134
-0.6978699
2.803639
-1.8384918
-1.3362087
1.2456088
1.1803085
-1.5300889
-1.3034934
2.7169235
0.30527815
-3.5096943
2.4594579
-2.516951
-0.12351126
-0.17966273
2.112704
1.9032499
-0.8101118
-3.1217296
-0.91140026
3.3621418
0.28275424
-0.8523464
-0.61305195
2.2682016
1.0024606
-3.012031
0.96529114
-1.0296445
0.77296513
-1.5177482
0.87367
-2.7399783
0.607691
0.07478805
-1.3737159
-2.7853384
-1.1945115
0.33977067
-1.8262819
2.029159
0.15408775
-0.21657705
-1.0371811
-0.32625994
-1.2623405
4.11663
2.9619684
-0.15828303
-2.6990802
1.7136248
3.1669378
1.2771935
-2.0783567
3.1031952
2.1308954
0.19195038
2.1624806
-1.0642549
-0.8793838
-1.0817046
0.28411642
3.0329442
-3.4644756
0.23670079
4.0732
0.15072763
-1.1560003
1.9333657
-2.7678452
2.7216518
-1.6956879
-1.9846662
-0.8730431
-2.9672742
-1.5109082
2.3684642
-1.3265905
-0.8122508
1.1989233
3.0217648
0.37823462
-0.69717383
0.49318686
0.25321916
1.2691041
3.1287966
-0.3196649
0.7110963
2.9978187
-1.5286778
-0.9963182
0.066499405
2.0978737
0.30671296
-2.9776044
-1.7392657
0.034620386
0.4785929
-3.9715974
1.3595458
0.81653357
-0.6173476
1.7580147
0.49282712
1.5409975
-1.4656522
0.9726378
-0.24723735
-1.3414527
0.1747224
1.5494581
-0.7608588
1.2157179
0.12818465
-1.7622107
3.2218606
0.8142172
1.198409
3.3573952
0.9440598
-0.08096175
0.62595505
-0.3283621
0.7596907
2.706782
-1.576393
0.6188886
-0.876404
2.1441562
0.21040496
0.021011405
-1.0954705
-2.3158708
-1.3402277
2.0289733
3.1474326
-1.4796025
0.84205276
0.8282688
-1.0946112
-3.3572454
0.24691097
0.8095429
1.9184628
-3.642194
-2.3162603
3.2876787
-0.7525563
-0.42385754
0.6484037
-2.0037782
-1.650196
0.34399545
-0.18630102
-0.04060311
0.78477705
-0.0658863
-3.8315914
-0.5108911
-1.4831073
-0.4673318
1.5211076
1.1470834
0.2481271
-2.1266892
1.1040708
-1.3342952
2.4691315
3.5512955
-0.75955987
-1.1378663
1.4796977
-0.9891808
0.9936333
4.1292543
-1.1360112
-1.936486
-2.6593304
1.7767296
0.81226426
-3.3724906
-0.8859267
-0.5069868
0.5146049
3.5240817
-1.9387293
-0.6494224
-2.5660517
-1.9477974
2.6869926
0.8930176
3.1074805
-2.2050953
-0.54742277
1.1619849
0.62675804
2.4396677
-0.5633081
-4.5848055
-1.730995
-0.3140101
-1.4150975
2.2664437
2.7867594
0.67794186
1.6405851
2.6637263
0.31755865
0.6472614
2.33011
-0.54124653
-1.9770511
-0.79834473
0.675641
0.8332077
1.7604716
-1.2856706
0.89768845
-4.0892563
-1.8471408
-0.4438598
-1.8834516
-0.615182
-0.8785791
5.0523076
2.7957249
0.42080316
1.7750356
-3.7544146
0.009057008
0.32571676
3.135307
-0.9929569
0.3180806
1.4914786
-1.3735375
2.0018418
1.0051864
-1.4188
1.4737408
-4.005708
2.1318634
-0.9569345
-2.697548
-1.846739
-0.2030507
0.70789486
0.9488391
1.4495268
0.33683732
2.0890734
1.6890187
0.78303784
0.69633734
-1.4479853
0.3744004
-1.3099841
4.559666
-0.5363363
-2.1257248
0.3887314
-0.61817056
-1.9637228
-2.65225
2.3764405
-1.9534492
3.2062232
-1.9636252
0.42119563
1.0386407
1.2955022
-3.2495334
2.6502802
-2.1948638
-3.5397685
-1.7535605
-0.87856776
1.3475238
0.2085893
-1.7543321
1.0461359
-1.2047206
-2.8392005
-0.088040166
-2.658063
1.1067901
-1.1181623
-3.1747963
1.1706948
0.12522982
4.1925983
-1.0580479
-0.85254645
1.076702
-0.94685626
-0.88072586
0.02612625
-3.1852062
0.7476154
-4.1057644
-1.3404741
-1.1360935
2.4038892
-0.9386493
-2.4066234
-1.0169294
2.443732
2.0744426
-2.745753
-1.6729096
-1.3152345
2.4124064
1.7200842
0.30760878
1.0108024
0.28323942
1.6730344
-0.20275792
-2.2338514
-0.43441337
2.3424292
-1.5141213
-0.93081623
2.9769137
2.0436
0.047895588
0.7321999
-0.15643978
0.056742493
1.4497601
-4.1324563
-5.143259
-1.8066801
1.7723964
-1.4811301
0.34269643
-1.3954648
-2.6668718
-1.4529945
5.112807
1.1699873
-0.99435794
1.8121929
0.12223618
1.169965
3.3860598
0.69187784
-1.8774698
0.7859709
-1.7968994
2.123054
1.7346065
3.7467895
-3.0823836
-0.014435142
1.2172712
-0.98088616
-1.1816789
1.7063029
-0.8770201
-1.9578525
2.2815094
0.8012276
-0.44025034
0.82133794
-1.4722333
-0.7551563
-2.0705028
-1.8507922
-1.2100981
-1.8865165
1.4669443
-1.1328621
2.1988254
-3.159427
2.6208801
-1.0114589
0.3715057
1.44732
0.014240138
-0.6241021
-1.9141
0.9961732
-0.26519138
0.87186295
0.8684246
0.11461965
0.8780725
-2.4134862
-2.6564846
2.0330968
-1.1761448
0.7964947
-1.9903601
-1.6102376
-4.8473897
-2.1788454
-1.2261208
-2.0604558
-0.62913054
-1.332615
1.4882843
-1.6601793
-1.2088592
1.0515972
4.706473
1.4408033
-0.6896645
-1.453303
2.1664648
0.6084759
1.0758808
2.1367743
0.34031427
-0.12605843
-0.57004684
-1.5294464
-0.82463205
1.0098057
2.2202122
-0.23122138
-0.10502774
-1.3104427
-0.5592057
-0.26356497
-1.966485
2.6426992
1.9403063
1.6146477
2.7582653
-5.0481586
0.79080206
0.27529764
0.45307446
2.2950976
-2.7466402
-1.6575857
-0.1909946
0.78311855
-0.7093602
-0.3949815
-1.6347293
1.693331
1.6678993
2.5315197
-0.05534455
-0.15046018
3.989534
-1.4939009
-0.8612419
3.611872
4.810202
-2.1134734
0.68787134
4.762554
-0.4920377
2.0053637
0.7592786
-0.9886768
-1.2018164
-3.8602896
1.9496831
-0.8099154
-0.28450066
-0.8445439
-1.2563617
0.05892306
-1.0009615
0.78299046
-2.6462493
1.6834276
2.5346076
1.7850463
-1.7862475
0.6137767
-0.6608407
-1.0258571
1.512447
3.4960368
1.6147377
-0.028951496
0.023665242
2.553374
-2.9134712
3.7598786
-1.6991544
-1.5665853
2.2083879
-2.3791676
-0.12109276
-1.911368
-2.3433857
-0.7989152
0.13747415
-1.2382777
1.1293951
2.5601091
-3.2234516
0.6820615
1.375711
-0.99833107
2.5136685
0.7931838
-1.174176
-1.2510316
-2.278156
2.9660015
2.4681726
1.495385
-1.518519
0.5311522
-2.0083625
-2.6194673
0.19087574
-1.1952646
2.0649605
0.77770525
1.3489802
1.9777932
0.5108915
-1.7535415
-2.059927
-0.4285366
1.7348391
1.1057438
0.86012286
2.0587459
-1.3034549
-1.7245227
0.92908835
0.42869115
7.0426493
-1.5262641
-0.07704763
0.8497118
-0.33715904
0.8610408
2.853902
1.7722852
-2.487672
-0.12045079
-1.9091527
-0.29064593
-1.348578
4.252122
-1.6052424
-0.85964495
1.803905
-1.2151542
-2.1911545
-0.7681775
0.3442085
-2.2920554
-0.78029394
-2.24702
2.8434877
-0.14972942
0.56429696
-0.46268535
-0.45987087
-0.41519228
-0.3848673
-1.1024699
1.8512236
-0.063477404
0.021037504
-1.2553529
-1.9851971
-1.3814584
-2.498092
-2.3931656
-2.6337101
0.0037295595
1.3581939
1.9119285
1.6829815
1.6349032
-1.3543152
1.010127
0.8668875
-0.80217403
1.0358293
3.3299239
0.7031209
-3.797984
-0.87956434
-2.4190729
0.09887701
-3.324825
1.3543359
4.619073
1.3796263
-1.155383
-0.029038906
-1.1332719
0.6075052
-1.4269506
-0.834322
-0.056867458
-0.70136243
0.12396299
-2.5112472
1.3260845
3.674721
-0.076849185
-0.89430404
-1.9369199
1.6697721
2.070455
1.4786762
0.004029341
-2.5505803
-4.134737
-1.1807483
0.50430226
2.319354
-4.5242786
-2.8192527
1.6683975
2.505555
2.501748
1.2824984
1.1497778
-1.3931664
3.2271066
2.2184072
-0.30623284
-2.1746435
-0.4553092
2.055013
-1.5766096
2.0025246
-1.0611023
-1.3467809
-3.360104
0.9880195
-1.4576849
-0.79830366
-0.95195
0.94222826
1.9722327
1.6708033
-0.13623832
2.3445773
-0.3264484
0.056497388
-0.35196146
2.2423184
2.2424994
-3.4864933
0.7307325
-1.1114179
3.0739074
4.5652294
0.3628993
0.87208945
-3.0895946
-2.9266388
0.55293655
-0.42479414
1.2637972
0.32025418
0.37376857
1.1261649
0.5575639
1.9208277
0.4808359
0.9384755
-0.20028706
1.7906165
-0.45011383
-2.754843
-2.4086957
-0.9522747
1.3781148
-1.2084426
0.20178568
1.2443035
-2.549971
-0.24951336
0.13152844
0.9171922
-0.7065648
1.6707765
-2.6494265
1.3775989
0.50437164
2.0966513
0.3009992
0.6743933
2.129903
-1.5622318
0.65350616
-1.1950572
4.8466563
-1.8864903
1.3448983
0.877684
-1.7750624
-2.896069
-1.4652661
-1.7167008
-0.05646602
2.6721165
-1.1171553
-1.8418936
5.121058
1.0290555
-0.05986891
4.8280554
1.2760026
-1.6143543
0.4258763
-2.1111116
0.03650281
0.37489197
0.66996485
0.7298617
-2.37283
-1.9749677
-0.19273269
1.9604404
-0.2272605
1.1117402
1.6860721
-2.721218
1.0882814
1.2741154
3.9416537
2.216441
-2.1186657
-0.20033082
-3.2773714
0.5469149
3.938286
-1.1844935
-1.9348845
-1.3136961
-0.3005253
1.8734281
0.47520673
0.36363983
-0.32627457
-0.2412833
0.14504614
2.6109526
-2.7772963
0.3946881
-0.6903371
2.0416994
-1.5209349
-1.7172816
1.9707289
-2.2412908
0.16631043
-1.060161
2.5011857
1.3450073
2.6981301
-2.7551885
0.77476007
-1.3569273
-2.2800906
-1.3046713
-1.9283291
0.6829821
1.9969742
1.0771122
-0.6084367
-2.1302023
2.834017
-3.1357675
0.02789206
-1.5487474
-2.4232566
2.5573218
-1.732288
4.3588676
-3.766639
1.590858
-0.4777447
1.2313323
0.81338215
2.975734
3.9118736
-1.9083358
3.2528634
-2.2995937
-1.4501864
1.9334077
1.6241094
1.0642943
-4.5736394
-1.9382535
1.7829988
-0.3415457
0.4125298
0.82010424
2.917688
-0.95189196
0.10053633
-0.16099095
-0.18514597
1.1231395
-1.8347241
3.155692
0.6434278
4.513707
0.67900616
-2.7899446
3.8153808
-2.4903398
-0.5285424
-0.1838918
0.6512933
0.75172704
1.7693329
3.1574757
1.3686067
1.0438156
0.04942727
6.0290914
-1.2911627
2.749332
-0.45406345
0.50013256
-0.22975016
-0.017104354
-2.3987355
-0.1219446
-1.40578
-1.5933731
1.05334
-1.0297357
0.4760694
-0.90887845
1.1043477
1.4940662
-3.0151875
-2.4153895
1.1852692
1.3738997
-0.45162854
0.38677475
2.6593914
-1.4961826
-1.0684737
0.549576
1.278402
-0.49077863
2.0655088
-0.5551171
-0.90500706
-0.5452214
-0.2069184
-3.4091754
-2.193315
3.2120206
1.7605691
-1.0126785
2.8775897
0.20489672
0.8382476
-1.9536104
-2.576354
0.4453146
-3.3042347
-2.7190955
-0.13933814
0.5226766
0.06287877
-0.42063013
-4.61299
-3.3094249
-2.1579363
-2.9989753
-1.6644673
-3.7198663
1.4866697
-0.7384139
-3.6850095
4.7081947
1.0477277
1.195465
1.8188733
1.0294365
-3.9914286
2.0905836
1.4514828
1.7264613
-0.96134067
2.17478
0.22868693
-1.3989418
-0.9239091
1.5705271
1.8288317
-1.7490442
0.3397597
1.2598519
0.4809646
2.5785081
-1.6263746
-0.4476947
-0.7734496
-0.6452989
-2.5030363
-0.83097506
-2.7444177
-1.5312355
-4.3973308
-1.2356436
-2.5923665
0.07050215
-1.8542048
1.669228
-2.331015
0.8236284
2.5706477
1.3812263
2.0705118
5.178468
1.0999862
1.0995375
1.126429
2.0483599
1.4918691
-1.0899802
-1.2762661
-0.4526195
-0.15067792
0.93523407
1.1759912
-0.9044746
3.4354222
1.8965192
1.8929428
0.17699748
-0.6568409
-1.8258872
-2.2612395
1.7283671
-3.4213173
4.293111
-2.2486212
1.1014838
2.8422399
0.2274234
-0.6149414
-3.2028165
3.705798
5.8592286
0.98033375
-1.3121395
-1.2652982
-1.1419171
0.42696634
-2.312588
0.87803423
1.392919
0.6199328
0.96991014
-1.0416007
0.2404023
1.3432477
-0.5005885
4.6498823
-1.6440862
2.676088
-0.5935129
0.11207843
1.1033312
-2.0218048
-1.2674856
0.2404411
1.1655232
1.2857317
0.99876535
-0.015200101
2.0107954
-2.519234
-0.082011655
-4.0224814
0.69890475
-0.40954405
-0.1779455
0.5768552
1.1534858
-4.0112886
3.641674
0.40027833
0.4876426
-0.5240166
1.1520836
1.0736138
-0.7925518
-2.8594198
-0.59864527
-1.9877746
-1.177931
-0.31954727
-1.0808688
-0.41021878
-2.592921
0.5599789
-3.6801655
0.060789935
2.8456056
0.52924985
1.3392217
1.3381702
-3.8983762
0.082155675
1.2862306
3.4833302
-1.2120409
1.1907072
-0.39720893
0.8442787
-0.39457008
2.1053605
2.3561976
1.4967061
0.4523709
0.9629988
1.9560323
0.32514602
2.0195837
-0.8038434
-1.0938104
1.7216083
-0.51988035
1.9391793
3.2601473
-0.3358244
-0.41748464
-2.773436
2.9279861
0.7978723
0.071910396
2.4441931
0.287516
5.199195
-0.8416699
-0.37748176
-2.2074156
-2.8712661
0.041678034
-1.3191298
-1.4969656
3.3870208
-3.7123368
-0.6126425
2.613486
0.9123269
0.8607986
2.0318203
0.7063254
-2.1943436
5.190689
-2.9552386
0.8564283
1.222819
-1.784565
-1.1112589
-0.12305064
-1.3793105
2.2459278
-0.101307236
-0.018227942
-1.1573744
1.854374
-2.035607
-2.038526
-2.6571827
-4.164655
-1.3637362
-1.3004495
-0.9715143
0.5176342
-1.2932557
0.26968437
0.14438228
-0.5674682
0.4209686
3.589739
-1.557821
-0.23362185
-0.50924814
-0.31378758
-1.8826573
1.8784419
-0.6579973
0.18112344
1.3679355
-0.27454665
1.3719348
2.0040834
-4.043814
-1.9288783
-3.3200667
2.852396
0.86735886
0.69944936
0.14690408
-1.2732255
-1.0752747
-1.1595757
0.33716965
-2.772613
1.1071435
-5.1845365
-3.1226263
-0.016352624
-3.1093435
-1.532245
1.1488216
-2.5245047
0.0663225
-1.5903426
-1.4656646
3.8154986
3.111345
-1.5277051
-2.5598564
-3.5921462
-2.15923
1.8064489
-0.71593416
2.7130363
-1.5402423
1.3816987
1.2879556
0.5944055
0.40758306
-0.81835556
0.837299
-1.0024852
-4.212494
-0.49716192
-3.0168104
-1.4419881
2.5371745
2.786766
-3.029282
-1.7559541
-0.84767324
1.234338
-1.109823
-0.3785777
-1.7199466
-3.8183255
-2.1364036
-1.885501
-0.4562606
-3.5314417
-2.5858152
-1.0402724
-3.3339467
2.6001184
2.5523977
1.9384434
0.70532066
-0.5333828
0.5738923
2.1196055
-1.997755
-3.0711038
1.7698174
1.930846
0.04763527
2.2064264
-1.1601272
1.000565
-1.0330293
-4.32757
0.42263287
1.6327336
-0.58714134
-0.0066407174
0.7467595
1.5236791
-1.7973784
3.2691102
3.1553745
-2.2503529
-0.66131115
-0.9125272
-2.694084
-0.6628052
-0.42128628
0.9366725
1.3252726
-1.1024863
2.2881892
0.13427171
2.2068405
2.093695
0.60876465
-2.612314
2.3402858
-1.5139109
2.1472418
-1.6256056
-2.4826605
-1.1545511
-0.00786259
-2.116619
-0.6874898
2.6075788
-1.8254155
-3.511046
-0.14876643
0.37326467
2.0296915
2.291863
-1.4584966
-0.09224466
0.18889719
-1.1470593
0.6935811
0.18280481
1.1666092
-1.2764903
-1.9969578
-1.8626089
0.8742073
-2.314252
-2.9020507
0.8043679
-2.520782
-0.2665993
-1.54264
0.32578993
2.5894308
1.2182039
1.1469309
0.25050214
-2.480868
0.9230438
1.6989374
0.6965834
1.4879054
1.4170599
-4.052531
0.16708171
1.2237403
0.1620122
4.6805506
1.2118008
-0.73253953
-4.3578258
-1.3326842
3.4482834
-3.5159814
-1.117694
-0.20791976
-1.5353543
0.4553277
-0.43977827
1.3356519
3.2842047
-1.1717036
0.079375364
0.9391558
-0.075832255
0.44577506
-2.497579
1.5361937
-2.6350505
0.5758024
0.35380137
-1.4332367
0.18884753
-0.0517501
0.22383568
-2.3611758
-1.8053231
-2.172907
-1.1423991
0.67036635
-0.42336437
-0.9260873
-0.26679283
2.4031637
-0.20951915
-0.25055864
0.73194265
-3.1878493
1.8095938
1.3947366
-0.38972056
-1.763496
-2.0732775
0.645052
-0.007788904
0.9026952
-1.6080889
2.8937042
4.0355573
0.9887458
1.152283
1.5437273
2.320409
3.7592995
-1.3457197
1.9179184
-1.0246444
-2.972087
-4.5455165
1.3958946
-0.42476192
-2.0117192
3.942037
-2.6037624
0.7297536
3.106195
-0.8824355
-0.13490951
-2.9264145
1.0265485
2.2892146
0.49857372
-0.69732785
-1.5451226
1.1663766
-0.6507334
0.6393932
2.9475124
2.920958
-0.27261198
-4.778723
-3.1595416
0.45057067
-0.8920129
-1.2282345
0.06618887
-0.9137712
3.1805353
0.5960226
2.8609495
-3.271277
0.6629849
-1.1220218
-2.6840022
1.0041229
0.68514013
0.39615878
1.6032395
-0.7964578
0.9802473
-2.3027084
1.0960921
1.2245557
-0.80464435
-0.6243717
-3.1007826
0.8937646
-0.0114784725
-0.5851738
0.140634
-0.17331707
2.1655633
-0.5674719
-1.1718627
4.285425
-3.9527273
-3.1316853
-2.6665335
0.37846172
-0.9505012
-0.218808
1.7471853
2.228263
-1.2320831
-1.0786512
-1.4364216
0.011913031
2.2561967
-0.3572591
-0.5477145
1.6503063
1.3366833
1.3927082
0.4570254
0.6147555
-1.7803725
-0.5365843
-1.2797463
2.6545074
-0.9789616
1.8211519
0.17556766
0.8853113
2.2138224
-2.3616967
0.085713916
-0.4493453
-2.0026112
-0.45051354
-0.1366784
-1.5329558
-2.1735048
0.49819103
1.5298295
3.1861618
0.27175045
-2.965313
0.8719497
0.61016864
-0.231395
-1.0327859
1.0623277
0.06094087
-3.5402687
2.7306695
1.3881813
-1.7206885
-0.24340504
1.8743548
-1.4815171
-1.9665993
-1.7123735
2.3967505
-0.38869974
1.478803
-2.2191286
-2.7081294
-1.6552577
-0.13559362
0.42009652
1.8894275
2.0602334
-0.5681794
-1.1520619
2.239307
0.21590829
-3.6477282
-1.4780326
2.166649
1.2424544
-1.0977081
-0.35477534
2.8463888
0.020420916
0.43432567
-2.0194526
2.42271
2.9058056
-0.74665505
-1.0365043
-0.13336277
-0.76509976
3.6200993
-0.8227372
2.292159
-3.5213716
-2.0563831
-1.203484
1.1327294
-1.9909825
0.010022372
-0.7296292
-1.7537004
0.13909784
-0.72177196
-2.2673693
0.58157885
-1.9966606
0.07583258
2.4192274
2.5323455
2.5022109
-0.047041237
-2.0982506
-1.135965
-0.8067055
-0.24509962
0.61939955
-0.29812273
-1.2568406
0.44812462
-0.33192992
0.5023071
1.4861172
1.8375233
2.7494106
0.032898203
0.1873931
-1.7209198
0.005433254
-1.9202036
-0.2801785
2.148656
2.9520595
-0.4265694
1.2622161
-0.5759523
-2.5548248
0.47478727
-2.2129269
3.2382846
0.38078523
-0.64487916
2.5175478
1.6499711
0.54632896
1.3775504
-0.93631166
-1.0368288
-1.3960952
1.739933
3.3084023
-0.06176534
2.1243546
-3.3239064
0.8344551
1.5865389
-1.5001429
4.4920163
1.9255646
-2.995782
-0.4637355
0.4664073
2.1167252
3.348311
1.7033389
-0.98952985
2.2940006
-1.3317955
-1.4715984
0.53423476
1.772642
0.5327103
-3.359403
0.6070676
-0.6932485
-1.8683034
1.1971927
-0.59967494
1.6107891
-0.4056467
-4.394107
-1.6873945
0.2540885
1.801584
2.5652442
2.0390983
0.7963717
1.7813189
-0.32474962
0.67543006
-1.8311176
4.0578876
0.8965511
0.5678059
-0.072081
-2.3284945
1.7838899
-0.56918365
-2.0708535
-1.6776078
-3.4255393
1.8491514
3.2372694
-0.90655756
1.3759204
2.8223624
-2.2369087
4.128267
-2.8186133
-0.830058
-2.1519475
-0.2942535
-0.66331846
1.2053428
3.4908276
-0.70450234
4.367809
0.4138324
2.0495954
-0.97130305
-1.6347108
-0.3162169
-1.1258632
0.86078733
1.6092556
1.7574637
-3.2052941
1.5727016
2.4128265
-0.092806496
-2.7828898
0.46266174
-0.89551264
1.4217027
-1.2721014
-3.1239843
0.45962298
0.19657084
-1.2490606
0.04218313
0.6216073
2.1569133
-0.07738921
1.8159653
0.6632816
0.45139512
0.30726066
-1.811051
2.140963
0.44198695
1.9370844
-2.2567713
-0.49623594
2.999185