Neomar
1
-0.9364352
-3.4703329
-0.56489444
-2.7041144
-1.8770372
-2.0214736
1.6866422
3.5889742
1.1577634
-0.19788522
-0.64238113
-0.24808559
0.0052106157
-0.5918006
0.17236736
2.3728032
0.52758944
1.7549733
-1.0955666
-2.5949383
1.1025779
0.84054947
-0.81457156
0.80919105
1.5343196
1.4798918
-1.761318
0.56019753
0.44006932
0.33194834
0.3367269
-0.981943
1.4792211
0.15972483
3.031678
-0.085737325
2.477806
-0.9470943
-0.6766598
-1.5088158
-2.7160916
-1.000875
0.62365466
2.064046
-3.0184479
-0.42876405
0.76770437
1.2906297
2.2266672
1.0322486
1.9310132
-1.5852478
-2.472594
1.5786273
0.5224967
-0.16366833
1.3792015
-0.10497939
-0.3748791
-1.3367484
2.5240586
-2.4591482
1.3169701
-0.89604217
-1.7153254
2.9224908
-3.6386313
1.8760698
-2.7284548
-2.4742825
0.52215815
0.29454705
-0.9630905
0.5522001
-3.5688796
0.8798943
2.4859085
1.4719943
-0.12564531
4.087789
-2.245542
-3.505917
2.1240363
1.6062745
-1.8348929
0.96670187
1.5505843
-2.9752524
1.7572118
-1.6872243
-0.8395389
0.026627354
-0.6163677
0.27078432
-1.264784
-2.4994895
-5.74167
2.069064
-2.6864753
-0.31488627
0.72215503
0.5464744
-2.0398874
-0.18506175
-2.8578305
0.56029296
-1.3966087
2.1280105
1.7163767
3.1797168
2.1568108
-0.6270152
-0.36998993
-0.91816616
-4.714047
-0.8544445
-0.53059214
2.8445928
2.3853793
2.3310225
1.2132628
-0.68149745
1.2657475
0.32634288
0.014244497
-1.1628742
0.7596478
4.5330696
-0.06601044
0.61412436
0.11183232
1.2501752
0.847783
-0.2598431
2.9711747
-0.21017353
-1.9727448
0.7648685
0.27972063
-1.7113
1.5291458
2.1112008
-0.44501948
0.7234695
1.0043964
-0.31092706
-0.5509314
1.1840252
-3.883345
-3.3966086
-5.0545025
-0.33372015
-0.72476786
0.30443645
-1.7641257
0.5341189
-0.59873766
1.2276838
5.078521
-0.7777817
-0.123616494
-2.0190399
-2.5958579
0.3728803
-2.1022227
2.6521902
-1.130451
0.21185985
-1.5741509
-0.576593
-2.859704
3.5116158
-1.4713914
-4.2163053
1.6755836
-2.0683508
1.7021008
0.9660538
-1.0547498
0.24491033
1.1095133
1.4938252
1.3003922
-0.89019287
0.61442393
0.75900954
1.1337491
-5.7523303
1.2173804
-0.588449
-2.501575
-1.7377323
-0.19615877
4.6576023
-1.2724259
-0.74714404
-0.38056678
-0.61732394
-1.1061862
-0.5716477
-0.63354194
-0.022505406
4.5954733
-1.1888064
0.7261575
1.6657574
-3.4100459
-0.9829372
-1.8206836
2.1402524
-2.7202497
-2.3853872
-1.0702003
0.24353388
-2.3418615
0.94848156
-1.3033906
-1.4063945
-1.4255536
0.039613254
-3.1864154
-2.2170095
-0.6459159
1.8751161
3.6609027
-1.5778179
2.1508875
-0.8504054
1.2166221
-3.3725262
-1.2783105
2.9564693
1.747238
-2.2461941
2.145688
1.9634118
1.4847494
0.17815408
0.4872656
-1.011747
-0.96096927
1.162164
-3.8123384
-0.8044212
-3.11149
5.196275
3.285725
1.6787156
2.1776156
1.7363025
0.7321794
0.93394405
-0.8704697
-0.6160975
2.455145
-0.27986196
-1.7953154
2.5043354
-0.43512598
-3.7509248
-1.9061539
1.1543072
1.9488189
1.0284436
2.5438995
-1.7871224
-1.5959961
-1.3110199
-0.16697355
2.3385973
-0.3304977
-0.16453469
4.1857266
1.7153305
1.4867926
4.832361
-0.101586305
-0.09236265
-0.4587391
2.551979
-6.2203712
-2.9141495
-1.1726478
2.6925015
-2.4898365
-1.1802716
-0.030550256
-0.2586635
0.9875351
1.0647986
-0.23636162
-0.91105205
1.1279669
0.08842326
1.429431
0.97339636
-1.3542243
3.325851
2.9611719
2.054327
1.2459387
3.5579107
-0.024806142
2.7609036
-0.52601665
1.8831096
0.70986456
-1.2640585
-2.7500267
0.29153973
0.93936366
-0.9756511
2.2866504
2.4136958
4.0429068
-1.7098831
1.3710307
-0.44746298
1.8841243
3.5777504
0.60854673
-0.593513
-0.13981742
0.53645086
2.4554396
-1.433399
2.9707913
1.9485649
-0.9899255
-0.57692385
0.37426668
0.7357606
0.54323095
-0.6413001
0.7028478
0.10232194
0.9777647
-0.14898986
-1.1535419
-0.8534671
3.9395683
2.4018583
-0.17201102
-0.54881567
-4.6695967
1.5690365
0.99779093
3.70577
0.88015175
1.6521505
-2.983557
-1.250714
-1.3961209
-1.1874546
0.37182432
2.2230027
-2.634338
0.8458329
-0.7664282
-1.4475521
-1.8359133
2.170194
-0.16510561
1.8731408
1.1026233
-1.3529261
1.9464415
-2.0211444
1.1927325
1.6971298
2.4200788
0.5348026
2.1292741
1.2427973
2.658261
-1.091011
1.0583463
0.71186787
-1.8228983
2.8064895
-0.67999023
0.123317815
2.1436205
1.5103697
0.8947341
2.4882994
-0.91894746
0.2281507
1.6285456
1.124922
0.7230828
-0.38916868
0.75234574
-0.524903
0.59048176
1.8041997
-1.6512091
2.148801
-0.5847787
-2.6420193
-0.7318892
1.6447297
-2.6486983
-0.277889
-0.015800677
-0.16795632
2.074388
2.31659
0.68989265
-1.2182359
1.4250567
-0.8939869
1.8629931
3.0865772
0.33051723
0.8610434
0.6072542
4.123184
3.9377227
-2.0400221
0.1217588
-1.9394007
-1.0523669
2.3072295
3.0981605
4.9305754
0.6385921
-0.43818447
3.98393
-0.7408713
-1.236453
-3.9921262
0.33323258
0.4313277
-1.6190463
2.9621677
0.5800056
3.1067972
-0.15430796
-1.878042
-1.3688216
-1.329708
-1.4037596
-0.73102444
-0.31992894
2.328867
3.896721
-1.9938705
-1.9565746
0.23763779
1.5005555
0.4693
1.3825786
-1.4626412
1.7141001
0.05985845
-1.6873873
1.9685075
-4.011
-0.6184343
0.3731587
-1.0252937
0.6760045
-0.13190204
-1.5019578
1.3768017
0.81402487
-1.2314426
1.0652883
0.48649916
2.1974418
-3.8427193
1.126667
-2.2452931
-0.48570955
0.818189
-2.7352514
0.26354894
-1.184029
2.5096614
-1.517886
0.11368391
5.6798697
-1.3150345
1.0399033
0.99389297
0.5383193
-1.1426252
1.3459754
0.21959025
0.4902846
4.8313894
1.3042219
0.41166794
0.22335616
2.4707694
-0.2791398
1.8998482
-1.7121325
-3.6321821
0.10690812
1.9235183
-0.7529002
0.48684165
0.0071005
1.9248952
-0.35726216
-0.5502774
2.1614196
-1.7785949
0.9610206
1.0384828
0.085852206
-2.547381
-2.5537176
-0.40811273
-2.0011587
0.97340536
-0.51563233
0.22461656
-1.7524915
3.6393363
-1.805944
-2.3051727
-0.58554065
3.2105577
1.2563642
0.6975002
1.3996115
-0.52821577
-1.7924061
0.4264615
-0.9498579
-1.7371385
2.0925941
-0.7993029
0.032897763
1.1824951
-1.2459824
-0.41037682
-2.0645416
-3.3743565
0.0011193752
0.43514514
3.1910784
-0.77231914
2.2048512
-0.20790173
-0.18749553
2.0093105
-1.6501406
-1.588196
2.3019702
-2.6384132
1.5461454
-0.28302705
-1.0581908
-0.4955788
0.9428008
-1.6535438
-1.7087322
-2.2485678
0.59811157
1.5029033
-1.7787858
1.9774016
-2.0534565
1.5848718
-1.3143384
-0.6970409
-3.0308003
-0.6847505
0.23485059
3.3959274
3.9719913
1.4958199
-0.36483353
-2.133795
1.1247605
1.117352
-2.3621528
3.2055893
-1.9164166
0.46779406
-0.3317568
0.11489688
-0.8924843
0.123670444
-0.022114225
4.5643306
-1.91725
1.5556759
0.87626755
-2.989828
-0.97924125
-0.507218
1.4613278
2.5694797
-1.8209841
2.1687028
-1.2155899
0.89610934
-2.6695478
1.6329976
0.26000938
1.9588553
2.57337
4.0734777
-1.8305315
1.4811498
-1.8603535
2.5326953
-0.7508606
-0.25795972
0.08978822
1.1901587
1.8600049
-3.7254736
1.6508402
0.012299597
-2.6081164
-1.3492913
3.274672
0.7951289
1.5114124
0.4603775
1.9530694
1.2570275
-0.15630087
0.11158719
1.8759985
3.4023652
1.1793087
0.32458243
2.1696594
2.0248735
1.2788941
-2.142784
-1.1118029
0.9598708
-0.4326645
2.3555624
0.48071685
-1.6717201
1.9822128
0.12070498
1.7587798
0.19582787
2.0802777
3.4602888
1.9361436
1.0423207
-1.6375196
2.4279072
-2.8255086
2.4676418
2.0449362
-1.3312931
-0.09187747
-0.6789456
-0.7274249
0.43640244
1.2570807
-5.3126774
-2.0263019
2.0054672
-0.653539
1.3515548
-2.3314579
1.5537001
-1.8801063
1.4297613
2.5988653
-0.16511875
0.954091
0.7592213
0.09668042
-2.0054386
0.6038621
-0.63190717
4.6120768
-0.29876846
4.5398507
-0.6751215
1.4630126
0.9781718
-1.3042412
4.8912373
1.9798257
-1.2982422
1.6235831
-1.1841387
0.7118014
3.933114
0.5140446
-3.8220868
-1.6135169
-2.2316601
-0.68127227
-0.27289036
0.10689225
1.590781
0.007900059
-1.8112345
-3.6852496
3.531114
-0.7814989
3.5152636
-1.0900776
-1.4506123
3.0324101
-0.43307745
-1.2789937
2.4044604
0.019120388
2.0179095
-0.8856027
1.1859553
0.13193329
-2.3455532
0.36300352
0.59791493
0.14817181
1.8485099
1.0918753
-1.2429569
-1.4226036
-1.4111167
-1.321529
-0.028631747
-0.59136045
0.30322638
-1.6547853
-2.7504556
3.2327917
1.2913325
-2.9859962
-2.9556115
-0.4606025
-2.0991817
-1.2700164
0.16619518
1.6906105
0.3312067
-0.7112343
1.0342339
2.8838797
3.670073
0.86462224
-2.3568852
2.7789965
1.9895815
2.207636
-2.5160773
0.27461186
1.6276056
0.7493096
1.1024749
0.8862249
1.0095013
-1.7723371
-0.32353726
3.273242
0.9314914
-5.8475657
3.3860095
2.5340521
0.9131287
0.26736903
-0.5145117
-1.722394
-1.9811275
-2.0030966
-5.0962234
-0.17537788
1.2208463
0.031246517
-1.3866673
2.9937325
1.7118541
-0.06543365
-0.42566
-1.1188499
-2.3872943
-2.5665808
3.5383065
-1.3346045
2.380485
0.7734654
-0.3159129
-0.49585634
-1.219656
0.06845203
0.655408
2.4554336
1.1689454
-0.5138685
0.17957467
1.2350662
-2.4584358
-1.5282186
-1.337293
1.7192737
-1.4153543
-2.7227747
2.7775812
0.78692186
-0.06171553
0.48576024
-1.3387637
-1.6864697
0.5025625
-1.9401877
-1.3429288
-2.3852134
-0.8694495
3.063588
-0.5393891
-2.584785
-2.6447544
-0.2563171
1.602829
-0.7598782
1.5847353
0.20561162
-2.3057308
1.6474409
-1.2275172
-0.21076892
-2.0826578
2.6102142
0.2743715
0.9385152
0.24977441
0.49632284
-2.0236483
-0.72433025
1.4346086
1.0612892
-3.4267764
0.38435116
-2.6398752
-1.0391238
-2.6297963
-0.7731002
0.14340581
-2.0630646
1.9706596
-0.05550436
-0.7058696
-0.8169856
3.6288471
-3.406556
-0.15217501
0.75301164
0.9380343
0.13889067
-1.1580926
0.36006364
2.3941803
-2.9180148
-1.6353723
2.2300987
-1.1489917
-1.7781285
-1.6230588
-0.5587119
3.6698074
1.813287
0.90330356
-1.6080481
1.2624809
2.7493277
0.029472448
-1.2160338
2.4162664
-2.2757242
2.8958516
0.8433299
-2.3463385
0.4443591
2.6119008
1.3241313
1.7532227
-2.3303018
1.4078872
1.0343031
-0.6431368
-1.2479916
-0.0016663
-0.2322805
2.3424432
-2.7845433
0.23511645
2.0443437
3.3881986
1.0620201
-2.8320866
0.18306798
2.997503
1.9346963
-0.0072391555
-2.842369
-3.4462013
-1.6587179
0.48739034
-1.4268748
1.7173196
-1.1913894
2.1164627
2.5098705
0.2655
1.2034175
0.7545746
-2.8898115
-0.20184821
-1.7969795
-0.7745824
1.4933479
1.8640332
0.6337383
-3.2931607
-2.1841357
-0.9813219
1.3682683
2.6721535
-3.5147088
-0.9601316
0.28427488
-2.8254218
0.846117
1.8489263
0.52686214
0.21211721
2.3998415
0.5799415
-1.2307711
2.3451757
-0.1650674
1.3785968
-3.3429997
-0.33919334
3.2308438
-1.147065
0.26864836
3.6457462
3.8680646
1.5768017
0.9441236
2.9106555
-1.9379474
0.33823133
-0.5286137
-0.5273789
-2.28197
-2.2990584
0.58637106
3.261392
-0.05904529
-0.3480574
0.3614321
0.9638843
-0.40849644
-1.4421024
-1.4045695
-0.47788814
-0.9363285
-1.8415849
2.5649054
0.2628044
0.36877072
1.5221663
0.5174079
6.465862
-0.7407204
-0.30312747
1.1525695
-1.5361035
0.9664567
-2.9989028
0.050291263
1.4714521
0.35476196
0.03408993
2.030411
-1.9835702
-2.4169598
-0.6087687
1.3952798
1.4555941
0.16237591
2.9477165
-1.1341891
-0.7543594
-0.5257832
2.7649984
-0.48481834
-0.48518217
1.2748424
-1.7206254
0.059224732
-1.7105922
0.51548034
0.93064815
0.25838736
3.582019
-2.4061866
0.96211046
1.5841663
-2.4032218
1.0079986
0.5496611
-2.4488447
2.0368383
-3.198168
-0.48046437
-1.0177438
2.0749307
-0.9130866
-2.414668
1.051801
0.21658885
-3.329582
0.35576478
-1.9199361
-0.48616606
2.328998
0.64204824
-0.5497178
-1.1414707
-0.6685214
1.7264774
-1.4955806
-1.4182088
1.5602196
-2.3445826
-0.522845
-0.5997779
-0.9087004
-2.137958
-3.2739525
1.3759482
-0.64512104
-0.37330753
-1.4491833
0.111499645
1.1852558
1.9463712
-1.9237223
1.5133833
0.6263882
0.40716034
-2.032459
-2.9049697
-4.2993937
2.4547398
-0.9287585
-0.4964195
1.3226105
0.40975422
0.45224714
-2.4658904
2.0939138
-0.608763
-0.63789564
4.392807
-3.186032
-0.70227236
-0.31728357
-1.2952523
3.809793
0.29943943
-0.8250066
-2.2177815
0.7755173
-1.6523683
2.0437982
2.6946054
-0.7773727
0.97548187
-0.31440935
-0.7012699
-0.5599699
1.1806455
-1.0786291
-4.506129
-1.7886003
-0.94865584
-0.20982252
1.5436989
0.94979393
1.0160909
-1.5211874
0.862428
-1.7445607
-0.10446225
0.82084537
-0.9204946
-0.16475739
-1.110714
-3.4901884
-2.8336358
-0.6650142
1.7132266
-0.26227832
-1.2619418
-1.0702342
-3.147854
-0.43320763
-5.1708446
-0.5065235
0.6317252
-2.1324177
-0.9021197
0.24615872
-2.2366261
-3.8253572
0.20992799
3.1204746
-4.137192
0.71748066
1.1617852
-2.617917
3.1669354
2.9414275
-3.108318
2.374608
1.1566218
-1.0039591
3.5094585
1.7175078
-1.5109588
2.1634858
1.7435433
-0.7163151
1.2783189
2.3998334
0.43746972
-1.8613455
3.2977345
1.0561937
2.4231699
1.5216941
-0.09719521
0.8140338
-0.49287853
0.39519966
0.58979636
-1.853684
0.18104237
-0.60235566
2.61919
0.7231238
1.1005657
-2.963054
1.2878865
-0.47722882
0.7569091
2.5639293
1.68385
-1.1898583
-1.7453111
-3.2050612
-0.8826095
0.4253185
0.26223242
-1.8516471
-0.37361488
-1.768531
-0.37263164
-0.23676738
-0.15114754
-0.0044401623
-2.140557
-1.999977
5.4287558
-2.4066339
0.011921696
2.7085192
3.068052
-1.3722687
0.76606387
0.42544547
0.8203301
0.5567126
1.0329806
-0.6918778
0.6582777
-2.7159882
-0.3957777
1.715078
-2.4748688
-1.7004259
-1.9863083
-0.6684494
-2.5704176
0.27760035
-2.0156207
-0.32994026
1.3944153
2.830571
1.3709259
1.7748669
1.77616
1.7568381
-0.099838935
1.0208606
2.7483473
0.13046768
-2.5109787
1.398222
0.5302432
0.534165
1.3543551
0.8619801
-1.4667025
0.76931816
-0.46782628
-1.1565323
0.75044405
1.0718721
-0.89815474
0.8141747
-2.3319538
2.1995194
-2.6751738
1.7438512
1.2913098
-0.035988472
0.49778554
3.1444054
0.48439217
0.40790272
-1.828523
0.23378968
-1.665603
-0.6202287
1.8525494
2.13591
1.4644866
-0.63168806
0.725213
-2.8915675
1.3371084
-2.7549458
-4.4104223
-0.13413364
0.6680134
-3.804682
1.2768577
-1.1803912
3.1903415
0.6838684
0.16162185
-3.459432
-0.8985627
-0.21160379
-0.7167126
-0.01923592
-1.2864685
-0.0031109378
1.8661746
1.7298268
-0.4796411
-0.5651251
-0.48466417
-2.4613402
1.7404838
0.49793476
-1.3684846
1.213829
0.20955332
-5.8183246
3.511415
1.3629152
-2.8514428
2.5423973
-2.2104483
-3.156286
1.7096902
-2.1872127
0.8991322
-0.054268718
-0.19034964
-2.4780495
-0.8662546
1.8727251
-0.20100099
2.4880419
-0.12360799
-2.6882024
-2.8145337
-0.8158043
1.4043949
0.807198
-0.5211519
1.2412918
-0.6571398
-2.860777
-0.33877057
-1.1092093
1.3170358
2.5899723
-1.2241642
1.5988216
0.12004524
-0.9503689
2.845328
2.3098977
-0.7164349
1.2549868
-5.21586
-1.5551603
-0.2282517
-1.975437
-3.292155
-0.5334365
0.20770237
0.17122088
0.42473844
2.6825516
-0.66196483
-1.2957745
-1.0019696
-3.1280377
0.5496273
-0.73412246
2.0173244
-1.3980681
-2.727661
0.5509556
-1.7974321
-2.2688804
1.9215939
3.4599648
-0.391353
-3.4425159
-1.0069778
0.15966892
0.72493684
-2.1154563
-0.45424712
4.4266872
4.4407644
1.0254331
0.28367573
-1.9037554
4.025235
2.02784
-0.8727767
-2.4486353
1.9096252
-3.421475
-0.16954517
-1.4728853
-0.48903215
1.107727
-0.09653754
-1.3098218
1.2123444
-0.7387883
-0.12733085
-2.7943926
-0.19343747
3.0817926
-0.43648624
-0.740936
0.19882105
-1.5624814
1.5878102
0.49053818
-1.8914816
3.326887
-1.1114901
2.928977
-1.8583157
0.10642989
1.840494
1.0826877
-0.95324814
-1.6235306
-1.7774396
-1.4602891
3.6965044
-0.788045
-0.2671098
-0.2293723
0.3468772
-0.13367122
0.49475023
-2.8602176
-3.6810231
-2.4175322
1.3228611
-0.44716647
1.3215662
0.46276248
-0.46229038
0.2730326
-0.66149265
-0.92391145
1.73637
-0.6214138
-0.8385506
-0.7912893
1.7383326
-1.7132025
3.003628
1.3159033
-1.5726682
1.8044204
-2.8761327
-1.5418642
0.5211455
-1.6416538
-0.3788092
-1.4361016
1.8159968
-0.043817222
-4.271087
-3.208143
1.4039117
1.1190013
1.2179545
1.4022193
1.2944674
1.3707933
-3.6863017
-0.5931995
3.3571417
-0.77854323
-0.48728284
3.0477123
-0.45322454
-0.187359
-3.5540314
-0.567868
-0.5225311
0.83135074
-0.28656223
-2.521296
-1.3365867
4.191227
-0.26262668
0.72032475
-0.81887376
-2.237392
0.6069176
-0.21631011
-0.804767
-0.9667927
-1.8304926
-1.2949061
0.91564953
-3.6068635
-1.8608156
0.37926108
1.3576578
2.7815456
-0.15861925
2.0348783
-1.4068956
0.95815194
-0.15538968
-3.338057
0.22920534
2.3908136
1.192129
-0.90420395
0.36797342
0.80782616
1.0291945
0.9414182
-1.0941173
1.0616044
-0.5941431
-1.7250196
-0.28856227
-0.4810142
1.0455152
0.1669144
-0.7669733
2.7244983
1.4452829
-4.318461
-2.2521236
-2.3833942
0.5435624
2.0514019
0.59688276
-2.9550402
-2.4508326
1.2512947
0.2237952
-0.98267084
2.5852532
2.3952608
1.8550953
1.5475619
-2.5628624
5.623217
-1.5294424
-1.3359865
4.1985517
-0.83265066
3.6668162
-1.0512666
-1.5523132
1.0163817
3.0205176
0.9346462
1.5207441
1.5122554
-0.70158386
2.6158192
-1.7337044
-1.6642833
3.2119772
-0.11780714
-4.1827903
-1.4728019
1.1580758
-0.15586135
1.032158
2.5318325
-0.42858514
-0.2576267
1.1553667
-0.20585793
2.3453262
2.3879197
-2.9118474
1.4398476
-0.026025623
2.210983
2.0241907
-1.6019846
0.30768633
-1.0842004
-2.3949027
-2.7052782
-2.0285625
-2.802797
1.0064023
1.1403209
-0.85732716
-0.22424558
2.216533
0.29908442
-0.86593413
-1.4221246
0.28860006
-2.2896016
1.5831519
1.4902107
-1.4581012
-1.2267642
2.6521285
1.2723278
-0.12726402
0.026760153
-0.025782913
3.6743536
-2.2279394
2.1692708
2.843495
2.4053416
-2.410674
-2.6081054
2.1025789
0.1384882
3.017968
-1.6622365
0.2679631
-0.15421006
2.0138335
-0.23349181
-0.5851323
-0.42297164
1.0349872
0.6110529
-1.0993868
2.7276287
-0.4339416
1.9566133
0.3862567
-0.90680265
1.2552519
-0.39768007
1.1581149
-3.7818887
0.7391083
-0.5189859
-0.4937338
1.8528848
1.0629963
-0.2524245
3.624117
1.9935572
1.1885353
1.6619705
-0.5090334
2.5547366
-0.9044112
1.490481
1.7299945
-1.7118132
1.4174893
-4.830667
0.30010673
1.7364049
-0.6516017
2.1115007
-0.88753957
0.43611717
4.1305723
1.751142
0.11768254
-0.23424758
-0.036443166
-1.1439893
1.1584119
-2.832144
0.37484056
0.6971736
2.673019
-1.0615933
-5.11233
0.16632324
2.8040924
-0.50602126
-0.8863258
0.14291912
0.23709753
4.6083508
0.41233218
2.593961
0.9204699
-2.648394
0.24027431
1.3650316
0.48461193
2.4053237
-2.4123492
3.713395
1.1300831
0.815943
-0.7701771
1.864935
-0.9176614
-4.03427
-2.1308277
-0.72645223
-0.4936902
-1.2762246
0.0016471595
0.85035515
-0.3450305
-0.372284
1.3508624
-0.5128089
0.35756168
-3.5149925
-0.8119055
4.507078
1.7885512
0.92149746
-0.54410684
-1.6238075
0.66308624
0.20933658
2.5694873
-1.4553899
2.86671
1.5162245
-2.5297136
0.6430025
1.852208
-0.08217251
0.03313468
1.0191929
1.0844128
-2.192857
2.52275
2.4602206
0.9543064
0.8577657
2.0095348
2.2766998
-3.9262822
2.7566981
0.7864314
0.19644898
2.7168005
1.7051533
1.4237258
1.08885
-0.70837945
-1.0714226
-1.3155407
1.487195
-0.17061594
0.6331589
1.1577735
-2.3197227
-1.545899
1.5262467
-0.37848175
2.4424057
-0.4078957
-0.50937116
1.7045779
-3.0900383
-1.162682
-0.710345
2.0344524
0.21306968
-3.280202
0.89783573
-1.5881121
-0.51801825
-4.019512
1.4693122
-0.53009266
-0.39361855
-1.607221
2.6735654
-0.93380463
3.6132305
-0.5045112
4.0232196
-1.1079131
-1.4165367
1.1540583
0.013360895
0.14338861
1.2623416
-3.412565
-1.001595
0.95427555
-0.6164048
-0.21623763
0.33933803
-2.3118892
1.8283945
1.190616
-3.1667707
-0.22807202
1.0686786
-1.0222288
-1.4536407
3.8213766
1.5545107
4.44168
3.2629154
0.44472733
0.21736565
-1.696598
-2.2691076
1.3873627
-0.5292373
3.0666854
-0.07462622
-3.0227485
0.5558607
-1.8249179
-1.6593934
2.1178029
-1.1693355
2.7082064
0.95474094
-1.1979504
-2.617343
-0.074092895
-1.1690155
1.7434965
-0.82805854
-2.4317214
-0.29682544
2.3683705
-4.4067574
0.044774987
-0.3426149
-0.8158577
1.4675349
1.6712545
0.22965199
2.1159785
0.16525197
1.4829046
1.2210051
1.9776869
1.7266219
-0.18994576
-4.212411
-0.17531797
-1.6360588
-1.0525014
-0.2005587
2.9413228
2.398876
1.2174051
0.57109135
-0.16716392
0.64314294
2.2977142
2.6948664
-1.2445574
-0.17449978
-2.62847
-0.2940044
-0.12295122
2.543684
1.3438902
-5.652952
2.102012
0.6606131
-2.5715442
2.1409538
-1.5236686
2.329514
0.19483018
0.31897014
-0.29239675
0.26998007
1.2704625
1.8770113
0.21929361
3.071744
-0.26289544
1.0294142
-2.1932013
-0.22172645
-1.5622644
-1.0610598
-1.4032754
-2.9678996
0.63932496
-1.8682842
4.748904
-0.9004977
-2.3416882
1.0506568
-2.7112777
0.5737138
-0.24647489
0.090913564
-1.4097674
3.139518
-0.9454823
-0.8834469
-1.6624354
-2.0889413
2.644053
-0.8411027
-2.3309734
-1.0324748
-0.5726318
1.6254816
-1.4920286
-0.52725565
0.15393867
0.742115
-0.8838707
2.8346283
-4.562226
0.6789327
-0.64543515
0.4663179
-1.0089873
-1.2692076
-3.2916908
0.08171576
3.3137622
-0.45693833
-2.2083428
1.6025817
-2.020034
3.3037944
-0.44484878
1.6002598
0.7971413
0.11059701
0.2374281
0.2516226
3.3242733
-0.1850102
1.4271902
-2.4982743
-1.0039968
-2.7564487
0.4044968
0.04106912
1.005998
-0.09689646
0.51380754
0.99642605
1.6898966
0.38067874
-1.143632
-1.3010483
-0.047376283
-2.3550496
1.4071015
-0.37752253
1.0301512
1.811424
0.50732785
-1.0487814
0.60764635
0.27850494
1.6040236
2.0083394
1.2182244
-1.6364301
2.7824593
-3.2901995
-0.93176776
-0.97312206
-0.5435926
2.054882
-0.7164896
1.4637862
-1.0893863
3.219011
4.795269
2.3586998
-0.37190232
0.81091094
1.3186553
-0.5121696
2.5927541
-0.65384555
-0.17574489
1.5802001
-1.9770123
0.28100976
0.66563886
-0.92147094
-1.0028604
-0.5545744
2.8184142
2.16054
-0.46033463
-0.93620294
3.300597
-3.5004723
-0.65449834
0.8171944
1.727432
2.0567696
2.4335473
0.9675049
0.9016086
0.4940874
-0.14284667
1.5233324
-0.13561958
0.6605683
2.528672
3.5781
-0.8939047
0.15124623
-0.6235846
0.47653505
-2.8766093
-1.6210252
-1.0105509
-0.37275505
1.0646831
-0.71878844
-1.3219898
1.1911076
-2.1630976
-1.2077155
1.0120275
2.3247077
3.9067283
-3.5720913
-1.1516322
-3.0349214
1.4588269
3.499274
0.49558747
-1.0039109
0.29639652
-0.97042304
-0.90159196
-1.1160908
-1.2545714
-2.2539966
-0.45983905
-2.059093
-2.089936
1.1507391
2.9482
2.414859
-0.09750951
-0.07105618
-2.282564
1.7080128
4.0093236
0.23450515
1.0149716
-0.91693324
-3.4924495
-1.2498722
-2.468459
0.49962783
-1.6491879
0.101952925
-2.110332
-2.1223567
-3.0392323
1.05406
2.990234
-0.3685361
3.5595086
1.2435101
1.117715
-0.21665056
-1.0922416
4.9764633
-2.9022772
0.40631452
0.96057075
-0.7912366
-1.8641567
-0.613031
-3.410254
-1.764116
1.3184283
-0.21464601
-1.2759143
0.69407886
0.94803625
-1.8668445
-1.9001602
2.8487308
-0.13210382
0.4102299
-0.055633903
1.4763908
-0.7319345
-2.3199553
0.38248914
-2.9657962
0.23966548
-0.053515326
2.6102285
-2.0578854
0.6974088
-0.77536863
-0.6890689
3.441589
-2.6724133
-2.8207984
2.052067
-0.02920404
1.3537476
-1.1985132
0.00011442602
-0.1559574
-3.0480728
-1.1911541
-3.660711
0.5518977
0.4974448
-1.1160518
-2.170211
4.7707253
-0.3079978
0.5003768
0.24964479
1.3656324
-0.3181506
0.9669978
-1.3830037
-2.4074173
-0.94485575
-1.5273548
1.6037854
1.3923267
-1.4185895
-3.51556
0.7417895
1.297973
-1.1346393
0.15096587
1.5268307
1.2807226
0.5553738
0.31247246
-0.28641105
0.39380652
0.8559222
1.104095
0.058424085
1.4480184
-0.8727884
-1.8186562
2.3684285
3.5239544
1.0709465
-1.8617182
-0.6423478
1.7656361
2.2363033
0.5960857
0.6550263
-0.8001947
1.0645964
1.9775497
3.4006548
-2.0874414
1.3330811
-0.3449976
4.1689053
4.310964
0.793255
0.88095105
-2.0455577
2.3547573
0.13557962
-0.30186212
0.050278086
0.28648105
0.3819241
1.9264973
-2.5568178
1.6488225
-8.10315
-1.7416852
3.2778897
-0.43218267
-6.110012
-0.5587417
-1.446943
1.4842112
-0.47687453
-1.9909025
1.5867809
-3.3260396
1.333407
1.0024424
-4.481323
-4.8245764
-0.48709127
-0.0454133
0.9035864
-2.847949
0.18962783
-0.7491171
-0.18523374
1.7098424
3.1004648
-1.1792009
-2.0607615
0.20159924
-1.5752093
0.28114417
0.8367929
1.9010748
1.0129973
2.185926
-1.3803995
-0.32818452
-0.42849714
-0.03424069
3.0601583
-0.8941018
1.4432273
0.50269526
1.0410807
-0.68755656
2.7457426
-0.41460037
2.1388876
0.9418393
-5.358663
-2.0009441
1.6135875
0.76642585
0.16545458
-2.340707
1.2910006
-3.009875
2.1774757
0.18158588
1.4119254
1.5201175
1.0422986
-0.89605075
2.897317
-0.2588909
-0.24160841
-3.950063
-0.1387932
0.15493414
2.3471363
-0.5708258
-2.2492943
-0.68919617
0.15058243
-2.675009
-1.5882058
-1.969992
1.2059537
3.5000587
-0.71643627
-2.4005213
0.32229477
-0.6713835
-1.3062848
1.916935
2.0919542
1.8344873
0.40178502
-0.92329454
2.0940678
2.1625369
-1.6252105
1.7978185
1.7060513
1.8456475
2.6758368
2.528842
0.86173904
-0.8756448
-1.2345879
1.0635186
4.0882406
-1.5962378
3.5613976
-3.2067976
1.8376505
-0.45623285
1.6624489
-2.4640408
1.0128543
-0.26118538
-1.1106043
0.28562993
1.299832
-1.7944089
0.86778665
3.1177793
-1.2702702
1.5483919
-0.21582006
3.0387273
1.8742127
-1.2917974
-3.204109
2.2738311
0.930249
-0.59067154
0.53789043
1.0810113
-0.83355653
0.0800004
-2.5189934
-1.9199265
2.8590736
1.9522725
0.6432055
-1.1626928
-1.8914082
2.3377278
-1.3986211
-1.4255478
0.38507175
1.3801087
0.59228396
1.5100521
0.19073918
1.1043116
-2.971009
2.3128994
-2.80114
0.63805556
-0.60620147
0.6381302
0.67838675
-1.4359491
-0.30541706
-1.9071064
-3.633548
-0.8433407
1.1590403
-0.72318506
0.281568
-0.57016677
0.67209727
-1.1781936
0.23908591
-1.1031141
-3.0016499
0.24301562
-0.09904383
4.147067
1.3498671
3.1983936
-0.91312164
0.91996825
0.85968626
-0.20593226
-1.017094
-1.2635648
1.2775811
1.5113599
1.326202
-4.220426
-3.5542083
1.4283648
1.5999404
-2.0001526
1.6020616
1.224251
-0.94602597
-3.0426235
2.515806
-2.327505
-0.48730862
0.70029765
-0.35718155
-1.1588776
3.07784
1.1215672
0.12705085
-2.824136
-2.7210166
-3.1558118
5.168766
-3.1801605
-0.2656205
0.57007337
-1.48014
1.6283102
-1.9178369
1.501706
-1.5464957
0.8351006
3.663509
-2.6825185
4.4592023
1.0084739
0.3765651
-1.3191849
-1.2597504
1.5559763
2.3272233
1.0729897
-3.6907632
1.023914
-1.8623854
0.030128002
-1.5009333
0.37868494
1.145534
-2.5221727
-1.5814453
-1.2224017
0.4108936
4.1885514
-0.05387055
0.4364184
1.9412011
1.0458353
-6.500002
-2.9551477
2.1444495
-1.0060077
-1.1264057
0.59917563
3.5818892
2.9934833
-2.0984564
-1.8938683
-1.6164885
-1.1943998
-0.34683746
-0.66539544
2.477913
4.0006666
0.1647625
-2.1127608
-0.751169
-0.6288287
4.5266585
1.1001236
-1.7324144
-1.2421575
-1.3094524
-2.2482834
-0.09411461
1.0475658
0.030572668
3.1255503
-0.54506564
-0.41484034
-2.8673413
0.53500456
1.084761
1.804386
-1.3074694
4.635582
-0.9183753
-1.7889117
-0.5313129
-0.68804324
1.7770463
-0.69135135
-4.523718
-0.12976527
1.8725183
-3.2943532
-0.46858153
-0.37625068
-2.1991596
1.3279785
-2.156012
1.4865122
-0.90865004
-2.1683304
1.8677412
-1.827656
0.71539927
4.1106796
-0.1408099
0.9497528
-1.3125423
1.0736107
2.5052674
-3.8501246
0.28851426
0.2852474
2.452666
0.32034394
-1.3656715
0.25378022
1.3251138
-2.6202857
-0.8631407
-2.637112
-1.515727
-0.4856574
1.8355803
2.0454586
-3.8315237
0.20778432
-1.2327627
-0.0696921
0.034891352
-1.7677643
0.8040435
-0.74093276
-0.026807245
0.54228306
-0.9780198
-2.58684
-0.06450587
2.1037476
-0.6687734
4.00973
0.13927113
-3.5408607
-1.5803813
-0.5395664
1.3208063
-2.4790456
2.186744
-3.7836263
-3.3524601
-1.9372776
-1.868853
0.65231806
3.4036674
0.6466088
-1.6294495
-0.5659119
-3.3566914
0.8008643
0.84418964
-1.8470916
-1.5065953
0.07700956
1.6864771
-2.6739366
1.6668406
3.4599285
-4.6999445
-2.8134196
-0.055432104
1.968037
-1.447363
1.5473907
-0.42504638
-0.42618728
0.26633438
-1.9346521
-1.7775377
0.70465934
-1.0131568
-1.0324832
1.9477012
-2.090353
-1.2425916
0.61987114
1.9472673
0.3333161
-1.0757134
-1.9614017
-4.292143
-2.3374827
-1.0324442
-1.4455242
-0.031460047
-1.6013535
-2.8796005
3.1999726
1.3363557
0.434929
-3.4279456
1.3200413
-2.0803726
0.82031524
-0.65519625
-0.43624008
2.1254616
0.27433312
2.8975735
-2.726654
-2.5283365
0.41508946
3.9417071
-0.18331608
0.53786945
-1.329146
0.3377234
2.067033
-1.3326737
1.6136435
1.2443163
-0.9440114
-1.7344891
-2.0708258
2.1599855
3.6262276
2.2100108
1.4473124
1.0866127
2.2579093
1.1816971
0.5264369
0.7817106
-3.3958423
0.45791095
-0.8461391
1.8576889
8.040695
-0.13969335
0.6005862
0.72440183
-0.14504293
-3.8986547
-1.3832604
1.989825
1.9383017
0.47261304
-1.4856465
0.25836208
-1.9342844
-0.85884476
-4.0127134
2.2906835
-2.6148927
0.18519935
2.330221
0.7030891
0.15290774
3.7566886
2.4694376
2.459527
0.62547565
-0.32485658
-1.3133388
0.63564265
1.2615244
-3.4663773
1.5650433
-2.4410539
-1.7461917
2.157743
1.292323
3.8951592
-1.2903236
-0.462075
0.123177394
-0.29620236
0.7518245
-2.8069634
-0.545826
1.8189721
-0.90159833
2.0916502
2.2078946
2.875167
-0.15189627
-3.243952
3.4750721
2.499771
1.2568176
-0.027049236
-2.9750607
-1.1486633
0.24065337
1.0808221
1.5208603
0.2952384
-1.2248712
1.0353131
2.5465643
-0.6655362
-4.345052
0.4022537
-0.31640095
-0.42509234
1.3956847
1.0401287
2.4384975
1.7838616
0.70967084
-3.1790278
-0.288437
2.4182103
-2.5232446
0.66279596
0.93778145
0.6632001
-0.2704011
-2.2865882
2.17822
-1.6642089
2.4212978
1.3292977
3.2588623
-2.365372
1.0872257
1.4299045
-2.602463
-1.1775157
-0.35493425
-3.4448843
-2.4226506
0.6106162
-2.5060465
1.697104
-0.9352576
1.026526
0.69690555
-0.24043012
-1.4956361
-0.10828046
-0.1553486
0.5000962
0.23687348
-1.2731067
-2.7268147
-2.4097362
-3.3528447
0.62668127
-0.6538686
1.6237464
0.25926292
-0.36210898
0.3669655
-1.6199919
-0.6214463
-1.0957947
-1.7837195
-0.14798021
0.5325963
1.0944115
-0.201426
0.9733543
0.8193769
-0.5324221
0.019666053
0.62676144
0.38617405
1.1548511
1.0181892
1.2647439
-2.958705
1.4321355
-0.55470645
0.7396551
-1.796102
1.023678
-0.061609805
-0.8695904
0.16316
-0.7856187
-2.7094374
3.950807
0.3870233
-0.5165783
0.18898961
-5.080836
-0.45287114
0.45968592
-4.002144
3.1279795
2.3784487
-0.28626612
0.29931945
0.2831205
-2.3414123
3.73305
-1.8431447
-0.057150185
0.5795305
-0.8391149
-2.505259
-0.24489702
1.9965441
2.3569314
-1.4299089
-0.8759068
1.0472738
0.33702826
-0.9372821
2.6312745
1.1137629
0.022025928
-3.5231814
0.46696925
-3.3327122
-1.7536799
-0.678901
-1.7975295
-0.002079118
-1.6884902
-1.0580785
-0.889203
2.1507201
-0.37096137
0.92943746
3.0053225
-0.7300826
-1.0627233
-1.6246011
-1.4344727
-1.8599463
-3.5631037
-5.695875
1.3043295
-1.2073944
-3.187666
0.60176826
-3.759609
1.2970865
-1.5942752
1.4048034
2.3976324
-1.0549496
-0.11218593
-3.7193248
0.3262417
0.08515425
1.4855516
0.68853515
3.1024086
2.5753071
2.6457605
-0.59672517
1.7525297
-0.44383594
-0.06325884
-3.9942288
-1.4275587
0.31899315
0.24033073
1.7725854
0.7021963
1.0897719
-0.11368853
-2.1024213
2.7228441
0.18668611
2.5528476
-0.35152984
-1.6912208
0.19413313
0.9158849
-1.1454793
-0.5111661
-2.412993
0.60840076
-2.9221454
3.4377506
-0.56824505
2.6304827
-0.22214091
-0.36989814
-0.17744757
1.5561101
0.59535116
1.1707122
-2.3343768
0.39593437
-2.358824
-2.7178178
1.4470538
-0.8357379
-0.56596196
0.266798
-0.5348482
3.1889863
3.1718729
-2.2079127
-0.1165698
-4.9918046
2.9761646
-1.9440528
-0.08662594
-0.71550155
0.10880794
-0.7000169
-2.6947205
1.2458355
0.76463133
0.47432864
0.7497999
-0.9157055
1.1588656
-1.501469
0.019099109
0.56384957
-2.2086732
-3.356666
-1.7160808
1.2688813
0.5284984
1.5484779
2.3903794
0.7456728
-2.1111865
1.58868
1.5046003
-1.022041
0.09475467
-1.8039733
-0.5109529
0.5943718
1.3881505
-4.7086015
-1.224251
1.6215545
-1.2256482
-2.7310503
-0.59166443
0.07648252
-3.3099217
2.9061837
-1.10396
1.9144052
0.67094535
-0.7433381
-0.80846226
-0.22226381
-0.83918536
-2.1208436
0.34900767
0.5586397
1.2577529
-1.7910817
-0.39282373
-1.5803474
5.241253
2.1772215
1.0541587
-0.3837032
2.414865
0.82125026
1.9493897
2.2762284
0.4777377
-0.38623682
-0.72861075
2.6431217
2.7255883
-0.6426408
1.4037027
0.19237429
0.9758211
-1.9415635
-2.9135005
-0.1629534
-1.0657102
-4.301415
-1.6757324
2.0228348
0.5336245
-1.1454278
-0.5586705
-0.23166475
-0.6748881
-1.0068406
-3.795846
1.6189759
-1.9787132
1.4107419
2.4684322
1.487799
0.5919089
-1.4940182
-1.5215067
1.7810446
0.98058814
1.6657385
1.0042723
0.61761355
0.46543205
0.91713464
1.6507726
3.0104804
-3.3697958
0.3958403
-0.34275913
-2.8154578
-0.79468954
-0.196563
-3.7158675
-3.2955835
4.3786793
1.1049769
1.1120698
-0.05709402
1.6225926
-2.0140662
1.7115438
0.924722
-3.5616512
1.5918149
0.3487101
-1.0395494
2.0821664
2.5983849
-1.5551239
2.1589048
1.2128886
1.2417681
0.69000983
-0.34193707
-1.1232331
2.9208639
-0.31917763
3.4077563
0.6082699
-3.0575614
-3.2900064
2.2495189
0.9856098
-5.0365586
0.9835758
0.9922359
0.8839776
-0.044110842
1.7612507
-0.9536415
-3.9420073
0.22778046
2.524451
-1.7468668
-0.23487072
0.106224984
2.371897
0.9754878
-0.3796824
-0.06828759
-0.72374564
0.028086342
-0.0538906
-3.2143254
0.048445575
0.4034957
-1.2762256
0.2648834
1.6375734
-1.2577504
1.1838013
2.266497
-0.91881335
2.5588617
-1.3053987
-2.7123904
0.06429599
-2.401468
3.1616066
1.5139734
-0.65197355
-0.38566172
-0.63533676
0.59532183
-1.9974587
-1.9406286
-0.8523716
1.6099335
1.2536148
-0.42599007
1.8445807
-0.45224163
-2.1434333
2.088124
2.5403328
0.4573726
1.3029032
1.3712803
0.44308048
-1.4507209
0.7076409
-1.746887
-3.3878016
0.30775785
-0.72385764
-0.104088925
-0.3471332
-0.9709613
-2.3411484
-0.5922755
-4.880737
1.9161285
-0.516014
-3.9666984
-3.8456645
-1.6256287
0.29574546
1.0714822
1.0530697
0.35768932
-0.13597673
-2.8326008
0.73245835
-1.6868591
4.0881133
-0.56528634
-2.6130948
-4.3783913
-1.004466
2.3441072
-3.0355759
-1.3733095
-0.16766974
3.1020315
-1.3662113
-0.16655615
0.11089416
-2.8870442
-0.11294517
-1.3749915
1.0218996
-0.6827373
0.874075
0.6779827
-2.0922842
-0.7949039
-1.4491019
4.0603933
0.6578684
-0.9133436
0.54082155
0.7387509
-1.9471167
1.1962378
-1.2117891
-0.12939578
-0.89474404
-1.7974393
1.612499
0.5808767
-1.3103496
1.2936177
4.323133
-2.275612
-1.3491489
0.10747902
-0.7307177
1.0396537
-1.631506
0.18357293
1.4948618
-4.5168934
1.1678685
0.4405305
-0.6479034
0.6110842
2.054809
1.8433805
-2.921196
-1.1269157
0.29768494
-1.7976326
4.261561
2.5591772
-0.25680578
1.2369096
-0.8924033
-2.969088
2.8988547
-1.7917124
-2.6120667
2.2836914
1.1181428
-0.4555722
2.4006426
1.0838834
-0.71876574
1.5311162
-2.4909058
2.343276
-1.0742188
1.8088753
-1.7142494
-2.2208319
-1.340421
-3.7954588
-4.202921
0.20133328
3.3342648
-0.61897826
4.344178
0.1210622
-4.831708
2.2773025
-1.3914287
0.7100286
-1.9383494
1.7601578
-1.5446284
-0.72977865
0.39381927
4.196809
0.048859883
2.336076
-1.8779346
-0.10550856
2.6514373
1.4559608
-0.64334595
1.6808518
1.556139
1.3665414
1.4428755
1.819647
-4.1256776
-0.44778392
1.3080553
-2.213624
-1.4360422
-0.88674474
0.84597844
2.9728956
0.87936014
0.77950466
2.7129688
1.4025275
2.861927
5.2680063
0.8466385
2.6695876
-0.7716722
-0.14432478
1.9805752
-0.256904
3.5512154
0.32298738
0.32037222
-1.1447444
-0.8729826
0.07386284
-3.3067398
0.64140636
-0.42768386
-3.2840986
1.0545121
-1.1119553
-3.7175324
-0.22281656
-4.4492035
-1.8712064
-1.8186435
-2.571643
0.85600394
-1.7146271
-1.193854
-1.5544279
0.8773468
-0.3304211
-0.48547012
-0.11405465
0.7554504
3.8487701
1.6731673
2.3923357
-3.0202422
0.4234003
-0.4422075
-0.85718817
-0.15551934
0.3952586
-0.6161812
-0.7376224
2.5238485
2.912571
-1.8261696
-1.6131457
-4.6045184
-0.10149566
-3.9122396
3.545251
2.3147428
1.3947319
1.2298522
1.0008321
1.9925004
-4.2328362
-1.3574245
-2.347993
-0.048512913
-1.7567466
2.098027
0.7126631
2.7312636
0.39358532
-1.6360178
-3.208217
3.3931818
-5.160607
-0.41967872
1.2680806
-0.022206753
3.6229568
3.7862287
-2.1082382
1.3291957
0.9551059
-2.9543571
-0.94343144
3.1619492
3.1359913
4.201766
1.9302124
-2.4538147
0.9227564
-1.4032463
1.2362167
-1.0632869
-0.08312242
-0.82899773
3.12367
-1.924006
2.253334
1.5343333
-0.51878434
2.6172612
-4.2948694
-0.9073382
0.5763785
-1.2271287
-0.30072922
0.84314126
-0.94668424
1.8938503
-2.8612401
2.9004238
-0.41078347
2.7083566
-0.19099739
-2.0410087
-0.7966936
0.063227884
-0.12154519
-2.1675446
-4.0095315
0.6941692
2.3591397
-1.2179387
0.54697794
-2.071669
0.48871922
-1.9764214
-0.214075
1.1495274
0.81935215
-1.8816756
1.4573779
-0.25132865
0.48373297
0.59762233
-2.7401783
2.5444467
1.4610027
-0.97761595
-0.12880558
-3.3710468
-0.17987059
0.35727024
-1.124914
0.08546597
-0.4288212
-2.6413164
1.6049188
1.1409031
1.1041602
1.53043
1.2959276
0.02600909
-2.382647
1.8125367
1.0610646
-2.453366
0.39768422
-1.5319296
-3.0169804
-2.4474282
-0.60965955
-0.67509896
0.21709383
-1.0095755
-2.6065352
2.492398
-0.3717785
1.4437712
-0.22562888
-0.83569473
-0.41720515
0.36609146
2.037613
0.819926
6.1656475
0.17962724
-1.6709436
1.8506391
0.7540273
1.1010159
3.2834015
-1.8468921
1.8876888
-0.5861323
1.1135963
-0.6790214
2.2319486
-1.2851171
2.7423134
-0.9233646
0.05358238
3.7738142
0.6984811
1.9544132
-1.7220472
-0.5966556
1.3346425
0.7170969
-3.5651524
-0.24197625
-0.90717447
1.8862278
0.52661395
-0.08597074
-4.5016804
-0.8162155
-0.11940945
-2.911649
0.342867
0.122144125
0.3420033
-1.6933213
-0.69972855
-1.4560802
2.264401
1.1872083
-1.1460339
1.5835104
-1.5518947
0.24541321
-0.46259272
1.6277578
0.7990934
-1.789471
0.021668043
0.3049431
-0.91957265
-0.49522477
-2.8798754
2.0306363
-2.5943964
-4.9595027
-3.5380595
1.2771008
-1.1976002
0.5132847
-0.21475753
2.2698803
-1.2080245
-2.3523571
-0.19635844
3.8634846
-0.643247
-0.07341272
0.92425406
-1.0109875
4.8156824
-0.40159607
-0.08119824
-1.3038987
0.23880401
-0.13463165
-3.4495337
-2.1468723
-0.06927909
2.3934689
2.242888
-0.5500352
-0.7037462
-1.8189324
3.453196
0.93853134
-0.8381823
3.3550093
1.3296994
2.1046996
2.8066792
-3.5264168
0.10088957
0.636207
-2.30376
-1.9690827
-0.74037665
-0.4878096
-1.2161244
-0.17307535
0.46802
-0.36820677
-0.80152667
-0.08072122
-0.68744797
-2.7109683
-0.6164872
1.1685575
0.04055598
1.1754308
-0.8339708
-0.53128237
2.6998556
1.0345186
1.9019481
0.77898234
-1.7109617
-1.3250655
1.4316282
-0.798336
0.17851372
1.0855714
2.2553139
1.6494633
0.22612953
0.06346366
1.8639346
-0.5643003
-2.3691823
0.45395866
2.0429263
3.0403168
6.392926
1.3491863
1.6443306
-1.0187713
2.3152199
1.4773912
-1.0477142
-1.210118
-0.3812185
5.648448
-2.1889138
2.6342745
-0.3459342
-1.0890969
-1.4476217
-0.72953653
-1.9106896
1.2369089
2.3432658
-1.0367194
-1.4046413
-1.5376135
2.0841475
-0.73940414
3.2287858
-0.25117624
1.166378
-1.9675626
-0.5303705
0.40947676
1.0122741
0.79204756
-2.6836183
1.93083
0.29217198
-2.780377
-3.9885368
1.693688
2.2569318
-1.5055008
0.45401683
-0.0122023225
1.3216709
-0.3609537
0.31268793
-1.5679747
-0.7171015
-0.20059013
1.3806515
1.2900413
0.5033517
1.1912167
0.4584981
0.98319733
-2.4361148
1.3308828
-1.2541379
-2.0619252
-1.3498403
1.3639414
0.009294923
0.029156853
1.0857378
1.4216899
-1.5799608
2.3063498
3.0431817
-2.7126276
-2.5642834
-0.892323
-0.33459347
-0.43363112
-1.7017998
-1.4726712
0.22961158
0.54103506
0.33889166
-0.18696162
-0.059629247
3.5800478
-1.827375
-1.0336536
-0.7717135
-1.1941863
-1.7762802
3.5687168
0.8689219
-2.172083
1.9359509
-0.8718461
-1.1156389
-0.64694744
-1.1436378
-1.9699907
-2.3296318
3.7042537
4.020882
-1.1181731
2.6117425
-0.71524835
0.100186855
-0.5022295
-0.5700221
0.31472152
2.3591964
-3.2365324
2.7735724
1.7926546
1.2855533
-2.3698099
-2.1285868
-0.3402376
3.9516828
2.5735192
3.4686654
-2.7571745
-0.08189563
-0.21927647
0.09081817
0.86233205
3.3702679
-0.76475483
-0.5848815
1.1222887
0.9600076
2.6337066
-1.7430335
0.9830503
1.2699047
-2.8219674
-1.4363577
2.7507021
1.2580787
-2.60912
-0.2626481
-5.162552
0.20586735
-0.9033709
-2.7443273
-0.45149615
3.0115945
-1.1432981
-3.9155633
0.46783313
-0.72765803
0.24405076
0.36233687
1.5489776
-1.7419518
0.33740005
1.3350728
1.1166828
0.36568338
-0.53076476
5.2336864
0.92824894
-0.44283888
0.67135054
0.3681085
1.5494682
-4.293814
1.2206731
1.8502364
2.2247932
1.7069716
-0.01709754
1.1487889
0.35153678
2.3124967
1.2426004
-0.11112317
-1.6151454
-0.18942031
-3.7613168
0.74587804
0.40042454
1.7861662
1.469581
1.4396458
1.7833135
-0.7480569
-2.1693368
-1.1300832
-0.3163438
-4.7825594
0.78737545
-0.079723164
-3.717309
0.10265007
-2.0405283
0.015690431
0.2221116
-0.44576097
-0.3936842
-2.8205261
-1.2146571
3.7222228
-1.5513605
-1.0648966
0.86920446
3.093724
2.2063775
-0.9052818
-0.42222023
1.4546175
0.33244792
-0.04843884
5.058847
2.9386857
0.9391307
-0.5301616
-0.47100902
2.2631915
-4.453742
-0.49789983
-2.1324892
-0.96549976
0.36784056
-0.7303589
1.8696259
-1.9041749
0.93918306
-0.47695768
3.2483158
0.28786886
-0.9215009
2.923395
-1.1651517
-1.2711687
-1.9768696
1.510498
0.06264707
-1.61053
-2.4400246
1.6003155
1.3826363
-2.7620013
-2.9510522
-2.506219
0.40937823
0.9984105
1.8073492
2.283477
1.7804607
0.054910667
0.31831437
1.5886004
-3.647498
-0.19666258
-2.9938107
1.1753389
-3.3983235
0.66142786
-1.7186644
-2.977298
-1.2809359
-3.5840607
0.2604946
-1.9415687
-1.512696
-1.8742709
0.89738435
0.597598
-0.012871698
-0.75911367
0.31706238
4.795421
2.4130383
0.6805138
-0.5001138
0.6393774
2.7934544
-0.079096414
-0.41843006
-0.9968512
4.0008416
-1.5061775
0.551703
1.8440034
1.5429775
-0.24398896
-0.054417085
0.671162
-0.2827026
2.5102012
-0.21780768
0.016968247
-2.183689
0.009242021
-0.59716356
-0.3694081
3.3399248
2.4600782
-0.14369184
-2.805891
0.73066914
-1.7381693
-2.8154821
0.45075756
1.488764
0.20083688
6.223489
-0.29669788
1.3973776
4.255371
1.5931301
-3.3248281
2.7305775
-1.0136083
1.5978327
-0.1566109
-1.4243325
-0.5603694
1.1862813
-0.15214142
-0.9293877
3.2991369
1.5462285
1.7341928
2.7551634
0.6853369
-3.9254913
4.232348
1.0398879
1.1598865
0.5140398
-1.0614263
-0.95359606
-1.4416318
-3.1683655
-0.1395038
1.523203
0.8089336
-0.5191819
0.5654589
-0.28151965
-2.1425898
-0.14962304
4.4042306
-2.2682908
1.2257028
-0.41282386
2.8228214
0.5182673
-1.26105
-2.0766287
4.3523717
3.8572617
1.6011941
-0.7590998
-0.7519578
2.696655
0.6643828
-1.0469075
2.5264041
-2.0747328
-0.2929127
-0.40603542
-0.062486526
0.7865069
-0.15634722
1.3369229
-0.47003177
-0.48072356
0.12429999
-1.6461842
-0.3704536
-0.8009319
-2.2852852
5.09331
-0.42954063
2.4558477
-2.248239
2.0433123
-1.2876304
-2.2427843
0.0063353553
-1.9196446
-3.9616392
0.75577277
2.8180256
-0.104209416
-1.4432268
0.89583784
-3.541421
0.34400836
0.9378964
-1.672751
1.0584449
-2.014034
-1.9395459
-0.16019857
-0.6182215
-0.36603072
1.6395531
1.1676488
-4.7296023
-0.18575957
1.6639153
-0.07820513
-0.9523677
-0.15557486
-0.10627399
-0.7481877
1.033029
-2.5719404
-0.5231252
-1.5288434
-0.6690247
-1.7757523
-0.27289665
-2.7292535
0.2902477
1.8761195
-2.248069
0.039220966
-0.019870847
0.9797884
0.74566776
-2.750971
-1.4147878
1.1072379
0.5277103
-0.000862062
1.5156497
3.7163243
-0.8200911
1.162911
0.47090623
0.81770426
0.27542013
1.2437073
1.3375874
-3.2212338
1.73983
1.5312935
2.4534187
2.6618543
-1.0389699
-0.09427227
1.1406612
3.753226
0.4762031
-0.46940985
0.63446796
0.11687527
-0.5521016
-1.5619938
-3.9505134
-0.1707052
4.3020325
-2.0611112
0.69384825
1.2819406
0.32843828
-0.7522169
4.181719
0.15838099
-2.3267183
-0.2510297
-2.7510824
-1.3072885
0.036397364
-1.8348035
-1.2962517
1.3340948
3.2722487
0.42165256
-3.6759748
-1.3621439
-0.11077284
-0.6220086
-0.69045246
-1.3540884
0.5017475
-1.9274657
-1.4860309
-2.5112784
1.4868895
2.7261875
-1.9272927
-3.6524782
-2.0305753
0.5736948
1.1461686
-0.57678604
-1.804744
-2.1278381
3.6510272
-0.7690823
-4.186748
-1.1079369
1.1894599
0.9385381
-1.0464351
1.6739373
-1.4634731
-2.6618643
-0.3234907
-0.22263545
2.2130883
-0.2657849
-4.350316
0.54906076
2.551065
-0.4593423
-3.8248227
0.73366904
-1.9007218
-1.7830672
-0.4564113
1.5543196
-0.4809999
2.6996791
0.91286945
-1.8332657
-2.4053397
-0.6967792
0.90615535
2.52195
2.123892
4.2596316
-0.6645128
3.0202336
-3.1518734
1.9560398
-1.86824
1.0277164
-0.48189664
-0.53411186
-0.64064074
0.60657233
-1.060608
0.36830044
0.11359407
0.23751345
-0.1928831
-0.8001304
-0.0148701295
-1.5632986
-2.825241
2.1642737
-3.4507375
-3.388212
2.811761
0.43131572
0.3682528
1.9373422
-1.4782925
0.11425153
0.45702198
-1.7277018
1.907557
-0.5746718
1.3224945
0.8827322
-0.12809382
1.5989299
-2.423905
-2.2881794
-1.082763
-0.61299306
0.3994032
3.4014096
-4.04815
-1.676163
0.18739423
3.1182418
2.4904587
2.4191394
-3.0960186
0.96824175
0.56844264
-2.1772487
-0.33569056
0.850711
-1.1395024
-2.619693
-5.196169
2.544641
-0.84118414
0.86324936
0.71108955
2.063658
-0.8134777
1.5423414
-3.7393932
-1.7295696
-1.6163895
0.33797935
2.8503873
4.063783
-0.9318772
-2.6301708
-0.8603482
0.667641
-2.3614488
-1.6704757
-2.3138652
-1.6661338
-1.7568676
-1.6699789
-1.7322617
1.1805316
-1.00726
1.7161196
-0.74405414
0.84068835
0.74604255
-1.646674
2.0741801
-0.18745326
-1.0465305
0.52398455
-0.30498835
-0.53109246
-0.006157972
1.5956709
-1.3833678
-0.89102453
5.516546
-1.038083
-3.1495008
2.3095944
1.9688616
0.08314799
3.3980997
1.9714826
-0.17125602
-3.113436
-0.21717966
-1.2269914
-2.9540331
-0.1334897
-0.71261847
0.723684
-4.1212244
0.3130052
-1.4520373
-1.0502435
-0.8324966
-1.4212426
-1.2436562
0.59577405
0.110302195
-1.0992908
0.29095125
-4.028314
1.0206511
-1.1683977
-0.33353466
1.1570989
-3.10271
-2.256301
-1.8285761
-0.61610967
0.6301315
-2.5715766
1.205274
0.22255953
-0.047415264
1.3690826
2.3256624
1.4879888
2.499568
0.16658157
0.34291956
-1.3262739
-1.6575131
2.0307624
-1.7802286
-3.239173
1.8136325
1.156975
2.6621056
-1.5252272
-3.1118205
-0.48395064
1.3379034
-1.1602108
2.7779555
0.8936468
0.8598961
-1.4959106
0.31199652
-1.9279076
0.6941523
0.25355703
-1.43351
1.8980243
-0.29387352
0.13636869
1.8593204
0.5187341
1.6406764
1.194724
-4.4838505
0.30257693
-0.9972502
-0.30030623
-3.9919686
1.4556313
1.5349985
0.06806104
1.1817178
-0.8237859
1.0563494
0.03413119
0.74103534
3.395159
0.9115284
-0.35361722
-1.6282827
-0.0135147385
1.2876885
0.04634904
2.8666933
-0.19232053
2.9954448
-0.73544794
-0.15639398
0.66947865
-3.132529
1.4144118
1.4525343
0.9182209
-1.8288193
1.8307321
-3.2017875
1.040492
2.9430723
-4.8766904
0.5380644
0.6655629
-1.4414443
5.3986855
-1.536672
-0.25160763
-3.3136065
0.92014915
-4.372263
0.1451731
1.5325613
-0.33033192
-1.5408521
-0.4066616
1.0625875
-2.484634
0.47870693
2.4560342
0.5896828
0.9466173
2.9118357
0.8166642
0.91789865
0.6350849
-1.504738
-0.7075593
1.3927945
-0.08486496
2.1801407
2.499412
-4.581454
-1.5479436
-2.3706205
0.18325692
-1.2172724
3.3812199
0.0070208684
1.0943761
-0.45753047
-0.6720882
-2.833633
-0.04738506
-0.42683247
-1.1454352
-0.81423414
-1.6513009
-1.9671322
-3.081204
0.10618941
0.049544446
-0.333599
-1.02041
-0.5060273
0.38945025
1.1769898
-0.34478143
2.44349
-0.8367877
-0.60831594
-0.1365327
0.3177879
-2.8006566
2.9445434
1.950744
-1.1946067
-0.9557489
1.6977607
-3.0458477
0.67201847
-1.1527933
3.0738473
-1.3748754
0.23002633
-2.3715253
-1.509244
-1.1374218
2.2933583
-2.0433066
1.282979
-0.86019814
0.24940732
-1.3995442
-0.6809191
-1.0432924
-1.0310085
-0.9748692
-0.18390223
-3.0018713
-0.44484305
1.1089206
2.9239972
0.89540595
-3.1521704
1.7314929
-3.5565517
0.904283
-2.820518
1.9655533
-0.9138612
2.8102198
-1.126046
-3.5938418
1.4251461
-3.5546503
-2.2210557
-2.5016398
3.64025
2.7668688
0.40262398
-1.6313559
-1.7813656
-1.7274464
-0.34975004
2.0220332
-1.6618452
-1.2664936
-0.90249705
-1.3189322
-5.96493
0.32924926
0.6569015
-1.1099395
-0.6157823
-1.3454536
-1.2528955
-0.5357614
-0.22601399
1.0354009
0.61048895
2.0669613
0.34305865
-0.62757456
-0.51497287
2.2348986
-0.19083348
0.5666247
-0.99328685
0.7536266
-1.5075893
-0.57684916
2.1751556
-0.52178866
0.015098769
0.47255957
1.1511562
-1.2281953
0.045107257
3.1153457
2.891634
-2.1280143
0.9531168
-0.920214
-1.990491
-2.6828992
-0.54524374
0.26422495
2.2638516
-2.2373488
3.5642235
-0.15355058
1.9932337
1.2494639
0.68947923
-3.2466252
-1.1175306
-3.8772624
-1.5814918
4.1248574
-1.4281156
-0.5328005
-1.721846
0.7587705
0.3630845
-0.6206719
0.2687798
-0.7664461
0.63162965
0.52603066
0.11407853
0.54268867
0.030264493
-0.40022245
-0.8204682
1.3361491
-1.0369656
0.6224528
-0.21395499
-1.7418425
-0.7976229
1.6071564
-1.435462
1.3579276
-0.7632358
2.922673
-1.812862
1.4793957
0.36813167
1.2372851
0.6777619
2.4364047
-1.1585492
1.1342291
-0.035137795
-0.8062654
-0.018200256
-1.3748909
-0.29008508
0.010110363
2.0094113
-0.42005175
0.55273265
-2.68467
-3.667812
-3.8896656
-1.1284329
0.02933263
-4.1894197
-0.14289984
1.0274295
-1.061596
0.71785796
-0.4871431
-0.17610675
3.0515444
-1.5033865
-0.440684
1.5577707
0.95566773
3.468802
2.5183036
0.24433051
1.2616655
1.159436
-1.118303
-0.42945263
1.0700958
1.173963
-1.1093524
1.6400954
1.7986507
-1.7759478
0.19421652
1.326599
-3.048341
-1.8971406
0.77015007
-2.0824347
0.513988
-0.618922
-0.5769794
2.250979
1.2548465
6.423049
-1.7810147
-0.4620037
1.3569945
4.02822
0.18167353
-1.4052633
-1.6812353
-1.3644311
1.4886947
-0.94467425
1.3187197
0.24226928
1.1700203
-0.08324262
-2.5939174
-0.47805342
2.9540262
0.8932805
-3.7875757
-1.5116584
1.7430035
-0.6134487
-0.21129319
-2.0214238
1.674274
2.4744155
-0.47159302
2.6268723
1.3646393
1.6242453
0.58233625
1.8621532
-2.7147212
-1.0352858
1.9362867
-0.9359452
-0.04591888
0.3648679
-1.0659283
1.4160646
3.1542976
-0.85611665
-2.2465103
-1.4539111
-4.367786
-0.31078154
1.2004617
0.62407154
-1.1854568
-1.484525
1.9375044
1.2094704
2.81845
2.8133721
0.73274404
-3.2552016
2.9104202
0.9120173
3.031364
-1.0007735
-0.63268745
-2.0962758
6.4140067
3.2447302
-1.0287391
-1.7354879
3.557137
0.27262914
-0.8859641
1.0763465
0.79695725
0.3570658
1.6609337
0.88233817
1.4646721
1.407027
-3.2995863
1.548579
-0.1569058
3.4915588
-1.7491443
0.17688677
2.2452552
0.65429884
-2.3065147
-3.026306
-0.77941215
-2.580516
2.8996694
1.0775813
2.6724083
-2.1053627
-0.44611698
-3.1707187
-0.45621252
1.8263988
-1.800197
-0.89047444
-2.9651568
-2.2359848
-1.6709956
-1.9823185
0.25213304
-0.7663799
5.450292
1.4969364
1.8701252
0.5032744
2.618732
0.4124478
2.883541
3.7757583
2.7110925
-0.8867362
-0.99319947
2.4831564
-3.4488966
-1.3094349
-0.6009735
-1.9185109
-0.16203678
-1.2376823
-1.1132075
-1.5645524
0.6820063
3.8720267
0.9684277
-3.3919604
0.51638085
2.765946
2.7169538
-0.84577006
-0.5416705
0.60826164
0.9776318
-1.0684484
2.019823
0.2193918
0.7374082
0.60692734
1.7247922
1.6287948
1.5293347
2.3562655
0.4531146
1.8982481
-2.666202
0.7344325
1.4556955
2.6576424
-0.7740884
-0.46036884
0.37920684
-0.22989458
3.3881867
0.0537425
-0.22141635
-0.510369
-1.1930062
0.12857002
1.0059049
1.9919449
-0.50403255
-3.092563
-0.4216324
0.885444
1.0798225
1.1463251
-2.437704
0.8522129
1.6084183
1.2839282
1.3144034
-1.3027214
-3.4742365
-1.334704
0.25688285
5.765281
1.1978528
-0.122678086
-0.6442067
1.3605157
3.7360282
-0.8972204
1.6716828
-3.2345717
0.80998224
1.4345638
0.8841076
-0.680129
-0.8273966
3.240069
2.5202196
-2.0102334
-0.5081979
-0.33318877
1.5931425
-2.0958438
0.23577857
0.5820569
-0.71491474
-0.88751155
2.4939764
-0.5546668
-1.4919776
-2.4289951
-1.4386108
1.2370932
0.46494973
0.104032844
1.2181337
2.6839225
2.0682948
-1.7291931
4.42525
-1.1910169
0.5463631
2.1842322
2.9118981
-1.0669351
-3.2845392
-3.4754925
2.8418114
2.8465679
1.1609093
-1.101757
-1.1306764
-1.4219215
1.2004257
0.35669798
-4.540657
0.048311435
0.25809723
-1.556801
0.9897077
-2.1493616
-2.821179
1.3258976
-1.7900695
0.15317935
0.36632457
1.1852705
0.49046025
1.5294846
-2.6512375
-0.8367023
-2.9852283
-1.0482377
-1.2439685
1.0448974
1.9908599
1.1186515
-1.3104168
1.3363178
1.7351038
0.5337107
0.86343265
3.8223004
0.0641134
2.573452
-2.6624763
1.9413488
0.30468684
-3.5306387
-0.023473263
0.34007958
-0.5217605
1.8281555
-0.08517341
-1.2358109
1.337559
2.327719
0.057531018
0.7844053
-2.9169345
2.2301157
-1.937653
0.71131545
1.299036
2.3288803
-0.5505806
-4.069807
0.19429725
2.096127
-2.2440038
-1.8341833
4.970496
1.3993226
-2.5896845
-0.49589747
-1.2421511
-1.6398871
-4.086395
0.43432096
2.5087118
0.61807585
0.629994
-2.060719
-2.186757
0.637811
0.90418494
-0.8238982
-1.1809189
-0.7590618
-3.6999304
1.8489213
-0.14290424
-1.7168673
-1.8739852
2.4247282
1.7628392
-1.2452859
-0.42121553
-0.9142053
0.29262918
2.7344155
-1.4961636
-0.62754107
2.8441627
0.74842906
-2.800792
0.07526234
-0.20349398
1.0724626
-0.18639928
-0.18532857
-0.95849466
-3.1001387
1.0337498
2.2991555
-0.5727912
-1.0196152
-1.5834243
-4.435699
0.15952449
-2.3733575
-0.40623498
2.8140116
-1.1923949
-0.75750005
1.8806162
-3.7968938
-0.19274369
-0.6153265
2.6766434
0.9103468
-0.121044025
0.08567581
-4.4708977
-1.416642
-2.0402646
0.60275054
0.57718104
0.1950146
-0.20270555
-2.1789942
-3.562689
-2.4345434
-0.6348586
-1.9866425
2.1936262
2.90212
-0.34068474
-0.33461943
1.3999503
-1.2024024
3.4732924
1.2339233
-1.0378705
0.9095532
-2.507303
1.9201201
-1.5855534
1.9204415
-0.21679026
-0.15108341
-0.27985635
-0.33534938
1.6370069
0.33920878
-1.0319468
-2.0688775
0.7743978
-0.12811652
2.0174484
2.4245887
2.1883607
-0.5455724
-1.3372663
-1.3229687
-0.6397484
-1.5137064
-0.27405864
-1.1725372
1.6533053
1.3808299
-1.4143888
4.1453123
1.1612327
-2.4953492
-0.03446754
-0.9820795
0.5998693
-0.10047093
0.11128845
0.7942816
-0.4683569
-1.2090218
-3.012888
-1.0770949
2.2309034
-1.9174085
-0.16272512
1.4244647
1.518832
-0.5358607
-0.5479793
-2.0077705
-0.057249486
-1.4616234
0.7874796
-0.0568858
-0.48417336
2.1019225
-2.7154703
-0.84471947
-2.6653428
-0.12978962
2.683188
0.97340494
0.22188038
1.0819052
3.4865959
-1.480755
-1.8447195
1.5600461
-1.5295367
-1.076025
0.9507517
3.5876427
0.10832138
0.06314348
-0.9960897
2.415022
-1.1353989
2.1767406
-1.5885373
-0.39462233
-0.96696675
-0.46626136
2.614292
-0.43146023
3.7522855
-2.2879808
0.83384514
1.9001032
0.33090314
-1.3831336
-2.375668
-1.9514867
2.5983176
-0.5190364
-1.3811864
-0.79526055
-3.5178685
-0.325061
-1.6614748
0.8793082
2.225903
0.7367176
0.6934678
0.11523883
2.023482
3.7633834
0.2842161
-0.13153768
3.4577825
-1.1253479
-2.8408043
4.353283
2.5515943
0.23004335
3.3783748
-0.5495982
-1.2443314
2.0769656
0.15050384
0.1818354
1.4822863
0.24801725
-0.93210435
-0.7023792
-0.10659291
-0.3507018
-1.3505253
0.15099296
0.43620026
-0.4971293
0.86214393
1.8912958
-0.94332445
-1.2136146
-1.9370557
-2.1837063
-0.30547488
0.9719208
1.2751913
0.35591173
1.3835567
-2.8115144
4.825488
0.06020368
-0.72221315
-0.12147247
0.57589805
-0.2806494
1.4314983
-5.010788
-0.7604319
2.4548452
-0.57659787
-1.4449036
0.14059988
-0.056650348
-1.8865606
0.74640113
5.330332
2.7869482
1.9664373
-2.5738919
-1.3456225
2.71893
0.13034669
0.7441138
-1.4586092
-0.94804865
-0.88656557
2.7546232
0.60009366
0.070345454
0.35515398
0.66223425
1.9781994
-2.2308571
2.6731608
-0.8803164
-1.6836497
1.222181
-1.1564989
-0.36017907
0.34075612
0.575987
1.3361232
2.0617943
-2.437912
1.0074792
1.9584771
-1.7761184
-0.9941146
-1.1690155
-0.3034089
-0.10001847
-0.9580122
0.566678
1.5320054
-1.416169
1.6588151
1.8116158
-0.07829981
-1.7170708
0.72271156
1.0814613
-3.884354
-1.7947679
-0.28864264
0.56106716
-0.42942274
0.3110507
-4.279267
-1.6370301
2.6817145
-1.536961
-2.0077684
3.0002759
-0.48698267
-0.9330545
-0.4568604
-0.82005095
0.36658618
-2.5173085
0.23440737
4.623475
-1.1640391
0.31972435
-1.1050036
2.2825449
0.77791274
1.7691252
-1.3902258
-0.6970308
0.8598154
1.7284153
0.042893738
0.34001115
1.5071745
0.09085529
1.9472005
-0.27061382
1.5312207
-0.5548542
1.2931116
0.85840684
1.7613765
0.97138417
1.6668673
-0.12589717
0.28864616
0.2558473
1.7540535
-1.7748855
-2.097698
-3.207844
-2.0980895
2.2637696
-0.5757175
1.3314911
2.5697272
-0.5847512
-1.6442899
1.5831257
-1.1167026
3.731402
-2.460515
-3.2289903
-1.491255
-3.6502047
0.70945525
1.1756425
2.0905223
-1.687805
2.726185
-1.4642214
0.8283079
-0.7978901
1.038083
-0.24023618
0.93944466
-1.4839455
2.5875325
0.15451892
-3.0723042
-0.013657421
0.45158532
1.745758
1.4855213
0.6570619
-0.63831806
0.20616241
-4.0330095
1.078868
1.1563332
-0.80665475
-0.41513467
2.510429
-0.6814874
1.0719488
-2.4365714
-1.3447746
-0.014534675
0.14461453
0.29710418
-0.8338687
-1.6375886
1.7712882
1.5667735
1.2604744
2.1055715
-2.719706
1.3285806
2.205527
-2.4444437
2.0400956
-1.2037734
-1.1742284
0.39762074
-4.9807367
0.5832206
-1.5284553
-0.84400505
2.7984526
1.6543808
1.4480838
0.22832981
-1.0360545
1.6336927
3.7325678
-1.229293
0.61032456
1.8979057
-0.56115794
-2.8606298
1.7855664
-1.1883639
1.1481873
2.8229537
0.8322975
1.4232404
-0.7009629
-2.2393022
2.8255644
-1.053955
-1.1949469
4.367235
-5.5385857
1.4549112
-1.4540131
1.4040436
-4.416238
-4.4268427
0.536402
-0.758932
-2.3583205
0.9303121
-4.053876
-0.058874536
0.50716406
-3.7653415
4.2994576
-2.2571363
2.2014961
2.0943618
-0.26303285
1.7637541
-2.7367308
0.4923116
-4.4077744
-3.906567
-3.7469182
2.9070208
-1.1592281
3.0686345
1.0822703
2.7408996
2.0065556
0.42232314
-2.431606
2.0191054
-2.3602457
-1.4396628
0.32074785
-0.94049394
0.9250151
2.1007926
-2.0805986
-0.044465587
-0.7223176
1.8633342
-1.4612626
0.026349332
1.6323618
0.85724264
1.3073983
2.587494
-0.033025578
1.4583145
-0.3847065
1.0279464
2.234387
-0.39540088
0.49148643
0.71457523
-2.4211278
-1.5192034
1.6763881
-1.712732
-1.1908377
-1.5248612
0.8740972
2.5563617
-6.254632
-3.2875323
1.090654
-1.2943763
1.7936379
-0.75337327
1.6225134
0.3840419
-0.95188886
-1.667242
-0.8842377
2.4138875
0.13672224
2.1141515
0.21679106
5.910969
-2.529507
-0.2987203
-0.6174199
-0.51939756
-0.031905837
2.338542
1.2804995
-2.9521074
1.1712136
1.8860154
-2.1223211
0.16045067
-3.4722674
-1.3723085
-0.21596317
-3.1208563
1.3936692
0.8075475
-1.5350896
3.4798286
0.78890395
0.32948792
-1.728883
2.0269952
1.4197602
0.7169174
1.7768764
0.9846292
-3.7600403
-0.6004622
-0.5124095
-4.1361938
2.1527555
0.75381833
-5.151831
-0.019242298
-0.6799659
-3.0876708
-2.4003358
0.028065946
-1.5949143
-2.1896794
2.7991061
0.8764848
-1.4148316
1.6399951
1.8518296
0.9413964
2.362394
0.94366103
-1.9006366
-1.5984879
-1.276569
-0.41792905
-3.091068
1.9628432
-0.5290237
-0.30264828
-0.44464177
2.6447072
2.246801
0.98952293
2.2970479
0.9834696
-1.7852933
-0.37415886
1.5979865
0.8210522
-0.77392626
3.7034225
-0.24031258
4.4482627
4.419172
3.7417836
-0.10250668
-2.9503472
0.014413014
0.39894608
-0.89548326
-2.6252522
1.9906574
-0.8850579
3.535104
-0.53103876
0.63514125
1.6731788
-0.53600436
0.9744358
1.2566918
1.4167463
-0.6668101
-0.53241843
0.98521
2.5321527
-3.3770483
-0.23295237
-2.599303
-0.81605875
0.63664806
-1.297963
3.2601914
0.09470588
-0.906565
0.17821339
-2.842585
0.8839959
-1.7176024
-0.27158615
1.8802098
1.6370488
-1.092741
-0.032552402
2.3862083
-0.39898238
0.72957134
-1.1597667
0.2632932
1.0549247
1.0982097
-0.0723689
0.0978157
1.7727885
2.1678386
-2.819303
0.18710932
-1.4411564
1.974084
-4.467041
-2.293281
-1.4057204
0.034326255
1.4002742
0.81385314
0.70491177
-1.2142936
-0.48020446
2.9679534
-0.53120184
1.4320102
0.30510113
-0.7596832
2.0015266
0.09368407
-3.087971
-0.2417137
-3.2296753
0.15843204
-1.3896233
-3.28536
1.829809
4.4305277
-0.30168453
0.21267429
1.4432046
0.11577226
2.927261
-0.3788447
-0.6337151
1.9572222
-0.5278162
-0.7668904
-2.3805645
-3.6925755
-2.8301487
3.3834481
2.0986722
-3.8883994
-1.3361864
1.2174106
-1.4829917
-3.242033
0.19920287
-2.3388965
-3.5010157
1.7181422
-0.5516792
-2.6314566
-0.046941586
4.335356
-0.68786144
-2.1852427
0.607741
1.4983199
0.69661194
0.22767644
0.45926023
3.1577203
-1.4380641
0.49738306
-2.3968515
2.651269
-0.061526537
0.5378704
0.32163635
2.041247
-0.16128278
-4.4870687
1.2816207
0.31303626
0.052856717
-1.4884336
-0.066351354
2.8395765
0.66750956
-0.9117034
-5.0201907
-0.3905874
-0.45915228
0.1330272
0.26100093
2.6353567
-0.74004817
0.19704597
-2.5109446
0.22453198
0.47590235
1.353007
-0.5121622
-1.6017122
2.568725
0.19596413
-0.4897582
-0.6776763
-3.1680949
-1.0175871
-1.1831512
-0.5461364
2.5615199
2.578335
1.2053698
0.17782204
0.7150643
1.4349022
0.29787967
1.2022285
1.665147
-0.061301805
2.3045428
0.47905302
-0.81257826
-3.4783936
-1.8543342
0.0017802864
-0.45576996
-0.8626014
-3.323843
-1.8477105
-0.09806343
1.1268922
0.68047214
-5.1927495
0.57074565
1.5954721
-1.0282991
-2.0755162
-0.9457122
0.91235524
0.71132225
0.2885618
1.6396316
2.7300208
-0.14654978
-0.6021311
-0.68128073
-3.8141057
-1.8118881
0.7276898
-1.2830517
-0.5859198
-3.3097618
0.73781097
0.519051
-2.1063251
-2.5599751
1.8490218
-2.8389971
-1.7203318
1.7710084
-3.1018388
-3.0072532
-1.7738824
1.5768015
-1.6461194
1.451137
-0.7343951
-1.1643075
1.4972454
1.8926656
0.24420698
-2.7434359
-0.6260359
-2.307645
1.4141285
-0.10222634
-0.8180489
-0.9919627
2.4824488
1.6634415
2.1437676
-4.03804
1.7726066
-0.7383356
-3.7607534
1.8571059
3.4185894
-0.2639321
0.4012761
-2.2666254
-0.6581773
1.217447
-2.7954848
-1.2919688
1.289155
-0.21190628
-2.133338
0.54262966
-0.28525156
3.2536123
1.9014328
-2.1441932
2.0564346
0.2839585
-0.3678824
1.2211537
3.0645964
-1.1729273
-0.8373366
1.1018775
-0.31929666
4.9447837
-0.74129075
3.1140203
-2.2565436
-2.4651635
-3.1701908
0.789454
0.48712105
-4.019301
-2.016988
-1.1450918
-0.7259433
-1.1109796
1.5154629
-3.326398
-0.0818808
-3.0304601
-1.22051
-0.563528
2.9240842
1.2001156
2.9353807
0.2798122
4.615851
-1.0789926
-1.3343694
0.83560383
4.083384
1.6436303
-0.33379117
0.78416526
4.6559534
-1.9195956
0.1903137
0.22131294
-0.050050795
1.8430729
-0.111925304
-1.221332
-0.43487304
-1.1909596
-0.20278212
5.887687
0.6194223
-1.7031816
1.116845
-2.5601466
-1.7553049
2.9310865
0.20218036
1.2798096
0.28491506
0.39189953
0.67043763
1.1004268
-0.45513314
2.6086764
0.10098166
-0.19387467
4.4437604
0.32541618
-1.282992
-0.33013347
-2.5660784
1.5917127
4.5890565
-2.7389302
2.084174
-0.82149833
-0.46280524
-0.9953206
-1.2125348
1.1347352
-1.9731953
0.35288742
0.8144685
-1.4120538
-1.6980642
1.3393022
0.6141011
-1.8365289
3.0582309
2.0606258
1.6087924
-1.9816993
1.4537716
1.8175662
1.6437008
-0.7371955
-3.299317
2.1147497
3.9606578
-0.23626131
0.9256856
-2.1821358
-1.1634904
-2.3188622
2.1155324
1.9842238
1.3912833
3.17972
1.8746635
1.3231719
-1.9087695
1.4585899
3.62933
-2.3084369
-2.5021744
0.6014241
5.0115175
2.5314145
-2.5268428
0.1406988
-1.0359167
-0.840566
-0.48439777
-0.72859067
-2.0459597
-1.8315877
-2.582698
-1.0632646
-0.08498005
2.4716089
-3.68556
-2.9235291
-4.385432
1.7057858
2.3982804
1.223272
2.997691
1.7109513
2.0655706
-1.519995
0.25970793
-0.619085
-0.11939923
0.43107134
-1.2824082
2.1834595
0.5483306
1.6041405
1.4636153
0.037007056
-2.985734
-1.8065375
-0.072903715
-1.071011
0.8474613
-0.19451237
1.6508031
-1.4539887
-1.0667837
0.14746216
1.5592235
2.4435182
3.5650537
-1.6219969
-1.0118802
-0.35267836
-0.26019868
-0.37526804
3.407169
-1.1332481
-1.0216808
5.4492326
4.885659
0.20892753
-1.6473898
3.1700675
0.32846278
2.5295703
-2.9934201
-0.20430529
1.6142108
0.7180766
0.15199077
-0.63130254
2.742691
1.7544672
-1.1984861
-2.4130085
-3.302989
-0.009562239
-2.7367234
-0.36739755
-1.8681179
-1.5179822
-2.4394658
-1.6370417
-0.3921802
1.0276488
0.024401106
1.3521183
4.047494
1.8166639
-0.94105154
-1.8002027
-0.6317069
-1.7262527
-1.0877233
-1.2554314
-1.589579
-0.16676673
1.9863179
-0.043504342
0.066919744
-0.8987205
0.7497527
-2.7449324
-1.5505445
1.326237
1.6226251
-0.65037435
-0.46078292
2.027242
-1.9212961
-0.6752231
-2.2463272
-0.19716036
-2.763841
-0.9277773
-1.2442968
-1.7836316
2.0972838
-3.9283514
0.75857073
-3.1555138
-0.7778499
0.41058087
2.593433
-4.3685484
-3.1883361
1.6963233
-3.6878827
0.45954812
-0.6631472
-5.078852
-1.3962696
0.07775329
2.234293
0.18503518
-0.324648
-1.022482
-1.3923081
0.10515579
0.21054395
-1.2746493
2.2704003
-1.3166636
1.2864074
-2.4776676
0.7123482
-0.7609772
0.64895475
-0.9326226
-6.0882373
0.9313717
1.075004
1.172053
-1.0917764
1.1997849
-0.51371086
-0.98751086
-0.7832569
0.96916044
1.0254735
0.40254262
-0.46122774
0.37745023
-2.808251
2.0532045
0.60863304
2.5679822
2.2257535
-0.74146
-0.41593662
2.3441217
-1.7755475
-1.0827694
0.051267684
-3.4455373
2.3303921
-2.5989547
1.5961812
0.34466955
0.64023507
1.1187916
-4.6986623
1.1454321
-1.6599374
0.5355407
1.5616574
-1.3747861
2.369234
2.2538273
0.91459453
2.6073709
-0.19626822
-2.6428108
2.291498
0.962119
-0.43614683
-0.260966
-2.8737965
-1.2539654
0.16589245
-0.06491855
1.8401347
0.869549
4.0874166
0.4426468
0.98537344
2.0559947
-3.551581
-2.7894459
2.0149276
1.180729
-2.450934
-1.6365182
0.33048934
-1.7853563
-0.41793025
-1.2752398
-0.72728395
-2.3582332
-1.7599167
0.49606872
-5.1560016
0.8903164
0.35029033
-2.5131414
0.6660046
1.2267566
5.456755
0.38996866
-2.2452426
-3.8884783
-2.779542
-2.0674055
-4.0290747
-2.423614
2.6577635
-3.927578
-2.7592177
1.2289225
2.5203102
-0.20530543
-2.1171455
3.171354
-0.25827202
1.7603321
-3.2362697
-0.8097615
1.3325797
0.4326283
-0.5549449
-3.3605201
2.5766969
2.099342
-1.4858471
2.2977703
-2.2436519
-2.1087766
-0.39022163
1.9593451
1.1565424
-1.3507231
-1.9418625
-1.9639449
3.374517
1.7284994
-1.1042688
-1.6004272
2.079372
0.7625134
-2.9309723
2.6327999
-0.61309487
1.1562533
-2.7357113
-0.13065484
-3.8298645
0.522664
-0.5645421
-1.6853334
-1.2984896
-0.046953045
1.021349
-0.569419
2.0729141
0.81988645
-0.5169528
-1.0993419
0.91908425
0.07968694
1.8109343
2.1820328
-1.022275
-1.7884448
1.7662799
2.2568629
1.4957271
-1.8159522
2.4810276
3.3279977
0.22604167
2.2246644
-2.2366102
-0.50604546
-2.5260928
2.3001003
1.9180958
-4.5607224
1.4169554
4.350186
0.6216347
-1.3274761
0.97023267
-2.2942274
2.4474595
-0.17030053
-1.732397
-0.73707175
-1.2198397
-2.9887998
1.6441134
-0.78749144
0.63153493
0.58881605
3.305093
-0.821489
0.77953655
1.5960795
-0.063300215
1.146923
2.2016842
-0.80324227
-0.82613474
2.3056817
-1.1966923
-1.2569524
-0.13151467
0.5430044
-0.37604094
-2.496937
-0.35886395
-0.7138689
1.4858596
-4.393283
1.039481
0.31337938
-1.3890467
2.6031475
0.615882
1.6849929
-1.6432395
-0.28584623
-0.806848
0.00049292296
-0.583106
0.91311926
-1.0482819
2.1790242
0.67751795
-2.3243432
2.0498686
-0.13116115
2.688658
2.285294
0.12837654
-0.029282816
-1.172378
-1.0838472
1.6261951
2.5410552
0.15817127
1.9947584
-0.676577
0.8847434
0.5248453
-0.48656276
-0.72041684
-3.2484808
-0.6346999
2.9320166
2.6355598
-2.3032436
-0.040504802
0.63490534
-3.0585988
-3.647304
0.020385016
-0.111272134
1.3552841
-2.684843
-1.647323
3.323206
-0.36641848
-0.41203362
2.0285113
-1.6953514
-0.70767474
2.0777183
-1.0923985
0.40079308
0.6225624
0.33228818
-3.9542646
-0.61221963
-0.14374033
-1.3604852
2.9028635
2.732681
0.23919266
-1.501054
1.409359
0.2108638
1.7087339
2.8040845
-0.6150769
-1.0912918
2.29483
-0.85550743
0.5338497
3.6044593
-1.1918267
-0.909494
-2.3891816
1.6241227
0.89018464
-3.7339215
-0.58481246
-0.3947925
0.68382466
0.7706653
-1.8331802
-0.6341901
-0.43754375
-2.0930114
2.7404487
1.1939447
3.307788
-2.073943
-1.0864394
1.4304837
-0.7800505
1.5584412
-0.4453689
-3.8692775
-1.3462887
-0.09994737
-2.894907
2.31804
1.8845595
0.9212638
1.7733325
3.4838068
-0.2813095
0.3296217
2.5850172
-0.9820818
-2.214076
-0.8135709
0.69358987
0.73175853
1.6290295
-0.15404929
0.92692274
-4.0628214
-2.7759893
-0.5713754
-1.623982
0.2610991
-0.6998563
5.4082055
3.660429
0.86565256
1.5617428
-2.749916
-1.2291733
0.281918
2.325327
-0.184698
1.2567332
1.8891793
-1.7319058
1.8831298
0.01724641
-2.7391112
0.99831915
-3.6831722
2.3197465
-1.4422463
-0.7788116
-0.26948458
-0.012399659
0.45521674
1.4538965
-0.88112664
0.17283402
2.0329537
1.9498129
0.9298235
0.29449022
-0.94547707
1.3034393
-2.0243583
2.0431087
-1.1635201
-1.5004877
-0.66318965
-0.016627122
-2.2506797
-1.5753986
0.6823587
-1.8833194
1.2197512
-2.3878093
0.912661
1.0492463
0.33848956
-3.2074347
3.1222744
-0.81737304
-3.7878714
-0.6910154
-0.19378331
3.2619486
-0.80888057
-1.8969568
-0.22591622
-2.2682538
-1.6029853
0.8903483
-3.3797314
1.6286598
-0.20889026
-1.3452057
0.6911966
-0.46514687
3.1934123
-0.5863838
-1.6747575
-0.32086244
-0.32095793
-0.16024587
1.0550009
-2.484791
0.34056264
-3.2494037
-1.9167551
-0.99700046
3.5907543
0.15751427
-3.0567405
-0.9295679
2.0646367
1.5899619
-3.4660385
-1.3364725
-0.4746474
1.5581025
2.688513
0.49309582
0.7424156
0.6176334
1.5997722
0.04001169
-3.3572383
-0.31959742
1.2075863
-1.2976431
-0.6165687
2.8185978
1.7416899
1.4757214
-0.23149136
0.55802304
0.41729218
0.6910972
-4.190075
-4.226035
-1.7494991
1.3356239
-1.5141844
0.6865863
-0.032106318
-2.3884983
-0.9401768
5.5141516
0.27167428
-1.2426002
3.341499
1.641734
-0.17762965
3.919676
-0.03051804
-2.9307594
-0.40533203
-0.64219224
2.840656
1.5692234
3.7637174
-2.3407176
-0.023543745
-0.50364614
-0.43779075
-1.8747174
2.1832247
0.17716627
-1.8753649
3.0560632
-0.28229368
-1.157728
1.0663518
-1.0044726
-0.81908613
-1.3504791
-3.3003747
-1.856418
-3.3798983
1.5915389
-1.0047452
3.349951
-1.4436649
2.188093
-0.69338447
0.8631372
0.98357254
0.24843848
-0.7560149
-2.4868786
0.11196012
-0.3731605
2.3675354
0.99001324
0.624301
0.16202566
-3.4973316
-3.3766668
2.82051
-0.6876744
-0.10547002
-1.292754
-0.73436534
-5.2088766
-2.7456815
-0.97268224
-3.3882384
-0.5755762
-1.2358706
1.8880992
-1.5674729
-1.1581253
1.5962083
5.3331537
1.3691671
0.36346567
-1.7733202
0.7824653
0.09968401
2.2226586
0.5830975
-0.20223856
0.21757719
-1.9888233
-1.6129185
-1.7992326
0.12765197
0.9551799
-0.7580526
1.0256044
-0.25003397
-0.96535254
0.87783945
-2.5033615
2.3339295
-0.24138898
2.1696553
2.233285
-4.730135
2.2135239
0.98608243
0.04979019
1.4684665
-0.23929688
-1.0203387
-0.83172
0.86962914
-0.3327498
-1.9509174
-1.1348058
1.7057147
2.398862
1.9373926
0.22352985
-1.1583313
3.019781
-0.4664139
-2.029235
4.279293
5.9169083
-2.4403293
2.572765
5.0833178
0.70835215
2.712665
0.9395879
-1.1599624
-2.317856
-4.234641
1.854424
-0.80432963
-1.1123481
0.4017289
-0.21502155
-1.8401301
-0.82708603
2.4828017
-2.074561
-0.59844506
2.3323994
2.8238752
-1.8515528
0.5051264
-1.0547215
-0.11126661
0.62711555
2.4612634
0.7574375
1.2586112
-0.28930902
1.0773947
-2.980037
2.9731376
-1.997213
-2.453723
1.099086
-2.290012
-0.13320401
-1.5217665
-3.1057997
-1.368148
-0.41953477
-0.52796483
0.23796055
2.877376
-2.6748295
0.19822311
-0.21079166
0.015920512
2.0835586
-0.26635343
-1.8452907
-1.0082328
-2.0551035
3.8815491
2.994271
-0.10204424
-1.7769095
-0.13419384
-1.1837494
-2.7386923
0.97470874
-0.6920573
1.6884463
0.14969248
0.2791151
2.4539108
1.6530911
-2.40188
-0.83855206
0.22783545
2.7217908
2.8423412
0.92526835
1.6154164
-0.7999482
-1.3967892
1.809498
0.9159548
6.0045557
-0.6647544
-0.30046853
1.2123059
1.9785242
1.3275131
2.2783823
1.5001127
-2.2570612
1.9175994
-2.165285
-0.08059525
-0.5967094
5.209176
-1.4831368
-1.280128
1.0007789
-0.38957945
-2.0310645
0.60467154
-0.6668298
-3.5854726
-1.4036008
-2.4552624
3.3435583
0.38149428
0.060952723
-1.2663099
-0.69695854
-1.1256602
0.9371889
-2.1599693
2.4726315
0.23833695
1.0191718
-0.02862037
-0.43079647
-1.1940527
-2.4807713
-1.2473191
-2.919046
1.1268231
-0.33259326
2.412199
1.6373427
1.6931336
-1.2174566
0.9150337
-0.4811543
-0.78569984
-0.7337519
3.2532585
-0.3047561
-3.8243089
0.5878473
-2.8021123
-0.040762786
-1.5671324
1.5362058
4.057196
0.4523755
-2.2527442
-1.0857747
-0.34928024
0.025636107
-1.6597617
0.25288337
0.318208
-1.1462572
-0.0061413497
-3.3637135
-0.034458578
4.912631
0.618756
-0.6094526
-2.0046406
2.0546122
1.3792166
0.82619536
-1.4716079
-1.4630902
-3.158289
-0.046158396
0.87104666
1.5649282
-4.698893
-0.36908495
2.073641
2.684458
3.542872
0.20789695
1.6614406
-1.8765714
3.9481444
0.5498337
-1.738884
-2.350341
0.81278515
1.592539
-1.5335441
1.1595724
-0.39633274
-2.0443265
-1.2103122
1.4042118
-1.2374805
-1.6931008
-1.2676449
1.1103493
1.0757148
2.299254
0.5860027
2.6156013
-0.16144046
0.8048242
0.8447785
1.1938729
2.7813206
-2.3009672
0.9656154
-1.1288835
2.998972
4.38127
0.8618083
1.1137353
-2.315574
-2.055535
0.55098003
-0.07023307
1.5117496
0.5735889
0.14813003
0.27644858
0.43535304
1.9441801
1.5313973
1.5499984
-0.54783076
1.4404408
0.7099244
-1.4379162
-1.8219715
-1.2687193
1.4991611
-1.8793631
-0.88940346
0.07432636
-3.9063437
-0.34647197
-0.0951538
0.017703466
-1.914356
1.640326
-1.366825
0.4998443
-0.61764663
2.0814614
-1.0051274
1.7821803
2.8483734
-1.3792349
0.6858424
-0.13667998
4.268962
-1.0710291
2.6911986
1.5644765
-1.1522571
-3.0724876
-2.0828998
-1.8096107
0.026442498
4.2412024
-0.42532444
0.2432718
4.34104
0.77332306
-0.1060518
4.1361814
1.8727759
-1.2654724
0.7764757
-0.775078
-0.46955863
0.5575217
0.35490367
0.85131717
-2.5648322
-2.3902187
-0.723978
2.2071743
-0.47833455
-0.18632212
1.2927758
-3.7140758
1.6989951
0.6615241
4.7756
3.462268
-1.5523868
0.6267436
-3.346485
1.8561246
3.756046
-0.6082266
-1.3015063
0.2127021
0.19597664
2.1817038
0.6296344
1.0516436
-0.67767775
0.22707315
0.97720623
1.5751612
-3.2295341
0.54569715
-0.3420692
3.2822695
-0.76020366
-2.3687289
1.6007266
-2.5238163
-0.46238118
0.6027288
3.3790965
3.1045895
2.615759
-1.6083362
0.18898977
-0.6879497
-2.2889972
-2.0795324
0.28377298
1.8744651
1.5145956
0.6197535
-1.581706
-1.557796
1.4740795
-2.6005943
1.173809
-0.7338325
-2.5625944
1.1298724
-1.3417076
4.9204907
-1.9980364
1.3354987
-0.95976835
-1.0264095
-1.0104042
2.8022923
3.748407
-0.12888566
3.0703528
-2.936528
-1.7443168
2.3916888
2.0699382
1.833823
-4.8625646
-2.6929195
0.825505
-0.84499305
-0.8263835
1.1415952
1.4909717
-1.1579672
-1.1509191
0.7289155
1.3157083
1.6163044
-0.77584803
2.0259216
1.5673971
3.4509149
-1.2348783
-2.0009336
3.348964
-2.9526386
0.65733784
-0.36128694
0.6291514
0.7048176
1.7658007
2.2082098
1.329487
0.87272006
0.11943068
6.452927
-1.7797993
1.8906174
0.012585681
0.4851231
-1.1022696
-1.5337858
-3.0021644
-1.6887554
-0.9407911
-0.9106184
1.4992183
-0.71141344
0.1697245
-2.3320951
1.7704195
2.4724472
-3.207704
-3.7803578
2.0868824
1.0331764
-0.28452873
0.7541084
0.32642674
-0.8577405
-1.8095005
0.060385868
0.9767461
-1.5134153
4.156642
-0.43641573
-1.4880875
1.4588194
0.5324981
-2.5135581
-0.87454075
2.6704419
1.2448214
-0.41001412
5.329152
1.1100186
1.5263712
-2.0715058
-1.3928479
0.40449914
-2.186414
-0.80831593
1.1513268
-0.8368732
-0.952954
0.40831774
-3.401624
-2.3419027
-1.5586672
-3.8509922
-1.9504448
-2.352642
2.146194
-2.0925934
-2.4111617
3.8022518
2.4139721
1.1638324
1.2725253
1.9123446
-4.070553
2.7619948
1.3148618
2.2718003
-0.09311548
1.7669199
0.107230954
-1.0199171
-1.7432121
0.6502259
2.0951233
-0.0100556165
0.1906147
2.157777
1.6720147
1.6720997
-1.7952456
-0.41351554
-2.1736183
1.1059475
-4.034672
-0.90474373
-1.8913721
-2.0416026
-4.044582
-0.67047274
-1.5391586
-1.2281195
-1.302274
1.0877777
-1.1371846
0.4809675
4.220252
1.3893698
0.84067553
4.3461804
0.08231497
2.023741
1.2543029
3.0036907
-0.23464642
-0.67637557
-0.42447966
-0.82004225
0.049237356
-0.8629453
1.2486248
-0.9950038
2.9958222
2.2290685
0.14394617
-0.061219215
-0.045862205
-0.09634572
-0.73057616
2.9860964
-2.515436
4.623128
-0.35970473
0.7388162
2.8665009
0.58361256
-0.56196153
-2.7540905
3.7529128
5.523721
0.54574627
-1.1235034
-1.0482631
-1.0689601
0.7131181
-0.09159572
1.0253026
1.1008308
0.77259284
0.28099066
-1.3959882
0.44762343
0.43233693
0.7915926
3.7904966
-1.7569197
3.428761
1.1137414
0.46872264
0.91126966
-1.729924
0.07798695
-0.9112388
0.9493671
0.81062305
-0.27011317
0.44073313
0.6056133
-2.9346564
-0.22751501
-2.1825786
0.9816888
-1.444456
0.713173
0.3039524
0.79608756
-3.724878
4.723218
0.39066064
0.7796768
-0.016481921
-0.1714641
0.852635
-0.61514217
-2.3076928
-1.4671307
-2.3688893
-1.4513912
-0.7781087
-1.4378369
-0.49263215
-2.4305594
0.2857589
-5.162335
0.38981065
3.9975777
1.5017474
0.5131851
0.31564862
-4.4308167
0.32528472
0.42746568
5.146707
-1.3723814
2.2107615
0.29037338
-0.05607635
-0.9850526
1.3154105
1.7028644
0.27747437
-0.389212
0.70607024
1.2054065
-0.57829034
0.02429191
0.21841706
-0.5774347
0.620184
0.22072634
0.4832009
0.92498654
-1.1068007
-0.6108383
-1.7954992
4.22994
0.2445586
0.6599261
3.0485222
0.22632521
2.0569715
-0.7825704
0.21610782
-1.9618065
-2.696947
0.23169798
-0.34480247
0.020103715
2.7051806
-2.6515827
-1.0653089
0.57196593
1.2919284
0.37703687
1.1200031
-0.44600388
-1.5771356
5.654731
-1.5590079
1.6824529
0.9632762
-3.5465248
-2.8712144
0.6629731
-1.3898711
2.0972886
-0.4206114
-0.83232313
-1.260246
1.3536911
-1.0747801
-2.2858114
-3.6487226
-4.239336
0.051139772
-1.1569341
-2.0857897
1.5090235
-0.32834232
0.40000436
0.030394472
-1.526613
-0.68271285
3.533146
-2.2579885
-0.18938655
-2.0922022
-0.37372404
-1.6442916
1.042201
-1.261205
1.0124931
3.2771447
0.16195825
2.1123238
1.5811499
-4.228717
-1.96035
-2.9197824
1.6822251
2.108971
1.872869
-0.59121746
-1.8250465
-1.4082351
-0.94582415
-1.1424757
-3.690871
0.32049355
-2.060301
-3.4838953
0.10599796
-1.4087284
-1.0858893
1.557059
-2.424019
0.51258737
-0.6372805
-3.221592
2.5522451
3.398752
-0.33779252
-2.0699677
-3.716428
-3.040012
1.8959292
0.18982375
1.9050424
-2.4105651
1.4045393
3.072543
0.3891241
0.99609977
-1.37901
0.6708283
-1.0715239
-2.8057446
0.35451
-2.443094
-2.2607605
1.9911051
2.9864664
-3.0584788
-1.4771587
-1.6968256
0.80930245
-1.7352421
0.9329245
0.19314292
-3.7565773
-1.1185285
-1.2507585
0.012111627
-4.3122077
-1.9165206
-1.2170318
-1.2230146
2.9493518
3.0146635
2.1531582
0.06947315
-1.0332639
0.54656714
2.1286273
-0.92230636
-2.61593
1.7750607
1.3366463
0.24435455
1.8336835
0.27390796
1.2973189
-2.0274043
-3.7658198
0.8319213
0.6828693
-0.17541397
1.3534207
0.40245232
2.1061707
-2.2517169
4.490129
2.1571474
-1.146943
-0.70939064
-1.2533242
-2.0082138
1.1658698
-1.127537
1.3958619
2.422646
-0.8146851
2.0802183
-1.0179912
3.2503815
1.5160719
0.0043402985
-2.7907364
1.4806951
-1.181114
0.8583209
-4.078627
-1.4846554
0.28774238
0.65119034
-2.7543533
-0.28121105
2.771558
-1.7298329
-2.3620927
-0.066524684
0.9412718
0.877105
3.617891
-1.1648859
-1.402231
1.0477568
-0.10484331
1.5009931
-1.5613579
0.8914019
-0.9233231
-1.274962
-2.5714948
-0.15443107
-0.7189515
-2.2425692
1.9192432
-1.9081829
-0.039161876
-1.7165935
0.62727827
3.0884347
1.1342139
0.38384694
0.31908342
-1.5200112
1.3416827
1.4557745
1.5334008
1.1378449
1.7144092
-3.697904
1.070087
1.0197409
0.27223986
3.5668862
0.5296247
-1.0451906
-4.3387213
0.6319031
3.401172
-4.410488
-2.310186
-0.48267013
-1.7540927
0.16440779
-1.9848318
2.079425
3.0893877
-0.0390612
0.64740086
0.023927394
0.9761905
-1.2987268
-1.5580882
1.2194419
-2.5831933
-0.15703025
-0.7572155
0.688765
0.67689794
-0.04079348
-1.0080999
-2.4977853
-1.3498024
-3.254119
-1.4462633
2.5111105
-0.45766756
-2.2862222
-0.56913877
1.7218069
-0.87924784
-0.61273456
1.2652925
-3.6440527
1.4940464
0.7918198
0.61028033
-2.1613266
-3.7728233
2.1987658
-2.2397864
0.882033
-2.0889122
4.5442886
2.7738323
1.8913857
1.6807617
0.94091135
1.6307893
1.2905706
-0.791272
-0.021129116
-0.4451274
-2.374661
-4.293039
0.32626623
-1.364551
-0.4156445
3.7553132
-2.533004
0.09038825
3.2525468
-1.374742
-0.36414433
-2.112799
-0.56785065
1.6245053
0.7063435
-1.6260445
-1.5164194
0.74014753
0.4805135
1.490751
4.330417
-0.02796287
-0.83165973
-4.4251328
-2.7657714
1.9266171
-1.0003102
-1.8056122
1.23531
-0.6324531
3.013039
1.4537618
1.808586
-2.8225434
0.3056397
-0.31081608
-2.823063
0.8561651
1.229227
-0.73673946
1.432868
-0.8556874
0.60869724
-2.424651
-0.3747428
-0.23193967
-3.0501616
0.51385653
-0.4776234
-0.6766425
0.04397572
0.030512623
-0.9431483
-2.2878075
1.843898
-0.20184577
-3.0142334
3.1375165
-4.099466
-2.6091835
-3.3012698
0.8203434
0.21786147
0.28698987
2.8338387
3.1281753
-2.037775
-1.097322
-1.0122774
-0.006523095
1.2496608
-1.9187315
0.020677872
1.5267098
1.5564375
-0.10489634
0.8933161
0.04090201
-1.681948
-0.25291127
-0.59765196
1.1458167
-1.3161668
3.0076962
1.5137587
-0.3777368
2.7034948
-0.4583627
0.05086855
-1.2228154
-0.11296277
-0.6528343
-0.6103065
-0.298904
-2.5619428
1.1448901
1.781911
1.8041804
1.5774012
-1.7139825
2.1831796
-0.07731339
0.7058489
-1.2513834
0.84416574
-1.1798285
-2.3387876
2.0342932
2.6951506
-2.4591408
-0.029851638
1.4775367
-1.6733652
-2.7320962
-0.21123934
3.289457
-2.0280614
2.216526
-2.3473406
-2.2925575
-1.3506517
-0.748052
1.1960837
1.6496693
2.0365293
-0.1680052
-2.325645
1.7544434
1.2472268
-3.9025934
-0.87154526
3.1345117
2.2873652
-0.811288
-1.1358336
2.8270931
0.014199946
2.8980455
-1.6150721
3.5493915
3.0891557
-0.5994996
0.78099614
-0.7958589
-1.4945569
4.241972
-0.8078329
1.4094621
-3.035772
-2.1470604
-1.5202699
0.66648597
-0.5280926
-0.16148058
-0.58425134
-1.0916884
0.15075135
0.6443798
-1.4948391
1.1696674
-1.4904284
0.64055306
3.3917894
1.6092997
1.8063686
-0.53133327
-0.88282365
-1.4992008
-0.74129504
-0.20414203
0.23408067
1.1941903
-0.48423773
0.37911096
-0.29495347
0.5659166
2.170483
2.422417
1.9455817
0.03329218
-1.3116796
-1.3799902
1.3120446
-3.2272546
2.7753458
3.156187
2.32804
-0.3412333
2.303889
0.33744398
-3.7971325
1.1175687
-2.7757177
4.7096624
-1.2811245
-1.9138651
3.1373663
0.048571765
0.08886567
0.85820335
0.42181006
-0.7523594
-1.0978155
0.6323891
2.8081765
-0.11260728
1.3527495
-2.5540266
1.7128913
0.008908778
-3.178823
3.2383356
2.24542
-2.8691263
1.7829413
-0.54502046
1.0140272
3.5497694
2.6396773
1.701657
1.9068148
-0.5564403
-1.3031929
0.21688074
2.1124942
0.51146746
-3.5563009
1.2291052
0.031497627
-0.2631278
1.9491892
1.1750851
1.768321
0.9612825
-2.1069098
-1.8210284
2.1482346
1.7291622
2.804759
1.1086146
1.6802714
0.8175508
-1.3323771
-0.9971145
-0.40605623
3.7591453
1.2702413
0.75808215
-1.4485605
-2.192519
2.3044484
0.021747835
-3.4288535
-2.221125
-3.6967125
4.625047
3.7566526
0.6965468
-0.19400829
2.7643719
-2.0451877
4.2450876
-1.2773514
-1.947346
-0.7627973
0.8442543
-1.5196998
2.906253
4.006715
1.3439213
3.5407155
1.3989992
1.6109191
0.843211
-1.697598
-0.79632896
-2.6570158
1.00087
0.06337077
2.4409604
-2.9707007
2.160038
3.2065842
-1.3691735
-3.6752555
0.5290158
-0.99638736
1.9176426
0.973553
-2.57691
-0.6463617
0.010562211
-1.4044647
0.32302946
-1.2160515
1.3335401
-1.1044929
2.7080176
1.0802081
0.4484462
1.3889261
-0.55016875
1.1320322
-1.0855848
0.6534101
0.091680735
-2.0845957
1.921342