Nera
2
1.7212063
-1.7710546
-0.25439352
-2.4603214
-0.3924248
-1.3764927
1.6365095
4.7044573
1.0052664
-0.18349391
0.50136894
-0.9741456
0.7372976
0.26301187
0.43554148
2.0984716
1.178591
1.2196368
-1.9273843
-0.41205359
-0.4993557
0.12584862
-1.2439052
0.9498661
-0.18269217
-0.97887486
-1.0429697
-0.37371594
0.6424616
-1.1298621
0.4383816
0.639942
1.1225682
0.6428965
3.770173
-2.9678934
3.1943712
-0.23204891
-0.8842914
-0.9257061
-2.9814715
-1.3840747
-1.0013998
2.4966981
-3.7156403
0.9410282
0.3401878
3.1628335
2.0158758
0.4838115
0.8035262
-0.40494344
-1.8898778
2.444533
1.8620868
1.0203357
1.2394007
1.0256456
-1.5121938
-0.8698197
2.0707247
-1.7724911
0.8905895
0.95099336
-1.0209181
3.535025
-3.3219519
1.6827217
-2.708307
-0.86502606
-0.33440474
-1.4059492
-0.34779486
0.452034
-2.2893274
-1.6132246
2.5146298
0.42395523
0.57156664
5.749672
-0.72847044
-3.2009504
0.79108953
1.1226048
-2.3076003
0.6490865
1.5432371
-2.636456
1.1691924
-0.4269741
-1.7590334
-0.33719313
-1.960549
0.10569196
0.43444854
-1.3291752
-3.1185343
2.9565797
-4.9406767
-0.22247835
1.7269356
1.5396429
-1.5751085
-1.7483746
-1.4967228
0.10076264
-1.6681168
0.5570512
0.9704561
3.5055814
2.8240805
1.3735657
1.2712631
-1.1465628
-2.758308
0.088444784
-0.82333094
3.6400664
2.7160597
2.0183554
1.6560479
0.091267
1.5015732
-2.5038328
-1.1997991
0.8743932
0.74627525
4.7465887
-0.30773786
-0.63406223
-1.5154411
1.0055596
1.3676146
-1.3824939
1.332846
1.0937912
-2.9960356
-0.13183677
-0.32069093
-2.4757009
0.86691624
3.059211
0.4031772
-0.58219826
-0.310113
0.5119274
-0.8869859
1.148797
-2.9298825
-2.8365421
-5.310621
-1.969985
-1.285093
-0.17550519
-2.7386055
0.42002618
-1.4159781
0.80488145
3.3339293
-1.5191807
-0.3872895
-1.2800431
-0.79884607
0.6929092
-4.0306425
2.8124206
-0.8429577
-0.33443135
0.14560153
-3.3549411
-3.7026134
1.5526999
-0.27566978
-3.0469313
1.4859314
-3.9163742
-0.6663548
0.1920989
-0.7433401
-0.42557266
0.58081925
-0.3003794
1.4783092
-1.2849363
-0.07812734
-0.7881137
1.4068351
-5.9551506
0.08713684
-1.3731295
-3.222708
0.09524069
-1.9713007
4.39688
-2.6820824
-0.24749388
0.22062366
-2.054167
-0.17996626
1.5978457
-1.7902225
-0.25687182
1.6514665
-1.6986405
-0.51885515
1.9574547
-4.1110015
-1.0241439
-3.07794
3.3013654
-2.6345322
-2.2011266
0.116054
0.56423396
-3.9143667
1.4880815
-0.3036927
-0.6123048
-2.3526568
-0.34294546
-2.7548988
-1.2212371
-1.5506961
3.4190085
1.7269474
-0.074742585
2.3963096
0.29586664
2.577145
-1.0428041
-0.34691575
1.2842671
2.0106196
-1.5436332
1.6501722
2.6589792
1.6504443
1.0506742
-0.56109184
-1.7623379
-1.166698
-0.0057012364
-3.7879438
1.8422502
-2.129208
5.519922
3.3502142
1.0608128
1.8836651
0.97065854
0.92300075
-1.8089782
-1.0627422
0.2229692
1.7957536
-1.0762957
-2.3913205
1.652534
0.4397675
-4.5753946
-0.19069013
2.4082277
4.12871
1.1612198
2.716832
-1.7316725
-1.9346122
-2.0013616
-0.2405363
2.103374
-0.40246773
-0.7941776
5.115103
0.7836111
2.6296616
4.246492
-0.0131839365
0.3459196
-1.5217456
2.237557
-6.024494
-2.4961627
-0.13828054
2.167537
-2.0307636
0.8982994
1.3572959
-1.4002615
0.9731809
1.0011054
0.25974596
-1.0753943
-0.047475614
-1.349843
2.1505497
-1.0396796
-2.1549978
2.6834524
3.1190357
3.1824334
-0.15206456
1.0640728
-1.0627121
2.1509714
1.3482198
0.7821611
0.5975623
-0.5141242
-2.935955
-1.6668969
0.6703827
-1.1708047
3.6037855
0.44179758
1.9815508
-1.3319528
1.0231321
0.102940865
0.99512374
2.8969276
1.6493574
0.010279499
-0.34760714
1.7602171
4.2674956
0.17117709
1.9607697
1.416737
-1.3854305
-1.1795876
0.9068184
-1.5897039
1.2699285
-0.34975097
1.4639847
-1.1413531
1.2780081
1.2359834
-1.5347238
-0.20375139
3.5939336
2.96987
0.68477994
1.2136614
-5.3040276
1.6248672
2.9731839
3.1543782
1.2217301
-0.9235332
-2.7017121
-1.6857206
-1.9268771
0.6784215
-0.6855881
2.124508
-2.270324
2.9083
-0.042021275
-1.3334674
-2.135651
2.5657563
0.9641052
1.4124726
1.259545
-2.1451647
1.3947471
-2.1303473
0.7337463
1.2052233
2.4060695
1.2752186
2.3188002
1.1148702
1.1185923
0.7408334
1.4402275
0.2757379
0.94197863
1.4269562
-0.6039381
2.2006168
1.1906193
1.366191
-0.9664747
1.3787979
1.180782
-0.7434029
3.075524
0.48799732
0.97270066
0.5601845
2.684233
0.35528126
-0.76027936
1.9822543
-1.4299973
1.9279472
1.296902
-2.0892498
0.22772804
2.731279
-0.102979384
-1.2628661
0.10720744
0.5672047
1.1393095
-0.25505567
-0.93637365
-0.8413598
3.7374868
-2.061831
3.861935
3.5580497
0.9303523
1.5839545
-1.2066826
3.525055
3.4623346
-0.34554374
0.3584249
-0.760726
-0.7782813
1.6109434
3.150964
2.8851993
-1.1662483
-2.1854298
3.980205
-0.43518057
-1.6240412
-3.41762
1.2456838
1.6521901
-4.350757
6.6478114
0.9529489
4.1761885
-0.30099073
-2.510448
-0.1725204
-0.789206
-2.549869
-0.99935865
-0.72761476
0.6181599
3.545587
-0.5785797
-1.668753
0.5882697
1.2808015
0.9042104
0.19272253
0.6918379
1.6520052
0.78601557
-1.9229637
2.822015
-3.9715676
-0.4883394
0.018144026
-0.04920864
-0.5099212
-0.34717596
-2.056142
-0.18913254
1.4297124
-0.9669406
0.93447506
-1.09535
2.1097345
-2.498105
-0.74200475
-2.5159495
-1.1117626
2.0076895
-2.7292588
0.26464552
-1.6863267
1.7521356
-0.40066352
0.61226887
4.801517
-0.37525234
0.8126532
0.08874907
0.38034543
-2.363201
-0.20001352
0.006184593
0.47951278
6.5050735
-0.20592041
0.26811153
0.66288036
2.351753
0.44128463
1.1963608
-0.5984368
-3.9029431
2.628222
1.9618546
0.44516087
0.5538298
-1.3467932
3.582263
-1.2623647
0.9950523
1.6325741
-2.901738
1.791658
1.2678052
2.8004014
-0.31602734
-1.5514921
-0.8793307
-2.9567995
1.2989519
-0.2684106
-1.0712171
-2.3678384
1.8263403
-0.050824344
-1.9755439
-1.4224585
2.9863558
-0.77065116
3.1110647
2.7019312
0.46044213
-0.8319983
-1.1608163
-0.1837683
-0.46232486
0.9743227
-1.7297602
-1.5956784
-1.5331346
0.5686496
-1.1380304
-2.2351372
-2.435376
-1.5391016
0.6908011
4.2075925
0.18516937
2.2568007
3.396158
-0.54509324
2.0680327
-0.3363855
-3.8078163
2.327025
-2.4787152
1.5220212
-0.21802486
-1.2326891
-0.9044957
-0.6001722
-1.5339274
-0.6414302
-1.1048533
-0.017698102
0.2652005
-2.7523339
2.2765737
-1.5286798
1.4519525
-0.3721168
0.18736856
-2.5355723
-2.3831902
0.98086494
0.13908753
1.9961373
0.2441312
0.885668
-2.2189496
3.3565855
0.5028702
-3.313817
2.3268394
0.28137764
-0.80953413
-1.1784734
1.3530825
0.22056183
1.2378345
0.8834597
4.407403
-3.913573
-0.20551646
2.6326952
-4.306848
-0.18016267
0.5083483
1.3466492
1.4375527
-1.2624248
-0.10452316
-2.0279942
0.4389064
-3.2761364
-0.030579142
0.10689963
2.024604
2.610698
2.4891107
-1.7456714
2.1583998
-2.803685
0.32836792
-2.7448924
0.8348886
-0.295016
0.36322558
2.2923207
-3.9364665
2.2940207
-0.5073857
-1.9003421
-0.13050595
1.2114071
-0.5296191
1.2892598
-1.779844
4.0384407
0.02556467
-0.2577517
-0.53673357
1.7854897
2.9464898
2.3597827
0.8646677
1.6707959
-1.1680777
2.483891
-3.0144825
-0.81304914
-1.7766784
-1.6213398
1.8333539
0.32403436
-2.1860318
-0.3742567
-0.04198327
0.78983104
-0.2250109
1.2019196
2.9374647
0.7377712
1.3580126
-2.1880624
0.97011685
-3.2361357
2.773419
2.9067922
0.6793423
-1.0017222
-0.22098115
0.056755453
0.690445
0.6330947
-3.414527
-2.6373184
0.72761637
-0.99591684
0.3204998
-2.1054666
0.030012794
-2.2186599
2.343804
3.7619412
0.17271581
2.401215
-1.0487654
-1.0391314
-3.0012105
-0.85858184
-1.0690507
4.155161
-0.98341674
4.2843323
-1.842461
1.6826189
-0.3221103
-1.5406384
2.0377674
1.0274073
-1.7254369
2.0224786
0.24559672
0.05879148
4.3717217
-0.33177894
-4.313767
-2.3763504
-1.7828624
-1.0042164
-0.69033116
-1.2981972
0.85336506
0.66840935
-1.835043
-4.7905746
3.0259523
-0.8401937
1.8251123
-0.90520114
-2.7737145
2.2596118
-0.35225964
0.995463
2.5375278
0.22088754
3.3554966
-1.3804215
1.3787982
1.1729008
-1.7863657
-1.1407322
1.19047
2.9890976
0.57461655
2.01346
-2.902302
-2.5167844
-1.3888907
-0.17648679
-2.390659
-0.85845417
2.1472728
-1.204464
-0.51517856
2.6373801
0.2737959
0.456195
-1.3784224
-0.7763484
-1.1526545
-0.43134958
-1.0801511
3.421036
-0.42846283
-0.051177636
2.1031206
2.5891728
3.401419
2.3382263
-3.2058952
3.0601385
0.6674064
4.285259
-0.42704764
0.43027806
2.3742783
0.06635478
0.6563946
0.32353503
2.5168858
-1.6903653
-1.0861771
2.094266
1.0048176
-5.2925806
1.878312
1.7413944
1.8559852
-0.14183396
-2.1456323
-1.9694738
-3.4081686
-0.21349043
-4.4087944
0.04579749
-0.70871127
-1.4444718
-2.0329375
1.3296797
1.622114
-0.66489094
-1.7377282
-2.644627
-1.4682716
-3.4851081
2.6042616
-1.6274074
2.4183939
0.046315998
-1.1038862
-1.5818589
-1.0076103
0.27553988
-1.9468086
1.4848702
2.1634796
-1.3130014
1.2486115
0.7905951
-1.9218528
-1.1425961
-3.5325615
1.0928321
-2.2536023
-1.307476
2.054796
0.54095954
-1.0960681
2.068768
1.2359569
-1.4709938
2.0657446
-0.56008786
-1.8971248
-0.07531217
-0.5852156
1.5792369
-3.2276828
-3.4344385
-3.4423938
0.2281994
0.4676191
-1.6808125
0.7775928
1.5329187
-0.29648092
4.39038
-0.49082822
0.33838543
-0.8041115
1.3632674
1.7035618
2.614785
2.5618763
2.0381198
-4.403474
-2.1606724
1.203492
1.0013747
-0.465504
1.2082342
-1.5507379
-0.24693005
-2.115783
-0.75742847
0.4414906
-1.8641528
1.9677548
0.40903443
-0.64491034
0.75727224
1.4198956
-2.9766273
-0.8644038
1.2305152
2.5420244
0.27484217
0.44595215
1.0695847
3.9988182
-3.8364527
-2.3349845
3.0733576
-1.9956044
-1.1302212
-1.1410875
0.051941834
2.9749424
1.4379258
0.8088893
0.03330256
0.72700626
3.0766857
1.5815752
-3.5991998
1.6291283
-2.0092397
2.1087735
0.102331094
-2.836585
-2.4125972
2.7497501
1.3276415
0.99351245
-1.5486255
-2.333556
1.8422623
-1.9927987
1.1154616
-2.6887712
-0.6309253
0.85851526
-3.6591215
0.6791324
1.1681942
3.0570555
-0.6044414
-2.133868
-0.9838084
-0.4538784
3.358049
2.0124264
-5.177016
-3.6946704
-2.8955615
-0.1605182
-1.6600174
2.0015748
0.3066012
-0.39671355
2.048416
0.25807253
0.056603976
-1.0272415
-3.894451
-0.26627183
-1.7915155
-0.59557694
-0.7115892
1.0386226
0.46190327
-0.29245442
-2.7111826
-1.9683577
3.6706817
2.7130597
-2.164231
-1.0925705
1.8291966
-4.172937
0.48654503
2.4695394
1.1055889
-2.1144347
3.401156
2.7662601
-2.2332985
1.158328
-1.967539
2.812928
-3.4290287
-0.5674341
3.2139854
-2.5490723
-1.4486973
2.881845
2.3950818
1.3922069
1.2986898
-0.40230444
-1.8377655
1.2358682
-1.3652384
0.017455585
-0.97439235
-3.2130425
0.33968887
3.648629
1.4503068
-0.81178015
0.2737705
0.70728946
-0.28939176
-0.80797404
-2.1596622
-0.80250525
-0.15255424
-2.4226007
1.4752394
-2.4203866
0.4839372
1.9295465
0.68263954
3.9339159
-2.3484392
1.0899168
-0.2489377
-3.0372615
0.29327944
-4.052502
-0.14340188
1.2320272
0.04808174
-0.89846504
1.6456918
-4.3260155
-0.17227128
-1.0448765
2.05232
1.4801501
-0.41750306
3.209379
1.5442045
1.4193065
0.7975235
2.8316555
-1.2652832
-1.7240025
1.7760469
-1.8897455
-0.032077562
-0.78438616
0.41321394
2.3235683
-0.3671952
3.375912
-0.21300375
0.92749906
0.77451974
-3.0547657
2.4579296
-0.8675049
-0.20992833
2.206137
-2.7949703
0.07189967
-1.9027176
1.1990455
-0.65511376
-0.27876115
0.4173006
-0.65752083
-3.703699
-0.1764745
-1.3596725
-0.47572735
1.4089812
1.539414
-0.55640644
0.62504864
-1.0844413
1.554742
-2.0365841
0.0777428
1.7300951
-2.513397
-0.064767264
1.9084878
-0.37497205
-1.867246
-3.1262035
1.4323062
1.2783877
0.98314565
-0.017773986
-1.6773715
0.57729363
1.3100508
-2.1112258
1.648633
1.9337314
-0.48819003
-0.3538086
-2.514408
-5.3568525
2.375685
-1.1298366
-0.46996635
2.4655397
0.10220027
-1.4032838
-0.81595856
1.5684665
0.6793475
-1.6648201
2.2208016
-3.5712495
0.37642264
-0.70060647
-1.4605254
4.711503
0.967031
0.33293536
-0.4159544
0.6929651
-1.3826877
1.4782418
2.936398
-1.0784487
1.2224488
1.379828
0.7357424
0.3787293
2.7935746
-0.75186586
-4.2811556
-1.3634486
-0.8475004
-0.8952171
2.100458
-1.0493284
-0.6132337
-2.471434
-0.48978463
-0.43781388
0.5548472
0.6491155
-1.8777053
0.9985214
-0.68567216
-4.0915384
-0.49269742
1.6662847
2.3451
-0.6613125
-2.2439349
0.974525
-0.8403232
-0.30651793
-4.1920877
-1.430306
0.82859266
-2.0606096
-0.83107233
0.7247263
-2.307179
-2.7571893
1.3041098
2.3760986
-3.9910526
1.3410187
-0.6644238
-2.3939672
1.3419889
3.8494008
-3.7642252
3.2134101
2.476038
-2.961285
1.3704525
3.4832976
-0.12706032
2.3134341
3.4155703
-1.35307
0.23431498
3.8191648
-0.5065158
-1.3918488
2.7623186
1.8727524
4.255185
1.3655992
2.5263755
-1.9377726
-2.169392
-1.7574074
1.5806477
-3.0617528
-0.39552173
0.50412565
1.1788737
2.0636053
2.5586193
-2.5446677
-1.0254809
-2.2072623
0.70159906
3.4710243
1.8475069
-1.5193901
-3.067293
-1.6129289
0.8685704
0.8622572
1.1044219
-2.0559578
0.08392787
-0.1109815
0.20040876
-0.32108438
1.5109117
-2.187063
-0.29756677
-1.238908
5.218606
-2.6633103
0.1384637
2.00627
3.7484908
-1.7838403
-0.28639695
-0.20179862
0.8946521
1.2549362
-1.5050452
0.24353616
0.36476246
-2.2164881
-0.26873973
1.8221234
-1.4346302
-1.4528841
-1.1863756
0.7851206
-2.860491
1.7538782
-0.6312054
1.7563516
1.1137649
0.64097595
0.9998584
1.5852696
1.9188817
1.4780161
-1.6131197
0.4133581
3.6116345
2.5901866
-2.1731677
1.1254379
-1.3973473
-0.55730313
1.1210692
1.4092317
-0.5187028
0.92887187
1.2875208
-0.06295942
0.05993431
2.6110382
-0.07742017
-1.6460907
-3.5331068
1.5883737
-1.295444
1.5498896
3.7166076
0.47982305
2.813427
2.8523061
0.26236758
-1.3335633
-2.403876
1.2241523
-1.5859572
-1.0105942
1.2287415
2.7635367
-0.106832914
-0.704295
3.0283911
-2.9806364
1.6186289
-0.99283457
-4.5971766
2.2032263
0.81368965
-2.5499685
1.2635621
-1.3281488
4.217608
1.3176911
-1.6279224
-5.1421814
-1.3550812
0.008305132
-1.743746
0.13304174
-0.13956535
-0.5141383
-2.1902306
2.9494567
-0.1358443
-0.5004487
-0.05936878
0.0676796
0.5019257
0.23149788
-0.558182
0.8016381
0.029376484
-5.355844
3.9483678
1.3257453
-2.0593662
1.071989
-1.3390791
-2.2885027
1.7744497
0.30005723
0.8620811
1.5319629
0.80116075
-4.64994
-1.5219877
0.7962304
0.71212983
0.81547326
1.5735695
-1.4412743
-1.929456
-3.8004222
1.2943339
0.06856663
0.48439038
-0.4719037
1.1512955
-4.3208528
1.1504271
0.93303996
0.493889
2.088112
-1.0271932
0.90228933
0.9083715
-2.771494
3.5972023
2.8645883
-1.5870886
0.24797142
-4.451698
0.91308373
-2.2409265
-2.3914828
-1.4278877
-1.7266752
0.5326291
0.15745191
-0.9313275
0.20711933
-0.028648995
-1.3636463
-1.0694917
-2.7432928
-0.004166607
-0.26063412
0.7993369
-3.0840354
-2.1960344
0.9284817
-0.24592018
-2.1302655
1.4622906
3.0796313
0.87161183
-1.8966012
-0.49474132
0.30382988
-0.000045642257
-0.52903503
0.40396753
4.4893317
3.926528
0.983939
1.4139496
-3.1490119
2.1948178
1.4985874
-1.0024067
-3.6658702
0.8634686
-5.185553
-0.7663305
-0.89078534
-0.11799138
-0.3550428
0.5684373
-1.3886281
0.8505959
0.23028278
0.42882842
-1.9270617
0.022361174
3.2505205
-0.00011726469
0.55394655
-0.4987443
1.8597233
1.7108229
1.4351915
-1.2360891
2.747356
-1.1233046
1.9953824
-3.500373
1.2462302
1.6038404
1.4523116
-1.6092932
-1.5890199
-0.5795483
-0.3445871
0.17932232
-1.0624589
0.14108151
-1.4816208
-0.41168937
1.1036249
-0.66908884
-2.0099092
-4.041224
-1.5724882
2.3361413
-1.1496512
1.7422568
-0.69093317
-0.14870518
-0.17101607
-2.9341478
0.36122826
0.579069
0.5181604
-0.62337893
0.8585947
3.5109825
-1.1304305
2.2286224
0.28553316
-1.2660134
-1.2077787
-2.328603
-1.3821052
-1.3009752
-1.1932064
-0.7363658
0.66163915
1.1851442
-0.88253075
-2.956857
-3.6600308
1.9465495
0.83662754
1.0206414
1.4689927
2.6802812
1.1177773
-1.4227704
-0.41435188
2.3079054
-0.5773654
2.176455
4.616884
-3.480582
-0.69233197
-1.4976562
-2.0716662
1.4615376
2.3612747
-0.37953925
-0.4755367
-1.2493012
3.414586
0.5166443
0.5657533
-1.3702277
-1.1370164
1.0049795
-1.0942264
1.802645
-0.90203667
-1.3044721
0.36737406
0.049292147
-1.462544
-3.1204567
0.021573491
2.895451
2.6129546
0.27587914
0.97266763
-1.8108908
1.6268524
1.537271
-2.9037218
-0.8306882
5.24334
0.8927845
-0.47720855
1.177357
2.0271885
1.196713
0.7142371
-0.7421209
-1.1686798
-0.91727674
-0.042402238
-1.3799756
-0.7649408
-2.2523313
-0.8442361
-1.0874417
1.2079536
2.1816664
-4.1207
-2.4503074
-1.7148051
-0.56139725
2.8790166
1.6678216
-2.6610494
-3.6575725
0.07333257
0.1103034
-0.8073605
3.6601915
0.7004935
2.4367616
1.6567045
-2.6112242
5.430026
0.16569822
-0.33810765
3.3561215
0.2254156
2.5058537
1.1627802
-2.9331963
0.60445726
2.8804526
1.0805882
-0.23332861
0.23334049
-1.867812
1.500183
-1.4780364
-0.6783725
2.158436
-0.83394885
-1.8810294
-1.1487434
-0.73475754
-2.211149
0.8734797
0.28901583
-0.55678153
-2.7923663
-0.58142865
-1.4125326
2.3357768
2.2143693
-2.0567017
0.9049785
-1.2337458
2.9019184
2.2044404
-2.6105359
1.4744912
1.4187385
-2.6030042
-2.6504009
-0.766588
-4.002805
0.9152489
3.0000978
-1.2987704
0.10603005
2.8186057
-0.3302318
-1.6725512
-1.7247976
0.7662393
-3.0147886
3.1083179
1.6670291
-2.1730242
0.58782697
1.4421486
1.8130621
0.38844278
-2.418325
1.398701
1.7427528
-1.7461611
1.89596
1.3067156
2.6503994
-1.6091605
-4.230574
2.4081235
1.0500349
4.6913786
-2.5967996
-1.0618883
-2.4927516
1.5483934
0.49554387
0.45123696
-0.50757205
-0.3413031
-1.2139695
-0.29034826
4.3365374
0.4167386
-0.14848962
-0.9242373
-0.047783908
0.70545113
0.44541118
1.3317633
-4.068441
2.121961
0.19214806
1.0905418
0.03617891
2.0199635
0.20163392
2.4632921
-0.21088217
1.0512931
2.17492
0.2201863
0.5833363
-1.1808764
2.2135973
1.2939273
-3.196486
1.7741789
-3.186701
-0.7766047
1.7183996
-0.62490076
2.8693314
-0.11620004
0.38924265
2.5832705
2.2208664
-0.48252887
-1.8086424
-0.98937285
-1.9301307
0.6707037
-2.0219276
-1.3160003
2.0650055
3.7318413
1.1677685
-2.6601026
-0.7674561
2.3427675
-0.39722207
-0.30754492
0.22219385
1.3568256
5.8250303
0.75301796
3.4730797
2.5005333
-3.5294633
0.34367156
1.989572
0.025023058
1.9959042
-1.2007605
2.281564
1.7875593
1.2573483
-1.8981334
1.7440779
-1.9143635
-3.84113
-1.386099
0.14848201
0.82706857
0.74251944
1.537299
0.015615299
-1.8022164
-0.66610676
0.14342152
-1.5407128
0.029766664
-3.6200132
0.62229794
2.4036753
0.41247383
0.4928023
0.9697022
-2.0807288
0.05757925
-1.0408684
3.4687555
-2.9156778
2.226249
1.6624671
-1.182067
-0.08600505
0.86196256
1.9294802
-0.82801586
0.16284925
-0.0046680346
-0.6491463
1.2414025
1.2606045
-1.1356517
-0.59013855
3.3304217
1.5918502
-4.05656
2.4683383
1.253034
-0.37036252
1.9902979
1.9714298
3.355792
0.9710734
0.54714227
-0.37027824
0.51220036
-0.6445114
-0.3079334
-0.62337697
-0.3462872
-2.8942716
-0.1098576
0.26921648
0.9014507
2.6362405
0.17485115
-1.7052128
1.8537807
-1.3852568
1.9904265
-2.6920686
1.4198544
0.80980194
-2.4027536
0.042309143
-1.3903627
-2.085561
-4.3660426
1.680491
0.38413987
0.27450117
-1.1584657
1.5641936
-1.0432975
-0.34691995
1.37629
3.105712
-1.7818202
-1.2004794
1.1135195
-0.51703835
-0.11829699
-0.8485244
-1.8729595
-2.8349524
1.8828539
-1.4718722
-0.5106067
-0.561198
-2.1820197
2.484609
-0.48849183
-4.188175
-0.759705
0.60009485
-1.320456
-0.8398691
2.7265122
0.59549725
4.864502
4.7051005
-0.17114511
0.5298747
-2.1536016
-3.0572848
1.0780219
-0.91080153
2.744373
0.8679706
-2.0461566
0.60709476
-1.2506328
-2.2561934
0.9718854
-1.7724569
1.0460173
-0.27688348
-0.31869182
-2.3075738
0.4194078
-3.0077624
2.1804178
0.32474172
-1.8101302
-1.5454918
2.320446
-2.0397346
1.8995805
0.23249716
-2.2596545
0.5933066
-0.5536907
1.3889661
3.6380558
0.82613397
1.5273681
0.22420794
1.9150145
3.2319188
-1.104093
-3.9609807
-0.4602163
-0.123082384
-0.44227898
0.77114075
1.7889025
0.54766625
1.6497804
2.5997646
-1.202714
3.2197576
3.8842633
0.5098156
-1.465282
-0.9581162
-4.4251857
-0.87203735
-0.53324926
2.8816056
0.7561565
-5.8897386
2.6647124
0.84918654
-1.1160483
1.3210939
-2.0925975
1.3695235
1.0810188
-0.7149029
0.5230969
-1.2012172
-1.3837659
2.022191
-1.001909
0.7710056
-0.57668716
2.9517918
-2.439919
-1.083502
-2.093847
-0.72599816
-2.2103643
-2.4291062
0.5785487
0.5022775
3.0622776
-1.0957328
-2.6058602
0.2619616
-0.6783841
0.7604004
0.38348603
0.30685705
-2.0771236
4.345205
0.71606964
-0.57933253
-0.81821793
-0.5688065
2.6793275
-0.6195082
-1.212555
-2.7574453
-1.2979059
1.4379836
-1.9143593
-0.10310255
-0.67389953
1.8951397
-0.6480383
3.8146725
-3.6209512
-0.16377193
-0.841127
1.4081463
-1.5285101
-0.8546506
-1.2258463
3.2086556
3.071945
0.14342713
-1.8152843
2.4336777
-2.0733514
2.8813303
-1.013454
0.7324084
1.6444216
1.0582689
1.8295245
0.7266358
3.2878933
-1.5462627
-2.1112483
-2.563298
0.117977746
-1.4624815
0.04912716
-0.20095873
0.54246134
1.1077131
0.94542366
0.89595616
2.461691
0.75399977
-1.9972578
-2.3269022
0.03659907
-3.053105
0.16918595
-0.61622345
1.8360538
2.4686794
-0.9581405
-1.9422272
0.40308043
1.0292813
1.4757621
1.7619624
0.7132097
-3.2045383
2.2200065
-2.271791
-0.32970113
-0.7502866
0.26111835
2.2265248
-1.1415793
0.73646706
-2.0384727
2.353317
6.403074
3.3529224
-0.65885174
1.8699814
-0.6398075
0.19404991
2.1436436
-0.43394846
-1.1667957
0.20258883
-1.1503011
-0.13095656
0.31657523
-1.6465892
-2.1397443
0.12582661
2.5100703
2.4628901
0.8484766
-0.15753415
2.6268613
-2.7322886
-0.24135545
0.07561927
2.6566029
3.7578049
2.7919517
1.1120875
-0.108666785
2.389048
-0.6732158
0.6608775
-2.115295
-0.79433644
2.748275
2.967778
-1.8604802
-0.978826
-2.2955887
-0.011448644
-1.4517367
-1.6286817
-1.0968709
-0.39719173
1.2755026
-0.7281278
-3.3449852
1.9948876
-1.5219975
-2.4267132
0.039823614
1.2118146
3.0979214
-1.2186669
-1.4459871
-1.6026517
2.5188153
0.869912
1.0126492
0.3659581
0.0038487576
-0.016468517
-0.7479695
-0.103668
-0.40683654
-2.9237175
1.8117983
-4.1901746
-1.7813151
1.013008
2.0921407
3.2821484
0.8752678
0.37809673
-0.22637683
3.0907161
3.8053284
0.5274129
0.355066
-0.3501418
-4.1204023
0.68406063
-2.6365108
0.47036386
-1.3655953
1.1655549
0.045601666
0.39220774
-3.913355
2.1443892
2.0385418
1.2713029
3.9518313
1.7185949
1.0953315
-0.89395607
-1.216882
1.2323633
-2.5012217
0.6776347
0.9506988
-0.4941339
-1.3040513
-0.9257101
-3.868379
-0.11637845
1.0919421
-0.3284254
0.096321575
-0.31958997
0.53648734
-2.6289258
-1.0442379
3.5587127
-1.4760514
-0.874622
1.1334189
4.6151137
0.5643218
-1.5208286
0.9704325
-2.3062534
0.7132995
-1.4632907
2.8417556
-2.9771807
1.0147667
-1.2869966
0.9507606
1.0703298
-2.0718932
-1.2278485
2.0759454
1.1415702
3.5336568
0.21559608
-0.7938634
0.19092461
-4.592706
-2.0854044
-2.1048365
0.949854
2.4014091
-1.9710263
-3.0316508
3.9025488
-1.0069375
-1.6216472
0.86791515
1.1424043
-1.5952715
0.21617347
-0.9631236
-1.0525728
0.72232866
-1.2824668
2.4958162
1.5446701
-1.6166707
-2.8020103
0.48632464
1.7919406
0.5514059
-1.2711636
1.5661298
0.50173897
2.893509
0.24018638
-0.34632608
0.28158584
-1.1258864
-0.52320933
1.305865
0.42343473
-1.4933546
-1.3474307
0.9600322
2.351842
0.18227509
-0.42933202
-2.6002598
1.5866479
1.565059
1.5873756
0.14619695
-0.93961275
1.8098613
1.2049685
2.1625242
-0.51366
0.2283242
-0.73075676
3.501617
3.8444912
1.20159
0.29310104
-1.9262224
1.8446692
0.13878931
0.390034
-0.28181446
0.6009122
-0.5530066
2.4810116
-3.5316846
1.0169152
-5.4058027
0.07967682
1.9068843
-0.36890027
-5.1356406
-1.1684244
-0.95242715
2.7764893
-0.57660073
-1.0937032
2.4702394
-3.0145416
-0.37202385
2.5234666
-3.8319566
-3.1475177
-0.21002159
1.1529483
1.2188954
-3.5551677
-0.82995236
-0.5643394
-0.9119975
3.1949947
0.6605061
-1.8713869
-2.1850777
1.6358051
-1.9849623
2.171229
1.5508102
2.2277257
1.9732753
1.977187
-2.2122104
-0.44382674
-1.4328045
-0.75149447
3.6269555
-1.120377
-0.10036926
-0.47712153
1.4314026
-0.3200627
0.62207305
0.73088324
2.6272502
2.7785597
-3.7271373
-0.6472034
-0.60822797
0.36031467
-0.16505958
-1.6206381
1.939041
-1.7380825
3.8363411
-0.104481004
1.8568583
1.3943236
-1.3338367
-2.586016
1.9529812
0.48667666
0.5653953
-3.0762522
-0.9397769
0.72404575
2.3781414
-2.0224798
-1.111093
-0.60365486
-1.3230306
-1.9090457
1.1512611
-1.3203903
0.3086088
2.2896566
-1.2079505
-2.4492292
0.003347583
-1.9766828
-0.4432455
-0.28795436
2.0387967
-0.1042191
-0.40763128
-0.020406231
1.7179753
2.4219534
-2.055576
3.233544
1.8514241
-0.029888123
1.2939802
0.22709271
1.3437468
-0.62634337
0.9569715
2.2222826
2.7155864
-1.4985719
2.2663991
-5.0632014
2.4400206
-1.7074792
1.6182184
-2.557346
1.8528742
-0.875606
-1.3854421
1.5127934
2.0812817
-0.74698776
-0.17116168
2.3710515
1.1730849
0.87947625
-1.0572557
2.4089794
-0.051544845
-0.62297696
-3.1372108
1.5303617
1.2591772
-1.6574819
-0.50352216
0.23455232
0.40933228
-0.88079065
-1.6752181
-2.2287636
2.2681704
1.8068601
1.6303911
-1.4147445
-0.5463278
3.3380115
0.8290538
-1.5890733
0.9162027
3.2413125
0.8263983
1.8748479
-1.8244402
1.0560365
-3.7194488
3.1297362
-1.5658817
-0.92349344
0.24475683
1.6031352
2.2885141
-2.1184235
0.6244956
0.8115099
-1.5227611
-1.5096993
0.34224036
-0.090069585
-1.2225618
0.04653097
0.37208444
-0.90941906
-1.1529102
-1.7182305
-3.8137007
0.34692708
-2.8467526
4.7509165
0.95403224
2.136917
-1.8221458
0.965261
0.35422233
-1.798807
-0.56177884
0.27522367
0.54757893
1.3703272
0.6558288
-2.6570573
-3.9853787
1.2386165
1.9178776
-1.9039903
2.3074746
2.3268778
-0.31621748
-1.6130377
2.0128276
-3.3940785
-0.91194636
1.108349
-0.31556696
-0.81829286
1.3039423
1.6944038
-0.04988594
-1.4977167
-3.3772895
-2.4587545
5.6434436
-1.7059599
0.7226071
-1.198911
-1.0174974
0.86204994
-3.589053
1.0872582
0.10875689
0.106460735
2.3157055
-4.066089
2.505642
-0.5851256
1.0383128
-1.2310269
-1.7646638
1.7815814
1.6999978
-0.23098612
-5.019845
0.65726507
-0.8753632
1.8419783
0.08056502
1.2863264
1.4659204
-3.4355793
-0.14589205
-2.0455575
-0.38280144
1.7384264
0.048611227
-0.47847116
1.3731254
0.15994981
-4.530193
-3.0602462
1.1721855
-0.66558605
-2.4330716
1.7768353
0.6839314
1.2035544
-2.6631963
-0.97617173
-0.31020707
-2.846704
0.730941
-1.00192
2.0287056
2.988945
1.5013721
-0.08098998
-0.1282068
1.8572485
4.58133
0.60233456
-1.2527614
-2.1884756
-2.8082666
-0.8890561
1.3278195
2.2528467
0.48770538
2.5227966
1.14476
0.8844449
-1.8548163
-0.23679218
-0.19090044
0.76045597
0.23192403
5.9217153
-1.0029866
-1.6753234
0.31816053
-1.0541992
1.7649335
-2.42066
-4.5413218
-3.3462346
2.91607
-1.5015022
0.6383709
2.3843994
-2.2908764
0.2711558
-0.43104276
0.108077444
-1.8139697
-0.20423768
1.0421087
-2.8266451
1.4418026
3.0253034
1.3512764
1.5349143
-1.9802963
-0.5329276
3.2575505
-3.0824504
0.013210081
0.6083405
3.7138984
0.916641
-3.4355898
1.0570575
1.551243
-2.5500371
-2.351483
-4.661557
-1.9125366
-1.9375749
3.5233662
1.7828587
-4.8954163
-0.44137692
0.2955918
0.55699974
-1.2214006
-1.7502353
0.56724846
-2.1480534
0.25386122
0.53765637
-0.4819137
-1.7822057
-0.9016731
2.0869272
-1.8343003
1.8386613
-1.3559092
-3.408885
-0.5406885
-0.34126475
2.162933
-1.82225
1.6111852
-4.038672
-2.1575823
-2.1129258
-2.5006657
2.7727706
1.7717872
3.857027
-2.1301203
-2.0744162
-0.52174413
0.3480277
1.1656775
-0.68361574
-1.7755666
-0.28447577
-0.13831836
-1.5801815
1.2257618
0.39063957
-2.5127523
-1.5775253
-1.1698756
-0.6205604
-1.8393897
2.1539319
1.5290148
0.71025544
0.20972408
-0.14864767
-2.4641519
-0.46957672
-0.95852196
-1.1336069
2.9119005
-0.6565722
-2.493113
0.58180946
0.83360356
-0.20665973
-1.1043109
-1.2387391
-2.9285617
-3.1994739
-1.8898649
0.013087302
-0.025846176
-1.8246118
-2.0083556
3.2701457
1.1401337
0.96663696
-1.1495697
1.1433414
-2.3049164
0.7760739
-0.5357014
-2.770041
2.4384682
1.9421523
1.63816
-3.1210618
-3.7581112
4.1878095
1.9814893
0.67536926
1.5203038
0.47414958
0.39747116
1.7164719
0.12851265
2.2788858
0.6944242
-1.905284
-0.7816234
-1.4046743
0.75651336
4.753059
2.083512
1.454942
1.5307547
-0.026907958
1.7255337
1.4506987
1.0442421
-3.5681489
0.9383026
-1.136825
1.7538079
7.6334805
0.6816872
0.30109173
1.3167534
1.9353982
-1.8612119
-1.2181472
1.3614593
-1.2175062
1.3913243
-0.8151683
0.8440835
-3.8356836
-1.7534785
-1.272324
2.5380728
-1.1349761
1.2755406
1.794897
2.720052
1.0018549
3.5756896
2.1691852
0.9482487
0.12340302
-0.79293334
-1.3866146
1.179474
-0.05074934
-3.6989834
3.3197343
-2.869885
0.84037995
2.7523763
2.4224143
4.6218257
0.15141377
-0.26154548
1.2144059
2.396006
0.35546392
-1.5225813
0.6655098
3.198351
-0.23958933
-0.18712157
2.663959
2.1775482
-1.2910317
-2.8931572
0.76556116
1.7972134
-0.0031691082
-0.1943515
-2.9225528
-0.23826066
-1.2033463
0.7440885
0.25324947
-1.0316508
-0.63720137
-0.36303037
3.6535077
0.12690341
-4.931521
-0.781374
-1.2073984
0.0142009035
1.140269
-0.24767661
1.564887
2.410079
0.5146796
-3.3651354
-0.16190872
1.0077142
-2.724854
0.14278367
2.4943392
0.7985517
1.5119992
-2.5593338
1.5083392
-3.4982207
2.5149317
2.3957124
3.3013628
-2.831662
-0.34096095
1.4618098
-1.3686186
-1.1683019
-2.1112435
-2.0562108
-1.9845421
-0.10304842
-2.1273696
4.5341043
-2.3589842
1.0353347
-0.15382943
0.66665334
-2.0713377
-0.8732925
1.2757547
1.4945797
-0.49830204
0.741355
-2.6573663
-2.0997803
-3.1283298
-0.111261114
-2.3475053
1.3426096
1.0757568
0.2180977
-0.7813572
-1.0065545
-2.3889468
-0.554781
-0.23884454
0.19306642
1.0081662
2.5771618
-0.2634794
0.9723632
0.14561994
-2.2537613
0.59048235
1.0288825
-0.43561572
2.9139388
1.3088546
0.69941676
-3.686757
0.9965115
-1.6012712
-0.55051404
-1.469386
-0.080618046
0.47754955
-2.1786354
-0.9191331
-1.1399714
-1.204127
1.7068324
0.16516098
0.45559666
0.47541833
-2.7397473
0.6689984
0.93038225
-2.6684444
4.3879642
1.6691824
0.89893866
-1.2306333
-0.8314705
-2.6288717
3.526282
-0.34014013
-1.2382694
0.2623248
-1.1093841
-1.9334549
-2.198008
0.6034706
2.0993848
-1.9156065
0.38444436
0.6353489
1.4878813
-1.1948475
1.8536586
3.5755904
-0.45842135
-3.0372813
-0.5391437
-1.2328435
-2.0859823
-0.96424454
-1.9844549
0.5221898
-0.05514452
-0.28147328
-1.3057983
2.3205602
0.52993375
0.15869692
1.8798137
-0.5492257
-4.489875
-1.4220092
-0.99870086
-1.5726407
-3.2409904
-2.2310722
1.5632753
-0.57478875
-1.6425011
-0.41644156
-2.6721423
1.4587643
-1.2119642
0.7768861
2.6569767
0.96046597
-0.35592407
-3.6716943
-0.84307516
0.67231244
-0.06931671
0.806519
1.6617397
0.92557263
1.3038498
1.2630663
2.2179024
-0.24250114
-1.0775996
-3.6894414
-1.8116405
0.3967535
0.39934933
0.644921
0.3389438
0.50073874
-1.1538308
-1.8104017
5.197185
-0.36690843
2.7685432
-0.3034245
-2.379542
0.47814852
2.658018
-2.3271942
-0.8384223
-3.1346633
-0.87858367
-4.5338564
2.350434
-1.8488318
-0.6163636
-0.33226886
1.60631
-0.38081837
-0.031753786
0.95308626
1.9688774
-4.183936
1.189166
-0.54787886
-1.5006917
2.949879
0.609708
-1.6937244
0.5445648
-1.1169913
1.9394447
5.13216
-2.5649717
-0.9425899
-3.7435465
3.3447924
-2.073211
3.1230361
-0.9648737
-2.1551547
0.41961342
-1.3606973
-0.0763143
-0.041072927
-1.1180228
2.6817405
1.1065222
0.43916836
-1.6391389
-0.45066056
1.0686107
-1.3957425
-1.8378823
-2.1574712
2.1630902
0.18999091
0.98119
3.3255546
-0.21918857
-1.2485358
3.107387
0.51175725
-0.061125293
0.15105392
-1.5184801
0.004300624
0.04797288
1.8625548
-5.762565
1.3857427
0.6694878
-2.2097514
-1.9564981
-1.1666043
0.36438736
-2.8378446
2.7607634
-0.7447491
3.5667572
0.3828864
-1.81544
-1.5800518
-2.0469606
-0.2293611
-1.2248625
1.8658074
-1.6979486
0.13936467
-0.9176854
0.13504858
-2.0836277
5.014871
-0.6271723
1.3698088
-1.3593191
1.1778836
-0.73552
1.8430064
1.6504699
-0.34827396
0.064753376
-1.2162578
2.5690858
3.3498518
-1.3696817
1.7682163
2.210277
1.2682418
-1.5496002
-4.986669
-1.1773858
-0.7024117
-2.263844
1.5870512
2.1285677
0.1246597
-2.2452648
-1.0910739
-1.4484787
-1.7532983
0.9396719
-2.9659166
-0.4518703
0.0016611181
-0.37022632
1.7676942
0.43765703
-0.36175224
1.0905634
-0.3076826
3.0330937
0.5489931
1.7337232
-0.011917025
1.0911083
0.1885216
-0.20918274
1.553712
1.7587293
-4.3946238
0.6861925
1.1146637
-1.1361929
-0.7709646
-0.8697491
-4.5733666
-2.6764686
3.9126933
3.615385
0.7724534
-1.2885623
-0.19162914
-0.08289869
1.4719119
-0.052706018
-1.0529202
3.419945
-1.0777653
-1.3122871
0.64544123
0.3747116
-1.2374748
1.1477088
0.049563758
0.47117266
1.4833341
-1.3294855
0.9278351
2.6212842
-0.23478052
2.9753792
0.67055887
-2.195177
-2.4497366
0.9638961
-0.42125908
-2.6598241
2.058959
2.0667522
1.1583385
-0.04998458
1.1881065
-2.3916438
-3.9162948
1.1858413
2.7051835
-1.8201818
-1.1276714
2.5328872
0.37030345
1.5208315
-0.21807611
-0.37040386
1.1202538
0.4455297
-0.49298486
-3.8486726
1.4381862
0.13155898
-0.51335967
0.7005155
1.9138244
1.016759
1.7211013
2.1392114
-0.021158643
2.3637364
-1.9598578
-1.8866576
-0.99698555
-2.0846918
4.1265397
0.80111694
0.7006984
0.088279486
0.1551255
0.053679448
-2.5577006
-2.447076
-1.7938212
1.0219358
1.6520352
-1.3609713
-0.024451956
-1.6246489
-0.73333347
1.4114555
3.4705107
-0.47807395
2.0077286
0.23405537
-0.0053988174
-1.9790262
-0.86498356
-1.4425282
-1.8943995
1.6610426
-1.0700525
-0.11642825
0.5548624
-1.3709725
-2.9215155
-2.2895014
-2.7162304
2.1087904
1.4912117
-3.1723354
-3.0017023
0.6615628
0.26418096
0.6276537
2.836681
-0.5041128
0.27479246
-2.2510493
4.694075
-0.74491894
2.2062654
-0.46356365
-1.6090075
-3.254247
0.797186
2.7061234
-3.7017932
-1.2452368
-1.0429353
2.2344124
-1.2761962
0.77812564
-0.4819721
-3.0689206
2.7105634
-0.79529977
0.15442616
0.109709054
-0.39583972
-0.10187364
-2.8606975
-1.0446603
-3.4764967
2.9391923
1.0705667
-1.0471932
0.63593245
0.79125345
-0.6947083
0.24831231
-0.78418726
0.04495994
0.016228464
-1.9783846
2.8063972
0.6196465
-1.8942232
3.0627239
3.0195854
-1.446078
-2.4849424
-0.7052746
-1.6234726
0.84923506
-1.2550484
-1.0308065
-0.3685749
-4.2001367
0.47792342
2.8723972
1.294405
-0.18861824
2.6879923
1.5923921
-0.037744224
-2.5288427
0.79664224
-0.8264728
1.5529534
1.9965299
-1.6562759
0.6304804
-2.2750726
-2.0167217
0.0075550973
-1.2215294
-3.4076722
2.6693704
2.3402216
0.27085537
2.7529135
0.59117806
0.10649457
0.9645334
-2.608817
0.86686164
-1.3347851
1.3073218
-1.1377656
-1.400721
-0.39921522
-3.1545482
-3.5569272
-1.5327108
1.4264528
-2.0599813
3.8513813
1.451815
-1.9492598
3.8508067
-1.5537333
1.7983137
-1.3738961
0.40549982
-1.5696697
-1.7761974
-0.39423352
0.6563477
1.3159938
1.6632235
-3.2156522
0.85434973
0.6312931
0.5616693
-0.6379698
1.2520481
1.708434
2.0562398
1.2661906
-0.26330358
-3.602833
0.58101636
2.4931319
-3.0145898
-0.9189484
-1.1921386
0.29804796
3.6929455
0.9883387
0.040793195
2.398765
-0.54729146
3.8391623
2.1345992
1.1288598
0.88166994
-0.17349285
-0.27269518
0.5459581
0.764395
3.1182165
0.38856164
0.023999017
1.6560721
-0.70900923
-0.008894436
-2.6934638
0.4506353
-0.47570276
-1.1172986
0.8506019
-0.43149853
-2.8551514
1.102833
-2.250365
-1.5804679
-2.693387
-2.2861295
-3.6271713
1.9242702
-1.8111447
-0.19662718
-1.8928736
-0.3706126
-3.4943786
-2.7060199
0.16273984
2.3265586
2.523471
3.3944197
-2.8793356
-0.08134189
-3.0111556
-0.048231762
0.79177815
0.4747204
0.40381816
-0.51330686
4.4078035
1.8464615
-3.8186882
-3.2829716
-4.771236
0.54521096
-3.4909234
2.463518
1.9644355
1.6583084
2.0486596
-0.7321354
1.3401214
-4.968012
-0.05961203
-1.8335577
-0.42958307
-3.9924462
0.6926905
0.5007966
3.3585062
0.5115676
-1.2361767
-4.4969506
2.0998783
-3.2649944
-1.4775627
-0.35605907
2.230997
2.421921
4.261964
-1.9774431
1.050526
2.8031967
-5.2279744
-1.1109848
1.295909
2.9211402
2.5930796
0.4615615
-0.70232683
0.69279253
-0.51367444
-1.1456201
-0.5052948
-1.1740159
1.025867
1.9526298
-2.467341
0.69989324
0.9741345
-0.08515101
1.5281731
-3.4913282
0.0378518
-0.09007789
-0.6491117
1.422749
3.2938652
0.4474458
-0.18756577
-1.9534284
2.0886455
2.6186912
2.539872
1.8712568
-0.18773636
-1.2725453
-1.6271162
-0.5856798
-2.1989748
-2.4360497
-0.732119
1.3923246
-1.1968799
-0.093456276
-1.2768784
0.7528985
-1.9167786
-1.6095759
0.07992294
2.1166172
-2.6366653
1.6171833
-1.9929721
-2.4196758
0.23670575
-1.7145994
0.98659754
0.4454914
-0.26366886
-2.0675852
-1.2328054
-2.055762
0.9914929
0.4170076
-0.38032573
0.5626446
-2.7751875
0.37821966
0.2864465
1.709063
0.4552819
1.9398714
-1.2029939
-0.71356267
1.145072
1.568039
-2.000387
-2.127812
-1.9682759
-2.484411
-2.2208383
-1.0053016
-1.2894803
1.4233989
0.74494433
0.20780513
1.4433197
0.11429473
1.4462272
-0.2139115
-2.0956888
1.9090118
0.28649923
1.1560886
1.0848422
4.5796466
0.729569
0.40671268
2.2046506
1.8171002
1.0186206
2.8106306
-0.022997767
4.3350987
0.131787
1.6697006
-0.8659648
0.9409463
-0.8184915
3.3726501
0.5887413
-2.3001254
4.911013
3.3956962
3.2988658
-1.5018442
-3.2347312
1.4184211
0.28463086
-0.5285085
0.013496362
0.43011707
1.33084
-2.4227374
0.5274291
-2.6053698
-0.11844451
-0.7449021
-2.4977765
1.2820944
1.6037906
0.72413784
-1.0376409
-0.71126735
-1.110554
2.2277062
-0.7603656
-0.53886807
1.078627
-1.5122329
0.5666144
0.66242075
0.4360595
0.31152022
-3.1103582
-1.0227941
0.9074305
-2.9494286
-0.6125382
-3.828457
0.13237548
-2.151653
-5.0366793
-2.2298672
1.362667
-1.3368309
2.0192192
-0.7392369
2.618903
-0.1212514
-0.5336015
0.26057157
2.1766396
0.63979197
-0.5568379
-1.0015095
-0.033811778
5.6585097
0.6855853
-0.48483247
-0.56726074
0.91277695
-0.26511768
-3.2702146
-3.019143
-1.225828
1.4804939
3.9110441
-0.9290967
-1.3410443
-0.349498
1.8912504
0.48649237
-0.8210026
3.2040882
1.6715856
2.009595
2.9032161
-3.9502335
2.122536
1.2012953
-0.899177
-0.076614685
-0.57402056
-0.6320643
-0.7977793
0.7524448
-1.0829018
1.3316083
0.83396333
0.9730292
-1.4032023
-3.4842582
-0.4600264
1.4551028
-0.19322132
2.1581516
0.7878383
-1.7617046
2.1271634
-1.1310924
1.282621
-0.6760129
-0.13843441
-0.6126291
-0.01849603
-1.6967034
1.3568254
2.1057494
-1.3216099
-1.4614593
-0.6290866
1.248627
0.48960435
-1.8206935
-2.7816234
0.2741668
2.1555493
2.059219
5.264534
2.4571621
0.74286056
0.22030194
1.931503
1.4166157
-1.3674268
-0.7611153
-2.6884546
5.968785
-0.49193227
2.757419
-0.35262412
-0.48195994
0.33905444
-0.7256607
0.46647704
0.73950136
1.2287835
-1.7466016
-1.0712106
-1.2487621
0.94874
-1.9187707
4.6653757
-0.15946376
-0.5216398
-1.877494
-0.16725859
1.5072998
-0.43387434
0.6784968
-2.4717448
2.0744488
0.24385014
-4.260761
-2.7158604
1.7548958
2.4848695
-1.0880488
0.3856902
0.16617899
1.9299684
0.9292473
1.0631704
-3.910254
-0.8984035
0.44336993
1.9190198
0.36751333
0.92823577
0.71259135
0.68165755
0.6422143
-0.84271944
3.3745728
-1.3150101
-0.91132414
-2.2134752
0.038984273
-0.07654404
1.9261141
0.45435467
2.3748295
0.51580995
2.3297071
0.76529026
-2.454271
-2.4277391
-2.440575
0.6835123
-0.5822434
-3.5034833
-2.3549588
-0.55892265
-0.12623024
0.19078979
-1.3024256
-2.2908394
1.3352507
-1.9964631
-0.85915834
-2.5796425
-1.4728264
-1.7426778
2.8646688
0.3631832
-1.650529
1.3898479
-0.7873359
-0.5829154
-0.40076837
1.7073392
-1.1071044
-3.1371796
4.259521
2.3596861
1.1272193
2.9705348
-1.3760847
0.7658772
0.5291622
-1.0109795
0.5260891
1.6562434
-4.3852215
2.3180125
3.448908
3.48797
-1.8509331
-1.9427489
0.6168199
3.7139049
1.6194124
2.7245874
-2.9676738
0.86437666
-0.99250257
1.2720609
-0.023230284
2.3251374
-0.5817137
-1.5064305
0.5235218
-0.20197186
4.373812
0.7980466
-0.5232524
-0.76866937
-2.7651
-0.038260855
3.510729
2.4258895
-4.027797
1.154988
-4.1830087
-0.66381127
-1.8183322
-0.81454396
-0.038536213
3.0063033
0.37829423
-2.3759441
0.16238663
-0.49341857
0.21632582
0.30587193
1.9648303
-0.25409287
0.9112935
1.393201
1.7499104
-0.034518257
-2.1469686
5.5249662
0.9350281
0.62447387
-0.7310928
-0.23574656
2.1176438
-4.3999386
1.7196223
0.6971838
-0.24689835
1.4120643
-1.3383113
1.8296403
0.8603764
1.0358464
-0.5011943
-0.11395132
-1.1625609
0.5723659
-3.5982575
0.3971544
-1.0381218
-0.69067425
1.1519423
1.3362948
1.4566346
-0.4755221
-0.32624036
-2.2228677
-1.1124352
-3.270829
-0.23147628
-1.641269
-1.5300732
-0.0017529428
0.22688586
0.7566191
-1.6260972
-0.6704947
0.5370114
1.013684
0.15052554
1.5497137
-2.1133096
-1.2119559
1.3732336
2.3151245
1.7309017
-1.0607895
0.83417106
1.2315592
1.2325728
-1.7470568
0.8226977
3.5285194
0.08161011
0.14065719
1.0168626
1.286259
-1.9027439
0.52682054
-4.6294007
-2.294816
2.7810616
-1.0963161
1.9264563
-2.7606294
0.7322505
-0.8631685
2.5267317
-0.03191124
0.72083646
1.5846314
-0.53050405
-0.81639683
-1.9435604
0.43377125
0.49489155
0.17072275
-1.3071874
1.0779207
2.6143506
-3.1107485
-3.384777
0.16965714
0.10536937
0.74570864
2.6884286
0.5150861
1.5906391
-0.07803965
0.10887944
0.47872084
-2.750018
-1.2444932
-3.0036073
0.9983895
-5.2616796
-1.6619351
-2.7561026
-2.2311761
-0.05199699
-2.5535579
1.4353573
-0.9957937
-1.3405892
-2.3689165
1.512924
2.5825243
1.0578238
-0.48659557
2.1627321
4.8621106
3.9587624
1.1858656
1.6730258
0.9989262
1.0627462
-1.0615125
-1.1427909
-0.21186632
3.4286828
-2.146546
2.3829129
1.9661655
-0.044568013
-1.760787
0.34795728
2.328875
-0.53112835
2.5632915
-0.7227154
-0.23288661
-3.4718885
-0.28133118
1.679667
-0.4620183
2.1511211
1.2700757
0.17032585
-1.3156141
0.057435557
-1.560631
-2.3811202
1.0339581
0.17080191
-1.6660615
4.7302833
-1.8068463
2.3986719
5.393347
2.171285
-3.6265252
1.6122653
-0.25165606
2.025809
0.387428
-3.1508815
0.014436889
0.3463317
1.4959477
-0.16963372
2.8852897
1.6704378
3.1395807
2.2301292
0.5803787
-2.500955
4.103462
2.1058857
4.119675
-1.005203
-1.975291
-1.8229687
-1.1375707
-2.233218
-1.0505173
-0.8696912
-0.5265674
-0.5810499
-0.42105252
-1.2364966
-1.5543005
-2.7151256
3.0596821
-1.9572655
0.70567566
-0.31781262
0.5206127
1.3629986
-2.5444717
-0.66239756
3.0759022
3.4416845
0.9291093
-1.6438702
1.0329502
1.285038
-1.0050532
-0.7471616
2.132391
-2.8647735
0.745902
-0.91651946
-0.36931077
0.47622684
-1.425786
0.6139809
-0.26320016
-1.8154933
-0.49434397
-1.2010136
-2.5273225
-0.20630436
-1.6486195
4.9260297
-0.2309193
2.2661953
-2.9474316
2.6354494
-1.4571325
-1.660366
0.5478319
-2.365328
-3.721007
0.555381
1.7213717
0.5722849
-1.0835361
1.4424235
-3.3509836
2.0979278
1.8571694
-1.7401668
-0.60019696
-3.6718671
-0.8883666
1.1715361
-0.9035396
-1.0549535
2.1145806
0.26349378
-3.8231983
-0.75767386
2.218974
-0.25408947
-2.0960755
-1.4732823
-0.59398484
-0.3132705
1.9036409
-1.9144146
2.115325
-0.3818283
-0.5720903
-2.2350645
1.3163381
-1.2624781
-2.9252286
0.18804044
-2.9968789
1.8976502
1.5980232
1.2191323
0.20506158
-1.072422
-0.97876936
1.6882571
0.88261384
1.8264731
1.6210282
3.9222484
-0.558651
0.9353199
0.8387011
-0.15563923
0.099351406
0.5110876
1.3673594
-3.291761
1.7251583
-0.48911077
4.819971
4.5844703
-1.6347446
-0.4100536
2.7658758
3.6676188
-1.2094102
0.20884922
0.59014606
-2.2466636
-1.1300938
-0.62985086
-2.0859141
-0.13458818
3.3120735
-3.0822673
1.0377815
1.3242874
0.028420925
-2.0102305
3.3249512
0.88516873
-1.6282907
1.5251932
-1.1337147
-0.91596746
-0.034124378
-2.5972514
-3.1176884
1.0910962
1.9763656
4.078565
-1.4917055
-4.340395
3.0507276
-1.2782118
0.801288
-1.2186071
1.0608381
-1.0502429
-1.7044033
-1.0822245
1.0344306
2.432259
-0.5985773
-2.8604736
0.35436764
1.8615307
1.3578949
-0.92349416
-2.4164975
-1.6419148
1.9631629
-0.29092425
-4.427885
-0.18834557
1.3298919
-0.33263063
-0.7892609
0.288489
-2.0967522
-2.2125585
0.91638345
1.4271508
1.228655
-1.0009382
-3.5192661
-0.94385093
3.3716533
0.6826294
-4.1354027
1.3390446
-2.748642
-2.4672678
0.35555536
-0.20683941
-0.13554573
2.8036046
0.5221383
-0.67240995
-1.2051513
-1.0065824
1.2955757
3.049348
2.7069142
1.8073231
1.6381512
1.0672549
-3.5166469
2.2445788
-2.1699603
1.3155826
1.2896683
-0.5637063
-1.8166108
1.5888789
-1.3473061
-0.17538494
0.72071725
0.34251344
-2.2199845
-1.4248326
-0.60880184
-0.12100845
0.5175421
3.5055294
-1.4717715
-1.5898758
1.9162745
-1.8804185
0.46721026
1.8249129
-0.027609676
0.27371582
-1.4980465
-1.4436585
0.1273135
0.012014151
-0.8076639
0.35166392
1.952844
1.6985552
-3.1126065
-2.148479
-0.6907275
-0.75758415
-0.69508886
1.6275734
-4.913041
-0.9281935
0.4066914
1.4943699
2.9111006
2.0407226
-4.133694
2.025788
-0.5758637
-3.7937512
-0.20493674
0.5027304
1.6603669
-0.77401537
-3.4493208
2.580415
-1.4682219
1.5502822
-1.7720585
1.4163496
0.50781107
1.7369615
-2.869205
-2.5831273
-2.5692549
-1.3416907
2.6989307
4.045925
-1.6290534
-3.2522268
0.7692272
0.410052
-4.661642
-2.2101524
-1.7862769
-1.1600901
-2.4385967
-1.4791516
-3.2517648
0.65793806
1.096436
0.55991393
-1.9678055
0.17123112
3.323136
-1.0556021
1.1633065
3.0007396
-0.5137083
0.9732601
0.29031777
0.14055574
1.6824429
-0.15362346
-1.1214247
-0.44175616
5.1509743
-1.1199992
-2.8041413
2.285424
1.0786563
-0.1479434
1.6638573
1.4006482
0.62918055
-1.5900253
0.6281257
-3.2033222
-2.9883125
-0.71304935
-1.652995
1.0045204
-4.7195277
0.5965388
-1.2949449
-1.0295401
1.5392938
-1.2502201
-0.28208432
0.82624716
0.30861044
-1.8762074
-0.7498415
-1.9459754
-0.17677978
-0.36634967
0.38398817
2.555623
-3.8621974
-1.2147967
-1.2993971
-1.4477156
1.385593
-2.5453944
1.1619672
-0.62716484
-0.60543144
2.6859183
2.2007055
3.0226657
1.797199
0.7728048
1.2616224
-0.3844555
-1.6327304
3.3601944
-1.8749417
-4.286506
2.516243
1.4764191
4.623538
-1.0724828
-2.5705314
-0.9804782
1.5102398
-0.38490555
0.7095262
-1.1922638
-0.10390346
-2.0201612
-0.68652016
-0.43923512
2.0295491
0.30168173
1.2169123
1.6393933
-1.0581343
-1.8018798
1.0485965
-0.13085668
2.015943
1.4189937
-3.934905
1.8084983
-1.4543828
1.7379332
-3.5640025
0.6066786
0.47659957
3.4885008
0.08669671
-0.61067176
3.605944
-1.5179881
1.2482481
4.5380635
0.9933716
0.84253347
-1.3660138
-0.19075364
-0.3843156
-1.5720427
2.1580482
-1.7019662
3.8601818
0.12995426
0.70917046
0.9328137
-3.2380903
1.284435
0.8216259
-1.9702526
-1.2649779
1.9222277
-2.9541905
2.2172852
1.7682608
-5.0475593
-0.13613734
0.495996
-1.1850504
4.9009585
-1.5784149
0.3870011
-2.7157052
0.6528689
-3.255951
-0.64325696
0.62485003
1.1913453
-0.34966528
-1.7246698
-0.9302681
-1.4195261
-0.42317435
2.467226
-0.73096955
1.0363684
3.4535046
0.03844232
-0.75309163
0.54275423
-1.8405207
-0.3715683
-0.2079149
0.5721581
3.396367
2.3598497
-2.1964393
-1.8445548
-2.8272688
-0.87010145
0.2270588
5.209584
-0.4028838
0.63290435
-2.378376
1.5057389
-2.5166202
0.59584343
0.6948169
0.13353765
-2.2700117
-1.0080671
-1.167184
-1.7536306
-2.3713489
0.19566393
-1.348325
-1.1465356
-2.7248206
-0.092371866
0.22214484
-0.09752472
0.7936205
1.0076333
-0.73946005
0.14436597
0.743415
-2.7708337
3.75849
-0.5823875
-0.22044963
-2.6730354
0.26863655
-1.216038
-0.20557393
-0.78241426
1.4818087
-0.35716036
-2.3294623
-3.7630324
-2.4504855
-3.2886262
2.6806543
-0.9143649
1.8142526
-0.66139936
1.3744707
-4.6582937
-1.2192825
-3.2532463
-1.9121207
-0.81992215
0.64018726
-3.7044342
0.39367545
0.9448668
3.7834125
1.735951
-2.4407632
1.6350116
-1.2301772
1.3601459
-1.8588734
4.169365
-0.72834605
2.6558871
-0.6207676
-4.0835395
0.37087855
-1.2238758
-0.41577753
-1.842933
3.664034
0.52339226
-1.324102
-1.2390846
-3.3443923
0.75375724
-0.09993678
3.3712726
0.050770536
-0.24451028
-1.1731114
-1.4814715
-3.7403903
0.6942733
0.059215203
0.7321637
-0.09791784
-2.030064
-0.96932334
-0.18413222
-2.0287018
2.4420254
0.48672768
2.1039133
1.1408952
-2.5948927
0.5536249
1.9127916
-1.1060508
1.7001129
-0.5926921
2.103086
-0.79726994
-2.2713547
1.6014346
-3.8118496
1.7898711
0.8273128
0.7649187
-1.0615058
0.956556
2.0250654
2.8324058
-4.450588
0.63396096
-1.065962
-3.7198389
-0.43789068
-1.051606
1.591483
1.7971219
-2.1532545
0.58580995
-0.83850217
0.14953503
1.5701754
2.806802
-4.710509
-3.4259202
-2.468597
-1.0715086
4.6126437
0.043739997
-1.9981912
-1.7138827
-0.842274
0.69327587
-0.51978683
0.06374901
-0.5487105
0.7691018
1.4519552
-1.150736
0.8517194
-0.47249982
-0.5126696
-1.450723
2.8227124
-1.6977398
-1.1933333
-0.19257265
-0.29930973
-1.2910479
1.5327834
-1.8210102
1.0352576
-1.7611312
3.5041385
-1.4913101
1.9481281
1.6665342
2.4599042
2.3590782
3.4470592
0.27280602
0.7983695
0.51493794
0.08941157
0.102843285
-2.3868117
-0.6427988
-0.25961506
0.7095998
-0.11856211
1.6328639
-1.5642686
-0.7662051
-2.5266845
-0.75765496
1.4257057
-3.527792
-0.36428687
2.146923
-0.8277677
0.48499006
-1.0650507
0.51590544
3.416677
-1.1374205
-1.4379638
0.18692598
-1.6182117
3.0525713
2.1328807
0.10235156
3.6620548
-0.6389888
0.15704164
-1.0069095
-1.0206503
1.9140086
-1.929558
0.50485027
0.08166279
-2.174898
-0.36883906
-0.94772923
-0.6873893
-0.8067562
-0.22825846
-1.5879052
-1.6627214
-1.6926582
-0.07230637
1.9460872
-0.011062276
5.855291
0.22857098
-0.46183693
1.656387
2.665511
-1.1887261
-4.3949695
-0.309744
-1.3354973
3.4311888
-1.8026029
1.320315
-3.1852412
1.8309664
-2.4671025
-1.2326213
-0.14761418
1.2875038
0.18155944
-2.6815357
-0.5316007
2.8450758
2.5691164
-0.5047845
-1.1547945
-0.56573963
4.672983
0.6132025
4.6123075
1.0186508
1.4608506
-0.8163889
2.8154466
-3.3717763
-3.8106716
-1.1416025
-0.2404814
-0.97923654
2.2461581
-3.4277065
0.6029935
1.6330999
-2.6407833
-1.6924244
0.23257828
-3.8537743
0.060746163
0.25768185
-1.2033216
-1.1527948
0.015623227
1.7920386
0.25554913
1.134692
1.1761746
0.88784885
-1.912942
2.216258
0.72581345
2.9383175
-3.3266263
-1.8510714
-1.8877687
5.3898373
3.106336
-0.7048484
-1.8039494
1.6011122
0.4815492
-1.4127823
0.7263186
0.114963226
-0.89534545
2.8298225
0.29327324
2.048571
2.4964147
-5.280256
-1.4331125
0.8907243
3.1443286
0.31672296
-0.33028114
3.5053077
0.6979106
-3.0232816
-1.0337691
0.8451137
-1.2822249
2.197088
-1.5950923
1.554006
-1.919091
0.8449045
-2.4688811
0.515088
4.3616786
-1.7938567
-0.8811402
-2.6655762
-1.7942412
-2.6496832
-1.316526
0.68825173
-1.6428902
3.3769424
0.84778273
2.3231885
1.6474706
4.755369
2.927597
2.2607422
1.83955
1.7402251
1.5011911
-0.07380959
1.7397045
-3.1036258
-2.216971
0.22614095
-0.069970615
0.72486234
-2.445001
0.42800868
-3.056958
0.79669905
2.952824
-0.50981814
-2.197986
1.3939629
2.8645139
1.0480442
-2.118276
-1.3770069
-1.159724
1.4585161
-0.9003013
1.9098883
-1.2525328
0.18971851
-0.7008782
1.6915625
0.48671278
2.184867
3.254366
1.5608265
0.34018764
-1.6092461
0.70346767
2.3329191
2.2837472
-0.9941414
-0.063299514
-1.598626
-3.4238596
3.786985
0.13383791
0.83642304
-1.3776065
-1.2099961
-0.20220935
2.0543132
2.319728
0.016373329
-1.822146
0.3214317
1.4356159
1.5880343
0.36962456
0.44448882
2.4565816
0.8910174
-0.7489513
0.58131933
-1.9350418
-2.0841298
-2.9302826
1.1316072
6.5639825
2.07623
0.65691787
0.11929278
0.9576483
3.8315568
-2.029811
0.75253916
-3.12221
-0.3387385
0.9932365
1.0230108
0.26146525
-0.78014296
4.364064
-0.011705674
-1.4129213
2.0248816
-0.2887934
2.2872577
-2.1141999
1.4476882
0.18857133
0.058551885
-0.36819547
3.4418013
-0.3881519
-1.6176013
-0.0011048093
0.9841394
2.8984354
0.15448844
0.0583089
-0.38648498
3.7028694
0.7646921
-0.253376
1.9579839
-1.2937973
1.5881975
1.7039346
2.7020817
-0.6106606
-4.11448
-2.018624
2.3183892
0.6452919
1.0513972
-3.3839853
-0.6160293
-1.5236386
1.307538
0.65764964
-3.6661897
-1.3811775
-1.6405369
-1.4677315
2.359901
-1.5255971
-0.761696
0.8485149
-1.0079116
0.862654
-1.1218706
1.4016283
0.03788408
1.6188171
-1.0212579
0.09736643
-2.5154853
-1.8642261
1.223533
0.36144647
4.5344443
1.1546131
0.0035299994
3.2679083
1.6356571
-1.107858
0.019929495
2.560848
1.6534113
2.529752
-2.39744
2.4874816
0.111398056
-3.443325
-0.6653152
0.35100916
-1.2798202
-0.2874396
-0.05738244
-1.483867
1.6805351
0.8301193
-0.6244174
-0.69091725
-3.9225366
0.75286317
-0.76078176
-1.1906239
0.37377316
1.5137641
-0.32884872
-2.877223
0.65429944
1.541311
-0.6022408
-3.499301
3.703274
0.94405764
-2.0805292
0.2745316
-0.54702413
-1.1272249
-4.4602356
-0.47409263
2.402616
0.41333574
1.7659967
-0.6538347
-1.454363
-1.7907069
-0.043237023
0.5131767
-2.043928
-1.5864084
-3.6080751
0.69589525
-2.109835
-2.2737467
0.07225719
2.6805773
1.2431843
-2.6678116
0.46980882
-1.0632433
-0.4988005
2.4793904
-1.7723962
0.41886246
2.1160913
1.272165
-0.2690272
-0.332141
-0.6653031
0.28697324
0.25994927
-0.19443944
-2.4014912
-2.4085627
1.1013502
2.2059505
0.4115985
-1.1653714
-1.2901745
-3.283072
2.031095
-2.183677
-1.0946715
4.2272987
1.0310258
-0.93645304
0.24689746
-2.7385933
-0.06496113
0.84988755
4.5383945
0.56849116
1.2006296
0.80498564
-3.114036
-0.9891244
-2.3509798
1.2789029
-0.44488186
1.2198982
-1.4617914
-1.6610157
-1.1891804
-2.758179
1.7051121
-1.2242283
3.7725925
1.6566094
0.9705158
-0.8782422
0.6335949
-1.4311891
2.756628
2.776285
0.08406271
3.1693027
-1.7698997
2.3629158
-0.536658
2.6455116
-1.793576
0.65405446
-1.3504832
0.73432595
1.6409379
2.9414432
-0.6976152
-2.8387759
2.9035602
-1.1288221
1.5162811
3.7999756
2.3503253
1.6597601
-2.7334208
-1.088769
0.06458903
-0.8697565
0.74025065
-0.45129994
1.8585496
1.7780485
0.39198387
2.5986092
-1.3523818
-3.3509731
1.6133584
-0.69424826
0.9030887
0.027405083
0.351374
0.04131975
-0.41868818
-0.6365845
-0.45209378
-2.400333
1.0314542
-1.8731805
2.068739
1.4677672
1.7312179
0.14759542
-1.0436069
-0.809092
1.5864974
-1.6621425
-0.40943426
1.90271
0.36209342
1.4512427
-2.5037928
-0.5491782
-2.786277
0.8580245
2.1646466
1.7010745
0.6979395
0.5435047
2.4652953
-1.355648
-1.6390495
2.940079
0.3911143
0.2674732
0.13288976
4.873462
1.6028991
0.5279447
-0.5841838
1.3159854
-1.9147236
-0.12013717
-1.712241
-0.6523209
-1.5696819
0.12477043
1.4502872
0.17767061
0.20424928
-3.1311097
-0.43912828
1.4651859
-0.8589784
-3.7704291
-0.095459305
0.80120367
2.0536263
-2.5623863
0.7929347
-1.0721861
-2.2379408
0.08715198
-1.7505078
-0.049555052
1.5799574
0.43141645
1.7128036
-2.0023487
2.360063
3.3520834
0.84627825
-0.36575648
3.9662516
-0.9842252
-2.2134418
3.9223764
1.0935011
0.48626155
1.9824306
0.9118821
0.43067822
1.0340407
0.8362238
1.6150415
1.2403946
-1.0651698
-1.8505573
1.0903409
-3.2427988
-0.5356292
0.012230396
0.20896173
-0.103164576
-0.23801392
-0.7538028
1.5827267
-1.3186955
-1.8502572
-1.917425
-2.4196405
1.0180454
1.8344445
0.24084324
0.48677844
1.539573
-3.138947
4.5253353
0.9889465
0.12005967
-0.28242585
-1.3035223
1.6206527
-0.5299406
-1.2334081
-0.19335118
1.5668623
0.47184357
-3.1454575
-1.5640243
1.3032186
-2.3691726
-0.25956157
4.4631815
3.493338
1.1423799
-0.38154048
-2.1018333
2.608831
0.17654788
0.65790164
-1.267417
-1.4482477
-1.6822666
2.4004054
-0.1351563
-0.010842752
-0.15761477
-0.93118966
3.0598466
-1.0994282
2.3645947
0.23478237
-1.1820809
0.9136318
0.16390923
-1.3027344
-0.15513954
1.0956881
0.74618244
1.1007888
-2.172154
2.6185498
1.7127208
-1.0911119
-1.2360336
-0.76131254
-0.34920257
1.6105065
-1.5328494
0.08514045
1.5271438
-0.66398907
1.130013
1.4344822
1.004486
-0.5469045
-2.7598724
0.4869399
-4.9195523
-1.9294988
-1.2683595
1.3572189
-0.99288553
0.4313212
-4.070747
-1.5721058
2.2802672
-0.33821532
-1.2496477
3.963908
-1.0759363
-1.9527932
-0.19809593
-0.38297898
-0.48491257
-0.8073975
0.29530582
3.014072
1.1208444
0.4218899
-2.7002149
3.335023
0.16816807
2.4747465
-0.16158384
-0.23291045
1.4856198
0.3480827
0.78377664
-0.34032428
2.6294034
1.0888007
3.2538981
-0.65517986
3.1787486
-2.1062894
0.62650955
0.8615861
1.1991684
0.059814
1.8096516
-1.7528836
1.6202824
1.2726691
0.20265263
-2.7181344
-2.481496
-3.01782
-2.5183902
1.8585402
-2.7148955
-0.24418478
0.4262755
0.7737286
-0.5726241
-0.035173647
-1.0678715
4.9008904
-3.479156
-2.2342627
-0.16191462
-2.3421059
0.14973418
2.0472162
2.5123427
-0.88079745
3.3142295
-3.8521295
-1.4140837
0.0801199
-0.057316713
0.64150834
0.48928955
-0.92531574
2.8691456
-0.8580394
0.35675073
-0.7333882
0.00882747
1.0956098
0.4998147
2.6289172
0.08790012
-0.6493906
-3.0367122
-0.092502154
1.2780554
0.38147
-1.3814926
2.6407003
-0.20838794
2.9720144
-1.7605991
-0.5072247
-1.6733433
1.8430009
0.36386257
-0.11132423
0.7600306
1.5152035
1.0762372
2.984728
2.4330375
-0.067295946
0.37079638
2.128977
-2.1373215
2.1675005
0.107579455
1.0348412
-0.049892403
-5.4781632
0.12822732
-2.9168005
2.297967
4.268847
1.6766418
0.08144597
-1.2171953
0.18465301
3.2301583
3.1063151
-1.723854
0.22481588
0.8479018
0.23435156
-1.1190195
2.5013773
-1.1359167
-0.06673195
2.2791636
2.1461961
2.6424952
-0.049392283
-3.057462
1.251635
-2.6385303
0.2131536
3.163086
-3.0075119
1.9478271
1.0809886
1.325287
-4.3516154
-2.4130197
1.1555103
-1.69825
-3.5495973
-0.86277306
-4.475656
0.6233649
0.92500126
-4.2130427
3.9905636
-2.5252745
2.0980241
2.0202138
1.2483109
1.6322391
-0.98734933
-0.6568082
-3.707098
-4.532558
-2.1190097
4.3676114
-0.98403263
2.3114552
1.0655633
3.5235846
2.212714
0.30531558
-1.30185
2.3438652
-0.6570735
-1.6579201
-0.61968184
-1.6687256
1.1008761
3.4006672
-1.4028027
-2.293091
-1.3014817
0.7169882
-1.3372173
-0.9373815
2.9697194
-0.19626096
0.092937976
2.4081583
-0.8632736
-0.037017517
-0.56547487
2.1283445
3.5953102
2.7113173
2.16317
1.9662998
-0.90970826
-0.44411916
2.1879938
-2.0035856
-0.7689516
-2.2481744
0.66262233
0.7215242
-6.7054596
-1.7460634
1.9771539
0.7406561
1.5723764
-0.80765486
1.1019096
-1.0621233
-0.54383194
-2.7825682
1.0162846
0.577238
0.12022628
4.2068367
0.027598351
5.4157853
-3.2490506
1.307485
-0.7692276
-2.5561733
0.61517787
2.8126853
1.3330442
-2.9461517
-0.056140363
0.96212256
-1.4790831
-0.4324999
-2.5595882
-0.06989931
1.8878502
-3.7766995
0.80451417
0.008785196
-2.5468051
2.9801948
1.6486855
1.4947988
-0.47810847
1.6556216
-0.21726051
0.8464705
4.262056
1.2604557
-2.7912526
0.31537172
-0.7339628
-2.7920046
3.275429
1.296697
-5.2163053
0.9196506
-0.9006636
-1.7440083
-2.9938505
0.10978215
-1.1535132
-1.8779085
3.521712
0.6801247
-1.7279683
1.1939528
1.7069652
3.6271918
3.2545178
-1.1395631
-2.692778
-1.9319736
-2.1659565
-0.056635417
-1.325368
-0.4622458
-1.2421403
-2.0100894
0.2546569
2.7449033
1.7176667
1.6346223
2.0054867
2.0001848
-0.46738824
-0.59516424
0.8711271
-0.09662628
-2.9697735
4.477115
0.38549605
4.159121
2.9512224
3.3710067
-1.0864222
0.12497248
-1.4923506
0.87946236
-1.2068775
-2.8098788
0.17237145
0.08551606
4.1174927
0.24186206
-1.6343895
1.067849
-0.92732173
-0.23487213
0.980527
1.8431187
-0.9288597
0.3488397
0.18413489
2.303564
-3.7162516
-1.5231171
-3.6689785
-1.6866732
-0.60159504
0.92647177
3.595753
0.2646132
-0.92726976
-1.2953769
-2.2693977
1.087679
-1.1316297
-1.5770453
2.5584989
0.060055666
-0.48067257
0.7921006
1.8243724
-1.8555573
1.6391966
-1.347958
0.21269557
3.2762182
-1.0483677
0.53321505
2.5244539
2.0585012
2.2195446
-3.6394017
-0.26617265
-1.1808959
2.6630464
-4.730177
-2.218227
-1.56684
1.7446249
-0.72585315
0.84266555
-0.22333196
-2.378489
-0.49943268
3.9992933
-3.0076005
1.2730281
0.45651034
0.8886785
1.1341535
-0.5436216
-1.3825868
1.5590346
-3.9100945
0.67491347
1.4747968
-2.5737891
2.4234638
3.1922805
-0.7687964
-0.015358824
-1.0217574
0.5630113
2.4001935
-1.4960544
-0.5783686
0.44521207
-0.27421948
0.7024122
-1.4814155
-3.8691847
-1.9370967
3.5770957
2.7267103
-4.1753345
-0.28868905
1.3931711
-1.2635144
-1.6436845
-0.0065249503
-2.0713785
-2.3044922
2.1865826
-1.1357586
-0.92545235
0.34964794
3.375793
-1.0156248
-1.1954486
2.7577147
1.5758673
-0.90065414
0.4819616
3.2183053
2.2434015
-1.3963834
3.0150647
-2.513836
1.6440221
0.0818014
-0.43869165
2.3021858
1.9106648
-0.5729525
-2.294779
0.5135738
2.3568728
-0.9677268
-1.6179016
0.9676581
1.0736783
-0.14276814
-0.9765527
-5.636438
-0.7748147
-1.4924757
0.41331038
1.3784068
2.4632537
-0.3691975
0.9416471
-1.6467253
-0.42061058
0.95259535
0.10814006
-0.9322551
-0.7625088
2.3972414
-1.4736702
-0.46815735
-1.765629
-1.3674594
-0.35444358
-1.2095697
-0.051413633
0.25643304
0.28689462
2.235164
-1.3785253
-0.3148434
0.32311106
-1.6445829
0.48473778
0.6195928
-0.9101583
1.3287348
0.43613696
-2.2901435
-3.4200726
-0.60242194
1.2637964
0.28827056
0.011681706
-4.235805
-2.972267
-0.697942
2.5639877
0.5950829
-4.5993514
0.26818028
1.4001083
-2.432807
-1.1209639
0.16540542
1.4413309
2.451906
0.15040216
-0.080850765
2.786169
-0.015446313
-0.68911594
-0.20004866
-1.644946
1.1614082
0.01944689
-2.4771705
-3.493333
-0.58853835
2.1252375
-0.49076834
-0.99382246
-1.9086316
2.463763
-2.481949
-1.7280574
2.0374203
-2.3796165
-2.4097157
-0.25029168
1.0765448
-1.3271587
0.051292606
-0.18970746
-0.66529816
2.2404852
1.3481499
0.014911294
-1.8571025
-0.10202973
-1.8910843
1.2103012
-0.5448513
-0.5068013
-0.6021892
0.65887123
0.47950724
2.86646
-4.683658
1.2766114
-2.0148873
-3.165643
1.6682827
3.1308944
0.24234524
0.40099147
-2.7614894
0.13522826
-0.56904966
-2.4448903
-0.9351516
0.7850002
-1.1124701
-2.6284416
1.1134973
-1.5582366
3.4098666
0.2949589
-3.2123282
0.98842645
-0.11276753
-0.90458804
1.5217772
2.2755082
-0.17012739
-1.9599124
1.2641929
1.5119789
2.7037067
1.3911036
3.5563889
-1.5908691
-2.074554
-3.8508856
0.865891
2.354173
-4.867224
-1.3282622
0.5789645
0.20146893
-1.7035174
0.71388763
-1.6071887
0.80494267
-0.64614546
-0.06433422
2.666812
3.2073421
1.5673937
0.8431738
1.0583794
5.614512
-0.87687165
-0.9896708
0.48213446
2.6457474
1.6115772
0.030764654
0.5899071
5.910539
-1.4402142
0.717694
-0.38621366
-2.2448583
1.9363823
0.38295892
-0.40660164
-0.1641239
-1.2228891
0.08533078
5.827398
1.4703151
-0.8817666
1.7995027
-2.9678395
-1.37948
1.7365359
-0.18664132
-0.06355766
1.7324696
-1.4758633
2.7019782
2.2436738
1.9037064
2.0312815
0.38389137
-0.06259434
2.4919314
3.069392
-2.1755567
1.3543719
-1.8894408
1.2085606
3.5418763
-3.7313302
0.6570451
-3.1846957
-0.05597822
-1.2529964
0.6663901
2.2193122
-0.30000907
-0.24852616
-1.2163945
-1.092526
-1.2027442
0.8519986
0.747636
-2.96909
2.7058918
0.6194098
1.7729989
-1.0756698
-0.47452497
-0.6540677
0.17811376
0.79256004
-2.3568523
3.1618776
4.5179577
0.10368881
-0.17899182
-2.5204952
0.5087298
-3.116273
3.1466904
1.1413921
0.93731743
1.838333
2.5449536
1.9210172
-0.00023598596
-0.2262133
1.5226729
-2.035265
-2.2726648
-0.3098932
5.7294827
0.17387116
-3.2941995
-1.158138
-0.9711221
0.44295502
0.22213835
-2.7172837
-2.4419572
0.23469427
-2.6789086
-2.1653879
-1.4544928
1.9868593
-2.1630032
-2.9292514
-4.975311
1.566434
2.615881
1.0440297
1.7791448
0.7304766
1.9925169
-0.19395459
2.22479
-2.152125
-0.2618842
-0.048203792
-1.1051725
3.5269194
0.16655296
3.384992
-0.12309309
1.521027
-0.05463161
-1.077768
-0.37408262
-1.2919476
1.604875
1.7472155
-0.9047919
0.42023012
-3.305707
0.02899931
0.5103852
2.9729548
3.0804913
-2.4373155
-0.9380446
1.0715615
-0.90053576
-0.58332473
2.7859619
-0.813299
-1.2930747
5.2892046
4.9016285
-1.1654078
-1.291592
4.3633337
1.4631847
1.6255475
-1.8121417
-0.6253284
2.3889222
1.5674548
0.026511312
-1.4331735
2.0621216
2.0603254
-1.5178405
-2.7855923
-2.7314491
-1.0221624
-3.021572
1.6415477
-0.9800615
-2.5610895
-1.7612284
-1.0570098
-2.2542777
1.9836094
0.04139465
-1.406674
3.2788455
2.5838428
-1.1573673
-0.7463507
0.76774174
-1.747336
-2.5682745
-1.7533826
-0.71257436
1.1196752
2.8448443
-0.07968817
-1.1591512
0.0072891414
-1.086779
-3.6965988
-0.49399254
4.1253653
2.3599398
-0.85505766
1.1734324
-1.2165825
-1.4098504
-0.34647638
-1.9534011
0.35061455
-2.0126896
-0.41449565
-1.067242
-0.3805891
0.6298544
-4.0449677
0.39709365
-2.9070456
0.49346963
0.15901649
2.3871381
-5.6979184
-2.628948
0.058360085
-2.6690958
0.19056192
-3.2598925
-4.2703443
-0.49532872
0.7360593
1.2433208
-1.5785239
0.17444023
-0.88807374
0.76579654
0.9872834
0.9919683
-0.3858685
2.7674284
-1.7020086
1.7833678
-2.0817144
-0.08961182
-0.86481
-0.95509064
-1.115519
-5.571511
0.21675438
1.7658893
1.7616339
-1.1732036
1.8222139
-0.82792944
-1.4632696
-2.0161128
-0.19585945
2.8410366
0.6437551
0.54144675
1.3318237
-1.099072
2.6116965
-0.19143522
1.8965261
2.0609627
-0.55400056
-1.7265432
1.4207526
0.49221396
-1.0362029
0.41236755
-1.9171575
1.3279798
-1.34411
0.46194
0.61251837
2.0195994
0.60881734
-2.6106992
1.4866419
-0.7139022
2.1494322
2.1906905
0.70190036
2.9307706
1.8030723
-0.02734197
2.2727282
0.83648664
-2.4924252
0.013474807
1.087143
-0.8173021
-0.827727
-2.9849322
0.84444773
1.22428
-0.23606852
1.3149437
2.3923538
4.8073034
-1.4913598
2.9482286
-0.7694488
-1.5154376
-3.8013833
0.8532503
2.166546
-2.4946404
-0.2670812
0.3935613
-2.4923115
-0.13267499
0.54239964
0.6587975
0.21910034
-1.6377034
0.060405385
-2.8776205
0.82287854
1.1160388
-2.778435
1.6063039
-1.036741
4.8455315
0.5756061
-3.6626835
-3.926293
-0.5684499
-3.0365076
-4.052488
-1.6010349
0.4103957
-2.3349624
-1.6782508
2.1560812
-0.18784669
-0.117336825
-2.0269
0.73395985
-0.43584085
1.8155895
-1.7156798
1.0898913
1.2958874
0.6343193
-1.2844465
-2.716001
1.4893249
-1.1329111
-1.8300575
2.3390374
-2.74239
-2.0224319
0.8361273
1.8090947
1.3204285
-1.3113238
-0.8683224
-0.83786446
3.1510131
1.078318
-1.209294
-0.25354224
2.3396943
0.5539788
-3.3534918
-0.5578773
-1.978794
1.0592774
-2.266621
1.0924193
-0.8928007
-0.9489878
-0.9838187
-2.172195
-0.8862947
0.090134926
0.27737015
-2.3603647
3.0277007
0.72858995
1.4926286
-0.5563765
-0.38544276
-0.40950757
2.136073
2.3905463
0.25315523
-0.7372374
0.68406343
2.5043693
0.1461949
-2.727376
2.7435422
2.61735
0.60846657
1.1124804
-1.2500931
-0.27475363
-1.6091646
1.3047951
3.23613
-3.9576647
0.3469207
4.6097617
0.19590366
0.01733753
0.61338925
-2.0314052
1.3810319
-0.70220155
-3.3687735
-1.1621593
-0.769646
-3.0633123
0.3278563
-1.5256215
-0.36535197
-0.30626285
3.035818
2.026094
0.40602398
0.5900766
0.40750152
-0.58205384
2.3362715
0.29840875
-0.69071054
2.73615
0.23437712
-2.3653667
1.7923293
1.0222021
0.803723
-0.57822657
-0.6492031
2.0322824
0.17874599
-1.81317
1.4042035
0.51779836
-2.1829438
3.8792157
0.59931093
0.6400437
-1.6689364
-0.77140325
-1.202484
-0.42153135
-1.029146
1.8334912
0.042392932
2.8544946
-0.16994959
-1.6332033
2.01131
-0.24417922
1.7357761
3.8263552
1.6171887
-1.401228
-0.8020346
0.76872694
0.25362727
2.0645108
-1.2833084
2.0459683
-2.0002775
1.4602474
-0.4593801
-1.1702518
-0.7774802
-1.354057
-1.4897041
2.3838336
1.8403955
-2.5421638
1.5016464
-1.4225188
-1.2617744
-2.3601763
1.9192386
-0.20471731
4.2127643
-1.8775141
-1.8323265
2.2562218
-0.4652255
-0.3000246
-0.42004922
-2.3887267
-1.294893
1.1053292
-1.2807984
-0.6173392
-0.68492526
-1.1604016
-3.6318476
1.0252469
-0.14983436
-2.8441026
1.3051224
1.860456
0.289511
0.85354537
1.7988089
-0.015102856
2.1114092
3.1355734
-1.6735835
-1.2358508
1.6230245
0.032910354
-0.19640884
2.1987123
-1.4522148
-1.7401946
-3.712066
-0.050816163
-1.3656518
-2.3249428
-1.5469327
-0.9410272
0.10700943
1.7814381
-2.771933
-1.2169164
0.7674889
-1.8339097
0.68684053
2.3197773
2.3305888
-2.2951193
-2.3058603
0.9903092
1.4469577
3.6456645
-0.46436477
-1.6815803
-1.3657774
-0.06849055
-3.4622998
2.7384229
-0.16543254
1.7825727
1.6319572
3.2403054
0.1900602
-1.6698966
1.7147523
-0.3077792
-1.3278029
-2.5344193
1.631047
0.8095834
1.1863815
0.43018794
1.0384037
-3.9697535
-0.8508595
-1.2561265
-2.105776
3.0718
-0.8061319
4.3275146
3.277418
-1.7986202
0.6939502
-3.2292728
-0.53386253
2.3776073
2.4761333
-1.6705703
0.58347327
0.4255035
-0.76206094
0.23468095
1.4252112
-0.8935913
2.1560073
-4.2133427
1.4651735
-1.9677656
-1.5427318
-1.7715356
-0.2301802
3.090726
1.0800468
0.7499535
0.8335771
1.9213434
0.82196087
-0.16713995
-0.050122693
-2.2946758
0.5266863
-1.5090102
2.8655856
-1.283564
-0.59756035
0.81200665
-1.2382863
-0.26750672
-2.4918418
1.5367861
-1.9650619
0.9674941
0.35885423
1.7230843
1.5839541
0.33153728
-2.134283
1.6169877
-1.4917879
-5.518425
-2.676856
-1.6579945
1.3000973
2.1843512
-1.6963842
1.7871555
-0.68899107
-2.3193057
0.7261629
-3.0164695
0.7576018
-0.67096376
-2.6582236
-1.3105049
0.29575273
2.6320493
0.8017304
-0.6041606
-0.09122375
1.1397235
0.49980164
1.4805771
-2.4790354
1.061547
-4.9354167
-2.1270452
-1.8124689
2.3252327
-1.2364957
-3.2283518
-0.34448767
-0.36920172
0.9663371
-4.204427
-3.2408085
-1.5339226
1.795421
1.9578525
0.2339822
1.0368768
1.4141772
2.8817413
-0.49193013
-3.9845095
0.8956722
2.2939546
-0.3001208
0.69210327
3.1199195
1.8472703
-0.9550364
-0.5564258
1.6768517
-0.44590724
0.58264697
-2.0519776
-3.7791865
0.6122532
0.6022033
0.091490984
-0.0022829697
-2.02616
-2.1870124
-0.9396632
4.0073647
-1.3739166
-0.5443168
3.9386349
-0.32587078
1.3977634
3.3653877
-0.4186601
-3.373389
-0.6960269
-1.5193183
1.005579
1.5427052
4.5823727
-0.90451115
0.60289055
0.4377256
-2.406998
-3.2053227
1.5621251
0.8673688
-4.0102687
2.363615
-1.3230958
-0.903633
-1.8380182
-1.1268746
-0.12179031
-2.5783222
-2.2572296
-2.2907016
-1.9032851
2.51516
-1.8601569
3.1478145
-1.3018398
-1.0250325
-0.19992158
1.2383664
0.94198817
-0.9962961
1.5233761
-1.5337105
0.8340419
2.6555808
1.6512562
-0.50246936
0.08683641
1.6833724
-3.74785
-2.654089
2.3200774
-0.11219936
-2.1358325
-0.98715705
-1.0354013
-5.135648
-2.5878592
-1.445782
-2.1330566
-1.7823772
-1.1468291
1.9716287
0.6637025
-1.5788275
2.464548
3.8676517
1.6337332
-2.1930218
-3.8214967
-0.26421994
0.7776567
1.5853851
1.348747
-0.45539397
0.454866
-1.6799827
-0.991824
-1.538748
0.07023226
1.479908
-0.7992125
-1.0854082
-1.7282006
-1.1857593
0.7398933
-0.74304897
0.7915636
2.1152103
2.827626
0.37541845
-2.1048057
1.472576
0.12851559
-1.3547441
2.7699025
-0.39568514
-0.7476022
-1.8758345
0.08726104
0.80709237
-2.7194023
-1.1158851
0.4559793
1.5917557
2.3337903
-0.80323446
-1.977701
4.0382137
-1.0935123
-1.1968879
3.5122108
6.432186
-2.6094644
0.7349072
3.5913432
0.31553426
3.432899
1.1132891
-0.99505347
-0.6755914
-4.2408752
2.4599833
-0.4570454
-1.620228
-0.9518971
1.1746525
-1.4597481
-0.9015155
0.7151589
-0.69643867
1.8440758
2.7351868
1.5049393
-1.2269194
-0.41088754
-2.736023
2.4829013
0.9788769
3.320498
-0.04779266
0.77956235
-0.004390195
0.77299327
-0.4693729
1.9416534
-0.8266213
-2.928886
2.3115644
-0.8281881
0.66223365
-1.3348515
-2.7020574
-2.2649026
2.071517
-1.4451178
0.0057583265
0.120684095
-2.1023366
0.9303034
-0.80633974
1.4685242
1.2718024
0.38436115
1.1788691
-0.068714425
-3.5251782
2.15953
-0.33960298
-1.6517062
-4.7466435
-0.32678065
-0.49438035
-1.9054834
0.83475727
-1.0424365
1.3023834
-0.33014023
1.3584777
3.4828653
-0.59400314
-2.43733
-1.065306
1.2182289
0.50429165
3.2348535
0.77200973
1.5859041
-1.5344243
-1.029529
0.12576807
2.0168223
5.821054
1.0289766
1.5865371
1.1295627
-0.762725
0.21459389
1.3649558
2.7959528
-2.080049
0.69062626
-1.9486362
-0.44670588
-0.16745104
2.654721
-2.5791419
-0.37927762
0.12257248
-0.5902065
-1.7176564
0.822476
-0.7976322
-2.8760607
-0.0009382665
-3.702491
2.2051232
0.61634666
0.6873353
-2.0968409
-1.5137303
-2.143799
0.66924393
-1.9953238
2.9247727
1.4076443
0.3579683
-0.29165736
-0.3801242
-0.99887687
-3.61381
-1.5972549
-3.2781696
-0.36531088
0.6614602
2.1095371
0.90370286
2.4467502
-1.9148389
0.6831404
0.051081836
-0.0051364712
0.23887865
3.3505623
0.8073226
-2.7479637
0.36165118
-2.0779881
-0.7698638
-2.380383
1.1898234
2.6438835
0.5270529
-3.8392653
-1.4714588
-2.0051541
2.1452916
-1.9589301
-0.8315322
0.7852283
-0.640933
-0.94046515
-0.836937
-0.34434137
4.7233953
-0.16633919
0.16625573
-2.902609
0.79887754
2.9600935
-0.3729878
-1.4178882
-1.3820084
-3.7006745
-0.5294127
1.081962
-0.16073644
-2.1843066
-2.0679772
1.5532014
2.538465
3.1631365
1.2636131
-0.06838803
-1.5455835
1.0671146
0.1311011
-0.8259717
-2.2169242
-0.5565074
1.9086065
1.4645702
-0.35902363
-1.2619579
-1.635347
-1.3021201
-0.59360105
-1.5083654
-1.9360346
-2.4700341
-0.7127794
-0.4149418
3.3018794
0.7597405
2.8974557
0.26813328
0.7303014
-1.0677526
0.77378404
2.173162
-2.119584
0.75567186
-1.8148764
3.380658
3.65613
2.5157948
1.2230632
-1.955108
-2.762308
1.5073307
0.7016737
0.90720147
0.22012475
0.19844902
1.2216237
0.6396725
1.129974
2.4322734
0.06368135
-0.12397391
0.7301715
-0.4361122
-3.1309876
-1.7449628
0.16703492
2.4871855
-1.2906116
-0.13920179
0.62395525
-3.0568633
-0.030955747
-0.12621918
-0.19924562
-0.57546103
2.5063381
-3.5107253
1.5776201
0.35275137
2.0840101
-1.0093776
1.7491739
-0.6758583
-1.1806334
0.0874697
-1.5864606
3.9330583
-0.6226697
1.6617576
2.7597702
-1.8382204
-2.0579941
-1.4302187
-1.5834161
0.29442373
4.610394
-1.4475474
-0.01616522
5.3637366
0.6494898
0.7710844
3.5586808
1.3054376
-1.2716545
0.6757118
-0.88885945
-0.5504893
0.21548732
0.8953281
2.6974106
-1.0068982
-2.9401016
-0.8408067
0.7397701
-0.5404362
0.5352521
1.3975402
-3.9608781
0.38143855
0.7554972
2.8309588
1.7623572
-1.9906082
0.16075948
-1.423944
1.3820949
3.5195713
-0.13853243
-1.2156907
0.038527366
0.49420518
1.2062708
0.42302316
1.2947222
-0.71501845
0.31528357
-0.429416
2.22779
-3.5929372
-0.79305005
-1.4638155
3.8152347
-0.7234457
0.776344
1.6596148
-2.3809144
-0.19648889
0.7456008
1.826194
1.6377541
3.844325
-2.3354292
0.6759444
-2.0461342
-2.8110223
-3.905908
-0.8708573
0.50388753
0.41007432
-0.5820595
-2.338095
-2.8686316
1.0505393
-1.5422533
1.4054216
-0.23722394
-0.5280225
1.9362704
-1.1735514
4.628604
-2.2136774
1.8070062
-0.19947869
-1.9424483
1.1901717
1.7430048
1.3379791
-1.2528096
3.0510163
-1.3721659
-0.30050844
2.3274841
1.9440975
1.4860022
-5.5792093
-1.986954
0.69672805
0.62467325
0.64195186
1.74189
2.2872245
0.01782848
0.3716899
0.32265717
0.031149678
0.748856
-1.6088192
1.1083419
1.0726206
3.0862093
-1.0060587
-1.7794585
3.2108634
-2.4837825
-0.37291354
1.5903752
-0.901376
1.8168637
1.4773554
3.2213027
-0.25887454
1.9171
1.2178894
3.5666783
0.111579835
1.2228003
-0.11042982
-0.2538438
1.1583006
-2.2457314
-1.9231366
-0.39831507
-1.9387674
-0.41293532
0.875941
-0.7802463
-0.19348621
-1.7908736
0.8425712
3.3226407
-3.8894515
-0.24264954
1.0286812
1.3903522
-0.019112527
0.6357592
1.7302445
-0.37982142
-2.4250493
0.22914973
2.4734368
-0.4852877
3.2983873
-2.6548295
0.087869786
-0.4513078
-0.5061731
-2.5816312
-0.31893432
0.93789154
0.05984582
1.0834638
4.801957
2.1563828
1.5264598
-2.0533268
-1.3680501
1.046564
-2.6461847
-1.921538
1.5834107
-1.6234138
0.37207946
-0.70398015
-5.892682
-3.1597657
-3.7871108
-3.5182643
-2.1637056
-2.021145
3.4373002
-0.36137354
-3.208502
3.109679
3.5694869
3.1153688
0.5374024
1.3294802
-2.8510199
1.4619185
2.0117722
-0.1433309
-0.43207103
1.589557
0.115122125
-2.665215
-2.4855082
1.8579353
1.4824488
-2.0998878
2.0772264
1.6084689
0.8506277
2.396916
-2.0685232
-1.9068749
-0.9357927
0.986313
-3.343544
0.4301637
-1.6998491
-0.8599966
-3.6306746
0.030518651
-1.669353
-0.897408
0.7277481
2.001277
-1.5716718
0.80382705
2.3966706
1.6379179
2.7548923
4.738117
0.74399656
0.66894555
1.0761381
2.880574
0.15483102
0.4541942
1.5662584
-0.5256562
-2.5724711
1.7020366
0.8023992
-1.2993248
4.454848
1.2046689
0.43792436
-2.4084105
-1.8907963
-0.9837367
0.079044096
1.5019487
-1.8545789
4.3414807
-1.3683017
1.1775106
1.9213319
0.3126716
1.2404555
-2.8328502
3.423816
2.3864214
0.6387345
-1.2906158
-1.1327089
-2.5905647
1.2724073
-2.3541114
2.1639297
1.6614519
0.40280455
-0.33539814
-0.36658815
0.36314714
0.35007235
-1.5999861
1.7906781
-1.626191
2.182263
-2.0057905
-1.4304731
0.98001546
-0.33534855
-0.768128
-1.3614261
-0.72756886
0.8544092
1.3624932
-0.9864015
2.0452096
-1.3706385
-1.3303015
-1.7934948
0.79966366
-0.49843955
0.8557798
-1.1372447
1.3046776
-3.1669567
2.8029249
0.12295091
2.2406943
0.6059216
-0.6116883
0.43315247
1.4034737
-2.4662218
-0.7243125
-2.994571
-2.105801
0.39162534
0.7895242
-1.9794098
-2.077105
-0.77833575
-3.5100725
0.3629674
3.9784944
2.4862082
-0.48835674
0.017972358
-5.350517
0.6293189
0.22818244
3.400666
-1.3081172
0.9909986
0.47968212
0.6641657
-1.2864779
1.3599515
2.7779818
0.4771958
-2.1116014
-0.3375665
2.2807302
0.3450949
1.307329
-0.4698995
0.41868728
1.0673947
-1.1528893
0.085036546
1.7759569
0.45245323
-1.2531444
-1.9143367
2.6108959
0.10782452
0.6141119
2.4491935
-0.11510392
2.3336651
-1.0867424
-2.0553265
-2.5589466
-2.43183
1.3489149
-3.0567112
-0.2900564
-0.092114076
-2.946954
-0.73160285
1.4671128
0.32348862
0.49181008
1.111803
0.7579592
-1.621943
3.4552083
-1.4909456
0.82808155
-1.9119173
-2.2137408
-1.6916051
-1.6456852
-1.0134556
1.1897475
0.19210641
-1.8099481
-0.93158054
2.2430527
-2.068351
-2.5924015
-3.7252386
-3.7862322
0.04815875
-0.05695395
-2.1147883
0.22979234
1.0342321
-0.3528524
0.91454005
0.93324167
0.14583567
2.3747382
-2.7110252
1.0643328
-1.9189047
-1.0980682
-1.2242444
1.5759122
0.5948802
1.5101446
0.7574264
1.528733
0.82773185
1.9277705
-4.0308223
-0.47401842
-3.0192811
2.2540116
0.8729712
1.4123399
-0.38640565
-0.08593803
-2.7884123
-0.17772101
2.3150752
-2.367119
0.790827
-3.322211
-1.8318183
-0.44955996
-3.2082138
0.52773607
2.7559376
-3.2493606
-0.9950332
-1.4204788
-3.2281935
2.4239013
2.6751378
-1.1955736
-0.7419494
-2.8868778
-3.2145114
0.35856307
1.7306235
1.5976337
-0.723494
1.4581038
-0.20335624
0.615537
0.4038909
-1.2241316
0.95068324
-2.9224856
-2.3617125
1.804464
-2.4354382
-0.27148306
1.9577903
3.0957332
-1.172969
-0.49873927
0.30236524
-0.49191436
-1.4657352
-0.7271427
-0.031696104
-2.910861
-1.5201589
-2.4098234
-1.0779591
-4.4069376
-2.6836433
-0.31936783
-2.1023135
4.2825985
2.0280383
1.8683468
0.12748384
-1.8003553
1.7172635
3.1469753
0.85661185
-3.4409783
4.58521
1.9196793
0.4382349
1.2057499
-2.0459826
2.9243467
-1.3612791
-3.2853336
0.4138058
-1.037431
-0.0027067065
-0.45447192
0.81765574
2.2344418
-1.0957774
2.2374294
4.3464875
-1.9379998
0.47606117
-0.92241114
-2.902355
0.6824187
-1.0421594
1.2328289
2.0033085
-2.133678
1.9134043
0.31529158
1.8659433
0.40806398
0.8645273
-2.2587647
3.476012
-2.3486178
1.3005294
-2.2191036
-1.1636521
-1.1945373
-0.1705617
-0.714717
0.47758007
1.8364208
-2.563125
-2.766735
0.71357715
0.28627506
1.3786384
3.1421762
-0.36048448
-0.9496598
3.3915522
0.29294017
0.8589318
-0.7099452
2.4510236
-0.35592785
0.9646467
-3.2941048
1.1413839
-3.4168622
-0.79011756
0.008149609
-1.596519
-1.0946736
-0.43241313
2.2034981
2.632012
1.4699842
1.5855212
-0.121714644
-1.9547321
3.8084047
2.6742013
1.5567843
1.5822071
1.0201154
-4.162965
1.3291961
1.7816267
-0.64804786
1.8513054
1.2843137
-1.7082255
-5.472546
-0.93157
0.18480906
-2.8481147
0.045492798
-0.2219267
-3.9390311
1.765214
-0.10098515
0.8073866
2.0484955
-2.1898572
0.30503228
2.0172472
0.51165086
0.45395938
-2.7838545
0.77896893
-2.5443091
-0.5373454
-0.26801038
-0.30350274
1.5971617
-0.61556053
-2.0266557
-0.635035
-0.86156344
-0.7419985
-0.5794266
0.29053044
0.04200282
-1.8395815
0.36999068
2.048777
-1.8579369
-0.24969274
-0.30173197
-3.597825
0.3532934
1.2652442
-0.9597337
0.08703029
-1.9784985
2.749035
-1.5490773
-0.07583176
-2.2863166
2.015679
0.45942652
1.4853996
0.22585174
-1.110074
-0.26946545
3.226822
-2.0990958
1.2870365
-0.94194424
-4.3935966
-4.5612564
-1.2078207
-0.99659586
-0.8405434
3.0828898
-3.0108907
1.3427496
0.91145074
-0.53695357
0.57395303
-2.2898984
0.4011019
0.2630932
0.7141348
-0.61463857
-2.437015
1.739182
-0.08834366
0.30554134
3.2751555
0.444059
-0.312703
-3.4260697
-2.960893
-1.7440574
0.042937025
-3.4971266
1.7255495
-1.1041248
1.4828129
2.37858
3.845405
-3.3680425
0.061907075
0.95782435
-3.773215
0.61577386
1.6966844
1.0474191
2.9891317
-1.2152921
2.1439712
-1.4974774
1.02483
-0.66663647
-2.9556484
-1.5702791
-1.0135051
-0.40774956
0.20513043
1.4573035
-0.9726592
-2.6475422
2.6570325
-0.7692811
-0.68452454
3.7144396
-5.5701537
-2.5646095
-3.7849977
0.9305925
-0.1502732
0.17447329
1.8791214
2.9986932
-2.401684
-1.5905502
0.8562048
0.38120914
-0.98961484
-0.018889993
-0.9400419
1.7380707
1.0507799
-0.25767058
1.4508121
-0.050835438
-0.08851109
0.31625757
0.93075126
1.1726857
-0.3511263
2.5022786
1.2996982
-0.31469226
2.6214097
-0.7361315
-1.0224531
-1.8403399
1.3161199
0.6996435
1.8925964
0.33318475
-1.816233
1.2903295
1.2807162
1.5076468
0.8394723
-1.6210197
0.83584845
-0.69016784
-0.10543091
-0.38293436
2.1767669
-2.5792265
-3.7148046
2.5258305
-0.29021275
-2.4772482
-1.5478568
0.89476067
-0.8057964
-4.2513723
1.0035009
2.5846713
-0.92617315
2.8093834
-2.1701899
-1.7584885
-2.6485934
1.1935605
-0.035050567
1.3218858
2.0742543
-0.01613558
-2.572469
3.6105993
1.0452477
-3.9810636
-2.0653174
3.4643602
0.5598831
-0.23537533
-1.5922359
2.8591175
-1.2755516
2.3582144
-1.2990063
1.1440674
2.2691526
-1.1083096
-1.3809153
-0.31384575
0.18594113
3.6832042
-1.6930063
1.559759
-3.495624
-1.7697566
-2.4615407
1.4098845
-1.5547396
-0.7631747
1.4482719
-2.261145
-0.8857472
-0.34624034
-1.9569244
1.0198908
-0.6447988
-0.6769615
4.3500338
2.5968628
3.3001568
-0.34342125
0.43574658
-0.7595282
0.22839475
0.52202225
1.5418246
-0.6574279
0.1811797
0.658229
0.2716124
0.51230675
1.45958
1.9443614
0.9551763
-1.4045959
0.12342739
-3.655817
-0.025758855
-3.1362128
0.6229523
4.4379053
1.780491
0.5734054
1.1133822
0.7779902
-1.5310373
2.4554415
-3.0815396
3.07148
0.101151384
-0.28137922
1.9269315
-0.06799325
-0.08898581
1.9809647
1.0904182
-0.47450042
-3.598939
1.5138993
2.3412988
-0.9778128
3.087605
-1.5010967
1.4704285
0.843138
-0.5024812
2.887394
1.8263506
-1.7857466
-0.7443844
-0.26694217
-0.9108806
4.1604676
2.117139
2.0050642
1.6337087
-0.5082262
-0.98336107
0.34019846
2.2460258
-0.44588584
-1.9931468
1.7625247
-2.9697087
-1.2523607
1.3791714
0.08122477
2.3882241
-0.019291408
-4.601451
-2.273669
0.21121505
1.0889635
0.66478896
0.37817726
2.2444532
2.9794664
-0.38150886
-0.98622584
-2.908257
3.867305
0.23668197
1.7986763
0.7956461
-2.058684
1.7988633
-0.5058031
-3.8619273
-1.4196813
-2.6076348
3.5311222
3.2767036
-0.26458964
-0.77005583
3.266729
0.37951168
2.4240148
-1.3279538
-2.793479
-1.0229039
0.917377
0.15001598
3.5895314
3.1798851
0.605463
3.8427978
0.895085
2.7573347
0.45925415
-1.9855139
0.14840633
-2.5478995
0.9561443
0.4197979
0.6426205
-2.437296
-0.5899728
3.3699002
0.5812421
-4.5544424
1.0679097
-1.2328318
1.4768943
0.52380097
-3.0631692
1.0692463
1.6419367
-1.7762405
-0.31791776
-0.43822372
1.1438347
-1.4183006
2.569328
1.0636158
-0.14949057
1.0850865
-1.7862096
2.230321
-1.7210766
-1.4088155
0.72050476
-2.146818
3.7100713