Nerar
1
-1.0419464
-1.6775815
-0.3323581
-4.1673217
-1.6465235
-0.2210176
0.34031126
3.1770277
1.3509682
-0.2661627
-0.44305152
-0.20130555
-0.31095794
-0.10630297
1.6280105
3.4629521
0.75150937
3.6027994
-1.5348704
-1.8163786
0.6300335
0.48220542
-1.6907467
0.74672693
-1.1083919
1.8204316
-2.1837444
0.27847126
1.4904488
-1.0902175
-0.076415166
-0.19507042
1.1225667
0.7585574
4.6293635
-0.61347175
2.013168
-1.2348632
0.8132375
-1.736826
-2.2811131
-0.9953588
-0.052874237
3.3210926
-3.4880013
-1.2049273
0.93874073
0.917886
1.857274
1.968587
0.9239423
-1.524288
-2.4134562
-0.31913647
1.1411815
-0.29657176
1.5633415
-0.42250916
0.9780609
-0.4821474
0.16371125
-3.7487297
2.5942187
1.3167163
-2.972025
1.9657615
-3.6981542
1.3902104
-3.3651102
-2.0813787
0.5342308
-0.27494603
-0.65456325
0.2960831
-3.4945333
0.117876455
2.5484605
1.6409054
-1.3173591
4.2588897
-2.146318
-3.4423158
1.2464839
2.6372194
-1.3345437
0.3492243
2.1080086
-3.6005425
2.11217
-0.49235713
-0.6107424
0.33236122
-1.0769986
0.105132684
-0.43191442
-4.0404553
-4.763999
1.0857241
-2.5800927
-0.12249521
1.9345965
0.6711549
-1.8626504
-0.26477456
-1.7773062
-0.05698683
-1.208589
1.754336
0.811679
1.8649815
1.4842631
-1.1799375
-1.5785149
-0.83304197
-3.903634
-0.5694253
-0.75712425
3.71233
3.1192663
1.628837
2.4902997
-0.773635
1.3742691
0.37927648
1.3609408
-0.052156
0.94606763
3.8799398
-0.3003608
-2.5128164
-1.7515422
1.4533457
2.1312823
-2.460934
3.0796065
-0.41123646
-1.9550692
-0.91274256
1.0705324
-1.1077077
2.059044
2.169941
0.7137727
-1.5640517
1.089806
-0.41298783
-2.7292416
1.4457746
-2.6678045
-2.4875581
-2.526168
0.52466947
-1.0576667
0.2687251
-2.8662589
0.9695382
-0.6100362
1.2124958
5.7222743
-0.4037718
0.861817
-0.076442875
-2.892288
0.95985216
-2.3982854
1.8356994
-1.1405135
0.32721567
-1.1141309
-0.12251072
-2.4142077
4.192295
-1.7175763
-3.2186692
0.49996775
-1.9611799
0.09726211
0.80016273
-0.98069555
-0.3764697
0.73879987
1.9778979
1.5669384
-0.49220937
-0.8012494
0.8556865
1.2280574
-5.4023542
0.6436661
-1.1057229
-2.358308
-1.1939116
-0.60771334
5.2164106
-1.6450164
-0.105819836
-0.9127823
-0.9378275
-1.1433623
2.331913
0.20152071
0.5462903
4.467803
-1.9055212
1.0207844
2.4520097
-4.287014
-2.9595263
-2.508309
2.9146376
-3.6667087
-2.3141809
-0.95777917
-0.072488286
-2.0058665
1.6535449
-0.98195976
-1.3853383
-1.8108999
-0.7792476
-2.2811663
-2.4547987
-1.1907425
2.5614834
2.565083
-2.0869544
3.1007736
0.6996522
2.3507862
-2.5811505
-1.0288545
2.4562688
1.9579872
-3.482096
3.1735919
3.5563483
1.3662683
-0.9784056
0.49414104
-1.1929423
-0.44580203
0.76629066
-2.4304168
-0.13341466
-1.8157997
3.9435086
2.560224
1.3239303
1.0752329
1.6296529
-0.9086702
-0.3437683
-0.95092887
0.005583316
3.0176492
-0.73583335
-2.577097
1.1672518
0.41445288
-3.1730757
-1.699389
2.8762903
2.4564288
1.0925974
2.2237375
-0.85880727
-1.6709921
-3.271441
-0.10778653
1.0239865
0.32875052
-0.55495745
5.8018627
0.40484452
2.0652995
4.1930556
-0.17951155
0.23875517
-1.073176
1.3329592
-5.833654
-2.4547744
-0.6860899
4.0473614
-3.4290652
-1.2259912
0.4794677
-0.14286241
1.1271801
0.72232646
0.026439361
-0.20101145
-0.61964184
0.16802947
2.533692
-0.014224976
-2.321698
2.939497
2.1935627
2.7822638
1.3230975
2.662531
-2.341701
3.2055242
1.0010718
1.9749254
0.8578925
-1.4727143
-2.3112993
0.9028253
0.33861426
0.15459488
2.245119
1.654176
3.9105935
-1.1867195
0.8123866
0.6893496
1.2630609
3.4820757
2.2324314
-0.9403095
-0.92969096
0.20893908
3.823209
0.41927356
3.385361
1.3776577
-2.0518804
-0.44667393
-0.44235963
-1.4339247
1.6206455
-1.2525681
1.216724
-0.1004735
-0.865219
-0.78046983
-0.24836868
0.46862254
4.031926
3.12573
0.78566116
-0.74150324
-3.2856755
1.4167882
1.6049289
3.7580602
1.6849921
-1.0503981
-2.796019
-2.245754
-1.4375821
-0.39040542
0.2501485
2.5123403
-2.258328
2.3949814
0.034898173
0.5394547
-0.57940894
2.8027694
-0.3885071
2.884368
1.7342539
-2.5931258
2.6153457
-3.0491226
0.7272602
1.9704807
2.2284677
1.3521283
2.1061857
0.566136
2.0939872
-0.5643292
0.56062776
-0.689496
-2.0047686
1.6541706
-1.1756548
1.0390474
0.8982994
1.2371289
0.97398037
0.91677487
0.55983835
0.28718728
1.5404302
1.7333906
-0.3200301
-1.3888072
3.0642262
-0.77365136
-0.3998261
1.8399149
-1.8266852
1.4664806
-0.10065001
-2.1354566
0.34137276
1.7971334
-2.557578
-0.65241
0.6556438
-1.0997682
2.123382
2.5195856
0.37680408
-1.419922
1.1712862
-1.0663294
2.5212839
3.5850396
0.6519929
0.8911211
2.2154772
4.069832
1.8639048
-2.1502335
-0.26126188
0.90462184
-0.84767276
3.193499
2.712657
4.300102
0.2943367
-0.79033256
2.7306616
-0.58270985
-1.7328146
-3.7287672
0.083694555
0.2353453
-2.1247387
4.668835
0.889291
3.077813
-1.2021537
-3.0614429
-0.12209105
-1.8784466
-2.3041174
-2.2264042
-0.49566445
1.5077137
3.5591252
-1.8051432
-0.6952309
-0.27818218
1.9657565
0.92866707
0.19680452
0.30871254
0.6852738
0.31875643
-0.13528526
1.4602889
-3.3656824
-0.32532507
1.0258392
-1.3063549
1.2497197
0.1375846
-1.5232164
0.2847314
0.45465305
-0.93823874
2.042533
1.4181542
2.1536086
-3.0553343
0.52969855
-1.4853748
-1.243251
0.50759214
-1.796707
-1.259502
-1.2913561
1.1705424
-1.3963573
1.7656033
4.9172063
-2.026566
1.2521586
0.33853632
1.0953023
-0.85647523
1.5947605
0.038966294
-0.21345899
6.3559027
0.8571425
-0.1628582
0.34313005
3.635286
-1.368231
1.1987519
-2.9194517
-2.0383925
1.3495334
1.0951186
0.5787307
-0.00044422224
-0.582504
2.0676143
-1.356176
-0.89563537
1.4466821
-2.2856638
1.1071534
1.2519494
1.2632653
-0.95306754
-1.7303902
-0.5708108
-2.4212708
1.4019843
-0.9989465
-0.040772546
-0.6928315
2.1573133
-0.39571252
-1.1642087
-1.0876255
3.1934865
-1.5057925
0.26853874
1.5321039
-0.4703516
-1.2281172
1.0298611
0.89301914
-1.7878896
2.1782596
-1.644166
-0.703195
1.0408659
-0.873514
-0.4486368
-0.26923582
-2.4376705
-1.0257944
0.42256618
4.232363
-0.5149834
2.4970956
0.68627954
-0.6516247
2.5629678
-0.5120801
-2.1409194
2.796158
-1.5037942
1.673982
-0.4502948
-1.7240702
-0.8083459
1.5269973
-1.6548312
-0.77265054
-2.294207
2.0185642
0.5638268
-1.7516696
1.9443425
-1.6193274
1.9284339
-1.582369
0.44564676
-3.201001
-1.9190919
0.6679074
2.4207864
4.1354876
0.28299502
-1.2692932
-1.8357744
2.816396
0.91052175
-2.6066408
3.0565856
-2.0437462
-0.96066874
0.04928633
0.43350023
0.2343165
-0.56972176
1.4279958
5.6522794
-2.8998644
2.1170454
0.9205255
-2.890537
0.5822982
-1.25842
0.22341871
2.0854917
-1.0646415
2.0272293
-1.8319423
2.238471
-3.3687837
2.0112827
0.45682362
2.8283873
2.7040825
3.0039232
-1.1153686
1.3595883
-2.1436334
1.2850777
-1.0689044
0.6753242
0.754694
0.91476625
1.0887812
-2.7585049
0.54535276
-1.7696513
-2.1839905
-2.8972764
3.1426892
-0.3954086
2.3675356
0.9169543
1.1191907
0.3240586
-0.6585645
0.24032947
1.9097674
2.2326071
2.7164884
1.5538727
0.9473774
0.51032454
1.4625992
-1.1937122
-1.6193278
-0.9275988
-0.7965849
1.1327319
0.55561286
-0.46883777
2.6825721
-0.25840533
0.30929554
0.6154983
1.0739475
1.6431122
1.9256289
1.8816574
-1.0119884
1.1572545
-3.6723273
3.002873
1.9039365
0.44770533
0.37015975
0.5313088
-1.818971
-0.24035893
1.1225809
-4.0032682
-2.5278
2.5553143
-1.1658268
0.3814984
-1.865613
2.2547038
-1.0136094
0.94170105
1.9005694
0.7472138
0.63272524
0.39131162
-0.5838729
-2.6646733
-0.18361694
0.1302931
4.657657
-0.48502964
4.638841
-1.2184339
1.294383
1.3948503
-2.8702564
3.3376362
1.4792618
-1.2690136
1.6768321
-0.9862734
0.6690194
4.1156206
-1.4603965
-3.5732865
-1.643587
-1.8481839
0.9763773
0.6694814
-1.2570438
2.147524
-0.70437795
-1.7968154
-3.816704
3.833735
-2.7154458
2.4939404
-0.13183337
0.41683894
2.0675745
-0.025217924
-0.94618666
1.3296901
1.3684039
1.9021225
0.061928947
0.7676376
0.8085515
-0.8371769
0.5452849
0.25474626
0.041356564
1.9823227
1.5549093
-1.0121523
-1.1865718
-0.29511553
-0.41267273
-1.4116483
0.039538264
0.30787978
-3.3809345
-2.857787
2.234823
0.9820899
-3.0330951
-2.2869093
-0.96514165
-1.5837684
-0.79781055
1.3833523
1.5238875
-0.37930068
0.43771833
1.9303828
0.45371732
2.812259
1.2030374
-3.1468933
2.6286182
2.6039865
2.5123901
-1.7228186
0.965896
0.5415948
0.8458285
0.15934469
-0.0268948
2.4845629
-1.3972813
-0.06354355
2.9774005
2.5113654
-4.490329
2.6939292
2.9317684
0.73307115
-0.6579027
-1.4965096
-1.5639573
-1.4931158
-2.7143464
-4.0766706
0.4911305
1.6299076
-0.13262859
-1.7302834
2.9689746
1.2684522
0.67388564
-1.5882318
-1.4989781
-1.8362358
-2.4842668
3.3386178
-2.552406
1.4798343
-2.6106937
0.5023476
-0.74900144
0.8688581
-0.73055655
0.41775712
1.7454271
0.85904276
-0.39234394
0.4006161
0.85900456
-0.13888508
-1.4113513
-1.8714002
0.41718265
-2.0017295
-0.71505934
2.260903
-0.018759422
0.25832903
1.3664701
-0.51625395
-1.1934568
1.7086859
-0.910048
-0.17910498
-0.569162
0.18751353
3.0380085
-3.0704188
-3.3103924
-2.8461761
0.19192287
2.3328335
-0.91602707
1.6452553
0.5675546
-1.6242241
1.2045295
-2.4417784
-0.27353603
-0.6823501
1.3728572
-0.43629867
2.4965718
-0.8605406
0.38826305
-3.0777612
-1.0538995
0.033745755
-0.48615587
-1.8882687
0.69795454
-2.4310892
0.8215919
-2.7042193
-1.4591658
0.20451787
-2.535007
3.2105412
-0.0532676
-0.39446265
-0.11856352
2.5760717
-2.546067
-1.1446773
2.8705788
1.3272089
-0.47577822
-0.93749756
-0.0043040216
3.426985
-3.3987064
-2.3449268
1.4886584
-1.1515586
-0.42577663
-0.5955719
-0.2842609
3.4707482
1.1326169
0.057266414
-2.3812945
1.3989141
2.0840578
-1.1926341
-3.274883
2.0214896
-1.6995541
2.506835
1.2520599
-2.3620193
-1.5201855
2.732956
1.4177637
0.9659088
-3.0693076
-0.8381499
0.47322467
-0.8178276
0.30112654
-1.016555
0.81797624
1.1022906
-4.9242554
0.087983154
2.0832117
3.7968335
1.7413715
-1.323985
-0.46292552
1.7290654
1.533511
-0.75527054
-3.358333
-2.516421
-2.261788
-0.98483825
-2.0962408
1.6585574
-0.33616364
-0.14466733
2.652028
0.16288492
0.9116995
-0.5573057
-5.1546545
0.35297906
-0.8001198
-0.8050688
-0.3031153
1.3792903
1.0022894
-2.123298
-2.6098516
-0.36885804
2.5976708
2.8009958
-1.8701957
-0.982278
1.0208201
-3.2425532
0.32025868
2.770047
1.215816
0.6509856
3.943566
0.31715533
-2.6868453
0.631831
-1.2752805
1.6180732
-4.042308
0.41200253
2.8374197
-0.3481265
0.22081824
2.534014
4.042718
1.4411008
0.8440539
1.889123
-1.8136863
-0.33191058
0.13743412
-0.35919607
-2.0492697
-3.4569247
0.35120484
5.619526
-0.0010352954
-2.5343513
0.44520152
1.1047174
0.5449857
-1.228701
-1.6637875
0.08734942
-0.0046203807
-0.62665474
1.0936536
0.6097162
0.34467024
2.7358897
-0.37245497
5.345003
-2.4780705
0.24333853
0.48624304
-1.8607422
0.91506803
-2.4047103
0.4010465
1.1299641
-0.22296518
-0.53233105
1.5001284
-2.3962002
-0.85025024
-0.2926178
0.73503006
2.04774
-0.59017503
2.5013335
-1.8251467
-0.2773857
0.57216316
3.0087278
-0.31848952
-1.8219937
-0.4085155
-2.3803375
-0.32240143
-1.7522144
0.82383406
2.3840156
-0.70979506
2.997666
-1.102796
0.57134336
1.1344485
-1.1604658
1.9400896
-0.7042714
-1.3499496
1.7826318
-3.0321207
-0.6925353
-0.62681264
0.86240613
1.1522379
-1.1743579
0.81198484
2.2734814
-4.741785
-0.15935135
-1.9269543
0.79237425
1.1037251
1.5960883
0.11396622
-1.176792
-1.1352638
0.715102
0.696544
-0.4087994
2.273056
-1.7890513
-0.639661
0.7132463
-0.85204226
-2.6716144
-1.7171419
1.7253155
-0.5303632
0.20169425
-0.61567616
-0.1986632
1.3548168
2.2293293
-1.7206728
3.045286
0.49772215
-0.13332994
-1.434795
-2.3430967
-3.8107285
1.7396723
-0.4365881
1.0950203
0.11567998
0.986823
0.62454545
-2.2270672
1.5435518
-0.56635004
-0.08152212
2.3845751
-4.0215693
0.6560698
1.0407131
-0.92493314
3.5700462
-0.4070561
-1.01346
-2.2151742
0.24710411
-0.9047674
3.1687438
1.7500057
0.35974187
0.05387549
0.82416624
0.20617512
-1.0427566
2.3809
-0.25387424
-5.20912
-0.41140154
-0.6513629
-0.9707439
1.3834151
-1.0880375
0.8063874
-1.3862287
0.65186816
-1.2002426
0.45113975
-1.5099039
-0.410028
-0.18114516
-0.8529648
-2.9041107
-1.3194946
-0.48321554
2.87549
0.95136076
-2.9271803
-0.4463609
-2.8100443
-0.34787676
-4.1691723
-0.98067707
0.47443515
-2.5545118
-1.6871799
0.19907838
-2.1870959
-3.7024772
0.54835266
2.9541428
-2.7488518
0.52160484
0.74119544
-1.2194613
1.6979632
3.0416512
-1.9420073
3.5557837
0.32881498
-0.69223917
2.4367993
1.1117505
-1.7868627
2.4243984
2.762434
-1.9794838
-0.25762832
2.49938
0.8917195
-0.63018876
3.8345497
1.0721537
2.8543632
2.5164456
-0.7271225
0.15749946
-0.93052596
-0.9236197
1.2701012
-1.5096956
1.0810908
-0.19445115
1.3610207
0.8386462
1.0579737
-4.0557804
-0.55588377
-0.44792673
-0.1404565
2.2893014
0.8834292
-1.7910298
-1.6619638
-1.8650025
-0.6504334
-0.0635542
0.023312852
-1.8623238
-0.5567112
-2.5316966
-1.1880776
0.34202296
0.019032627
0.8601221
-1.6391782
-3.381419
4.5555186
-1.9160016
-1.7383753
3.1112776
3.8753603
-0.9358303
-0.73442364
0.057933748
1.2007501
0.8380284
0.15050149
-1.6635424
1.9064248
-2.682784
-1.768105
0.9806713
-2.3559208
-0.9153659
-0.5602605
-2.0919204
-1.8322734
-0.5985891
0.08054951
-0.40773544
0.920894
1.3963547
-0.23897794
2.0518112
0.72460115
2.8655028
0.93925375
0.38173065
2.8473873
1.5866866
-2.7912664
2.4989867
-0.09064311
-0.04588198
1.8418365
1.2726958
-1.0943696
1.0711956
-1.0773975
-1.3824917
0.6057902
0.45750168
-1.6183639
0.03270504
-3.2624292
2.476199
-1.672339
2.359421
2.1561027
1.0105013
1.0000539
2.171701
0.43097466
-0.103527956
-2.524018
0.94549924
-2.7681415
-1.0345759
1.8789246
2.7314649
-0.86469096
-1.1105214
2.3804116
-2.85587
1.1271317
-1.0512007
-4.65869
1.3449306
1.7675735
-4.796707
-0.6913977
-2.1221485
2.9207046
-0.31986168
-1.3140333
-3.3884976
-0.8479389
-0.2661686
0.78372264
-0.35207912
-0.12537447
-1.3851031
-0.9295727
3.418279
1.3833636
1.4656957
0.34902442
-3.0257967
2.4508314
1.1851948
-0.91009766
2.4541595
-0.4153081
-5.15339
2.174565
2.4937365
-4.468385
2.5460453
-2.5919673
-2.7202005
1.8726894
-0.60539407
0.17102183
1.267959
1.1883337
-4.4328384
-0.434294
1.6742573
1.8434585
0.69958353
-0.18776938
-2.1486843
-1.5511398
-2.0266156
1.8112812
1.0400058
0.03637547
1.2304244
0.60958886
-4.3757534
1.1109315
-0.56799316
2.3064551
2.375097
-0.9303369
1.6659569
0.24269724
-0.64341307
2.6699889
2.9096637
-1.2697895
0.8736302
-6.490237
0.18963239
0.58300734
-1.9695333
-4.018149
-0.6356008
0.53556705
-0.3758429
0.5036697
2.8642747
0.51219094
0.02632735
-0.5190546
-2.4765654
0.6750135
-0.86482763
2.0280018
-1.9245056
-3.1298544
0.8747679
-2.2083411
-1.7365779
0.47091645
5.08879
0.8052205
-4.1589975
-1.53996
-0.034232043
-1.2548599
-2.8017404
0.010029443
5.222238
3.8519201
1.0400137
-0.05783417
-2.511528
4.8563495
0.41570094
-0.8434768
-1.7046338
2.2196753
-4.2740865
0.2892859
-2.095247
-0.74417657
-0.59317976
-1.8877153
-1.1842271
-0.21488318
-0.46612763
1.0846003
-3.397144
0.15236498
2.1511817
-1.3049968
-1.4412714
0.6327595
-0.78233415
2.9672346
0.97299105
-0.43887845
4.1183996
-0.8114809
1.1419173
-2.2689342
0.41224965
0.5544456
1.1321348
-1.5357372
-1.2011864
-1.8438165
-0.102686934
3.269049
-0.4232841
-0.34154442
-0.6983226
-0.8782056
-0.25998965
0.07914343
-3.452535
-4.5273695
-0.9699802
1.766197
0.16845042
0.94838125
1.0472802
-0.004046567
-0.4349491
-0.9462179
-0.6263309
0.18755305
-0.6404391
-1.1601645
-1.293028
1.9487247
-2.0181086
2.030255
2.0822072
-0.3789358
0.309757
-1.6219314
-0.41225192
-0.29765484
-0.30802494
-0.20361239
0.33330718
1.0610027
-0.99192697
-3.8811736
-3.2324014
1.5603732
-0.5406042
1.1254742
2.3798223
0.74712723
-0.22375697
-2.43053
-1.0091395
3.8895512
-0.2748807
-0.2739444
3.1100187
-0.9316622
-1.5868239
-3.2041013
-2.0337017
-0.53890485
0.34200042
0.67130136
-1.8192875
-1.4671855
5.1135283
0.58351064
0.21940377
0.45439827
-2.1920724
1.3625813
-1.1700964
0.24662414
-0.4340422
-1.0349498
0.109874845
1.5418508
-2.8394606
-1.2324044
1.5878258
0.7385908
2.7461615
-0.5789029
1.942734
-1.2699924
0.6214213
0.12965517
-4.365956
0.91050655
2.3334806
-1.20177
-0.18547787
-0.10031336
-0.16352598
0.90953803
1.5138134
0.1374537
-0.3993767
-1.037155
-0.116749406
0.38440067
-0.5622784
0.45533305
-0.4328496
-0.011658736
2.627611
1.9737597
-4.7213273
-2.9825244
-1.6628807
-1.4502895
3.3984437
1.246634
-2.948787
-3.6298294
-0.6638858
-0.019621804
-1.3301002
2.5256898
1.0652668
1.732279
1.8233964
-2.9941769
5.4770727
-0.5119569
-1.7902302
3.3826241
-0.011657745
3.4672787
0.64724493
-2.2297456
1.0137224
3.2811553
-0.27568263
1.1575562
0.44116282
-2.2961679
2.323114
-1.7866669
-1.6152982
2.359171
-0.2633741
-2.8839726
-2.3404825
1.3804519
-0.28515035
1.7752281
1.6153324
-0.37852523
-0.05415453
-0.40235505
-0.22473383
4.049882
1.6453769
-1.7378392
1.1395117
0.038704276
2.3779368
2.3216705
-2.3911934
-0.19354571
1.0130516
-1.0934498
-3.2332706
-1.4203982
-2.8806887
0.39644143
0.50262237
0.905835
0.20461003
1.495614
-0.23463878
-1.8287534
-3.1803312
1.3328075
-2.850509
2.228369
1.3090092
-0.98963124
-2.15802
1.8454744
1.4882061
-0.4997362
-0.39709455
-1.0618964
3.2316449
-2.973919
2.6376607
2.6603749
1.8916107
-1.2850688
-2.4803312
3.3042977
0.7688959
2.3655725
-1.4218225
-1.3469493
-0.089347035
1.5402052
0.9222535
-0.61805934
-1.0958639
-0.15874627
0.82602364
-1.7439576
1.808382
0.18203849
1.6420143
-0.9808394
-1.350234
0.8539194
0.22314526
0.890289
-3.364039
0.99507433
-0.040799044
-0.103959
0.64902884
-0.0044090487
0.16656423
4.179638
1.177287
1.340609
2.283663
0.090045616
1.5177636
-0.87232924
2.4860897
1.582758
-1.3440429
2.1657887
-4.7495584
0.9064362
3.4080868
-0.4116203
2.1241539
-0.20418829
0.22082843
4.0880456
1.1614455
0.27328634
-1.9913145
-0.5135197
-1.9037901
1.1441007
-2.819481
-1.3446826
1.2621739
2.413384
-0.40972376
-4.690844
0.6420261
1.3663164
-1.0658303
-0.87283176
1.8481392
-0.8599695
4.125357
-0.07077057
2.6483374
-0.42704803
-2.3712373
0.07509369
2.3014102
0.8315133
1.182883
-0.55008394
2.1533678
0.5025895
0.3709106
-0.51361364
1.156198
-1.4147023
-3.3543587
-0.63631886
-0.8901613
-0.0053935125
0.12334789
-0.61190945
0.1859636
0.040479288
-0.10512343
0.054308474
-1.6066676
0.22131805
-2.4734352
-0.9072126
3.0679877
0.1387564
0.62206334
-0.42040753
-1.4264055
-0.07571387
0.36142966
2.7123744
-2.0534105
2.8474555
1.5769615
-2.044308
0.13044298
1.323897
0.035901584
-0.5783395
-0.02001696
-0.69274336
-2.9892416
1.9209058
1.2989367
1.1671473
-0.26556638
1.7255994
2.3166735
-4.074845
2.724578
0.47828642
0.4402247
1.0152361
2.3810053
3.2403343
2.3393562
-1.7263998
-0.45608792
0.46080643
0.8991794
0.052704655
0.43131715
0.57277155
-2.1336954
-0.9121744
0.988621
-0.30752975
2.442191
0.440568
-0.5184398
2.530415
-3.0885699
-1.3284372
-1.161626
0.19214919
0.22796774
-2.9480639
1.085865
-2.151225
-1.3292711
-3.4176998
0.9953054
-0.22224459
-0.33926162
-1.001329
1.5233783
-2.209438
2.699048
-0.94552857
4.9342685
-1.1255102
-0.56869173
1.8718163
0.346224
1.5674816
1.4770013
-1.5697031
-0.2931202
1.3766038
-0.39325684
-0.61764973
0.5532872
-3.1161966
1.9937485
0.2134387
-3.6849768
0.29172078
1.2776943
-0.5194695
-2.3392968
3.4553673
1.5511922
4.092606
4.2432075
1.0131403
-0.022556111
-1.9472275
-2.1963654
1.1007291
-0.29174447
2.7012234
-0.07069163
-1.8767151
0.73962253
-1.567272
-1.961106
2.2414656
-0.8118885
3.3295746
1.0743347
-0.37820244
-1.8349756
0.53839165
-1.7031755
1.649104
-0.9143183
-1.8111084
0.9539541
3.0791624
-5.437724
1.9576977
-0.2609606
-0.39713448
0.41886908
0.7947626
0.40589866
1.7665702
0.23926297
1.1923944
1.6301488
1.7884977
2.757948
-0.720529
-4.060784
-0.83851784
-0.76299477
-2.0076551
0.59928215
2.8069906
1.643645
0.7597092
2.0733573
0.5980161
1.7817584
3.0841799
2.1652217
-1.2900789
-1.8643897
-2.0906022
-1.2942783
1.3141905
2.723729
0.69314545
-5.0443487
2.998006
0.06017818
-2.7078338
2.9380662
-0.8028564
0.67432326
0.9212964
0.94784296
-0.049397476
-0.38138965
0.92188066
1.5698575
-0.74168646
3.4872293
-1.5820467
2.38712
-3.2501132
-1.9516642
-0.89873433
-1.2469293
-1.2922615
-4.250005
-0.10696213
-0.3458163
3.4673579
-1.9551984
-3.3811936
0.11319961
-2.8473995
1.3734497
0.8223641
0.4436801
-1.7609117
2.548933
1.1921947
-1.5819621
-1.3709972
-3.5572324
1.8769162
-1.5698311
-2.3048778
-1.2807257
-0.75638145
2.148912
-0.12687019
0.3617998
-0.03977572
0.50569475
-1.3133097
2.9210086
-3.6913645
1.6826614
0.41913563
0.4036572
-0.38952768
-1.0367994
-2.168958
1.2433949
2.370261
0.9681967
-1.6850916
1.0871341
-2.9702334
2.7880065
-1.9500275
1.172057
2.1809704
0.013990402
3.0925062
0.9543429
3.2080314
0.33764532
0.1419271
-2.9208279
-0.87386334
-3.3440828
0.5139233
-0.28240103
1.1190768
0.015594412
0.036316905
0.7046573
3.4633796
-1.0531462
-2.727371
-2.9721563
-0.41486055
-2.2590382
-0.3151605
-0.28425622
1.6795601
2.2362735
-1.4499705
-1.4597793
-1.7094443
1.0848565
1.5227891
1.7600121
0.055670474
-3.070596
1.7587559
-3.0823815
0.51836014
-0.5551281
-0.331649
2.5987954
-0.2886524
-0.71371615
-1.428751
2.8560028
5.2320633
3.0219872
-0.67649305
1.5493553
-0.7565512
-2.6078203
1.8024755
0.273693
-0.96476406
1.4593655
-2.6457975
0.6907957
-0.35399956
-0.74492943
-1.777787
-0.58175176
3.237626
2.8697028
0.8590089
0.68218714
2.8864942
-2.7143412
-1.2206424
1.4501883
2.3312976
2.1377773
1.8882202
0.11094963
0.6321091
0.9346365
-0.52612865
2.3288527
-1.3105253
-0.60007566
3.481943
3.788994
-0.9580616
0.8120226
-1.2205219
1.224773
-3.1947918
-0.4863037
-1.8948444
0.51425916
1.3822148
-0.801421
-2.7239583
2.8288207
-2.3593895
-0.9669692
-0.49753565
1.8789331
2.4857178
-3.422966
-0.51245296
-2.5587955
1.9471372
2.7626631
1.7688196
-0.74454916
0.4274937
-0.312384
0.4455514
0.6135241
-0.8443937
-2.707117
1.034812
-3.3268247
-0.96069545
0.7016129
2.4949312
3.8545427
-2.2248552
2.281147
-1.9299077
0.8681084
2.6258328
-0.03694649
0.14034742
-0.72371346
-1.818743
-0.5218921
-2.0038884
0.6737106
-0.5305901
-0.6851888
-2.2305863
-1.0944945
-3.927019
0.9420832
1.560404
2.161435
4.2387743
1.3783135
0.74321043
0.84826076
0.40160376
3.5928943
-3.375971
-0.2432442
0.4918226
-1.0105078
-0.5851702
-0.3739448
-2.1347866
-0.34035808
0.24878632
-0.54904544
0.5722648
0.7995648
1.7431712
-3.1090035
-1.4950973
2.1151414
-0.51162565
0.27390057
0.8448942
1.9593102
-0.8649143
-3.9238374
1.4466947
-1.4370792
1.1022218
-0.6738802
3.408025
-2.3344772
0.69041824
-0.76568854
-1.3583078
2.0602896
-2.7392027
-3.3380396
2.9761703
-0.71106774
3.314076
-0.7601765
-0.5947286
0.3396404
-4.1431227
-0.9351484
-3.1969423
1.1816863
1.660407
0.23292026
-1.7916584
4.253755
-0.4364549
-0.015935525
0.04877343
0.7075884
-2.5163994
-0.041118763
-2.167764
-2.755882
0.30461073
-2.3550801
3.2587135
0.6535033
-1.823598
-2.9786012
1.9552152
1.0054513
-0.44144094
-0.41278398
2.23111
-0.65782785
2.297926
0.041151717
0.42477262
0.22242063
0.7740785
-0.31430447
-1.419396
1.2870809
-0.61191607
-1.712039
2.6721437
2.3538613
-0.7299977
-1.7624973
-0.35140592
3.0762312
1.6866672
1.6772815
1.6026105
0.29949418
0.88085926
1.8807029
2.9196193
-2.2032456
0.71396405
-0.73607445
3.7965283
3.3174791
1.5543755
1.5387051
-1.7471477
2.4722197
-0.7987917
-1.2131829
0.7156628
-0.033747792
0.062044054
2.2408757
-1.2439122
1.9665978
-7.9469414
-0.92607033
3.0224419
-0.30021727
-5.329587
-0.6402594
-1.9279606
2.857178
-0.84988
0.57063127
2.1691875
-2.0400312
1.2198174
0.6275135
-3.8263533
-4.6255217
-1.1401219
0.9414745
1.0574687
-3.0430856
1.3015313
-1.9806826
-0.8809004
2.7018616
2.2330413
0.06902315
-2.6909704
0.32495284
-0.9266733
0.51512164
0.32668474
1.3030885
0.43067202
1.2830876
-2.1442497
0.4725482
-2.052946
0.7195902
1.9257388
-2.4401307
0.9016253
-1.4092896
1.6847692
0.28643352
2.2959073
1.2175242
1.6045908
0.17245147
-5.444687
-1.1698469
0.26479706
2.1254482
0.47058207
-1.28324
0.3576937
-3.2493627
0.72289777
-0.116083644
2.147155
1.6578449
0.41777405
-0.3336137
2.909909
-0.38659105
-1.2684213
-2.747218
-0.818718
-0.99722564
3.6681857
-0.57910246
-2.5456088
0.6570524
-1.0812
-2.6416893
-1.4683386
-1.0731119
0.14753398
2.9596481
-1.2849395
-2.660512
-1.0257032
-1.9263813
-1.0664672
1.0725026
2.225816
1.7056121
-0.073075965
-0.3688677
1.804112
1.1315211
-1.4766418
3.0234072
1.0172337
-0.044034556
2.1445224
1.304257
0.8109122
-0.7309821
-0.1882557
0.61336887
3.7245853
-2.9590209
2.2358215
-3.943168
2.9057477
-0.49116448
1.7050394
-0.66312015
1.4782721
-0.5120108
0.025526684
0.431685
2.587811
-1.0754063
0.42827433
2.1013103
-0.17956969
1.8365035
-0.6890468
3.7035327
1.4362085
-1.6383538
-3.0953934
1.9585148
-0.45514417
-0.94955903
0.41751042
1.9146911
0.9538901
-1.012628
-1.3325831
-1.0782272
2.4556813
2.1854384
0.017242387
-0.7925877
-1.8379472
2.038095
-1.0441604
-1.2691234
-0.7313623
0.81172216
1.9213336
2.9818628
-0.043809675
1.4254962
-2.1405969
3.7931685
-1.8188031
0.66070664
0.2994581
0.39570206
1.5156279
-2.5538251
-0.34540296
-2.817322
-2.7243118
0.46412495
-0.18227878
-1.7588722
-2.1758769
-1.4408776
0.78296804
-0.14576063
0.7114454
-0.39615735
-3.9117498
0.25090235
0.20355907
3.851183
0.42015293
2.722159
-1.5810525
-0.045117997
1.9817725
-1.5654542
-2.5087059
-1.3804917
1.7842023
3.1639013
1.5616958
-3.9556437
-3.4542696
1.445389
3.0947332
-0.98039806
1.9651605
1.5650655
-1.9787363
-2.8713481
1.7302556
-1.9157047
-0.21905893
2.1335604
-0.5793691
-0.16832149
2.8149252
0.64358765
0.5616996
-0.92531323
-1.9427811
-2.7055967
3.8556764
-2.313261
-0.50316113
-0.07221958
-2.0874848
-0.79645634
-0.3040009
2.2952266
0.083758034
0.8574377
4.499469
-1.346465
3.0044713
0.53548914
-1.0517936
-0.41398415
-2.1777582
1.723525
2.9218216
1.5243758
-2.8739147
0.9387859
-2.0948794
0.9217366
-1.0424246
0.2610776
1.047624
-4.131789
-0.90776324
-2.0082839
-0.8647075
3.6398098
0.3891681
0.54340965
0.8702642
2.137466
-4.373858
-3.9110637
1.6831348
-0.98108804
-1.2153467
3.130375
3.0589833
2.2340732
-3.0327644
0.13909975
-0.7681638
-2.1855378
0.013551891
-0.7257607
1.4908729
2.8700068
0.6938033
-0.8312217
-0.83554906
-0.4110998
3.4233885
1.2172431
-2.4160542
-1.2222514
-2.6382513
-2.3538673
-0.4642128
1.0153627
-1.4219235
3.7096512
0.5095762
0.9219117
-3.728374
-0.33369973
0.13307089
0.7116011
0.14751226
4.7114673
-1.3551947
-1.8632207
-1.0266794
-1.275773
2.8933904
-1.6127293
-4.555237
-1.8112855
2.1198108
-1.4715737
-0.5486833
0.20409957
-3.9765153
0.7083194
-0.5746371
0.7488358
-1.5657483
-2.4860013
0.9538523
-2.91493
0.25076666
2.848467
1.019515
1.2991742
-1.3396515
-0.84511685
2.4369235
-3.3945978
-0.65800107
1.0897061
3.8983052
-0.03469652
-2.7818625
1.2895995
0.04364468
-1.5169072
-0.94076526
-4.6610613
-2.303017
-1.6000582
3.339266
1.91104
-4.352876
-0.04795952
0.09612171
-0.075855404
0.34929463
-0.97394854
1.6516215
-0.7915299
-1.5498557
1.2049019
-0.64758956
-1.435528
-1.1214226
0.12869667
-1.2936108
3.3501275
-0.40069446
-3.082636
-1.4497452
-0.95510626
0.09317764
-2.435678
2.986789
-3.3630128
-2.8109035
-1.4203204
-1.18706
1.7014782
1.5426363
0.93707365
-0.87985045
-0.50797915
-3.7992225
2.8448734
-0.025162838
-0.60260385
-0.86563206
0.12629914
0.02895058
-2.173342
0.14921123
0.77500117
-3.7735345
-2.7336063
-0.10881116
0.6991797
-1.1997563
1.7662603
-0.8522487
0.47817895
-0.0077413768
-0.114924684
-0.7102105
0.3559629
-2.2699325
-1.6730331
1.3477594
-1.4886587
-2.6578605
-0.30178607
1.7554601
-0.6219934
-0.7698155
-1.3300058
-3.7494352
-3.7713838
-0.60921174
-2.0630639
-0.1901259
-1.491809
-2.9338822
3.8730834
2.2567477
-0.12117631
-1.8494686
0.024319362
-2.0432177
3.2021468
-0.9975434
-2.228695
1.4560325
0.74171597
1.7053826
-1.9516556
-2.8075004
1.3457919
3.2532465
-0.33271924
1.3020474
-0.7015133
-0.11532139
1.469888
-1.2779568
2.2872365
0.42599067
-0.6016089
-1.7330722
-1.4485813
1.1506364
4.1965785
1.6284461
0.3885051
2.5036576
1.3258743
0.7184068
0.12283773
0.99871105
-4.123231
0.16404498
-1.5509251
2.6421978
8.63649
0.53666705
2.9240098
0.27310798
0.31640854
-3.2227638
-1.7133684
2.2282329
1.9612684
0.3518393
-0.6358916
0.73094213
-2.2079313
-0.035428878
-3.4286077
2.381115
-2.6873825
1.5466404
0.64523154
0.8143183
0.031486306
3.4757516
2.853225
2.1099195
0.3578939
0.1677108
-2.6328046
-0.5817981
-0.44976884
-2.822094
3.0884912
-3.0675097
-2.3066945
2.1092014
1.468829
4.06588
-0.61215115
0.2564014
1.0714461
-0.48255867
2.1104472
-1.5027497
-0.40289468
2.3772852
-1.1470412
0.3718772
1.7802078
3.8541176
-0.4605086
-3.9846635
2.2729259
3.340454
1.17361
-0.12020593
-3.4258087
0.5802347
-0.22208348
2.0011582
0.6535157
-1.1783073
-0.660734
0.28849265
3.3615487
-0.42372844
-3.5015244
0.721459
0.8394437
-1.4688281
2.2294888
0.599589
2.4387944
1.4174056
1.7842115
-4.7271557
-0.6218169
2.156766
-2.904422
-1.3077658
0.80229837
0.28188947
0.42496628
-1.7966017
1.799487
-2.4326494
4.5672326
1.3037192
3.4237876
-2.0708055
-0.24645606
0.5379967
-3.441269
-1.6927793
-2.1230035
-3.4364877
-2.8984206
0.63739234
-2.976753
2.3525662
-1.170796
1.918396
-0.45487177
0.4551346
-0.9358694
-0.19320819
-0.5054654
0.86081433
0.81212574
-1.3410002
-3.132797
-0.6667139
-3.308038
0.3912452
-0.96408546
1.5417973
-0.3367756
-1.4751351
2.11826
-1.5011728
0.369669
-1.2866787
-1.6526636
0.6564458
0.13666853
1.1761993
1.3073331
1.4219778
0.53378975
-1.4788508
-0.9796686
1.5201119
0.025239237
-0.22474773
0.8700121
0.89374757
-2.02827
1.6338873
-0.96248484
1.4786996
-1.9029206
0.9425022
-1.0666711
-1.427315
-0.67427385
-1.6946646
-4.1264806
2.9172447
0.888177
-0.12354825
-0.80465215
-6.0311203
0.80517226
-0.7201268
-2.995256
2.6517649
2.0170722
-0.26965016
-0.04250803
-0.1710254
-1.3184093
5.1990094
-2.9315853
-0.4161175
0.24944353
-1.9521652
-2.1904316
-0.90144044
2.5106456
1.7500486
-2.5018961
0.23221281
1.4597147
-0.019882888
-1.29227
1.569797
1.1345108
0.7523639
-4.085798
-0.18608427
-2.6023352
-1.5556096
-0.5872361
-2.8665433
-1.6067669
-1.7189701
-0.33481228
-1.854493
2.7781024
0.61133075
-0.13211459
1.6917636
-1.6358606
-2.1493528
-2.2538512
-0.9641012
-1.1493601
-3.9309838
-3.7121098
0.7086936
-0.8586228
-2.1006174
-0.117480166
-3.5034482
1.0116861
-0.95799387
1.85702
1.916432
-0.22633699
-1.5030978
-3.2658718
-1.0919983
0.535894
0.6259003
-0.1854317
1.5501658
2.0129821
2.2829156
0.102722794
2.0881596
-0.7410531
-2.1946836
-4.7967987
-0.54433155
0.29274285
0.75911814
1.3079183
1.0695605
1.8370304
-0.04374212
-2.0628955
2.4807003
1.0207968
4.4243917
-1.9842663
-1.7511363
0.1303451
1.2317513
-0.25879732
0.020486549
-3.099919
-0.6278826
-4.389863
3.0268812
-2.4613028
2.4361124
0.52411735
1.3252777
1.062581
1.0334289
1.6104897
0.34508032
-2.493471
-0.2543835
-1.2413899
-2.251604
2.0615664
-0.90774167
0.048406817
1.926563
0.69399875
3.2113082
3.997312
-1.0409712
-0.008047916
-4.432611
1.2964215
-2.6024773
2.258602
-0.55570555
-0.8469725
0.39120075
-1.6000524
1.393035
0.6991819
-1.5182252
1.246886
0.16451427
1.5276333
-1.5774806
0.3495997
1.2510318
-2.2147813
-3.5623028
-0.53493357
1.9356364
1.100148
0.7670806
2.380239
1.1822056
-3.3555734
4.8283424
1.4884907
-1.2472992
-0.081828274
-0.72135407
-0.5467494
-0.19183436
1.3417083
-5.1563263
-1.5402964
2.3706412
-1.6525191
-1.8004974
-1.6251657
1.847641
-2.545797
2.772987
-1.5369073
1.8513662
-0.2903331
-2.3285294
-1.1276275
-0.5195687
-1.2486838
-0.80920935
0.7946177
-0.44818878
1.0493466
-1.9634973
-0.043669216
0.4072285
4.8339753
1.4510134
-0.24077171
-1.6603543
2.4085865
0.8369241
1.9167346
2.0146043
-0.25934586
-0.11283827
0.4182277
3.6476338
2.6809285
-0.8930665
2.443913
0.591407
1.7180818
-1.7490413
-3.4370904
-0.25579062
-1.0055734
-2.3658085
-0.5661443
1.6974972
0.13942067
-1.4220513
-0.65235573
-0.2136593
-1.7441297
0.024035208
-2.007032
1.4328679
-1.6470239
0.8678595
1.6126839
1.0425142
0.3810458
-0.5599709
-1.3696882
1.6494524
0.096486434
0.41995245
1.135537
1.1259515
1.7666116
1.745833
1.0253268
3.320294
-4.287225
0.99232966
-1.5415577
-1.7205061
-1.1490232
-0.59179306
-6.142218
-2.348569
4.655296
2.1170998
0.53388935
0.06942656
1.7593235
-2.1935904
0.9324053
0.88686156
-3.809207
2.880305
-0.38726386
-0.58761895
1.4950887
2.763367
-1.1806471
2.891433
2.0153267
0.6194403
1.2436184
0.42755708
-1.55854
3.5121558
-1.1648138
3.518231
0.7659367
-3.1402102
-1.8440212
0.66846997
1.6879528
-4.0639844
1.6651592
1.4759631
2.003327
0.0913311
0.8413212
-2.0114841
-4.330681
-1.4970571
3.5716364
-1.3365163
-0.73482853
1.60405
2.344632
2.1321912
-0.2305597
1.0045274
-1.3232219
-0.093228176
1.5742029
-2.2571084
1.7475929
0.76055676
-0.7756924
1.3247114
1.7102053
-1.8046343
2.001597
1.5603606
-1.2711736
1.2745291
-1.1735948
-2.0437622
0.4838212
-1.8439424
2.6293488
1.0755799
-0.37224966
0.8204098
0.29004344
-0.5317426
-2.031824
-1.3917316
-0.28539664
1.8314366
1.097005
-1.0632247
2.2749763
-2.5777605
0.0072048157
2.1026504
3.1848924
1.2161436
2.183369
2.1275244
0.37289113
-3.3509898
-0.35115674
-1.9043931
-2.4810283
1.4392555
-0.98385465
-0.4703953
-0.53575844
-1.1114978
-1.3120977
-0.6757489
-4.8570685
1.486809
-0.23708531
-3.0690484
-3.7388752
-2.0286045
0.60425115
1.0559354
0.78078324
0.14950468
1.444545
-2.6531513
2.4471345
-2.2947755
2.9314818
-0.6989554
-1.6640215
-3.6788216
0.8183038
1.9668771
-1.553852
-2.2283642
-2.6967387
2.3073158
-2.5243704
-0.60527706
-0.5228026
-2.7675142
0.86732215
-0.77692896
-0.8745736
-0.12956461
0.2894187
0.33412933
-2.1859548
-1.8138759
-2.4671886
3.0929384
0.63814443
-1.7852191
0.87666446
-0.25366527
0.87821555
1.4869581
-2.0101676
-1.8219898
-0.98558915
-1.8404771
1.1803852
1.0036405
-1.8662809
0.21905535
3.3582237
-2.0991647
-1.4887813
0.37448946
0.008581847
1.1406622
0.2572545
-1.130611
-0.438541
-4.6226177
1.1830091
1.0437907
0.20840374
0.5214836
1.875394
2.174925
-1.2418467
-0.023206972
0.61008584
-2.013494
2.981517
2.3432655
-1.1862932
1.1812346
-0.028636843
-4.3405085
1.3691074
-0.030355386
-3.4607437
1.5613415
0.11357558
-0.9037942
2.299967
0.7445531
-1.7249625
0.36496818
-2.3731227
1.9514623
0.0358103
2.336067
-0.49641365
-2.0073469
-1.2625005
-4.1272364
-2.4424517
-1.7813983
2.45638
-0.67907536
4.3817677
0.88294244
-3.654702
1.7653402
-0.723442
0.21620518
-2.0508099
1.8661838
-1.1769462
-1.9170271
0.25371557
3.5874472
-0.04040441
2.471753
-2.7770088
0.31463295
1.225753
1.7177664
-2.0211926
-0.2267724
1.1461508
2.4640355
2.5403554
1.0028807
-1.9168361
0.5143904
1.6951077
-3.267629
-0.29119983
-0.3550896
1.5501875
4.1153126
0.17639554
1.1709777
2.3715289
-0.7475874
2.4574912
3.959972
-0.13895726
0.5966073
0.07715958
0.27159062
2.4333012
1.0581049
3.297549
-0.5044463
0.5634873
-1.2224941
-1.4854937
-0.36998078
-2.3912902
0.19089416
-0.5736505
-2.79843
1.7047267
0.07087639
-2.6246974
-0.925986
-3.6375577
-2.2060566
-0.13813937
-1.2379601
1.1946937
1.9679568
-0.27126604
-0.8614311
0.79923236
0.72907543
-0.91745675
-1.9390259
-0.6229299
2.5634725
1.1029292
2.3192093
-3.7824986
0.8216641
-2.4218185
-0.5247979
-0.04519269
0.8576184
-2.4840972
-0.83980274
3.6075826
2.8772633
-2.732204
-1.4108624
-4.2451296
-0.26429978
-3.4533212
3.5951626
1.6341872
0.69867474
-0.654093
0.89913756
1.0620012
-3.9174693
-1.8455786
-2.4341345
0.6319471
-1.3427361
0.99709594
2.0263917
2.5876665
-1.2925334
-0.991483
-4.0217137
3.2804365
-5.169887
0.008764468
-0.44857898
0.44665185
3.7064786
5.511118
-3.4776142
1.143582
0.9910623
-4.0461907
-0.92574626
3.2431505
2.6472912
3.8735976
1.3878535
-1.9761202
0.7781373
-1.1438699
-0.39298058
-2.0540361
0.40942764
0.45140153
2.3302188
-2.6086495
1.0477328
2.4950123
-0.49742478
1.6263142
-2.052923
-1.8913586
-1.0042725
-0.42378765
0.10518783
1.7707297
-0.5352977
1.9424428
-1.6277739
2.3354917
-1.9244716
1.5990564
0.4153658
-2.474709
-1.9538574
-2.1983106
-0.8820013
-1.6766425
-1.1722207
1.3074449
1.0845181
-1.1110958
-0.62351286
-0.623401
0.7460644
-1.8179475
-0.7150639
0.6472953
0.18971476
-1.2661139
1.1725935
-1.2464054
-1.5398195
-0.11234184
-2.3801222
1.0306414
1.542229
-0.9432531
-1.350985
-1.6036483
-1.918728
-0.32311523
-0.5362514
-0.34276605
0.060426462
-2.5339124
2.0975797
-0.08212501
0.0006822124
1.7226212
0.75035465
-0.085239284
-2.417196
0.85085696
2.7054584
-2.2954712
-0.30084997
-1.0673509
-2.8544455
-1.8966212
-0.37046194
-1.4897641
-0.05308494
-0.3925358
-1.421968
2.1349163
-0.017681018
0.2658829
-0.2754555
-0.36038512
0.2777635
-0.5483471
2.6376884
0.84217656
6.047619
0.29918146
-1.8988782
1.4506799
1.540531
0.2969736
3.0217094
-2.0603938
0.9658758
-0.15467018
0.2309002
-1.1387414
3.323077
-1.6125102
2.3806314
-0.42366186
0.37043375
4.5305963
1.1580248
1.7603427
-2.036723
-1.4063971
0.09801678
-0.39062563
-2.1280942
0.5924493
0.8291792
1.1529454
-0.28073835
-0.71324193
-4.226696
0.21454592
-0.48535126
-1.7365477
-1.3692253
0.1342214
0.575044
-2.4655116
0.87874216
-0.42358714
2.9643106
0.61012423
-1.6553439
1.0546082
-1.5590469
0.67336226
-0.8064533
1.8049408
0.64879423
-0.8175021
0.10496019
2.0209384
-1.3871429
-0.7105317
-1.8169975
0.78777623
-2.0770032
-5.304766
-4.0350122
0.09350034
-1.9920204
0.9402596
0.7660729
3.460979
-1.500089
-1.7968403
-0.83888566
2.2005324
0.10707537
-1.0983814
0.8443334
-1.7978665
5.451701
-1.3399339
-0.44694918
-1.0169619
1.3003646
-1.2938095
-0.65231836
0.012765765
0.5054026
3.3839638
3.6366982
-0.17791028
0.19499367
0.0019547418
3.9299314
1.5483094
-0.034759864
3.593551
1.7074775
2.0946763
2.071259
-3.074822
1.5813737
0.5707579
-0.7048838
-0.5962996
-0.20342812
-0.45559487
-0.21564707
-1.5253687
0.64190143
0.26711103
-1.1527053
-1.3730623
-0.27613637
-3.4812455
-1.0808228
0.24848658
0.62626547
0.84309363
-0.46054372
-0.40520656
0.75335544
0.5665973
0.4516939
0.61632615
-1.4490436
-0.6515239
1.3756603
-0.8416926
0.52095693
-0.11832295
1.2946388
0.7795952
-1.1397892
0.033808023
2.362672
-1.1537653
-1.4712408
1.0005066
2.6908016
2.9333293
3.8697772
0.6720716
1.9865578
-1.4746151
1.8946799
1.0192077
0.23980561
0.557151
-1.5153283
6.012877
-0.6891448
3.1828544
-0.45087877
0.24606588
0.4818467
0.52749664
-0.9240958
1.3389872
2.1956184
-0.5362281
-0.88936895
-1.8066515
2.5673263
-1.3586262
5.299145
1.3539
1.6197668
-2.4894269
-1.1919292
1.025479
1.8048398
0.67196655
-2.9424906
1.253078
-0.5830735
-4.026927
-5.0325804
1.7467446
3.0034895
-0.69483066
1.117818
-1.6920627
1.7114263
0.14267209
-0.27785122
-2.3807104
-0.20172763
-1.1941923
1.0728848
1.2022198
1.5459021
-0.99579394
-0.4541919
0.15220463
-1.8602291
2.7938747
-1.213575
-2.559834
-1.566743
1.6121552
-0.25594237
0.8029816
-1.0764464
3.4477918
-0.3786068
2.3419864
2.4748282
-3.3099794
-3.0302887
-0.42095762
-0.5828359
-0.74270386
-2.516283
-1.4926901
0.4296278
0.21508935
-0.63043994
-0.6390303
0.40454623
2.1227539
-1.282398
-0.48219207
-1.6006917
0.09181521
-1.7592341
3.4932423
1.3227535
-1.946461
0.9267255
-1.1218171
-1.6995615
-0.6484948
-0.08631053
-2.5760798
-3.8016756
4.867917
4.5992103
-0.6282143
3.1518455
-0.02987476
1.0013762
-1.3827838
-1.4163319
0.8790675
2.4300358
-4.076388
2.406525
1.57627
2.915936
-3.3496363
-2.6774101
-1.0563864
4.7152677
2.5164714
1.386385
-2.1039984
0.75776124
-1.595411
-1.1942787
1.8017405
4.07578
1.0097488
0.7093556
0.6495228
0.12341969
3.1012595
-1.2437923
0.19620144
1.1990985
-3.8120217
-0.48588955
2.8571005
1.2067463
-2.7588534
2.6152852
-4.627285
0.010104846
-1.3482243
-2.9975853
-0.79610664
3.225907
-0.75442857
-3.8271039
1.1520817
-1.3977455
0.5431267
0.69786924
2.3304284
-0.9363127
-0.26112646
0.27601978
2.1890023
-0.16057605
-0.61626536
3.876999
0.57804775
-0.4086972
-0.26890448
-0.61155456
2.2263637
-2.3300574
-0.22436479
2.17571
-0.0601523
0.79679185
-0.54325795
1.4201189
-0.008581176
2.0246851
2.4090364
1.1259844
-0.8205206
-0.20859352
-3.6806946
0.602466
0.8264497
1.8519906
0.2839296
0.63455176
1.6992153
1.8565135
-2.9222188
-1.2321451
-0.35567424
-3.6267033
-0.6838737
0.9481961
-3.4288127
-0.51562566
-0.87739295
0.0029619113
-2.72674
-2.153442
-0.9535645
-2.677738
-0.82042485
3.404591
-1.8785045
0.30909413
0.15599293
2.5453777
2.4396412
-0.8778981
-0.8730424
1.9443638
2.683335
-0.4207676
3.6515238
2.7840908
1.0497986
1.3073149
0.2963642
1.985088
-3.5670362
-0.0619158
-3.239284
-0.51295865
2.0779078
-1.8611239
2.430778
-2.3191838
0.25843787
0.29470384
2.2258785
-0.22217582
0.34115833
1.9730953
0.5942311
0.39285144
-3.2554295
2.3659217
0.6610279
-0.9632275
-2.1754909
3.3860443
1.6465706
-3.7524676
-2.0102634
-1.7040119
-0.06251854
1.3409394
3.2429821
1.1625445
2.4465365
0.30460447
0.79261404
0.79900634
-1.8457059
-1.8642455
-3.1167018
0.8735955
-4.2945957
-0.5109882
-1.5702338
-2.3896396
-0.2955962
-3.9487333
1.3652761
-3.3072271
-0.8667064
-3.0230553
-2.1208956
0.28163832
0.4452194
-0.9171018
0.77473295
6.491655
1.7279456
0.9066841
-0.30734035
-0.39478427
1.1649737
-0.54976076
-0.47258145
-0.9486778
2.5189729
-1.0479531
1.745125
1.0728884
1.1904246
-2.1905022
-0.47014672
0.78957003
0.63763744
2.077346
-0.35227963
-0.5210078
-3.3482137
-0.5584659
1.2719313
0.24800465
2.7306678
1.9308981
-0.55865794
-2.3556175
0.8674788
-1.9647639
-2.6148589
-0.23611024
1.112512
-0.42971042
4.3058267
0.11179266
1.5098655
5.72118
2.3284242
-3.564659
2.425042
-0.9593801
1.8499814
-0.66366756
-2.1453316
-0.4905331
1.8904144
0.25237936
0.670165
4.098173
1.6865317
2.1081529
3.893272
0.21118683
-3.413534
4.0798783
2.229205
1.9427209
-0.78214496
-0.8301564
0.49131602
-3.0003965
-3.7997167
-1.5374379
-0.10411698
0.5031541
-0.35319123
-1.0198685
2.169521
-1.0837226
0.07829707
4.590637
-1.1337129
3.0547647
-0.17250586
2.1957376
0.41175088
-1.4275043
-1.0656016
4.5368485
3.4280748
0.6336891
-0.9426839
-0.6546794
2.2195494
0.03510797
-0.50869095
2.528297
-2.394972
0.15013604
-0.418509
-1.5736748
-0.31397966
-1.850235
0.9984693
-1.5448947
-2.2591877
0.06442601
-2.239278
-0.87939936
-0.7266248
-1.3869339
4.177147
-0.88701457
0.8618552
-1.0909848
0.08601567
-1.9016855
-1.2804004
1.4260612
-2.4295506
-5.466206
0.4496218
1.685187
-1.9299332
0.2860534
2.0951118
-3.5460234
0.9617101
1.1987985
-2.0911186
1.4451797
-2.6445577
-2.415473
0.5835958
0.47887364
-1.2502823
1.1085036
0.81553864
-3.646116
1.2048416
0.8935821
0.73367095
-1.1012794
-0.17728773
-0.88106686
-0.5711009
2.9492111
-3.0437574
1.0732452
-2.1485877
-0.5985893
-1.7037933
0.67632514
-2.0348616
-0.6636358
1.3871453
-2.0437343
0.98701483
-0.6274789
-0.23363876
0.32746008
-1.9617091
1.0881852
1.572018
0.20482579
1.0137185
1.9213444
3.026272
-0.1032004
1.2918102
-0.02747982
0.5986805
0.2501853
0.59487116
-0.8279377
-4.4130297
2.5121558
-0.024003036
4.507767
2.9207551
-0.7274339
0.22682387
1.2538245
3.224083
-0.65421015
-1.9521654
0.31808686
-1.4193004
-1.0847187
-0.7861185
-3.142619
-0.71162367
3.6688797
-3.053412
-0.19907984
0.37647963
0.3351236
0.045222037
4.5600886
-1.4513369
-1.5242195
0.5636284
-3.1821842
-0.33293703
-0.6757496
-0.5577853
-1.8187723
0.7640954
2.6557944
0.038446814
-2.7472785
-2.7725563
1.0127699
-0.71530163
-0.74825513
-0.9160995
1.3221896
-2.0303984
-0.84097147
-3.5757692
2.1385348
1.1938269
-0.46090162
-3.460679
-1.195896
1.5708431
0.3468895
-3.010219
-1.89239
-1.5850742
2.661193
-1.0297093
-3.2397163
-0.4660796
0.89385426
1.4514878
-0.024529263
1.1586541
0.114796825
-1.9270685
1.0547297
1.7710292
3.3265495
0.5991779
-4.81899
-1.1979028
3.1230972
-0.78463537
-2.462733
1.346525
-1.2644514
-2.968788
0.8277466
0.9629479
0.049684025
3.2183974
-0.07147866
-0.9594399
-1.3777866
-1.1012863
2.1263745
1.0032701
1.5337224
2.424114
-0.6804502
1.0008214
-2.6804342
1.2964737
-1.2753859
2.1947556
0.7691735
-0.039757613
-0.48310167
0.8098758
-0.70554376
0.63878226
1.7683066
-0.19066378
0.4269384
0.50678337
1.3845469
-0.32460356
-2.763673
3.030558
-4.745998
-2.411202
1.5863073
-0.19395185
0.06261073
1.7875577
0.24573927
1.3292104
-0.35816377
-2.107507
0.5146722
-0.92541397
0.53637856
0.64052546
-0.40383506
2.0054762
-2.2721155
-1.448245
-0.29319882
-0.75831544
-0.11343878
2.0759394
-4.949757
-2.9618087
0.5262769
2.343612
3.5273063
2.2105806
-2.9006429
0.4470676
0.8886736
-2.1975746
-1.2210698
0.23600647
-2.1860025
-3.1843774
-3.869439
1.641892
-0.30631047
0.85269797
-1.1661679
1.6777596
-0.3021713
2.9530878
-2.6586506
-2.9051213
-2.1073458
-0.4212049
1.847365
4.0337477
-1.6030239
-2.6265187
-0.02279305
-0.10830272
-2.6917014
-2.150216
-2.0032578
-0.7148526
-0.90412354
-1.1983064
-1.3338506
-1.1260886
-1.9679636
0.8249428
-0.5788186
0.06516874
1.2140834
-1.9141914
2.388693
0.21748725
-2.1007383
1.1910429
0.40433985
-0.97982734
0.94797164
3.2068064
0.23511377
-1.0745842
3.7757971
-1.142704
-4.211384
0.5355471
3.3565297
-0.18257293
3.5764172
-0.41598573
1.4133224
-2.295237
-0.21392693
-0.92448914
-2.8552992
0.39253336
-1.2485175
0.08903746
-3.798199
1.0331821
-1.6922256
-0.18619958
0.52544594
-2.9040687
-0.29206717
1.1396886
0.7808922
-0.78252417
-0.3667627
-2.7502015
0.89922553
-1.0142847
1.0750064
1.1365199
-1.8862051
-2.8728971
-1.6798184
-1.1037772
0.9582402
-1.8628352
1.4585487
-0.30578604
-0.69282824
0.72678936
0.7119534
2.7184732
1.8434412
0.7466754
0.02905555
-0.5146065
-2.3410347
2.9251237
-1.2820473
-2.7767642
1.5196232
2.1040852
2.1015837
-0.11589906
-2.8026454
1.0220762
3.545258
0.11612703
2.1533124
0.25241613
1.6628616
-1.1605302
-0.019892164
-1.2961375
2.194327
0.3627136
-0.86461705
1.1498171
-0.39854306
0.009538345
0.89951354
0.16075686
0.59234995
1.0598491
-2.6448169
0.85740846
-1.4806727
0.6989534
-4.2797494
0.6180355
0.63882434
-0.8183925
1.3828619
-1.4152215
1.1602954
-1.1345427
1.0467529
2.8718748
1.4134614
0.544723
-1.1672877
1.2938719
2.0612154
0.36690226
3.5692182
-1.5050226
4.1180005
-0.59977984
-0.6795076
1.4296054
-2.483741
1.6475216
2.0499816
1.1164764
-2.3467646
1.9189874
-2.5189383
0.3687847
1.851087
-5.0069942
0.34910843
-0.5824971
-0.8997772
5.3040023
-1.8511109
-1.2102791
-2.5476203
0.66407937
-3.7912133
0.34782884
1.0093123
0.5561259
-1.1319662
-1.1661321
-0.11057056
-1.9462836
0.20085925
2.7176328
-0.1032556
1.1834656
1.4512278
0.10057126
-0.03701099
1.0162182
-1.5677202
0.38444814
0.23780325
0.17980842
1.3891183
2.254263
-4.638763
-0.64269114
-2.7980855
0.4879096
-0.16496843
3.5192497
-0.9793484
1.7428904
0.49304774
1.4453063
-2.5523624
0.68129325
0.5277604
-0.27869695
-0.91334176
-1.7067807
-1.9901462
-2.6800935
0.025813729
1.3302321
0.8722662
-1.8257991
-1.1049968
-1.5850664
-0.3966941
-0.6013507
1.5265958
0.2959382
-0.67002666
1.1092811
0.6752289
-2.9357145
3.7780938
2.4312162
-1.4649736
-1.153194
3.08488
-1.6267982
0.9143195
-1.3760372
2.3771563
-0.4489724
-1.4441168
-3.1092794
-1.3711207
-1.2734975
3.4749455
-2.13377
1.1590428
-0.5939061
-0.008295044
-3.239728
-0.53182447
-1.4398733
-0.40510562
-0.45968732
-0.704416
-3.6250558
0.7088544
1.9884006
2.7253225
0.7964696
-1.7572542
3.1539211
-2.7312448
1.9090666
-2.6526573
0.9914373
-0.054423034
2.4325175
-0.8636079
-3.94277
-0.57799405
-2.6073716
-3.756992
-0.89337534
2.8551557
2.3583965
-0.8190946
-1.0496972
-2.1380022
-1.7229928
-0.18091193
1.8416413
0.50572926
-0.9433765
-0.9603558
-1.2221912
-4.1615567
1.0442739
0.63435423
-1.1413395
0.5196285
-2.4225872
-1.536625
-0.4193368
-1.6091852
1.4195067
0.9746665
1.3903881
-0.13962846
0.6910534
0.006841168
2.9495635
0.2638713
0.5091272
-0.40184292
1.188601
-2.2016625
-1.0927674
2.6939983
-0.63916016
0.7993483
0.76267153
-0.5321408
-0.57100433
0.35246313
3.5126164
3.12288
-1.445727
-0.35705024
-0.3693589
-3.0714457
-1.8650211
-1.0345278
0.30742517
2.4940233
-2.6641035
2.5431702
-0.39190656
1.1321831
0.44415623
2.0609963
-2.6977334
-2.278941
-2.9958944
-1.242152
3.6975968
0.104219675
-0.64872247
-0.72934115
0.36866167
-0.5736848
-0.4980341
1.6348693
-1.0900803
1.1302166
1.8061861
-0.23934416
0.65024215
-1.371075
-0.79713744
-0.39408466
2.2274134
-0.6034448
-1.6373494
-0.15798932
-0.7145003
-1.4626871
1.580039
0.705627
0.83063567
-0.9128083
3.374568
-1.0650549
0.4670683
0.7296666
1.872219
0.8193348
1.993946
-0.9939603
0.7850133
-1.4564844
0.6307848
-0.17656572
-0.45714584
-2.2866702
0.45686078
0.6399429
-0.9828018
1.3936841
-0.9770923
-2.968573
-2.2112815
-0.9472638
1.0350399
-4.7494664
-1.9020634
1.759154
-1.2604167
0.9988436
-0.42768234
1.3068581
2.4115849
-0.42563644
0.20059887
2.1760454
-0.16819973
4.0961666
1.8965465
0.17386854
0.6996171
1.3665828
-0.39199856
-0.13400012
2.3404772
1.0619842
-0.88692695
1.6822315
2.0648286
-0.49331015
-1.0896977
2.3675518
-1.5347114
-1.5683646
0.052799188
-0.09414698
-0.089771315
0.40623444
-0.32527086
2.50287
0.12677759
5.3672376
-1.6647136
-1.0799009
1.959627
3.79476
-0.5405447
-2.0049615
0.14703238
0.24960938
1.393131
-0.8604
0.7179441
-0.56548065
1.1448491
0.45670205
-2.2968636
-1.5171427
2.6244988
0.96717805
-2.7503285
-0.30472577
1.4700596
-0.5059892
-0.9621454
-1.3862863
2.594253
2.024585
0.047108293
3.1813226
2.236165
0.7631549
-0.35489452
2.426131
-3.0636694
-0.86419463
1.8262687
-0.4197749
1.0045213
0.59990096
-1.0565431
1.9785057
1.808719
0.03168515
-1.9635454
-1.76828
-4.270617
-0.12247852
1.4802496
-0.79746467
-0.28060037
-2.2803054
1.0027
0.04427953
1.4578651
2.103482
1.0351145
-3.086122
2.9098108
-0.07195301
1.4680047
-1.6341507
-0.72478163
-2.313507
5.623174
3.8422842
-0.65107846
-0.8427357
3.1884625
0.98140776
-1.22502
1.8477669
1.5979763
-1.2456264
2.0282702
0.73088634
0.86828387
1.6198196
-4.251699
1.2363708
1.3036011
2.5219145
-1.6368687
-0.29729867
3.8147516
1.3881543
-2.6852448
-2.6213403
-0.13663048
-1.4091091
3.194462
2.2591317
2.9478486
-2.590436
0.30879828
-2.0130682
-0.2607209
1.9844757
-1.215843
-0.18578082
-2.742098
-3.273509
-2.828004
-0.57915866
0.740196
-0.28440464
4.3761353
2.2423856
0.9936182
1.2095804
3.3860297
1.5592748
1.1088042
1.7050619
1.831824
-1.3139553
-0.10520526
1.8808453
-3.7002604
-0.14856142
-1.5141512
-1.7491596
-0.2698984
-2.6023948
0.46901914
-1.5707761
0.69925064
3.845861
0.8537545
-3.626326
0.025881182
3.0475705
2.7234604
-0.95697266
-0.24024627
0.8653586
2.1843345
-2.7998726
2.6748424
0.045686476
-0.59302384
0.78752476
1.8976568
0.90379703
2.1811054
3.4118168
0.64242536
1.6985142
-2.6859052
0.92819273
0.07602493
2.5023198
-0.19458543
-0.08596384
0.18615639
-0.5111125
1.0867635
0.2234312
-0.0978253
-0.7903543
0.12778595
0.15702093
0.6725884
3.4156787
1.3362207
-1.8142211
-0.06766242
0.4381458
0.24433553
0.32938904
-1.5772735
0.40415776
1.3123248
0.18079889
1.605768
-1.2772169
-2.2275064
-1.4271743
0.49502742
6.9226527
-1.4029264
-1.9041259
-1.8658135
2.1206377
4.038185
-1.0844171
1.3702067
-3.3634398
0.9690277
1.3702178
0.5135721
-0.14819244
-0.7909535
3.2477639
2.0304258
-2.5711715
-0.5409518
-1.3442892
1.9446833
-3.4936519
-0.5269965
1.271802
0.77750105
-0.6322364
3.7785275
0.36167616
-1.0398672
-1.018286
-1.8615478
1.2689258
0.5197412
1.0761802
0.79791236
0.47277015
0.96148294
-0.99237126
3.5519152
-0.5816786
0.64170474
1.645112
3.178628
0.23326457
-4.1140714
-3.0097432
3.4074974
0.010989614
2.9062548
-1.746565
-0.9833562
-1.9438368
-1.1616288
0.10891258
-4.9775453
0.7149966
-0.33318752
-0.40456498
1.6430106
-0.9822567
-2.9100726
1.7042018
-0.84378165
-0.6542497
1.3975552
-0.7157358
0.07856379
1.0543984
-3.947639
-2.1453464
-2.324137
-1.6902792
-2.4255607
1.4895961
2.1950514
-0.008584574
-0.99132717
1.638446
-0.11444548
0.52515244
0.5979376
3.401066
1.3724384
1.2150649
-2.0405648
1.3778523
-0.90513194
-3.670263
-0.6194295
-0.33859378
-1.8404036
-0.53404284
0.20612659
-1.5752895
-0.26183993
1.2572694
0.43554568
2.1622615
-3.2030149
1.2844183
-1.4231563
-0.46764636
0.8341744
3.3345356
0.57253283
-4.416196
1.2618966
3.944192
-0.55928564
-2.1428628
4.819154
0.8467348
-2.3290548
-0.57836777
-2.006572
-0.6313093
-4.6897063
1.536953
1.7370452
0.55751383
0.7853403
-2.8484693
-1.135679
-0.19228524
1.2850884
0.011955373
-1.3022275
0.17567
-4.228255
2.072635
-1.0189247
-2.6901002
-1.5137379
2.3238869
0.982796
-0.6730364
-0.4027969
-1.1931908
1.2990965
0.6096201
-2.8518982
-0.22527689
2.039618
1.7999321
-2.6038282
0.31831455
-0.15708175
1.5433125
0.7032008
-0.4279487
-1.2978568
-3.3850007
1.300845
2.4322987
-0.63660055
-0.2809261
-0.8343228
-5.195427
0.67857826
-1.3938047
1.5451778
3.7143767
0.30895528
0.50302917
1.7635134
-3.1162834
-0.61357504
0.56509036
4.88737
0.5638086
0.0897146
-0.6292857
-4.115411
0.28385097
-3.150609
2.6488204
-0.64086485
2.2013798
-0.45265892
-2.695202
-3.705703
-2.9688623
0.011481494
-2.4937968
1.9202555
2.4877722
-0.49326804
-1.8427031
1.1146137
-2.2400289
2.9374096
1.046377
-1.5052305
0.66934884
-2.5267606
2.5248508
-1.6945745
3.31137
-1.4838536
-0.40991288
-0.4862135
-0.39114076
0.8492385
0.21225697
-1.3758688
-2.8814757
1.8762257
-0.7747796
1.7471254
2.424031
1.4767672
-0.20031603
-2.3448389
-0.7454075
-1.3969239
-1.7914377
0.15982568
-0.32240918
0.6155848
0.8646791
-0.17612825
3.7032557
1.4660099
-3.2267601
0.46043906
-1.7999785
1.2544298
-0.058624685
0.7519275
-0.10150971
-0.42865998
-1.6509906
-2.3489525
-0.66931677
1.9247364
-2.624591
0.043807663
0.6978991
1.5193857
-0.9589398
-1.1853851
-1.3571563
1.2777091
-2.2949152
-0.24236444
-0.054081008
-0.11742612
2.5591214
-3.0971556
-0.5014733
-2.6983435
1.4569489
2.1141167
2.1141944
0.27580476
0.29085344
3.5544007
-1.3279388
-0.62291616
1.5166442
-1.2324277
-0.4799308
0.36004236
2.7575052
0.57521677
-0.57902163
-3.243672
2.9799974
-1.8654158
1.250038
-1.4991211
-0.7938158
-0.06117464
-1.9633374
2.0969958
0.31380337
3.548538
-3.1037574
0.9042489
2.3420465
-0.58359253
-0.98610634
-2.5687041
-2.9977362
2.478815
-0.9420581
-0.23284632
-2.2514825
-3.7974048
-0.11161509
-1.800333
0.8291892
2.9387662
0.92938596
0.60047036
-1.4876618
2.084122
2.3477
0.5996795
0.19119594
3.8073232
-2.3445764
-1.1188633
3.3078325
3.393516
1.2494702
1.4236536
-0.99436337
-2.084394
2.4046798
0.86956793
0.10457927
0.9508101
0.7576682
-0.83684367
1.4356248
-2.58085
-2.2234826
-2.0042224
-0.29603577
0.7186217
0.31074485
0.6979177
0.61693865
-1.4038852
-0.15567689
-3.1618297
-2.8259022
0.5106994
1.3092508
0.91100806
1.74207
0.81511515
-2.9375987
4.2049956
0.90893424
-0.20829087
-0.96482915
1.9099542
0.5528954
0.69106734
-3.3812351
-0.28865716
0.45652294
-2.0090718
-2.8293219
-0.09374004
-0.52688456
-2.0178509
0.74974936
4.459141
2.0967433
0.94029224
-3.2915535
-0.27317935
2.0208404
0.022001728
-0.29964197
-1.2116853
-1.0793643
-0.64207274
3.1640613
-1.2572329
0.043329574
0.88264626
0.11344036
2.0369368
-3.0571456
3.0218508
1.1713972
-2.2039979
1.2326367
-1.0705825
-0.53919697
-0.9727051
1.1824607
0.2752959
2.4113348
-2.1181803
1.1330869
0.7422589
-2.2454324
-1.0079596
0.4397675
-1.2254636
0.16913767
-0.54659504
0.6039278
2.2685604
-0.018052932
2.3229682
1.2584217
-0.6668848
-2.1482737
0.380861
0.8241896
-3.5414243
-2.0980117
0.30184454
1.4583839
0.13374835
1.136036
-4.8380475
-3.0119903
1.4896067
0.57816386
-0.7937297
2.5293484
0.046717227
-0.25144497
0.3431642
-0.51735306
-0.2856342
-1.9841868
-0.54032314
3.9452837
-0.90880924
0.26157182
-0.7821965
2.0241733
0.78015155
1.9150589
-0.9657214
-0.6728033
1.4928185
1.1841393
1.4008862
1.4046276
1.3770387
-0.814232
1.8456804
-0.18607512
2.955361
-0.3894444
0.681253
-0.18656701
2.0433865
1.1951729
1.5479078
-0.6619304
1.4605988
-0.24489269
1.866856
-1.1542201
-2.7543552
-3.0332208
-2.3450963
1.296621
-0.4161299
0.39305437
2.6856658
-0.4161049
-1.2478822
3.0956497
-1.1970195
4.184216
-3.2807193
-2.479669
-0.06252534
-1.9360157
0.8878098
1.4510974
0.9967536
-1.6483119
2.315068
-1.3648621
0.62659496
-0.58874935
1.7459732
0.12963091
2.6638072
-1.7678573
3.3678043
-0.36924893
-1.5540296
-0.5339575
0.2860068
1.0317247
0.47645718
1.9507529
-1.6748053
0.37500086
-2.2658868
-0.3934423
0.20898125
0.9616154
0.76118165
2.6854188
-0.8210613
1.0252917
-1.459613
-1.2824986
-0.72248125
0.8175489
0.61754936
-2.2776093
-1.1223884
1.2410685
1.6678826
0.46481556
3.063925
-0.19297446
2.5431123
0.466226
-3.7270167
2.2217984
-0.3845715
0.005721092
1.0330681
-5.2295055
1.3668579
-2.732759
1.0234115
3.9266136
1.5406678
1.0945569
-0.248171
-0.74893546
1.6373506
3.5750651
-1.7760966
0.07131015
2.3580022
0.3677231
-1.7950671
1.4727356
-0.43011454
-0.06545444
3.2327826
-0.06557432
1.6194472
0.4085793
-2.5090723
1.9497584
-0.87073874
-0.48826417
4.150412
-4.695576
2.6668754
-1.6038213
2.0808072
-4.7011433
-4.200465
-0.4730776
-1.017318
-3.4043388
1.9288471
-5.104702
-0.4292705
0.7285273
-4.1339507
4.155445
-2.326852
0.6676466
2.0391784
0.0969815
0.70902467
-3.1384683
0.38153058
-3.6073487
-5.0006714
-3.3566117
2.6850748
-1.8370162
2.0052147
0.8954878
2.8635945
1.4362111
-0.66940296
-2.5215936
2.30571
-1.245287
-1.5797908
-0.32670212
0.054006256
1.3513589
1.6022816
-3.8521225
-1.1226108
-0.29085383
1.2647659
-1.3419876
-1.3607488
2.1099808
0.7801608
0.45575735
1.7082144
-0.20270011
0.27546608
-1.9806768
1.0410383
2.1444802
-0.7152506
-0.097446196
0.19898307
-0.6989351
-1.4802996
0.75848347
-0.6166446
-0.63403845
-1.1035898
0.46015766
0.9504836
-6.1209645
-1.8161478
3.1410785
0.42701644
0.49108714
-0.7799416
2.0230415
-1.2540362
-0.522034
-0.46678734
-0.5281668
2.5535135
-0.24189922
1.658841
0.7337633
5.003361
-2.7542925
0.70037305
-0.15225002
-0.38003075
0.32762992
1.9631883
1.4327844
-4.4598513
0.7592858
1.5446692
-2.56928
0.30874613
-2.4883387
-0.3170567
2.3518271
-2.9646149
1.9117825
0.8474216
-3.884142
2.0216181
1.0567406
-1.4501518
-1.377668
2.3865469
1.2443043
1.5300719
4.1549625
1.3532286
-3.545957
-0.94189006
-1.0276865
-3.4933887
1.9418302
-0.047796987
-3.761401
0.37051764
0.35082152
-3.2106137
-2.9175885
-0.60246265
-0.26634857
-1.7209091
3.193469
1.1622325
0.06571667
2.1164618
2.20321
1.9538804
2.251534
-0.18568888
-2.9672823
0.546677
-1.8097055
0.32666326
-2.2306345
0.47839797
-1.0377872
-0.4773114
0.3366529
1.9267199
0.8211585
-0.1938135
0.54432535
3.3130753
-2.8432937
-0.26621854
2.3639956
-1.1071222
-0.50971764
3.6581144
-0.7418541
3.308885
3.2300477
4.60769
-1.9275821
-1.4909436
0.038980503
1.5320581
-1.5217043
-2.8927145
1.2545674
-0.49312568
2.8670735
-1.9202255
-1.1867388
0.75790197
-0.19640237
0.81343275
1.6546234
1.3550388
-2.2317128
0.11711335
0.6324725
3.9105437
-1.2541621
-1.2056633
-1.4957657
-2.5594647
-0.5976424
-0.43007693
3.6193619
-1.2447705
0.10739038
0.24148655
-2.2130682
1.5177794
-0.6497853
-1.2693249
0.7110437
-0.12316525
-0.5486698
1.3733099
2.8597436
-2.114451
0.3915782
-1.5128516
-0.6478799
1.4948645
-1.0119835
-0.0864268
0.9052153
3.0080981
1.973802
-2.1564252
-0.4085614
-1.7852702
1.8490107
-4.221634
-2.3229086
-0.42144847
-0.7892858
0.83707607
-0.26531252
0.16928862
-1.0295979
-1.185979
1.8309753
0.0004646331
1.2000853
1.6210792
-0.2708927
0.66351706
-0.42256752
-2.9366734
0.44585347
-1.8810722
1.645264
-1.4298081
-3.4175231
1.6530875
2.8230639
-1.1862977
-0.3790741
1.9515201
0.20078227
3.7989745
-1.3304793
-0.22544265
1.989033
-0.9692948
0.46470362
-0.117817126
-3.4015305
-3.4418428
3.0208569
3.2406528
-3.8636858
-1.7605908
1.5978693
-0.5558989
-3.0380578
1.7629957
-2.6570566
-2.206695
1.266894
-1.4290173
-1.1762825
1.4335824
3.5790627
0.20749184
-1.0146793
0.092849955
1.3150655
0.24984851
0.85269773
0.54882395
2.5775886
-1.9445506
0.026383184
-1.2968496
2.7129886
-0.07250179
-0.25256282
0.50662833
1.5166659
0.30746785
-3.4493527
0.113707446
1.0955456
0.7213829
-1.7282062
1.5408614
1.2854439
0.96239555
0.104110025
-4.5030746
-0.52145654
0.37055942
-0.028966825
0.17661902
3.857372
-1.2537066
1.4880884
-2.7687538
0.9040933
1.0199839
1.314871
-0.30097893
-0.31367764
3.5926254
-1.699067
-0.4713481
-1.4253192
-2.3978367
-0.6431721
-1.585895
-0.17390098
1.0074421
0.5173348
1.5230055
-0.8069498
0.11198031
-0.38813025
0.39092797
1.3702408
0.6064253
-0.8205951
2.940894
0.46208313
-1.6450868
-3.5200949
-1.0062597
-0.21660073
0.1548087
-1.0232567
-5.1522884
-1.4889947
-0.12760918
1.3184726
2.3925064
-4.577825
1.181256
0.2834487
-2.1555002
-1.4831146
-0.062160797
0.22901851
0.8418407
-1.2156148
1.3379649
3.2522223
0.362225
-0.37127364
-0.85965806
-2.877219
-0.14675736
1.0837686
-2.574134
-1.0307841
-2.7659924
0.4980325
0.5540006
-3.1016936
-2.4708657
1.1891861
-1.8176174
-1.7699329
1.7957503
-2.079763
-2.1430423
-1.7319832
1.4585189
-1.8427883
1.3230107
0.5876834
-1.6534065
1.5054195
1.7235022
0.7563669
-3.5384364
0.28671235
-3.2655454
2.752865
-0.06347104
-0.9693714
-1.4275099
2.758501
1.0109065
2.013486
-3.7438636
0.059705123
-1.910769
-2.4537656
2.292782
2.4640784
-0.49824435
0.061530516
-2.6860363
-1.9747397
0.5894718
-1.5885725
-1.3697834
0.79980296
-0.15159452
-2.2637043
1.2688737
-0.2370875
2.2840388
1.6105926
-1.713609
-0.45100227
0.47290057
-1.1732453
1.3182425
2.2202215
-1.3817526
-0.28679314
0.14289486
-0.50519264
4.8195534
1.678388
3.0624695
-2.0710073
-2.0442708
-4.045329
2.579385
1.1390315
-4.7307034
-1.7146324
-1.3285999
-0.82455766
-2.0326474
2.1414185
-2.786762
-0.7963483
-2.0319371
-0.4033546
2.443897
3.7956686
1.272097
2.9508448
-0.061946165
5.180098
-1.4399158
-0.2388116
1.3288758
2.891222
1.3065548
-1.7085035
-0.10076664
4.5648823
-1.7193861
0.57529634
1.3906586
0.20818599
1.6098825
1.1040227
0.180686
-0.7794599
-0.19927257
-1.4739528
5.429276
1.6012343
-2.2000399
0.19547907
-2.4855874
-3.1732879
1.9429663
0.045949236
-1.1715294
0.23540825
1.3592323
2.2373562
0.9476216
0.39704734
1.0791761
-0.115132466
0.8355012
2.2175224
-0.66405535
-1.4869641
0.84521544
-1.4564711
1.9487978
3.6176553
-3.2087693
2.258317
-1.8635744
0.36871642
-2.0373929
0.33613783
0.9450763
-1.341733
0.6852428
1.5017452
-1.1455916
-2.5085123
1.8203928
0.14106953
-2.0660691
2.253848
0.8017294
1.5970722
-3.4548392
0.60621333
1.724275
3.022849
-0.12847364
-2.766002
1.614597
3.070706
0.42545915
0.60960263
-1.9998353
-0.28622806
-2.323779
1.0879111
2.2297223
0.7180005
1.6316743
2.2261543
1.4421942
-2.4859293
1.1148808
2.2931228
-1.1914873
-2.383547
0.69064474
5.6691704
0.23316589
-1.4890875
-0.052196026
-1.6995424
-1.303506
1.2429168
-0.7076262
-1.6335245
-1.9517255
-2.5493126
0.00013742223
-1.5024635
1.5048361
-2.545319
-3.7008362
-4.1114883
2.5051148
2.5181124
1.6131492
1.8147633
0.8838048
1.6202933
-1.0013754
0.052494854
-1.5320067
-0.7569008
0.45754018
-1.2570444
2.2477078
-0.019973114
3.2486038
1.1076853
-0.9881152
-2.5339262
-1.9531391
-1.7377898
-1.2517002
0.16241169
-0.6407721
-0.019307315
-1.0606538
-1.465449
-1.6198002
0.80414826
3.2075167
1.6458915
-1.0148048
0.13034248
-1.1886264
0.19184345
-1.134857
4.076963
-1.5389993
-0.44267637
5.264993
4.69327
-0.79910666
-2.1992056
3.2081082
0.017381385
1.342572
-2.8535717
-0.2324158
0.8043572
1.54829
0.24971905
0.25967753
1.0519296
0.7453679
-1.3905141
-2.8677602
-3.9640229
0.5442451
-3.2408397
0.6550236
0.8564331
-1.5583616
-1.1930488
-0.38138556
0.50933814
0.46364588
0.7755646
0.5693854
2.3417342
1.2638452
-3.3266013
-1.6091146
-0.22669816
-1.614164
-1.4958282
-0.7352172
-0.14473933
0.4724581
1.8175489
0.39395127
-0.2771992
-0.14937356
0.5579395
-2.3463988
-0.7562281
2.2752848
1.9405599
-0.972876
-0.929813
0.6902362
-1.691525
0.03951075
-1.0549024
1.096325
-3.2206964
-1.6798933
-2.5457835
-1.4462907
2.0028539
-2.9510126
1.2095563
-4.2056603
-1.0408498
-1.218333
3.3620114
-3.3196504
-2.5070276
0.17996766
-2.2942276
-0.6496704
-1.4804736
-3.9011521
-0.96272063
0.78422487
2.363428
1.3250146
-1.4832081
-0.086427234
-1.9667189
1.5626088
-0.5863439
-0.2271711
3.9582725
-1.5594887
-0.9884286
-1.802537
1.4301921
-1.0410081
0.52579373
-0.037583098
-5.633833
0.8574011
0.001001589
0.20854884
-1.2346793
0.9070879
-1.5501474
-1.0586414
-1.1468107
0.87191737
2.4471657
0.8136667
-1.378988
1.1702275
-1.7484534
1.5729692
-0.029364124
1.7986861
1.3029974
-0.020719416
-1.0642396
2.7104645
-1.7712811
-0.68431413
0.81612694
-3.1610096
2.9619122
-2.8463082
2.6963606
-0.17313269
0.19788408
0.17261755
-4.118833
1.2096187
-0.9436225
0.5530818
2.6191628
0.19117196
2.805635
1.3895339
1.1605158
1.9347512
-0.24052727
-1.0076042
1.5200565
2.1532052
-0.5998593
-0.4865131
-2.678594
-0.83305067
0.06339916
-0.90113217
1.4727976
0.038353093
4.141248
0.48322242
-0.6744844
1.5346049
-2.3685763
-3.445875
1.2541211
0.4534502
-2.7532349
-0.54080653
1.5678316
-2.707844
-1.2889174
-0.5059297
-0.007586241
-1.3295332
-1.6821549
0.965056
-4.156935
2.3360348
-0.877443
-3.263933
1.6162596
0.064384155
3.8508873
1.0439136
-1.3302749
-3.8495803
-2.5049314
-2.2780364
-3.610406
-2.9969146
2.9053195
-2.4220157
-2.7171516
2.858682
1.1921132
-0.09661768
-2.1081967
2.4671438
0.29906392
1.5470166
-2.5694454
-0.88846767
1.2156557
1.4777371
-0.8347145
-3.5450523
1.9624523
1.2097852
-2.2241254
1.3655224
-3.0639608
-1.1730264
-1.5959051
2.411359
1.6769013
0.6645918
-2.3097928
-1.8709432
3.4994447
2.7653463
-0.121043585
0.5052635
1.5579175
0.829082
-1.4416897
0.50687563
-0.5103463
1.1022362
-2.86229
0.23383835
-1.4650514
-0.59977776
0.9937133
-0.7523841
-1.4238448
0.2288967
1.6823821
-1.4758013
2.343326
0.6136729
0.12268601
0.20163438
0.13401781
-1.0771405
1.6011549
2.9704719
-1.8753979
-0.57986134
-0.23491842
1.1411023
2.383646
-1.8352329
2.422708
2.524253
0.44703093
1.8123409
-1.0961316
0.30895084
-0.4687786
0.6277645
3.0814366
-4.419454
1.4979073
4.114476
0.05537195
-1.5077214
1.0138143
-5.114194
2.3977003
-0.8343274
-1.9994835
-1.5389274
-2.75156
-2.9114628
3.06194
-0.645319
0.3667795
0.46627402
3.8280025
0.36809465
-0.7827441
0.9701251
0.37435487
0.26872444
3.2261226
-0.34758115
-0.6980012
2.2169223
-0.84506696
-0.6347309
-0.34857967
1.7663366
0.70278597
-2.269666
0.4803852
0.5845474
-0.6882336
-3.9927733
1.8122813
0.8351652
-1.2839895
2.5661514
0.47862744
2.3199441
-1.8423271
0.7696682
-1.3073823
0.4385814
-0.10818853
1.2865949
-0.6816906
1.6142509
-1.0541213
-3.6277533
3.2097049
0.9206497
0.8300481
2.5269494
0.991224
-0.5407069
-0.34044123
0.26342592
0.60924965
2.4253917
0.5440265
1.2126257
-0.213483
0.41755104
-0.25919908
-0.29600364
-1.8217971
-1.3113066
-1.9514169
2.2793465
2.4875026
-2.203075
2.1042902
1.1500695
-1.7541765
-2.8407362
1.670182
0.1050856
1.1830806
-2.8232336
-1.68849
3.8534229
-0.93730843
-0.3886211
1.5657082
-1.5070682
-1.0036001
1.3519194
-0.6926393
0.2795766
0.9005112
-0.5542111
-4.048453
-0.5378927
-1.3397703
0.08603987
1.7997413
2.0570755
-0.76597035
-1.3014992
1.7349546
-0.3022282
2.2818465
3.5607643
-0.37089062
0.7286443
1.7369144
-0.40862507
0.84948564
3.8184958
-1.8920122
-1.8509973
-3.6083474
1.604806
0.7011145
-2.6625721
-1.3426591
0.17110002
0.8471918
0.9275078
-1.8361461
-1.4247851
-0.46255174
-0.65517944
1.5789753
1.5299155
3.8157523
-2.8106928
-1.7221887
1.0504315
0.009514332
2.5669003
0.6087744
-3.3298995
-1.1388797
0.3645525
-2.4083185
2.37702
0.8406155
2.2098932
2.7855675
2.6199496
-0.76519555
1.3520616
3.2336564
-0.6742041
-0.7697502
-0.61291677
1.4526381
0.2777909
1.4603031
-0.65279734
1.2494975
-3.5815725
-1.1893198
-0.21896869
-0.43558362
-0.30357414
-0.12361162
4.785287
2.2948167
1.8330598
0.4204335
-2.8593802
-1.247468
0.84760094
2.699056
-1.5136459
-0.22700831
1.5020759
-1.2156141
1.3595928
-0.4268262
-0.70185053
0.34362698
-2.8396125
2.8127887
-1.9561468
-0.891243
-1.8210962
0.12586817
1.033448
0.73445356
0.30673066
0.36898193
1.65692
1.8796825
0.18729915
1.3528383
-1.8218952
0.7728534
-2.8469934
2.5299854
0.37923607
-1.3347547
0.3613257
0.03412415
-1.4608537
-2.7874022
2.7575595
-0.6241454
1.6046311
-1.2621366
1.1015711
0.17606169
1.0202478
-2.5786715
1.8473451
-2.5531068
-3.8597865
-1.220633
0.005663708
1.6164268
-0.10454747
-0.99767655
0.17606923
-1.4358319
-1.3254046
-0.47968778
-3.0468643
0.9035325
-1.3281984
-2.6495407
1.1165831
-0.87585294
3.5162606
0.33772144
-0.55394244
0.65293205
-0.80747616
0.98225105
-0.92160714
-2.9730456
-0.21586326
-3.6261106
-2.7053351
-1.5825868
2.626204
-0.3913997
-2.8821461
-1.1763196
1.9605702
1.5324976
-3.1379473
-1.9863389
-1.550928
1.5791386
3.6398208
0.67381084
1.0661333
1.3477874
1.4507202
-0.16535592
-3.8245728
-0.248152
1.115531
-1.0317037
0.07217785
3.2069216
2.3059418
0.22312696
0.45046777
-0.1947008
1.4490557
0.71421593
-3.7614827
-4.226351
-1.2408246
1.4397564
-0.8930981
1.1606824
-0.52657473
-2.2278965
-1.3800428
4.700787
0.04570577
-1.728061
2.5834842
1.48465
0.3358288
3.839697
0.9302621
-3.7401903
0.76299953
-1.5726397
2.84228
1.9067578
4.5327954
-4.440908
-1.1377103
-0.26950562
-1.2528442
-1.0988156
0.31098548
-0.5433559
-2.642952
3.5253386
-0.6420087
1.055526
0.5178641
-1.460377
1.3007259
-2.2747831
-1.6143256
-1.8357214
-4.2396903
2.3920376
-1.4253502
3.2672868
-2.8323936
1.8650534
0.560058
-1.2028083
0.48993695
-1.0994533
-0.7951317
-1.5399175
0.058603883
1.0467856
0.8531553
-0.003005132
0.37830856
1.6260866
-3.335702
-2.6508908
3.4950867
-0.4949823
0.9250067
0.4797497
0.55385554
-5.206493
-2.2339873
-1.7835541
-2.24436
-0.65366757
-2.9722388
1.763853
-0.57825667
-1.6668793
0.83045286
4.7870064
1.5816795
-0.30928612
-1.8124988
1.3744727
0.8471461
2.5693302
2.7520044
0.56513083
-0.35357285
-0.1751177
-2.1286826
-3.016383
0.776437
1.4230069
-1.0827203
0.8925137
-0.9721857
0.20856279
-0.12956658
-3.0813818
2.4266055
1.6319033
1.1362846
1.9975624
-3.9132779
1.2144221
-0.500304
0.08419563
0.7117718
-1.405387
-1.0059049
-1.566047
1.260356
0.044349372
-1.4034284
-1.8007984
1.7708045
2.4723828
3.4480777
0.4576195
-1.902608
4.247459
-0.961608
-1.9091238
3.3917253
5.0360813
-1.751152
0.7204747
4.089303
0.4944656
1.9689857
0.27696934
-2.0538704
-2.9373524
-3.9736943
2.1299987
-1.1564063
-1.3970013
-1.5883021
-0.6875777
-1.0833868
-1.85747
0.42596313
-2.5941691
0.9447483
0.55139303
1.1602349
-2.237289
0.50011045
-1.1895889
-0.85424256
0.038272317
3.0773785
0.64980716
1.1601135
-1.477234
1.0817306
-3.4002595
2.206577
-1.8263289
-2.490449
1.4728554
-0.21911375
0.41028374
-1.8985826
-2.079874
-1.7186942
0.4748904
-0.32568237
-0.19028156
3.0136278
-2.4794924
1.3201967
1.6650857
0.26404026
1.2069501
-0.17408112
-1.2631721
0.22023803
-2.8299587
3.2654586
1.917186
0.9176132
-1.6413555
-0.28092432
-1.9253339
-2.3463607
0.40348658
-1.5560131
1.20894
0.66629845
1.3848475
1.4596057
-0.27773026
-1.450087
-3.2506166
0.6113011
2.5974712
2.835082
2.3162239
1.2241262
-0.98211765
-1.067325
1.9771246
0.7139653
6.5215025
-0.5800952
-0.059001513
0.16244945
1.2104326
0.89710414
1.8594469
0.8573844
-2.3031127
-0.011952225
-2.5438635
-1.714861
-0.079232305
4.106624
-1.6363317
-0.17740056
1.5350941
-0.27583864
-1.6126589
0.17312664
0.05709994
-1.917534
-0.63937455
-1.3331559
2.8966906
-0.3470114
-0.3197325
-0.45907068
-0.59272516
-1.3601186
0.041142635
-2.4139016
2.4499779
-1.3462105
2.3429418
-0.27585897
-1.0689174
-1.8380502
-2.9988053
-0.8872436
-5.5751605
0.6633882
0.5879647
1.9650269
2.3162541
1.6941588
-1.2704533
0.5324203
0.23710781
-1.8094099
-0.30036044
2.9210804
0.0017047077
-3.038623
-1.0249642
-1.5664142
-0.7043723
-1.0493915
2.4771986
3.8596401
1.0676225
-2.4628067
-1.3175542
-0.98981166
1.7036831
-1.7348739
-0.54569304
0.7624666
0.084373906
0.14586195
-1.8506407
-0.14919731
4.2986736
0.057539396
-0.8547221
-2.16823
2.395968
1.5145077
1.445748
-1.9603645
-3.1589649
-2.973565
-0.3916791
-0.3509604
1.3551569
-4.7380533
-2.159118
1.1408563
3.3907042
3.8244982
0.5740671
2.0817275
-1.4973541
3.39462
1.2722008
-0.78285366
-2.6008353
-1.9274278
1.8179238
-0.48304653
1.0362797
-1.0289583
-3.4035203
-2.4427435
0.7247611
-1.8095616
-2.2466009
-2.1823761
0.689431
0.64472157
1.8981345
-0.33595622
1.8618964
0.032516077
-0.06468398
0.6526498
1.7642297
1.7866657
-3.060652
0.6701558
0.26521188
3.5651817
5.0657706
0.49708813
0.0023926422
-1.8602746
-2.4411275
1.9020959
-0.04645455
1.1128978
0.85586554
0.36238006
0.48307216
0.24255413
1.5515167
1.8755535
0.2614665
0.063560314
3.1289334
-0.1982096
-1.5120531
-1.3720179
-1.130948
1.600413
-1.1191971
0.60465264
1.6867685
-3.8797977
-0.025412336
0.2838178
1.0442386
0.75748134
1.754982
-1.6911603
1.3117698
-0.23554571
1.7029873
0.667722
2.5628173
1.4655551
-1.9811275
-0.06877752
0.13492763
4.389179
-0.60168296
2.7023437
2.312218
0.30044672
-3.0625427
-1.5808111
-0.8983732
-0.20866945
3.0966687
0.3988481
-0.27782524
4.3326283
0.91216284
0.1663131
3.5029721
2.3879802
0.41673946
1.0339007
-1.438669
-0.79604405
-0.09559842
1.0693508
1.5455626
-2.9235818
-3.9785564
-0.24067888
1.7588322
-0.78687775
0.9752619
2.288013
-3.7264748
1.3439367
0.6131466
3.3763
3.0364382
-2.0069292
-0.35470122
-1.8220668
1.1936709
3.5017505
-0.58436
-1.6361088
-0.6567316
0.98809767
1.7716203
-0.26555887
2.0654323
-1.8263259
0.44606993
-0.36177832
2.4151773
-3.538294
0.3009719
-0.4440766
2.3965495
-0.41039202
-1.1262023
0.70032597
-3.4382885
-1.2054553
-0.34609503
2.8692334
2.141183
2.8811321
-1.4500763
-0.75060225
-1.4274577
-3.3194406
-1.5672525
-0.124369666
1.6782435
-0.36869332
1.0780932
-0.46160844
-1.8063158
0.54996777
-3.0321043
2.2724845
-0.9210809
-1.5248864
0.6997946
-0.5984034
4.147021
-2.555094
1.2197074
-0.7949864
-0.7090128
-0.023659132
2.4735303
3.0361247
0.46944454
2.2706125
-3.527138
-1.0910943
2.8559134
0.4264919
1.276624
-4.604186
-2.8882313
2.755675
-1.5871531
-0.70649636
2.605619
3.112002
-0.14467365
-0.44940463
-0.4962039
1.7995951
-0.07212304
-2.5724547
2.594034
0.9706983
4.5409436
-0.7512231
-2.6816516
2.589038
-3.071523
1.4814403
0.8811044
0.71855175
1.1643599
0.82195455
3.0526538
0.35933432
0.6901744
0.7364973
5.6254673
-1.6353084
2.3007789
-0.2364618
0.39804384
0.32422423
-1.3108841
-1.6411841
1.0458603
-1.8430374
-1.0596166
0.43888542
-0.4509855
-0.037309647
-0.76423293
0.08993192
2.0540922
-3.7820237
-2.5647433
1.279182
1.5868083
0.9767772
-0.84417063
1.8446596
-1.0534774
-2.4666355
-0.10996261
1.5507865
-0.89955735
3.2285676
-0.64365256
-1.3285094
-0.039161902
-0.27409467
-2.3224566
0.04822226
2.817913
1.1167294
-0.109297946
4.9729037
1.188028
1.2197908
-0.6405124
-0.83852994
0.14945613
-4.5108676
-1.4341513
-0.04516384
0.29757684
-0.42230433
0.38166454
-3.777395
-3.0038857
-3.2361143
-3.7682118
-2.1180062
-2.4380207
2.203724
-1.6641638
-2.2881
5.674663
2.1474752
-0.113948666
1.2165055
2.5922225
-3.5220656
1.2376964
2.657914
1.470769
-0.29268646
2.7635372
-0.05078479
-1.5593082
-1.169481
1.2994585
1.380827
-1.8880588
-0.007974252
1.3188908
1.8338662
1.9715974
-0.8855197
-1.2901403
-1.4884028
0.5078418
-2.9567757
0.3088028
-1.2685899
-0.90380764
-4.123066
-1.3389764
-0.8774926
0.307079
-0.54345584
1.3609036
-1.3561896
0.79687595
3.8430948
0.42835352
2.4586973
4.5324078
0.48958895
1.8342576
1.0819259
3.310721
0.61429095
-1.4189013
0.10629472
-1.499613
-0.69599503
0.8229998
0.05287331
-1.9938271
2.3210552
1.3212074
0.27535725
-0.8493418
-0.52915406
-0.98286754
-0.70090544
2.1641495
-2.1008854
4.9149213
-0.04308971
0.82997006
2.754313
0.039893523
-0.8483267
-2.9351032
4.0338326
5.750161
0.8387599
-1.934956
-1.7835125
-0.8393615
1.1619717
-0.7716944
-0.346698
2.4949396
-0.658681
0.88934284
0.31274125
-0.69181085
1.3106495
0.37129152
2.2171218
-2.6789305
1.8804016
0.06384836
-0.4495875
2.184459
-1.874048
-1.7461005
0.33358243
0.25547373
0.41292682
1.318851
-0.86698663
1.7442075
-3.3739512
1.1996942
-1.7480768
1.3378515
-2.2511668
-0.5228215
-0.41682377
0.92045355
-3.3564477
4.0267506
2.0179398
1.3435514
-0.095624395
-0.39235267
1.698697
-1.4792941
-2.9631567
0.3219156
-1.8845111
-0.5750253
0.33730775
-0.3693548
-0.3254968
-3.9773204
0.78268343
-4.8838434
0.19438791
2.9846177
1.4527078
0.3572876
0.6586831
-2.995461
0.40970504
0.15575002
3.8163915
-1.9661797
0.9075035
-1.9553566
0.69882256
0.2703397
1.4192934
2.8235524
-0.6111609
0.10729686
-0.3395308
2.0052073
-1.1860552
2.0424976
-2.2878165
-1.2972807
0.57056725
0.7630097
1.0333649
2.4785883
-1.7137187
-0.080955684
-2.104074
2.202124
0.8743173
-0.59844744
2.4231791
0.15079844
2.484652
-0.39130452
-0.7757869
-1.5316831
-2.5992155
-0.7368493
-1.1237477
-2.061341
3.2217045
-2.3729138
-0.98506373
1.7977623
0.49350628
1.8793311
1.4299266
1.0112884
-2.4823682
4.310626
-2.7428021
1.687805
-0.08780026
-3.3358684
-0.26571327
-0.06035555
-0.84475416
2.2080646
0.107540846
-1.124659
-0.7107231
1.0439931
-2.7476363
-2.7334087
-2.4173179
-4.288553
-0.91100657
-0.45918763
-1.119635
1.2125869
-0.5288632
-0.568202
0.34189612
-0.7796721
0.93203986
4.3021946
-1.6625282
0.7472265
0.32959968
-0.08545734
-2.1448674
1.7665972
-0.28740317
1.1268992
3.986334
0.2672176
1.6532545
0.87976366
-3.9933057
-1.5707378
-1.4349641
1.9828686
0.48892868
1.0374713
-1.3404763
0.6356583
-2.4814959
-2.0370507
0.44495
-1.165836
0.5912993
-3.0668626
-1.6725485
-1.1167182
-2.677409
-1.146504
1.6630759
-2.5738037
0.49466017
-1.2942116
-2.2140136
3.1368718
2.3540483
-0.42420143
-1.4850354
-2.7314222
-3.1880865
2.0746086
-0.31506056
2.3410778
-1.9339405
2.3332531
2.5514214
0.8127486
0.6478594
-0.841107
1.1522318
-0.7628758
-4.0304146
0.77919126
-3.848177
-1.410584
3.2435658
3.5267181
-3.4935863
-1.2192633
-1.5255262
0.7966891
-1.354573
0.22213084
-1.8111778
-4.4965463
-1.1700414
-1.147484
-1.5547304
-4.3439884
-1.4999826
-0.52034295
-2.2584352
3.0230925
1.5903311
1.591886
0.9986296
-0.21379034
1.3310165
1.494591
-2.3963134
-3.233356
2.0144017
1.9914708
1.3823097
2.5259423
-0.35507405
1.9893563
-0.16728687
-3.6753244
-0.26794988
0.8063081
0.30038565
0.043296628
0.66177565
1.1373024
-3.0512204
4.889371
1.4641004
-2.1991594
-0.35439044
-1.1839945
-2.0589776
-0.20500585
0.39254883
0.41274875
2.031006
-1.9583182
1.2615341
-0.9419756
2.5770526
0.09552845
-0.83695376
-2.6999872
2.1316235
-2.1605077
1.5080224
-2.0409527
-1.1632133
-0.67714036
0.48312545
-2.4328315
-0.76870584
1.6205001
-1.6729313
-1.7652458
-1.3869977
0.85698
1.2139384
3.085648
-0.25154135
0.33787382
0.8445293
-0.6357656
1.0743471
-0.7522444
0.7462819
-1.2413005
0.6668323
-2.5873606
1.207796
-1.9418703
-1.1493396
1.1919012
-1.992904
-1.332918
-1.0386353
1.586475
3.881725
0.99361306
2.2870555
0.27102607
-1.8403322
0.3076372
1.8985653
1.1290222
1.4797328
3.0145633
-5.173509
1.4465108
1.9861417
-1.1230285
4.5839334
0.550123
-1.4759014
-3.6475282
-0.5537801
3.3680182
-4.086513
-1.8937417
-1.0089914
-0.30988818
0.03348831
-1.8355149
3.2677817
3.0152082
-1.308401
-0.47852775
1.0712591
0.45277518
0.46636856
-2.0376492
0.2708436
-2.018082
1.3196715
0.0013503917
0.023836851
0.3867638
0.3417193
-0.45276412
-2.1335592
-0.3936838
-1.3449621
-1.0328273
1.1067173
-2.3669071
-2.843994
-1.6261643
2.3457491
0.36914492
0.18135117
0.88532555
-4.9612203
1.1728821
0.4680751
-0.0035357624
-1.7616302
-1.7858969
1.130466
-1.4730941
0.91621256
-0.8590159
2.5279114
3.1826115
1.9891396
2.6079755
0.48844728
1.7708924
1.8475821
-1.6808645
-0.037011385
-0.98317724
-2.3205438
-3.5636358
0.57524353
-1.5438735
-0.85470563
3.23173
-2.8240802
2.3008451
2.9971623
-0.88022316
-0.37996504
-1.702063
-0.7675228
0.92859155
1.4417382
-1.7344451
-0.7663182
0.93615514
0.2828843
0.9052122
4.007861
1.557962
-0.16635008
-3.017094
-2.321284
0.83893514
-0.27026927
-2.380757
0.49285197
-0.02184664
2.129197
1.6334801
2.7337394
-3.1210713
-0.5886192
0.8052369
-1.1919105
0.13613912
0.8896102
-1.0665402
2.1482403
-0.3793164
-0.20864516
-0.9737756
-1.1265519
1.0022968
-2.2892725
0.12300289
-1.3166738
0.06891763
1.0221841
-0.8461628
-0.49132517
-0.91850686
2.5372536
-1.0189894
-1.214349
2.995135
-5.337881
-3.0963469
-2.7035518
0.94020945
-0.7278947
0.20450565
2.688656
2.093893
-1.8960674
-1.0789707
-1.2791417
-0.47932494
1.1910971
-0.9549117
0.12643524
1.967011
2.1657228
0.057464283
-0.52299535
-1.6030675
-0.46222216
-0.71510726
-1.0684774
1.52089
-1.6653489
1.936067
1.3933849
0.69601893
2.3942027
-1.8476628
0.72268844
0.4809451
-1.3351079
0.4155892
0.5301242
0.120165095
-1.596421
1.5845604
1.375417
2.020107
1.0706819
-2.2936702
0.9192037
1.7572869
-0.66041785
-0.7197238
0.24018763
-1.5266707
-3.114931
1.7088538
0.6231089
-2.4023952
0.2161721
2.021362
-1.8965682
-3.5661342
0.11045968
2.3887908
-1.9544259
1.0867342
-2.9890664
-2.4564667
-2.569218
-0.90784556
-0.25565347
3.2588723
1.4558154
-0.23912063
-1.070409
1.7483971
0.7085262
-3.6289706
0.10816361
2.4762204
1.5609281
-0.68928427
0.5151361
2.3129957
0.12031172
1.4055237
-2.2603626
1.4366674
2.532758
-0.7899952
-0.042028695
0.18701956
-0.6082282
4.3426056
-0.40070203
1.4707913
-2.3153348
0.07375892
-2.434246
0.80034
-1.1164807
-1.6413162
-0.63155836
-0.6443245
-0.6631293
-0.73042154
-0.985274
1.3255991
-2.4901307
0.4542204
3.4698138
2.454975
1.6377523
0.3293132
-0.24166802
-1.0700332
0.4174992
-1.4168645
0.5377654
0.082877636
0.12492121
1.0497081
0.37439492
-1.4764507
1.9162896
1.0232158
2.57413
0.1791403
0.13319796
-1.776956
0.7704327
-2.5283985
1.7710091
3.8248029
2.970475
-0.0854037
1.804905
-0.6415736
-3.2243366
0.0027465038
-1.5347795
4.605876
-1.526725
-0.89176375
2.0106716
0.6169148
1.0739925
1.9493767
-0.21826756
-1.9392982
-1.7149997
1.5384566
3.9154692
0.101432234
1.8131387
-4.055099
1.518752
2.2241552
-2.2590218
4.248988
1.4383147
-2.1639142
0.44638693
-0.2858674
1.9587805
3.9506102
1.6462371
1.2044286
2.8632839
-0.5357354
-2.0235057
0.061146833
2.6581244
0.058453225
-3.5790575
1.976348
-1.3722376
-2.3973014
2.8954055
1.3072302
1.8536593
-0.03773532
-3.5937214
-2.021978
0.6740817
2.495842
1.4902111
1.2038109
0.4471764
1.0783783
-0.9562491
0.31002992
-2.3836727
4.288326
-0.16161087
1.5197635
-0.4001628
-2.5981188
2.0475826
0.13940531
-2.67258
-1.8307822
-2.4180756
3.114491
3.8451133
0.23002726
-0.6090249
3.3281312
-1.7551855
2.871425
-2.6666374
-1.3652965
-1.3602005
-0.29995352
0.24268517
2.4417362
3.9918225
0.91831803
4.702731
1.3222148
1.176487
-0.59427035
-1.8145257
-0.4357828
-1.8175329
1.0642265
0.62964684
1.7595357
-3.1095295
0.90447986
3.0405512
-1.2604588
-4.2657523
1.0878952
-0.2547287
1.5550065
-0.7684252
-1.2910928
0.17432202
1.4562525
-1.6321552
0.19226685
0.09106541
-0.017368823
-0.6637803
2.3496983
0.9144474
1.0542848
1.3644785
-1.2617247
1.2205846
-0.70187193
1.1716297
-0.87271357
-2.382235
3.0972805