Nerus
5
-0.4318723
-3.3210654
-1.1419232
-3.0922248
-2.3012118
-0.2401482
3.0363207
3.965259
0.8001046
0.118639186
-0.41453284
-1.2728131
0.111023255
-1.3280934
-0.5279846
3.0887508
0.9295964
3.6652792
-0.5190806
-1.0484723
1.1298355
-1.0476794
-0.95113295
0.8360204
0.71757275
1.9661553
-2.520903
0.09368876
1.3434538
-0.7601132
-1.2001003
0.56789505
1.9107566
0.925097
2.9578462
0.44056797
1.1755167
-1.3312422
1.252184
-1.3088735
-3.034389
-0.737245
-0.2725603
3.1416357
-4.066883
-1.7842417
0.79058814
-0.34667557
2.566113
1.3934923
1.2564992
-1.7174187
-2.0202413
-0.045724086
2.4460292
-0.97347325
0.5212255
-0.8746426
-0.22177565
-1.0841087
1.8227988
-3.6991117
2.688728
0.10126833
-2.457397
1.9963272
-3.0008807
1.9797727
-2.7999442
-1.9041544
-0.28452104
-0.34070852
-0.52318877
0.34929764
-4.624994
1.0624106
2.4954755
1.3899332
-1.2116061
3.8351774
-2.6052501
-3.5076382
0.8144983
1.9535652
-1.559789
0.74865884
2.6333995
-2.801918
1.8417805
0.3136373
-1.4973701
0.8696832
-1.1924217
0.19230199
-0.31632128
-4.018017
-4.2678347
2.043205
-2.6770945
-0.0029455572
0.466494
0.8048281
-1.3407947
0.09625995
-1.8996297
1.6723009
-0.9031068
1.8157797
-0.7290931
2.3151803
2.9609518
0.31197506
-0.7558223
-0.5772332
-2.3429043
-0.21448022
-0.7165412
3.5494947
3.3062217
1.1849796
1.6472754
-1.2571472
2.1715145
1.1395714
0.32844993
0.8000808
0.8909167
3.999876
0.26925674
-1.4457273
-1.9291366
0.7702213
0.3317625
-1.4274441
2.354614
-0.03469692
-2.4199328
0.45507476
0.6563017
-2.1129384
0.6191111
1.7984252
0.0080617815
-0.8223153
-0.0547168
-0.8275771
-0.6652287
0.89559263
-5.149644
-2.8661916
-3.3279
-1.0987208
-0.5444112
-0.4941051
-1.2078542
2.3212194
-1.195451
0.22731782
6.013136
-0.9258215
2.2480714
-1.1737908
-2.3616853
0.79589343
-1.4875464
1.2826158
-1.0005485
-0.4485116
-1.6656864
-0.936173
-2.4885309
4.050096
-1.2466428
-2.9593968
0.6464011
-2.3042157
-0.0443053
2.1669817
0.34746116
0.9362808
0.79752535
-0.44365647
1.8412354
-1.2975863
-0.6695934
1.6582667
1.6353583
-5.924813
1.5301653
-0.5584537
-2.5662367
-1.7606363
-0.6513312
3.930163
-2.7779417
0.5812495
-1.1176702
-0.12756637
0.09023754
1.606444
-0.078814425
0.67020506
4.028983
-1.6415273
1.6640368
1.9448193
-3.1481571
-2.3183737
-1.285184
3.4177635
-3.7105355
-2.0760248
-1.1835282
-0.24916959
-2.4928586
1.3557769
-1.8804898
-1.4259771
-1.0637251
-0.23969091
-3.092534
-1.681585
-1.4946265
1.7392942
2.7209659
-0.97300744
2.3369746
-0.54405767
1.9209342
-2.644189
-0.4081702
3.288362
0.79883677
-2.9067204
3.3983011
2.1023433
1.8909285
-0.4748341
0.16583681
-1.1456711
-0.18657842
2.193567
-2.536664
0.1914417
-2.620689
5.359446
2.7119231
1.0783553
1.7178952
0.24004874
-0.48631704
-0.5113023
0.2227328
0.5165483
3.5583792
0.24693012
-2.1490915
2.111901
-0.9218554
-4.099668
-0.4471573
2.7872014
1.8661156
0.99296445
2.5812032
-0.42631948
-0.8815868
-2.263431
0.77526253
1.595641
0.5743696
-0.76684403
4.5681753
1.1021738
2.5868537
3.8329074
0.5268809
-0.10388901
0.087118015
2.0391047
-5.948377
-3.4922771
0.24541865
3.211191
-2.8840797
-0.8132065
0.18997756
-0.79025877
-0.283102
-0.007986024
0.22241598
-1.1245542
0.935692
-0.40007454
1.3485895
1.5344069
-1.8474857
2.8819041
3.8924649
2.7597492
1.3237845
1.9232863
-1.3434534
2.7923117
0.7372546
1.8485947
0.15213573
-1.4620368
-2.1814258
-0.8968731
0.45550847
-0.82696134
2.3151224
2.0166757
3.1500432
-1.9075795
1.4213909
0.44770676
1.1706097
3.5547667
1.4659375
-1.4831023
-1.1500033
1.0307003
4.439802
-0.72960377
3.0615206
2.2926755
-0.6264927
-0.30386508
-0.9084426
-0.28809258
0.9012719
0.32888937
0.58458537
-0.77736926
-0.91498077
0.5570147
-1.1072735
-0.31890735
4.7882257
3.4101753
0.08874188
0.6063585
-4.0448813
0.47563714
2.6012595
4.2518806
0.4171048
0.44590932
-2.2620926
-0.56697285
-0.91064215
0.09346621
0.8294519
1.978624
-2.439298
1.3334329
0.19907254
-0.20992804
-0.9519375
3.0836096
-0.5518444
0.17629385
0.5018326
-2.5352747
1.8842996
-3.7129314
0.8116524
1.1091743
1.7883706
1.4294449
1.8602985
1.0545185
2.20086
-0.38906392
-0.16578878
0.30359542
-1.847367
1.3906788
-0.13493878
1.5425488
1.5389827
-1.6286697
1.4632467
1.8731948
0.06363108
-1.3853744
2.7036414
2.4530385
-0.030794002
-1.9767388
1.9535388
1.3419149
-0.4970504
2.919566
-1.809363
0.27530453
-0.5483547
-3.4409764
-0.4281742
1.8289953
-2.8739295
0.49021474
-0.5418945
-1.2970709
2.5902417
2.6589289
-0.5752807
-1.2906729
-0.221353
-1.7676153
1.7150913
3.1455956
0.5602216
0.9387327
1.9051799
2.8793092
2.9609492
-2.4192247
-0.58354294
-1.5717022
0.040001303
2.4965737
2.967217
3.7655115
-0.68032956
-0.39461994
3.0837057
-0.83194345
-1.8790691
-5.2605753
-0.7962321
1.2221959
-0.75096244
5.3298907
-0.7331915
3.2671914
-1.0201817
-1.0189764
-1.8560084
-0.32409006
-1.962249
-1.6870247
-1.084994
1.3910936
3.670987
-0.84932864
-0.43625137
0.32017606
1.5341816
0.58396345
1.2383027
0.57396966
2.5786226
0.33048967
-1.0949373
1.9195714
-2.7214234
0.3465298
0.98417294
-1.3276992
1.1154057
1.204
-0.978018
0.40802568
1.953284
0.3200755
1.1144776
-0.0431548
2.482168
-3.3067737
1.3201017
-1.4645362
-1.7826842
0.812045
-2.2271655
0.5348801
-1.921755
2.2551098
-0.42255974
0.9249914
4.566177
-0.11448217
-0.9949872
1.0461347
-0.6141219
-1.7476962
1.2523115
0.17378804
0.71614105
4.743747
1.9145021
-0.47151276
0.44021583
2.3130922
-0.35716006
1.3692466
-1.5393118
-1.8556675
0.47446963
0.7346252
0.58199835
0.36205956
0.6062845
1.990452
-2.1953278
0.100497514
3.0332193
-3.1344042
-0.25016418
0.9082876
1.0514177
-1.3612864
-0.7298543
-0.54410267
-2.5928326
0.62309635
-1.6518462
0.060935475
-2.038262
2.6080275
-0.36143512
-1.82841
-0.35242242
2.4311957
-0.8287778
1.759981
1.0869273
-1.016132
-1.5109605
0.3657822
-0.6649955
-1.2721986
3.057277
-0.57571834
-0.31184018
2.116323
-0.05158741
0.006807573
-0.40941077
-2.3628085
-0.9215906
0.6459208
4.4305296
-0.5476186
2.6254828
0.9537562
-1.2373931
0.27063885
-0.09638529
-3.1507447
1.3016167
-0.98811966
3.4038804
-0.13399345
-0.8781258
-0.056430474
2.0430236
-1.8243345
-1.7115135
-1.0825453
1.1264961
1.01154
-2.0470157
1.7566969
-2.4378064
0.6087316
-1.3332847
0.05629476
-3.9989595
-2.082212
1.797443
2.0101447
3.331725
1.3428189
-0.5696339
-1.9841263
1.6413251
0.11105967
-2.9692838
2.5273468
-1.213625
0.7691874
-0.2866553
0.3321161
-1.3416051
-0.46704865
-0.5311587
4.838236
-1.9456946
1.4124675
0.5362487
-2.2502172
-1.0248034
-1.8252667
-0.10904697
2.0474563
-2.162189
2.8289595
-0.07873463
1.1792591
-2.8432984
1.4040607
0.80322206
2.377776
1.4405218
2.5993912
-1.1557729
1.6427715
-0.06471666
0.4520004
-0.19651401
-0.5613001
1.362997
0.1540514
1.7466059
-3.5090256
0.935695
-0.556341
-1.9961559
-1.6021405
2.751362
0.3182374
1.0277053
-1.1581036
2.8772085
0.5412722
-0.64485466
0.9477749
1.0796354
3.550567
2.631359
0.967555
0.89556503
1.297692
3.472999
-0.13551775
-1.2394994
0.3084713
-2.2708714
1.4534701
2.1483061
-2.357115
1.2899114
-0.12301988
1.2488447
0.2591067
0.6780835
2.904793
1.0735561
1.7691151
-1.4259773
1.3118063
-2.9429927
2.325341
1.160566
-1.5111121
0.029040135
-0.18851098
-0.19712245
1.9777048
1.2896892
-4.0062943
-2.8037086
1.4090062
-1.5868081
0.87056506
-2.5582042
1.875626
-1.3619068
0.07020685
1.2134733
-0.8780205
2.1231203
0.43293673
0.13744587
-2.516702
-0.79421264
-0.38845527
3.8555868
-0.9016621
3.2481546
-2.4409847
1.1737202
0.8372041
-2.6335242
3.8003223
1.4140536
0.66234
1.8999633
-0.30806446
1.6308509
5.0975738
-1.8115894
-4.109139
-1.6402966
-1.8940984
0.14186604
1.0760455
-1.2330776
2.510275
0.85338104
-1.2226888
-3.651431
2.4071088
-2.7656913
2.3346446
-1.8590424
-0.419251
2.519319
0.55818594
0.3739412
1.3189627
1.4462173
-0.08321864
-0.38939434
0.5275235
0.60154504
-1.1538751
0.13943581
-1.154161
-0.03213547
2.3851674
3.0729864
-1.3442473
-1.6453708
-0.9934266
0.34705442
-1.2116389
-1.645414
0.5476172
-2.3542953
-2.7083511
3.1665072
1.0707284
-3.9168117
-1.4662708
-1.0992644
-2.0714433
0.0326145
0.8507218
1.120618
0.3558302
0.16399515
3.3457444
1.1548874
3.276098
0.6579976
-2.8018773
2.7080278
3.0413604
1.992993
-2.3998232
0.646996
1.9083253
1.3872212
-0.7002976
-0.660473
0.7951105
-2.7868762
0.28949466
3.8168285
1.35079
-4.021115
2.2429922
2.5954645
1.2106351
-0.68051034
-1.3006896
-2.4402313
-2.8531923
-2.8083043
-5.1297984
0.4869078
-0.14021719
0.6161584
-0.63848203
0.78437597
1.5600655
-1.448773
-1.4971495
-0.9365269
-0.616911
-2.7308557
2.7688522
-1.5433356
3.3558612
-1.3785267
1.1507198
-0.67172205
0.24250594
0.024491012
0.6697701
2.13
1.989897
-2.1174316
0.6573413
0.32865468
-0.67140764
-1.0448662
-0.18918693
0.6885166
-1.6147758
-2.3035185
2.620156
-0.7977719
0.21333563
0.8457384
-0.59026116
-1.9235121
1.4108468
-0.93634486
-0.7517419
-1.7870209
-0.960188
2.4766028
-2.3588347
-2.4196756
-3.2871082
0.4576126
2.4985037
-0.9773589
0.7388664
0.90703535
-0.82936454
1.6362638
-1.4088393
-0.6518358
-1.1213976
1.9429011
1.0119494
1.3789655
-0.13894665
-0.18703568
-2.848301
-1.156882
0.36854836
0.35083154
-3.5445766
0.95533323
-2.5198298
0.06743307
-1.4598359
-2.2907963
0.67639273
-2.4577017
2.7933013
0.034689356
1.5021361
-0.5382659
3.0776975
-3.0449164
-0.40521795
1.9193374
0.8188318
-1.8328073
-1.4322959
0.68616337
3.8664985
-3.3459282
-1.356468
2.4150856
-0.44173265
-1.6562043
1.2124416
0.7341105
3.1427557
0.9822318
1.4986886
-1.6813679
0.573335
2.3199995
-0.7264438
-2.2872212
1.6725161
-2.7865434
2.9525983
1.2751647
-2.8623166
0.23540725
2.6444461
1.861399
1.9480431
-2.9137611
0.6531585
0.91627675
1.2032508
-0.18485211
-0.48860312
0.8599485
1.1728812
-2.591984
-0.08335117
1.2262127
3.6858895
1.7109561
-0.97233003
-0.26829013
2.1247227
3.1044114
0.07318723
-3.7750976
-3.6661017
-3.8759053
-0.50535846
-1.0433192
2.0606291
-0.25396737
0.11361964
2.0752532
0.72769696
0.7700507
-0.6779244
-4.6792936
-0.42572448
-1.5653446
-1.2829854
1.0111341
2.0004456
0.34709215
-2.4064398
-1.7357687
-2.167511
2.5365753
3.391184
-2.112593
-1.7045752
-0.012427278
-3.4714172
1.4192626
3.541504
0.5609279
-1.0282052
2.2286856
0.74216515
-2.1713636
2.1605375
-0.7290652
1.0133507
-3.1179142
-1.2131811
1.672194
-2.3181415
-0.4672727
3.2694511
4.3231897
2.6482217
0.57137465
2.905067
-2.4194746
0.2561818
-0.24693227
-0.04838019
-1.0486382
-2.980479
0.34701213
4.898688
1.5293819
-1.4430927
0.30120578
-0.8986994
-0.6483007
-1.6801633
-1.056532
-1.300918
-0.9405973
-0.79924726
0.7813549
1.1924063
0.8419156
2.4381888
-1.0886084
4.8421655
-2.378356
0.41968167
1.0048126
-0.7690814
-0.041122764
-3.1445317
0.5933506
2.8968468
-0.30145925
0.09033978
1.3796175
-2.9312954
-1.2227681
-1.0982355
1.6759155
2.6341133
0.47038007
4.8942423
-1.4129283
-0.120416455
-0.09873148
2.2978144
-0.9151819
-1.5124674
0.7001165
-1.8129951
-0.2212049
-2.5703137
-0.20305115
2.05819
1.6111771
3.5707476
-0.9846075
0.7745411
1.3503419
-2.1453874
2.0525994
-0.18618244
-2.3975708
2.2308748
-2.678689
-0.48895627
0.04911329
2.9967828
0.3467795
-0.69338864
-0.5205931
-0.01864507
-3.8379002
0.58686244
-2.6796956
0.37072727
1.8324938
1.1172595
0.11768802
1.2192607
-0.36043438
0.5266407
-1.2041463
-0.66527313
2.315822
-1.6716069
-1.4625047
0.4031861
-1.0171304
-0.6337775
-2.2589567
1.7633394
1.1267319
-0.13164902
1.3956836
0.5007799
1.3439076
2.3643756
-1.6877373
2.9074473
0.8836551
0.82415265
-1.9337399
-2.8455791
-5.2684584
1.4260837
-1.6730411
-1.275636
0.7435761
-0.47152394
0.36594772
-2.1720736
1.6764925
-0.475886
-1.47016
4.4948797
-3.9484248
-0.3424287
-0.18749924
-1.6095885
4.271999
0.24273232
0.22761688
-1.6030011
1.196463
-1.1818347
3.0355651
1.4694164
0.41213256
-0.7133936
0.9315032
0.48437914
-0.020128645
1.3526504
-1.1819614
-6.3817677
-0.39965233
-0.2627616
-0.23369491
1.3358635
-0.80840737
0.3227754
-1.2790321
1.0803294
-1.746311
0.9115086
-0.06884906
-0.4329546
-0.15542397
-1.6459893
-3.299884
-1.0144167
-0.9890338
2.5132825
-0.32628447
-2.3338256
-0.8219153
-2.9424345
-0.30295166
-4.5306416
-0.71954143
0.6517851
-1.4651214
-0.49074715
0.36180532
-2.0134354
-4.386755
0.8909566
2.4762125
-4.177762
0.46954727
-1.3608048
-1.5849235
2.6400337
2.1361105
-2.4470134
2.867962
1.3167802
-1.9114597
2.8606813
0.6085197
-1.356392
1.464868
1.8145672
-0.80663574
0.2638175
2.1545074
0.46681276
-1.3153158
2.9869685
2.615059
3.0513766
1.5081131
-0.58367634
0.21609536
0.4105123
-1.3021064
0.33118528
-2.093473
0.19121766
0.48445106
0.88550997
-0.11711193
1.6448804
-3.0876966
-0.2524457
-1.5857725
1.313707
2.116144
-0.4634176
-1.1140845
-3.4209042
-1.7342528
0.5957284
1.6229457
1.0345378
-1.9289483
-0.25380063
-2.0093033
-0.39765707
-0.035541005
0.22634074
-1.5679905
-0.7172979
-1.5677242
6.305168
-2.2845776
-0.5031072
4.0207424
3.1238627
-0.77499384
0.15538488
0.8657714
1.6815215
0.28581673
0.8540567
-0.3329535
1.4792225
-1.998077
-1.154705
1.1921058
-1.758383
-1.7020471
-0.9195885
-1.2051079
-2.6417923
-0.55643517
-0.5909061
0.03380671
0.8285528
1.9793757
0.22353609
2.0486348
-0.5081209
2.9743142
1.0611002
0.72773695
1.483709
0.7935198
-2.9554482
2.0639305
-0.605559
1.0441766
0.64347184
0.9126213
0.22747755
1.875174
0.70856
-2.4877512
1.3304721
-0.033204082
-1.3422225
0.11900741
-2.3563483
1.4531833
-3.4589863
1.6960216
2.485911
0.648355
0.99713665
3.2139668
1.106345
-0.33979544
-2.0015812
1.284564
-3.1270335
-1.3324589
1.3864269
2.5089238
1.9129338
-0.33103877
1.7470491
-3.1069074
2.2538288
-1.8654388
-4.700891
1.0808387
0.89851576
-2.8817594
1.087515
-1.4743506
4.390718
1.2778118
0.66105396
-3.6820066
-1.0863848
-0.4758163
0.062672526
0.2568628
0.59772694
-0.46481332
-0.2782648
1.801963
1.0416608
-0.5206767
-0.20250124
-2.331561
1.325534
0.7111113
-0.885065
1.2393024
-1.2066188
-4.841189
3.6106982
2.5779643
-3.9474273
2.8628764
-1.518972
-1.9063007
2.0336084
-0.1567487
0.7519639
0.6279988
0.53703713
-3.38478
-0.18534291
1.4117125
1.1141143
0.8809447
-0.82828975
-2.2134547
-2.0505624
-0.6368658
0.11583928
0.42391142
0.63327664
1.8888108
0.13682866
-4.41935
0.63410807
-0.9293381
0.32938337
1.9357924
-2.5886283
1.2359821
-0.5512268
-1.5971296
2.979694
2.859135
-1.1194485
1.0041534
-5.9507265
0.20709154
1.2369027
-0.86260545
-4.06357
0.6302438
-0.08934159
-0.4941358
0.14195865
1.2935176
-1.0977738
-1.8333039
-1.7933846
-1.5985873
1.551204
-0.66864973
2.8355966
-0.67926043
-3.0508306
-0.20248723
-1.0486062
-1.931184
1.3347391
3.4546223
0.4145761
-4.3053055
-1.9633567
-0.97104543
-0.8779495
-2.1409185
0.11111332
4.2279234
5.255521
2.2020946
-0.2545447
-1.7876315
4.587469
1.1278276
-1.0025287
-2.2428026
2.0945766
-3.772717
1.7297543
-0.83916396
-0.14418629
0.29901698
-2.1787846
-0.09627997
0.26788056
-0.42021146
1.099926
-3.037245
-0.8375881
3.043104
-1.4496896
0.9443251
0.7495617
-0.9692358
2.0028093
0.78408307
-1.1695954
3.912301
-0.89055634
2.824819
-1.5054443
-0.68295705
2.3764071
0.59207684
-1.1072278
-1.731767
1.6262969
-0.23440215
2.3696406
-1.280965
-0.6781876
-0.8368175
-1.3386157
0.58179414
0.87119937
-3.4598954
-4.0255713
-1.6696855
2.4077811
-1.3126191
1.2419062
0.19856927
0.4397304
-0.2649779
-0.02873011
0.15335009
0.36906067
-0.109147556
-1.3956892
-1.7851014
1.0867826
-1.3107146
1.8045394
0.23374417
-0.890257
1.0000048
-2.1027617
-1.2868631
-0.058445413
-0.2602754
0.2561263
-0.66318065
1.3118749
-0.08051972
-4.8370385
-2.596352
1.5628637
-0.42974743
1.029654
1.4634348
1.6426629
0.051556647
-3.752179
-1.3049213
3.3803246
-1.4951893
-1.0097369
3.1499994
-1.3754419
-0.9619516
-2.753889
-1.530672
-0.5052137
1.763904
1.6436468
-0.56644887
-1.0750524
3.6984673
0.36021948
-0.06381173
-1.1095716
-2.2562144
-0.0040020198
-1.4159119
-0.9882996
-0.54277676
-0.51349574
-0.7013691
2.8323987
-1.2800395
0.32796398
-0.55104846
0.92405194
3.4709377
-1.398793
2.1986353
-0.9294611
2.368842
-0.1062734
-3.438419
-1.2060574
3.498306
-0.06471246
-1.3578517
1.3899168
-0.49090782
0.34497494
1.2062309
0.15369555
-0.8982416
-0.9932145
-1.1207228
-0.6053695
0.09960544
0.23879072
2.5312452
-0.5264964
1.7308482
2.394366
-3.4722404
-2.1501775
-1.3559101
-1.1170835
3.7636747
0.38106018
-2.667158
-2.7702045
0.18266848
0.07914076
-1.4480227
2.428766
0.76391417
2.2030277
1.8002197
-1.4924517
4.18558
-0.82927275
-1.632211
2.711316
0.47757965
3.2402878
0.3043105
-1.056884
0.022568442
4.215819
0.35004064
0.45779213
-0.67825586
-3.489764
3.1423917
-2.9480433
-1.70681
2.4373128
-0.91694856
-4.377577
-1.716938
1.1548717
-0.80944896
2.091702
1.8643638
0.66696674
-1.4028645
-0.7296448
-1.523022
3.0544074
1.4394695
-3.3181956
2.0824351
-0.19276597
0.9598074
0.459347
-2.1445796
0.5732542
-0.1900801
-2.690025
-3.4860551
-1.6539259
-3.6651785
0.5613285
2.0083387
-0.5494122
-0.87809587
2.674836
0.4315315
-1.1672385
-2.9485195
0.81116855
-1.7921054
2.604626
0.35206968
-0.21986237
-0.90110415
1.3890277
1.047726
1.215308
0.3249523
-1.1392581
1.9832842
-2.0797932
3.3015275
3.1221406
1.2391999
-0.7115556
-1.4484441
2.871683
0.7490045
3.4646018
-1.7512302
-0.35122213
-1.8463283
1.9491441
0.19063124
-1.0008792
-2.1110556
0.093941584
0.7766209
-0.12834962
1.8826778
1.2128583
2.0353727
-2.197627
-0.6996473
0.65281314
1.5116022
1.2842834
-3.0509877
0.6971372
1.2906079
-1.2295164
0.5064842
0.97707725
-0.5192066
3.8750553
0.64498985
1.3292947
2.5936995
-0.3186187
1.6683967
-0.124889776
2.198356
2.5804543
-1.9332299
2.0325012
-4.7573
0.00913021
2.422952
-0.8502451
3.2618263
-1.2748878
-0.7179739
4.495143
2.0812979
-0.3807525
0.29643732
-1.3670954
-1.8179916
2.1952918
-2.957281
-1.1393796
1.8294438
3.111183
-0.68552464
-4.3212895
-1.5809077
1.3995471
-0.57443106
-1.339625
1.4984232
-0.41952136
4.9467263
1.3179357
3.6402516
-0.020604894
-2.1542192
-0.5326945
0.3221754
0.81927276
1.9040192
-1.7314706
2.430912
0.19791393
0.71934456
-0.06211241
1.2183983
0.11891781
-2.8221471
-0.44180918
-0.31451473
-0.056939244
0.42855173
0.6529212
1.2872373
0.14618535
-0.1280112
-0.16275947
-1.5814967
0.33364254
-3.4620957
-0.93231845
3.314212
0.37513426
0.23707452
0.18242615
-0.21418197
0.03822389
-0.11206655
3.2398806
-3.3809497
1.9740745
1.4963198
-2.8570108
0.23819387
1.9761524
0.8853175
-0.6637224
-0.014831968
0.1362679
-2.7166624
1.1700859
1.1130321
-0.014336482
0.793798
2.4534042
1.121945
-3.438247
2.2035193
0.5626341
1.8245524
1.6849558
3.798745
1.5777822
1.581295
-0.91268784
-0.1775972
0.2163685
0.27723292
0.21488532
0.8728867
1.2745458
-1.5592418
-1.2551225
1.5318041
0.70534176
3.137144
1.5170752
-0.56647336
2.7991703
-3.4666758
0.5908235
-0.7501111
0.9369533
-0.2200834
-3.335427
0.30847046
-2.041471
-1.5405204
-5.569162
2.1646614
-0.3692006
-1.3658264
-1.0644234
1.2894405
-1.190298
2.7950363
-0.42863995
3.0418189
-0.54314345
-1.5303329
1.7022399
0.8868792
1.2163516
0.64397514
-3.5042632
-0.5437102
2.1654546
-1.0977057
-0.0065945834
-0.22307342
-4.0033693
2.3087358
1.073351
-2.3456845
-0.22619972
2.476488
-1.6648929
-2.481248
2.933946
1.102227
4.1213264
2.8202047
0.57269675
-0.5194575
-1.6278577
-3.3420093
1.0086181
-1.1042857
2.3475082
0.49493712
-2.8299563
1.2877674
-0.51716214
-1.4680139
2.2899907
-0.435808
3.1790416
1.9815971
0.08023542
-1.591723
0.9822561
-2.0582411
3.484849
-1.5481791
-1.2890022
0.040148146
2.9104292
-2.8493426
2.0210507
-0.52858305
-1.3882517
0.79857343
0.16710027
-0.0342379
1.1950473
1.1267488
0.4124029
0.049122125
0.76788616
2.0336466
-0.42221507
-4.272788
-0.88174
-0.25048465
-1.4478694
-0.3674336
1.5372996
1.418804
1.2011572
2.2109227
-0.33199042
1.2058394
3.0229084
1.673812
-1.1531136
-1.3360829
-3.7511396
-0.66849
1.0329835
3.6505015
2.0218487
-5.238186
1.4804555
1.096799
-2.7099183
2.0888677
-0.7665753
1.4664257
2.5065207
-0.54669625
-0.39520186
-0.6742498
-0.03484557
2.0155437
-1.2628813
3.3345292
-2.0146694
1.1643748
-2.895965
-0.018421866
-0.95003086
0.31867784
-0.83246267
-2.996221
0.9479539
-0.99302447
4.131282
-1.3919517
-1.8097613
1.5605562
-3.2658
0.9642526
0.42103738
0.32207152
-0.86107695
3.4711819
1.289114
-0.7317363
-2.0300608
-1.7729312
0.9751471
-1.6134238
-2.6088285
-2.6474812
-0.69744444
1.6223314
-0.007987935
-0.69905823
-0.5016839
1.5393577
0.036033563
2.3291993
-4.132284
1.8554159
-0.986701
0.116476715
-1.6763391
-1.3888339
-4.4216003
1.6761382
3.2469158
0.09261838
-1.5264877
1.3247898
-3.0805001
3.8293664
-1.8531269
2.1141899
1.5497079
0.3339468
2.46815
0.34765765
3.7735255
-1.0635188
1.195169
-3.0624065
-0.30656695
-2.7355022
1.0131736
-1.0880907
0.80898696
0.912872
0.25194386
1.1876131
2.6193712
-0.33731723
-1.9747822
-2.7445471
-0.003808774
-1.3730034
1.2677383
-1.1411536
0.23632082
1.8952858
-0.39565623
-0.9162104
1.3234084
1.6946979
1.168514
1.8132814
1.353772
-3.2943985
1.3941737
-2.8361616
-0.9954397
0.9643273
0.12716776
1.1334928
-0.47172153
-0.028293751
0.15787137
2.6082072
4.7673926
2.4456825
0.7606287
1.5697467
0.38344687
-1.5243732
2.236906
-0.12972945
-0.88955265
0.786245
-1.2324626
1.0963165
0.106937185
-2.378131
-0.56054896
-0.53534466
2.355158
2.4008336
1.1166323
-0.35569596
3.2877553
-2.9027061
-0.48889124
1.0680528
2.8854754
3.004814
2.2784514
1.3162793
-1.3863071
0.61318755
0.013389595
1.3291095
-1.5362202
0.18259823
2.353204
3.9667263
-1.1417944
0.15068203
-1.8134328
-0.10035149
-2.3217854
-1.9481281
-1.95299
1.2284154
1.5534254
-0.82641476
-2.4924664
1.8084921
-1.4667059
-1.7376546
0.58007014
1.294399
3.3886318
-3.0648744
-1.3999912
-1.77559
0.5471992
2.0804532
0.5897243
-0.9521977
0.36570618
-1.571533
0.14410159
0.787589
-1.2533288
-2.613613
1.1620755
-2.7347548
-1.6105891
0.53903234
3.2103322
2.6178632
-1.01622
0.75886893
-1.0935585
0.6708581
3.5013306
0.24205098
-0.81259656
-1.082551
-2.059883
-0.65152293
-2.0166967
1.2849526
-0.92439747
-0.58062524
-3.8114204
-1.7037486
-4.5058975
0.8780476
1.7603873
0.71957064
2.5610328
1.2543747
1.2568973
0.12906553
-0.5406245
3.0029066
-3.0977633
-0.39844248
0.02565363
0.37387538
-1.5269887
-2.1977
-2.4449916
0.017633766
-1.0857081
0.18164006
-0.7418803
0.6456884
0.7076352
-1.365695
-1.4861472
3.3909647
-0.80119604
0.3266884
0.69005656
1.4436344
-0.38466114
-2.8244054
0.88482654
-2.664695
0.9926779
0.534551
2.9583926
-2.9065669
0.6077519
-1.5302439
-0.55039686
3.1674953
-2.097182
-4.092862
2.4403727
-0.6278837
3.1037989
-0.4839377
-0.061803833
0.1649696
-2.3230395
-1.2675654
-2.4754074
1.4404197
1.492935
-1.2333401
-2.237599
3.3687818
0.27611792
-0.54402894
-0.8460339
0.6603684
-0.9885957
0.94842845
-2.3957014
-4.4503536
-0.22333448
-2.1129432
3.0923371
0.8055773
-1.1279026
-2.3831012
1.0726697
0.86199284
-0.90649736
-0.68121874
1.2628459
1.2637831
2.885473
0.72972256
0.7691742
0.12936994
-0.94412094
0.023472749
0.24989778
0.79095304
0.3480754
-2.034622
2.5097802
3.782474
0.016468637
-1.1146332
-2.0356846
1.5657139
1.7313293
0.580967
0.66386265
-1.6041685
1.952966
2.043721
3.1565304
-1.1447705
0.19898972
-1.0073144
3.3680246
3.6704526
2.307239
0.07073965
-1.9410634
2.1434114
0.92308605
-0.81823874
0.4857272
0.4115549
-0.28728867
0.65942407
-2.4999468
0.14839949
-5.77784
-0.23558803
3.0042224
1.189648
-6.3221283
0.4658007
-1.4606913
2.686147
-1.1679674
0.20441532
2.2164066
-3.4168792
1.2653072
1.1261226
-2.584287
-4.431718
-0.6641594
-0.1451357
-0.32956046
-2.873287
0.117983185
-1.4904411
0.15488742
2.5019884
5.0664434
0.21511069
-2.8866918
0.25116074
-1.498326
0.6608298
1.6970669
1.6615132
1.9732918
2.5518613
-2.1875408
-0.10758592
-0.34188485
0.38293725
2.673245
-2.1643474
0.84073585
0.020597443
0.8682799
0.6737987
2.1189713
0.6847573
0.511082
1.0604274
-5.58886
-0.59865695
-0.31049463
0.86538327
0.45176786
-2.322557
0.5541103
-2.589466
1.0670114
-0.20789436
1.1855208
2.7064857
0.47543997
-1.937789
3.0939593
0.60466963
0.5199027
-2.4709775
0.14944665
0.19751081
1.9546335
-0.7156454
-2.158616
-0.5312621
-2.6144843
-3.1841834
-0.95731634
-2.0810351
0.73168594
4.3356967
-1.4875333
-1.2563831
-0.4710574
-2.0850477
-1.1934736
0.6137182
2.4626007
2.293758
0.77212256
-0.77506953
2.1747565
3.5222716
-1.366714
3.5210624
2.3386202
1.0531415
3.8742576
0.96735483
1.4167546
0.7139567
0.40207916
-0.5495427
3.0980291
-2.3575041
3.0582108
-3.188618
2.9368653
0.24714659
0.51778966
-2.3178997
1.0055327
0.2220167
0.24197805
0.5236471
2.4459877
-1.246409
0.8385007
3.313759
0.044397302
3.2959135
0.6340913
3.6815221
0.1891427
-1.5269861
-2.6880069
1.0912383
0.9899905
-0.7117081
-0.28855604
1.6493531
-1.2615811
-0.9392104
-0.6599823
-2.7098045
2.6370513
1.5882674
0.7924308
-0.2690884
-0.41462564
3.6118276
0.19090676
-0.8498394
0.31884488
1.3072633
1.8084155
0.66047245
-0.5624728
1.0972053
-3.4378061
1.76654
-3.2400963
-0.5556935
0.8865711
1.1863583
1.1980599
-1.8839998
0.70144963
-1.5055982
-3.4021056
-1.1795204
-0.0042053536
-0.42423522
0.1175596
-1.046646
0.25044334
-0.6588753
1.6167789
-0.26105565
-4.7923555
0.577313
0.6805801
2.9904346
1.4799483
3.141212
-2.8965623
-0.07291623
1.85473
-1.2848501
-2.2318327
-1.5981717
0.7995105
2.770336
0.9355225
-2.761026
-3.5329063
0.7800818
2.888254
-0.6587965
2.1830478
0.6240922
-1.2321616
-3.1643364
2.1679955
-1.7659521
1.5980934
2.1719422
-0.4538068
-1.0971985
2.2027895
1.3289781
0.08682582
-2.6362174
-2.1406024
-2.863587
4.4158287
-2.3285873
-0.8812169
-0.0472106
-0.9988344
1.8181871
-0.11820676
1.3629097
0.16620119
0.5536088
4.4071317
-2.7508578
2.4028358
2.0233078
0.36722732
-0.6142368
-1.8760732
2.7515004
1.3059629
0.13700785
-2.7914436
-0.46310216
-2.0651307
2.3683455
-0.61005557
0.25954387
1.3103471
-3.515207
-1.1665167
-2.4060788
-0.08432968
3.5982437
0.43956763
0.2695689
2.1287024
1.5201375
-3.8926396
-2.7427344
1.3978798
-1.0218244
-0.3482836
0.84771156
1.3679496
3.5487278
-1.9035436
-1.706533
-0.46116477
-2.558102
0.58330387
-0.17394191
2.8725421
4.1102166
0.8405814
-1.0306904
0.46236312
0.6035715
3.8995051
0.09292183
-1.6345623
-0.36514133
-2.3023696
-2.4405217
-0.9904292
1.0021157
0.42839137
3.3262568
0.82318527
0.75285167
-2.0864975
1.2338245
0.71701056
1.7922645
-1.7667615
5.0962286
-1.1959507
-0.7905487
-0.19921152
-1.2305143
2.6515234
-0.9894973
-6.345549
-1.3183912
2.0748048
-2.9244313
-1.1917427
0.18387902
-2.8455133
0.2695611
-2.2347052
1.2253656
-3.0462136
-0.5598127
1.917348
-2.7808669
0.33687773
2.9183002
0.97259015
0.97958523
-0.64117765
-0.5692524
-0.05683328
-3.6794465
0.80957395
1.1633413
3.3587108
-0.43153393
-3.0659237
0.5281644
-0.3751945
-2.2440422
0.009741344
-2.8808212
-1.9020133
-1.9058671
2.9513662
1.0285468
-3.394112
0.12010765
-0.16468853
0.44241577
-0.13546008
-1.0525396
1.5440639
-0.22081147
-1.0432323
0.33919618
-0.22568262
-1.3168331
-0.6711824
0.98438615
-2.0629
3.825616
-1.1163492
-3.6026354
-1.005919
0.3137232
-0.065691784
-1.8627619
2.1898155
-4.2519712
-2.476794
-2.1701138
-1.2568535
1.8932556
2.863125
1.8159959
-0.7039283
-0.9376865
-1.774546
1.904944
-0.32321206
-3.1706452
-2.0397696
-0.5662336
0.9058685
-1.7902733
0.73690414
1.8763243
-2.3634858
-2.9961138
0.4544068
1.0429934
-1.5273083
1.8190295
-0.55517226
-0.12863845
0.74608415
-0.6026887
-0.13731208
1.2232671
-2.0180721
-1.5558759
1.4188846
-1.947466
-1.560639
1.6101234
0.10762772
1.0457888
0.58780754
-2.0159776
-3.9136524
-2.5045214
-1.9083782
-1.6562926
-0.6837215
-0.43188536
-2.8222651
3.3369687
0.37606418
-0.41816497
-2.7876155
-0.43582878
-1.1542931
2.6521206
0.7925026
-1.4914057
2.0746763
0.07292083
3.2475145
-3.199346
-2.7895553
1.8874931
3.9776063
-0.3574274
1.1166068
-0.4461596
1.6316408
1.7327825
-0.48426408
1.68044
0.31237677
-2.0681753
-0.72779685
-2.5685549
2.060536
3.3648472
1.5470263
0.7175471
2.1839304
1.1747067
1.6250616
0.19538908
2.065091
-3.652238
0.5891308
-1.7667613
2.2000897
8.33691
1.1371992
1.2041832
0.53901035
0.7654322
-2.7021577
-0.67049176
1.9348972
0.69666696
0.7901633
-1.0152972
-0.57538974
-3.4802802
-0.7627789
-2.0329576
3.309444
-3.820829
0.716945
1.6116905
1.8126414
-0.31473762
2.4899788
0.785222
2.5888443
0.34014875
0.79206556
-0.05848968
-0.091074176
0.37840205
-2.783293
2.6791444
-2.8782642
-1.3473494
2.7720017
1.0328861
2.8872817
0.11666101
-1.000453
1.4205998
-0.15681142
0.6509956
-2.6588001
0.36239135
1.9588231
-0.13142736
-0.84623873
1.7700537
3.3124518
-0.18217523
-4.3892646
1.3933253
3.273125
0.8091279
1.1700233
-1.9991117
0.32200083
0.16892752
1.4487867
1.1653656
-1.3672282
0.13128126
0.90302014
3.0096679
-0.6701389
-3.9069543
-0.28665847
2.5398939
-1.7733407
2.336216
0.4830293
3.1672876
1.9444199
1.3970051
-2.5644135
-0.77466184
1.2510394
-4.200781
0.18177523
0.9155902
-0.42048308
0.30187976
-0.95942277
1.738063
-2.9749644
2.7987642
1.6754965
3.8422892
-1.7215123
-0.17698002
0.9960374
-2.4808826
-1.5603411
-1.544476
-3.194702
-3.3378441
0.7659764
-2.2935774
2.673303
-0.10734796
2.9476027
-0.43646923
2.27258
-1.1148596
-0.7494327
-0.25404853
0.43066734
0.72595423
-1.4272968
-2.720274
-1.4612432
-2.149263
0.8167232
-1.3707666
1.829598
1.1979662
-0.9404312
1.11175
0.91337943
-1.6035329
-1.0489523
-0.85144466
0.09343557
0.38906333
0.81293356
-1.0071491
0.60805947
1.992767
-0.280223
-1.5310893
0.640242
-1.6375945
-0.05316513
1.531362
-0.50619364
-2.7789917
2.5651853
-0.55084515
0.13543022
-0.51598495
0.51894253
-0.014339708
-1.8649545
-1.5204912
-1.5611258
-2.594723
4.2391534
-0.053488255
-0.9238245
-0.33366802
-5.639808
-0.18929935
-1.5706614
-2.4761372
2.9743125
0.64760834
-1.1055627
-0.92148316
-0.12351093
-2.891254
5.3616686
-1.070078
-0.61298764
0.33002347
-1.9709882
-2.0673308
-1.2433456
2.138159
0.3760299
-0.6173647
-0.4016359
0.97461367
0.7401577
-0.1397025
0.99219143
1.7669576
-0.21386276
-2.7731934
-0.6580398
-2.0416899
-2.5493631
-0.8810917
-1.630483
-1.6381687
-0.71974456
-1.019882
-1.4544177
1.8182776
-0.7384398
0.70348763
2.83192
-0.5643084
-1.8415326
-1.2657366
-0.24257982
-1.3288763
-3.059796
-1.8009173
-0.1664968
-0.73607516
-3.3079712
-0.25034985
-3.5529172
1.6521608
-1.2450118
1.4344014
2.7430325
-1.1712875
-1.5627596
-3.967271
-0.35108286
1.1355684
1.1397418
0.6034463
1.1441003
2.0285068
1.0328434
-0.49667877
2.378249
-1.3504648
-1.1871043
-4.5408244
0.06560353
-0.4588013
0.14732224
0.5968076
1.70047
0.59951293
-0.911166
-0.19708586
4.2167606
1.2668325
3.444962
0.37011516
-1.2829449
-0.6136069
0.42994934
-0.53612906
-0.8674661
-2.608761
0.07469261
-2.681239
2.1197205
-2.126315
0.82090104
-1.2095047
1.7347112
-0.92184484
1.9800487
0.8521964
0.20691055
-2.290663
-0.8508342
-1.2692738
-1.1898144
0.9824812
-0.77662337
-1.4110613
0.67435443
-0.76367486
1.5910045
4.423336
-1.9116663
-0.29769984
-2.658267
3.3806884
-2.170197
-0.22325873
-0.3152061
-0.80442363
-0.41237295
-1.5339198
3.0244725
0.9291611
-0.38067535
1.9417695
-1.4778318
2.7493012
-2.0154145
-0.8985328
0.94909203
-2.823988
-2.8316693
-0.6193095
2.8334515
1.7632728
0.9776146
2.6704023
0.75390595
-2.9106903
2.5150123
2.2623742
-1.24875
0.24547635
-2.0505571
-1.1275882
-0.069818184
1.57376
-5.8185806
-1.7938286
2.1452549
-0.9474328
-2.951464
-1.8855162
0.31417602
-2.163123
3.2835734
-1.0364895
1.8910791
1.4368434
-3.1330066
-0.8551043
-0.6961131
-1.0501049
-1.8219656
0.552569
-0.19015867
1.802832
-0.82699823
-0.34243888
-0.4391613
5.109028
1.1577488
-1.7427702
-0.18457043
1.6072094
0.7802691
1.3505558
2.5383651
-0.64189947
-0.7018608
-1.6755714
4.199083
3.0269191
-1.5844625
0.62475705
0.614754
-1.0254165
-1.7730392
-1.6264707
-0.122127734
-1.3402426
-4.527273
0.6044235
0.98589224
-0.82261914
-2.3640213
-0.46503627
-1.467092
-0.9892958
1.5431956
-3.1897268
2.0058627
-1.1420715
1.6175323
2.7946813
0.8942988
-0.1982936
-0.43516964
-0.4512656
1.7615467
1.2567698
0.022660863
-0.4434294
-0.10451847
1.3349369
1.2720258
0.77128226
2.004724
-5.2820816
1.3518887
-0.27631468
-3.1510258
-0.79652655
0.4833787
-4.236555
-2.1310396
4.129433
1.4434676
0.07597541
-0.5938536
1.4955561
-0.96073
0.96188724
0.73784715
-3.7235405
1.2335212
0.47361144
-1.212846
1.6305462
2.6934235
-3.1863153
1.7057978
0.9525954
0.026900358
2.3062606
-0.67035896
-1.3757238
3.7959673
0.6135565
4.021322
0.6890823
-2.1348205
-2.8097932
2.0862207
1.9403868
-5.188135
1.1059297
-0.2718323
0.20176029
-0.10054278
1.9199222
-1.3705662
-3.5144575
0.45496696
3.6719666
-1.4851083
-0.6655014
1.157513
1.6996988
2.254677
-0.18897061
-0.36719236
-0.20832384
0.5431953
0.5171612
-1.9113699
1.8857358
0.73165566
-1.0373695
-0.16391599
1.784097
-1.0243773
1.9859176
1.6263498
-1.4198858
0.6577875
-1.9213135
-1.8150991
-0.9170904
-2.469461
3.0206988
1.0954881
-0.7432752
-0.25213003
-1.0217288
0.29323477
-1.2741144
-1.6728996
0.6888075
0.6677785
1.3579707
-1.533282
1.4690031
-2.4392257
-0.9996886
2.9025483
2.8975108
0.19701599
2.9206483
1.0444934
-0.6865061
-2.6774933
-0.79514664
-0.9016154
-1.9031553
1.4884561
-0.51149565
-0.13541436
-1.1690753
-1.2829368
-2.182696
-0.8630808
-5.2400002
2.035837
0.48422506
-2.7844615
-4.3889456
-1.7115614
0.5975632
0.67209566
1.0938858
-1.7210848
0.71405274
-1.5659645
2.1042647
-2.8969946
3.9722266
-0.09364175
-1.5090874
-3.0706718
-0.21091773
1.3764391
-1.8884661
-0.5369928
-0.47352946
1.6217927
-1.4809785
-0.4541119
-0.7591058
-3.0190015
0.3308405
-1.4785165
0.6463892
-0.52576655
0.31914645
0.9918972
-2.852928
-0.81298214
-3.0302465
2.8520932
2.0523145
-0.49894524
-0.9830859
0.65277994
-0.8598127
1.2258973
-2.2453563
-1.5827013
0.69380915
-1.6492858
1.0469818
-0.37800992
-1.4671434
0.7858935
3.4681263
-2.1442394
-1.8058617
0.9810715
-0.57642823
0.7435272
-1.7163231
-0.22656742
-0.77267593
-4.3508377
1.1694616
1.5393533
-0.8591194
0.58784944
-0.7219391
1.257511
-1.030381
-1.3919858
0.27779034
-2.2438366
4.639617
2.4812963
-0.9738214
0.022144243
1.1152925
-3.7868764
0.40590316
-0.049995854
-3.0076425
1.0714085
1.4669064
-1.6887866
2.1465886
0.48338735
-1.1781353
1.8024858
-1.1650349
1.8602501
-0.21362562
2.3532233
-1.7808728
-2.4261172
-1.5012016
-4.700368
-3.6123435
-0.7479742
2.1457448
0.43847016
3.9544728
0.6711485
-3.5595627
2.2644901
-0.48821557
0.05445477
-2.2128816
2.3185992
-1.4910146
-1.059851
1.8708528
2.2969222
0.45796803
2.9316766
-0.88046575
-0.32663202
2.3596969
2.0284872
-2.2051656
0.7855949
1.710448
1.4966682
1.0111138
1.717557
-3.122992
0.39181077
-0.10179654
-2.5962093
-1.1338046
-0.7171607
1.7635114
4.349747
-0.7994352
1.8545135
2.042005
-0.09716316
1.9142201
4.226068
-0.6921412
1.091958
0.7172271
0.54134196
1.8041313
2.460037
3.2833755
0.95211655
-0.7493419
-2.1911185
-2.1852849
-1.8305585
-1.817645
-0.52285004
-0.36705184
-2.5124726
0.23968762
-0.9141268
-2.941297
-0.044380292
-3.5608044
-1.906704
-0.9707588
-2.8012333
-0.005567245
0.46167707
-0.12265912
-1.6262612
-0.27112412
-0.11259465
-0.36207196
-2.35509
0.88978034
2.1617088
1.3015282
2.0036979
-2.9465652
0.7235837
-2.5563567
-1.348626
0.35970184
-0.058902808
-1.653747
-2.0706599
3.4477544
3.3976305
-3.924273
-1.8102624
-3.8309047
-0.24141106
-3.12855
3.063233
2.5048895
1.7528799
0.8384994
0.32701
1.307773
-4.660099
-1.9281662
-3.4153404
0.44241548
-2.1139631
-0.13891459
0.90971005
3.3548331
0.21801096
-0.9834395
-3.1592562
2.9462466
-4.830664
-0.34847656
0.46834856
0.8880503
3.3846688
5.2638583
-1.6797621
1.3622295
1.3833572
-4.285068
-0.53596234
1.4420803
1.9934697
4.272192
1.6032841
-1.8586913
1.0248803
-0.9683951
0.23226184
-2.4220212
0.8335222
0.18820128
1.8621593
-2.7434106
1.9245203
1.173136
-0.18477532
1.9702197
-2.4148424
-0.49383688
0.50611377
0.0005292371
0.29239947
0.7953761
0.37755555
1.5963452
-1.8544745
3.2679026
-0.59319043
3.050062
0.77443147
-1.1298164
-2.458488
-0.35441893
-0.19521192
-1.2186781
-2.1721566
1.4095905
2.030188
-2.3263464
-0.34698454
-1.4957082
0.31248486
-0.55670226
-1.9841756
1.3830783
0.6917006
-2.602965
2.2212722
-0.26221317
-1.5770217
1.781396
-1.2979535
2.3429942
1.3147628
-1.7297635
0.1541206
-2.779084
-2.2225816
1.5218527
-0.44547272
0.5439903
0.75884485
-2.527581
2.711245
0.441405
0.5980558
1.9495502
1.1050476
-0.08005743
-1.7531772
2.2351732
2.7858417
-3.6851392
-0.26229534
-1.6784981
-1.5610915
-0.9476882
-1.082465
-0.92895997
1.0553584
-0.49298608
-1.180644
2.560501
-0.7062052
0.11928185
-1.392485
-0.1367422
1.3413544
0.077692166
1.9067117
1.0530947
6.160795
0.13978514
-2.3140035
1.3435962
1.4943012
1.4788368
3.94631
-2.3162823
1.6071503
-1.1219586
-0.26260456
-0.40733874
3.807198
-0.6564218
2.2713215
1.2790163
0.8421871
3.7203932
1.965408
1.7543536
-2.2025151
-1.6683204
1.0704286
0.113034524
-2.7519825
-1.120756
0.5094118
0.6042776
-1.1926368
-0.74977714
-2.749372
-0.9701867
-1.7788192
-2.4054358
-0.22232065
0.6124215
0.6811142
-0.78703094
-0.49102962
0.031156525
2.4273758
0.7521473
-0.6422085
1.4915985
-2.0705812
-0.22238863
0.15791854
2.2805772
-0.3795545
-1.359773
-1.4756825
1.6714668
-3.1337905
-0.66995615
-3.6829402
0.5052848
-1.7732663
-5.5093045
-3.495346
1.3818632
-1.6512196
0.79890925
1.1639584
1.9719073
-1.615853
-0.91576666
-0.10567828
2.126105
0.17357701
-0.29184976
1.0355352
-3.244168
4.8992176
-1.873571
0.71490765
-0.88309747
0.08616616
-0.1590227
-1.9786134
-0.9712056
-0.12679571
2.6843576
3.5284066
-1.2154894
0.52990496
0.10303236
4.8023505
0.8737646
0.28964996
3.2699673
0.9147754
1.415492
3.095625
-4.505006
1.9931277
1.3231353
-2.567292
-0.92974263
0.2969818
-0.36878932
-0.20476836
-1.075726
0.2570093
1.3999087
-1.3091674
-0.9469191
0.38723618
-4.103994
-0.36006004
1.1552345
-1.2568704
1.0403999
-0.7678972
-0.90407276
1.2533542
1.6571541
1.053179
0.17226046
-1.5191923
-0.8266221
0.2697872
-0.34434825
-0.8042623
0.380665
1.853885
-0.47531876
-1.9456218
0.7629473
2.4346838
-0.5284225
-3.2803035
0.288346
3.1683125
3.0382745
4.460048
1.2719184
1.4330832
-1.1728557
2.5326123
1.8699664
-0.3819523
0.42880723
-0.18796155
6.22454
-1.1817377
1.8810445
0.4615435
-1.0563803
-0.15340772
-0.54844916
-1.1662438
0.62182474
2.5786476
0.12749746
-0.50575435
-3.1016502
2.339433
-1.196913
5.847381
-0.45836452
0.6102
-1.9230428
-0.051427856
-0.22160536
0.90516204
1.7238089
-2.5385664
2.6099226
-0.68595856
-4.6115403
-4.078359
0.61371386
2.0533285
-1.2710167
1.6113051
-0.26522475
0.87910515
0.080160566
0.2535274
-2.3513513
-0.855463
0.48179397
2.2265582
1.0893179
1.0480771
-0.04362619
0.14722452
0.7888263
-0.6964841
0.88980794
-1.7336046
-0.7062702
0.050536655
2.6195405
-0.8916784
0.22235277
1.0164099
2.0904446
-0.83243513
1.86405
3.7114685
-3.1344955
-3.3871036
-1.2980921
-0.51300555
-0.8184297
-2.3171406
-1.808648
0.24662393
-2.143606
1.6690416
-1.6069838
0.80933636
2.9266956
-2.2375429
-0.7737022
-2.8924584
0.18786323
-1.7599552
3.6631806
1.4176937
-1.6869109
0.48922047
-1.2332675
-1.6023121
-1.8477252
0.043344278
-2.5707421
-3.7768557
4.1721025
6.0670495
0.7479715
3.003491
-0.8353256
0.24282071
-1.1119668
-1.2471458
1.0304973
2.1519353
-4.755328
2.8362856
1.0600793
3.5969052
-2.4648495
-0.8616645
-0.027987778
4.3244534
2.0373597
1.4037795
-1.3142316
0.724975
-0.45487085
-0.35958758
1.5375562
3.8462143
-0.11854391
-0.411132
1.1540185
-0.052933306
4.2848673
-1.159062
0.21252203
1.4452226
-3.72865
-0.75443673
1.8395071
1.5952038
-2.2263608
0.8097833
-3.896259
-0.033279635
-1.233456
-4.3094077
0.26597613
3.0097218
-0.59516793
-2.7095914
0.24415922
-2.124688
-0.38532084
1.1882572
3.8826656
-1.3940115
0.7653093
0.9544499
1.582406
-0.13336748
-2.0016437
4.9804354
1.4427994
0.3512468
-0.7597124
0.2706284
1.3741516
-2.6667235
1.5909253
1.2025824
1.0580962
0.47064847
-0.2174505
1.088207
1.1066734
1.2882705
0.6524917
0.7886086
-0.37686056
0.37394926
-3.3274124
-0.056823544
-1.0170842
1.3979343
0.29659608
0.22927195
1.0552461
-0.61585563
-3.1658442
-1.1981359
0.09966095
-3.1950858
0.92796665
-0.15716544
-2.7784758
-0.117509685
-1.8268977
-0.78254026
-1.2432281
-2.717091
0.11192186
-1.6759034
-0.030034661
2.7962596
-1.5963875
0.98665696
0.9212259
2.8072941
2.5942829
-0.8014424
-0.6606173
2.8944335
0.59760165
1.2182639
2.6967885
3.1291394
2.2306793
0.09469606
-0.59963197
2.539143
-4.558258
-0.14671588
-3.3657458
-1.3285748
1.0330023
-1.5132234
1.3512827
-1.6460289
0.18662289
0.6026713
3.1927805
1.2011808
1.9695973
1.5378169
-0.098263085
0.9172147
-3.8234277
1.139569
0.96840644
-0.9992944
-1.5703318
2.0056417
-0.049755305
-2.73964
-2.7713354
-1.3837801
-1.504216
0.7099479
1.806192
1.4740468
2.5867546
0.15272334
0.30998266
0.3330796
-3.358519
-2.1138458
-2.2367437
0.7080937
-4.246097
-0.3087014
-2.7268808
-2.2556193
-0.75203735
-1.3677508
1.4514015
-2.9780395
0.07851121
-3.6706758
-0.04004345
1.0550534
0.48783502
0.007321246
1.3277512
5.5553093
2.5155687
0.12180926
-0.9643678
-0.046932448
1.4239763
-1.1137704
-0.8351015
-2.4051914
3.1215653
-1.6760001
1.7844452
1.4203676
0.629713
-1.2705399
-0.81566477
0.82995754
0.51210564
2.7841816
-0.66777796
-1.003474
-3.2054577
-0.34396884
0.79904586
-0.1359812
2.8415148
1.3953518
-0.28760406
-2.445253
0.91531646
-2.052183
-3.9781399
0.8265541
2.1680856
-1.1637878
4.093353
0.6028074
1.9282922
4.7646365
2.091787
-2.5241954
3.0917058
-1.2552692
1.3205353
-0.5610166
-1.6373079
1.0214211
1.0759678
-0.85890317
0.29808292
3.103887
1.6891028
1.3063985
2.7381144
0.21290398
-3.4296808
4.0732827
1.5083029
2.327178
0.37820753
-1.3374317
-1.1944857
-2.3425756
-3.3846974
-0.17093793
1.1223867
1.0272672
0.9374721
-0.43192375
0.11825289
-1.7016186
-1.0806944
3.3712337
-2.5004678
3.1568277
-0.267926
2.5642562
1.1706057
-0.10503812
-0.810748
3.1029866
3.4477434
1.4497482
-0.77433693
1.4295449
2.5748012
0.09039092
-0.23360401
1.4720817
-3.723788
-0.0046271905
-0.24681509
-0.9818791
0.21490598
0.049080595
1.9990525
-1.0429064
-1.2041457
1.6338265
-2.437242
-0.66633856
-2.011717
-1.484639
5.541909
-0.46623528
2.1015916
-1.7805179
1.3566991
-1.1529256
-0.8855601
0.07914697
-1.1162043
-4.174568
1.177915
2.2184095
-0.7326223
-0.90274185
0.9868415
-3.6276593
1.6657423
0.5778067
-0.95848614
1.5126967
-2.3783038
-1.484613
-0.20502967
-0.08665199
-1.5280863
0.6422269
0.48157865
-4.015209
-0.8443052
1.2009345
-0.3218137
-2.4028323
-1.1900448
-0.21865444
0.33073366
2.6075382
-2.8716595
-0.43255344
-3.637971
-2.0801315
-1.4923321
-1.4287643
-1.5601736
0.70056295
1.8813987
-1.9466199
0.48525867
0.28512836
1.0320432
0.4393779
-2.1985204
0.1780273
0.88208747
0.97085935
0.99524117
2.958601
4.6921954
-1.9577444
1.9680156
0.70102304
1.8966982
0.22363424
0.22882688
0.90481645
-4.0204206
2.5545325
1.46974
3.0995152
2.1292467
-1.6544864
-0.36430863
1.4807808
2.9463146
0.832016
0.14244422
0.88037735
-0.11136129
-1.0587381
-2.1115234
-2.5388665
0.10749856
3.5740018
-2.5354395
1.3905097
-0.10286621
1.6536088
-0.48911673
3.763335
-0.46720585
-1.4609925
-1.1844041
-3.0241601
-1.227317
-0.13972926
-0.36111516
-3.2075827
1.8928025
3.0797682
-0.121861674
-2.0268717
-1.0001783
0.9593965
-0.2203117
-1.0139886
-1.1245879
1.4887717
-1.6152357
0.5252752
-3.3380692
3.054415
2.0245898
-0.1971815
-4.849336
-2.5654068
0.54959446
0.932321
-2.4076755
-2.9967337
-1.4332545
2.9372168
-1.6204219
-4.698725
-1.3053606
1.5295467
1.2808722
-1.4574423
1.0584818
-1.839467
-3.8041875
-0.42503387
2.0591462
2.0371041
0.106052935
-4.0848184
-0.9453311
4.220245
-0.6774826
-3.5674906
0.92050934
-2.7129412
-3.4678054
0.7782519
1.0342156
0.6797689
2.638511
1.2168442
-1.3315636
-1.4771142
0.74533635
1.9048182
1.0472708
2.9492643
3.4119968
-1.5723454
1.362753
-3.3304498
1.9469628
-1.1573361
0.8012171
1.1481426
-0.914255
-2.0075266
-0.1921277
-1.1797042
-0.55028296
-1.1910701
-0.5404882
-0.21285243
0.19929612
1.8496644
-0.063559555
-2.029526
4.035557
-5.166368
-3.5821753
1.1997904
-0.06500065
-0.6956509
2.6602218
0.116968654
0.8075837
-0.71096087
-2.5756652
0.6313098
-1.8713217
0.058510926
1.0700464
1.8729511
1.9558436
-2.0996397
-3.1591446
-0.6839568
-1.3374863
-0.12294818
1.5079927
-4.2509885
-3.2270787
0.6828119
1.6986669
2.8834367
3.256907
-3.9610093
1.3742255
-1.3329033
-4.2433214
-1.7818838
-0.01651936
-2.8643157
-2.6770642
-4.3638687
1.7574351
0.5505791
1.4149435
0.031720296
0.9942753
-0.2361289
1.2828342
-2.4083638
-1.990267
-3.0229044
-0.20422065
2.5919116
4.395908
-0.2510239
-1.4273179
-0.3846808
0.978163
-2.918619
-1.1435437
-2.0973477
1.1262017
-0.89089566
-1.8651843
-1.2468166
0.15341306
-0.9400862
0.88112736
-1.9875138
1.3165685
2.0542197
-0.8352829
1.2221946
-0.27215248
-1.3323352
0.71422493
-0.46714166
-0.40050298
1.6178135
1.5410203
0.06709799
-0.1785277
3.8343964
-1.5482328
-3.1658156
1.5203816
3.3378763
1.0849553
2.5556386
0.36234093
1.8480369
-2.0363839
0.5655097
-2.447958
-3.0744233
0.13034281
-2.988637
0.40769613
-3.737271
0.20025152
-2.0703278
-1.7296505
0.3155177
-2.12241
-0.72635674
2.079265
0.650967
-1.11386
-0.301354
-2.853308
2.0068538
-2.293582
1.4047908
-0.70158845
-2.355177
-2.4832764
-1.3598928
-0.51592934
1.0006838
-1.5362952
1.0689038
0.1936498
0.82644963
1.1539819
1.4275812
2.1397882
0.4332218
2.0322697
-1.2322059
-0.9947716
-0.8114746
1.931341
-0.5669323
-2.7123694
1.4160613
2.1807659
2.923717
-0.8132233
-3.7237709
0.98056585
2.6782231
-0.6150592
3.0581641
0.68379253
1.3670175
-1.3628694
-0.5903302
-2.8049142
2.7071357
0.14867172
-0.8931956
2.778037
-0.7921123
-0.7695609
1.2068928
-0.61413205
1.0118147
0.8445522
-2.9697847
0.00907217
-1.8905385
0.8324666
-4.5106544
0.7484474
0.8309662
1.5124387
0.75509906
-1.1890785
0.7066854
-0.273471
2.0923407
3.9442308
1.0034833
0.7622349
-1.6836982
0.21088147
0.96598023
-0.16174605
2.4134886
-0.21730801
3.133908
-1.9773823
0.42293608
-0.021702327
-2.8791003
0.32117414
1.7922188
1.2706108
-1.2890745
2.9163334
-2.2110522
1.2951858
2.9225736
-5.2661037
-0.6196958
0.67890483
0.23377125
4.494075
-1.887867
-1.9661474
-2.8094501
0.30060995
-2.8230326
0.5659566
1.645787
-0.8174609
-1.3968587
-1.3168951
1.3972442
-2.4736958
0.055034596
2.8179765
0.063708335
0.14277205
3.3412635
-0.53406614
0.5212603
-0.17716095
-2.02504
-0.7234276
1.57284
-0.64054126
2.3939154
2.920797
-4.2880206
-1.075215
-1.8028976
1.1645522
1.1219643
3.5182574
-0.24957058
1.8199774
0.62163997
1.7495785
-2.302471
0.23286147
-0.0673553
-0.54853326
-1.5230283
-1.4194043
-3.1896548
-2.1846068
-0.70053387
0.785856
-1.4395607
-0.51227355
-0.97155535
-0.90291196
0.053167105
1.0354909
2.639629
-0.4632761
-1.1515625
0.9087703
1.3860015
-2.8592603
2.9119825
2.0730374
0.74796057
-2.1964502
1.8867621
-2.3861356
-0.9732459
-0.39692125
2.9475203
-1.3470263
-1.7651047
-3.2770753
-2.3189428
-1.7914042
3.6999855
-1.1837534
1.865436
0.10791719
0.98799896
-1.5284675
-1.1675041
-1.5704184
-1.336646
0.18250078
-0.43140897
-4.1304054
0.2345999
1.6375929
3.366779
0.5589267
-2.1973486
2.7292793
-2.2022934
0.8996883
-2.8833022
0.63569605
-0.54123026
2.005573
-1.6105877
-3.8130674
1.5320526
-2.0677783
-2.116213
-2.4810262
1.6764203
2.0590763
-0.253472
-2.4278345
-2.2255864
-1.7747272
-1.0991255
3.3263493
0.96520895
-1.7119344
-0.27018762
-0.28539166
-4.369779
1.2365785
0.8198836
0.04403388
-2.1314507
-2.1850996
0.021561854
0.9496014
-0.98649603
1.1090884
1.4687282
1.5234584
-0.11197307
-0.40765205
-1.4006641
1.2430738
-0.3563849
1.294281
-0.68050176
0.22747211
-1.4846673
-2.705141
4.373129
-0.784919
-0.05605287
1.6515288
0.29750994
0.0782737
-0.8954014
3.9954474
3.4356565
-2.3886914
-0.56202096
-2.278057
-0.86416996
-2.149742
0.24927577
-0.28575826
4.0857224
-2.532292
2.5668356
-1.1433003
1.6057107
1.0211225
0.76725876
-3.1933846
-1.8212485
-2.7474573
-2.2946131
4.4262
-1.6369156
-0.34922406
-0.26777685
0.37994754
0.06992273
-0.06706537
1.1300052
-1.2233641
1.3843355
2.0161712
-0.29602578
1.1418008
-0.5378106
0.2326487
-0.69463265
0.7638878
0.19139007
0.38433707
-0.6374017
-1.972522
-2.0023055
2.4038641
-0.46393657
1.4685514
-0.65230376
2.626614
-1.251463
-0.28168198
1.437287
1.6651102
1.0921763
2.4557548
-1.2297124
1.3407948
-0.116791606
0.84863824
-0.69734514
-0.54081124
-1.9018407
0.3459218
1.3658842
-0.6491583
2.0065944
-1.4907202
-4.042495
-4.236371
-1.3499246
1.8638979
-6.178794
-0.4551169
1.5965624
-0.16581541
1.4535971
-0.126771
-1.0748721
2.715865
-1.4085164
-0.40127343
2.0540066
0.25242934
2.4325793
1.1106766
-0.27302542
0.8188826
3.0982697
-0.72150964
0.33351412
2.3627515
1.1450679
-1.5244448
0.79632604
1.1368282
-0.9255137
0.91240686
2.2580507
-1.5436708
-0.78871775
1.2060668
-1.4682792
0.88010466
0.23949483
-1.2614901
2.402555
0.06415373
4.9646554
-1.5489967
-0.28451097
1.3809462
3.875441
-0.8023652
-2.057378
0.9280064
-1.5002049
2.483473
-1.8913476
1.7180333
-0.3553205
1.6513805
-0.24113303
-2.0806928
-0.61015016
2.227889
-0.8042455
-4.8476944
0.104765415
1.2594593
0.1495328
0.4236927
-0.6743806
1.5324041
2.7728958
0.110793956
2.5538974
0.6449222
0.10691686
-0.8275734
2.3956645
-2.587217
-2.102872
1.9271401
-0.67738473
-0.079438746
1.4861639
-0.6804037
1.3556863
2.7066536
-1.4780285
-1.587897
-1.3667871
-4.7909703
0.5302247
-0.8102438
-1.438171
-0.55900496
-1.7236539
1.4157773
0.8638516
1.6534724
1.2889123
-0.13371445
-2.7273383
2.3902872
0.95971
2.3361523
-2.1806376
-0.26758125
-2.2470014
6.5072036
2.9343836
-1.1344812
-0.90440285
1.6385509
1.6837587
-1.3160622
0.06577869
0.51272047
-0.577267
1.7303518
-0.16569115
1.4924624
1.012674
-3.0647457
0.89063406
1.4204706
3.0340166
-0.281689
-0.42500728
3.1347857
0.97202325
-2.4845567
-1.779181
-0.2500856
-0.8698339
2.833735
1.1177424
2.6858554
-2.915137
0.30812392
-1.9739927
0.27987754
2.516816
-0.6652847
-0.88916457
-2.7356436
-2.209181
-2.695718
-1.9917657
0.2115154
-1.0230365
4.9310203
1.6244373
3.576757
-0.087215684
2.9407146
0.99035126
2.2170165
1.6116761
1.2797693
-0.33089763
-1.0645403
1.4977705
-2.7207105
-1.052221
-1.0646404
-0.8477199
-0.62159246
-1.6197501
-1.9672176
-3.0863924
1.6553309
4.185213
1.2620512
-2.6968803
0.35302007
1.9172943
2.5483055
-0.111745425
-0.46419418
0.49227414
0.8187102
-2.4287322
2.890924
0.15029323
-1.0314964
0.29160205
2.8636546
1.5805507
1.3004296
2.4444935
2.0592053
1.2555434
-3.0791354
0.8434635
0.4681956
2.433007
0.45136145
-1.2575167
1.5270147
-1.6518993
1.5956928
1.0412009
-0.5023784
-1.0903115
-0.122448795
0.30101812
2.350266
2.43602
-0.35172686
-2.1234484
0.58260274
1.5506703
0.78549963
0.30928248
-2.265727
1.734717
0.41613352
-1.0409671
1.3864493
-0.9294766
-1.8017652
-0.7485782
-0.328713
7.232826
1.4488463
-0.9647331
1.0427581
1.4015807
3.6727877
-0.25708824
2.9944184
-3.0875046
0.90537345
1.4630301
-0.83773196
-0.5963151
-0.7172167
4.1788316
2.3410687
-2.364947
0.62631756
0.12104543
1.9488345
-1.9935359
1.137464
0.4181363
-0.3825029
0.35026377
2.6522005
0.03504917
-1.1055115
-0.85305524
-0.51142293
1.2223598
-0.5378423
0.805244
0.67165786
1.559111
1.7706335
-2.355278
2.2560081
-2.4465516
1.1065454
0.24451229
3.8075764
-1.0660938
-3.8187172
-3.6609852
2.0797687
1.1669192
1.091775
-0.48458827
-2.34728
-2.0335016
0.80998194
-0.40659523
-4.871098
0.6365773
0.09716625
-0.95949847
1.1412369
-0.7026989
-3.1659336
1.229719
0.40471244
-0.1367523
0.18521756
-0.5330191
-1.0024065
0.7083989
-2.545892
-1.3477128
-3.1678505
-1.4005097
-1.9951135
0.79685605
1.6991646
0.8324149
-1.853968
1.6860112
0.8431773
0.033410184
0.48996937
3.1545722
1.0276924
0.82292056
-2.5739517
1.5030433
-1.0211589
-2.7985208
0.11294033
-1.7359974
-2.2400992
1.4698431
-0.3569503
-1.2105666
-0.45664316
2.4858031
0.41746858
1.290232
-3.9755502
-0.0554543
-0.40589255
-0.98877436
1.3505518
3.1377423
0.03923893
-2.7423182
1.647805
3.0296712
-1.5996802
-2.594698
3.8020942
1.394601
-2.3165276
-1.0129448
-1.6421537
0.39789468
-4.352707
0.82125247
2.4425604
-0.015351258
-0.71630514
-1.4056334
-1.6605968
1.090081
1.1211979
-1.5460379
-0.6200769
-0.5649012
-3.9741557
1.0878707
0.25681752
-2.5590816
-1.774193
1.8530647
1.2021415
-1.0144763
0.40753287
-0.803413
-0.20980507
2.1428733
-1.377393
-0.29547605
2.4004757
1.7216944
-2.3997955
-0.067318685
0.16844958
1.3615665
-0.4442097
-0.63322574
-0.4928503
-2.8098617
1.3353233
2.3226902
-0.5626532
-1.117296
-1.7070543
-4.4605436
-0.025802076
-2.6034796
0.45795006
3.9172988
0.28209236
0.22534794
2.0153418
-4.512099
-0.21618666
0.6207387
4.4932575
1.4381292
-0.8486677
-0.43553963
-4.953168
-0.23762351
-2.8159034
2.4694548
0.54724526
1.7245233
-1.6399707
-2.2855575
-3.1517177
-3.4916406
0.9954312
-1.2987338
1.4899343
3.2370815
-0.55051315
0.06813229
0.33356684
-1.3702308
3.4647572
0.8382535
-1.7457503
1.03673
-3.9086301
3.1607113
-1.1814374
2.5212326
-0.6445875
1.4274731
-0.78785783
0.0069951043
-0.034400925
0.93768924
-0.6368413
-2.6078508
1.9388187
0.46008277
1.4356593
1.6864251
2.4425917
-0.22781643
-2.030605
-1.8338034
-0.7699923
-0.997716
-0.38669872
-1.0292804
1.9128889
-0.1255799
-0.585552
3.836811
1.2208945
-2.4186552
0.6771155
-0.32707965
0.4638495
-0.68717176
0.058431722
0.42739782
0.83272374
-1.5957671
-2.1060789
-0.15264732
3.30428
-1.5622002
-0.7300673
0.5676697
2.0470576
-0.24606472
-0.46603638
-2.4303327
0.84329826
-2.2195816
0.45411476
0.019240197
-1.3658079
0.7328178
-3.8424125
0.103260756
-1.7413892
1.012905
3.0574217
2.7024515
0.91969025
0.1495508
2.9990926
-2.286143
-0.64588714
1.8539071
-2.2468224
0.6071634
1.0693482
3.315117
0.7117624
0.1376036
-2.6836183
2.1429503
-1.3109376
0.2635275
-1.4919071
0.2356531
-0.09077008
0.014609784
2.041116
-1.0458672
1.8185201
-2.0975544
0.51178604
1.8465612
-1.2983377
-2.410623
-2.1244783
-1.0523531
2.3924258
-1.8971488
0.097618505
-0.79607666
-2.771462
0.51036847
-1.1565588
0.49301648
3.8077607
0.5363626
1.2333269
0.2749352
2.4537997
3.929086
0.68580866
0.19808349
4.883439
-1.5906079
-2.7781188
3.9108028
2.3729317
-0.5438466
3.3137794
-0.4051259
-1.8797137
2.1608543
0.30743742
1.8784968
1.0041225
0.5225795
-1.3022561
-0.3251424
-2.0405424
-2.629046
-0.9687549
0.18816414
0.6901549
1.0522003
0.46798766
1.628352
-0.9301496
-1.1129957
-1.5281062
-2.518269
0.2348563
1.6320288
1.0407001
1.0670601
1.0774658
-2.8129394
4.025925
1.2710642
-1.5823232
-1.0490233
2.2772214
-0.89139843
0.6049763
-3.9999628
0.3816051
1.7964894
-1.7185178
-2.4967375
-0.103369884
1.1978009
-2.4026082
0.7125371
5.1172657
4.2295623
1.3687038
-2.6566112
-0.92471796
2.3046155
0.42400023
0.09532966
-2.0451152
-1.9614811
-1.1109605
2.7387185
-1.1652149
-0.9424093
0.21948382
1.055404
1.4142065
-2.1017005
2.2828672
1.4293061
-2.6900418
2.0948522
-0.85326606
-1.6843754
0.29001525
1.7668005
0.6089724
1.6293473
-1.265441
0.4221803
0.5922646
-1.3031474
-1.5707892
1.3735203
0.15350354
-0.77639365
-0.505156
-0.4438582
3.2857025
0.09061654
1.178703
2.7458084
0.78706837
-1.9409204
0.28996685
1.2443371
-4.7387023
-1.3016485
0.075307794
1.1879375
0.6350188
1.8721083
-3.9084918
-1.341143
1.7560209
-0.038972348
-1.4327943
1.9275022
-1.3259592
0.32272795
-0.6693844
-1.4379293
-0.32630527
-1.6648271
0.22236401
3.9549766
0.41507062
0.30054948
-2.5026703
3.3545802
1.5043617
0.67037094
-1.4367955
-0.37184915
1.7336735
1.1934276
1.06088
0.9897523
1.6515378
1.5484861
2.372035
0.111268006
2.847877
-0.33399093
0.41261634
0.59329545
3.115233
-0.0060774386
-0.082096
-0.9906847
0.6251478
1.6890249
1.4189006
-2.130486
-1.764577
-2.56343
-2.1894276
1.2518272
-0.20244941
1.1548681
2.2973676
-0.5304029
-1.41772
0.72523123
-0.30189458
5.0516224
-2.574311
-2.2739918
-0.10078201
-2.6354954
0.6322013
1.8701346
0.7550667
-0.5011781
2.2475066
-1.6157676
-0.24102563
0.90734327
-0.27928662
0.015575096
2.2676117
-2.1747534
1.6310682
-0.41622728
-1.4578116
-0.25944936
-0.30969867
1.9323549
-1.1901733
1.8174269
-1.1716554
0.30104637
-2.250463
-0.5012853
0.19770467
0.7259249
0.11525361
3.4536123
-0.6281331
2.4574857
-2.1726842
-1.1390721
-0.2802295
0.82872105
0.0049216747
-0.65502393
-2.123166
1.7006588
1.495963
1.7763101
3.5577278
0.28940418
1.8194766
1.474369
-1.6915317
2.3782988
-0.92740864
-0.5012448
-0.9445194
-5.879885
0.63851464
-2.003862
1.6320525
3.7415004
2.0867283
1.5214376
0.7974552
-0.7253117
2.9745302
4.4910293
-0.82067466
-0.6836173
1.1568527
0.20809323
-2.3779416
2.8704433
0.46540982
-1.2709504
1.2737095
1.300635
2.2666874
-0.6195397
-1.4320388
1.4649457
-2.402398
0.03148478
3.8957467
-5.3114085
2.8714643
-0.7845158
0.87105227
-4.674108
-4.3341074
0.34049225
-0.7696609
-3.162694
1.821302
-3.6152303
0.4426068
1.6304755
-3.9522295
3.6534734
-1.8752781
0.8675719
1.4399251
-0.41563046
0.47542942
-3.9720175
0.77923286
-3.6744528
-3.9530551
-1.6461109
2.4906275
-0.04214914
2.348186
-0.2923066
3.3052413
2.4187157
1.2520072
-4.2237062
2.9624598
-1.665053
-2.281644
-1.680667
0.3126719
0.6051506
0.47099203
-2.4081833
-1.215619
-0.5302249
1.4255397
-0.118085794
-0.6369283
2.1706758
0.7714381
0.35669464
1.5233591
0.0990971
0.26517555
-0.9452783
1.5881176
2.2211843
0.4563263
0.594378
0.5620691
-0.4483207
-2.101874
0.35177135
-0.80689424
-3.5342455
-1.6327921
-0.78807086
1.809092
-5.4239287
-0.9501478
1.9392673
0.5413673
1.1162995
-1.3206725
1.8278896
-0.41243282
0.563223
-0.39573336
-0.71689945
2.01158
-0.24651854
2.053909
0.46979713
5.2308536
-3.6424797
0.40821904
-1.4545485
-1.5867642
1.8901057
2.0493174
1.0336745
-2.6429677
2.6027753
2.3530939
-1.1571715
-0.48964736
-2.7068498
-1.9888296
1.6228545
-2.5024097
-0.5207836
0.9082503
-1.8655479
2.1043942
0.54212105
-0.041344382
-1.4737535
2.1863937
1.1573255
0.9026329
2.2359288
1.2231683
-2.7925556
-0.25928867
-1.4848005
-4.2555532
2.1603682
-0.6607886
-4.3508596
0.187567
-1.2359741
-1.924065
-2.537097
-0.20610003
-0.96962833
-3.4390686
1.8858124
0.8038587
-1.5976799
2.1593478
2.497145
2.570673
2.615579
0.32876912
-2.3046367
-0.68791974
-0.79725397
-0.44099244
-1.9071407
0.83575535
-0.8387076
-0.13332917
0.5675713
0.39499846
2.3196616
0.46174031
1.6217803
2.746844
-2.255461
0.13604943
2.8758266
-0.2918772
-1.392522
3.273887
-0.7196439
3.7332098
3.816165
5.1101823
-1.8666747
-0.8230062
-0.030833565
0.07239622
-1.925157
-3.5932193
2.4422052
-1.846462
3.5962052
-0.9072549
-0.9444382
-0.25865293
-0.20027415
0.16712402
0.60653377
1.1107463
-1.6009551
-0.3603286
0.6047512
2.8922794
-2.5124047
-2.0487206
-3.2191346
-1.6907454
-0.66840476
0.7635687
2.9056623
-0.9883364
0.6707232
0.8677679
-2.509652
1.0758169
-0.6795467
0.35688803
1.800271
0.5328282
-0.11715277
0.8637368
1.993657
-0.66802293
0.89876056
-0.43251303
-0.28687537
2.3943858
0.8404642
-0.40813005
0.86674434
3.666029
1.0102658
-3.1920624
0.32667392
-3.0614686
1.7294377
-5.132788
-2.2635443
-2.8318775
-0.61420256
-0.3659352
0.97067666
-1.3763663
-1.5201887
-1.378421
4.203461
-0.6246738
1.8965589
0.8458976
0.78989667
1.5996706
-0.48769945
-2.830444
2.1792371
-3.7477827
-0.56462884
-1.2895023
-2.740189
0.9078648
3.3418741
-0.34429234
0.78397197
1.2883854
0.58049226
2.734787
-0.12013059
-0.8898199
0.7723904
-0.8699245
-0.5108855
-1.4448912
-4.1630626
-2.786495
4.462231
2.1707652
-3.7607248
-2.151774
0.6209551
-1.3906535
-2.6800158
0.23004574
-1.5851802
-3.0634434
2.1267304
-0.70318204
-1.2360281
1.6474565
4.0851502
0.024831839
-0.33010444
0.3223218
0.59263885
-0.43567383
0.81880724
0.70048445
2.3556387
-2.2541394
0.3651326
-2.27106
2.7570777
1.773516
-0.99239933
0.85090274
1.6425635
0.014858287
-3.863046
-0.070627235
1.9320128
1.5374495
-1.5129751
0.31969443
0.5284842
-0.0017290711
-1.463257
-4.956951
0.76910913
-1.9435194
-0.41372436
1.5011858
4.0472984
-1.1546359
1.5775661
-2.851628
-0.5168773
1.1435654
1.2976664
-1.1125604
-0.07701331
3.1729383
-0.53464234
-0.7585398
-2.5993671
-3.74975
1.2508465
-0.99775094
-0.40182042
2.0147402
1.9596014
-0.012057319
0.19636366
0.26380438
1.2198855
-0.9466192
0.8695133
1.59088
-0.4561699
2.8223732
-0.096713535
-1.819915
-2.5449924
-1.1041088
0.21219033
-0.6401992
-1.5924163
-2.1462805
0.055037923
-0.8105853
2.7320008
1.4685968
-4.6214085
0.67709935
0.26919323
-0.9949048
-1.4985552
-1.0920509
-0.10551316
1.030777
1.1707245
0.07889262
2.731975
-0.89332414
-0.932397
-1.4197806
-1.0309335
-1.412214
1.8703747
-2.5711503
-0.16625267
-3.096724
-0.022424519
0.2212643
-1.3611526
-2.4213238
1.8092079
-3.865865
-2.195558
1.3171645
-1.3172252
-3.4111812
-0.2460432
0.54086936
-1.3514653
0.98473126
-1.0099261
-3.427419
2.2814674
1.021853
0.78513044
-2.9866219
-0.2277345
-2.616631
2.2127278
1.2885565
-0.5254138
-1.5260679
2.7967093
1.879154
1.925791
-5.0932107
1.0296617
-3.4745293
-3.574505
2.7670312
3.4174738
-0.39883885
0.93578166
-2.9704878
-1.1125692
0.72913677
-2.8533657
-1.4640074
0.44273424
1.0014889
-1.127615
0.201882
0.12092
3.7309036
2.6465287
-1.8794712
0.78492767
0.39368087
-0.6050304
2.328204
2.0888286
-1.6203135
0.3381927
-0.55867785
0.27409804
2.9725723
1.380289
1.173329
-1.6998864
-1.798347
-2.1351194
1.570541
1.4187124
-4.1034617
-1.9258285
-0.6737877
-0.34335077
-1.3965205
2.454012
-3.2760487
0.28460822
-2.4360628
-0.3828469
1.2947795
3.719713
0.8738188
2.6869335
-0.16035493
5.2859564
-0.3245008
-0.9985191
1.0949543
3.2595513
2.2095542
-0.8439925
-0.9455053
4.03091
-2.583597
0.6999981
1.2939355
-0.3059966
2.421937
0.60895073
-0.3856244
-1.6469338
-0.93611205
-0.9974961
6.0733647
1.8822254
-1.6220033
1.2131884
-2.5890825
-2.2251887
2.1159663
0.11284486
-1.3689535
0.86050904
0.8611182
1.611603
0.78002477
0.32982916
2.478003
1.4428688
0.34253955
1.8222243
-0.92344564
-0.6382366
1.0841284
-0.90812147
1.7808304
3.7252612
-3.4191022
1.3478633
-1.5140578
0.26845798
-1.0514395
0.27247247
1.3960543
-1.1119988
-0.3293408
0.06944708
-0.93586147
-2.3907535
-0.10318538
-0.641447
-2.557487
3.324685
1.5034223
2.0549319
-3.3010027
1.7123077
0.9886459
2.085189
-0.42056718
-2.9628808
1.6327063
4.4463525
1.2555809
0.11162461
-1.8234658
-0.6831547
-2.6881423
1.3565161
0.2489617
1.8430114
2.6066632
2.40988
1.7579957
-1.852209
1.0985976
2.5637524
-2.2622194
-2.5929341
1.2802074
5.1211495
-0.1259145
-2.1246388
-0.372772
-0.7366282
0.060311608
0.54016936
0.30422464
-2.9351325
-2.7158968
-2.2150831
0.24862938
-0.93065697
2.33835
-2.0491412
-2.1879926
-3.9109316
1.858114
3.0428848
0.94294477
1.2030149
0.40395314
2.211871
-0.74809057
0.5515175
-1.104322
0.6299022
-0.63978916
-1.0507113
2.4463246
-1.214877
1.4116299
-0.8405269
0.2356761
-1.4367522
-1.9786706
-1.4725596
-1.0621643
-0.68407345
1.4836667
0.22735822
-1.374657
-1.4733557
-0.09078664
1.7556974
2.3341665
2.116233
-2.8664248
0.7785065
-1.9811146
-0.78188777
0.1496064
4.8585696
-0.45943016
-1.1032408
4.9842205
5.211756
0.56248635
-2.5448446
3.2256446
-0.04829263
3.622608
-2.3907237
-0.6810142
1.5444794
0.756846
0.118945524
-0.057057112
1.1550149
1.0121593
-1.8901919
-2.873318
-4.215308
-0.26201817
-3.71996
-0.507012
0.637466
-1.5181257
-0.7218187
-1.1124027
-0.70480233
1.6631283
0.30794513
-0.08123185
1.657164
1.3883352
-1.8254718
-1.0418607
0.94361675
-2.8142054
-1.8906274
-1.6458018
-1.374942
1.0659523
2.3221302
0.16977938
-0.4539488
-0.6898352
0.20175454
-3.141948
-0.18414772
2.3160942
2.5215344
-0.6721036
1.1502389
0.817224
-1.0333039
-0.43625128
-2.523852
0.76610166
-2.9957387
-0.5137672
-2.7840312
-0.88815314
2.3432877
-3.1855266
0.8261658
-4.045399
-0.1965256
0.079258844
3.8708498
-3.8919895
-2.9240181
-0.07891351
-2.1997552
-0.09896586
-1.323994
-4.2812457
-1.5490112
0.44140917
2.8909664
0.09247665
-0.8747755
-1.0753633
-1.6559474
1.3512616
-1.7879099
-0.70221764
3.8056312
-0.37131375
-0.15604734
-2.418379
2.0512633
-0.4799795
-0.503603
-1.2121297
-6.4579153
1.7423172
0.22937176
1.4289945
-2.4120686
-0.2259711
-2.2474856
-0.9547743
-0.5223018
1.3272223
2.9225843
1.1375192
-1.8355411
-0.0921366
-3.324521
1.6018405
-0.6180466
1.639359
1.0850283
0.42190805
0.01779645
3.5967994
-0.99102837
-1.9312242
-0.0037478134
-2.6344604
2.0349176
-2.5095952
1.7857174
-0.60941786
0.95890635
0.62486005
-4.1258574
-0.34876314
-0.45311517
0.9802396
1.6547474
0.1518375
2.102589
2.714764
1.5906445
1.1372583
-0.22875154
-2.1947565
2.1386108
1.67508
0.96953547
-1.5260503
-3.1022677
-0.4127912
1.0521328
-1.0205741
2.2553918
1.013395
3.8376353
0.9001047
0.36458942
0.35850734
-2.144911
-1.7343018
2.8556705
0.94020605
-2.9389703
-1.0100582
-0.4036015
-2.8276641
-0.93485355
-1.2960428
1.1053929
-0.99152154
-1.5816777
-0.34146225
-4.5854797
1.1159354
0.15496403
-2.1500661
1.2536976
0.56413305
3.853827
0.4828903
-0.80732155
-2.602623
-2.076537
-2.2023003
-4.010793
-3.1708171
2.3390458
-1.7356517
-3.9317057
2.0556357
2.1060915
-0.752403
-2.4727354
3.3031473
0.05577652
1.1608424
-2.0063531
-1.4206413
1.0527961
1.7573463
-2.5489814
-2.6747394
2.5469294
0.2526266
-2.3926795
1.2868872
-1.7406273
-0.4726425
-0.25613734
2.8232975
0.6058245
0.4796578
-2.1549108
-2.0722754
2.6088464
0.8051764
-0.103199475
-0.56070226
2.1551688
-1.0099391
-2.231113
-0.85418427
-1.4085605
1.3602127
-1.848366
0.06992221
-3.2489874
0.040366694
-1.0901246
-1.3623602
-1.3171314
-0.90605533
0.49221382
-1.522817
1.5357125
0.6175092
-0.5181199
0.018742628
0.12958093
0.10946502
2.4951265
3.175109
-1.3289464
-2.6498954
0.942759
2.7913377
1.8698355
-2.9306529
2.7247913
1.8388202
0.074842304
1.2451054
-1.1838304
-0.14391452
-1.7272509
-0.5913374
1.9715157
-3.3074825
1.0760725
4.1864467
-0.07359292
-2.0232115
0.5350206
-3.75616
3.4990613
-1.3568254
-2.504539
-1.2262136
-2.725459
-2.5458014
2.7738578
-1.2087308
-0.02423282
0.28631258
3.7837338
0.5655095
0.10070451
1.5285519
0.19696715
0.5388152
2.216343
1.2258265
0.03676361
2.9544208
-0.5060945
-2.8823202
0.07074296
2.5699937
1.0159194
-2.5822072
-1.2819877
-0.035425477
1.6170923
-3.4337544
1.3082098
1.340895
-2.2690253
1.0685107
0.33525366
1.635861
-1.4291576
0.52761334
-1.1374921
-0.38112074
-1.40767
0.9545192
-0.45314357
0.9782273
1.14804
-2.2641916
3.5750694
1.6288861
0.34496683
1.743081
0.44157815
-0.6916963
-0.25292408
-1.1546308
0.67501736
2.949093
-0.64059263
2.3635364
-1.0213604
2.509217
-0.46844614
-0.016973775
-1.7285864
-2.0428975
-0.96652985
2.7115848
2.0400817
-2.7546506
0.63387185
1.0817696
-0.87941265
-4.0363455
1.5413083
0.5359714
1.6958151
-2.1334796
-2.4685934
2.544344
-0.87072796
0.17394572
1.3825397
-1.497953
-1.5453513
1.982539
0.23665872
0.16103208
0.088242434
-0.31147075
-3.3871522
0.36578602
-1.1644466
-0.6601611
2.33605
1.7239016
0.7711541
-3.0055008
2.624578
0.18249479
1.954316
3.8404503
-0.05997227
-0.8805127
0.50625646
-0.15667906
0.41550332
3.6294777
-1.7459447
-2.1020489
-2.4510064
2.0766115
1.0979251
-2.9740171
-2.140526
-0.183965
1.052618
1.9684399
-2.448958
-1.2680143
-2.0914724
-0.9016895
2.3255177
0.54897434
3.0983715
-2.3356175
-1.6811067
1.6836418
0.1271663
2.160223
0.21107015
-2.6636372
-2.2433288
-1.0345258
-2.983152
3.7734919
1.8862885
2.4487572
1.5880059
2.7567737
-0.7140444
1.3404613
2.1060262
-0.74065197
-1.499882
-0.8634694
0.5517858
0.5712089
1.4572117
-0.046973005
0.85829264
-4.4464145
-1.8662176
-0.28368914
-1.4486705
-0.22202955
1.7000198
4.3304143
2.1905155
-0.38471606
0.86517566
-3.4606385
-0.48014086
-0.8203276
2.8953528
-0.30093455
0.23557197
1.3394222
-0.7906922
-0.4284491
0.4711212
-1.3656123
-0.29988596
-4.3643255
2.8428116
-0.5234457
-2.5723567
-1.1284504
0.75255394
1.9273126
-0.30543792
0.8444568
-0.15834977
2.1253092
1.4852659
0.70799714
0.7766134
-2.004384
0.46775615
-1.1891125
4.1810856
-0.7129488
-0.96556616
0.35486087
-1.5307755
-2.091774
-2.5905085
2.7271538
-2.120106
2.8400402
-1.5260895
0.2349762
-0.092648946
1.5571121
-2.4275935
3.4252121
-2.3453913
-3.1127539
-2.2450137
-1.0295719
1.1009164
-0.4250452
0.13007541
1.9272448
-1.6111008
-2.590099
0.5617692
-2.5326116
1.303442
-0.8209188
-2.4218695
1.2592814
-0.9952955
4.1050057
-0.9930605
-0.6292839
-0.06326147
-0.06491653
0.015988402
0.21177042
-3.3027961
0.04815747
-3.457094
-2.619405
-2.6321967
2.7984223
-1.4574212
-1.8513781
-0.9513003
1.2026229
2.1974976
-4.347887
-2.3450062
0.5786588
1.3502066
2.8234968
0.37847713
0.75408536
0.6789786
1.2896538
-0.6292103
-3.3511052
0.024109058
1.2422702
-1.1299745
-1.0534078
2.5235014
1.0233079
0.73135906
0.9148127
0.9069538
-0.03475882
0.10155026
-3.2376888
-3.5298774
-1.2809662
2.8381426
-1.3079933
0.39253765
-1.4705832
-2.988072
-0.42149076
5.5794706
0.44384158
-2.019959
3.363287
1.473967
0.7478719
2.9435453
1.1167604
-2.5451324
0.7969702
-0.098040156
1.5950344
1.896284
3.980983
-1.9995174
-0.7793891
0.27602547
-1.7518234
-0.8859998
0.7585925
-0.20310211
-2.3856409
3.8069234
0.21364218
0.051007055
0.6273076
-1.6383325
-0.4321246
-1.8723625
-2.0600944
-1.2753826
-2.205436
0.72597516
-0.62455875
2.3453898
-1.358974
1.3442657
-0.38290817
-0.18460071
0.73507047
0.4673647
-0.8364233
-3.2077136
-0.59554446
1.0602881
1.1630422
0.7522629
-0.57022244
1.7749099
-2.5988362
-2.6105464
2.070822
-0.42563862
0.18736832
-2.5794997
-1.5524638
-4.4537234
-1.9853936
-2.4317977
-2.554973
-1.1051466
-2.099203
1.7454159
-2.2594595
-1.8943833
0.6293462
5.3590274
0.9936291
-1.2884542
-1.4154557
0.28088996
1.0885369
2.0067716
1.7208209
0.14270255
-0.89156735
-1.1212095
-0.43728292
-1.7182798
0.8608242
2.3351352
-1.0903634
-0.07362801
-0.69701976
0.78462416
0.39293402
-2.4476585
3.7617712
1.173063
0.97134
2.2639716
-3.3907313
1.1721601
0.6177574
1.7650231
2.3865454
-1.6435715
-0.4249553
-1.6774889
-0.105385855
-0.154773
-0.67936224
-1.8419694
2.9116032
1.9269925
2.8655267
0.6310852
-0.6888398
3.8166761
-0.2379528
-2.2586424
3.0772016
6.4025908
-2.2007523
0.88531685
3.941181
-0.03676796
2.1800044
0.63526005
-0.53057355
-1.8448708
-4.2936187
3.0912325
-0.4821076
-0.64793146
-0.43405983
-0.7602106
-0.39440978
0.58101016
1.8796966
-2.2318196
0.11729203
1.8221422
1.8240986
-2.1901326
0.32838058
-1.2007382
-0.15825751
1.3105836
2.8546698
1.3567162
0.72871256
-0.98357093
2.2113059
-2.6752148
3.8541465
-1.3213657
-2.4292917
1.6705204
-2.349904
0.4833705
-0.16028005
-2.8036292
-0.20618826
0.27755085
-1.8901364
1.1736981
1.5567442
-2.1689663
1.9572009
0.79561883
0.49582565
1.541506
0.5946249
-0.93054
-1.6984075
-2.7994983
2.8903441
3.261359
0.90283537
-0.31236306
0.5803323
-1.195112
-2.778655
-0.14335664
-0.9670951
1.2744468
0.5153203
0.5948917
2.7284286
0.53180784
-1.5432304
-1.501682
0.78214204
2.3276439
3.6525955
1.105439
2.0709252
-1.006426
-2.5105057
1.1239448
0.22627011
5.6119046
-1.7047111
-0.19035634
1.4339054
-0.45677584
0.8724997
3.195508
2.3901157
-2.8867826
0.8885337
-2.5660744
0.12650043
-0.47844678
4.4475565
-1.7154878
-0.36839256
0.80855685
-1.7624972
-1.0467457
0.16527236
-0.18562207
-2.1019788
-0.2449539
-3.07811
2.36229
0.24772024
-0.49032795
0.52679443
-0.08487008
-1.1781285
0.16957858
-2.0236053
1.9846386
-0.121170096
1.0787597
-0.29094324
-1.2950077
0.13199767
-1.766034
-0.6538291
-3.7773771
-1.4328487
-0.034536052
1.7903943
2.3563254
0.49886173
-1.3932744
1.1863242
-0.36920124
-1.5808539
0.44455767
4.113375
0.4466848
-3.7764354
-1.0833013
-1.3199441
0.18422961
-1.8946106
1.3284965
4.242833
0.038440775
-0.85394275
-0.3439324
-0.93388796
0.98455167
-3.1296716
0.2903854
0.37052116
-1.1196122
-0.34198096
-2.294233
0.026342914
3.838011
1.2035367
-1.2167051
-2.3016694
0.90055
2.5166392
1.0647262
-0.12414242
-3.1150029
-2.9222744
-2.408093
-0.098678045
1.7818023
-4.268004
-1.017135
2.201672
2.274588
4.198331
0.7926411
1.2629081
-1.1195999
3.0597472
2.0153003
0.4670335
-2.9311616
-0.52013814
2.0464942
-1.5700965
1.1860353
-0.9610507
-2.2710378
-3.4407964
1.1884524
-0.8684735
-0.37811935
-0.8666357
1.0289979
2.3691297
1.1835719
-0.40578604
2.2825084
-0.14533514
1.120896
0.22904448
1.7085373
2.3514113
-2.7172835
0.40416163
-1.2827128
1.6190752
5.1068034
-0.70460784
-0.09850445
-1.9490862
-1.8058857
1.0223128
-1.0912195
0.05990985
1.0314796
0.5808115
1.3944342
-0.030016042
1.7992077
2.1844192
0.97639513
-0.16785079
1.4819742
0.10315964
-2.6382136
-0.54621637
-1.5756161
1.3350288
-1.2548336
-0.045453016
1.0310402
-2.1779103
-0.12130923
0.058103085
0.21380733
-0.25713655
1.6429605
-2.0660374
1.7152959
0.28695577
1.7153968
-1.0024967
1.0938231
1.9560332
-1.2009791
0.1776789
-0.54112035
4.9085054
-0.3818774
2.8967476
1.9067572
-1.5701017
-3.02321
-1.9850975
-1.2428987
-0.32461065
2.4436424
0.38097626
-0.67544675
5.1470747
0.79999125
-0.3380811
3.5435348
1.6995873
-0.34047574
0.6491309
-1.1317768
-0.4213892
0.2696821
0.5975044
2.1433136
-2.526373
-2.4029853
-0.16931179
2.1755135
-1.2872391
1.1388811
1.5152043
-3.9920073
1.6087924
1.2370927
2.827837
3.7281015
-2.311551
0.30135363
-2.6268976
1.257697
3.725876
-1.0936106
-2.708168
-0.33638978
0.17221613
2.2850168
1.2165806
1.1577984
-0.4242478
-0.46336508
-0.95210737
2.7079265
-3.016334
0.55874795
-0.66192704
1.8729552
-0.77770585
-2.2849321
1.6371536
-2.3650954
-1.3292999
-1.4149941
3.4293425
2.7711215
2.2283177
-1.500672
-0.54448265
-0.95537364
-3.0198252
-2.5989807
-0.4031347
1.2694803
2.620472
1.449862
-1.6200473
-1.622588
1.691733
-3.3201034
0.8240884
-1.3628225
-1.979437
1.7202842
-1.4428724
3.6933792
-2.295066
1.0705748
-0.12807864
-0.034733422
0.26091164
3.3166604
3.3993652
-1.8464671
2.4240246
-2.5010853
-1.9401908
2.3144646
1.5914261
2.201884
-3.7812247
-2.1955326
1.5336002
-0.4322592
-0.46264902
-0.65771645
2.3208938
-0.41280702
0.78719234
0.8370944
2.2407851
0.88862365
-2.385574
3.0370407
2.6632886
3.7648578
-0.07115806
-2.0643196
3.839147
-3.912922
-0.23755524
0.8151265
0.060682893
1.648282
1.958015
2.5890903
1.1770364
2.3195384
0.58366543
4.680526
-1.0168554
1.8212287
0.009486582
1.15193
-0.029624335
-1.4858769
-2.3196218
-0.17921947
-0.90225863
-1.1363459
1.500429
-0.69734836
1.0950768
-1.6663269
0.993286
1.470822
-4.0295124
-3.015263
2.061036
0.82881653
-0.2158706
0.29017097
2.0581253
-0.9601729
-1.6025873
-0.27538484
0.33782393
-1.4676725
3.6065516
-0.9250092
-1.3534176
0.07567945
0.19342798
-2.4453077
-0.69295174
1.7971491
1.5969688
-0.91602933
3.8625927
0.99858695
2.3904474
-1.2283396
-1.9587722
0.9177295
-3.827811
-4.113699
0.6635375
-0.31689242
-0.5909037
-0.36418527
-4.92098
-2.4880638
-1.2904109
-3.5161586
-1.7019132
-3.4195561
2.9687576
-0.45999372
-1.5603911
3.1824372
2.922322
1.1484398
1.7262573
1.777697
-4.078369
0.7893426
1.0544021
1.9187707
-0.84828365
2.2871876
0.7348445
-0.77985466
-0.9059146
1.481716
1.2090352
-2.0942168
0.033419713
0.59637696
2.0617197
1.927774
-2.0347362
-0.9622219
-2.1769073
-0.1714648
-4.1386905
-0.5482411
-3.846048
-0.21265683
-3.3147666
-0.71861607
-0.8713802
-0.49223807
-0.1834563
1.9839736
-2.2647362
-0.060173687
2.891913
1.1552752
2.4158483
4.764493
1.3502753
1.7908889
2.3524055
2.640765
0.92612815
-0.63573134
-0.4213548
-0.2641245
-1.1320364
0.8610259
1.750863
-1.4334403
3.0697596
1.3752027
1.1850082
0.41006148
-0.56318617
-0.52666235
-1.3423932
1.9389704
-2.6633255
3.5337696
-1.9375755
0.8680481
2.1000314
0.82044935
-0.83549535
-3.5296798
3.5414312
5.593997
0.08909023
-0.7722773
-1.2894306
-0.7309498
0.30459276
-1.5274568
0.42603073
0.40892565
0.3592175
0.6528702
-0.16053706
-0.06623444
0.10423981
0.23088813
2.765313
-1.229346
3.2915413
0.20795605
0.51620865
1.5849537
-2.4941254
-1.8103657
-0.41085553
1.3458356
0.851681
1.3131808
-0.105222605
2.2009177
-2.4359941
0.044694018
-2.7271533
0.72725874
-1.0816977
-1.1913949
0.2633298
1.0149986
-3.4883928
2.6998324
-0.069971845
0.64435506
-0.15983109
-0.021373026
0.04952077
-0.2811296
-1.610396
-0.66040206
-2.0014424
-2.3715076
0.5004041
-0.7535927
0.44500035
-2.249568
-0.2296302
-4.274611
0.3781669
3.2696426
1.2840801
1.2882326
-0.5253364
-3.967007
0.08130373
1.5910996
4.039937
-1.7590997
1.8392851
0.22811656
0.70526487
0.06189318
2.8684473
1.2348188
1.2270417
0.3374732
0.337532
2.269033
0.37546536
2.0928032
-0.35287336
-0.87948203
0.5754169
-0.047657624
1.0656366
1.7019757
-0.3491744
1.4403377
-1.8441508
2.4050374
-0.9443079
-0.62463164
2.2379045
-0.03976487
3.5452828
-0.012281112
-0.9161794
-2.3247538
-4.443895
0.5125904
0.029236726
-1.6279271
3.3851187
-3.3688593
0.10799511
1.5591958
0.8129127
1.6725184
1.6859847
0.9885169
-1.9259639
4.7391467
-2.1176805
1.0497997
0.65696657
-2.3616452
-0.9226945
-0.7751074
-1.7759304
2.2992997
0.33284754
-0.5861464
-1.1251899
0.03538996
-2.4122016
-2.9209545
-2.0213413
-4.5046926
-0.5723962
-0.5769753
-1.6245828
0.53765213
0.12937841
-0.2433103
-0.825415
-0.6368311
0.55268985
2.776662
-2.7150185
0.061229132
-0.72194624
0.016725525
-1.5308521
2.0279307
-1.6443273
0.8895843
1.5839417
-0.46015364
1.2295184
2.202071
-3.3282404
-2.1557007
-3.3306985
1.1305963
0.37013978
1.062244
-0.5708703
-0.29038545
-1.8633956
-0.22940043
0.38866627
-2.2344978
1.3411124
-3.2429676
-1.9957404
-1.6526245
-2.1605327
-0.019928798
1.0538504
-3.5377064
-0.28419727
-1.8660498
-2.078585
2.213913
2.8402145
-0.5758077
-2.326131
-3.2134862
-2.7562659
1.869799
0.97846025
2.962914
-1.5174209
1.2612664
0.8573783
0.9301215
-0.07309127
-1.0453454
1.2313559
-0.47698393
-3.5091703
0.3291292
-3.4393287
-2.127786
2.3082664
4.6582966
-2.2068403
-1.6167606
-1.1302305
1.3761572
-1.3343717
0.6805025
-1.249565
-3.6863549
-2.218776
-3.6020136
-0.7008922
-3.6176558
-2.841177
-0.6013722
-2.5976357
3.2248373
2.4878345
1.7081804
0.874253
-1.0937221
1.4437263
2.7517436
-1.144324
-3.5330138
3.0175426
2.1547194
-0.27540267
1.5152808
-1.1744925
1.4985403
-0.76673025
-3.711893
0.2232941
0.6697319
-0.075812384
0.14044228
0.820907
0.52619874
-1.8448408
4.182761
3.2241657
-2.1879086
-1.2592918
-0.99386734
-2.4926898
-0.73099595
-1.021742
0.64654875
2.0482616
-1.0378588
2.8652213
-0.1932084
1.7484889
2.186983
0.054737344
-2.293329
2.7910938
-1.2254559
1.479771
-2.538006
-3.9485364
-0.20606208
0.18177064
-1.7209089
-0.4125816
2.137521
-0.6312234
-3.6422122
-1.5251712
1.3891958
1.0252916
3.0376148
-0.8738721
-0.6933402
0.09981788
-0.76718193
0.37214997
-0.8735499
1.0690967
-0.72639483
-0.64583355
-2.4810123
0.59792906
-1.5946573
-1.0997155
1.7773823
-3.1772685
-0.4781251
-1.2672865
0.8838626
3.4769893
2.5510433
1.1382384
-0.68514735
-2.2640798
0.9775144
1.8884354
0.916903
0.5545991
2.9115763
-4.0403867
0.38468415
2.00202
-0.3694333
3.660892
1.2300481
-0.83867085
-5.075527
-0.6446241
3.3648903
-4.7250667
-1.0557566
-1.4304211
-0.94073164
0.4933194
-0.109250315
1.109932
2.1416724
-0.82727116
-0.3218952
0.074414864
0.6285065
1.0930572
-2.1914005
0.89331555
-1.5957304
0.85125846
0.3774194
-0.18609236
1.3026164
-0.4061627
0.107805744
-2.5001192
-1.5804638
-3.1051188
0.30899885
-0.121413045
-0.9165625
-2.277679
-0.2104005
2.564622
-0.87351936
-1.0042126
0.39936954
-3.260192
1.1878246
1.7158833
0.07659395
-2.342139
-1.4867197
1.0097848
-1.5023619
0.019400343
-0.7470209
3.2910597
2.2124279
1.0427758
1.321383
1.2663239
2.100071
1.7286061
-1.9544921
0.5630305
-0.42868927
-2.8857806
-4.236887
1.5952873
-1.2404933
-1.2414569
3.1786242
-2.2157524
1.2213628
2.7964854
-0.83349127
-0.010574207
-2.3518996
-0.6074574
2.219931
0.4787492
-0.61893904
-1.9103127
1.3223159
-0.51399195
1.6800557
3.2447567
2.468753
0.18907478
-3.1667387
-1.7570101
0.45411754
-1.7129331
-2.786075
1.1623766
-1.2444055
1.7365407
1.7945158
3.157524
-3.2518346
0.3831882
0.053678446
-2.4658287
0.008161947
2.0355597
-0.3403353
1.9975436
-1.7428714
1.3819324
-2.5118253
0.98590887
0.72951645
-3.6531467
-0.46570805
-1.7385545
-0.08285731
-0.9675558
-0.57766163
-0.26004755
-0.98478717
2.1315904
-1.1900624
-1.1265655
2.7133074
-3.2757297
-2.5821524
-3.835505
0.3191856
-0.5356996
0.19313964
2.0818214
2.5526145
-1.6014364
-0.82356554
-1.206868
1.2314734
1.7480291
-1.2609135
1.035493
1.9540616
1.3058944
1.9682299
1.4317782
-0.24751851
-0.97702855
-0.32955006
-0.64278746
1.3176526
-1.2476803
1.0400901
0.44160968
1.0236658
1.6722742
-1.7476362
0.64984727
-0.9679842
-1.6376508
-0.7375701
0.8000068
-0.9643885
-1.2466655
2.1291916
1.2202574
2.3770065
-0.13379902
-2.4444666
1.4471331
1.5772314
0.20344621
-1.3544252
1.1156906
-0.8110598
-2.7763734
1.7399956
0.80708057
-2.2126637
-0.4394486
1.9489664
-1.568209
-2.5149667
0.66382456
1.9699886
-1.9899708
1.6518557
-1.9848144
-2.5479348
-1.6462932
-1.0805383
0.25088462
0.8623199
3.2707367
-0.3796048
-1.2859371
1.296674
1.2117441
-4.7278895
-0.6979889
2.5331926
1.2931288
-1.1449517
-0.44319388
2.8673553
0.0041015036
0.2738377
-1.4367191
2.4716926
3.0483735
-1.1258756
-1.0169214
0.09379132
0.4812288
3.8659754
-0.43856668
2.002267
-3.213522
-1.8672726
-1.5938022
0.34048423
-0.8964813
-0.43242288
-1.0584408
-0.6901556
-0.20964257
0.88296115
-1.8510673
0.53321695
-1.794742
0.22552729
4.026448
1.9312296
1.6980675
1.2065309
-1.079918
-1.1733245
0.027199201
-0.6081199
1.5814371
-0.28894937
-0.6645006
0.07982938
-0.6503919
-0.98160255
1.4855651
2.21751
3.331446
-0.12791005
-1.357051
-1.9116563
-0.33935648
-1.4700032
1.6367486
2.7291589
3.200129
-0.27406532
0.3904214
-0.24607718
-3.7843866
0.084753595
-1.9551271
4.3712573
-1.1389252
-0.21321401
2.8658383
0.30012488
0.45350415
2.5750003
0.24964273
-1.3803654
-1.1778563
1.0535353
3.639132
1.1045197
2.1868825
-3.1742046
0.10596504
2.1525128
-2.0428607
3.6410866
1.3519258
-2.820503
-1.5021085
0.49477112
1.2209843
2.8072283
2.301544
0.68500954
3.740286
-1.5691104
-1.6126039
0.9137359
2.3558161
0.7903853
-3.1390443
1.1469378
-0.9736026
-2.0073726
1.5891031
0.63711643
0.9258888
0.3036727
-3.137558
-2.8811977
0.2565605
1.19252
2.6089349
1.7528577
0.7785442
2.112818
-0.701354
-0.2921138
-1.8928368
4.238065
0.14800866
-0.16416305
-1.1275105
-2.2255538
2.5017505
-1.18377
-3.5268512
-1.5083367
-3.103113
3.114923
2.2323155
-0.8880571
0.93679667
2.3585134
-1.8101233
5.3725696
-2.5680337
-1.7700012
-0.91205645
-0.415034
-1.3172283
2.3120053
3.5734098
-0.50707465
4.1126246
0.034406222
1.254549
1.2361964
-1.0835724
-0.9956944
-2.1357548
0.7335102
0.6773515
3.1876347
-3.660888
1.2222286
3.6364102
-1.691527
-3.3417785
1.1720836
0.16951051
1.6174245
-0.522496
-3.289502
0.26889613
0.7639048
-2.6544414
-1.0024391
0.004419476
0.8930538
-0.6200314
2.7559597
-0.6275798
0.60825187
1.6698895
-0.9022653
0.74038035
-0.4520237
0.36101413
-0.4863014
-0.869668
4.086675