Nesa
1
-0.5126019
-1.5738187
-1.201712
-2.2898269
0.12353097
-0.57446086
2.7817104
4.049676
0.48151565
-1.1231054
-0.63415945
-0.49491313
0.62178445
-0.52852565
0.80391806
1.39195
0.19727139
2.4123957
-1.5514154
-0.28004605
-0.13557172
0.13863462
-0.06029919
1.2729602
-0.17819104
-0.963639
-1.4267299
-0.42496926
1.1586945
-0.3885447
-0.5416622
1.338604
0.38825774
1.9228914
3.9097724
-1.57238
2.1808994
0.37396985
-0.047194205
-1.7230846
-3.37454
0.07470648
-0.4350778
2.5496917
-4.3337355
0.58618283
-0.020890474
1.128795
0.7778061
-0.6226607
0.24213839
-0.18649742
-1.6385442
0.44930306
2.6072376
-0.98913276
1.1443591
0.26942655
-1.3999231
0.04998409
1.1935239
-2.1081612
1.0198599
0.92348284
-2.3102472
2.8025298
-2.839662
1.6548871
-1.7300942
-1.7497677
-0.48665926
-0.27308458
-1.1833799
-0.06544222
-4.7222295
-0.27159274
1.4039555
0.75024194
0.5574984
4.804983
-0.990767
-3.8597393
-0.116834536
1.9103769
-1.9674267
-0.83128715
2.0507388
-2.7359283
2.8470366
0.26058245
-1.3157363
0.21485065
-0.98536235
-1.3005029
-0.11002441
-2.8556015
-4.826666
1.1995524
-3.932344
0.43185586
1.2308993
0.75538
-0.8914452
-0.45535848
-2.2246485
0.52613485
-0.02391094
1.1332651
1.151207
2.8096755
2.747168
0.7286505
-2.1239586
0.11407879
-2.615908
0.75502104
-0.74201477
4.16262
3.3344316
2.2085268
1.2676287
0.5938482
1.1889701
0.23569474
0.69602764
0.5717108
0.37426534
3.8785527
-0.04283674
-0.8956421
-1.8103204
0.17522195
0.6268945
0.45392337
2.5945308
-0.07545034
-3.5941248
0.7807409
0.5972353
-1.5996964
-0.61554694
2.6600645
1.8566518
0.05955036
-0.43782786
1.0635854
-1.4344043
0.9852374
-2.229827
-3.6456923
-3.8592227
-3.3364413
-1.4156193
-0.23068094
-1.2782155
-0.5927304
0.21989071
1.3530015
3.2074227
-1.946645
1.5903925
0.008430801
-0.9051572
1.4643998
-2.5512872
3.2415972
0.37400016
-1.0709269
0.49680796
-2.2517676
-3.0156527
1.0828128
-2.3225496
-3.32403
1.8569216
-1.9985986
-0.77141505
1.5880013
-0.38322616
0.32966682
0.2104164
0.45913613
2.695862
-1.9357185
-1.2926016
0.48941186
2.02361
-4.737195
0.1227327
-1.0366186
-3.8865104
2.0194573
-0.8060956
3.627212
-1.0980061
-0.19630358
-0.24699244
-2.736085
0.44197318
2.2464395
-1.9475621
0.34804264
1.5292437
-1.9122385
1.0697044
0.7403397
-3.6136847
-0.6881073
-1.8399994
1.74122
-3.0565934
-2.3830404
-1.659962
0.35221195
-3.1539023
2.5808494
-0.7272141
-0.7548586
-0.7516826
-0.46713838
-4.7553215
-0.59701496
-1.0726861
2.6343946
1.9461069
0.53811103
2.3500924
0.8271319
2.3441992
-1.4321338
-2.072727
2.007224
1.2174338
-2.1440003
2.7455428
3.3788824
1.2905054
1.7783266
1.5656095
-0.9519904
-0.43425995
1.0748037
-3.0263753
2.2843087
-0.5572933
5.6030593
4.0870476
0.35453436
2.2056289
1.0148513
0.924051
-1.3000041
-1.1342964
0.005901292
0.83610946
-1.049601
-1.9798657
2.139669
-0.15846902
-4.4762006
0.28897482
1.3131074
2.4000857
0.38288158
2.471819
-2.445289
-0.22180946
-1.9350063
-0.5624844
2.262656
-0.6573269
-0.7430633
4.706954
0.9139504
3.0503294
2.7665753
0.27244756
0.075327635
-0.65414786
2.292209
-6.4716363
-2.4234433
0.66812193
1.7012346
-1.9171618
0.67830265
1.4988526
-0.639943
0.18760855
-0.6966243
-1.0021589
-1.0162776
0.69111085
-0.39897466
2.6284213
-0.40586236
-3.566161
3.0841029
2.6471336
3.692239
0.46668124
1.748036
-0.16649127
1.7720717
1.0225031
0.46871746
0.03321086
-1.459571
-3.2537358
-1.7654282
-0.9181475
-1.28055
3.3829193
-0.089636885
3.259736
-2.129343
1.4312526
0.2676009
1.495521
4.9742937
1.6920396
0.07059364
0.29261926
1.366761
3.3386536
1.5195863
1.632837
1.7208203
-0.8622544
-1.7302815
0.8306875
-0.07847982
1.8884581
1.1601254
0.5622234
-0.19112945
1.2862556
1.0545534
-0.030062757
0.28613183
3.7505116
1.4322206
0.49589655
2.0883293
-4.8092947
1.1032479
3.3408475
3.2587209
0.21905592
0.9689367
-2.119672
-2.113931
-1.7810688
-0.9195994
-0.7463576
1.9608169
-2.561171
1.7728055
-0.17766733
-0.95695174
-1.5592338
2.5167682
0.6474059
3.1351314
0.68590504
-1.31142
2.896056
-2.6232352
1.5109864
1.6372267
1.7451075
1.3075842
3.0446517
-0.10490701
1.6426666
-0.39254895
0.85282016
0.49715358
-1.08304
2.042772
-2.2546556
2.1503725
2.579745
1.3499839
0.22827971
0.39465097
-1.3624405
-1.355152
1.3945452
0.91087675
0.5258174
-0.5299898
0.72176415
0.17316535
-0.6499206
2.5687132
-0.010079734
3.0004702
0.6774788
-2.6806972
-0.40619266
4.0399904
1.4684258
-0.7500607
1.4222475
-1.3315102
0.410218
2.662868
-0.9074477
0.47800326
2.2952282
-0.7067027
3.928271
5.145765
1.5861514
0.28018925
-0.5800434
3.7698817
2.562512
-1.7639437
0.96058697
-0.6737706
-0.14158201
1.4006175
3.1707113
2.8290124
-1.7045671
-1.6231953
4.1688814
-1.5425698
-1.7366239
-2.1960366
-0.6300795
2.1541057
-3.1027398
4.8342595
0.9091712
3.8113346
0.078699574
-1.4612743
0.95604295
-0.8599091
-3.5539265
-1.1361539
0.92714477
2.5694873
1.5489938
-0.8635178
-0.86932456
1.8977069
1.3146665
0.46917427
0.019859456
0.7387702
-0.080566846
1.2353839
-1.7731448
2.7457826
-1.9122139
0.8681682
-0.3340013
1.2087127
-1.4410096
-0.9141362
-1.5658265
-1.8493946
1.0612537
-0.72906744
1.0609025
0.40562278
1.5218024
-3.2834458
-0.30944276
-3.257757
-2.165982
0.80139863
-1.6169306
0.6054823
-1.34395
1.241141
-1.8566777
0.89925337
3.5346503
-2.2920709
1.5907005
-0.012841012
0.3014281
-2.3074756
0.9411797
-0.8227982
-0.61304086
4.4671135
0.88674015
1.2317432
-0.26807797
3.4550483
0.44367722
1.4187156
-1.9784178
-2.6242685
3.85861
1.6683103
0.3443593
0.9455364
-0.99270046
3.1568434
-1.4185772
0.027032994
2.6122067
-2.6734118
2.1755364
0.06641884
2.0259626
-0.31587487
-1.0480856
-0.9228377
-1.9550303
2.243406
-0.5483591
0.57481307
-1.1611552
2.611971
1.0227556
-2.5346413
-1.973973
4.5377216
0.17518845
2.3968186
2.60636
-0.30217227
-1.1940858
0.009781428
-0.5590396
-1.3337635
0.8640971
-0.06939753
-1.5897765
-0.90550184
1.1857344
-0.80491024
-3.2587028
-3.760481
-1.1642748
0.8675212
3.4164753
-1.3563687
3.1018896
2.1230054
-1.1526248
2.864156
-0.54350096
-2.2383683
0.9505744
-2.6956944
1.6480778
1.2157514
-3.2730799
0.25792015
0.46061814
-1.2445729
-0.31009448
-1.2481185
0.28636956
0.9078609
-3.8946157
2.0879111
-2.2377942
1.6812838
-2.0603538
-0.451791
-3.710879
-1.2059516
0.8237699
1.2993606
0.9659843
0.3577865
0.023922212
-3.4377458
2.1780407
0.44273067
-3.6377232
3.5979953
0.15832046
-0.15748954
-1.0786405
2.636805
0.9992487
2.1721125
-0.2177673
4.6105895
-3.043789
1.2352301
1.9078023
-4.883934
-0.51084536
0.5175639
0.6071638
3.089967
-2.2213604
1.4928157
-1.3351729
1.6659319
-2.3395388
0.005903527
0.42733374
3.329226
2.6179252
2.818355
-0.6079279
0.48978055
-1.848605
1.5660038
-0.63511014
-0.75702995
-1.4585975
-1.0246241
1.7208663
-3.3533988
2.1499302
-1.0832312
-2.8842492
-1.6532258
2.558903
0.8750498
2.1694646
-2.710362
1.7805253
1.9933069
-0.4852289
-0.97461075
2.9046957
1.7424134
1.0450882
1.2925123
0.47146028
0.84435713
2.5754502
-2.0633204
-2.291527
-0.66971076
-1.1120088
2.3418264
-0.8906769
-1.2822678
-0.11702475
1.0012403
0.84002054
-0.4579737
0.34998894
2.851712
0.77357954
0.60889536
-1.5467647
2.0232108
-2.610706
2.0239556
0.79155415
0.2335586
0.096007176
0.52506864
-0.38183525
-0.97893804
0.70811963
-4.162572
-3.0946882
2.07405
0.41582906
-0.5864518
-2.2843573
0.58497345
-2.890857
1.5659027
3.5733109
1.0533519
2.5689006
-1.6181778
0.11330642
-3.5678587
-0.15759517
-0.0065805763
5.3034525
-1.148819
4.6233354
-2.5455809
2.458815
0.9869599
-2.3227124
2.6622534
1.1879392
-1.5023378
-0.02231516
-0.6290627
1.3995922
4.4563155
0.05144499
-3.121477
-1.4161177
-1.0691001
-0.56038916
-0.98656
-1.2936087
0.92119455
0.12645179
0.24963337
-4.1911144
2.4307044
-0.73563415
0.7746468
-1.4975255
-2.1333437
2.654174
0.23185575
0.82798713
0.072962
0.80335015
0.6028323
-0.071249776
2.9507258
-0.11864247
-2.486494
0.5146979
0.12921056
1.809358
2.0002964
1.1085044
-3.1503143
-1.3186283
-1.7588515
-1.2415097
-2.4836583
-0.32113796
0.73805094
-1.3504579
-1.158957
2.5275881
0.98132837
-2.0108166
-0.23371759
-0.8611486
-1.2813832
0.5052993
-1.4106257
1.8012305
-0.516583
0.83093786
1.3105999
2.7480564
3.0653481
2.761017
-2.3891685
2.5346937
1.6459383
2.5589542
-0.45685974
1.1432204
2.9643288
1.2907542
-0.9448146
-1.4387213
2.1014087
-2.4016078
0.24386209
3.590794
1.1740988
-5.269551
2.6069999
2.7825067
1.4048736
-0.8097776
-1.0508472
-0.59454757
-4.0418377
-0.9250572
-3.0310674
0.97681475
1.7182457
-1.2298028
-1.5496976
1.741597
1.3418308
-0.32869023
-0.17910922
-2.1547241
-1.8729682
-2.852436
2.884284
-1.8215381
1.5362861
-0.19751689
0.22647141
-1.3062533
-1.3276252
0.6752264
-2.2233067
0.60615546
3.2407231
-2.1405072
0.10781376
1.1195103
-2.5306983
-1.2165614
-2.812412
0.2486057
-1.4573246
0.33473057
1.5227143
1.5473974
-0.82459503
2.4784827
2.6763918
-1.6529661
2.0811694
-0.7384704
-1.7636552
-0.41004336
-0.5390429
2.9380252
-2.2904484
-2.1939716
-3.4963086
1.8188264
1.062291
-1.701432
0.21136355
0.6039213
-0.9622524
2.9508529
-1.1004237
-1.0107368
-1.7443445
1.7791
1.5004957
1.4761171
0.60873204
1.598799
-3.9772367
-1.7462257
0.9183148
-0.27761692
-2.2715397
0.59881085
-3.4395366
0.45967305
-1.0529611
-0.036182523
0.34612194
-1.8387562
2.2328892
0.37844306
-0.019606218
0.47660714
2.3182755
-1.3013169
-0.33935076
0.19043395
1.6038518
-1.0886512
1.9188477
1.336319
3.0554333
-2.6610856
-1.9253263
2.6055954
-1.1710193
-1.0201446
2.0870938
1.2014345
3.7985902
1.7405837
0.34375015
-0.9770717
1.2025082
2.105623
0.49524838
-1.6578636
2.2057807
-1.6051031
2.268322
0.08514438
-1.7561207
-0.6723615
2.5310645
0.94702923
1.6667789
-1.648189
-0.41055983
1.5008913
-1.3777769
1.3964607
-2.1273105
-1.3620266
-0.005944088
-2.9962676
2.0430841
1.5824615
2.3309283
1.0610957
-1.2049583
-1.66638
0.83902794
3.0849373
0.24726824
-5.5060024
-2.300498
-2.0285382
-1.4881873
-2.1937993
1.5602059
-0.102983765
0.2632491
3.3764927
-0.502345
0.14405447
-0.16388139
-2.4058635
-0.27862912
-0.77597845
-0.18105835
0.8836952
1.0736543
0.02754166
-0.46600527
-2.7646601
-1.1297764
1.6765442
1.82127
-2.2339559
-1.1357913
1.2151512
-5.763418
-0.7975454
1.909423
0.17265332
-1.5037363
3.8590293
1.8306274
-1.6551924
1.618038
-1.4435129
0.98554087
-3.3296945
-1.7952459
2.09767
-3.1592646
-0.8984845
2.6121948
2.2619238
0.8254449
0.36775136
0.06324594
-3.9903219
1.8375528
0.18406543
-0.4699897
-1.6425905
-2.6920946
0.41513914
3.8758576
0.88086146
-0.051316634
0.38267213
0.09672205
-0.08891301
-0.75905156
-1.636616
-0.76719034
1.0791078
-3.7899837
0.44243327
-1.4361887
1.660546
3.6449854
-0.45764866
4.2759
-1.9059021
-2.2219794
-0.0020213202
-0.74295753
1.026312
-4.06293
1.5762734
0.3909794
0.20188458
-0.58614206
1.2396122
-4.2013927
-1.6247029
-1.5765394
3.4965189
2.3457913
-0.43921447
2.2768674
0.045691118
1.3990675
-0.43045637
3.4333096
-0.7159404
-0.31906414
2.0890858
-2.4766903
-0.7251275
-0.477279
0.7864252
1.526568
0.18127179
3.510443
-0.2937875
2.346307
-0.14887929
-2.6187007
0.9480121
-0.93704593
-0.8898162
2.9028819
-2.792349
0.34821254
0.040092174
1.2685122
0.8869302
-0.13724238
1.0391116
0.4521616
-2.995118
0.5565724
-0.6097219
0.041333817
0.80890876
2.011922
-2.1895714
-0.07034739
-2.221208
1.6286987
-0.58974177
1.178864
2.869678
-3.5847585
0.5804948
0.62524897
-0.6001253
-2.61016
-2.4320524
2.1835783
0.79695886
2.2577584
0.19236054
0.10100205
1.3416489
2.148259
-0.5597584
1.283424
0.1258425
-0.088634826
-0.88129115
-2.4307451
-3.9389524
0.5709645
-1.2285662
-0.07055398
1.8952533
0.2015079
-0.98299754
-1.3718898
0.6358222
-0.3718533
-0.2213439
2.8638349
-3.5514026
-1.0617511
0.29674876
-1.0722184
3.9072506
0.185294
-0.49044335
-0.5446416
-0.9186243
-0.34957653
0.72213006
3.8503249
-0.43491545
-0.066704534
2.025168
-0.30352303
-1.8168763
2.8168135
0.3984179
-3.4724216
-1.0238724
-1.3441795
-0.41466704
1.8761742
-1.3276699
-0.3926229
-1.761516
0.10158634
-0.9870851
0.4230643
0.8166695
0.06285182
0.79268605
-0.65680355
-3.271518
-1.0729902
2.6631336
1.5990326
0.5136419
-2.4646971
0.38340122
-1.2499514
-0.58190215
-4.012062
-0.008889832
1.8042494
-1.7551938
-1.4361191
-0.46387368
-1.5840869
-2.3852844
1.3759588
1.7627845
-3.2096198
1.3916645
-0.7653443
-0.39526144
1.714208
3.2713742
-3.477137
3.5780075
-0.11500151
-1.9366634
2.4723632
2.4054122
-0.58634317
1.5040783
1.3516868
-2.2651553
-0.32221028
3.6681018
-0.3368252
-0.7114719
3.0987272
1.5001805
4.9305954
1.5183661
1.6731095
-2.52027
-2.025383
-1.5495892
1.7696152
-2.7928572
-1.2899538
0.42402256
1.175063
2.0296612
3.1231241
-3.7325861
-0.9551127
-0.63540226
0.26568043
3.747148
2.1540563
-1.5361681
-3.3403802
-2.0438712
0.035277646
0.91061854
0.5285934
-2.634319
1.6038101
-1.2849823
-0.24511072
0.19496062
2.462449
-1.4934508
-0.9899785
-1.1098573
5.9905376
-2.7663805
-0.060568206
1.8690249
5.7932982
-1.109105
1.040951
0.71596307
0.7759645
1.0936697
-0.9824659
-1.3769467
-0.51987267
-1.8191267
-0.7423522
1.9488391
-1.0647701
-1.4515047
-1.2449157
1.5965478
-3.238561
2.951822
0.4609511
1.7722052
1.8407189
0.834131
1.1194311
0.2395902
1.071197
1.8814393
-0.6740491
-0.27475476
2.7604535
3.1885273
-2.1013155
1.2599255
-2.0680223
0.27145678
2.2897954
1.3245704
0.5313757
-0.27543637
-0.3445503
0.32907704
0.7452543
3.4423838
-0.38801605
-0.4321926
-3.0107121
2.3620806
-1.1175983
1.7576643
4.4081893
0.681195
1.8274853
3.9996777
1.1990654
-0.7798027
-0.9637281
-0.33286956
-0.51600635
-1.1458437
2.052011
2.1555998
1.7323413
0.4945502
2.3283324
-3.163061
1.5897967
-1.5678461
-4.2670217
0.6814519
2.1593394
-2.3001273
-0.28520316
-1.9214385
3.3149326
0.90475
-2.0010054
-4.513226
0.11739717
0.26348865
0.1383399
0.4538545
0.36855218
0.38672733
-2.087337
3.1957066
-0.006807603
-0.8621144
-0.89754647
0.056629628
-1.0081776
0.42974603
-0.21061233
0.9900338
-0.6127203
-5.3165035
4.4980226
0.5210462
-2.0989277
1.8668154
-0.89055073
-2.0957441
1.7987778
-0.50187916
1.4910136
2.2444515
-0.57255596
-2.5379503
-2.2397587
0.473173
1.4847239
0.35230774
0.6338058
-2.1374514
-0.2929526
-1.283714
1.405173
0.33629495
-0.26274395
0.77407426
1.2509567
-4.205916
0.9554683
-1.035959
0.650754
1.6662413
-2.5421822
1.3185356
0.3506403
-2.5906124
5.591231
1.4699781
-2.5027483
0.32683206
-4.985924
0.4562809
-2.2577019
-0.3474955
-2.3405178
-0.38319683
-0.13724318
0.8481209
-0.6271142
0.579304
0.45470288
-1.7249008
-1.0544038
-1.2024335
-0.24053317
1.3123372
3.108942
-1.9730011
-2.0766487
0.08354378
-1.629044
-1.4288071
1.2462034
2.6650338
1.3010898
-3.7767792
-0.44599053
0.21387911
0.24105072
-0.75714016
-0.5375536
5.0873475
5.2818213
-0.025863077
1.0172498
-2.0201337
2.4257534
1.6010178
-0.17398869
-2.283406
2.304815
-5.5928655
-0.64712745
-1.1016914
1.676293
-1.2983099
-1.0870941
-0.8010285
0.9233047
-0.6892604
1.7931377
-2.8265364
0.0007187091
2.8502383
-0.4770258
0.2427319
0.9326363
1.8597311
1.4026592
1.2893118
-2.2940276
2.0036433
-2.478134
1.7392119
-1.2292485
2.7654607
1.955446
-0.525918
-2.2439747
-2.2769063
-1.0842288
0.424531
0.76431054
0.109225
-0.45438996
-1.6231661
-0.7773434
1.3782502
-1.3872999
-3.5263195
-4.8442297
-1.5287968
2.8068063
0.5706695
1.1813297
-1.5389479
0.43163434
0.9982246
-2.469186
0.7039375
0.41929287
0.5833987
-0.7088943
1.2051816
3.2631984
-0.4889518
1.9862332
-0.41105205
-1.9353273
0.072894365
-1.6665903
-1.7186903
-0.44918233
-0.6892597
0.48200336
0.52754015
2.8777704
-0.033858657
-3.808631
-3.1862543
0.9322425
1.2634101
0.87158346
1.1002104
0.69283277
-0.22259088
-2.5027368
-0.5717184
2.9951746
-0.79585075
1.5423397
2.128207
-3.1780255
0.43199247
-1.9088714
-2.7937393
0.764915
2.803875
0.5904504
-0.8144291
-1.5806332
2.762878
0.27291945
-0.37791607
-1.5938377
0.1219168
0.8591945
-0.8053764
1.1746548
-0.3990463
0.4145142
0.5046981
0.71688575
-2.452525
-1.9716105
-0.112901
1.0236543
2.6190882
0.10909553
3.0119722
-1.1772594
3.153664
0.081997044
-3.2205548
0.79521513
5.33023
0.47194493
0.3937139
1.315167
2.273497
-0.25880265
0.6991494
-0.82954663
-2.3467975
-0.8263035
-1.0142738
-0.8028815
-2.267671
-1.7394323
-0.054572515
0.89107406
0.5786416
2.3205488
-4.657925
-1.8750046
-0.39152068
-0.9683716
2.7731073
2.4626038
-1.4497377
-6.154244
-1.3095534
1.1272368
-2.0640323
2.7136633
1.3989785
2.01603
2.2874355
-3.129818
5.850383
0.8268343
-0.50715625
2.2544482
-0.85704625
2.0103636
1.6168592
-2.8709886
1.4292451
4.250278
-0.2419084
0.8331843
-0.8566275
-1.1499716
1.6318781
-1.5594069
0.21772392
2.7948155
-0.75366145
-3.3081143
-1.0840279
-1.017103
-0.6739766
1.6781758
2.1196485
0.18661498
-4.392502
0.62344146
-1.2980984
3.1176155
0.456645
-1.1206223
1.4765538
-1.69279
2.4687324
2.4560583
-1.8285787
1.6811318
1.7606156
-1.2862482
-3.0303001
-1.2385831
-5.125516
-0.2572012
1.1931672
0.18883573
0.61827785
2.1492429
-0.09988973
-0.2565015
-1.8169897
0.53000027
-1.334144
4.050413
1.8841614
-2.2504518
0.73202986
0.012309089
0.892803
0.35548276
-1.220937
1.4785032
1.5599757
-3.0312796
2.485838
2.1919608
2.300597
-1.8141571
-3.566796
3.7446544
3.0678608
3.9673629
-3.7250957
0.009556502
-1.3526349
0.08608113
1.2402483
-0.39743322
-1.5308574
-2.7259488
0.14569587
-0.620456
2.7413604
0.61040175
-0.2654673
-0.45694962
-1.1446544
1.3616925
0.115252934
0.5101861
-3.5752292
0.47472376
0.6964439
1.9182459
0.2672842
-0.2818337
1.1371375
2.4696407
-0.5457841
1.1938097
1.1705093
0.15415329
1.2706996
0.231038
2.8983486
0.36907384
-2.6216667
0.5354413
-2.57355
-0.037287503
1.1393687
0.41434383
2.441941
-0.40726626
-1.4979434
4.140015
2.3815055
0.97608906
-1.6367202
-1.0939077
-1.4680108
0.42702085
-3.2437842
-0.5733104
-0.8502156
3.3716362
0.4832159
-3.9282916
-0.27870142
1.4089953
-1.8280116
-1.1772488
0.39822617
0.43807366
4.6032915
0.9254228
2.0318506
2.6766725
-3.3631034
-0.31804448
1.4259384
0.91908747
2.7635808
0.078111395
2.918236
-0.5035105
-0.46958712
-0.95214456
0.7777884
-0.8882198
-3.922323
-0.18407679
-0.93437934
-0.22289945
-1.4035076
0.764059
0.25359398
-1.9652333
0.4849536
0.367258
-0.9749031
0.824569
-1.7016523
-1.2597762
2.8406818
-0.42867285
2.5266333
0.0103031695
-2.196144
-1.5466629
-1.0004482
4.5678325
-1.2166212
2.8085818
1.9861983
-1.9976667
-1.4460756
1.1575207
0.4463825
-0.55923665
0.87661016
0.67770815
-0.29268175
2.8705492
0.47654524
0.1441107
0.44919792
3.230553
-0.09032087
-3.6078136
3.0577426
2.1084127
0.6131723
1.0499783
2.681363
2.0551922
0.72999716
0.29892159
-1.7439088
1.6026366
-0.37078238
-0.28913784
0.10871001
0.20834553
-2.829861
-0.19810346
0.60367936
1.3059962
2.276551
1.6903114
-0.9809451
1.5575575
-1.300564
1.516471
-3.14326
0.21972927
0.8130048
-3.0573897
-0.5405175
-0.86355203
-0.9560736
-4.1485853
2.8956153
1.0917498
0.86206466
-0.6586362
2.0368788
-0.5697106
0.20930262
-1.1308199
3.207544
-0.48305422
-1.39908
1.3881216
-0.70272756
0.009082459
0.53522235
-1.5010202
-2.4139721
2.2896438
-0.86988175
-0.43992358
1.2065959
-0.9506837
2.1297479
-1.1357392
-3.6576655
-0.37196225
1.2291462
-3.0583286
-1.6651065
4.644622
1.0352335
3.0761113
4.409993
0.046226658
0.48508912
-1.8357635
-3.2465723
1.3696661
0.4842597
3.466612
1.0149502
-2.744703
0.14563942
-0.6348234
-1.309013
2.3942885
-0.973088
1.927719
-1.012687
-0.2591916
-3.796659
-0.63349813
-2.8775861
0.732058
0.39296684
-2.8915372
-0.9404576
2.3056135
-3.2946947
1.1824657
-0.0036716908
-1.7926798
-0.029513594
0.41415417
1.265638
2.411973
0.8966569
1.2083479
0.7282223
1.4252247
2.4581184
-0.837427
-4.622789
1.7295135
-0.8296394
-1.0611178
-0.6823945
1.5873406
0.29105318
1.1822345
2.6558273
0.9781479
1.1843567
1.9990338
2.7555752
-0.85419035
-1.6260293
-1.9315926
-0.14745669
-0.42927554
3.404459
0.93357307
-4.9029355
2.7865398
-0.34876487
-1.7561231
1.62394
-2.373737
1.419943
-0.47975504
0.43388805
-0.42782208
-1.0752511
-0.11047894
2.353895
0.6607923
0.6097373
0.91879255
1.6824676
-0.6615373
-0.7051274
-0.39740804
-1.5012789
-2.7421086
-3.1035397
-0.3269024
-1.130764
2.0691545
-0.8210297
-1.5391712
1.0093154
-1.9776374
1.3930496
1.1266433
1.4482182
-2.3492088
3.7989738
0.1330756
-1.2834822
0.49605775
-1.9891329
1.7546685
0.30335346
-1.5385108
-2.2665002
0.10899682
1.5919244
-0.99445003
0.58142567
-0.79940146
0.29202014
0.06916109
3.598374
-3.8684118
1.1004454
-0.22995624
0.8656539
-1.9039369
-0.71979696
-1.5287732
1.9812663
2.487179
-0.22708035
-2.9138458
2.4723892
-1.2888217
2.6457376
0.049781628
1.4075352
1.2624
0.7330794
1.6027836
1.5915297
1.3566794
-0.91631216
-1.1929442
-3.3825824
-0.34836268
-2.5697236
-0.20436005
-0.12787476
0.9354749
-0.0019709915
-0.15037276
0.7968394
3.52325
-1.2512066
-2.7858067
-2.215044
-0.9107833
-2.3899317
1.3619704
0.5573762
2.2958872
2.2519324
-0.038997926
-0.92559844
0.8141322
0.29425487
0.8676481
3.472005
0.4770745
-2.6239038
1.9146773
-2.992004
-0.57251686
-0.31396818
0.6481965
1.3724831
-1.7354835
1.4472001
-1.7723725
3.3840702
5.298562
2.7751017
-0.08650218
-0.0004913993
-0.00077563524
0.94110566
0.27049485
-1.3395535
-0.55852306
0.79687786
-0.7965237
0.7328115
0.6968812
-0.9776088
-2.2957482
-0.5664389
2.1339989
1.2805393
1.0825622
-0.46945423
2.324056
-3.4836957
-0.0696904
1.4403069
4.929807
3.5890713
1.0754586
0.36970732
0.15250576
1.4111654
1.4612639
2.6359537
-1.345394
-0.0047072507
3.733343
4.327565
-3.3736768
0.3794689
-1.2603358
-0.54821956
-2.4381387
-1.7856728
-1.4413563
0.47534952
0.6791182
-0.760905
-1.9641007
2.7152114
-1.4217128
-2.5934527
1.9640503
1.0920335
1.8977753
-2.95472
-0.9562578
-1.1118188
0.49765137
1.1603476
1.1207905
0.5693208
1.8509362
-1.870883
-0.023741074
0.93380404
-0.82126236
-2.8835673
0.52121043
-2.5448413
-1.463968
1.481255
2.0078776
4.84356
0.020442888
0.16232362
-0.33735308
2.2257524
3.624367
-0.03232818
1.3619031
-0.416533
-3.8637042
1.1178536
-1.3464314
1.9734586
-0.5236078
0.5191104
-1.7490749
-0.5991251
-3.6221113
1.8302354
2.19088
-0.43376067
3.5386631
1.8043163
0.008059904
-0.47394216
-0.957171
2.5415497
-3.3190267
0.7726567
-0.31242153
-0.9351243
-1.9709163
-0.22440512
-4.354794
-0.43542174
-0.5794372
-0.8278294
-0.6220843
-0.44139782
1.0965098
-2.3892164
-3.1297739
3.7419152
-2.0095649
-0.07185096
0.71148384
4.7409215
0.2856446
-1.16862
0.029907063
-1.8788773
0.8757058
-1.1641381
3.1891427
-4.291942
0.048270468
-1.0890298
1.1442834
1.7721039
-1.9170628
-3.033216
1.8027556
0.29027998
3.049411
-1.5307603
0.29680958
-0.39523247
-3.5007913
-1.3343625
-1.9004726
0.089439526
2.1513526
-2.415781
-2.003782
3.85962
-0.33283982
-1.4931105
-0.25263184
0.9552642
-1.4431292
-0.5832701
-0.9924073
-2.3083072
-1.0844041
-2.3712068
2.5354712
1.7541837
-0.5743857
-1.3266352
0.7139784
1.1832458
-1.2992384
-1.0925312
2.009166
1.1831956
2.9481018
0.5058049
0.85989225
-0.71720517
0.02619499
-0.12702599
1.1089355
0.5490791
-0.30949602
-0.1428901
2.2301202
4.029513
0.52703327
-0.21968025
-0.626919
-0.020220205
1.1029865
1.8703909
1.7541112
-1.3116268
0.5336419
1.8956394
2.9047642
-1.5531335
-0.37954396
-1.9638668
3.0520055
4.774734
0.62050354
-0.21929073
-1.8896626
2.4923584
-0.0037063733
-0.5175588
0.7337901
0.65019137
1.3636559
2.8411949
-3.7860885
1.3404841
-6.082099
-0.598301
2.6797972
0.1832374
-5.0424976
0.44313428
-1.326418
2.3417692
-1.0957775
-0.35717657
2.896772
-3.0551047
0.71721876
2.53827
-5.1288567
-3.4196243
-1.3065289
1.5120157
0.48551482
-2.1667423
-0.55871636
-1.1010016
-0.15145954
2.757775
1.0884547
-1.6279256
-3.6820219
-0.9985367
-0.64578444
1.6435494
1.8729522
3.16142
1.8736103
1.2997519
-1.825127
-0.26231217
-0.15322924
-2.6425166
2.2955668
-1.3889045
0.7549336
-0.44240922
2.6998513
-0.037383877
1.4747156
-0.80814224
2.4543061
2.6811862
-4.5173526
-2.0267074
0.27328843
0.79885876
-0.84423965
-1.0522029
-0.23395908
-2.302414
3.3291197
0.0086732805
2.1109388
1.9288814
-0.6774647
-2.845409
3.7924907
0.1269939
-0.6641331
-4.4058933
-2.0110204
-1.2283798
3.859377
-1.4658506
-0.65873915
0.5217423
-0.6665475
-1.860482
0.6852403
-0.15831366
1.8008997
4.129258
-2.5611024
-3.3153188
1.019045
-1.7173507
-0.68070555
1.0089275
1.5787233
0.9843574
-1.152224
1.3363411
0.8009187
3.0160787
-1.1725377
2.8388786
1.6022531
-0.27449164
0.20138115
0.63343704
1.637717
-1.7923568
-1.378887
2.6234128
1.9552585
-2.1417758
0.8322197
-3.8156881
0.927356
-1.3826194
1.1472635
-0.6315015
2.0703423
-1.1046323
-1.6526814
0.52468574
1.9670516
-1.4577788
1.0462581
2.5195637
0.062464535
2.190982
-0.58064854
1.7287278
0.15424512
-2.1471014
-3.6529732
0.35901418
0.9266748
-0.5498914
-1.5027426
-0.31041124
0.09288497
0.12058691
-1.2725834
-2.613277
1.3722062
1.2566154
2.041261
-0.5564733
-0.11528756
3.2384083
0.0458046
-1.5047427
-0.1685845
2.8005228
1.4895129
2.27598
-1.3217648
-0.13593268
-3.3878772
3.0608215
-2.6993241
0.36412728
-0.47704437
1.3444369
1.1765442
-2.9981227
0.7917513
-0.51581764
-1.5536311
-1.1595334
0.6616457
0.7293092
-0.46213588
-1.2701542
-0.13401002
1.1649108
-0.009963185
-2.680178
-4.0624413
-0.38532245
-0.9167615
1.9997041
0.0373934
1.0698632
-2.1551902
-0.18553486
1.1873213
-1.2678382
-1.9474897
-0.20487024
1.2875187
1.8528187
1.1773187
-3.3599527
-3.6164682
1.7822162
2.3876677
-1.0022078
2.3751202
1.9911892
1.3507946
-0.8115094
2.4185388
-2.495455
-2.5167048
0.88376135
-0.11542905
-1.0542569
0.84438884
0.7579738
-0.3350018
-0.84720665
-2.5191739
-4.165264
4.597777
-1.8954147
1.2220805
-0.07814637
-3.0423896
-0.42392576
-2.9092283
0.9574488
2.259663
0.5758162
3.1564183
-3.5370827
3.7313519
0.19092925
1.6263016
0.013671413
-2.345025
0.18572532
1.2318869
0.30353847
-4.039381
0.08738662
-0.3844272
1.7321112
-0.5252499
-0.3060255
1.4131413
-3.2537606
-0.04336255
-0.6108784
-1.0170964
3.4447742
0.016008936
1.2524316
0.7889619
0.33961454
-3.5654397
-4.1175404
0.5466812
-0.40931532
-1.4987328
1.8780366
0.72644985
0.93288565
-2.5741785
-0.5178017
0.4381956
-2.4458938
1.060352
-2.3358831
2.276392
2.45378
1.2605765
-0.52812195
-0.7395461
-0.11014616
3.0144684
1.2463384
-0.5878199
-1.3308275
-2.5399003
0.374935
0.13411699
1.9674025
-1.3688675
3.0815399
0.10907596
0.04806631
-1.4440923
-0.76342535
1.2003987
1.0192857
-1.1256977
5.688412
-0.87147623
-1.6724628
-0.16112311
-1.1461437
1.8095374
-0.74387854
-3.9393432
-1.7173667
2.7251973
-2.4366057
-0.9747537
2.2982638
-4.705502
0.25339323
-1.1717367
1.6949313
-2.3222404
-0.43855095
0.9580484
-2.0470617
0.14712399
3.3160775
0.8921712
1.9678255
-0.43461236
-1.3020833
3.5169168
-4.76389
-1.1808854
1.2764652
2.1939485
0.73787296
-2.0966573
0.47402555
1.25544
-1.2780831
-2.7523265
-3.3949726
-2.7783256
-1.6490972
2.2357345
1.6129023
-3.024213
-1.1966084
0.47196025
1.369684
-1.0662826
-3.1146138
1.1827335
-1.7682643
1.1110476
0.073633134
-0.07917457
-0.3447755
0.8345276
1.8377109
-2.0051718
1.8955116
0.078481056
-2.8021529
-0.28197834
-1.2736889
1.3926535
-3.000208
1.8515813
-4.633549
-1.6746558
-2.0956054
-2.073675
0.9415862
0.8036529
2.274622
-0.5886325
-1.3546506
-2.099502
1.4801041
0.69746286
-1.0089295
-0.65234447
0.7566765
1.6585591
-1.6721103
1.2147071
0.6100824
-2.8757517
-2.1802554
0.45995516
0.5966966
-2.2377017
2.0201614
2.6277013
0.28703123
0.7904965
0.08313841
-1.7138295
0.2176755
0.28732523
-0.5166222
3.2577796
-1.3030298
-0.935287
1.3991691
2.3803039
-0.25727975
-1.2639794
0.31831974
-3.5470746
-3.3065016
-2.029055
-0.15881774
-0.5270176
-1.5929021
-2.0654602
2.6090853
1.1331892
1.7650008
-2.160846
1.9618958
-1.4346544
0.67835337
1.3987554
-2.4332297
1.5775474
1.4464477
2.408364
-3.600394
-1.9272779
3.866193
2.6809518
0.50762916
2.6591854
0.36668998
0.002234269
1.1644243
-1.3138753
2.9713902
-0.66011786
-1.6114389
-1.7933136
-1.5243454
0.7497593
3.5232553
0.5646965
1.0264531
2.7253444
1.7004884
0.5152635
0.6754431
1.3515751
-2.7873592
1.4184932
-1.5030233
0.99744946
7.800594
1.112815
2.252254
0.07542439
1.813757
-2.2715075
-1.9944233
1.729997
-0.021795817
0.78231186
-1.9442419
1.3721355
-3.4301133
0.009123743
-1.1023377
2.6691236
-2.3285825
1.973573
1.4475551
3.1676223
2.3082662
3.1628175
4.096363
0.60708135
-0.7219312
0.03908073
-1.7288907
1.7875035
0.038830314
-3.5970907
3.151092
-4.383473
-0.03773381
3.2215238
0.9986227
3.5462806
-0.44817996
-0.40410185
1.5270998
1.9298576
1.1184218
-1.5192741
0.6613211
2.1026368
-0.72348994
-0.22394112
2.45117
2.2287357
-0.8138957
-3.4223855
1.1137125
2.3276007
1.9565898
0.9293319
-4.1026273
-0.27525526
-0.5280682
0.6100064
0.9277854
-0.0047114864
-1.4434706
1.5299354
2.9631674
-0.15884945
-4.464471
0.1364946
-0.666211
0.21015751
1.8071924
-0.17039475
2.127175
1.0112547
1.0673631
-3.7111728
0.4196114
2.4346097
-3.4946063
0.15439658
2.05605
1.986458
0.22011834
-3.0352576
1.990452
-2.8826475
1.9516215
2.2277164
2.3635733
-1.1522506
-1.6872793
0.8452764
-2.7876313
-1.3787329
-0.2730237
-2.389371
-2.2321146
0.7366321
-2.0193436
3.9708948
-0.24352744
1.8936373
1.0582672
0.7151034
-1.8597494
-0.3433383
0.65368825
0.07119932
0.32310557
0.8659748
-1.4814181
-1.2907207
-3.2948787
0.37237835
-0.08021896
2.2675056
0.116029635
0.8546812
-0.10351586
-1.7536806
-0.79767275
-0.7730113
-0.4430362
0.7770255
0.8496426
1.2305716
-0.68902546
1.2394384
1.1672988
-0.7138732
0.024476938
1.8686631
-0.7050782
1.7286109
1.9734197
-0.0017853528
-3.3438156
1.7166753
-3.1558568
0.68498033
-2.1881645
0.50733614
-1.0197111
-3.8794878
0.72933036
-1.0057843
-1.3047836
2.1313431
0.8202682
-0.7424294
-0.091922075
-2.4659665
0.9282636
1.1254131
-3.148882
3.895122
1.7229736
1.1935738
-1.6227201
-0.22656669
-1.8601837
2.3481271
-2.0720308
0.86967176
-0.07935901
-1.3846296
-1.7625002
-1.3664708
0.7072517
3.191083
-1.140241
0.34765518
0.25827953
2.009697
-0.018622488
0.47035438
1.5912184
-0.654951
-3.234
-0.20386979
-1.7525243
-1.1758566
-1.1075398
-1.4197104
0.75237906
-1.2506236
-0.041997436
-0.21355663
2.7573185
-0.52485204
1.2307752
1.8231062
-0.36320883
-3.6991358
-1.6254598
-1.3056988
-2.4954867
-3.3621492
-2.3906558
0.17976874
1.0896459
-0.23162904
-0.37589204
-2.813978
1.357895
-2.3599665
1.0560551
1.6052792
0.023829147
-1.3434811
-3.2119584
-0.1656541
0.33381367
-0.7230051
-0.21033314
1.6687888
1.415172
3.0085466
2.500888
1.9644309
0.22115278
-0.9452299
-3.9440536
-1.3374423
-0.073750444
0.44472927
1.5871121
0.3856257
-0.16176486
0.50008893
-2.2222424
3.9723861
0.25831503
2.4274783
0.39478838
-1.8271403
-0.4550459
1.043943
-2.572475
-2.552688
-3.200554
-1.1950662
-4.515232
2.519155
-1.5190403
-0.92821616
-1.2465196
1.4943783
-1.0791959
2.3961263
1.0271424
3.0851753
-4.4007463
0.00073592365
-1.2029659
-1.3353077
1.1235025
0.2572513
-1.4019061
0.9691563
-1.4115022
2.052686
4.612662
-3.0561953
0.38427174
-2.4554684
3.82526
-0.71686864
1.4929454
-0.23336634
-1.6149927
-1.0928288
-1.2472423
0.92548615
0.911379
0.04169783
2.4067955
-0.6988018
0.8753598
-0.22334406
-0.96754515
0.84480256
-3.0562394
-2.2546418
-2.8311553
0.38649082
-0.74471706
0.52431387
2.0039585
-0.1661699
-1.390318
3.0026686
1.9760666
-1.192117
-1.6062635
-2.9229956
-0.19629572
-0.12676884
0.10692704
-4.563571
0.12401997
2.1834242
-1.3534149
-2.2156053
-1.8425494
-0.6608697
-4.743802
3.2692127
-0.99606013
3.6828735
0.60823375
-3.8977833
-0.66929656
-0.101095535
-1.7408767
-1.8051493
0.35710043
-0.9006288
0.6320781
-1.982005
-1.2732666
-1.2375805
6.143194
0.626744
-0.7352304
-0.40981227
0.85056996
-1.1456294
1.6492897
1.0779347
1.1886959
1.0193732
-1.1801455
2.8066118
2.3252146
-0.084034905
2.6556413
1.5709311
-0.21333784
-0.9804188
-4.0125976
-0.6265962
-0.29373205
-2.8959227
1.8654087
3.2380435
-0.36959207
-1.8021524
2.1345916
-1.0712428
-2.1883545
0.87876177
-3.691936
0.07038003
-1.5731196
-0.51690334
1.0044487
0.23628142
-0.26197848
1.2456701
-2.0826564
1.4761355
0.646751
2.5738528
1.036692
0.26274148
0.42584667
0.040540278
0.5085342
2.555358
-2.8226938
0.862156
1.4564414
-2.8883758
-0.4367217
-1.294349
-5.0643477
-1.1736691
3.825528
3.1554475
0.08124715
-1.1491826
0.11227079
0.22896823
0.8063129
0.92622393
-2.3115854
2.6453319
0.094771884
-0.9533404
1.0845706
2.8378193
-1.911165
0.9259334
0.82704
-0.78865606
2.1305628
0.01834073
0.15626432
2.7600334
-1.6067092
1.6463541
1.052619
-3.337814
-2.2208235
0.70139176
0.111822456
-4.3677335
3.0342722
2.306261
-0.47711283
0.89892167
2.0422733
-1.0822983
-4.0687137
0.10298683
2.0987754
-0.84082556
-0.37308183
1.4609393
2.1054459
2.3369849
-0.78626835
-0.2258852
-0.027603935
1.7069198
-0.518395
-5.6361427
1.0946474
-0.9329002
-0.18946448
0.65812725
1.9589155
0.063768655
1.5980473
0.25787127
-0.6247899
2.7187498
-2.6617444
-1.523175
-2.061339
-3.6187608
4.772366
2.786742
0.16522583
0.81739974
-1.6874954
0.15952101
-2.491977
-1.8971047
-3.3030121
1.4474232
2.2020056
-2.066144
0.66698307
-0.83337444
-1.6446643
1.3758732
4.103272
1.0970803
1.7579234
1.8875356
0.17062643
-2.0228188
-0.3057107
-1.1506928
-0.7340148
1.2933602
-1.9550446
0.63780344
0.35335252
-1.6766566
-2.641195
-2.8332868
-3.3098054
2.3701105
1.9657067
-3.3913097
-2.552687
0.6424022
0.9254062
0.7236221
2.4400795
-0.06502694
-0.2576428
-2.6562445
3.0236444
-1.7154375
3.1360514
0.05019767
-1.6542449
-2.4675179
0.009410739
1.4091636
-3.123692
-1.2622361
-0.6457009
0.16587605
-2.3701892
0.43744737
0.61514145
-3.2219336
1.1451796
0.32327262
0.67502546
-1.6630023
-0.31068665
0.21646884
-2.3599093
-1.6101019
-2.719127
2.9466205
1.5503672
-1.3770628
2.0782843
0.89755136
-1.6788487
0.5294267
-1.514359
-0.53577983
-1.2163827
-2.660028
2.553341
-0.3238662
-2.4639733
1.5664929
4.1370225
-1.2626561
-0.56892574
-0.7149756
-2.4396923
0.2919705
0.19214733
0.39570433
-1.682297
-3.2870507
0.47179002
0.7953505
-0.0323239
0.8586868
1.7925016
-0.32917368
-0.81315285
-0.6347678
1.5928966
-1.3615533
2.3812072
3.3966427
-2.2958548
0.9726849
-0.62720567
-2.768364
-0.2527022
-0.9835002
-5.324626
2.1184287
1.9112463
0.24366692
2.4150863
1.2087317
0.28962046
1.651544
-3.9629114
0.6616028
-1.1481715
1.1202947
-0.004294306
-1.6681474
-2.3559408
-4.033073
-3.3973124
-1.7202549
1.4188491
-2.3230274
5.019347
1.5405877
-1.9712697
2.7193568
-0.16283152
1.1845542
-1.5450938
2.1593308
-1.4705029
-1.3845755
0.18052927
2.0573697
0.0822122
1.3528363
-2.666524
0.4888773
1.7209164
0.3434356
-0.8343574
-0.024622858
1.1367816
3.0352724
1.0695484
1.6638987
-1.7648091
-0.45229387
1.2651254
-3.9845438
-0.40392786
-0.6092071
1.2088903
3.3525188
0.37188962
0.4038758
2.7483294
0.6065313
3.9284244
2.0804658
-0.85642236
1.2899196
-0.74397457
1.2407556
1.362114
1.0380998
3.9002445
-0.57114905
-1.3972385
1.1837922
-1.2002778
0.43850797
-1.4957478
1.6637836
0.39229047
-1.7287776
-0.2846734
-0.040972672
-2.0673335
0.79102343
-3.3405807
-3.1003258
-2.096981
-2.8905318
-3.2302923
0.8261803
-2.3557732
-1.3736645
-1.7537923
1.1261512
-1.6934413
-2.9720137
-0.29533264
2.3049333
2.418988
2.497699
-1.680409
-1.0955573
-2.6921127
-0.0022138767
0.11184798
-0.7382413
-0.44796342
-2.740584
3.57525
2.1498938
-3.3654041
-1.566885
-3.8977249
1.4478439
-5.039243
3.2667005
1.3557754
0.9632983
0.7198148
-0.38880035
2.7792935
-4.824839
-0.98810637
-1.0512588
-0.00280077
-1.1191038
0.91746193
0.69795305
3.2375212
-0.23605096
-0.5429652
-3.9772606
3.3983667
-3.560111
-1.328345
1.3724029
-0.55746555
2.2146068
3.9246354
-1.8910565
1.1177565
1.387875
-4.047103
-0.33997995
2.0597553
3.062873
1.032643
1.946824
-1.1606873
0.80961853
-0.35339975
0.1498151
-0.72136784
0.5185716
0.74732023
2.5516357
-1.7337655
0.6023575
2.407322
1.0243808
1.8536063
-2.06049
0.5425352
-1.0024719
-0.23299555
1.302228
1.9280764
-0.040770285
-0.33618128
-1.0599234
2.9268
0.20673075
3.3321526
0.41703236
-0.18539168
-3.2855332
-0.93900687
0.7703632
-1.6960576
-1.7257308
-0.52315
0.17397547
-0.5757981
0.8443563
-0.71812993
-0.9040356
-2.6350176
-2.0645325
-0.8664098
1.6548349
-1.5183045
1.2071683
-1.7172879
-2.4192436
0.19099781
-2.2587066
-0.83855295
0.92313814
-0.44459513
-0.8875115
-1.8114831
-1.397134
1.386435
-0.2915782
-0.44597262
-0.88274264
-3.0988622
0.88528836
0.71164405
0.5452886
0.83196086
1.2806232
-0.0015259609
-0.870465
2.265303
1.6705866
-0.9357613
-1.7782615
-1.6427311
-1.7455728
-1.9514849
-1.3782456
-1.1253078
2.0083795
-0.47332677
0.273824
1.9533676
1.2307158
2.200407
0.39184755
-1.9850955
-0.74224675
1.0084181
1.1611317
1.5811812
3.4503112
0.22807519
0.5324382
0.6789185
2.0013692
1.5104889
3.434012
-1.5720148
4.311277
-1.1776123
1.5997287
-1.3019804
1.2749183
0.47738045
3.9210238
0.32271445
0.2634769
3.6481137
1.652461
3.379854
-0.9418555
-2.670389
1.7912165
1.356774
-1.3177173
-0.72498435
-0.4931566
2.386116
-2.4015415
1.079551
-2.4984453
-0.72599685
-2.0312412
-2.4996004
1.0754344
1.040091
1.12313
-2.5370681
-0.8163115
-1.2281783
0.36234918
0.4282564
-1.4860837
0.27335683
0.14861068
1.728419
0.8630976
2.0851343
0.6181924
-1.9020414
-0.618906
0.42054546
-3.2467642
0.5010196
-2.9693906
1.4713567
-1.9791005
-4.510315
-2.015796
-0.45438766
-1.7719297
1.9559262
0.42991492
2.2150583
-1.3962494
-1.5384425
0.75298923
2.7381656
0.65939105
-2.307645
-0.47398573
-1.2018325
5.1570206
0.52782804
-1.381047
0.9163744
1.6951752
0.207995
-4.1117034
-1.6714555
0.9936755
1.7860891
3.8230548
-1.5534762
-1.1975778
-1.1893805
1.8136845
1.0194178
-0.41268206
3.446856
1.249771
1.7773436
3.7962198
-3.319213
1.8065207
2.1186545
-2.9556427
-0.94616336
-0.6207691
1.154063
-0.25170454
0.7908908
-0.41951105
0.64270115
-0.02017067
1.1457535
0.5522116
-2.6228673
-0.38510627
1.1322525
-0.34386724
2.1444306
-0.36025205
-1.4532238
2.3545837
-1.1120973
0.55892044
0.61273664
-0.36739638
-0.41523206
1.6204135
-0.5142958
1.3050772
1.96402
-0.3026485
-0.43121085
-1.4030986
0.97879374
1.0293132
-0.42215025
-3.557006
-1.1201177
2.5754206
2.7092404
5.7997303
1.3787099
1.0030131
-0.8850718
0.87850803
0.5585514
0.23275551
-0.3664395
-0.84644365
5.364449
-0.7723276
1.6638364
-0.27980644
-0.70460445
1.3116488
-0.4550127
-1.0604432
2.1400306
0.86923635
-1.6586612
-0.29520586
-1.6292279
1.8924592
-1.6001464
4.541433
1.5385412
0.42469642
-1.1809332
-0.82073873
0.5720009
-0.017572053
1.3379738
-2.2370281
1.8926759
0.5495541
-3.7256112
-3.2078161
1.0751716
2.3481677
-0.8457906
-0.51361245
0.4001085
0.9936822
-1.6543233
1.1008699
-3.1176083
-1.1260309
0.9983142
1.4453789
-0.50186306
1.4717383
0.26409495
1.117967
-0.100833446
-0.34445027
3.4837818
-0.34322947
-0.7172012
-2.4545105
0.9939978
-0.5944428
-0.012678787
1.0289634
2.535779
-0.18136759
1.0863044
1.3539417
-3.378279
-2.955338
-2.7510736
-0.027291924
-0.63750184
-2.9650228
-1.907164
-0.6227026
-1.3774378
0.5302626
-1.1304686
-0.77126247
1.4066125
-0.49541456
0.5469865
-1.9861394
-2.0935097
-3.0620174
2.8058786
-0.71870446
-1.8043861
1.436289
0.4613702
-1.0525829
-0.12624648
0.16031651
-2.3539271
-3.242624
2.6108322
2.1661794
0.89435816
1.1313025
-1.9360411
-0.11452435
0.109390624
-0.18818146
1.338352
1.4835243
-5.3239565
0.9593311
4.4131484
3.079017
-0.85475415
-0.35326347
1.0463512
3.477487
2.5604653
3.5655985
-4.927299
1.2848661
-0.43586564
0.10180263
1.5344186
1.5904485
-0.96240216
-1.2530352
-1.0151409
1.053652
3.15859
0.11597581
-0.2545662
0.76720774
-2.7121778
-0.07617125
4.998989
1.2030314
-2.6299703
1.2901701
-5.105928
0.24164557
-3.7340295
-2.7674775
1.4921654
1.8722233
0.87809956
-3.2336397
-0.24498892
-1.0131704
1.882801
1.5117551
0.278273
-1.1377196
0.8403697
0.5146188
2.4772012
0.015495751
-1.7268399
4.8415127
0.6217809
0.61283946
-0.536659
-0.11597199
-0.49372905
-4.3742847
0.99368274
1.549603
-1.2100987
-0.0061541647
-0.22390798
0.68338156
0.10553897
0.74812967
0.7854602
0.7232045
-1.5241209
0.30566394
-3.3570886
-0.09289684
-0.15039402
1.054715
2.8818743
0.18269524
2.1783276
1.2494377
-2.1990654
-0.44228178
-1.7067596
-3.0996957
0.19477743
0.1542228
-1.8939528
-0.654135
-1.3580263
0.10948113
-1.3371892
-1.5629262
-2.2525148
-0.3277533
-1.0950382
0.318062
-2.4503074
-0.4508686
1.0037423
2.1141608
0.8805306
-0.8115426
-0.89325476
1.7484767
0.60561955
-0.329929
1.7923515
3.6245894
0.28475788
-0.95369667
-0.64263684
2.2497907
-3.4658215
1.4001757
-3.1165178
-0.6106939
1.2979403
-2.3189845
0.97496426
-2.9705067
-0.3082738
0.09725588
3.9763956
1.4721261
-0.7258189
2.1652763
-0.805243
-0.7923011
-2.8801785
0.62558913
1.013985
-0.6935991
-2.3575935
1.5761029
1.1397402
-3.5161834
-1.4350113
-1.6196765
0.15216717
0.21750604
2.5545006
0.12743594
1.5002893
-0.3925665
-0.14742899
1.5450928
-2.80838
-1.3729008
-2.2635314
2.0195377
-4.42544
-0.71378
-2.9219077
-2.3463154
-0.8272045
-3.4160945
-0.19006518
-1.481255
-1.6040813
-1.5010426
0.5216384
2.8832784
0.060297087
-1.484553
1.7295321
6.022085
2.8135443
1.5429952
0.33925167
0.16278052
0.86541957
-1.0797503
-1.3697691
-1.0546764
2.427712
-0.80707407
2.8015547
0.67214626
-0.28557667
-1.2080481
0.1675767
2.7385032
-0.23109046
2.736186
-0.4703582
0.21809185
-3.4540286
1.0565845
1.9614807
-0.11418799
3.362464
1.5823467
-0.7588295
-2.522113
-0.3177965
-1.2508589
-2.646513
0.92561793
0.24723119
-0.23897502
4.4251766
0.33049437
2.7190742
3.4996748
2.5220017
-3.5428016
2.8538096
-0.73451144
1.5577681
0.09012683
-2.7478902
0.879353
2.0774107
0.7468327
-0.73484784
3.4573464
1.3893876
2.5644715
1.9619045
0.7337604
-1.4887037
4.100816
2.4404066
2.824741
0.6427225
0.5070032
-2.1954448
-0.81585795
-4.1474137
-1.9965147
-1.1465777
0.58928317
0.32010803
-0.90395606
-1.4099077
-1.4447258
-1.3705848
3.834742
-2.2405508
2.4301925
0.7246891
1.4784839
0.7706854
-1.3218277
-0.8386988
3.8511314
3.3491101
-0.34719327
-0.79750216
0.7246156
0.64546376
-0.53849417
1.1336313
1.8951854
-2.890732
0.030134968
-0.6686608
-1.493079
-0.59262806
-0.2703422
0.52363896
-0.9472858
-0.55328256
-0.043501318
-0.6517444
-2.0935454
-2.1866493
-0.6256054
5.502968
-0.8025526
0.85896206
-2.3622293
1.6893678
-1.4046307
-0.07452643
-0.0258701
-1.134102
-4.164506
0.08744529
1.7422339
-2.026081
-0.6301126
1.1964664
-2.3509836
0.13345398
0.29441318
-0.53820574
-0.27632427
-3.6249037
0.36540505
0.7885052
-0.67030966
-1.2670374
2.050551
1.0400306
-1.704894
0.9824289
2.211972
0.5160241
-0.74809927
-1.6881006
-1.7066005
0.32496843
2.5217166
-3.7378867
-0.62914556
-1.5172267
0.73628885
-1.2647454
0.6577432
-0.64868575
-1.004304
1.5545738
-1.6325163
0.6685091
0.8197726
1.9992212
1.2330619
-1.1660606
-1.0371975
1.8426393
0.05665818
1.8533369
2.418179
2.973447
0.17441347
1.2365313
0.48739076
1.1109334
-0.3425273
0.13584137
1.3924602
-5.031433
0.88745904
-2.0487845
5.442665
3.9901106
-0.8212351
-1.0576773
1.8933705
3.2573602
-0.24766144
0.8806901
0.9148143
0.027743105
0.23755994
-0.7540168
-1.8319511
0.60855985
4.4965615
-2.7336018
-0.52937543
1.3066783
1.5842884
0.6598539
3.5566344
-0.3788704
-1.3340034
1.8351536
-2.321449
-1.8776971
-0.33567986
-2.6278064
-1.4794621
0.8460857
2.2248073
1.5732659
-4.0594826
-3.0071456
0.23902124
-1.8112097
0.4015147
0.34187496
1.5305208
-0.9345558
-1.2600147
-0.11009465
1.3309515
2.2677107
0.0053865835
-2.3310723
-0.5640476
0.18692136
0.93327487
-0.74188876
-2.5845716
-1.5194886
3.3269846
0.11430224
-4.274182
-0.2882362
1.4028313
0.99498963
0.33950758
1.0834433
-1.4603631
-3.111408
1.7690012
0.8390245
1.4421681
-1.9203622
-3.6173065
0.3896145
3.0935588
-0.5035856
-3.5356045
0.37266064
-2.0532923
-1.1155226
0.18823938
1.109056
-0.3389793
1.8327734
0.20421398
-0.63388383
-1.6574146
-1.6485907
1.3578038
2.5338728
2.4915082
4.0561743
0.8696141
2.5062284
-3.5952287
1.5330054
-3.6378295
1.82046
1.6398845
-2.6343696
0.09257108
1.7260815
-1.3788164
0.6168521
1.6974386
-0.1759572
-0.6673446
-0.41231325
-0.6483392
-0.88967115
0.8016865
2.8160048
-3.168115
-2.9052749
1.8483115
0.010131661
-1.1658702
0.03406495
-1.8276782
1.4315094
-0.99813575
-3.0408273
0.24112973
-0.39017352
0.1970554
0.43602324
1.9364692
1.9210817
-4.1921053
-3.437186
-1.1536475
-1.245044
-0.36384133
1.9603721
-5.814621
-1.2882957
1.0475818
2.4359713
2.2809741
2.2894185
-2.5802593
1.0141398
0.81018096
-3.7078977
0.07653735
-0.49590722
0.23079145
-2.3952858
-2.7517939
2.4844656
-1.3398552
0.85185057
-1.2854869
1.9824237
0.7375832
1.9606236
-2.7557712
-2.270405
-2.7283103
-2.9074876
2.1488206
4.563632
-2.501175
-1.6270834
1.0299537
0.95300937
-2.6104505
-2.7966418
-0.99631006
-1.2502522
-2.280103
-2.6467366
-3.6625292
1.0635872
-0.19173728
-0.13745415
-1.6789616
-0.16578746
2.0083401
-1.0500593
0.9703296
0.054836586
-1.4696362
1.3051492
1.0425334
0.08213204
0.8541925
0.6859056
-1.9369284
-1.4244965
3.3901412
-0.18101597
-2.4046464
1.5638978
2.0568902
1.4369068
1.2774806
-0.80858845
0.7405094
-3.0796432
0.8942075
-2.5935717
-3.8777437
0.285252
-1.2165349
1.2366254
-3.9209793
1.3309988
-0.9724378
-1.8384572
1.9275187
-1.5201372
-0.74763006
-0.031583473
0.9199897
-1.9484414
-1.8731539
-3.5279198
-0.3455286
-0.0632472
0.2467417
3.1560946
-2.8101864
-2.8464155
-1.320786
-0.7923227
1.177574
-1.3041427
1.5074409
0.027220838
-0.33732328
2.6821058
3.2250686
1.9059596
0.4637875
0.30123904
0.68601996
-0.49298084
-1.0914174
3.3995464
-1.3866501
-3.9914334
0.5298347
2.0474615
2.6812432
-0.035390526
-3.5641272
-1.7014644
3.0608895
-0.9623237
2.0128222
-1.2995087
0.83446634
-1.5260102
0.029297829
0.53306186
1.7067608
0.59253323
0.4017591
1.4770383
-0.99125725
-2.1046798
1.6487168
0.02896218
1.6416521
0.056761965
-3.4092143
1.3469907
-2.4187455
0.86504585
-3.9316995
-1.2056693
0.12346266
2.554443
-0.2850699
-0.50904375
3.0225987
-0.5235173
0.9567209
2.571048
0.9967926
-0.8610227
-1.5720026
-0.40224147
0.4688635
0.37758446
2.5217104
-2.2028103
3.355769
0.151854
0.20592871
1.8406285
-2.5646424
1.0670183
0.13179485
-1.4976845
-2.673444
2.6659524
-1.3551738
1.5989572
2.3358572
-5.437003
1.3989221
0.39924467
-1.9102445
5.844795
-0.4447574
-1.0265642
-2.1413784
-0.14436236
-4.2145476
-1.2274119
0.69309473
0.9593544
-1.4173155
-0.86920273
0.19127636
-1.0488838
-1.1305851
2.0967362
-1.4825293
1.5366179
1.8186365
-0.9368755
-0.31929523
1.4211949
-2.2145689
-0.97954565
0.22602679
-0.034157116
2.0750136
3.4436002
-2.6169453
-1.3023752
-3.6847224
-0.8430744
0.52121645
4.6894913
0.3202138
-0.16516238
-2.311942
1.5604528
-2.1525502
0.8188474
1.0902683
1.1718923
-1.0715384
-2.2257714
-1.626855
-2.5417242
-1.452137
-0.04528781
1.3481798
-1.6592872
-0.98139316
1.1659102
1.3481292
-0.38124135
1.7293355
1.0373567
-1.1588639
0.29251307
1.6742032
-2.8647063
3.1139667
0.6012049
-1.2987375
-3.224595
1.7353075
-2.0328228
-0.031281896
-0.8840781
2.3522496
-0.7513656
-0.697629
-2.0252628
-2.7263045
-1.555712
2.4745288
-1.3298734
1.442447
-0.21947493
1.6476158
-2.7248716
0.18355252
-2.6203148
-1.1702939
-0.12598357
0.43303454
-4.105526
0.5913025
1.8482211
2.6675634
2.010709
-2.616778
1.596201
-2.3913639
0.23426694
-1.1462163
1.9405298
-0.9253411
4.2602096
-1.079081
-2.8185794
0.9189501
-1.7895386
0.20403033
-2.7238283
2.2459273
1.0720508
-1.2778538
-1.586627
-0.5757225
-1.065016
1.2278748
2.4978914
-0.587495
-1.3239113
-1.3708105
1.2819304
-3.5601804
1.302291
-0.41415817
1.2576967
-0.35391957
-3.6309218
-1.1038367
1.2548257
-0.8353599
2.8206952
1.3972735
2.0225332
1.2698588
-0.7445691
1.4886881
1.7378485
-0.3898834
1.2362771
-1.3242236
3.0129597
-1.7917387
-2.3336902
2.4728096
-3.1926866
1.8745905
0.40219748
-0.47760856
0.33486903
0.7528841
3.2662253
4.1679406
-3.5882697
0.037166275
-0.23923582
-2.2495418
-2.7035253
0.32675806
0.823063
2.7771707
-2.496465
2.223606
-1.4508985
1.3368429
0.90962666
3.1021724
-3.6634333
-1.941879
-1.5719304
-1.5947498
4.175964
-0.3134474
-0.9833165
-2.0063462
-0.4846164
0.18978482
-1.2492588
0.30150634
0.09462855
0.9500955
0.9338447
-2.7384171
-0.54709435
-0.7224698
0.473055
-0.49835467
1.8850127
-1.1526484
0.5360076
-1.9204398
-1.671518
-1.2153035
0.97272956
-0.29735476
2.7969751
-2.83884
3.5836694
-1.535668
0.46486476
1.8296505
1.6331891
1.4891206
2.3414452
-0.63387674
1.2958449
0.99207133
0.9112784
-1.0641824
-1.243584
-0.38392732
0.16589889
1.6337085
-0.8010076
1.8188212
-1.4121974
-0.9328053
-1.6108515
-1.5077688
0.48085454
-4.703045
1.2915032
1.429225
-0.4638275
0.09358449
-0.16705568
-1.1095351
3.758185
-0.6897525
-1.3531384
0.0626328
-1.8324946
3.896419
3.3007011
0.13650982
3.007827
0.6294644
0.13699809
-1.129437
-0.51794726
1.5287869
-1.6778576
0.56858754
-0.13414931
-2.9674842
-1.187227
-0.08484533
-1.1289496
-0.9769616
-2.4646685
-0.44577768
-1.7131354
-2.1169074
-0.09804229
2.7458901
-1.1349473
5.187825
0.69545114
-0.6621361
2.9776938
2.049628
-0.6204407
-2.9382405
-0.4087109
-2.3075845
3.597249
-1.3475932
2.808836
-2.810115
1.9948596
-2.048767
-0.2717893
-2.6443176
0.91620296
1.2348818
-1.9720722
-3.0401201
2.3963509
1.5296018
-0.23453358
-1.5552715
0.9698672
2.6048646
0.4841842
4.530549
1.6999558
1.3447572
-0.9694906
2.722772
-2.6286411
-1.8407809
-1.424285
-1.0998223
-0.85336494
0.56404364
-2.7590117
0.09290075
1.2951602
-2.776784
-1.7598326
-0.2900192
-2.9521842
-0.19445394
1.9439509
-0.2410945
-1.5255209
-0.61383617
1.4731525
0.93614805
1.015572
0.23703206
-0.17389664
-2.1833403
1.4570894
0.9540125
1.8929744
-2.0059164
-1.8282627
-0.6114864
5.0088787
2.993246
-0.674994
-0.85478723
2.114537
1.3079532
-2.480928
-0.23876554
0.70407593
0.95371747
1.3869797
-0.5449362
0.4622638
1.6450237
-3.30927
-1.0043683
1.4696859
3.941119
-1.2899743
-0.30118963
3.0392241
-0.69656825
-4.3044543
-1.191891
1.2921835
-1.4392477
1.8958827
-0.7772387
0.95862716
-2.0020573
0.050344557
-1.3718175
0.7813653
3.1100566
-1.9200131
-0.26547554
-3.5815744
-3.120711
-3.4626799
0.690794
1.0396703
-0.9710248
3.8859086
2.1448078
1.7359245
2.3057528
1.326421
1.8862593
2.8335192
1.3837205
1.8626189
1.0683992
-0.28551555
2.5070577
-2.2015946
-1.7717699
1.1587275
-0.4184002
0.31232005
-2.2076278
-0.5126697
-1.6277255
0.6294165
4.1410065
0.0051017106
-1.8334438
1.6136296
1.1084224
1.7817048
-1.0956819
-0.6558321
-0.36873606
2.463578
-1.5303466
1.3907168
-2.4140174
-1.2609308
1.0170991
1.7334905
-0.026142605
2.7199936
1.5938528
1.2063209
0.34827948
-4.1192374
1.3295106
0.7696037
1.1856296
0.47493392
-0.45213866
-1.1892465
-3.2639518
2.8480024
1.7774136
1.6177431
-1.1794282
-0.8542718
-0.4471802
1.2449142
3.7791321
-0.120099485
-2.734251
1.0106431
1.1438956
1.6008614
-0.5629923
0.03767261
2.991273
0.6031402
-1.582487
0.6686699
-0.09074732
-1.6567395
-0.9223759
0.51204526
6.1455374
1.7218267
-0.4142517
0.4334469
0.7438461
2.9316094
-1.0976845
2.1227658
-3.4966946
0.4808748
0.28870377
0.29223505
-1.1776934
-2.2074966
4.294516
-0.118318506
-1.5908474
1.8898344
1.1922041
2.3718112
-3.336497
0.9902341
0.19832447
-0.4571906
0.8564701
2.3142865
-1.1744859
-1.8048941
0.8397952
-0.2814422
2.97861
1.2061898
0.05968865
-0.34852856
3.6511862
0.99740183
0.702597
2.7318196
-0.22896317
0.30050611
-0.44620037
1.4915049
-0.16281226
-4.7801223
-3.0493443
2.6741278
0.9245924
1.5133948
-2.2579014
0.82052875
-2.4885502
0.5270573
1.4761579
-5.0506444
-0.48068514
-1.592206
-1.4515082
0.9287027
-1.6215963
-1.5346215
1.3596566
-0.11633116
0.12454298
-0.3967402
0.68383807
1.050654
2.3926802
-2.0614436
-1.0588138
-2.4982598
-1.6037713
0.032788098
2.1579492
2.603184
0.54297334
-1.1257921
2.3556757
2.2616036
1.1243176
0.031519435
3.6263678
1.8414347
2.5283704
-2.3226073
2.228687
0.0036703944
-4.165883
-1.1581627
1.4945914
-2.1915903
0.7919771
-0.9290692
-1.6856973
1.8319405
1.857635
0.15746295
-0.5139449
-4.2889895
1.4801435
-0.603698
-0.9911409
0.28822976
2.2126641
-0.74653244
-3.1687193
-0.96507585
2.2482893
-1.2777573
-3.7458413
3.096691
1.3352115
-2.320085
0.9001358
-0.53567934
-2.353495
-5.022566
-0.5579527
2.0892885
1.0211323
0.7069938
-1.9398658
-0.6520013
-0.7041541
-0.12348629
1.0091324
-1.6776636
0.17277727
-4.530638
-0.99716467
-0.47753137
-3.6062067
-0.6672834
1.8424813
0.33185259
-1.9339478
0.967486
-2.187478
0.3973467
2.350986
-3.1415963
0.6009946
4.5960126
1.0683604
-1.6601908
1.9343433
-0.22145142
0.30688986
-0.2690627
-0.3499921
-2.0872
-2.4100199
1.1651967
2.4911244
0.99228954
-0.33437374
-2.2984502
-3.8772128
1.0438818
-1.0707555
-1.923319
4.0277147
0.61333716
-0.37937415
0.18950939
-2.9737256
-1.192027
1.3079727
3.2730956
2.1036668
-1.0130825
0.049387187
-5.548277
-1.7266876
-2.0946212
0.7373193
-0.8169965
0.71509427
-0.7569153
-1.3574672
-0.2617083
-2.5129719
0.7784492
-0.6623246
2.8218312
1.3530742
2.0902877
-0.13518336
1.8379084
-0.7799016
2.3055592
1.7574517
-0.1446168
2.234694
-2.4771886
3.1307948
-1.5496378
3.2319813
-2.5704923
-0.56223375
-2.0617795
1.0959486
1.3500433
1.3494692
-0.60006493
-2.8300931
3.5020118
-0.9318697
2.4043643
2.4717891
1.3008277
0.23432201
-0.89767146
-2.9289992
-0.87079877
-1.0544562
-0.88349926
0.8219803
1.4217534
3.1109407
-0.090574704
1.7754349
-1.5982507
-2.4497526
1.064817
0.26864454
0.31356212
-0.45009673
-0.17724213
-0.28078818
-1.0421543
-1.3578937
-0.7247551
-1.9849653
1.4495934
-1.8362767
0.5976499
0.83507174
0.25871557
1.2708629
-3.470463
-1.1271675
0.5805791
-3.1795912
-1.0323766
2.1998243
-2.422911
1.9959627
-2.6080093
-0.45654482
-2.3497941
0.04451533
2.9675457
1.0941246
-0.49377102
-0.8754378
2.440801
-1.7440743
-2.871441
3.8447716
-0.6799321
-0.47289205
-0.20057453
3.016341
1.961567
0.21396296
-0.21575134
-0.38748413
-2.6537344
0.6489478
-3.2005787
-0.5028864
-0.86688286
-1.1580601
0.6455312
-1.1930587
1.571193
-4.1499524
-0.24775738
2.2375522
-0.037457023
-4.905933
0.07710372
-0.047166534
2.073491
-1.8666075
-0.23602438
-0.42621613
-2.5650706
-0.23945051
-0.82305235
-0.10580582
1.4641823
1.0338026
1.5656729
-0.95467967
0.8885514
5.2410717
1.3872638
-0.11509058
4.1984897
-3.508575
-1.4811114
3.3735223
1.2448466
0.673768
2.66927
0.25579727
-1.0744828
2.0833127
-0.15878472
1.4443713
1.011616
-0.37521878
-1.6368544
0.53938717
-4.095004
0.4206868
-0.49233744
2.1600218
0.16857773
-0.7029386
1.5207365
0.6972952
-0.42819446
-2.306247
0.103731535
-1.8985504
0.7728845
1.0786035
2.5239043
2.1557276
2.7378607
-4.0187287
3.9890306
1.8099331
-0.6660938
1.0304104
1.6642393
-0.7498143
1.3909569
-2.9232929
-0.5086915
1.1378386
-0.34958065
-3.5078506
-1.0313462
0.330557
-2.855983
0.15424226
4.247043
4.596368
0.012550067
-2.3778634
-1.4453251
2.043841
1.4380449
-0.62076086
-0.5314077
-2.3915064
-1.5319929
1.5808046
-1.8033181
-0.18221831
-0.1117777
0.030669756
1.9927619
0.45249355
2.210231
0.5180744
-1.1162513
2.8407178
0.9419828
-0.35938746
-1.1078483
0.6105757
0.26691145
1.1825287
-1.3573873
1.8259712
1.2274898
-0.25810745
-3.0582857
0.14397348
-1.0450907
0.5181785
-2.8282375
-0.30906895
1.1426557
-0.97863704
1.1575271
2.103235
-0.63433295
-2.4798584
-0.66864926
0.27972463
-4.2206984
-1.0055006
-0.80553573
0.946931
-0.38767967
-0.1948188
-5.549435
-1.5145862
3.3441565
0.055809252
-2.097881
3.4373589
-0.5191171
-1.0502288
-0.5193366
0.92841464
-1.3728852
-3.488696
-1.5675057
2.8695326
2.2732356
0.018959492
-1.1108251
2.9923282
0.13685447
3.333544
0.008615784
-0.8033189
1.0426105
3.3134673
-0.17322478
0.6373666
2.2142298
2.704199
3.1044312
0.3111511
4.4776483
-1.7265949
1.1662011
0.75305265
1.6424339
0.0837253
1.1071174
-1.425614
0.94981384
1.9606214
0.31763572
-1.7341348
-2.0963993
-2.3841662
-1.930474
1.733259
-2.2884705
0.47526702
0.20716748
1.0083174
-1.0007805
2.268753
-2.2715344
4.365653
-3.6957722
-0.38068292
-0.38587692
-2.7978327
0.5128422
1.7003006
2.8913755
-1.5769025
3.076854
-2.1850574
0.53595334
-1.008633
0.6617025
-1.6486944
1.0655222
-0.22647397
3.2341473
-0.8658042
-1.2028052
-0.19169073
-0.47243363
0.7910911
0.8765711
2.4785376
-1.517832
0.099206015
-1.7898585
-1.00548
0.7073434
0.1769624
-0.81468135
1.7336997
-0.5557681
3.0277395
-1.7113833
-1.1220609
-1.6214279
0.86861366
0.9015401
-0.2720942
0.34980255
0.84196025
0.9290065
1.8274972
1.6561431
-0.115892835
1.5138996
1.5666746
-2.4349153
2.8054395
-0.17171568
0.6009907
-1.3569198
-5.6839557
1.0326065
-2.3216832
1.0571686
2.8242023
3.0022516
-0.012065101
-1.1065482
-0.46701884
2.7296174
3.4520903
-2.1972513
0.6348176
0.56990516
0.015929207
-2.2268708
2.3847802
-1.21434
-0.95286244
1.593109
3.003939
2.167776
-0.19263026
-3.0431404
1.785949
-2.3502042
0.3404533
4.0311866
-3.3035796
1.0212514
0.6159757
0.27447546
-1.9722366
-2.2211592
0.8385453
-2.2439413
-3.8093822
2.1274533
-3.5622437
0.8091309
0.7820832
-3.8478277
3.9536047
-1.5412046
1.2690173
2.7589612
0.35014048
2.063051
-0.40288737
1.4530739
-3.5941231
-3.6203387
-2.4711661
4.996429
0.43382463
1.8784691
0.5441236
3.961561
2.787069
-0.37692073
-2.0347826
2.8575342
-1.5962448
-2.9931054
-0.65363574
-0.5978816
0.38391468
2.4151382
0.23560447
-0.7869437
-0.5449347
0.78316444
-1.0885147
-1.441637
3.2984607
0.051014062
0.34817278
2.6362286
-0.96130246
-0.8121698
-0.6564645
0.21749559
3.382615
0.744309
0.40581805
1.3685491
-2.5089471
-0.39751148
2.5049243
-2.8178248
-1.9690104
-2.888501
1.5204598
1.6980184
-5.692359
-2.268242
0.8576852
0.10147067
0.7483643
-0.42122638
2.580087
0.6537944
0.03271924
-0.8654503
0.124339394
1.9438909
1.4584597
4.108716
0.72864896
6.862381
-2.7920656
1.3178692
-0.17829183
-1.8560926
-0.17240587
3.019249
0.23040414
-2.4994712
0.111541
3.04157
-2.5402257
0.16505083
-2.8635032
0.8848343
2.3492422
-2.6297684
1.8487439
1.3971007
-1.3401562
3.2882693
0.5285493
0.9044849
-1.2954189
2.6783047
0.40066957
1.0303074
2.7044303
1.4439496
-1.952952
1.0314902
-0.5884113
-2.4539626
2.0329351
0.9658956
-3.7228756
1.5009384
-0.9116892
-4.0505214
-2.6138809
1.5511394
-0.17294148
-2.6751027
3.480395
0.10071641
-0.33913177
1.8984298
0.28001562
3.4428017
3.2325244
-0.534361
-0.66500205
-1.0485523
-3.1605957
0.53033304
-0.63314974
-0.9984755
-0.08879703
-0.44357958
0.24216741
1.7128305
1.0775559
1.362672
1.1918933
1.7643895
-0.38612115
0.14900875
1.6818775
0.36596805
-3.0069757
2.9612036
1.1834311
4.5451765
1.7938702
3.5174403
-0.83414245
-1.1505553
0.04285396
0.6325522
-1.3859195
-4.4283957
0.3888018
-0.72689253
4.229352
-0.40717563
-1.4433745
0.11424215
-2.3567088
0.46947804
1.1602869
0.8363346
-0.9943761
1.1374503
0.33616948
2.5974014
-5.3986573
-1.709152
-3.864299
-1.9149839
-1.9323932
-0.2865295
3.8278382
-0.85429716
-0.15472057
0.9671803
-3.3648973
0.83785856
-1.2038453
-0.57171595
2.2589636
1.3966378
-1.4073822
1.2772654
1.1562767
-1.7693812
1.5012289
-0.069583796
0.17671031
1.6736001
0.09334759
-0.1617729
0.9529123
3.140874
2.2763796
-4.7475057
-0.015208438
-1.6588799
2.6930654
-4.6060696
-2.4702306
-1.4193027
0.46055585
-0.4185619
0.106967464
-0.5934685
-1.8112963
-2.5844598
4.260854
-1.3714738
0.8721114
0.3015158
0.010193326
1.0018396
0.5874628
-0.5176576
2.8547342
-3.1273181
0.8341389
-0.39454073
-2.7675412
2.931106
4.387485
-2.490569
1.2977782
1.2674415
0.6462232
2.1565754
-0.4034371
-0.1600442
-0.20422968
-0.4441701
0.6790347
-1.7390867
-3.2634757
-2.0172446
3.1428967
3.1393704
-3.1533477
-0.19615409
0.19539708
-2.3599827
-1.7416432
1.2951353
-2.9820533
-2.9547677
1.3988132
-1.5144773
-0.93374443
-1.3533907
3.8231752
-0.0945503
-1.0433321
1.6609992
1.7118446
-0.6159018
-0.007996168
2.4655263
1.0886939
-3.2891262
1.7965009
-1.090673
1.4428532
1.8590816
0.1526579
1.6778252
1.4240147
-0.30856922
-2.645402
1.0852653
1.4041958
1.9932909
-0.58693975
1.6125859
0.06530709
-0.2059305
-0.7603899
-4.959367
-0.4765849
-0.12877929
-0.54846287
0.5798756
3.000992
-0.14007917
0.9716163
-2.6958573
-0.61091644
-0.06329956
1.4113557
-0.96137357
-1.7985134
1.5202799
-0.39267933
0.64122236
-1.7605826
-1.581946
1.2045163
-0.24699286
0.10180913
1.0199242
0.5499
0.7749857
-0.14944918
0.20610538
-0.17831738
-1.1622847
0.5701436
-0.4571529
-1.766335
0.116457485
0.70479316
-1.2458746
-2.3365312
0.26306105
1.3063558
-0.9710807
-0.1731545
-4.6949778
-2.0288084
0.11566371
2.7518177
0.3856036
-3.928722
-1.337683
2.0091348
-1.7873588
-0.60769594
0.18656453
2.4132853
1.353149
-0.41365173
-1.0344218
2.5316408
-0.7203965
-1.239052
-0.108213335
-3.2325706
-0.16403317
0.23269683
-2.8527138
-4.2446694
-1.7406892
1.9787747
-0.016965877
-0.49077475
-2.7867646
2.3450136
-3.8907013
-2.4994907
1.4999766
-3.3680553
-3.7603219
-0.049248256
0.71168214
-2.3591228
0.38476017
-0.16836347
-0.92872006
1.4365795
2.016725
0.87067556
-2.0014973
0.19680308
-3.1300983
0.8891325
-0.33475852
-1.459603
-1.0473033
0.5034017
0.54620016
3.0254278
-4.0740404
1.1995218
-4.0244746
-1.5915519
1.3304846
2.653712
0.7199967
1.6374145
-2.2447143
1.1337328
0.04411048
-2.7915292
-1.7874188
0.77756476
1.2028371
-2.5923195
0.41778034
-1.2940891
2.2809176
1.0903211
-3.1398022
1.2142918
0.37098366
-0.25269446
0.5949936
1.8248575
0.37588683
-2.7943282
-0.4718676
0.107904375
1.9689655
-1.1523901
3.3693209
-1.1027571
-1.6567743
-3.528096
2.588313
1.1074699
-5.762197
-1.2536523
-0.9239865
1.1775894
-2.4862807
1.162512
-2.990078
0.45989233
-2.179234
-0.93661904
2.499157
2.9606097
0.9618152
1.2373027
2.062491
5.756195
-0.55760187
-1.8001323
1.0697967
3.0116894
2.4498324
-0.65292704
1.9980924
6.084397
-2.7009358
0.68886286
-0.8689287
-1.3651489
2.781364
0.39864153
-1.3534602
0.79439867
-1.6047304
-1.7623836
4.5927815
2.4997654
-1.7998157
1.0501528
-0.82632244
-2.2438989
3.3515844
0.5111647
-0.632316
1.5224689
-0.4276427
2.9151523
1.0321062
2.4960222
0.13803142
0.22504571
0.4219281
3.1457155
0.61020875
-2.5989885
-0.61257917
-3.3368893
0.30977124
4.7903438
-2.8107858
-0.2830712
-1.1132379
-0.6568101
-0.22608498
-0.7728047
1.8585132
0.4628971
0.5566314
-0.7769762
-1.2560437
-2.2724068
0.046417035
0.8649313
-2.4284399
0.66483927
0.096308105
1.4237847
-3.305972
-0.8902235
1.1990124
0.45312685
0.97678494
-3.8472457
2.1440258
3.4226463
0.66576886
0.004825961
-2.6039073
0.5842831
-2.6344693
4.4872274
2.832955
1.6262041
1.9456525
2.6800098
1.0282664
0.36124146
0.31495312
2.3670132
-1.0603524
-0.30553505
-0.71617746
4.597224
0.25120357
-1.617645
-1.2736443
-1.2210143
-0.02854383
-0.29103142
-0.9282216
-2.653832
-0.00326211
-1.3731358
-1.3404882
-1.3009428
0.8797915
-1.5055399
-1.7165413
-5.4131193
2.9413319
2.8068962
-0.9818957
1.7652048
0.55986327
1.2630055
0.8344657
1.4990579
-1.5993207
-0.16506687
0.6461482
-1.2633921
3.3530288
0.61144775
2.2911992
0.37671423
2.0659173
-1.9000524
-1.922294
-0.44804183
-1.8153303
0.67340785
0.4364139
-2.4192355
-0.2800725
-2.3259783
-0.60628146
-0.25998926
2.6509473
2.256298
-1.6253577
-1.0307206
0.2695083
-0.8382817
-0.23024967
2.394608
-0.1473942
-0.2592503
3.0910869
3.596204
-2.1150455
-0.2149702
3.5682778
0.8568671
2.4129875
-2.6365366
-0.65227497
1.5651164
1.9334872
-0.97904915
-2.257551
3.4381068
0.849216
-1.9653996
-1.7093433
-1.7153647
-0.8053028
-2.489189
-0.25221294
-0.27185056
-2.3732789
-2.1337051
-2.1183345
-1.9425992
1.4773818
0.4424638
0.039558657
3.2656093
1.390626
-1.4863417
-0.08158233
1.3343066
-1.7100042
-0.6378287
-1.7966838
0.32316366
1.1808387
3.0556893
0.9906912
-1.080226
0.7060867
-0.35765696
-3.7930844
-1.571611
2.9277587
1.488714
-0.623637
0.6858175
-0.4400532
-1.5479052
-0.21454209
-1.9757304
0.40045327
-2.0036407
0.33122146
-2.0256562
0.38671988
1.0469449
-3.4184444
-1.8421212
-3.9893923
0.31368512
0.13360919
4.326741
-3.311301
-3.2453403
1.877825
-0.3560885
0.45737457
-1.6331733
-3.5650842
-0.7036227
0.34308428
1.4309843
-1.6322608
-2.6125548
-0.99381286
-0.9496871
1.2287903
1.3035605
-1.9632971
1.9055225
-1.112963
1.3067392
-1.5887945
0.68953544
-1.5779767
-1.3534042
-0.55524236
-4.753697
0.6438374
-0.43808568
0.47574428
-2.9354112
2.0175464
-2.6784625
-1.8963673
-3.603428
0.014171764
0.7614998
-0.9603174
-0.63188565
1.4510975
-1.3543429
2.192996
-0.0056691095
1.3045129
1.4047874
0.21910836
-0.77693075
1.140352
-1.3021523
-1.7636281
0.1315929
-1.5976553
1.8435155
-1.8897954
2.7111742
-1.0951976
1.3980204
1.3468412
-2.3620584
2.032452
-1.284797
0.71428293
2.3868651
-0.3420909
1.7330059
3.7960634
0.8102204
1.3312081
0.8341751
-3.764247
0.12381697
1.3316753
-1.8536322
-1.0819315
-1.5018342
1.0517412
1.0184023
-0.43673393
1.8345277
1.2834382
4.9023886
-2.4079905
1.0935587
2.933563
-3.401245
-2.9300082
0.78146404
1.9402375
-2.068607
-0.43968174
-0.7695933
-1.4494132
-1.0257533
0.5978299
0.49798995
-0.07559304
-1.1049032
-0.4604118
-4.614021
1.6312696
1.3850902
-2.1685665
1.2830178
1.8417747
4.6052604
0.75961334
-2.9263573
-4.4610314
-1.2516155
-1.9868275
-3.4702013
-1.966279
2.142146
-1.8782084
-2.5507274
1.2942544
1.1820103
-0.4374792
-2.5974956
1.776325
0.6058517
2.5304885
-1.2849525
0.4915045
-0.06251885
1.6809808
-1.6816868
-2.7594812
2.7936
-0.25028646
-0.8964257
1.7161471
-3.880209
-0.31305432
-0.40637133
3.0178132
1.3988737
-2.189273
-0.40102583
-0.056119822
2.787112
2.0290022
-0.05878462
0.83871096
2.8672361
0.74046254
-2.0208354
-0.50919026
-1.9323878
0.5917359
-1.5684572
1.0450015
-0.46574193
-0.12567437
-0.39746797
-0.74352866
-1.4541385
-1.7302232
1.2558975
-2.7235746
3.8386319
0.6224644
0.43678743
-0.02142679
1.3986303
-0.6085403
3.3437815
1.935408
0.27265584
-1.3116599
0.9355582
1.8294337
-0.77260286
-1.5655875
2.9950655
2.6583154
0.23856562
0.5472391
-1.766476
1.0133357
-1.8932735
0.79165053
1.023869
-3.8924932
-0.8016806
3.2998369
2.4759004
-0.62552536
-0.04896731
-1.3117524
2.4475913
2.4922364
-3.6780705
-1.0996062
-0.9602803
-3.7103703
2.028509
-0.37850168
-0.657964
0.20846704
3.2302759
2.0555959
-0.3146686
0.90582424
-1.4332763
0.6616302
1.5403755
0.80287766
-0.15736204
2.275667
-1.8126721
-2.7575784
1.0073892
2.1113002
0.008290254
-0.9219456
-0.63945186
1.6949874
-0.20532244
-2.0929706
1.8092571
0.3472682
-0.93877053
2.1087618
1.7653487
0.4135806
-1.3943255
-0.35285082
-0.7199507
0.046623744
-1.1359808
2.1576219
-0.94004357
1.7051278
0.15234478
-3.1283987
2.357738
1.3173298
1.0875024
2.142624
-0.32874984
-0.69822323
-0.37569982
0.32669455
-0.66013944
2.9991267
-1.2239517
2.0770948
-2.4960124
-0.2324838
0.2368533
0.05586288
-0.12616888
-0.46967447
-0.16195175
1.7739027
2.5763843
-1.0523939
1.998011
-1.6063902
-1.4941434
-2.6617165
1.4197123
0.52500844
2.1273224
-1.5890665
-0.93473864
3.2998316
0.25401154
-1.7216517
0.40082565
-3.3263628
0.21578667
1.0792295
-0.06822516
-0.59791386
0.5840976
-1.7172871
-3.7948873
-0.64284897
0.21573868
-1.9870505
1.2683454
1.8514555
0.40059748
-1.041679
0.7039008
1.1551536
2.203099
3.1994064
-0.6311243
-1.9986148
1.3933762
0.5322373
0.24075553
3.5701537
-1.5221225
-1.14828
-3.189602
2.3061533
1.0957193
-2.9550014
-0.38955453
-0.49822325
-0.04126031
2.312728
-3.6448443
-0.46578178
-1.0058594
-1.4203055
1.8871635
2.2538013
2.5721526
-2.6651103
-1.8445154
0.04505051
0.086015485
3.726851
-1.4919142
-2.6763933
-1.6994404
0.46159172
-2.7222545
2.2698486
0.79208314
2.3744996
-0.056157596
2.516431
0.3364012
-0.78377336
0.15429223
-0.80734336
-0.63789594
-1.5970652
0.350111
-0.20235436
2.0354443
-0.4312844
2.2462802
-4.3656745
-1.5631549
-0.06729823
-1.2161403
3.2412648
0.14960982
5.2716966
3.103088
-1.1188979
1.789614
-1.8330178
-0.97870713
2.549385
1.3343004
-0.12580726
1.5943534
1.2890303
0.79049355
1.9821541
0.94762003
-1.905353
-0.47485065
-4.593612
2.4086854
-1.156814
0.03761448
-1.8570621
-1.8502156
2.5462027
1.8530655
0.42583644
-0.123382404
3.445033
-0.5219042
-1.3931905
1.4573548
-1.4568994
0.83691347
-1.1897634
2.5162313
-0.11695536
-1.5345429
1.3594662
-1.1893692
-1.4553018
-2.3371453
2.3473587
-1.8024045
1.2605236
0.012246974
-0.053965755
0.49427947
0.5357658
-1.3034948
1.2171274
-1.0428904
-4.6373234
-2.2388911
-0.43646863
1.2749509
0.45680216
-1.6851559
0.72666997
-0.26065338
-2.2612774
0.16591346
-2.241399
0.6781535
-0.83596057
-1.446312
-0.59950346
0.758588
2.680629
-0.78069955
-0.9858649
-0.4536061
-0.85553354
-0.9320075
1.8499031
-2.4874442
2.8918335
-4.6401153
-0.82069504
-1.0813899
2.5418985
-0.1782527
-3.566549
-0.4645522
0.9518907
1.0898324
-3.6191936
-0.90765935
-0.9089961
2.4016855
1.9666158
0.7421731
1.3946772
2.4237416
1.814376
-1.8193629
-2.3271034
0.6546211
1.357252
-0.29869962
1.0693146
2.724505
0.36375797
-0.37884802
-0.16968057
1.3256515
0.30831397
1.3390594
-3.0275605
-4.662786
0.26331136
0.8944172
1.6312448
0.08619858
-0.010260895
-2.6989198
-1.0785865
4.006196
-0.30858943
0.06817874
3.5061707
-0.4666351
1.7497454
2.8020825
0.0053109713
-3.1222858
0.31903797
-0.6378036
0.9335563
2.6144285
5.0597363
-1.8638651
-0.89625615
0.43473744
-1.7308085
-1.1945693
1.5706134
-1.0817683
-3.6946464
2.518034
-0.98259515
-1.3460585
-0.6912589
-0.30279762
-1.5778048
-2.1216233
-2.6251807
-2.2311778
-1.5614542
1.731522
0.87642896
2.4752207
-2.461619
0.2064338
0.51410955
-0.29770592
1.0434194
0.2428458
0.05991616
-1.7454679
-0.39024347
2.3870645
4.098753
-1.0279857
1.0157521
1.0257314
-3.4786713
-3.645335
3.5908475
-0.36777598
-1.916383
0.3990329
0.39682105
-4.0947146
-2.7445424
-0.7185965
-2.486681
-0.91867864
-1.459517
1.1498928
0.370521
-1.2153484
0.95041585
3.9852395
0.6266834
-0.44183
-5.6668963
-0.005248554
-0.61726344
0.61864626
0.6234085
0.19916123
-1.1154206
-2.5489326
-0.6579395
-1.995999
1.123452
0.92120147
-0.55532753
-0.32752746
-1.5654198
-1.4419017
2.0518565
-0.9976584
1.4002471
1.9662086
-0.027946573
2.6873386
-3.119735
1.170005
0.14720978
-1.1635602
1.6626805
-0.828709
-0.031193018
-3.2589824
0.36325684
0.56843275
-0.30025843
-0.52630633
1.6993201
0.8069573
2.2239444
0.2350704
-2.4042592
3.7088037
-0.14082357
-2.5222967
3.4353867
5.7333093
-2.1199532
0.55584735
4.0844817
0.12117852
1.6080608
1.6375489
-0.9282736
-3.005738
-3.250299
1.726234
0.40090197
-1.359282
-1.2750987
0.9421218
-2.7760777
0.10735455
2.697615
-1.0086474
2.0027783
1.9915998
3.538797
-1.2349195
-0.12712279
-2.610247
2.4910152
0.34611723
2.8800466
0.9132095
0.6360685
-1.2678897
1.3851341
-2.330953
0.23459417
-2.5192652
-3.129528
2.7407992
-1.5891427
1.6361136
-1.8224611
-1.4524356
-2.0608256
0.485199
1.6977352
-1.0583589
-0.3971189
-1.9455248
0.5624592
-1.1620363
0.48094362
2.4937322
-0.51925325
0.35752764
-1.305894
-3.4214833
3.2660089
1.6972085
0.50008744
-3.0319178
1.2228756
-0.2677538
-2.357733
0.9134846
-2.8037906
1.4636691
-1.4046954
0.8989884
2.3885496
0.063557774
-1.5381011
-1.0551554
0.31965533
2.3300014
3.5746934
1.4776363
0.7232147
-1.6493495
-1.1609037
0.78814983
-0.04660442
5.360912
0.72068685
-0.055172004
-0.19629005
0.9031138
0.4244386
2.8235328
2.2987337
-2.7326498
-0.48868534
-1.9584788
0.11071223
0.6689617
4.0640326
-2.2949018
-0.7395449
0.49704102
-0.46626458
-1.5372674
0.9238036
-0.8349823
-2.6714706
-2.2385697
-1.822021
2.2949326
0.4425491
0.07208126
-0.81967413
-1.6799839
-0.9103708
0.46697712
-3.1948044
2.8059707
0.14739376
1.3041967
1.141538
0.31437302
-0.3484788
-2.0390542
-1.5559781
-3.4056914
-0.4402865
-0.15240774
1.4716519
0.25837946
2.1153476
-2.6156561
-1.0858757
-0.91547817
0.59886193
-0.80237335
3.2904577
0.43894455
-3.7850902
0.22973321
-2.874649
0.10040093
-2.3058388
2.2877274
1.755131
1.6417434
-2.7404559
-0.9285275
-1.7751058
2.052061
-2.1814134
-2.3505325
1.6289842
-1.3028259
-0.025117852
-0.8220254
-0.5756929
5.8754783
-0.08834172
-0.07317425
-2.0807738
1.7406921
3.541356
-0.059225537
-2.0952878
-2.515708
-2.547672
-1.2550071
-0.3792768
1.0592436
-2.1369991
-0.89997786
0.70615023
2.7258337
2.3325584
1.9887294
-0.5596874
-1.5160254
0.97237843
-1.2952809
-0.6853154
-2.838924
-0.5598257
1.4927837
-0.9053309
1.7136676
0.32393634
-3.031197
-0.73730266
0.60769194
-0.62037265
-2.7424498
-2.9809313
-1.344678
-0.77482283
2.7213
0.4951674
2.4367878
-1.1322191
2.2907817
-0.5958833
1.10456
4.4503584
-1.1262798
0.7570681
-0.572861
2.5021076
3.8972242
-0.14985275
0.3671932
-2.887442
-3.350937
0.6228082
-0.9518952
1.2085867
-0.1057689
0.11869641
1.9477161
1.2974137
1.0216773
0.30552715
1.0013211
-0.6199974
2.6893408
-1.41129
-3.5006993
-1.4758787
0.25010455
1.64066
-0.54667807
-0.056583434
-0.33341736
-3.8494353
-0.058196343
-0.81318086
-0.7584076
-0.4165963
2.256895
-2.677554
1.9650187
0.4938009
1.3967847
0.48954123
0.78908485
-0.27819753
-0.5307486
-0.69000095
-0.62183446
3.5456698
-0.52749515
3.255008
2.1153183
-1.9508216
-1.8681818
-1.2046727
-0.21505332
0.57634693
4.066268
-1.2073907
-1.3874556
4.7798495
-0.2977765
-0.23650347
4.15769
0.96874315
0.17723988
1.141209
-1.1455047
-1.4434823
0.755336
2.0009806
1.9282784
-1.6348552
-1.0957069
0.2437748
0.8396946
1.1763002
-1.2401675
1.4672369
-3.4393654
0.6881342
1.0924802
3.3288445
1.7684467
-0.6432207
1.3395567
-2.0652199
0.50508803
3.7614758
0.14308116
-1.3934898
0.29901284
1.334897
3.3914583
1.78595
0.73853177
-0.03844518
0.49054608
-0.51449203
2.1418588
-3.8276966
-0.78681475
-1.5097473
2.801734
-0.09619398
0.1995844
1.2569572
-2.2027388
-1.1101036
-1.0486007
1.0555394
1.3134515
2.7329068
-2.1223588
0.022226676
-1.497234
-1.959642
-1.7280945
-0.60659814
-0.25770688
0.7010919
0.6855295
-2.325842
-3.3113837
0.9282471
-1.0566155
1.3423185
-0.75410557
-0.8334719
1.9087648
0.57819194
3.8171754
-1.7964855
1.468791
-0.44680294
-0.8815477
-0.15694448
2.0213087
3.1119435
-0.34706077
1.3073174
-2.6776736
-2.6469874
3.586541
0.33922225
1.3914223
-5.102261
-1.698319
-0.22374952
0.53295505
-0.23889115
1.8387942
2.7043724
-1.3255695
-0.46257007
0.12824953
-0.30036122
0.010998741
-2.8205829
0.21623504
0.6096624
2.5277157
-0.23684129
-0.807533
4.0700073
-1.9948405
-0.8839948
-1.4987017
1.512929
1.6280277
2.1868284
3.8117344
0.37857735
2.1778257
0.9236816
5.2134295
-0.5467874
0.7179291
-0.019166172
0.43053147
0.8771523
-0.99613523
-2.6457853
-0.31923115
-2.2818627
-1.2076627
-0.44634968
-1.1466236
0.6437247
-2.2972615
0.8596555
1.8712896
-1.847061
-1.7316693
0.36119592
0.26698944
-0.026217058
1.3329922
2.0907266
-1.2099239
-0.797496
0.9680318
1.4820237
-0.41433528
4.0073967
-1.3162429
-0.18969466
0.3739985
-2.2910225
-3.931683
-1.4981917
2.5038264
1.1695347
0.8496834
3.9306567
2.0919764
1.8676068
-1.918088
-0.2495557
0.6356914
-2.4421048
-2.3509977
1.1769487
-0.6017615
1.3700994
-0.7108153
-5.110495
-3.4058952
-3.6316674
-4.3815875
-2.4611218
-2.4680645
3.489823
-0.6192826
-2.7226553
5.216811
3.116471
2.7895155
0.12474925
2.4526222
-2.8564427
1.6075594
2.2476733
0.9294496
-0.20104653
1.3306146
1.0569625
-1.2851696
-2.2895458
0.83621675
1.5784234
-1.4943231
2.1235044
1.3452336
0.606845
2.19867
-2.1591277
-1.152039
0.7217225
1.5433401
-3.532107
0.31927252
-0.99115956
-1.0739948
-2.6025302
-0.22259705
-2.6258411
-1.2744634
0.37411627
1.192537
-2.0815117
-0.36255527
2.5815985
1.2270244
3.828514
4.7716227
0.6963468
1.5961684
2.2138197
2.5366552
0.5493988
0.44600886
0.23928982
-1.5974833
-1.720418
0.82800525
1.9676712
0.017445728
5.2691402
0.3575655
1.1183001
-1.9834746
-0.5853584
-0.67626655
-0.5543577
2.0929306
-2.574019
4.7833395
-1.6294382
-0.19772181
1.5426468
1.0830872
1.013115
-3.0337496
2.6510491
3.1155121
0.13594127
-0.8417495
-2.658218
-0.24928409
1.8797799
-0.62487876
0.9254679
0.99844706
-0.02259171
0.910779
-1.4774394
1.0369959
0.034106642
-0.19417366
2.4303427
-1.5865458
2.496191
-0.4801874
-1.3391165
1.509714
-1.4103161
0.30285943
-1.8530415
0.31809053
0.7708058
2.4267988
-1.2165741
0.9536891
-1.1318333
-0.6268319
-1.4172552
0.9840685
-0.58659863
0.12938966
-1.1830803
-0.011730067
-1.8393435
4.0474925
1.1849681
0.6500314
-0.05279497
0.26267844
1.0831543
-0.22708306
-3.2192059
-0.23187909
-2.2373643
-2.4509242
-2.2137678
-1.2341192
-1.4849513
-2.432578
0.14950159
-4.654391
1.6588993
4.3525577
2.7311125
-1.3180661
0.06587216
-5.4129744
0.33250597
0.58598566
2.0595918
-2.5412602
3.1010273
-0.46774417
1.3988225
-1.4139146
0.7113557
4.3493223
-0.09373075
-1.8620896
1.4204222
0.93085015
-0.8494029
1.6082592
-0.51576716
-0.105643995
0.758831
-0.6626225
-0.61964387
1.3476564
-0.1892101
-0.5580801
-2.272758
1.0733843
0.596422
-0.58526504
3.149397
-0.13255322
2.2563643
-1.2644725
-0.85231405
-1.1463237
-3.2767766
1.5283029
-2.507823
0.29393303
-0.12214551
-2.9168189
-0.60590607
1.2467386
-0.6597172
-1.1591878
2.453408
0.03345169
-2.0360782
2.8416264
-1.8680822
-0.10505641
-0.7032095
-2.1470504
-1.968815
-2.9177694
-1.6602479
1.9393849
-0.16351482
-0.29801255
-1.4807048
3.460145
-2.0117567
-0.9857315
-1.4125797
-3.664802
-0.18679711
0.07988662
-0.79683477
0.273233
2.1504366
0.5471885
0.48778167
1.7427695
-1.0314316
3.1785696
-2.5304146
1.5434251
0.29990667
-0.74585724
-1.0059344
1.5906823
0.22262245
1.8669697
0.5787966
0.9966598
1.0194563
1.1758246
-5.1264052
-0.6486692
-0.6877526
1.5520015
0.75436753
1.1124213
-0.6832294
0.94293696
-2.5480855
-1.0763931
1.7340171
-1.3165697
0.99279773
-3.1894631
-0.63605016
-0.1021422
-2.9809418
1.3940469
1.7860941
-0.4610543
-1.6586066
-1.2549704
-2.9103677
1.8204116
1.989736
0.46670434
-0.118296675
-1.2442105
-3.5382333
0.2635796
0.36012983
2.4625897
-0.48089322
2.0281715
0.027818456
0.91641504
0.43705568
0.023637976
-0.096400104
-2.6296346
-2.6895623
0.04547722
-1.2865931
-0.5877535
4.440951
4.1227427
-2.7964134
-0.57011545
0.12870423
-0.90566415
-0.53157854
-0.13287012
0.36243248
-4.244186
-1.8607681
-1.2866409
-1.020743
-3.2835906
-2.7481418
-0.5641156
-3.3770208
3.0640233
3.7496283
2.502274
0.7295554
-1.8082657
1.812792
3.2189355
-0.4484776
-3.1632411
2.4005191
0.67988294
1.4779816
1.0296215
-1.8673024
3.3231695
-2.0127666
-3.6295886
1.1774323
-0.20698696
-0.9436572
0.32878935
0.6834506
1.8846328
-2.4186623
3.9266913
4.3635206
-1.9991195
0.72118944
-0.59922487
-2.3177843
0.073336825
-0.57158625
1.1903232
2.1897495
-1.3723547
2.6614778
1.1342186
1.2667631
2.7642026
0.81376326
-2.0588691
4.0770807
-3.2284052
1.0950547
-4.0982256
0.28833646
-0.8194387
0.8022798
-1.3532276
0.39552805
2.460895
-2.6170263
-2.5318935
-0.30855286
-0.58598983
1.8751485
0.7827509
-1.1757344
-0.34336692
1.1742208
-0.3665781
-0.5362414
-0.25367182
2.3102336
0.752933
-0.3089811
-2.7090106
-0.16512814
-3.2106042
-1.3622693
0.7513959
-2.4718616
0.3704532
0.09748074
2.5358796
3.3809376
3.3180492
0.6073403
-0.6253053
-3.2315426
0.6831658
3.069848
0.9838668
0.3318117
0.039646976
-2.2338214
0.43063802
2.1952326
-0.61424655
2.9094613
0.36026692
-2.4994721
-4.5485826
-0.3112113
1.6096097
-3.1203792
-2.0565934
-0.9264962
-1.3058707
0.6059348
-1.431382
1.8098909
1.9210718
-1.4148028
1.1688603
0.68680704
1.478207
0.23549634
-3.297477
1.6081089
-2.8270319
0.6437656
0.12760398
-1.0532823
3.4756694
-0.60838294
-2.2677484
-2.0185359
-1.8863928
-2.061184
-0.38047597
0.83447134
-0.35393798
-1.8148936
-0.7547989
3.4985814
-2.315766
-1.2184356
0.20010087
-2.4092646
0.17794213
1.2337775
-0.39143375
-1.2921174
-3.131453
1.7201056
-1.3647522
0.43635836
-1.2567605
2.9473624
0.972355
2.0275452
-0.093631946
1.0355502
1.5714822
3.636286
-1.9971094
0.78552276
-1.7929825
-3.876047
-3.8789732
0.14549384
-0.5393029
-1.0775517
2.0805655
-3.3551888
-0.47885984
0.5095142
-1.252076
0.4859365
-3.3122144
0.4471761
1.201254
-0.14701383
-0.87052095
-1.5812196
1.4358045
0.7194889
1.5876124
3.004996
0.97676057
-0.23413649
-3.8600993
-2.8925912
-0.02632843
-0.1710522
-2.8322647
2.6400366
-0.64342946
0.90418386
2.1047928
3.051151
-2.9201927
-1.03247
0.0061440133
-4.3945217
0.5155754
2.465704
0.8157183
3.0870383
-2.3518925
0.422414
-2.508548
-0.5185829
0.3184913
-3.003583
-1.6032748
0.05272925
-1.945214
0.43545157
1.4653938
-0.60434014
-2.1707716
2.8831818
1.5938238
-0.7757435
4.32395
-3.2673817
-3.3438258
-4.323167
1.9563437
-1.7857292
0.60565555
0.98628044
1.546848
-1.9830198
-0.6588146
-0.87618196
-0.071483344
-0.5966022
-0.56544435
-0.74225324
2.458196
1.3333132
-0.01505591
2.333898
0.3247034
-2.342894
-1.1188403
-0.4749697
0.19623688
-1.4342796
1.8133343
1.2910608
0.18107441
1.1143637
0.3231698
-0.82467526
-0.71447384
-0.7070463
1.0343366
1.408185
-0.6074
-2.8090925
1.2703605
2.5880315
2.6359236
1.1171737
-2.5368862
2.483771
0.21649577
-0.16353896
-0.4293382
0.41951656
-2.0920475
-2.5507736
2.384261
1.8327357
-1.2321411
-0.79995483
2.1871164
0.25661424
-3.0102773
0.38715643
3.1248548
-1.4379308
1.2180212
-1.8637203
-3.0379727
-0.57777303
-0.9381793
0.15862525
1.7066786
1.8604479
-1.1775162
-3.006154
2.796568
-0.8704949
-2.1601222
-1.8522022
2.977041
1.248841
-1.1056142
0.44390503
2.5261686
-1.3097545
1.4041141
-0.5452826
0.6191972
0.1661794
-1.399032
-1.8622279
1.1735502
0.17323427
4.248326
-2.2793818
1.3999856
-2.1932063
-0.5857932
-2.592828
1.0595658
-0.7631822
-0.76372474
-0.97053707
-2.5899005
-1.4634914
0.8773018
-2.8208275
0.281012
-0.09505009
-0.9535876
4.207103
0.67135054
2.7609036
-0.23898958
0.67281073
-1.3944907
0.3293539
0.996235
1.1960195
0.68619585
-0.7234319
2.3592389
0.6750695
-0.4329166
1.4733299
2.832402
0.3992445
-1.7507838
-0.5999054
-3.1839073
0.010834426
-3.6767766
1.8241259
3.398931
0.5801606
1.5021917
2.4469445
0.71148765
-1.8820632
2.979009
-3.3745155
4.4385223
-0.014020264
-0.58355665
2.3365374
0.9277246
1.1068135
3.813783
0.65382236
0.1499817
-2.2839305
1.7892915
1.8215702
0.54014546
3.025836
-1.2471758
0.9167863
-0.27254552
-0.42764363
4.8024826
0.5534201
-3.9502258
-1.0913707
-0.037471183
-0.3174215
2.5974717
2.3504746
1.8296274
3.4998076
-0.2424685
-0.8690191
-0.6261483
2.8006768
0.645283
-2.881346
3.2766495
-1.7038062
-2.5453384
1.1992221
0.21838714
2.1571841
0.4585196
-2.3696363
-4.156064
0.8610634
-0.06347019
-0.08874486
0.52332664
1.1423649
4.350093
-0.50430435
0.3736272
-2.1095128
5.083171
0.9297759
0.3677507
0.16408226
-2.3284047
1.8422171
0.8903405
-4.8284025
-3.3459897
-2.735219
1.4918312
3.4015894
0.47784376
0.2852503
2.480543
-0.58758277
2.038627
0.8284881
-3.1443121
-0.23652656
2.826833
-0.687879
4.3139744
4.110051
1.899306
3.3949986
1.5455719
1.9498023
0.035502233
-1.9236578
-0.771807
-2.2303312
1.0763496
1.0667678
1.6533488
-2.6777117
0.45676002
1.9404131
-0.46253136
-2.8315473
1.5865345
0.8011549
0.879309
-0.2162666
-1.9327824
-0.63143295
1.7610507
-0.030215696
-0.3263367
-0.22169945
1.4672333
-0.15554895
2.403491
1.5367798
0.09648051
1.6205957
-1.5757809
1.3091936
-0.6815711
-0.031647768
0.40704772
-2.0817094
3.746881