Nesar
1
-1.0195506
-3.4829614
-0.43485844
-2.532716
-1.9871876
-1.8393984
1.5090925
3.5522335
1.1875728
-0.15452683
-0.5640463
-0.1502947
0.012672171
-0.51404655
0.096444264
2.2544093
0.6554499
1.7721972
-0.8575592
-2.6285167
1.260671
0.7399015
-0.6839191
1.1037164
1.2569532
1.4600369
-1.8407477
0.906249
0.50950867
0.44517174
0.26996592
-0.9900522
1.621567
0.21004152
3.1297064
0.007635571
2.5432339
-0.7983387
-0.6369057
-1.5254093
-2.7342224
-0.8772706
0.7663321
2.021352
-2.8570817
-0.47395724
0.93397427
1.0379279
2.3938422
1.1591266
1.773288
-1.4713343
-2.3375869
1.3977996
0.29515323
-0.12097109
1.3752551
-0.053893417
-0.46119124
-1.5109991
2.6440356
-2.5924397
1.5255241
-0.9132862
-1.576351
2.813256
-3.4492686
1.7782062
-3.0031867
-2.5304155
0.53056717
0.35350144
-1.0856582
0.25591788
-3.5041242
0.6255465
2.5296001
1.5656575
-0.25814718
4.103939
-2.182593
-3.4077277
1.9706588
1.7580354
-1.7110001
0.9267971
1.704354
-2.8054626
1.6212773
-1.6229459
-0.82575
0.030857954
-0.48678857
0.26980916
-1.4525415
-2.8493366
-5.9994917
1.9482154
-2.729893
-0.37173414
0.6187842
0.5310587
-2.199479
-0.4031887
-2.9418373
0.30729765
-1.4034152
2.2931995
1.7462887
3.1396666
2.3910093
-0.58178216
-0.42357436
-0.7417742
-4.527838
-0.9245416
-0.59877545
2.7760565
2.4206092
2.2868233
1.2795131
-0.6471409
1.2745562
0.3082078
0.10216007
-1.1035565
0.86059445
4.4464397
-0.100251764
0.4553578
0.22990173
1.1571633
0.8885359
-0.28906113
3.152669
-0.0765358
-2.0767646
0.92199117
0.13021713
-1.9075693
1.6051522
2.0411403
-0.5533821
0.60054755
0.67597675
-0.41375026
-0.7858117
1.3002739
-3.82922
-3.3107834
-4.9953184
-0.38709432
-0.9292004
0.25632155
-1.7853458
0.41524416
-0.7469707
1.2463468
4.796375
-0.68923974
-0.18993232
-2.345293
-2.479227
0.2625056
-2.368354
2.767293
-1.1654434
0.2012761
-1.4540943
-0.5608462
-2.7184238
3.5007162
-1.3851122
-4.3660984
1.6457747
-2.0531182
1.5129868
0.8694071
-1.0137209
0.23857856
0.8320445
1.4519508
1.3533802
-0.94888896
0.5337005
0.5784801
1.2608453
-5.952007
1.3454566
-0.5037544
-2.4862847
-1.54145
-0.13305113
4.709267
-1.2596706
-0.58925855
-0.20845905
-0.85396695
-1.2445341
-0.6024183
-0.5351033
-0.19970278
4.3383474
-1.2486738
0.9201589
1.5775199
-3.3203056
-1.0761654
-1.5904042
1.9708157
-2.9492652
-2.0972903
-1.2861215
0.19373426
-2.4968517
1.0984219
-1.3249655
-1.4106941
-1.3264034
0.30018258
-3.11205
-2.364156
-0.64523864
1.9118776
3.6388295
-1.4303534
2.0855894
-0.66346896
0.99473196
-3.5032935
-1.3770665
2.9318697
1.7829611
-2.267681
2.2735748
2.3281226
1.377755
0.18549672
0.39032474
-0.82423866
-1.2978774
1.196613
-3.6538794
-0.649072
-3.0181367
4.8896847
3.0788565
1.8727291
1.9121977
1.6281097
0.70214254
1.0142446
-1.0954869
-0.44805858
2.502641
-0.17942393
-1.7891512
2.4596272
-0.51384515
-3.8464277
-2.1295452
1.0253431
1.7410891
1.0142322
2.6327822
-1.8504434
-1.2570744
-1.387329
0.03212093
2.6114256
-0.28373718
-0.17638507
4.3158264
1.7253181
1.4801401
4.9558268
-0.12442434
0.07346686
-0.33638734
2.6556327
-6.1315956
-2.8103433
-1.0312821
2.6667867
-2.3892455
-0.98147035
-0.22086072
-0.44800156
0.84027696
1.3053463
-0.47353828
-0.78971016
1.1234788
0.037184276
1.405071
1.3440443
-1.3096942
3.260669
2.7967381
1.8490115
1.2249272
3.4789877
0.2014321
2.7668386
-0.39946017
1.9690508
0.5087725
-1.1112883
-2.6237588
0.17062111
0.9783388
-0.750216
2.4760098
2.497349
3.9291105
-1.7188096
1.5764564
-0.4807048
1.8527695
3.2978287
0.6933362
-0.57022655
-0.089885384
0.47127953
2.5323875
-1.4444293
2.6411042
2.1979585
-0.9983157
-0.34508294
0.09230585
0.97392935
0.56141454
-0.5439471
0.89202434
0.011482384
0.9002264
-0.14366928
-1.1018032
-0.8066855
3.825132
2.3536997
-0.21762621
-0.21910879
-4.8319464
1.4066135
1.0723339
3.78488
0.74094313
1.7585684
-2.9142916
-1.5393171
-1.4285325
-1.1439693
0.5139859
2.2731967
-2.7236402
0.8293483
-0.7961754
-1.3699323
-1.8511579
2.2089882
-0.23209888
1.9383824
1.2873043
-1.4813981
2.138355
-1.9267651
1.3088348
1.6689738
2.2330916
0.57415456
2.0219111
1.0819526
2.7326753
-1.1683308
1.1245211
0.81461674
-2.0443473
2.8580554
-0.6974232
0.097856395
2.2758384
1.802573
0.8513622
2.289566
-0.96605146
0.39093423
1.599885
1.331171
0.6859228
-0.63762534
0.6620566
-0.23990977
0.60379076
1.6490877
-1.7379957
1.9221481
-0.6982068
-2.6158118
-0.7251695
1.5743655
-2.6834779
-0.68357754
0.0026579462
-0.35839802
2.2025034
2.108508
0.5897765
-0.9716185
1.4549725
-0.8867239
2.1073594
2.990813
0.024922334
0.81423545
0.585285
4.3457284
3.997216
-2.0082054
0.1731331
-1.9247787
-1.0077358
2.302478
3.1666813
4.886479
0.72882533
-0.8309267
4.115579
-1.0263675
-1.3311315
-4.022085
0.33825213
0.17023045
-1.5977579
3.2877424
0.4484479
3.2204485
-0.1966249
-1.7248851
-1.3696631
-1.3442117
-1.1858401
-0.57904655
-0.39756185
2.6033015
3.7960298
-1.835719
-2.0857577
0.16640963
1.7436895
0.56131375
1.2657226
-1.3904159
2.0554237
-0.079992324
-1.7958647
1.7911903
-4.0699706
-0.5868154
0.3527583
-0.96259016
0.6043266
-0.30167636
-1.4304171
1.2840638
0.69736105
-1.3842493
1.1307404
0.4558444
2.1151934
-3.782335
1.1019102
-2.3757892
-0.58632743
0.8997347
-2.5791955
0.10000561
-1.4140483
2.7068927
-1.6318307
0.22787309
5.893031
-1.2158417
0.87537783
1.1234567
0.19924513
-1.2431493
1.2549957
0.10846842
0.4148622
4.782173
1.4555036
0.033458605
0.4200952
2.4177806
-0.3196599
1.9417363
-1.8506527
-3.6676753
0.025699109
1.8325051
-0.8531237
0.50776815
0.15529016
1.8790451
-0.38984275
-0.5327774
2.21134
-1.9195884
0.8234106
0.8319308
0.16654652
-2.4320266
-2.3535006
-0.3558509
-1.8776509
1.0321518
-0.58457714
0.26409176
-1.9488952
3.854318
-1.811793
-2.2349496
-0.57132214
2.9572744
1.3411261
0.84141904
1.4665354
-0.61652
-2.0544028
0.4077513
-0.5809526
-1.3109272
2.3288589
-0.8879953
-0.09809688
0.9560515
-1.092797
-0.3069213
-2.217148
-3.117012
-0.055771
0.5601946
3.4312727
-0.7287222
2.2014024
-0.23584041
-0.27722064
2.2553399
-1.7604169
-1.6579866
2.217545
-2.546293
1.5798546
-0.43306038
-0.90162075
-0.77598625
0.72154987
-1.4223939
-1.755144
-2.341313
0.800346
1.6297486
-1.8200438
1.8390533
-1.8521994
1.3571768
-1.4571246
-0.6174147
-3.1627345
-0.7642305
-0.021877714
3.4279194
4.1269407
1.4731554
-0.14418879
-1.9851507
1.2558835
0.9149554
-2.5187762
3.3631566
-1.9850622
0.6143918
-0.24678412
-0.074791655
-0.8577203
0.114318304
-0.055738658
4.3862753
-2.104637
1.5093254
0.7170647
-3.0731447
-0.99242556
-0.56374943
1.6673516
2.641615
-1.7521895
2.1137285
-1.3350594
0.9618887
-2.6539235
1.5000541
0.5667025
2.0864272
2.7215188
4.2995934
-1.8560975
1.5428085
-2.0711894
2.138483
-0.83642036
-0.2211601
0.058370136
1.0901808
1.9227303
-3.6066842
1.6764264
-0.20307283
-2.5404015
-1.1390347
3.213044
0.67576474
1.2463717
0.63834935
1.9782262
1.2721983
-0.34849066
0.06115532
1.7825193
3.5284142
1.2824092
0.54524183
2.2037911
2.0064335
1.4331074
-2.301839
-1.3496578
1.065972
-0.55186677
2.2762842
0.40405586
-1.8014654
1.9985344
0.23633887
1.5653771
0.15452126
2.000515
3.3799243
1.8600245
0.95810467
-1.6924402
2.426938
-2.6235929
2.6082652
1.9467932
-1.1544607
0.12002947
-0.69941133
-0.8170378
0.2873212
1.2853128
-5.237684
-1.9574795
2.256473
-0.69953024
1.2485102
-2.40147
1.362195
-1.9234718
1.3887023
2.6324723
-0.20570695
0.8292379
0.9802536
0.084892176
-2.299945
0.44783315
-0.61096907
4.522415
-0.32560086
4.2544765
-0.47411612
1.611103
0.6776107
-1.2026159
5.263307
1.8945682
-1.2007989
1.4575437
-1.0791008
0.94938344
3.989432
0.4782244
-3.9315047
-1.7116107
-2.2302892
-0.7581195
-0.13255748
0.19363052
1.685003
0.057481125
-1.7676523
-3.8233876
3.697194
-0.7099243
3.7272208
-0.9161333
-1.446972
2.7224555
-0.55183434
-1.2331972
2.583961
0.18143612
1.8521594
-0.8184827
1.1113868
0.18755233
-2.3126137
0.38205567
0.695308
0.056161806
1.7530051
1.0507952
-1.1548132
-1.458989
-1.3609122
-1.3233757
0.080931984
-0.4833845
0.27517548
-1.6884588
-2.7253232
3.170568
1.2788985
-3.132032
-2.8374443
-0.41977143
-1.8797818
-1.3886892
-0.0028273463
1.7446741
0.16230707
-0.87504417
1.1497102
2.8292978
3.3949938
0.8322516
-2.0942822
2.6632867
2.3105607
2.2524583
-2.438436
0.5295238
1.432049
0.5930669
1.2091503
0.9690424
1.0158738
-1.8009876
-0.21194094
3.22275
1.027667
-5.904509
3.635601
2.3278565
0.72268844
0.226212
-0.6404316
-1.6990817
-1.8757529
-1.8291599
-5.115488
-0.032617263
1.0785077
0.17635238
-1.4690413
2.9037673
1.7186434
0.061940335
-0.36691242
-1.0324951
-2.284395
-2.446373
3.4305298
-1.5001588
2.6361613
0.77516466
-0.12092402
-0.8614092
-1.0411206
-0.016075097
0.60668314
2.613111
1.0546954
-0.62422043
0.3145954
1.4001356
-2.535377
-1.547361
-1.408138
1.5999556
-1.3488741
-2.7915394
2.6841428
0.77571476
0.002173029
0.3506001
-1.1642345
-1.7150627
0.53559875
-1.9767369
-1.1768329
-2.330189
-0.6513092
3.12298
-0.4887994
-2.2393384
-2.770877
-0.03156507
1.3461286
-0.8373912
1.7894293
0.20711502
-2.4572468
1.9676841
-1.0811175
-0.24167186
-2.144108
2.7488544
0.47661322
1.0076188
0.25287473
0.2873832
-1.9860773
-0.76129544
1.4128782
1.3575876
-3.2483788
0.35455838
-2.632235
-1.2384577
-2.59218
-0.7896131
0.12216356
-2.2014377
2.0098517
-0.11810552
-0.59668154
-0.90040237
3.6595485
-3.474319
-0.29199308
0.53134304
0.64667374
0.08379347
-1.1850357
0.3445378
2.4610596
-2.8679852
-1.6961511
2.2262008
-1.0113611
-1.809995
-1.8523136
-0.51990074
3.7377357
1.4801056
0.7979942
-1.5990951
1.1267008
2.7002482
0.08370319
-1.5174963
2.5322998
-2.5327096
2.659046
0.8910713
-2.0836926
0.46328947
2.8047082
1.2034521
1.6951141
-2.115121
1.2954319
1.2607368
-0.57026356
-1.2083498
0.02530824
-0.025944926
2.2229686
-2.7320273
0.38779008
2.0662134
3.3094876
1.1317877
-2.675407
0.3041773
3.1433847
2.0081027
0.057804026
-2.820149
-3.4752383
-1.7602153
0.59578514
-1.1787599
1.7185284
-1.2011324
2.1809866
2.7672524
0.30538735
1.2699257
0.7826022
-3.0758238
-0.3118059
-2.0347352
-0.5565746
1.4886944
1.8008885
0.7141918
-3.2657444
-2.1041555
-0.84952193
1.3526704
2.5690544
-3.5955396
-1.076854
0.54408103
-2.8029234
0.8529899
2.039743
0.60433
0.40163255
2.4448862
0.3756301
-1.3127568
2.3043597
-0.16355562
1.306299
-3.4083307
-0.4554196
3.3307934
-1.1265235
0.41657954
3.7494788
4.0064783
1.504067
0.7455353
3.075929
-2.0527122
0.38599625
-0.3688671
-0.39189717
-2.4171124
-2.4230068
0.6953714
3.2732105
-0.1888111
-0.52603406
0.4766351
0.8213553
-0.39924943
-1.3334634
-1.1606944
-0.4005013
-0.9375415
-1.948826
2.2771144
0.49064907
0.32426745
1.5561813
0.51836693
6.6216254
-0.8126849
-0.14654562
1.057105
-1.3558104
0.8888696
-3.0335839
0.053465188
1.4697088
0.33825764
0.2539637
2.22492
-2.1035936
-2.4697587
-0.51687396
1.4594889
1.4258159
0.23509583
2.961926
-1.0367973
-0.9730448
-0.61020386
2.7918043
-0.1284053
-0.20604724
1.2826931
-1.6782216
0.0706617
-1.640508
0.63816184
1.1183616
0.20862077
3.5318315
-2.3686159
0.8388764
1.5403169
-2.3526638
0.7484608
0.46216744
-2.6365416
1.9468306
-3.1491826
-0.42344642
-1.0248331
1.9474041
-0.98255783
-2.3758156
1.160115
0.220359
-3.2622573
0.5046146
-2.1240902
-0.5072205
2.2283401
0.72165024
-0.8597152
-1.2018744
-0.7544843
1.8122057
-1.4558886
-1.4334829
1.375835
-2.195232
-0.6907755
-0.5436645
-0.8659273
-2.4001212
-3.340449
1.3491526
-0.6820011
-0.35192642
-1.3997564
0.18205932
1.187069
2.0937698
-1.9819075
1.4217118
0.60401666
0.45799798
-1.9047629
-2.863715
-4.3295894
2.231709
-1.0439215
-0.3799403
1.2179213
0.48798054
0.70318174
-2.5293674
2.2051725
-0.4367293
-0.5906824
4.545266
-3.04676
-0.678505
-0.5734925
-1.3989987
3.711658
0.056302287
-0.729686
-2.2136533
0.8002948
-1.3852329
2.1508844
2.7578413
-0.7991953
0.8764024
-0.31227267
-0.8617503
-0.68429846
1.0966232
-1.014821
-4.566507
-1.773107
-0.9367285
-0.20067023
1.8447628
0.90904474
0.8669543
-1.624159
0.7316428
-1.8269825
0.021846186
0.8659223
-0.7411992
0.1790702
-1.3264397
-3.469112
-2.771506
-0.50238603
1.9069451
-0.13156596
-1.0128292
-1.2684766
-3.0459893
-0.28844535
-5.1524525
-0.48039246
0.5048787
-2.2496603
-0.9255365
0.30699718
-2.3737407
-3.5329306
0.34723523
3.0004666
-4.3870063
0.5049615
1.1222668
-2.6013129
3.2345254
3.107882
-3.228441
2.4853973
1.494192
-1.2139736
3.595606
1.6873573
-1.7823507
1.9855056
1.629841
-0.60968333
1.4426162
2.5774782
0.32203606
-1.9517393
3.2362664
1.0468289
2.1993518
1.7322259
-0.12494504
0.78115106
-0.51338136
0.40914893
0.76593065
-1.9413813
0.10398326
-0.57422316
2.7494516
0.5274593
0.99602556
-2.8901846
1.1888838
-0.24962774
0.91923493
2.465636
1.6150187
-1.1832144
-1.777981
-3.3217108
-0.78344494
0.5105596
0.07788956
-2.0102742
-0.2744586
-1.9320962
-0.44984448
-0.26376903
0.21664546
0.07020851
-2.172535
-1.860188
5.797635
-2.5238369
-0.012813166
2.7887754
3.12875
-1.2830669
0.7747226
0.6319012
0.960917
0.391768
1.0264752
-0.715058
0.61574423
-2.750465
-0.2297318
1.8914996
-2.2346976
-1.4823588
-2.0205748
-0.48292735
-2.7488382
0.427091
-2.0977733
-0.16669157
1.6227431
2.9954445
1.3669914
1.8470637
1.8013109
1.7918967
-0.2141541
0.9029929
2.6520262
0.1622549
-2.382746
1.4438697
0.49671903
0.54393923
1.3396802
0.83423764
-1.7264096
0.87668574
-0.5349051
-1.1856686
0.7084205
1.1998581
-0.9421016
0.9734902
-2.204267
2.306043
-2.6077275
1.6530637
1.1370646
0.077675395
0.6349609
2.9631474
0.73986155
0.4963084
-1.9105322
0.13859673
-1.5222776
-0.76280475
1.9529165
1.8323576
1.352066
-0.7182478
0.98353183
-2.9959807
1.1410626
-2.6140084
-4.4205456
-0.12050703
0.7341897
-3.788125
1.557909
-1.1801254
3.2986622
0.6385217
0.007623911
-3.3641517
-0.9558251
-0.3403498
-0.8731772
-0.02247519
-1.132774
-0.15017064
1.7763243
1.7869494
-0.4237967
-0.6435232
-0.41671467
-2.6773329
1.8507382
0.46899325
-1.2997316
1.4916099
0.2899414
-5.766243
3.264993
1.2852895
-2.798701
2.4872622
-2.2594671
-3.3652248
1.8907001
-2.265396
0.77045256
-0.0033530854
-0.2434312
-2.5886188
-1.1991273
1.5196418
-0.20346338
2.5392435
-0.005579777
-2.6243956
-2.8108323
-0.6854874
1.412051
0.6567721
-0.7137213
1.3324322
-0.5364362
-2.8277347
-0.4725938
-1.0367148
1.3334317
2.6290221
-1.234296
1.6932468
0.41202638
-0.99298686
3.0248668
2.4296107
-0.64381623
1.1040696
-5.1805224
-1.2923267
-0.31952414
-1.7853471
-3.4334316
-0.6860821
0.16929205
0.18996768
0.26673138
2.653596
-0.7748001
-1.275437
-1.0272437
-3.164153
0.4756783
-0.8603412
2.1318357
-1.5507582
-2.7871428
0.56382483
-1.9327034
-2.115264
1.9155453
3.3513186
-0.40470675
-3.3611274
-0.84414333
0.07186728
0.72446454
-2.1765552
-0.39154232
4.4721656
4.4453135
1.0415192
0.1665237
-1.9011787
4.297887
1.8620158
-0.720516
-2.289251
1.9864475
-3.225104
-0.3178502
-1.267754
-0.40368596
1.1395596
-0.17039064
-1.3356174
1.3362731
-0.5579914
-0.21053353
-2.7298431
-0.22170982
2.9704614
-0.231222
-0.8042925
0.051818922
-1.647276
1.432284
0.60581535
-1.7697092
3.4526024
-1.1881871
2.8333814
-1.923328
-0.023388673
1.7635951
1.1791401
-0.83834016
-1.4113599
-1.8478508
-1.341505
3.764719
-0.8252404
-0.20277208
-0.23130223
0.47358552
0.111773156
0.2644324
-3.164266
-3.4085572
-2.4155524
1.2708035
-0.5440568
1.2695854
0.7135681
-0.44880155
0.37206414
-0.857105
-0.78442615
2.0824008
-0.91874194
-0.76840895
-0.67091113
1.7896498
-1.7241236
2.9586887
1.2298328
-1.4910567
1.4810101
-2.9124136
-1.5220389
0.4459213
-1.5097399
-0.31066862
-1.3382277
1.8358759
-0.09250397
-4.0570197
-3.0727754
1.3848101
0.81419975
1.2927343
1.1206921
1.3519315
1.3632481
-4.0023904
-0.5082429
3.3824232
-0.85597664
-0.27043617
2.9342847
-0.4765926
-0.19918093
-3.441806
-0.648248
-0.4505943
0.8052464
-0.189906
-2.7339973
-1.2782586
4.235468
0.011229612
0.7741147
-0.778005
-2.124262
0.79917836
-0.0836069
-0.6368806
-0.96055526
-1.869874
-1.0573395
0.81728894
-3.7550845
-1.7834256
0.54039925
1.444664
2.761734
0.052932225
1.8991972
-1.4318212
0.8407749
-0.1904567
-3.5613995
0.11542813
2.4846098
0.96465266
-1.2035949
0.24066374
0.673305
1.0335286
0.7422106
-1.187815
1.1142913
-0.700538
-1.6930188
-0.30323237
-0.42469388
1.1639992
0.06431508
-0.74563795
2.8451557
1.3445259
-4.3854976
-2.3117406
-2.3055139
0.39066988
2.1300523
0.62088984
-2.9248729
-2.364433
1.525127
0.13074932
-0.7167743
2.4316628
2.5896373
2.0774739
1.6346956
-2.4273424
5.48587
-1.6425267
-1.5572004
4.0264564
-0.70459265
3.4582834
-1.0826536
-1.6160367
1.1395283
3.2105422
0.835614
1.7319688
1.4825196
-0.6032041
2.3183875
-1.8440233
-1.9043015
3.3054864
-0.047280647
-4.2717133
-1.5396438
1.3317282
0.0025478974
1.1710012
2.3435247
-0.38699633
-0.43755165
1.4836261
-0.3519671
2.5681205
2.5891836
-2.8219302
1.4582804
-0.109205544
2.0872731
1.9938737
-1.4925929
0.25296557
-1.2707819
-2.4367933
-2.8926125
-1.7692807
-2.545294
1.2304193
1.2232413
-0.729188
-0.2529248
2.0895357
0.25578618
-1.0702734
-1.3162252
0.41360697
-2.0443866
1.7613173
1.6337324
-1.5853996
-1.3914522
2.713035
1.1406033
-0.02195067
-0.0075448304
0.064074725
3.6393228
-2.26912
2.0499518
3.1312737
2.5200195
-2.4114628
-2.7980027
2.4610543
0.21333839
2.822943
-1.590849
0.20603994
0.029259466
2.1503298
-0.08190062
-0.50263757
-0.53860694
1.0333732
0.6645662
-1.1602366
2.7711217
-0.17422473
1.9810584
0.5347332
-0.92768896
1.1617377
-0.3581908
1.1009663
-3.8164554
0.77534497
-0.5288646
-0.5978872
1.9566002
0.9124228
-0.14203534
3.5849018
2.0448623
1.3903003
1.611139
-0.6115183
2.3362098
-0.7901717
1.4177778
1.7183474
-1.7551637
1.5472269
-4.6300416
0.56089747
1.6876593
-0.46058398
1.8679965
-0.84928703
0.32045457
4.1914597
1.9134291
0.126143
-0.14799258
0.06513083
-1.342488
1.3557413
-3.0009034
0.2900031
0.66676325
2.7044415
-1.0123333
-4.968701
0.14612126
3.053714
-0.37423918
-0.9360051
0.3351581
0.40930638
4.522537
0.51481247
2.5480247
1.0717671
-2.4262648
-0.02385638
1.2950444
0.5107997
2.3237543
-2.3374844
3.6866727
1.0167794
0.84267163
-0.8231577
1.9825443
-1.1921983
-3.8825831
-2.0853593
-0.77515113
-0.5391711
-1.1379302
0.3331923
0.72658855
-0.56705403
-0.37409544
1.3561302
-0.37054905
0.4278712
-3.4671948
-0.74412924
4.4016047
2.0648892
0.8184964
-0.67291677
-1.4766992
0.49323767
-0.053088773
2.5441656
-1.3695649
2.8365614
1.6653062
-2.399949
0.5667326
1.735282
0.07703322
0.17716208
0.96567845
1.0603545
-2.071701
2.716925
2.4736493
0.90098315
0.9761292
2.0969973
2.0850582
-4.0503383
2.5439796
0.9111769
0.15526818
2.6598537
1.6117038
1.5580851
1.0489011
-0.9366049
-0.9797994
-1.2436754
1.1615591
-0.06793504
0.6973494
1.0778394
-2.257858
-1.5616425
1.0711967
-0.23781788
2.3910646
-0.5143485
-0.59777355
1.8095717
-3.0323842
-1.3245502
-0.65874565
1.9381404
0.19861706
-3.2757208
0.93144697
-1.5547296
-0.42332307
-3.9203832
1.2058471
-0.51121914
-0.186331
-1.2486504
2.6590304
-0.90099674
3.6493702
-0.54605514
4.0118694
-0.98774064
-1.3571594
1.3298446
0.079463765
0.17457081
1.2301376
-3.5463552
-0.87908757
0.8021732
-0.5717722
-0.23842248
0.20024082
-2.3441157
1.6103289
1.1224443
-3.062216
-0.3629073
0.94952345
-0.9383009
-1.8784226
3.983078
1.3883004
4.3383145
3.3012006
0.6368351
0.20454618
-1.7343765
-2.072715
1.1801779
-0.22081488
3.3404162
0.1970894
-2.9389691
0.56778073
-1.5919119
-1.3760631
2.2062538
-0.95156157
2.9977655
1.142179
-1.3706236
-2.467266
0.03130137
-1.155446
1.632465
-0.9239709
-2.4768605
-0.11591414
2.4512587
-4.3250117
0.29643765
-0.35174596
-0.75669974
1.2140043
1.8491488
0.081194
2.162735
0.06215545
1.2530668
1.0551109
2.1246562
1.9484236
-0.41898742
-4.3430486
-0.31422615
-1.410039
-1.4024249
-0.36366034
3.062632
2.3206446
1.2043089
0.5441438
-0.01157172
0.5353396
2.2954996
2.5135717
-1.1976191
-0.10313028
-2.8275814
-0.033283368
-0.15157261
2.7844799
1.3565567
-5.856218
1.8829968
0.78357375
-2.5452497
2.2542667
-1.307238
2.3094163
0.13775904
0.34494352
-0.19846204
0.24965526
1.1988186
1.8857543
0.3030605
2.804149
-0.31113994
1.2008047
-2.3838086
-0.52904487
-1.362258
-1.0185031
-1.3726776
-2.8912523
0.7622327
-1.7652912
4.9485517
-1.1905987
-2.480533
0.94768417
-2.6324844
0.709009
-0.18299115
0.119373694
-1.4314657
3.1721706
-0.8202496
-0.8766575
-1.8344591
-2.0026844
2.7839315
-1.1051459
-2.2841704
-1.1326851
-0.5463297
1.6622825
-1.5609456
-0.4724167
0.19310823
0.7711813
-0.9679788
2.8008103
-4.5649314
1.0565888
-0.456181
0.510485
-0.86592823
-1.2893903
-3.6171744
0.085396215
3.166687
-0.46902126
-2.1958609
1.6040547
-2.1163394
3.092279
-0.3905838
1.4536502
0.66250706
0.034452297
0.25913042
0.43082377
3.7856488
-0.21675104
1.7421068
-2.722248
-1.0586195
-2.6711788
0.36303946
-0.03650158
1.0047812
-0.30529615
0.64735883
0.99918103
1.918161
0.3628257
-1.1867629
-1.0119191
0.0111535005
-2.0006313
1.527417
-0.19324262
1.2300382
1.6789721
0.78544533
-0.93772614
0.5425601
0.0582399
1.405428
1.9387751
1.20466
-1.443694
2.9496655
-3.1831012
-0.8119948
-1.2847921
-0.68356586
1.6860887
-0.6355545
1.3622432
-1.0459629
3.1754076
4.8374877
2.3666961
-0.58500785
0.8336142
1.2301775
-0.62857777
2.5565643
-0.62517804
-0.26488066
1.6404486
-1.9271308
0.41543674
0.44826895
-0.9313893
-1.2413611
-0.699578
2.8083553
2.1225166
-0.43045858
-1.0415483
3.3663127
-3.4786348
-0.4625024
1.0308334
1.8819767
2.3492851
2.311659
1.1192431
0.95947266
0.36022508
-0.37096965
1.487532
-0.060321532
0.4410103
2.4073987
3.64494
-1.154929
0.07095295
-0.6102619
0.56853694
-3.1364863
-1.6578122
-1.0884875
-0.22452433
1.0860329
-0.8074283
-1.3029811
1.1442322
-2.4884398
-1.0311501
0.9515249
2.4662006
3.5695453
-3.452852
-1.2146877
-3.061615
1.6236801
3.616165
0.40870923
-1.1127677
0.05766907
-0.8993316
-0.79669076
-0.88977414
-1.3510226
-2.1098077
-0.59308845
-2.0159883
-2.3232946
1.3826123
3.0483701
2.3469849
-0.015722185
-0.087766014
-2.3926384
1.9505289
4.299038
0.2370976
1.164283
-1.0572858
-3.5104423
-1.3926051
-2.4321887
0.5314461
-1.9389457
0.18330275
-2.2436757
-2.0079198
-3.052513
0.9513883
3.1712697
-0.1961593
3.6068773
1.4318898
1.2086924
-0.25380364
-1.1536832
4.7310934
-2.9103448
0.5078999
0.97858834
-0.78824055
-1.801907
-0.76023585
-3.5352087
-1.7285907
1.0504687
-0.1382497
-1.0023088
0.6827725
1.2238792
-1.7012349
-2.0007792
2.6363273
0.031027324
0.39566568
0.05574131
1.3298527
-0.84841865
-2.5868793
0.20937927
-2.7016203
0.03911499
-0.29304126
2.7616405
-2.1405318
0.65744793
-0.8341998
-0.72477406
2.978838
-2.6098583
-2.7671995
1.9685022
-0.14800048
1.2406793
-1.3036528
0.033196047
-0.32199737
-3.16481
-1.2048467
-3.7329445
0.72734606
0.24919371
-1.2508477
-1.8980441
4.784463
-0.1463041
0.34921795
0.37102395
1.257263
-0.56346345
0.97795653
-1.5152004
-2.1563652
-0.93290156
-1.6101106
1.850478
1.4636755
-1.3395854
-3.7001364
0.5479184
1.3270282
-1.0565137
0.20250444
1.4261693
1.3067977
0.6851985
0.36919668
-0.17163286
0.26175654
1.0344768
1.2469012
0.31371862
1.4343656
-0.94295686
-1.7490965
2.3996031
3.6467197
0.93495256
-1.8756424
-0.71918964
1.7841725
2.1761975
0.49315533
0.9541106
-1.0364575
1.0748316
2.084933
3.4273655
-2.1230037
1.2666185
-0.14332092
4.3121142
4.387611
0.7403804
0.82240677
-2.1814384
2.1884377
0.28939444
-0.09706695
0.13086951
0.26600644
0.3569396
2.0743008
-2.7193027
1.608458
-8.197624
-1.7266372
3.3842983
-0.5314108
-6.106961
-0.5065315
-1.6682816
1.4833263
-0.58150065
-2.1341782
1.6470824
-3.2343998
1.5613711
1.1427114
-4.5486236
-4.8856196
-0.25992697
-0.020782143
0.7706021
-2.995255
-0.0058868006
-0.7615067
0.053303882
1.963151
2.9687686
-1.2125078
-1.9713962
0.1239767
-1.4639622
0.014339644
0.7701262
1.9939791
0.96810323
2.2231214
-1.5834436
-0.2504993
-0.45887694
-0.0904289
3.1348722
-0.6667978
1.3635957
0.3744323
0.83186334
-0.49979404
2.5900562
-0.20442003
2.3112967
1.0766045
-5.3402247
-1.8665768
1.1523676
0.86698866
0.07464675
-2.4950516
1.1562394
-3.1673627
2.2259586
0.008379836
1.4521667
1.6405256
0.96420455
-0.92312676
2.8422835
-0.015430614
-0.20649564
-3.8709545
-0.20959032
0.42879868
2.5020254
-0.376348
-2.152301
-0.6128848
0.14283818
-2.8614392
-1.6044176
-2.211911
1.29179
3.4255893
-0.57579535
-2.483407
0.21548738
-0.67467207
-1.4604856
1.8633235
1.7611365
1.9638249
0.27103215
-0.87926674
2.1687658
2.2442153
-1.5254645
1.6483687
1.6548928
1.6114854
2.5471835
2.5157013
0.9901824
-0.7627912
-1.1411388
1.082862
4.2237597
-1.6489466
3.6093068
-3.4517226
1.8805712
-0.31744343
1.8889196
-2.3051198
1.2463133
-0.22183105
-1.1259496
0.36897233
1.2126293
-1.629044
0.8068582
3.1952488
-1.3182197
1.3875085
-0.16000047
3.081012
1.9098898
-1.535505
-3.461049
2.1513445
0.7609416
-0.74123424
0.51905596
1.1742262
-0.78854924
-0.27787644
-2.5517313
-1.8962135
2.9152741
1.9928943
0.7356738
-1.0923703
-1.7246337
2.220288
-1.4900721
-1.5772778
0.55585927
1.062631
0.53333074
1.7500156
0.17479013
0.96978986
-2.8943522
2.5665674
-2.8998253
0.6164053
-0.54081094
0.5313444
0.53923094
-1.2402185
-0.11886522
-2.0106404
-3.4953532
-1.0888726
1.2489924
-0.856721
0.44202447
-0.30756748
0.8722393
-1.0674
0.2836189
-1.2462159
-2.8672905
0.24074666
0.007098362
4.1005125
1.4552066
3.2525616
-1.0642986
0.95624906
1.008526
-0.24545313
-1.17034
-1.255249
1.328392
1.5008414
1.2649724
-4.264808
-3.4549713
1.6423105
1.5792755
-1.9805479
1.7101982
1.2503557
-1.0757318
-3.0647285
2.5231044
-2.4789245
-0.47208115
0.7666069
-0.62385905
-1.2024982
3.0558157
0.9442463
0.09864795
-3.0200505
-2.6001592
-3.1766095
5.2084866
-3.0313678
-0.562139
0.5298695
-1.3049914
1.4847924
-2.1277957
1.5896604
-1.6143208
0.6671736
3.7697213
-2.5260391
4.369368
0.8406546
0.5032009
-1.3201739
-1.216021
1.6550534
2.1362393
0.9127349
-3.7318027
1.1620184
-1.8984451
0.05898586
-1.3083282
0.34678966
1.1402994
-2.6393595
-1.5280774
-1.3412974
0.71416414
4.434808
-0.19227242
0.38797867
1.874514
1.2317386
-6.51586
-2.7169113
2.158277
-1.0914319
-1.293519
0.31503373
3.5002146
2.9730022
-2.2592518
-1.8126806
-1.7243896
-1.1368223
-0.23093593
-0.7360671
2.0714593
4.135329
0.05780556
-2.2821836
-0.73247683
-0.7158047
4.69812
1.0126835
-1.4977415
-1.3056384
-1.4395826
-2.3179839
-0.23818138
0.86310095
-0.17400563
2.9290667
-0.6496132
-0.5304873
-3.0404928
0.5250409
0.9617964
1.9563624
-1.4650272
4.6096745
-0.74333155
-1.7864267
-0.6453594
-0.6464213
2.067903
-0.8481454
-4.4043527
-0.14454418
1.715189
-3.142093
-0.8293109
-0.28316137
-2.2110643
1.2650657
-1.8946309
1.455785
-0.5768337
-2.378463
1.8598441
-1.5938826
0.84906393
4.28692
-0.20986484
0.75768465
-1.3536329
1.3372183
2.5173593
-3.9229193
0.24695188
0.23938966
2.2261567
0.4949131
-1.3855089
0.46402252
1.2506082
-2.7789726
-0.80618846
-2.6841202
-1.5875765
-0.61512035
1.6349123
2.085611
-3.7219715
0.009405635
-1.2165071
-0.150796
0.19214645
-1.7546519
0.7991111
-0.9236524
0.05643031
0.6047001
-0.7125775
-2.5479548
-0.11994508
2.0566313
-0.5744716
4.039919
0.33325878
-3.5485947
-1.4667698
-0.53465
1.3349191
-2.6265833
2.2570264
-3.8028421
-3.6005213
-1.9760839
-1.5998926
0.6465728
3.2867815
0.6992612
-1.7933149
-0.73717046
-3.5968332
0.8699432
0.7340979
-1.8266233
-1.80555
0.062200814
1.6297891
-2.6837294
1.4523336
3.4923356
-4.8450704
-2.7872825
-0.24381344
1.6844504
-1.31828
1.3816277
-0.42728525
-0.6774997
0.4852417
-1.7423017
-1.9863546
0.6795446
-0.8357041
-1.150198
2.0176787
-2.1679492
-1.2042596
0.63491064
1.8599633
0.16008073
-1.0577588
-2.0012136
-4.3167033
-2.263911
-1.180929
-1.6476326
-0.123536535
-1.7071648
-2.8612201
3.1589293
1.4835453
0.48989433
-3.4708812
1.3604947
-1.9611374
1.0037858
-0.90669274
-0.472743
2.243505
0.33806357
3.0080297
-3.1765137
-2.6635826
0.13838345
4.032288
-0.35322145
0.78841853
-1.4349228
0.43110928
1.9817947
-1.1095026
1.4335499
1.3070462
-0.9240948
-1.6250719
-2.0543368
1.9528449
3.5892754
2.2148778
1.3005204
1.0533872
2.2286603
1.3972756
0.49093893
0.6813029
-3.4528465
0.58633584
-0.7114268
1.9911302
7.939316
-0.0043916926
0.6538912
0.89612156
-0.0346727
-3.6372087
-1.2228694
1.9613315
1.6547805
0.3708712
-1.3764714
0.008958522
-2.0938294
-0.7352953
-3.988681
2.3669267
-2.521046
0.23049751
2.1432061
0.60788965
0.36476105
3.9736853
2.4120505
2.521829
0.5610555
-0.6167441
-1.3434421
0.62531775
1.1782582
-3.389422
1.6157588
-2.2688527
-1.557578
2.0847166
1.237885
3.8809955
-1.4985054
-0.37816238
0.08053735
-0.29320472
0.7595921
-2.643546
-0.3890165
1.7958254
-0.8919122
2.0467157
2.3188367
2.8212564
-0.36823246
-3.2662458
3.5944598
2.424415
0.86044
-0.14261979
-3.0626256
-1.3312703
0.33113727
0.9001405
1.472016
0.28475967
-1.0803028
1.0612733
2.6972427
-0.63895935
-4.5739584
0.18531224
-0.158666
-0.4724798
1.1863219
0.95813584
2.5825515
1.8766145
0.8005909
-3.0395231
-0.1260494
2.3265564
-2.719295
0.6291267
0.84252685
0.6679545
-0.39229333
-2.141735
1.9866451
-1.8928854
2.4691503
1.0990295
3.0895302
-2.2869196
0.97723293
1.406669
-2.3978384
-1.2276212
-0.39019436
-3.359254
-2.397258
0.5706359
-2.3833113
1.8319044
-1.0571916
0.93216497
0.7473796
-0.29203448
-1.7460729
0.068760976
-0.37700516
0.45105612
0.077104494
-1.3310082
-2.6343448
-2.527366
-3.4744427
0.28973964
-0.767778
1.819182
0.08032504
-0.16857234
0.2503672
-1.633408
-0.90847325
-1.3199394
-1.4551016
-0.20538484
0.68901503
1.2586889
-0.1428695
0.96782833
0.75637674
-0.5584521
0.038575567
0.81213707
0.40171865
1.2784663
0.97778755
1.5739053
-2.8544219
1.2866634
-0.8248224
0.547063
-1.9364244
1.0986865
-0.014295578
-0.85195714
0.27196428
-0.8147585
-2.681309
4.0602036
0.3114761
-0.58894354
0.37829256
-5.2609406
-0.58419794
0.4995698
-3.6665888
2.9816675
2.5165048
-0.40196043
0.44159505
0.248642
-2.2894554
3.5519714
-1.7758814
-0.03782232
0.61446476
-1.1764053
-2.3811872
-0.48535395
1.9147156
2.4027543
-1.1825823
-0.93253285
0.76886195
0.4938996
-0.88378525
2.8210647
1.0293732
-0.030449145
-3.6686904
0.50066143
-3.2060096
-1.6621919
-0.50231355
-1.5041689
-0.04772228
-1.3864325
-1.051439
-0.99676615
2.1489453
-0.48841375
0.998937
3.0649197
-0.5390504
-0.76855946
-1.7253237
-1.2580909
-1.734436
-3.6415167
-5.733046
1.3793575
-1.1480125
-3.0635724
0.5271741
-3.6889877
1.4580451
-1.4884846
1.4068195
2.1455333
-0.86648643
-0.10219085
-3.9705007
0.40297708
0.14721914
1.4714375
0.6778629
2.8764129
2.655459
2.7461705
-0.37156102
1.8037853
-0.44799626
0.21128559
-3.852381
-1.597832
0.34850192
0.52745306
1.7137022
0.6786242
0.96179354
-0.06685117
-2.2190433
2.5311356
0.34353957
2.570407
-0.30454415
-1.850536
0.39245316
0.9162644
-1.0237645
-0.62252694
-2.2100139
0.80326885
-2.8384745
3.416521
-0.6537641
2.6954334
-0.51027536
-0.09539876
-0.31118697
1.444069
0.6514572
1.4898412
-2.2700071
0.57641596
-2.1979792
-2.7698843
1.4140407
-0.7037417
-0.3909855
0.21583237
-0.6203516
3.1861448
3.0668106
-1.8956317
-0.20998976
-4.999723
2.8610296
-1.8092426
0.0861994
-0.64208376
0.075834885
-0.78228146
-2.737648
1.4662573
0.6676271
0.42785335
0.7448898
-0.8190128
1.2318258
-1.552716
0.10362806
0.80028147
-2.0997036
-3.364974
-1.6692841
1.2778158
0.49300462
1.321292
2.3130403
0.67393655
-2.1346788
1.4921243
1.4065628
-0.88843006
0.35884023
-1.9101001
-0.6944437
0.56593645
1.317006
-4.7587323
-1.1422328
1.6611693
-1.2172838
-2.9186532
-0.57247156
0.032974366
-3.5142567
2.7054641
-1.0973144
1.8142835
0.5855938
-0.9278097
-0.79396945
-0.44701248
-0.66190755
-1.9718422
0.5168421
0.5527526
1.2136942
-1.6655658
-0.4401738
-1.6353117
5.521131
1.9584638
0.95476377
-0.56151456
2.5100703
0.7480589
2.0352802
2.3136249
0.5182128
-0.5342022
-1.0289778
2.756588
2.7470336
-0.55911297
1.4073809
0.20292115
1.1259754
-2.1140654
-2.9401748
-0.24236423
-1.005962
-4.3062077
-1.7707644
2.1245942
0.5301272
-1.2222275
-0.64089805
-0.40964758
-0.99694794
-1.1376169
-3.7390916
1.5823268
-2.0820253
1.4487288
2.2646897
1.4382414
0.37964147
-1.4716765
-1.6025275
1.6914173
1.1267725
1.9774262
1.0238553
0.60237986
0.4446818
0.9954329
1.4556255
3.2123199
-3.5979407
0.4876502
-0.3563421
-2.7890399
-0.9206195
-0.2255212
-3.5836546
-3.2225215
4.6826124
1.1892588
0.9430601
0.060674448
1.7919227
-1.9311829
1.5721296
1.0017911
-3.495835
1.6276683
0.367937
-1.0783668
2.127995
2.5859814
-1.4530582
2.0561182
1.3058277
1.014121
0.7852776
-0.29361597
-1.0237262
2.8869174
-0.39154235
3.4271495
0.40878084
-3.1295285
-3.2891028
2.017158
0.89056396
-5.092678
0.8312128
1.0882157
0.93074816
0.110724725
1.6161726
-1.1686867
-4.155822
0.28338623
2.459176
-1.6182598
-0.3562237
0.30077428
2.2791984
1.0675308
-0.23738188
-0.19966505
-0.5983234
0.31247562
-0.25038278
-3.1256342
0.1749058
0.17722793
-1.2645797
0.23585734
1.712694
-1.0264981
0.9722227
2.4224503
-1.0350773
2.3373668
-1.3155069
-2.5896752
0.0063220635
-2.2917717
3.3203037
1.3787837
-0.7504182
-0.53805697
-0.6116516
0.40638766
-2.1923513
-2.1085906
-0.8308009
1.6342868
1.2054309
-0.5255004
1.6761863
-0.47067788
-2.0825436
2.1645236
2.369745
0.43107793
1.1746187
1.2909733
0.49300244
-1.3818606
0.5856193
-1.8422065
-3.3572946
0.2275617
-0.857137
-0.10169464
-0.5044007
-1.061578
-2.1790397
-0.45151716
-4.9278855
1.7691599
-0.8204361
-3.8706455
-3.7804172
-1.8221674
0.22843888
0.9951764
1.065647
0.22469762
0.063001454
-2.8613715
0.636691
-1.7295996
4.1456122
-0.46974045
-2.5435433
-4.568671
-0.8103838
2.3983428
-2.7438672
-1.2603527
-0.10253628
3.1730015
-1.4763048
-0.3826702
0.19730371
-2.8323193
-0.07818551
-1.4976572
0.8606507
-0.7725863
0.7779129
0.629
-1.9531639
-0.7693573
-1.602634
3.7937872
0.64882076
-1.2345744
0.55825174
0.64672637
-1.8533056
1.0897758
-1.2175089
-0.07325781
-0.771291
-1.7431982
1.8551991
0.568169
-1.0068381
1.1080618
4.3358335
-2.4548876
-1.3421907
-0.08733398
-0.53263396
1.1396328
-1.7929134
0.10408688
1.3660809
-4.5891285
1.2849153
0.15617946
-0.73296314
0.76898456
1.8967955
1.9090927
-3.036977
-1.11029
0.18970937
-1.778151
4.5474296
2.7316167
0.012162104
1.2970904
-0.911059
-3.2889192
2.911707
-1.9318491
-2.6383536
2.315389
0.9791816
-0.5542168
2.3594508
1.3253632
-0.6986698
1.5559665
-2.449318
2.0794637
-0.93731666
1.6636459
-1.6114572
-2.283356
-1.1316059
-4.038903
-4.0825753
0.30558679
3.4543953
-0.5627529
4.5139194
0.2187058
-4.780066
2.283859
-1.3394686
0.729607
-2.1913087
1.6038027
-1.5857986
-0.4978261
0.41325128
4.055814
0.09222844
2.3008242
-1.7398095
-0.11876155
2.5898004
1.2105402
-0.5250909
1.6276557
1.7502536
1.3417618
1.5115607
1.862102
-4.3118916
-0.18365352
1.3823059
-2.231512
-1.2197264
-0.97797835
0.7378272
3.1166809
0.62530047
0.92852956
2.7922852
1.5318503
2.7905562
5.4011717
0.8875774
2.3610427
-0.72987634
-0.33796623
2.014551
-0.28964406
3.5504372
0.5231731
0.5558896
-1.2891965
-0.83218616
-0.043982238
-3.4467704
0.7730995
-0.4190406
-3.2592995
1.0970547
-1.0382018
-3.687743
-0.29363972
-4.386161
-1.9254106
-1.93099
-2.6571052
0.8398823
-1.7364147
-1.2272713
-1.3384931
0.9337087
-0.37552318
-0.5415064
-0.0043314174
0.7534805
3.8569245
1.6179891
2.3470566
-3.1169097
0.1847969
-0.42552382
-0.83754325
-0.050681137
0.27476686
-0.67940396
-0.6376431
2.4116364
3.0301356
-1.9057446
-1.7186061
-4.579898
-0.21899286
-3.8623421
3.650331
2.456027
1.1804166
1.0837146
0.9954207
2.040772
-4.2448826
-1.3843197
-2.2268765
-0.11314378
-1.7966484
1.8045939
0.51196074
2.679945
0.57831377
-1.8569527
-3.2348163
3.3734527
-5.2265415
-0.27955008
1.2473346
-0.020751134
3.560362
4.0195556
-2.0366237
1.51497
0.8497884
-2.8467064
-0.7427353
3.0285695
3.1886084
4.1716876
1.9362216
-2.5189009
0.8383565
-1.6369855
1.3022882
-1.0890337
-0.036350176
-0.63575894
3.3842838
-1.8996608
2.2371156
1.4838332
-0.46632153
2.6214905
-4.2376585
-1.206598
0.6495228
-1.352801
-0.26979455
0.94972223
-0.71431863
1.5356725
-2.9168556
2.8368633
-0.49743617
2.904152
-0.03584832
-1.8804466
-1.104099
-0.02961979
0.014064118
-2.260822
-3.8920574
0.6049582
2.33999
-1.3355495
0.5335281
-2.2327783
0.5873992
-2.0918565
-0.54327613
1.3515373
0.9686049
-1.8335584
1.7173104
-0.37697548
0.5917386
0.46169406
-2.4170966
2.6911845
1.5108889
-1.1308014
0.03849858
-3.1052835
-0.32262748
0.32735997
-0.9964472
0.10926966
-0.3955924
-2.6233327
1.6142962
1.2738055
1.0230911
1.4310873
1.215582
-0.0112276
-2.3972974
1.665825
0.93251264
-2.4417353
0.29666594
-1.5717348
-2.9546409
-2.8277955
-0.6705079
-0.6673062
0.09105535
-1.2257643
-2.686922
2.5789804
-0.51844734
1.6263738
-0.5103043
-1.0548837
-0.18175733
0.20891796
1.922959
1.0783776
6.381957
0.13773504
-1.8072861
1.6505563
0.7485082
1.2846459
3.0709841
-1.6175503
2.011196
-0.52651495
0.92067415
-0.71060824
2.3525944
-1.3238658
2.6880465
-1.1523131
0.021555569
3.6411066
0.62760794
1.9027653
-1.6461139
-0.7701695
1.4011698
0.69553286
-3.3827505
-0.16398665
-0.88418543
1.5861382
0.3037692
0.1068066
-4.5229917
-0.69412476
0.012812525
-2.9838264
0.49516636
0.015379235
0.25855112
-1.3842844
-0.48024032
-1.5313323
1.9650893
1.5452485
-1.1198531
1.5141901
-1.7032245
0.26380944
-0.31679735
1.558596
0.9796285
-1.7642418
-0.04796227
0.4569343
-0.7313853
-0.5542193
-2.6298027
1.8610204
-2.7044752
-5.115292
-3.3280041
1.3450717
-1.1547818
0.4403173
-0.33053374
2.2586184
-1.2180746
-2.505087
-0.37878078
3.7830641
-0.56688714
0.27263343
0.79566693
-0.83947086
4.7934823
-0.32314932
-0.09346098
-1.3790901
0.16923407
-0.25873914
-3.2590823
-2.3857608
0.004124932
2.5669732
2.2480035
-0.49216703
-0.81171906
-1.6204109
3.5431721
1.097372
-0.78286433
3.1988761
1.3069736
2.235757
2.8589385
-3.4899833
0.12651797
0.84002596
-2.4062624
-1.8594315
-0.71033734
-0.324342
-1.0591747
0.06709124
0.6476959
-0.37805122
-0.97820246
-0.2136479
-0.81124383
-2.7124953
-0.64909935
1.1136241
-0.062412955
1.1436093
-0.7413901
-0.58266336
2.4221683
1.1036593
1.9661422
0.7743772
-1.7204905
-1.451857
1.3086665
-1.0822594
0.05938367
0.77466476
2.2059257
1.731335
0.21675225
0.049024135
2.2087424
-0.3274743
-2.4417634
0.36363256
2.0746427
3.067667
6.464474
1.313995
1.7063906
-1.0296024
2.3032365
1.4876311
-1.079488
-1.2622122
-0.56728613
5.793318
-2.2505298
2.6266766
-0.16140702
-1.207782
-1.3900892
-0.4478357
-1.7293657
1.3493613
2.3235066
-1.236241
-1.4642626
-1.5494112
2.2504122
-0.73610806
3.0836697
-0.48272467
1.354091
-2.2619054
-0.5273209
0.38301808
1.079251
0.63485587
-2.7165866
2.3030126
0.3375072
-2.427375
-3.9202478
1.8926041
2.4999437
-1.4757112
0.4410864
-0.3006251
1.0967385
-0.34869462
0.38922238
-1.3755221
-0.6750431
-0.23631665
1.5187986
1.2609751
0.5473951
1.2384851
0.4831052
0.8658803
-2.6093569
1.3030849
-1.2852869
-1.9712812
-1.3467994
1.688994
0.1479779
0.083730444
1.1769185
1.1917187
-1.4406047
2.1908622
2.914403
-2.884527
-2.3251178
-0.74351764
-0.35804573
-0.45687214
-1.6846228
-1.567972
0.19331428
0.42876548
0.32570314
-0.05373639
-0.24446532
3.3777738
-1.5621132
-0.94517297
-0.5271155
-1.1567988
-1.6578853
3.5555081
0.9104158
-2.0847275
2.0608277
-0.9066609
-0.89390963
-0.36040014
-1.2967021
-2.0372055
-2.180948
3.644233
4.1190033
-0.7860563
2.5680158
-0.7178578
0.10624782
-0.41860694
-0.48084494
0.4177999
2.3500683
-3.3560336
2.8404202
1.724386
1.3553098
-2.4568298
-2.1754386
-0.18281019
4.1841288
2.7159293
3.3944166
-2.7983463
-0.29741788
-0.096203186
0.21925518
0.9359873
3.5269845
-0.8584141
-0.48756665
0.83104
0.9690512
2.5375402
-1.5258104
0.9667477
1.2175357
-2.7919838
-1.4104464
2.9060562
1.0318716
-2.7664304
-0.4179703
-5.1091757
0.33127457
-0.6788581
-2.6978414
-0.36237895
3.2596338
-1.2790619
-3.7939086
0.4624275
-0.95312035
0.31759855
0.35768798
1.6385626
-1.542669
0.40992978
1.1549906
1.2565957
0.2284691
-0.6260853
5.2949753
1.0254021
-0.29414222
0.518477
0.26074636
1.562209
-4.4410696
1.2472224
1.7015435
2.1581306
1.5105596
-0.049241684
1.2432585
0.54502773
2.3365405
1.0494038
-0.40533242
-1.6458405
-0.07738037
-3.5281396
0.73330134
0.226291
1.6403655
1.5729008
1.1714735
2.0105882
-0.6830052
-2.168847
-1.2924747
-0.43237203
-4.839719
0.8968762
-0.047891486
-3.7733433
0.19135657
-2.0617437
-0.019737449
0.20344238
-0.41955328
-0.25536406
-3.0802019
-1.2765747
3.8101277
-1.6270823
-1.1419967
0.701305
3.1937187
2.1357837
-0.87670535
-0.4771768
1.457029
0.30716607
-0.061785005
5.097099
3.049159
0.68931085
-0.33778718
-0.28454477
2.148727
-4.411307
-0.3199227
-2.1344569
-0.64542484
0.44588417
-0.51191807
1.8661206
-1.963056
1.1991643
-0.53837764
3.208915
0.37547982
-0.9137871
3.0141523
-1.1099764
-1.399361
-2.030803
1.4009368
-0.13791925
-1.5886322
-2.366998
1.7274318
1.3299553
-2.6682987
-3.075867
-2.481858
0.46712008
1.0827863
1.6160744
2.445485
1.9932698
0.15331104
0.6226371
1.7048068
-3.5110803
-0.26850566
-2.9003024
1.041851
-3.5067203
0.46391565
-1.5857451
-3.0693922
-1.4365337
-3.7477264
0.19095749
-1.964259
-1.3644882
-1.6284099
0.8972634
0.6070463
0.0839909
-0.82566893
0.514121
4.7406187
2.7009063
0.7951625
-0.5337105
0.7198954
2.9237387
-0.21998343
-0.59010696
-1.2442224
4.105896
-1.3663393
0.53103536
1.8973432
1.7937657
-0.29743907
-0.20179981
0.54403365
-0.35903788
2.5568898
-0.3068857
-0.121398225
-2.405183
0.02037625
-0.7033704
-0.4782555
3.3482947
2.174145
-0.15832984
-2.9796214
0.8808057
-1.9372574
-2.630753
0.53334075
1.5905144
0.21015859
6.10764
-0.45875856
1.1595587
4.145876
1.5261835
-3.3504765
2.760467
-1.0968219
1.6745065
-0.16808882
-1.4672446
-0.5978311
1.2506427
-0.13533337
-0.93085665
3.2790442
1.813818
1.6965507
2.4989269
0.86966264
-3.7117543
4.2178855
1.3105971
1.0623943
0.5513207
-1.0673842
-0.92511827
-1.2883985
-3.2188559
-0.17755464
1.4931421
0.9276903
-0.4467196
0.28358898
-0.36899054
-2.1099727
-0.08764625
4.360874
-2.1876802
1.2922705
-0.37528467
2.4738436
0.36209846
-1.5000484
-1.7180488
4.634601
3.7903671
1.798734
-0.8511581
-0.70572084
2.853436
0.6306692
-1.0193477
2.4385548
-2.1483862
-0.16650963
-0.34451967
-0.026399352
0.73197055
-0.19193602
1.3701991
-0.622434
-0.5915036
0.20182407
-1.7617787
-0.4566528
-0.56706166
-2.4026062
4.8947244
-0.5803229
2.501314
-2.1716144
2.0831292
-1.334486
-1.9970282
-0.010052577
-2.0386496
-4.1064105
0.6074759
2.830049
-0.0010134205
-1.3643503
0.554019
-3.7223082
0.22255425
1.1107441
-1.6330396
1.3012625
-1.9210904
-2.1798477
-0.19177848
-0.46616298
-0.31701857
1.4815527
1.2396597
-4.8547063
-0.050080497
2.0165248
0.01409252
-0.98749214
-0.39170343
-0.20466092
-0.83529127
1.3034339
-2.5242076
-0.21671891
-1.6999099
-0.66211635
-1.5106895
-0.39935866
-2.624548
0.0961457
2.1795287
-2.240769
-0.08025817
-0.03581384
1.1872771
0.5702531
-2.9082062
-1.3384919
1.1093677
0.45596468
0.15093525
1.5914842
3.7702937
-0.6401675
1.2106977
0.4278914
0.85961914
0.2534275
1.2995538
1.433767
-3.2404017
1.9924802
1.3755108
2.297576
2.6393769
-0.95840317
0.07611632
1.0038272
3.6060238
0.43298608
-0.5323453
0.5994222
0.05174758
-0.48382348
-1.6644098
-4.3590407
-0.033747263
4.34221
-2.165348
0.5187553
1.2118185
0.40569913
-0.6986461
4.2296743
0.12790379
-2.568836
-0.38544118
-2.693077
-1.1103228
0.23760924
-1.6235127
-1.1888044
1.4925795
3.2009585
0.58558774
-3.9177716
-1.4415885
-0.06373226
-0.61538404
-0.4723362
-1.337882
0.44566876
-1.9983017
-1.4441646
-2.7374966
1.3982539
2.7098389
-1.8940098
-3.8157332
-2.1236162
0.5121725
1.0336955
-0.41611364
-1.8346663
-2.263816
3.6553972
-0.8559507
-4.4469423
-1.4543014
1.1544352
1.0981724
-0.82556856
1.6759682
-1.6499816
-2.5673618
-0.31624234
-0.10110136
2.332121
-0.30649453
-4.3199224
0.7907868
2.6143978
-0.3231629
-3.740317
0.5922399
-2.157884
-1.7536182
-0.4452136
1.2707098
-0.56525445
2.6266146
1.1815941
-1.9336025
-2.4048874
-0.45891917
0.8290224
2.1567092
2.173288
4.05819
-0.74237293
3.0883992
-3.3673406
1.9063952
-1.9572364
0.96085703
-0.61271
-0.58081573
-0.6237428
0.4515918
-1.2816713
0.45891416
0.11991085
0.22488734
-0.010483548
-0.75389665
0.05578196
-1.6460404
-2.8839023
2.2364736
-3.30638
-3.3601742
2.875306
0.32668298
0.18525411
2.018017
-1.5230654
0.004182942
0.26628712
-1.712349
1.715527
-0.500873
1.2242128
0.71207577
-0.029950682
1.5287089
-2.6201222
-2.3944407
-1.1561276
-0.7749128
0.4863096
3.2332287
-3.929781
-1.5798113
0.29884014
3.1345222
2.4575574
2.287016
-3.002462
0.9071348
0.5537371
-2.0571623
-0.37004197
0.7659741
-1.5315976
-2.4207976
-5.513968
2.375713
-1.0462936
0.8574084
0.7314061
2.0559614
-0.75483924
1.5356752
-3.7299845
-1.859275
-1.8771992
0.19858709
2.9615955
4.0775247
-0.667039
-2.662282
-1.0359963
0.79434884
-2.3481646
-1.670874
-2.081178
-1.7121518
-1.6511024
-1.3982271
-1.7671075
1.3549808
-0.87177396
1.752444
-0.5275872
0.7568665
0.6738321
-1.7232083
1.9592777
-0.22341523
-1.1447637
0.63232213
-0.2608881
-0.28157932
0.117730096
1.6029378
-1.35526
-1.1059858
5.3039927
-0.83367044
-2.8977523
2.2178214
2.0329103
-0.0370007
3.6295102
2.148072
-0.1608924
-3.2423418
-0.2052429
-1.0271981
-2.982986
-0.15922475
-0.5558433
0.36794448
-3.9157374
0.36948195
-1.491591
-1.060904
-0.8164941
-1.2323709
-1.3234553
0.69566107
0.2216725
-1.1886208
0.23310782
-4.052515
1.0345029
-1.0708246
-0.42732856
1.214493
-2.9597106
-2.37943
-1.8356233
-0.3591896
0.39499766
-2.1720817
0.9563932
0.3218999
-0.038069494
1.2728227
2.4082828
1.5278766
2.4581664
0.21354073
0.5349434
-1.1757351
-1.5659893
2.0027187
-1.8225071
-3.1702669
1.541057
1.1789062
2.473335
-1.3846155
-3.3371534
-0.24280843
1.0192202
-1.2310251
2.8786314
0.97299284
0.90677977
-1.6565424
0.18896276
-2.0804808
0.45742518
0.20233345
-1.3530641
1.7369846
-0.014778569
0.25449842
1.9644428
0.6911981
1.4050206
1.2304552
-4.4341407
0.24944782
-1.0491425
-0.3211998
-3.9434862
1.5182635
1.4556745
-0.042427234
1.1086667
-0.9350423
0.9752923
0.06321942
0.5824407
3.5583105
0.7582371
-0.52213913
-1.6105402
-0.2637828
1.3865148
0.067785695
3.007419
-0.12889048
3.1303475
-0.73727524
-0.27692816
0.76177657
-3.0406096
1.3157614
1.5221097
0.8676088
-1.856658
1.86945
-3.131848
1.2455082
2.7573373
-4.831312
0.47570175
0.4549033
-1.458191
5.412845
-1.5351452
-0.214035
-3.488082
0.91414446
-4.3663197
0.19230224
1.5475588
-0.3365061
-1.5784029
-0.3100943
0.95040756
-2.4195743
0.4893736
2.3432035
0.75946414
0.7249446
3.127208
0.88887405
0.83042705
0.6275798
-1.7474641
-0.64094454
1.4417824
0.15907544
1.9745378
2.4109523
-4.5700965
-1.4346672
-2.4184234
0.29320836
-1.0778997
3.375029
-0.084378265
1.052265
-0.39065355
-0.68593985
-2.7889702
-0.17764851
-0.31570387
-1.2445337
-0.7371243
-1.760815
-1.9927278
-2.8986015
0.031705722
0.0008424632
-0.3742502
-1.0727757
-0.6511665
0.28162333
1.3640158
-0.1803387
2.578874
-1.0024353
-0.49801534
-0.27249014
0.64370877
-2.7855096
2.8745112
1.8802863
-1.256504
-1.0885767
1.6989012
-3.1559906
0.67514396
-1.3056979
2.9591532
-1.330511
0.44466856
-2.5114796
-1.4933261
-1.1069032
2.2729387
-2.2476583
1.2511334
-0.6835884
0.43956614
-1.6248819
-0.6934242
-1.1830544
-0.88613975
-1.0260805
-0.2881452
-3.1122243
-0.580093
1.1123137
3.0521724
0.6973699
-2.8532076
1.7196262
-3.5177326
0.98486227
-2.5170996
2.2082722
-0.7265412
3.065546
-1.005227
-3.4701364
1.3025472
-3.7996633
-2.027658
-2.4899142
3.6645699
2.7994773
0.6588838
-1.6951125
-1.6060154
-1.6859093
-0.5377488
2.0174036
-1.8656423
-1.1801531
-0.8961564
-1.3974718
-5.877523
0.12391186
0.61835706
-1.0404465
-0.5440394
-1.4100786
-1.2588341
-0.24907526
-0.30333045
0.8572288
0.61353856
1.770266
0.25788558
-0.60040665
-0.30719122
2.2541585
-0.070249654
0.49397165
-0.94917685
0.74046
-1.2495736
-0.49878886
2.1633732
-0.6155296
0.08455187
0.5785381
1.053285
-1.286452
-0.051700853
3.193276
2.956958
-2.3709812
0.94135237
-0.796609
-1.8615748
-2.6881855
-0.69822294
0.44579533
2.428217
-2.2290118
3.3953295
-0.016253948
2.3170516
1.2132492
0.71157527
-3.4331465
-1.4889206
-3.907809
-1.8526433
4.0340357
-1.4427403
-0.5398959
-1.7969592
0.8298681
0.31502166
-0.90722233
0.35670495
-0.6590374
0.4806042
0.53774697
0.10195624
0.5365776
-0.28570473
-0.5517845
-0.80748296
1.4174576
-0.7909278
0.8020925
-0.028436214
-1.7659738
-0.8792489
1.8632225
-1.5744263
1.4381971
-0.7631911
2.983788
-1.6210184
1.5379422
0.2408086
1.468423
1.0334871
2.274056
-1.1159605
1.2002547
0.09166885
-0.6230241
0.043040864
-1.4036556
-0.36793917
-0.0051346347
1.9021939
-0.5160165
0.55552256
-2.6074805
-3.596088
-3.8035183
-0.92021924
0.22526091
-4.291213
-0.30663282
1.0889118
-1.0140109
0.68757147
-0.1949906
-0.29919305
3.3389647
-1.2626692
-0.27118927
1.6352844
0.94276047
3.5588892
2.6051788
0.45385826
1.201771
1.168169
-1.0673846
-0.48741558
1.1267351
0.8973958
-0.92423934
1.8570317
1.9973367
-1.8035367
0.058669668
1.4831161
-2.9963882
-1.9518586
0.6164753
-1.8678749
0.5227903
-0.80226177
-0.59755504
2.0301936
1.0721443
6.705783
-1.9311677
-0.36316767
1.5700033
4.1524897
0.11239612
-1.3864044
-1.4398463
-1.4659991
1.3446985
-1.3008974
1.4137232
-0.00976919
1.2525476
-0.16417098
-2.7323828
-0.56083184
2.8703833
1.0238981
-3.836024
-1.421736
1.4833561
-0.7275884
-0.30922893
-1.9408519
1.7281182
2.3821547
-0.24299705
2.6001298
1.4144886
1.7906251
0.7939085
1.8657501
-2.85934
-0.92543066
2.1258469
-0.86051774
-0.059478767
0.38854587
-1.2842678
1.2565818
2.8750153
-0.55704695
-2.3251739
-1.3787067
-4.3640676
-0.3617811
1.3969115
0.7755743
-0.91450065
-1.6683203
1.6810209
1.0241113
2.5119438
2.7877917
0.9336898
-3.1476104
2.931193
0.9570973
2.6109903
-0.79156715
-0.8533047
-2.2429924
6.3364096
3.2226484
-0.90976477
-1.744261
3.369736
0.5675529
-1.0880688
1.19887
0.7689466
0.41027012
1.5535848
0.8545397
1.6558615
1.5843394
-3.3712492
1.6552663
0.17208427
3.4586928
-1.83737
0.15190616
2.1352558
0.7171715
-2.2938883
-2.885897
-1.140788
-2.5793073
2.855383
1.0457555
2.7628536
-2.0024066
-0.62542254
-3.1879044
-0.4767602
1.7911474
-1.6493758
-0.7479176
-2.7662308
-2.2363832
-1.2594203
-1.9430463
0.4795814
-0.78378934
5.4238753
1.3976643
1.7558655
0.3796995
2.7049448
0.31548715
3.0854588
3.84813
2.5793886
-0.7781981
-0.89275014
2.3288789
-3.199713
-1.2000766
-0.7863391
-1.8421521
-0.37087822
-1.1811212
-1.339591
-1.6099969
0.7212571
4.0540547
1.0690151
-3.3547738
0.5491553
3.0515203
2.4506302
-1.0206671
-0.8382925
0.6431942
0.9344966
-1.1632094
1.8904424
0.28055784
0.59194005
0.56441593
1.7451695
1.7038665
1.6970861
2.2458339
0.6968764
1.9842259
-2.7514858
0.89986324
1.6100575
2.5662813
-0.46057293
-0.7010359
0.36204505
-0.19895148
3.4178426
0.016992472
-0.27214736
-0.40942955
-1.3025191
0.01184224
1.0640662
2.115203
-0.6051777
-2.9824693
-0.37041682
1.0675353
0.9978463
1.0989447
-2.6489706
0.744674
1.9105557
1.0663826
1.3505481
-1.2979907
-3.5892289
-1.3532451
0.38053516
5.696849
1.2655791
-0.28672323
-0.7562504
1.4582103
3.529413
-0.6945851
1.7588506
-3.340802
0.90720195
1.3953518
1.1067196
-0.5673459
-0.98526084
3.1775548
2.4586282
-1.887133
-0.7375954
-0.20962912
1.3527822
-2.0556986
0.19849768
0.6679701
-0.84981465
-1.1346506
2.5343258
-0.24199525
-1.6034386
-2.3177788
-1.3267083
1.1661178
0.55156034
-0.061388593
1.0594208
2.4849842
2.5064225
-1.7991647
4.2667785
-1.1872836
0.6220651
2.093436
2.870702
-0.908508
-3.3190622
-3.6116278
2.7574077
2.9730546
1.2908448
-1.0233494
-1.0556431
-1.4808937
1.2458932
0.36915296
-4.4416804
-0.11524165
0.35713303
-1.2460116
1.0308231
-1.82754
-2.7621224
1.4958256
-1.6715791
-0.030030385
0.18996117
1.0101051
0.4927055
1.7424027
-2.536156
-0.6682924
-2.868696
-0.96730626
-1.3244199
1.2131494
1.9020659
1.1281949
-1.2171912
1.5264243
1.7542155
0.5674462
0.82605267
3.7113266
0.10254936
2.4806738
-2.5730855
1.9659941
0.26933873
-3.505737
-0.013859432
0.25971177
-0.7661895
1.7439201
0.01720579
-1.2301427
1.3352233
2.369723
0.05026219
0.6487708
-2.8709908
2.2763574
-1.7300278
0.6332393
1.3373725
2.1615744
-0.6690684
-4.0139647
0.45838484
2.2982397
-2.1918678
-1.8105927
4.9820433
1.4492944
-2.6816168
-0.6233037
-1.4323045
-1.5814843
-4.005121
0.21212417
2.756991
0.49632812
0.44060993
-2.1641293
-2.022113
0.8249639
0.91166633
-0.847933
-1.1897488
-0.7640848
-3.6122115
2.0563254
0.110940784
-1.947482
-1.9579926
2.575033
1.5645336
-1.3596883
-0.5277446
-0.8758759
0.48198557
2.6296372
-1.765429
-0.5896702
2.8505964
0.5904129
-2.6607769
-0.17837523
-0.35616
1.0827442
-0.07443986
-0.45041943
-1.0670313
-3.0982168
1.0761417
2.1621368
-0.6025731
-1.1833472
-1.4097742
-4.758559
0.13812311
-2.4026966
-0.36772886
2.9550612
-1.1196
-0.9382619
1.9369764
-3.8008163
-0.123115934
-0.66007125
2.8481808
0.96685654
-0.05053313
0.21677834
-4.4616523
-1.4734077
-1.8020709
0.8787741
0.83622825
0.26643538
-0.22878873
-2.4266896
-3.5802622
-2.5018609
-0.38437587
-2.0264418
2.1898007
2.8348992
-0.46849525
-0.24390635
1.3182999
-0.9791815
3.6000743
1.3363918
-1.1925993
0.9778437
-2.620784
1.8859329
-1.565609
2.0016906
-0.2676941
0.09323429
-0.45108047
-0.19958416
1.388006
0.3858258
-1.0691979
-2.2356865
0.68875843
-0.11887025
1.928811
2.4591262
2.2752304
-0.7049821
-1.5376186
-1.2533969
-0.80396193
-1.4500302
-0.40242696
-1.0529622
1.6090171
1.1635231
-1.1201481
4.247321
1.3943304
-2.5731862
0.007000115
-0.90908086
0.54369336
0.2325277
0.12332463
0.8304864
-0.48454744
-1.5521101
-3.1639118
-1.0203091
2.3233821
-1.837066
-0.26731032
1.2994726
1.6168616
-0.63183683
-0.4490283
-1.9645569
-0.10461718
-1.5832423
0.8023759
0.041909963
-0.61053604
2.234066
-2.626672
-0.9927922
-2.653642
-0.19781184
2.6583893
0.8025258
0.3699636
0.9605516
3.527013
-1.486518
-1.8345609
1.6353319
-1.6265142
-0.98820853
0.85433334
3.7013283
0.0072612762
-0.0047479644
-1.0580475
2.4131696
-1.0706369
2.3180041
-1.637792
-0.50947
-0.9352319
-0.58682686
2.664066
-0.47801298
3.6587389
-2.4113224
0.9248648
1.7259427
0.30947858
-1.4464033
-2.506599
-2.0019593
2.68101
-0.28859663
-1.332757
-0.9708281
-3.3420625
-0.5359975
-1.5980053
0.73546976
2.2393641
1.0182586
0.7080375
-0.17402989
2.070479
3.6538265
0.16872877
-0.12277166
3.515113
-0.9886121
-2.9961421
4.414908
2.5396776
0.40504137
3.3934033
-0.8554377
-1.2338116
1.9143903
0.38393188
0.15338054
1.7482171
0.16695428
-1.0304044
-0.6006656
0.14153695
-0.6436128
-1.6085016
0.019865248
0.17830625
-0.44995716
0.9766716
2.1711185
-0.9888367
-1.1933848
-1.9619936
-2.233181
-0.08579438
1.0112746
1.285563
0.35076234
1.4790518
-2.7959504
4.696221
-0.17499675
-0.7033064
-0.37584895
0.6286315
-0.4164946
1.5779734
-4.9501276
-0.89290094
2.3499143
-0.68258125
-1.6419295
-0.091951795
0.06697139
-2.084665
0.8767452
5.348777
2.9430935
1.814341
-2.5218644
-1.4709897
2.8870573
0.11398399
0.49131507
-1.5770096
-1.1354685
-0.9329644
2.5522163
0.6841393
0.07968051
0.41360736
0.61034495
1.7310916
-2.2832541
2.6827445
-0.896399
-1.4668702
1.3077528
-1.3566668
-0.15906176
0.122054726
0.7926603
1.4944577
2.1103551
-2.5142872
0.89254194
2.2172353
-1.8542826
-1.0117308
-1.2008314
-0.50748056
-0.0761702
-1.1702168
0.39503545
1.2361461
-1.5670377
1.5309219
1.7148519
-0.008420989
-1.608157
0.58282185
0.9436438
-3.976319
-1.817557
-0.56635636
0.28719848
-0.47199303
0.2691421
-4.3810015
-1.7298908
2.6644437
-1.5402802
-2.0203958
2.9993618
-0.4297718
-1.0704832
-0.7317098
-0.9539961
0.2544379
-2.4807267
-0.03439454
4.7723284
-1.4273527
0.3559835
-0.90359
2.2960887
0.84459394
1.4577513
-1.3764101
-0.92402303
0.97749436
1.8848004
0.16392949
0.23815998
1.6102173
0.16271454
1.9012287
-0.21589541
1.4122047
-0.8340529
1.1027483
0.88367313
1.6337246
0.8960306
1.6144078
-0.038636148
0.260584
0.4628536
1.7997601
-1.8715391
-2.0988152
-2.931615
-1.849422
2.236209
-0.57955647
1.3695482
2.813269
-0.3898092
-1.7372336
1.4832408
-0.8134556
3.912373
-2.494618
-3.3376014
-1.6189824
-3.5297751
0.50531036
1.2444137
1.8804069
-1.3971157
2.7591097
-1.35534
0.5699155
-0.5002439
1.0442475
-0.41698372
0.5749293
-1.5417167
2.565857
0.2888217
-2.9472308
-0.36508924
0.38718897
1.6635318
1.6175264
0.7118892
-0.5803323
0.0922732
-4.151308
1.2122792
1.1944956
-0.9025434
-0.570276
2.529181
-0.42281777
0.8015628
-2.4527082
-1.616564
-0.14783686
-0.113268256
0.6488996
-0.914585
-1.374802
1.9142656
1.6640881
1.3023388
2.3283315
-2.8771293
1.5995265
2.3051188
-2.570916
2.044294
-1.2916423
-1.0892187
0.47537
-4.9347696
0.5758531
-1.7621759
-0.6753962
2.898338
1.6442363
1.2827827
0.27600512
-1.2185824
1.8713913
3.4891534
-0.9375722
0.5463445
2.1455836
-0.30433896
-3.0821667
1.5787237
-1.2203836
1.3418138
2.77386
0.9705923
1.4666458
-0.5951858
-2.272119
2.8813548
-1.1281006
-1.4302875
4.2754807
-5.2667317
1.440119
-1.4939841
1.3387687
-4.426343
-4.4334073
0.73531264
-0.6657443
-2.4695184
1.0370551
-4.226982
0.004654579
0.38986802
-3.813092
4.35191
-2.2911623
2.1337128
2.1383865
-0.43160364
1.800797
-2.6067872
0.48793098
-4.6081305
-3.95483
-3.5594301
2.7662988
-1.2530267
3.2781835
1.0133923
2.8232152
1.8501362
0.21534455
-2.5129716
1.9795926
-2.3453727
-1.6434455
0.45568663
-1.0837706
1.360386
2.1028762
-2.300124
-0.088604026
-0.7119526
1.9153894
-1.401577
0.095314495
1.8423241
0.73061734
1.3225027
2.2943466
-0.13549647
1.416158
-0.3899217
1.162532
1.8822383
-0.45313025
0.6905453
0.5689959
-2.3549218
-1.5768396
1.6390312
-1.9479511
-1.1416196
-1.4530629
0.63324016
2.5021021
-6.101384
-3.1943297
0.82471204
-1.2377818
1.6198523
-0.85602725
1.6222808
0.3181803
-0.7932964
-1.3349278
-0.84602565
2.284214
0.15037172
2.1432285
0.31607562
5.9237423
-2.5910778
-0.41826493
-0.4805619
-0.43777856
-0.09134232
2.356616
1.1143446
-2.8236637
1.1343112
1.9540726
-2.1383965
-0.038641542
-3.303743
-1.3430171
-0.15141428
-3.0414777
1.3948587
0.63884646
-1.540169
3.550854
0.9762016
0.25689408
-1.7651634
1.8767861
1.2169615
0.4599819
1.5664994
1.1216273
-3.8796716
-0.84990585
-0.5154608
-4.289502
2.1719418
0.28164408
-5.1290364
0.08254755
-0.694907
-3.1631427
-2.5937297
-0.07500293
-1.496696
-1.9881879
2.6190515
0.9080032
-1.1277386
1.580178
1.7647402
0.73052585
2.225034
0.91529495
-1.8464646
-1.7009804
-1.0251858
-0.341093
-3.0678697
2.0793848
-0.44349158
-0.2292968
-0.51630026
2.7066724
2.1061766
0.9643974
2.1325927
1.0355501
-1.9073147
-0.16521582
1.4913951
0.8848302
-0.778572
3.6273096
-0.24124405
4.421897
4.1941457
3.9347768
-0.13398346
-2.847329
-0.037038706
0.2897327
-0.7940438
-2.6881838
1.9100919
-0.947667
3.5986533
-0.72823614
0.94873136
1.5478904
-0.5498191
1.1724929
1.0646623
1.5992668
-0.6473752
-0.645865
1.1893867
2.8373604
-3.223251
-0.12581313
-2.4237604
-0.75154275
0.7669192
-1.3222073
3.2980947
0.24536026
-0.7798332
0.2765282
-2.8351557
0.78206766
-1.488208
-0.44729227
2.0345259
1.7255259
-1.2945676
0.08112843
2.2073293
-0.28675556
0.64948666
-1.267596
0.4083425
0.7868068
1.2800716
0.18786815
-0.019967496
1.7126093
1.9690729
-2.7931278
0.18999787
-1.4027418
2.2753804
-4.5098205
-2.255812
-1.2367939
-0.17073056
1.2538745
0.6384475
0.46322536
-1.2100577
-0.33424056
3.2987843
-0.42782316
1.4055456
0.27629858
-0.3925445
2.2907155
0.19514233
-3.1654484
-0.044977628
-3.2139041
0.2209669
-1.3817891
-3.1770487
1.8701906
4.4832
-0.35844594
0.12600094
1.3526974
0.27139246
2.9477882
-0.44331828
-0.4602714
2.0197837
-0.5990875
-0.7396557
-2.4886315
-3.6212244
-2.7317836
3.4638171
2.4084063
-3.9281702
-1.3481408
1.0068804
-1.598773
-3.3081133
0.22958209
-2.4296002
-3.5638347
1.9346313
-0.8090338
-2.86654
-0.11868466
4.6020646
-0.6429041
-1.9846064
0.7168601
1.592093
0.69262576
0.32581726
0.5407339
3.2121463
-1.4786507
0.13021746
-2.4286337
2.7621968
0.19368398
0.13533792
0.34029913
1.8305204
-0.086468935
-4.4410434
1.4297098
0.33177552
0.090894826
-1.5920697
-0.15542173
3.001191
0.7400259
-0.8701681
-4.9676013
-0.4237237
-0.3448549
0.052531093
0.29261994
2.5195153
-0.5581085
0.23558012
-2.4511251
0.22064845
0.58755827
1.5154269
-0.44404382
-1.5914999
2.562217
0.21628253
-0.55725867
-0.59924805
-3.413194
-1.1564727
-1.3623931
-0.6344687
2.55031
2.6800272
1.2392406
0.13843611
0.74850094
1.587032
0.40176165
1.2154511
1.5024067
-0.048245706
2.4064765
0.7003623
-0.9694832
-3.438065
-1.9066759
-0.07302584
-0.47293007
-1.0283496
-3.3854375
-1.9097084
-0.116311364
1.046905
0.74831736
-5.3182125
0.66575867
1.7178712
-0.73315585
-1.8696014
-0.9877872
0.7511738
0.6618779
-0.0020297505
1.5724821
2.5522897
0.062311344
-0.81805074
-0.44490063
-3.6088014
-1.7630116
0.7282521
-1.3921206
-0.60834676
-3.2889233
0.6958675
0.52802694
-2.2149725
-2.2777314
1.5804071
-3.0363708
-1.7721727
2.0387495
-3.0789711
-3.212253
-1.6928817
1.4435574
-1.6031293
1.4165097
-0.7809368
-1.265151
1.6503055
2.047671
0.33249393
-2.7985027
-0.9834563
-2.4749265
1.5254462
-0.30959615
-1.2165368
-0.80295056
2.5924032
1.7486238
2.3814797
-3.9551973
1.6723795
-0.94082355
-3.6557076
1.8234558
3.5366647
-0.13794652
0.34274298
-2.33017
-0.67452073
1.2286177
-2.7712898
-1.3060108
1.32278
-0.2501249
-2.1341577
0.62609404
-0.27373314
3.1614065
2.01927
-2.3037155
2.0349782
0.24892485
-0.21017498
1.1199139
3.351269
-1.1711241
-0.6760165
1.0679092
-0.20704764
4.822825
-0.74883723
3.2783582
-2.2202003
-2.6553478
-3.2296343
0.8412975
0.7198689
-4.1770754
-1.7091019
-1.1548415
-0.915695
-1.1753145
1.4415524
-3.389958
-0.09855709
-3.138828
-0.9328272
-0.34700027
2.6016967
1.2809484
3.102468
0.15489466
4.752627
-0.8622247
-1.1097674
0.40648335
4.0746665
1.8977209
-0.5043112
0.8131893
4.54649
-1.7677252
0.26079157
0.1914694
0.02625686
1.6946157
0.059314996
-1.5069942
-0.34811962
-1.3096758
-0.016395278
5.9143677
0.54099864
-1.6858255
0.99938434
-2.5410607
-1.8786086
2.8803546
0.3755066
1.2456163
0.30067918
0.15246594
0.72342587
1.338816
-0.3210147
2.5175333
0.2539878
-0.20250659
4.227628
0.06657457
-1.1539257
-0.6375731
-2.505663
1.3783339
4.6937723
-2.8053405
2.093215
-0.68720776
-0.45290822
-1.232074
-1.3237188
1.3437043
-2.0788379
0.39208972
0.6258271
-1.1095772
-1.7284862
1.2585691
0.68246114
-1.5769022
3.166164
2.0717459
1.4408027
-1.8626977
1.6193444
1.7860557
1.3969872
-0.82684165
-3.316009
1.9646189
4.081286
-0.3827039
0.8283381
-2.1726868
-1.0490277
-2.4003048
2.188624
1.874535
1.4269505
3.2098827
2.1007562
1.6333718
-2.0159273
1.4625329
3.8273563
-2.2838304
-2.5510292
0.6162371
4.8925476
2.43964
-2.5378702
0.2692136
-0.9440599
-0.84848845
-0.47804713
-0.90020937
-1.9134562
-1.7390839
-2.5507782
-1.0199134
-0.23664182
2.2124746
-3.7689917
-2.9158452
-4.44605
1.7522845
2.2407937
1.001408
3.0739045
1.7257477
2.0821726
-1.4491502
0.15736263
-0.7866113
-0.17562464
0.293252
-1.446843
2.4460862
0.71488017
1.5707535
1.4445828
0.13473453
-3.0084982
-1.7478106
-0.20751661
-1.0465521
0.8201905
-0.34777716
1.4721204
-1.5474986
-1.0798689
-0.15944788
1.3626325
2.5851266
3.559651
-1.5174836
-0.9876944
-0.31819078
-0.2565472
-0.3455585
3.2536545
-1.3915656
-1.1458969
5.310633
5.1229596
0.37086457
-1.5731138
3.1056826
0.43882072
2.345942
-2.8970711
-0.3435701
1.500031
0.9905222
0.37704697
-0.5788074
2.6222916
1.8002361
-0.9527868
-2.2193215
-3.26966
-0.1518535
-2.4340413
-0.46833774
-1.7909404
-1.5070837
-2.39484
-1.5235604
-0.4965699
0.89288116
0.13577162
1.5394515
3.881925
1.6026603
-0.843039
-1.559386
-0.6869837
-1.6197591
-1.1937922
-1.1966507
-1.5341266
-0.35656142
2.1306696
0.13051167
0.3483675
-0.8221574
0.9763708
-2.6387177
-1.506866
1.1777076
1.5724565
-0.62647295
-0.45248395
2.0508463
-1.8877807
-0.7568928
-2.231503
-0.5539172
-2.924124
-0.87515676
-1.3038208
-1.7345217
2.0579386
-3.9416301
0.8371015
-3.1496046
-0.52736115
0.20686013
2.6226716
-4.178225
-3.3287027
1.8402025
-3.4507124
0.48131806
-0.5888195
-4.9698052
-1.5747716
0.016855761
2.1218185
0.58119476
-0.18296209
-0.99107903
-1.5560936
0.123860486
0.052786805
-1.2491014
2.3358283
-1.0213003
1.1480159
-2.3657036
0.8710267
-0.56365997
0.7084448
-0.86963075
-5.996389
1.0899429
0.90451115
1.490299
-1.1108087
0.83177674
-0.6628195
-0.94013464
-0.8364105
0.9149572
1.038512
0.3533587
-0.6363334
0.25550213
-2.7543435
2.0847204
0.5297626
2.6399338
2.3620603
-0.8769016
-0.3916241
2.3015761
-1.665849
-1.1383294
-0.12612146
-3.6012914
2.322104
-2.5110297
1.6218588
0.3218179
0.7346961
1.204421
-4.3854256
1.1397152
-1.5908015
0.58941483
1.5815281
-1.2930009
2.4660387
2.2118077
0.99257463
2.4193926
0.043630034
-2.6387482
2.098027
0.78360814
-0.33821318
-0.41078508
-2.9650528
-1.2978069
0.15127173
0.17255858
1.7145004
1.0668646
3.9166229
0.4663692
0.98530644
2.0667973
-3.7190156
-2.6061237
1.8680657
1.0304799
-2.539893
-1.6447937
0.12924111
-1.7441907
-0.37665236
-1.3992705
-0.65249497
-2.3062444
-1.8417944
0.4899737
-5.04485
1.1263825
0.4531999
-2.622779
0.7218648
1.3265551
5.68932
0.28697565
-2.1321094
-3.8855166
-2.8980396
-2.1263537
-3.8876753
-2.3350837
2.5204575
-3.8739388
-2.9930997
1.2831367
2.352093
-0.5730183
-2.1188848
3.2861354
-0.21724528
1.6314969
-3.478401
-0.92539054
1.351805
0.19478479
-0.4207809
-3.4072526
2.7673218
1.9676611
-1.4831176
2.4654489
-2.273581
-2.129744
-0.41126797
1.7097878
1.1011676
-1.4524574
-1.9255092
-1.8677832
3.196671
1.7503694
-0.92554915
-1.5810707
1.696438
0.56449854
-2.974871
2.8482802
-0.910229
1.2487923
-2.6359308
-0.28788185
-3.7978404
0.5722336
-0.6403399
-1.4820048
-1.2589084
-0.025823258
1.2518905
-0.7178603
2.3559794
0.87942415
-0.46575436
-0.9453355
0.97642046
-0.18894759
1.8960294
2.126516
-0.95782876
-1.9015704
1.7079972
2.274301
1.3552616
-1.8696156
2.422343
2.9444318
0.21278226
2.2147043
-2.031155
-0.29596257
-2.3698714
2.6584618
1.6290962
-4.6801395
1.3869629
4.4099364
0.6921663
-1.5127635
0.9963212
-2.3888304
2.5146344
0.048432074
-1.7514094
-0.7053377
-1.2153139
-2.8461144
1.7723856
-1.1026269
0.530307
0.517913
3.4120815
-1.1602335
1.0062588
1.4259008
-0.10353969
1.170715
1.9523379
-1.0396523
-0.87580544
2.2278655
-1.2852347
-1.2474172
-0.08804182
0.54792494
-0.31640235
-2.370651
-0.42081088
-0.61636066
1.6107595
-4.4057426
1.0807537
0.43342993
-1.123434
2.7550058
0.86502874
1.9576313
-1.850419
-0.24006097
-0.6488958
-0.02195856
-0.6084774
0.7713806
-1.1313719
2.1055622
0.7831659
-2.1125472
2.1270444
0.013872348
2.9448357
2.4878907
-0.04685741
-0.0737102
-0.8939202
-0.7644532
1.8705325
2.3110518
0.15191142
1.8574009
-0.6404115
0.8107691
0.67129284
-0.55955756
-0.68734944
-3.330289
-0.5766928
2.9917226
2.7558208
-2.1458201
0.07070278
0.6245832
-2.9717095
-3.57006
0.05742906
-0.17098907
1.3123465
-2.685398
-1.6337203
3.1043205
-0.5115619
-0.36975563
2.118579
-1.6214285
-0.6037014
2.0477307
-0.9797158
0.19841507
0.5081784
0.26560512
-3.9495702
-0.7369151
-0.17518097
-1.3055329
2.9154246
2.678379
0.15159705
-1.1629425
1.6232355
0.15475515
1.4667876
3.0243454
-0.6771204
-1.2909104
2.3398712
-0.843849
0.56721157
3.6896331
-1.1434797
-0.9211352
-2.7075946
1.7319368
0.9471255
-3.6370583
-0.5016861
-0.4113861
0.6835426
0.8998171
-1.9647093
-0.5672345
-0.5926478
-1.9616816
2.439137
1.3237072
3.4630566
-2.0102177
-0.90860987
1.1365489
-0.54887366
1.7577304
-0.7017613
-3.9438412
-1.3045523
-0.14201547
-2.7648761
2.3087535
2.039336
0.86619145
1.7219893
3.6096292
-0.35590735
0.5364251
2.6193705
-1.021414
-2.0718067
-0.7220017
0.57682866
0.6655394
1.5174508
-0.20781879
0.9227158
-4.2212152
-2.770482
-0.44404194
-1.6325426
0.24174626
-0.6333726
5.549251
3.573068
0.7998618
1.6791176
-2.6611593
-1.0193187
0.42276156
2.1007228
-0.3313899
1.212128
2.1094422
-1.8119982
1.815738
0.06508489
-2.789759
1.3354728
-3.782889
2.2457907
-1.5319393
-0.7060748
-0.1582196
-0.09750796
0.36971998
1.6275991
-1.0198612
0.2018274
1.8520048
1.9147109
0.9133387
0.43683732
-1.0931942
1.4587004
-2.0981047
1.9684398
-0.8669226
-1.1842059
-0.6390351
0.036095068
-2.3144011
-1.7819782
0.70965475
-1.8619127
1.2642957
-2.4529119
1.1036817
0.9530266
0.30936924
-3.125753
3.2160523
-0.6791161
-3.6597188
-0.5852549
-0.25177148
3.3536232
-0.9486032
-2.0037255
-0.29434612
-2.0203257
-1.7210588
0.78636503
-3.3149128
1.708108
-0.17138731
-1.1944472
0.60064006
-0.5428579
3.1307728
-0.54813653
-1.538782
-0.2852011
-0.3325652
-0.14366584
1.0099812
-2.567959
0.5125405
-3.1627984
-1.9093976
-0.9788046
3.63692
0.13973176
-3.0758433
-0.8252169
2.2054815
1.6729428
-3.629225
-1.3232452
-0.3618833
1.5138388
2.6919029
0.46620837
0.8162123
0.8098897
1.5832742
0.02003602
-3.4882505
-0.14209208
1.0126019
-1.3290344
-0.37580767
2.9421613
1.6435853
1.4273266
-0.2687209
0.5027572
0.53442127
0.82409513
-3.9373627
-4.383766
-1.7512197
1.1536337
-1.5839913
0.5564224
0.03395439
-2.3007739
-1.1625173
5.250829
0.28874958
-1.2712958
3.313291
1.9435403
-0.26942557
3.8687027
0.13544688
-2.8100035
-0.26973882
-0.62447596
2.994577
1.4528328
3.7552483
-2.2584383
0.028310671
-0.23820332
-0.3212301
-1.9237363
2.1412299
0.20856312
-1.8938212
3.0097651
-0.23633659
-1.1389123
1.0306253
-0.7397092
-0.66427416
-1.5278572
-3.1286318
-1.6566763
-3.3727908
1.4688506
-1.2301639
3.4141264
-1.4787927
2.2017272
-0.5970628
0.72466046
0.962637
0.36019692
-0.82449216
-2.074766
-0.0055588484
-0.22238575
2.3739572
1.0348095
0.91279554
0.29248983
-3.612175
-3.342144
2.8936193
-0.48194352
-0.09983113
-1.0508325
-0.6027303
-5.421173
-2.8422022
-0.93183243
-3.6299925
-0.6883646
-1.2941132
1.8293402
-1.4352981
-1.1478372
1.7683556
5.55469
1.2219615
0.27789742
-1.9352444
0.62843114
0.26930887
2.3480015
0.714464
0.03244631
0.34665132
-1.9534858
-1.6993593
-1.6010135
0.14174813
0.82903165
-0.7261171
1.1271302
-0.06639637
-0.99014276
0.86249316
-2.497877
2.1856568
-0.12460457
2.417297
2.1785593
-4.629601
2.237313
0.8892932
0.05542832
1.6018872
-0.38011456
-0.9821224
-0.89129376
0.81436205
-0.47432813
-1.904897
-0.9874926
1.8215114
2.3112383
1.7338156
0.33826336
-1.1062938
2.9276505
-0.54870063
-2.175686
4.3223295
5.8848896
-2.5199711
2.411954
5.325282
0.7224469
2.6172855
0.8745972
-0.993109
-2.3145752
-4.091185
1.965063
-0.9956506
-1.1045375
0.47434872
-0.12305616
-1.7751908
-0.9178438
2.4537919
-2.2349963
-0.59534883
2.2301137
3.0132916
-1.8102127
0.7047135
-1.0632341
-0.005926512
0.751937
2.3737967
0.596511
1.2439221
-0.3452212
0.96352345
-2.9594848
3.1088076
-2.0525098
-2.2888277
1.0907513
-2.4093308
-0.00050254166
-1.7527648
-2.87897
-1.4204572
-0.41424245
-0.5809532
0.2176761
2.7548127
-2.6419046
0.3205195
-0.31477326
0.35935384
2.0386815
-0.17081252
-1.7363058
-1.0277525
-2.119746
3.751782
3.164635
-0.08811489
-1.5533013
-0.035136603
-1.3149016
-2.7175176
0.8174368
-0.6571409
1.8494593
0.27695447
0.07642805
2.386961
1.7481661
-2.2833915
-0.7172031
0.0594787
2.4199843
2.8720434
0.9085627
1.6960233
-0.5944394
-1.5159549
1.6596817
1.1163484
6.020742
-0.39519364
-0.26929104
1.2183497
1.8613247
1.2085034
2.2955935
1.5809853
-2.2136428
1.9784338
-2.1234856
-0.20179512
-0.4669315
5.374751
-1.3550237
-1.0198336
0.9039066
-0.40740794
-2.2227054
0.484609
-0.8181646
-3.4785404
-1.5366794
-2.5330267
3.2431154
0.35911027
0.27048525
-1.1909741
-0.8265263
-1.0015793
1.045028
-2.1912823
2.812328
0.3345996
1.2113979
-0.104554065
-0.32145157
-1.1257864
-2.4174592
-1.2294761
-2.94129
0.9745282
-0.3217094
2.5323293
1.3654177
1.8264115
-1.0019433
1.0352668
-0.2915091
-0.75956875
-0.8004707
3.4563017
-0.22229221
-3.89656
0.53419363
-2.883826
0.0963428
-1.4599222
1.6325575
3.81397
0.6955738
-2.302188
-0.9619066
-0.24886465
0.05780448
-1.7076722
0.39839628
0.41471684
-1.2154378
-0.12844607
-3.2760653
0.1592789
4.822524
0.8210222
-0.6470332
-2.1873307
1.9213051
1.2931904
0.8168582
-1.4610544
-1.3577957
-3.1652915
-0.2723693
0.91586035
1.2751093
-4.602913
-0.44491357
2.0639744
2.570066
3.470246
-0.023834378
1.5140475
-2.0362253
4.0627437
0.2854504
-1.8871783
-2.3216162
0.7976441
1.6289558
-1.7728432
1.2594371
-0.48028257
-2.1042433
-1.0951717
1.304839
-1.255707
-1.6808727
-1.2504483
0.8204685
0.8200046
2.36051
0.7259309
2.5620692
-0.2771341
0.849353
0.8199479
1.1654394
2.8914351
-2.2508776
0.8765317
-1.2502795
3.3742537
4.5389123
0.94652724
0.7768881
-2.272763
-1.8610789
0.60447305
-0.06949877
1.628121
0.70719016
0.15859142
0.0898242
0.33199084
1.8353724
1.5572729
1.7725377
-0.4431311
1.3139718
0.45814598
-1.2432204
-1.9133809
-1.3526337
1.2933592
-1.872752
-0.9280304
0.13703193
-3.834223
-0.41186386
-0.04006245
0.08228321
-2.0274796
1.7855366
-1.4979364
0.70112294
-0.60523355
2.2996802
-0.9548643
1.8660789
3.0507905
-1.3962722
0.9133154
-0.17525321
4.4185014
-1.167602
2.7495368
1.2932501
-1.4131457
-3.0734894
-1.9651777
-1.838454
-0.034945734
4.0267262
-0.47011697
0.41957182
4.179947
0.74743533
-0.1850392
4.219928
1.9864688
-1.3290693
1.1005
-1.0148743
-0.42552432
0.41458187
0.32755488
0.9641616
-2.5878181
-2.4571364
-0.917446
1.9232643
-0.6175635
-0.09661003
1.6208409
-3.7598355
1.3707639
0.4279463
4.9745007
3.8083901
-1.5209575
0.6330768
-3.2079537
1.6836224
3.8671613
-0.5563868
-1.4997032
0.40929142
0.26072848
2.251699
0.7842249
0.98966885
-0.66581154
0.15265577
0.9204604
1.428104
-3.2098489
0.5503518
-0.25792733
3.1554534
-0.46059996
-2.4610121
1.5490398
-2.451117
-0.38112855
0.46303517
3.3820837
3.194643
2.3769817
-1.4780434
0.24450883
-0.8595656
-2.3003747
-2.022678
0.39858928
1.8285671
1.4811671
0.45412108
-1.6246744
-1.7587756
1.5286232
-2.608699
1.1932865
-0.759622
-2.5017924
1.215219
-1.2340738
4.822442
-2.1480901
1.190658
-1.0136766
-0.8292728
-1.2167224
2.7424798
3.8202224
-0.376935
3.0772452
-2.8623457
-2.0363288
2.5976386
2.1764615
1.8973277
-4.9120026
-2.5164518
0.93002623
-0.75049216
-0.89968437
1.1496449
1.3042307
-1.0554153
-1.3068962
0.8652696
1.3216454
1.6254919
-0.65712965
1.9381796
1.6092526
3.08266
-1.3161935
-2.0111895
3.3224547
-2.988005
0.69885945
-0.4900696
0.5575056
0.6080299
1.6922528
2.4027686
1.4492303
0.7588219
0.07326196
6.3589916
-1.8144029
2.0259109
0.09051046
0.3974157
-1.2549229
-1.4721814
-2.9151952
-1.6916728
-0.8077798
-0.6900285
1.7702801
-0.98361397
0.2272906
-2.250131
1.9019855
2.6627305
-3.020931
-3.8166997
2.1845458
1.1643234
-0.40041572
0.60705626
0.7835706
-0.7481074
-1.8422612
-0.16509974
1.1931604
-1.3761752
4.1805935
-0.553345
-1.5266942
1.3160897
0.6905723
-2.1835964
-0.5940683
2.4809198
1.3423656
-0.11139261
5.1677074
1.0420578
1.6001438
-2.1077158
-1.0247492
0.42719185
-2.1886368
-0.8380137
0.9809668
-0.6939973
-1.0010684
0.38613907
-3.6443796
-2.2026694
-1.6266733
-3.8646002
-1.8006674
-2.266105
2.2744236
-1.8398268
-2.6882753
4.1178336
2.3913279
1.1031995
1.363826
2.0478306
-3.829793
2.7765858
1.4155835
2.2976472
-0.15606977
1.9360957
-0.13951495
-1.1523725
-1.6777213
0.6294619
2.0596116
-0.050489478
0.0821529
2.2533739
1.5201583
1.7026101
-1.9198494
-0.60718465
-2.168495
1.0188547
-4.2852435
-1.0349681
-1.9064007
-2.0335422
-3.9609218
-0.8301884
-1.7072862
-1.1227095
-1.5592318
0.9616414
-1.1974764
0.66950977
4.3638697
1.4765675
0.8384737
4.344394
0.057250187
2.2366579
1.320332
2.9150932
-0.17233562
-0.6669754
-0.52985513
-0.9349283
-0.2980345
-0.85266745
1.2051435
-1.0018951
2.9846423
1.9553467
0.3002478
-0.042220302
-0.108924985
-0.1624412
-0.8412757
3.0463705
-2.3809886
4.491475
-0.18325609
0.8774701
2.7460659
0.7073232
-0.57073766
-2.7093918
3.7519004
5.5411325
0.53745735
-1.120155
-0.7816748
-0.9278283
0.62447584
-0.23729558
1.0701826
0.8242612
0.83279365
0.4278291
-1.5072751
0.48692578
0.4332829
0.6994963
3.8903487
-1.9600011
3.1842892
1.3234154
0.47302675
0.8882438
-1.5808799
0.079556525
-1.0654051
1.0343914
0.96484816
-0.2800025
0.44798824
0.77593505
-3.0085194
0.0349861
-2.1645327
0.9676362
-1.3186742
0.62621695
0.44607323
0.7951145
-3.6969879
4.6008773
0.65382326
0.73165196
-0.0085801035
-0.13446158
1.0614547
-0.6042338
-2.1106882
-1.5025829
-2.4065433
-1.531061
-0.8962017
-1.6222864
-0.29220286
-2.1544864
0.44528174
-5.091823
0.31188014
3.8901439
1.4815693
0.4014003
0.4834848
-4.4941587
0.39963666
0.4379099
5.3050942
-1.5963012
2.2034316
0.17152768
-0.09625076
-1.0558181
1.3078594
1.7079858
0.19178784
-0.32443103
0.88035923
0.9344499
-0.55558366
-0.015998408
0.53133506
-0.64711255
0.49256867
0.27657712
0.7968911
0.87419266
-1.2607342
-0.7275802
-1.7481652
4.12883
0.18441498
0.59390277
3.295934
0.20895901
2.3613212
-0.72677267
0.28946948
-1.7031711
-2.7212594
0.20040634
-0.47602263
0.07876548
2.9212239
-2.468432
-1.1531117
0.44854906
1.3838376
0.1736654
0.94889855
-0.5410699
-1.3978586
5.59338
-1.5533706
1.6796849
1.1364119
-3.4564607
-2.8550518
0.42502517
-1.5334517
2.4088652
-0.50370437
-0.7853309
-1.098819
1.4296098
-1.1975479
-2.1973274
-3.5978792
-4.295654
-0.055077873
-1.2047541
-2.142545
1.8936088
-0.49366614
0.71193546
0.07486555
-1.4240096
-0.8437469
3.3624065
-2.1635091
-0.120828845
-2.1028187
-0.44105202
-1.6268312
0.9942
-1.3165607
1.075806
3.3081787
0.34815434
1.9576478
1.6103475
-4.373712
-1.6691917
-3.1282358
1.6164763
1.9284036
2.0499299
-0.73594797
-2.0137153
-1.4090205
-1.0276567
-1.1567241
-3.6102352
0.5237725
-2.0297456
-3.3995557
-0.13589159
-1.3915031
-0.85354227
1.5583289
-2.3292081
0.3167271
-0.53931844
-3.3970757
2.5936933
3.4375572
-0.31320223
-2.093359
-3.628933
-3.0894728
2.0125415
0.027682297
1.9398001
-2.3262389
1.1282377
2.855461
0.2537943
1.0904083
-1.1902481
0.7314109
-0.9356204
-2.889605
0.51984304
-2.4799566
-2.4083512
1.9836313
2.901479
-3.333948
-1.5390068
-1.6018515
0.8699077
-1.9039938
0.8113686
-0.03898852
-3.780271
-1.3623698
-1.3164331
0.09603614
-4.1958866
-1.7832655
-1.2459265
-1.1803046
3.212956
2.9936776
2.0382357
0.07676201
-1.0815961
0.5363531
2.3569512
-0.71452755
-2.6776578
1.7127508
1.4223398
0.2847875
1.9271013
0.39944348
1.061351
-1.8537562
-3.7228456
0.8037693
0.62039125
-0.01227922
1.527085
0.3271672
2.153013
-2.1877542
4.377804
2.1524644
-1.2210969
-0.7120767
-1.4490054
-2.1183043
1.3344418
-1.1680166
1.3217227
2.7352116
-0.66173285
2.0068579
-0.8066765
3.103571
1.5393889
-0.14416334
-2.5842917
1.4647075
-1.1615634
0.94184625
-4.0110683
-1.4047233
0.4213543
0.8246139
-2.5259438
-0.2796921
2.7973847
-1.973867
-2.3968713
0.082020596
0.7800371
0.78420424
3.5994356
-1.2655494
-1.352109
1.3569173
0.15945867
1.6183379
-1.549467
0.822546
-0.7887841
-1.4554794
-2.6269782
-0.31367308
-0.37773803
-2.4164867
1.9339164
-1.8250867
-0.08122498
-1.7030385
0.62388206
3.052884
0.90099496
0.72094256
0.2914804
-1.419746
1.4086335
1.6441854
1.4524229
1.0371044
1.8582257
-4.0437264
0.9260073
0.91901016
0.48027664
3.4912345
0.42914757
-1.0461864
-4.452213
0.43320042
3.4865572
-4.5991535
-2.0380042
-0.618764
-1.5417018
0.1484265
-1.7954146
2.1427193
3.298516
0.12984669
0.40037417
-0.16673891
0.7703279
-1.4779779
-1.7174717
1.237169
-2.413475
-0.2762229
-0.58579123
0.5981572
0.77179813
0.028360479
-1.0134346
-2.4755468
-1.402453
-3.0789719
-1.3676801
2.452803
-0.55884343
-2.2707438
-0.44328606
1.820528
-1.045673
-0.80004495
1.237726
-3.7826219
1.4505552
0.9174219
0.73437995
-2.0629022
-3.7769892
1.8577493
-2.1311994
0.6574918
-2.1029348
4.666637
2.5732214
1.6750038
1.4771231
0.9152536
1.5253469
1.4767257
-0.8197879
0.0337726
-0.4184007
-2.4968
-4.3706884
0.2231414
-1.2113738
-0.6330603
3.7161539
-2.2947004
0.17904806
3.283403
-1.2171798
-0.3388924
-2.0368123
-0.5729642
1.5534605
0.9229438
-1.4747576
-1.5323336
0.801006
0.4380442
1.5686142
4.145045
0.035041668
-0.9549439
-4.359302
-2.721281
1.7187554
-0.8401141
-1.4525146
1.2438093
-0.67745954
2.8928006
1.3933634
1.5282751
-2.9947271
0.34055522
-0.5899309
-2.7893274
0.9674265
1.3050418
-0.67283374
1.2403713
-0.76705384
0.55369765
-2.435858
-0.48206055
-0.23225534
-3.3162007
0.5288512
-0.5609712
-0.733619
-0.07883622
-0.12908944
-1.0510135
-2.299889
2.0348454
-0.20728281
-2.9985824
3.080095
-4.2418623
-2.8343582
-3.2252629
0.55647767
0.12328161
0.4627119
2.8980126
2.9771016
-1.9909575
-0.9809375
-0.71312803
-0.04037337
0.9794926
-2.0979872
0.050177857
1.694676
1.543689
0.08891758
0.848695
-0.11585214
-1.7775375
-0.1471825
-0.5566952
1.0810604
-1.3067713
2.8795505
1.3448235
-0.30052894
2.5887296
-0.58994144
-0.108462594
-1.0270964
-0.12916164
-0.53490895
-0.39512876
-0.55892724
-2.5147676
1.192383
1.762689
1.7621746
1.4340488
-1.527228
2.0150604
-0.07662844
0.65563524
-1.2562265
0.8323523
-1.1191254
-2.4413447
2.137013
2.8068984
-2.273244
-0.02696846
1.4488859
-1.5745268
-2.8268993
-0.27952623
3.071385
-1.8508084
2.2936625
-2.4066823
-2.18556
-1.3531986
-0.91929156
1.288182
1.7704794
1.7666048
-0.3266955
-2.2183354
1.654117
1.3847091
-4.045955
-0.6746883
2.990736
2.2419877
-0.58941406
-1.2037824
2.792203
0.120566465
2.6245248
-1.5224392
3.6367545
3.0305827
-0.7643942
0.5642112
-0.7447798
-1.5891472
4.360365
-0.90852165
1.5227468
-3.0778637
-1.9980628
-1.7068114
0.6625198
-0.68697274
-0.43336305
-0.52580136
-1.1226273
0.106951185
0.67627215
-1.5462914
1.5735644
-1.4747652
0.73589396
3.5540838
1.7423998
1.7132212
-0.48943025
-0.87520874
-1.3667128
-0.7763637
-0.11025843
0.08313419
1.1303622
-0.60061896
0.44423646
-0.25426418
0.62292767
2.1890888
2.2409925
1.7767633
0.20142618
-1.0952106
-1.2125791
1.0731937
-3.347451
2.4197974
3.2509108
2.2886052
0.014339656
2.3570623
0.35539484
-3.7736907
1.0302696
-2.7499807
4.713989
-1.3450778
-1.7727094
3.171477
0.028910428
0.071339436
1.1055514
0.47111
-0.8958833
-1.0863281
0.57548785
2.9071538
-0.12324938
1.1829572
-2.7036948
1.5764649
-0.21547765
-3.0300736
3.3579788
2.2865775
-2.7744884
1.8824868
-0.59766096
0.82754105
3.7516305
2.6569738
1.5985836
1.8782973
-0.41025424
-1.273334
0.3244966
2.1670778
0.3697793
-3.4914331
0.8610519
0.086524755
-0.1941122
2.012865
1.4882783
1.8415941
0.9370344
-1.9890816
-1.7367338
2.2541513
1.5621647
2.56279
1.1131722
1.9080218
0.5408321
-1.3667576
-1.104187
-0.32523948
3.8616142
1.3560367
0.8687961
-1.3996487
-2.354543
2.3946514
0.2092093
-3.468361
-2.3562694
-3.617346
4.484373
3.7442057
0.63428944
-0.0028252527
2.723334
-2.060715
4.322622
-1.1341991
-1.924808
-0.86295766
0.8432481
-1.7443173
3.0399678
4.10629
1.1542118
3.7800148
1.5144144
1.8145753
0.82772
-1.5956346
-0.9584305
-2.797136
0.8741939
0.17029947
2.2552946
-2.7844234
2.163605
3.1684966
-1.3294421
-3.8848805
0.4658712
-0.8951752
1.8905531
1.0273136
-2.5276535
-0.7943595
-0.123163134
-1.474516
0.5882365
-1.3367893
1.1974512
-1.3260349
2.6083276
1.2520305
0.28472936
1.5102696
-0.6558639
1.2596153
-1.0205295
0.58497405
0.042664662
-2.1907175
1.9225653