Nesus
0
-1.5905273
-1.8206555
-0.8337309
-3.554131
-1.6884449
-0.25557768
1.4181389
3.699081
1.8981252
0.07188778
-0.46468645
-1.0529182
-0.770338
-0.4095849
1.3212596
2.215477
0.35838604
4.2403255
-2.1196969
-2.1533473
0.042840984
0.46370247
-1.1858974
1.2040663
-1.1587627
1.0378288
-2.0816011
0.5302414
0.5201302
0.06256952
0.19526988
0.15848315
1.5398442
0.5519886
3.9422262
-0.961346
2.2408028
-1.1310873
0.41890588
-1.2608544
-3.2117882
-1.3713841
0.08943143
3.589525
-4.4877067
-1.4441489
0.99379694
1.3596042
1.7265801
1.9469292
0.73892194
-0.5034287
-3.1391914
-0.20546821
0.7123601
0.5361992
2.8811405
-0.36467844
0.37775758
-0.34129402
0.78311914
-3.1597462
3.176481
0.72683126
-2.5238173
2.2057447
-3.8676124
1.8148865
-3.3161983
-1.9448537
1.0466465
-0.15484506
0.788654
1.0007643
-3.7696111
-0.19394648
2.5790236
1.3485082
-1.5714602
3.4546077
-2.2444828
-3.5484047
1.3062533
2.420115
-1.6265177
0.65619904
2.8113065
-3.7385142
2.4437802
-0.692317
-0.72445315
-0.31812724
-1.4824181
-0.41677856
0.046225823
-3.4643528
-5.1000605
1.342127
-1.7749364
0.5847753
2.1738186
0.82933617
-1.9594114
-0.54657036
-1.478339
0.60402864
-1.560326
1.9771378
0.15985295
1.932015
1.4515902
-0.70311165
-1.0499405
-0.07707258
-3.936029
-1.0607193
-1.0433058
3.4367278
2.1280391
2.7174628
2.6887395
-0.0885445
1.6268424
0.42289
0.8159707
0.750699
0.8537737
4.397351
0.37046057
-1.6897762
-1.5991857
1.4242208
2.0289595
-2.6125321
3.2704487
-2.0853837
-1.4586447
-0.9381926
0.46623987
-1.0806103
1.5974908
2.1766276
0.059956968
-1.3233402
0.02868633
-0.9153031
-3.037484
1.851083
-3.0203571
-2.0490959
-2.2853644
0.20916346
-0.59293216
0.1446653
-2.9009502
0.31954086
-0.7052277
0.9388809
5.234848
-0.2975108
0.9429436
-0.72356486
-2.807671
0.3812927
-0.5669074
2.1979795
-1.6088065
-0.0055146813
-1.8399395
-0.02165772
-2.87955
4.3276267
-1.0335413
-2.1789672
1.3687141
-2.3585813
0.48107207
0.9415269
-1.6284728
0.32590804
0.2527077
1.9827297
1.5245656
-0.4470398
-1.3258264
1.0181777
1.0228238
-5.7715063
1.8379558
-1.3520981
-2.6175733
-0.5282216
-0.6494302
4.233809
-1.8467414
-0.037737973
0.048394762
-0.529212
-0.2689884
0.92175364
0.3186827
1.2061797
4.1509404
-1.9452134
0.54491097
1.9338707
-5.025171
-2.9781456
-2.8967812
2.3317106
-4.1686616
-1.9817632
-0.60243946
-0.08993252
-2.1208448
0.4724462
-0.8891366
-0.4659731
-2.1137428
-0.21104857
-2.6638417
-1.7696697
-0.9340177
2.7464871
2.9262028
-1.2526207
3.4348788
-0.5076919
1.9391459
-2.3015773
-0.34727824
2.5341227
1.8491293
-3.0132742
2.6654334
3.2094421
1.0962563
-0.7848755
0.40657952
-1.7292248
-0.6577637
-0.04285679
-2.1843343
-0.6403379
-1.6951715
4.468764
2.340551
1.0617735
1.2034025
1.4168918
-0.46500722
-0.3247814
-0.6843849
0.012256637
3.4074
-0.17601496
-2.6799257
1.1429394
0.5783546
-3.1855936
-1.1238343
2.7030752
2.5753193
1.0120254
2.4693418
-1.3994277
-1.9106773
-2.7875843
-0.2634598
2.2695408
-0.16730285
-0.14985934
4.951009
0.6571297
1.873463
4.592416
0.17299646
-0.39528993
-1.1255866
1.3034775
-5.138713
-2.5852847
-0.011701599
3.0624027
-2.5726228
-1.3852841
0.23770794
-0.21315062
0.91816896
0.58469933
0.63365877
-0.39788124
-0.16733578
-0.08561926
2.464404
0.47229037
-2.0132582
2.5202258
2.9695244
2.238004
1.6853799
1.798471
-2.1428854
2.422709
1.1654527
1.8698232
1.8894963
-2.108946
-2.2624676
0.5675894
0.09543564
-0.42733106
2.0099206
1.1916667
3.9805226
-2.0412838
0.1785717
-0.49095798
1.6717554
2.779337
3.083918
-0.72652787
-1.1478083
0.3499102
3.6118228
0.25807112
2.358062
1.0000701
-1.6961143
-1.0400487
-0.06963699
-0.8159912
1.3954225
-1.7612354
0.9081809
-0.09523422
-0.39524475
-0.3028181
-0.018375434
-0.3191448
5.1455154
2.6964245
0.96332264
-0.26916182
-3.027162
1.5219958
2.5335898
3.8900678
1.4494119
-0.28580105
-2.6827974
-1.8084371
-1.4729776
-0.12522352
1.1722038
1.6510088
-2.6412334
1.9007407
-0.16142918
-0.16353495
-0.26635364
3.0266268
-0.24223393
2.4180305
1.3860588
-1.9371647
3.112257
-3.3330333
1.1926903
1.613522
2.2365026
1.8142997
2.1877131
1.0124887
1.5083916
-0.8571121
-0.17845938
-0.50715595
-1.8221861
1.2425063
-0.7105726
1.6317067
1.3783969
1.7347996
0.36936462
0.9243825
0.535329
0.4740014
1.039365
1.2037497
0.035049677
-1.4209534
3.0160317
-1.1228707
0.1478281
1.3713986
-1.9097931
2.2623482
-0.18144056
-1.9066719
0.78312683
0.77568007
-2.1286523
0.36785197
0.6586496
-0.93684477
0.54642487
2.5105793
-0.15091154
-2.0654552
0.5926854
-1.394107
2.2661395
4.033737
0.51062375
0.93462163
2.0358975
4.838952
2.4605234
-1.692034
0.26632008
-0.91459125
-1.2710533
3.4288309
3.457287
4.476093
0.634925
-0.5327341
2.9452977
-0.7081298
-2.0805633
-3.1055963
0.08855506
0.6874476
-2.3878884
4.715374
0.5765386
2.505383
-1.6520456
-2.416686
-0.43448427
-1.3662766
-2.506034
-2.0392458
-0.73083776
1.4196771
3.2690814
-1.8788513
0.02636592
-0.71792704
2.2721643
1.2918998
0.48400122
0.82614714
1.1865561
-0.3070154
-0.7130359
1.1177454
-2.6187425
-0.14152509
0.42487425
-0.77109927
0.54998094
0.4794999
-1.5824667
0.89424545
0.64033395
-1.6096892
0.8875971
2.3799832
1.721512
-2.6328936
1.2874653
-1.3810867
-1.2042441
0.55490947
-2.0377564
-1.060438
-1.434573
1.1223131
-1.0295693
1.2634572
4.931544
-2.1000562
0.6707775
0.2781158
1.1965548
-0.5684976
1.0334743
-0.3038521
0.10850288
5.3475895
0.87876374
0.64885306
-0.98058665
3.772122
-1.3842729
1.7180446
-2.129729
-2.7873352
0.461998
1.6814357
-0.26896393
-0.7174213
0.22922547
1.9611667
-1.708275
-0.9367317
0.4701643
-1.6000541
1.2356827
1.3585365
0.70662177
-1.2595775
-1.4016204
-1.2044251
-2.6709862
1.5812122
-0.35174102
0.2504868
-1.3828787
2.4314437
0.24760309
-1.9406319
-0.7921039
3.728774
-0.46133476
1.176703
0.51143724
-1.3225297
-2.0895758
1.3785113
0.8861636
-1.4806136
2.0389535
-1.6124895
-1.0765496
1.1403708
-0.5937422
0.2616091
-0.15058267
-3.4528825
-0.47828743
0.6226173
3.3454206
-0.07242252
2.4731603
1.2523626
-0.1322729
2.3308275
-0.81663346
-1.9684088
1.9082727
-1.4147171
1.7630025
-0.20305437
-1.6191738
-0.67180544
0.9303403
-1.9510143
-0.059335835
-2.3902447
1.6505255
0.12695237
-2.2062702
2.304088
-2.337332
1.9415199
-0.24062294
0.43621925
-2.9725947
-1.7713617
0.32884645
2.5658357
3.1218169
0.50824505
-0.57529116
-1.5309116
1.0720439
0.9141692
-2.5215003
3.3029828
-1.3380293
-0.32313085
-0.44362015
0.40750733
-0.17116892
0.3916728
1.5404518
5.3753443
-2.4761033
1.2034549
1.1170151
-2.677626
-0.033108316
-1.3205078
-0.13683382
2.8960714
-1.7473768
2.324544
-1.707433
2.5252922
-3.539212
1.5616566
0.6298234
2.7879689
2.5652432
3.3529315
-1.2944375
0.54677486
-2.7995598
1.3659251
-0.5565242
-0.58821857
-0.23613155
0.9442341
1.1836888
-2.4344437
0.9670506
-1.9829929
-2.2259119
-2.406585
2.5316732
-0.018343009
1.962253
0.46842346
0.9960037
0.79291236
-0.5955542
0.15414287
2.2208464
2.5355942
2.6241884
1.2907143
0.5529772
0.06525043
1.9789629
-1.657118
-1.7510753
-1.1691349
-1.5330267
1.9909266
0.267478
-0.9460154
1.5928589
0.26262963
0.52547944
0.6834903
0.9845416
1.35654
1.9894793
1.6709698
-1.1247321
1.2801503
-3.9219995
2.8889103
1.3521335
0.25268394
0.44404322
1.1387181
-1.4940321
0.16763231
-0.018003695
-3.4517121
-2.578396
2.23827
-0.34508824
0.026557624
-0.8265361
1.6276865
-1.0888232
2.373662
1.5938723
0.10724119
0.650643
-0.1263366
-0.336757
-3.4087496
-0.9301516
-0.42564166
5.0294843
-0.24411283
4.424169
-1.6878396
1.2804884
1.2166378
-2.0621412
4.229194
1.9604348
-1.579483
1.1550425
-1.045667
1.6474745
4.402456
-2.342691
-4.3175783
-1.6304249
-1.4090981
0.111116536
0.74050796
-0.96252394
1.3740524
-0.121333145
-1.4612433
-3.1467242
3.3739936
-2.1767776
3.420551
-0.31895608
-0.5304152
1.9229051
-0.18066184
-0.965134
1.5667368
1.5220394
1.115169
0.44316489
0.5069921
1.8074827
-1.3744695
-0.81317455
0.8675786
1.7086498
2.0642781
1.5373578
-1.6350802
-1.1220685
-0.12533057
0.52237546
-1.5771458
-0.15707928
0.29537073
-2.925703
-2.8058815
1.4177831
1.5767047
-2.6221728
-1.6618508
-0.7885089
-1.9978745
-0.90164316
1.5849537
1.4139106
-0.082675904
0.47183374
1.2661351
0.4355961
3.0486279
1.285979
-2.865446
1.816939
2.612643
2.2357578
-2.2930076
1.2533662
0.9433159
0.557074
0.17842728
-0.4517397
2.503434
-0.90193874
0.09559084
4.1000023
2.4525752
-3.853676
3.1188483
3.3582299
0.6215418
-1.8838675
-0.6461316
-1.0021983
-1.5210053
-2.728202
-3.4491694
0.92280185
0.73388183
0.24144247
-2.1828141
2.8795826
1.4403238
1.0857363
-0.95752615
-1.4630345
-2.1483667
-2.7102892
3.00939
-2.2207258
0.82987267
-2.5281754
0.47436613
-0.8364443
0.9155172
-0.0625141
1.4384662
1.6691457
0.18042524
-0.49203974
-0.13627045
0.56262726
-1.5588552
-1.4580027
-1.5618271
1.4604857
-1.3644239
-1.795593
2.6900947
-0.5472202
-0.19671945
1.4923666
0.4776554
-1.7297336
1.0315117
-0.9928071
0.33231047
-1.0314956
0.18451384
2.8556051
-2.7168994
-3.0214863
-3.1220136
-0.29695827
1.9693991
0.24381067
1.569922
0.45069253
-1.0797969
1.6393808
-2.330087
0.22075942
-0.9391062
1.4358692
-0.64634746
3.0436518
-0.20022869
0.34938323
-3.3520067
-0.38625148
-0.9974848
0.045122296
-2.5396063
0.9166397
-2.656622
1.5288734
-1.7028849
-0.57853675
0.066499665
-2.4900057
2.5127223
-0.29462212
0.0037148595
0.5891853
3.022881
-2.9455967
-0.69606835
2.6172738
2.1448917
-0.97870386
-0.7973538
-0.8818765
3.9019513
-3.014541
-2.671191
2.659242
-1.314832
-0.8519711
-0.08518032
-0.24491215
3.6108303
1.7837235
0.6012621
-1.805793
0.7777217
1.8720117
-1.0218794
-2.4968712
2.1456642
-0.69929945
2.4940543
1.7857262
-2.560159
-1.2935973
2.8608212
1.6316978
1.1688143
-2.8273504
-0.37574157
0.52750534
0.45446768
-0.15714969
-1.138791
0.6797813
1.5168488
-4.8097053
-0.7595658
1.9716915
4.0612464
1.0576239
-1.638559
-0.8031769
1.9998213
2.2483714
-0.29855353
-3.0538692
-2.7912328
-2.4669316
-0.77333015
-2.249909
1.4637369
-0.8652166
-0.24340853
2.5622501
0.04450421
0.7707716
-0.5277023
-4.2262187
1.0159342
-1.1649969
-0.907677
-0.54502267
1.6326579
0.9184399
-1.536885
-2.1974363
-1.0722114
2.0834837
2.578137
-2.068611
-0.8179437
0.66258866
-3.5439298
0.44890952
2.7116475
1.2131243
-0.11889884
3.2207303
-0.16772968
-3.0856485
0.30233112
-0.49040142
1.95143
-3.732561
-0.7403147
1.8379115
-1.3669425
0.7241591
1.4114716
3.8211246
1.9556974
0.6691992
2.1330528
-2.3320093
-0.451325
0.4097389
-0.30193904
-2.699267
-2.7058878
0.5470728
5.332817
0.7792274
-2.6439164
0.7372437
0.5139731
-0.08365052
-0.7360358
-0.38788608
-0.023414873
-0.6944664
-0.32199693
0.8526561
0.8258144
0.42884016
1.9913176
-1.752357
5.7798834
-2.0453038
0.5036946
0.79761463
-2.320659
1.1662102
-2.7975426
0.5607066
1.8698364
0.08704599
0.12568659
2.4414299
-1.8907017
-0.5560806
0.17447859
1.330387
1.3935165
-1.4267982
3.3639348
-2.025474
-0.6552405
1.2245133
2.9611378
-0.33137393
-1.9208642
-0.15584975
-1.8809417
-0.025693111
-1.7943571
0.19086048
3.0215135
0.076343626
3.5047536
-0.9800023
0.8505244
0.83118755
-1.0881717
1.8714342
-0.5022479
-1.5288781
2.6267886
-3.067211
-1.5366523
-0.68578905
1.6611294
0.74731183
-0.42189342
0.5760964
1.615317
-4.2397346
0.34458524
-1.8160901
0.35686064
1.4012214
1.6065583
-0.2578588
-0.9917467
-1.5121206
0.6074248
0.34501123
0.49761647
1.8764626
-2.6306355
-0.51984316
1.2573975
-1.6442689
-1.9158403
-1.7750952
2.2308607
-0.1650612
0.39380282
-0.40959403
-0.0875872
0.6796707
2.2209897
-2.4184408
3.4347026
0.47386086
0.84466463
-2.1125245
-2.4435914
-4.4861503
1.2680825
0.56160414
0.44755495
0.09096108
1.1536801
0.8812534
-1.9622122
1.524099
-0.49080554
0.15208928
2.8820338
-3.759342
0.4247568
1.4764327
-1.152841
4.814271
0.008366272
-0.9079245
-2.128716
0.61407137
-0.7142103
3.5833607
2.302652
0.27808478
-0.31177005
1.012897
0.37101528
-0.6934237
2.2640822
0.23188749
-5.817911
-0.8382837
-0.9103049
-1.5371782
1.3842833
-1.4833117
1.6866243
-1.9465472
1.3056282
-1.1816313
0.07684526
-0.91653347
-0.619872
0.23615736
-1.5254955
-2.8719091
-2.6088872
-0.22341394
1.9536189
0.9061214
-2.1264005
-1.1274583
-3.9085388
-0.667479
-4.3499746
-0.41269714
0.19590849
-1.735962
-1.6981688
-0.024814479
-1.9650521
-3.7043273
0.5237346
3.4624357
-3.123639
1.0946591
0.22913146
-1.7474252
1.664499
2.2656112
-2.0064387
3.8484366
0.5188413
-1.2362988
2.2708516
1.225376
-1.0698502
2.0252016
3.3788943
-2.864154
-0.86239237
2.4694488
1.1813836
-0.4836677
2.7311828
1.9975791
3.0835433
2.3390503
-0.20843202
-0.9427191
-1.0134944
-1.8033483
2.1621304
-2.7040951
1.2582988
1.0465945
2.1719232
1.2313231
1.8820355
-3.67492
-0.88714856
-0.7093476
0.6156182
2.5634058
1.7483624
-1.9421898
-2.289732
-2.2441587
-0.33083242
0.05730301
0.13891843
-2.3149002
-0.5659691
-2.5114665
-1.4550275
-0.39715326
0.7880685
0.6171349
-1.1586841
-2.015802
5.1713586
-2.3496485
-0.9087706
3.7879755
2.902364
-1.388032
-0.3216077
-0.2291311
1.2488202
-0.9210978
1.2109251
-0.7607389
1.9311886
-3.2096756
-1.8861058
1.418286
-2.1513128
-1.203389
-0.2625425
-2.2623003
-1.3686546
0.15538974
-0.87975556
-0.72825325
0.022538055
1.7427542
-0.63382024
2.534901
-0.5106682
2.3367105
2.092492
0.2834106
2.5803192
2.1818657
-2.3774822
2.7428937
-0.42537087
-0.32189184
1.9802285
0.5919999
-0.97862166
2.0387442
-0.5240283
-1.5609612
1.0334053
1.2245084
-2.0801685
0.11235361
-4.0355186
3.04767
-2.0914702
1.7747388
2.500577
1.0996253
0.28075776
1.8214067
0.74974906
-0.5101915
-2.0064843
0.9625458
-3.0803785
0.3703215
1.5420784
2.6189785
-0.19880366
-0.83412874
1.6453857
-2.4285867
1.194016
-1.979083
-5.08683
1.6010302
1.832213
-4.1947904
-0.7013819
-2.1967485
2.9095933
-0.019881383
-1.743081
-3.496524
-0.7697667
-0.6464234
0.290555
0.09709369
-0.16542462
-1.4800332
-0.5863781
2.4815164
1.2120534
1.4502144
0.115077175
-3.037299
1.3947735
0.67030865
-0.55646366
0.8562863
-1.0331831
-5.1842875
2.8959882
2.418022
-4.419373
2.4841168
-1.800598
-2.9165351
2.1762028
-0.45025063
0.43937534
1.6884747
0.5891591
-4.001013
-1.6437349
1.7097651
1.9452021
0.84329885
0.48135877
-1.945182
-1.7810457
-2.5898168
1.5421892
0.8674836
0.26742795
1.0959044
1.7118665
-3.9008763
1.3526498
0.3339179
1.7978727
2.4073544
-1.4515105
1.9790869
0.25935417
-1.5728204
3.409396
2.873209
-1.8870008
0.3228512
-6.250296
0.98908854
1.0616535
-1.3014358
-3.7985766
-0.5548185
0.627363
0.3966677
-0.00033451617
2.948531
-0.57778585
-0.5854903
-0.28491375
-3.2849305
0.66447526
-0.44824275
2.056349
-2.3159847
-2.6893916
1.4063917
-1.6492547
-3.0985193
0.82629436
5.132997
0.022527017
-3.9680939
-1.1041584
-0.26679784
-1.107497
-1.4717764
0.32484025
4.965804
3.2560873
0.68566614
-0.0408557
-1.6984531
4.9081926
1.1560085
-0.70251995
-2.3951733
2.6940866
-4.0253925
1.3190156
-0.73448265
-1.1239364
-1.0283225
-1.5189509
-0.90193427
-0.21592544
-0.42081687
1.2625666
-3.3843164
-0.42552632
2.1208694
-0.14597481
-1.6882839
0.40071547
-0.9566551
3.1825194
1.0664911
-0.5363317
4.15142
-0.2724276
1.4113061
-2.1054215
-0.12842539
0.2407748
1.3759398
-1.5969199
-2.07646
-1.5584779
-0.1605847
2.9658282
-1.1795458
0.038650714
-0.89644665
-0.4040075
1.0017886
-0.41791433
-3.7442114
-3.800609
-1.2601154
2.1574152
-1.6264629
1.2902043
1.5581661
-0.20055014
-0.43725228
-1.6181877
-1.2664247
-0.008378059
-0.4764588
-0.89743793
-0.9053604
2.0401402
-1.1835481
1.8060555
2.681158
-0.31299022
0.70226425
-1.2440414
-0.4499063
0.2002165
0.5076528
-0.30716306
0.3028139
1.8886101
-0.1437141
-4.3411307
-3.3504093
1.5227888
-0.29293838
1.0906736
1.4509505
1.9682038
0.033577092
-2.55377
-1.4058791
3.5018797
-0.18377203
-0.22732608
3.1424818
-0.83654314
-0.68109274
-2.3957398
-1.807316
-0.15650661
-0.24948016
1.6450528
-1.9646571
-1.2486982
4.7958193
0.79051673
0.3234853
0.14999539
-1.5402396
1.8754762
-1.6165984
-0.052035153
-1.3063954
-0.63985175
0.42677185
1.1793104
-2.1539526
-0.7636368
0.98691833
0.39874378
2.9671526
-0.5271045
1.7432854
-1.1226528
0.3985736
0.22796693
-4.678362
-0.18650609
2.8173566
-0.21104407
0.08345496
0.5427025
-0.30276182
-0.10768561
1.767093
0.17346402
-0.09297192
0.07575997
0.09306814
-0.28998896
-0.78587955
-0.36857808
0.50898033
1.2055321
3.0523996
1.3440257
-5.306175
-2.6236646
-1.7688879
-2.083104
3.3364284
1.4820081
-2.4292984
-4.134512
-0.18294477
-0.7351725
-1.557219
2.796769
1.520148
1.6829401
1.6824288
-3.3325524
4.811863
-0.73442113
-1.721399
3.0727775
0.045388825
3.2692788
1.1076065
-2.2270164
1.4501721
3.9689438
0.39278352
1.6872625
0.81691664
-2.6343808
2.826592
-1.975994
-0.58037496
2.932994
0.5207102
-2.972713
-2.1883674
2.3230321
0.0246002
2.1097324
1.5956898
-0.62876314
-0.5399332
-0.7028764
-0.7804298
4.2302094
1.5789721
-1.8771538
1.666792
-0.88118917
1.9454496
1.949228
-2.1545146
-0.99491924
1.0085411
-0.8592811
-3.3309731
-1.6573168
-3.0543804
0.2754515
1.36451
0.5302243
-0.6157484
1.7188559
-0.0593402
-1.2874435
-2.5972834
0.9632544
-3.3281124
1.803488
0.8180842
-0.21838018
-1.1483785
1.1769592
2.0871334
0.20179893
-0.084523536
-0.7731647
3.3647313
-3.1088119
2.3547933
3.192251
1.3386886
-0.89860314
-2.3949935
2.934149
0.7308464
1.995077
-1.4685273
-1.5939788
-0.22600374
1.2862657
0.6648785
-0.1369115
-2.0283551
-0.6420763
1.058851
-1.4121997
2.5013943
0.5136826
1.5015103
-0.91222566
-0.95533156
0.6724026
0.042688884
1.7521973
-2.2065744
0.49990925
0.39640257
-0.59565866
0.5835189
-0.13151807
0.49887237
4.7585278
1.0895619
1.4125032
2.8819337
0.55238175
2.4121692
-0.1127241
2.175665
1.9740934
-1.1305748
2.0815284
-4.885197
0.5561221
2.9325268
-0.45782062
1.8756256
-0.14551565
-0.5560695
4.211662
1.8487331
0.27699316
-1.0395371
-0.36415562
-2.2402124
0.4588736
-1.7269256
-0.26775014
2.2032437
2.2194622
-0.434109
-4.717485
-0.14037275
0.67319393
-1.1935582
-1.8919139
2.1346405
-0.26391846
5.720948
-0.5940536
2.8038976
0.2947122
-2.6522932
0.5250087
1.9573039
1.370924
1.5028291
-0.30818507
1.5780314
0.0039774254
0.99956524
-1.4123453
1.0213665
-1.0458227
-3.9193175
-0.2616126
-0.8227715
0.15544799
-0.9689964
-0.39701554
0.36897567
-0.23419935
-0.021529317
0.73247826
-1.5266349
0.7994748
-1.7876185
-1.2303452
3.2524624
-0.4117024
0.23062521
-1.0110222
-1.923254
0.09970373
0.59521675
2.529545
-2.0108418
2.7907825
1.7130018
-1.7055836
0.2687176
1.0973711
-0.44302338
-0.94055206
0.38421336
-0.61472124
-3.044604
2.3825493
1.6834269
0.74082947
-0.24754545
0.7676351
2.6957285
-4.3420506
1.8065397
0.66525435
1.3974149
0.89432824
2.5767477
3.1445045
2.163889
-2.184651
0.20974931
1.1545014
0.60563034
-0.2948049
-0.2575929
1.0814635
-1.8083369
-0.87289333
0.25595593
0.61580724
1.8618248
-0.16227844
-0.25792113
2.5339978
-3.0519872
-1.2815789
-1.6680579
0.23378628
0.2920794
-2.3408391
0.8081604
-2.179788
-1.1299644
-3.2772977
0.93903625
-0.3046541
-1.0049136
-0.4019872
1.2156497
-1.6280017
3.4066858
-0.22173283
4.25867
-0.80500925
-0.5340466
2.259257
-0.003994722
2.027357
0.92818195
-1.4135107
-0.9200108
1.6451308
0.46015152
-0.08167141
0.4467639
-2.835888
2.3897064
0.59287614
-3.0172477
0.30985215
2.2338932
-0.65754795
-2.1377716
3.6987221
1.3979108
4.0125966
4.5790386
0.40272403
-0.26477754
-1.9506058
-1.9759203
0.9857183
0.77320546
2.6006434
-0.98261905
-2.2588518
0.33075052
-1.5003
-1.9639621
1.2641877
-0.26349205
3.5216084
1.6976469
-0.42928252
-2.7468498
0.15067483
-1.9590856
1.7399516
0.42004302
-2.219363
1.310426
2.7008722
-5.4826365
2.9464629
-0.5363569
-0.7391486
1.8146383
0.09809345
1.6940858
1.8712789
0.14846867
1.0921671
1.3220619
0.76568145
3.2866104
-0.95198816
-4.7165284
-0.5213738
-0.3257982
-2.495516
0.5351355
2.570662
1.4523488
0.318194
1.2413573
0.18799153
1.552789
2.6430178
2.0870533
-1.9907079
-1.09056
-1.7955627
-0.8618065
0.564768
2.2314346
1.118727
-5.229122
3.2473793
0.2365098
-3.7798214
2.2107263
-0.6327025
1.3425092
1.6974934
0.32896307
-0.6028096
0.064082876
0.6228398
1.2507488
-0.49064982
3.7760904
-1.2792363
1.2377533
-2.6628406
-1.6271039
-1.4418439
-1.641853
-1.2776839
-3.669937
-0.3079313
0.29843765
3.23758
-1.0112114
-3.029041
-0.5620729
-2.99033
0.32068014
0.63514054
1.4375719
-0.94202906
2.906416
0.4302696
-1.1478219
-1.495413
-2.9843314
1.593341
-1.0579785
-2.8626246
-1.3250772
-1.3979994
1.8592393
-0.21996321
0.3701637
-0.734962
0.9697284
-1.5404356
2.5601301
-3.8545618
2.3017988
-0.90568393
-0.039186142
-0.120986946
-0.83121926
-2.251685
1.0428991
2.7124825
0.35892564
-2.105902
1.379806
-3.289783
3.8742952
-1.984892
1.5397526
2.7763395
-0.26006833
2.760558
0.305071
2.9375973
-0.56925005
0.82911175
-2.259094
-0.2829959
-3.0501227
0.5583194
0.046591662
1.3802685
0.4574985
-0.5222038
2.0858667
2.7509997
-1.1351849
-2.8999698
-2.4618137
-1.1445074
-1.6591837
0.39208686
-0.7495363
1.4708992
3.1481578
-1.0049374
-1.7498331
-0.79362535
1.482646
1.7607375
1.6780249
0.3140426
-2.6219826
0.905211
-2.5666256
0.39345056
-0.18760407
0.33022448
1.3427753
-0.24536136
0.3952744
-0.76477253
2.6605692
4.376235
3.2705379
0.24339887
1.1421846
-0.7010134
-2.080551
1.6293328
0.39026067
-1.4712172
1.5263557
-2.510361
1.2014668
-0.60778195
-1.1769334
-0.9709747
-0.92539114
3.488844
3.1317728
1.4604394
-0.11469441
2.7662568
-2.981083
-2.8650827
1.6126006
1.6461164
2.4138181
2.1092637
0.5569105
1.0797673
1.047268
-0.5894486
2.112109
-1.3655354
0.015524801
3.1393318
3.4361858
-1.4724534
0.9471753
-1.6782728
0.600845
-2.9374866
-0.84873885
-1.9561759
0.8792468
1.2136655
-1.3010553
-2.7172406
3.6751215
-1.9462795
-1.378312
0.09569093
2.0337484
3.8685281
-4.3513656
-0.83192486
-3.346037
1.6139882
1.9809843
1.52223
-1.0227939
0.7690608
0.62644845
0.04772348
0.95052296
-2.0338776
-2.2971
1.1157975
-2.9599645
-0.6143647
0.061695084
2.2917805
2.300086
-2.251256
1.5145916
-1.8127118
1.0284687
3.4702313
-0.20425926
0.36568514
-0.9181304
-3.0910335
-0.56595904
-2.25189
0.98100907
-1.2693472
0.4258686
-2.3315995
-0.86237586
-5.003516
1.165323
0.9851985
2.115504
4.3587856
1.7128166
0.84673524
1.2031156
0.36972362
3.1925159
-3.051941
0.82031757
0.30449402
-1.0830566
-0.65440285
-1.5951763
-2.2544632
-0.41328803
0.22518837
-0.08971774
-0.21308777
-0.14264816
1.2660309
-2.4823468
-1.8582294
2.2711134
-1.1704885
-0.65755635
0.42232
3.3637824
-0.6398174
-3.5660264
-0.07623816
-2.1763334
0.7699589
-0.55238414
2.804191
-2.552726
0.39434394
-0.16612071
-1.5588579
1.4968803
-2.504321
-2.2440016
3.6209822
-0.4921955
3.626252
-0.29656756
-0.9817826
0.002950251
-4.699496
-1.142833
-3.2113028
1.5340825
1.5996155
0.46013308
-2.4791386
4.4695864
-0.29984525
0.032524824
0.5399521
-0.11083867
-2.0831623
0.072376914
-1.9668105
-2.864943
0.7622394
-2.6021986
3.5267944
0.35815093
-1.2776759
-3.5736992
1.3840787
1.6809583
-0.33708185
-0.34643263
2.0232203
0.8646576
2.6900175
-0.6434145
0.68205273
-0.45724276
-0.13012233
-0.011151552
-0.8577388
1.4205052
-0.13661602
-1.9819093
2.864462
2.7567146
-1.0981092
-1.5196273
-0.31318384
2.310707
1.4481567
1.3512495
1.2343593
-1.3931915
1.0191218
1.3776442
3.0181239
-2.5628371
0.9440658
-1.9944751
3.8665385
4.130606
1.3635707
2.0971153
-2.8829222
2.6190577
-0.64868784
-0.85371906
0.04524739
-0.075205855
0.93704164
1.685765
-1.8674903
1.4787462
-7.894447
-0.54038525
3.1194298
0.033237197
-5.162545
-0.7201202
-1.204554
2.2951477
-1.178869
-0.6768542
2.5230024
-2.2629054
0.9075714
1.0174626
-3.442637
-4.01077
-1.2805854
0.22495632
0.3861477
-2.6612773
0.82854015
-1.8131506
-1.2277244
2.8628569
1.932427
0.035956547
-2.9022589
-0.7610564
-1.1807975
0.87868434
0.8354797
1.1493416
0.63766956
0.96202755
-2.0488362
-0.11960546
-1.200134
0.58781695
2.7425714
-2.0651007
1.2635684
-1.5057864
0.8020519
-0.39963904
2.6521623
0.9690899
0.99213904
0.12856449
-5.513237
-1.4250671
0.3694107
2.8963852
1.193745
-2.010552
0.9799964
-2.5850806
0.17846291
0.23716539
2.2770276
1.1335531
0.939887
-0.89938396
3.8772583
-0.066840194
-0.88249606
-1.9770739
-0.85715264
0.0074557774
3.6692905
-0.8197985
-2.1454544
0.5711551
-1.4199064
-1.8820989
-1.5108415
-0.65520656
0.42964393
2.3282528
-0.74053365
-2.5891411
-1.3059093
-1.9734775
-0.13696048
1.197255
2.794223
1.8785987
0.53742915
-1.0455624
2.4027848
1.7890586
-0.8616211
3.8221397
1.4072586
-0.652623
2.9182138
1.5171583
0.90965694
-0.37543464
-0.43242946
0.7316469
2.4839592
-2.984259
2.559798
-4.6589665
3.2641907
0.06012718
1.2568002
-1.4633036
1.7651477
-1.1154163
-1.018514
0.973234
3.0023148
-0.4546919
0.46024868
1.2074984
0.52159685
1.6921754
-0.4476059
4.40362
1.7252398
-1.6644022
-3.221413
1.8860395
0.66276765
-0.20982805
0.973827
1.8212163
1.2237047
-0.60301656
-1.9702642
-1.8687853
2.4412975
1.9513303
-0.42142183
-1.0767803
-2.9413433
1.3758743
-1.8385743
-0.48202422
-1.0534157
0.4248364
1.4708374
2.6413357
0.6568722
1.4940027
-2.4928074
3.8718257
-1.5126184
0.792792
0.44251364
0.8018464
1.4138228
-2.5089364
-0.74728554
-2.1753309
-2.749897
-1.1662802
-0.6006124
-1.3671297
-1.0217708
-0.88684773
0.45201045
0.20670666
1.4832408
-0.6308699
-4.3215737
0.85252887
0.44767725
2.7390146
0.4303186
2.4825888
-1.2872438
-0.8569976
2.1747494
-1.7215585
-1.6145743
-0.8931676
2.4506912
3.0209687
1.2017193
-4.1088185
-3.1912155
1.1411648
2.6289704
-1.5100764
1.8970393
2.0011783
-1.4726144
-2.1491885
2.652333
-2.1505556
-0.20547256
2.4501352
-1.371119
0.46571544
2.9381983
0.7920247
0.022320442
-1.2931885
-1.902198
-3.0790899
3.7097452
-2.8119965
-0.63238174
-0.6996705
-1.5138847
-0.46897894
-1.2519596
1.9649062
0.22870669
0.8992128
4.6967363
-1.9599458
3.2462273
0.7329053
-1.0087385
-0.5950424
-2.1525335
1.2484405
2.3484013
1.431661
-2.667321
1.3374346
-2.5688536
2.0778244
-0.40983295
0.8997115
1.1735865
-3.7120318
-0.38741326
-2.478312
-0.5368716
3.254568
0.4029328
0.95687497
1.521865
2.0256195
-4.0165224
-4.474229
2.0472534
-0.87531674
-1.2990475
2.6816773
2.864532
1.5049967
-2.854331
0.21402398
-1.1772853
-1.4286574
-1.035825
-0.51940286
1.7065277
2.1695113
-0.09626412
-1.3915768
-0.3348923
-1.1760516
2.201964
1.0854365
-2.1471503
-0.041682616
-3.3433948
-1.8661453
0.18012235
0.47182146
-1.1138432
4.0013347
0.22197035
1.2578732
-3.9302752
0.47287157
-0.5301763
0.48801708
-0.110668525
5.3869934
-0.35194105
-1.1009302
-0.6594575
-1.6972443
2.2796702
-1.3612069
-4.695573
-1.9712214
2.3878655
-1.0395398
-0.19183889
-0.10934268
-3.2404144
0.36825404
-0.74002993
1.2086493
-1.2717973
-2.744319
1.2934265
-2.8443878
-0.63979024
2.961288
1.2694683
1.7568804
-1.3289084
-0.38735172
2.0580838
-3.028335
0.052470937
0.9177204
3.0824275
-1.0447412
-2.407383
0.8290568
0.10827577
-1.9262785
-0.6313513
-4.282074
-2.2582426
-1.7850344
3.3395903
1.5921578
-4.9889855
-0.20597214
-0.322432
-0.9380606
-0.28868422
-1.198867
2.4935045
-0.6677516
-1.1288557
0.93059015
-0.5932043
-1.3396782
0.11535316
1.0289656
-1.3261429
3.724108
-0.6313619
-3.6225562
-1.2159829
0.0869142
0.0061214566
-2.7693071
3.1681237
-3.0215306
-2.0931857
-1.6915293
-2.4011343
1.6185048
1.8921309
0.7424944
-1.4297811
-0.9378304
-3.8706274
2.127471
0.08370919
-0.5706811
-0.23562679
-0.04363499
0.17848822
-1.4572161
0.49128148
1.5536118
-3.933566
-2.3624802
-0.5757851
0.56095374
-1.8551879
1.2916436
-0.86333233
0.2896573
-0.6197032
-0.08155302
-0.71182066
1.2442499
-2.7588081
-0.9279091
1.4584988
-2.0135221
-2.1983604
-0.16548593
1.2554029
-0.5137338
-0.5374471
-2.0481188
-3.8904207
-3.372443
-0.9197181
-1.9295914
-1.2405654
-1.046443
-3.022565
2.771684
2.0253737
0.7221354
-1.9638638
0.03373912
-2.0711422
2.7373285
-0.011137031
-1.3884172
1.5919197
1.4760467
1.5876387
-1.1022794
-1.5913918
1.4265789
3.5176556
0.28172636
1.9149773
0.5673046
-0.5767413
1.1849254
-0.9097985
2.668778
1.0192401
-0.41118658
-1.2110195
-2.2148306
1.3633207
4.1973815
1.5629656
0.6330696
1.6982353
0.92010695
1.903199
-0.2621848
0.8065282
-4.290247
0.27557087
-1.1708212
2.514732
8.434883
0.60940665
2.0300694
0.6662116
0.38523668
-2.5638561
-1.4307252
2.1252863
1.9253098
0.66531634
-1.4175463
0.14558722
-2.1225512
-0.7786636
-3.6756845
3.0077698
-2.7855706
1.8134189
0.42701384
0.9606706
0.69970316
3.557158
2.5389638
1.1415622
0.3368522
-0.03542214
-2.822502
-0.14957976
-0.19136995
-2.6972392
3.0308788
-2.6735177
-2.2675657
2.5467348
1.3885281
3.6736221
-0.1275318
-0.13406062
2.0830185
0.2430925
1.0135646
-1.5265976
-0.24916685
2.72403
-1.2896689
-0.38833526
1.8113631
3.2232137
0.27073598
-4.051345
1.6924845
3.8627534
1.1210729
0.12617633
-3.4362576
0.18425852
0.6039933
1.1407114
0.73901194
-0.61307055
-0.14903876
0.5212494
3.4230444
-1.0578314
-3.4940808
-0.075959295
0.7711518
-2.868178
2.2935007
0.3318026
2.0343416
1.6309881
1.3431923
-3.923853
-0.8319445
2.4746964
-3.5410256
-0.61945206
0.42552117
0.0023250356
0.49645376
-1.6678128
1.7773515
-3.0555398
3.6215637
2.0025043
3.022549
-1.8115866
-0.7840152
1.4903214
-3.2524579
-1.9622909
-2.4582033
-3.5236576
-2.7698393
0.6101416
-3.1940126
2.8388758
-0.27034944
1.615785
0.60290456
1.0309368
-0.8010899
-0.26257446
-1.8050005
0.95568985
0.09174721
-1.1018525
-3.1707776
-0.57291365
-3.7424912
0.9401006
-0.4161036
1.8832202
-0.25369084
-0.9676406
0.8262036
-0.7024068
-0.8474777
-0.6281655
-1.4647247
0.30692965
0.21953872
0.51679146
1.4510789
0.28087193
1.602559
-1.0288718
-0.34571552
1.0517459
-0.06720572
-1.0698746
0.36424798
0.9724168
-2.5416338
2.0492318
-1.2772727
0.9903245
-1.7263623
1.0367343
0.021790631
-0.45929056
-0.6764441
-1.1088172
-2.8418388
2.472886
1.3055137
-0.80951357
-0.9919559
-6.3340826
0.9156374
-0.602174
-3.4528863
2.9414651
2.1035051
-1.0328537
0.27297187
0.17472845
-2.5476098
4.9155107
-3.1429641
0.06570097
-0.17243554
-1.8847342
-2.1895182
-0.7834591
2.0724373
2.3855703
-2.3780704
-0.06511943
1.3703756
1.1950252
-1.231406
1.1951373
0.9783446
0.3316466
-3.1204345
-0.28826225
-2.8105419
-2.3113902
-0.69120926
-2.6809351
-2.2470262
-1.4412024
-0.9586352
-1.7425351
1.6393652
0.58052963
0.7166091
1.0945215
-1.452363
-2.3803968
-2.2622123
-1.2378943
-0.6439139
-3.6501195
-3.1931946
0.020313397
-0.9922011
-1.9005398
-0.43316033
-3.7189503
1.1542734
-0.8034856
1.0750884
1.7883782
-0.12153769
-0.9810227
-2.8567128
-0.8342265
0.57397354
0.8782492
0.06953111
1.3185247
1.4650446
2.070624
0.7108214
2.0430164
-0.045158815
-2.4125712
-4.5923977
0.445867
0.121930905
0.55951154
1.6638108
1.0137109
0.56436145
-1.1758107
-1.7949291
3.4071999
0.7744325
3.460343
-1.2795104
-2.08573
0.10445142
1.31062
-0.8500876
-0.37656206
-3.4066873
0.036573105
-3.797186
2.6003106
-1.8990235
2.260481
0.45388842
1.4901518
0.5560458
1.6681238
1.383663
0.39639288
-1.9687837
-0.7646203
-0.6988957
-1.7608427
1.7799087
-0.45070055
0.48411644
1.5595022
-0.19314103
2.0391974
4.350988
-0.3866055
-0.0044894964
-4.8109126
0.7883417
-2.0670283
1.6397649
-0.5773281
0.6845313
-0.100594044
-2.002122
1.372476
-0.04083296
-2.02793
0.7882591
-0.04544694
0.7398653
-2.0970314
1.3744149
1.0386822
-1.8259109
-3.8243542
-0.46166515
2.1704462
0.7008338
0.73656625
2.7814348
1.3800097
-2.7332327
4.150002
2.7957926
-0.7756262
-0.7042744
-0.3532986
-0.07369083
0.29901233
1.3712605
-4.5461826
-1.1021228
2.258169
-1.837118
-1.7197286
-0.71560585
1.2764146
-2.9635513
2.6331322
-1.3448383
1.1509225
-0.33809352
-2.6721644
-0.5164487
-0.43758625
-0.4909404
-0.7330893
2.0877516
-0.14789167
1.1704577
-1.5936521
-0.30988836
0.25824395
4.904426
1.2677826
-0.38976502
-1.3873585
2.783605
1.5631893
1.5117979
2.316737
-0.653117
-0.3023855
-0.6228213
3.556496
3.3055866
-1.4046824
2.7465339
1.6722528
1.2875818
-2.4480522
-2.600083
-0.6973175
-1.1598692
-2.6836498
-0.25031266
1.7928789
0.9171091
-1.5643251
-0.83059025
0.26654622
-1.2313993
0.38851064
-2.1060658
1.3136129
-1.401223
1.308552
2.790116
0.9924274
-0.2602409
-1.2812773
-1.3025211
1.9151387
0.9619049
1.1555885
0.61751515
1.1418781
1.3613471
1.5818192
0.7611484
3.3347745
-3.9587762
0.2807303
-2.1083264
-2.1789446
-1.76879
-0.45256406
-5.7280946
-1.8855066
4.533934
2.2503803
0.36579078
1.2304381
1.2661283
-2.3404834
1.4416105
0.11668541
-4.4341645
2.5816545
-0.082752556
-0.23954108
0.8827098
2.5913424
-0.50630784
2.255636
2.2712648
1.0684047
1.162214
0.22110024
-0.62068486
3.9029024
-0.18913385
4.100513
0.9112728
-3.262191
-2.3804212
0.22081472
1.5852736
-3.479584
0.7742713
1.430078
0.9587773
0.8983874
0.81808776
-2.0554545
-3.7804267
-1.470056
4.069781
-1.7347394
-1.1847682
0.8281332
2.0652375
1.9089211
0.12347123
1.1952168
-1.8151534
-0.10713781
1.0242232
-2.0169017
1.6792253
0.39679304
-1.1909323
1.5609001
1.7370495
-2.6044874
2.211729
1.1740543
-0.52355444
1.097854
-1.3870665
-1.5933893
0.69664294
-2.1583652
2.641809
0.61641735
0.69046223
0.4055224
0.83217126
-0.11399041
-2.4987204
-1.8584937
-0.056560434
1.3460546
1.3557531
-1.0562927
2.4736874
-2.2887032
-0.62015504
1.8743145
2.6964066
1.1966269
1.270395
2.430754
-0.57939607
-3.1888242
-0.47277898
-1.4930018
-2.6223075
1.1949278
-1.435107
-0.8604119
0.15483049
-1.716855
-1.382785
-1.3067198
-4.830657
1.4622064
-0.13571921
-3.7127538
-4.506799
-1.4806681
-0.20581801
1.5306861
1.1262753
0.6793282
0.23668535
-3.400632
2.6647263
-3.3093562
3.546827
-0.5498651
-2.3165455
-3.6744595
0.6642782
1.3309546
-1.7209939
-1.1610272
-2.7197764
2.0909767
-2.2510474
-0.7250137
-1.065209
-2.8155408
0.991492
-1.1030802
-0.9688828
-0.405966
0.058209036
-0.35171396
-1.8923433
-1.6584654
-3.3066022
3.1483622
0.6661267
-0.9616502
0.4931486
-0.22832666
0.8054086
0.75950944
-2.3912752
-1.3928769
-0.24451073
-1.7801954
0.07669347
1.6784228
-1.4730003
1.0317177
3.4112668
-2.4682221
-0.98133856
0.33276102
0.021142274
1.2425386
-0.29360545
-1.4370692
-0.12898725
-4.278009
0.95510286
1.3901228
-0.08279159
1.6138445
1.5808508
1.550601
-1.5803583
0.1783185
1.4281065
-1.848259
2.301809
2.1722276
-1.4588102
0.20875412
0.5389573
-4.506166
1.7014563
-0.28788626
-3.6185026
2.0954006
0.2927838
0.19234878
2.1601703
0.57496613
-1.4763725
0.58845717
-2.63113
1.8489268
-0.4991033
2.031286
-1.2315418
-2.3369274
-1.8390635
-4.0771823
-2.319673
-1.280222
2.4660923
-0.3355704
3.9879165
0.21872807
-2.8593137
1.3917137
0.050131224
0.53756326
-1.9679734
2.398088
-1.1862333
-2.1012459
-0.55692834
2.8639646
0.33726645
2.5133219
-3.0851617
0.19053027
1.4087051
1.104489
-2.2963433
-0.24548963
1.8365217
3.0567002
2.99136
0.7891841
-2.162905
0.94123834
1.5556784
-2.5393672
-0.53700703
-0.21257168
0.6914557
3.5459783
0.18690902
0.9292115
1.7569196
-0.6900044
1.9983917
3.8740468
-0.7248527
0.08639526
-0.9526057
0.7810497
2.0131316
1.346508
3.768095
-0.41180837
0.15003248
-0.66264516
-1.7464964
0.5199202
-2.529778
0.100751504
-0.5936601
-2.5099466
0.8482126
0.6353795
-3.307016
-1.1050105
-2.5191426
-1.9357766
-0.76312006
-1.9585565
0.27135617
1.3610103
0.35815346
-1.8590319
-0.08125117
0.7466743
-1.2476531
-2.1035933
-0.17350551
3.43915
1.1052507
2.8806765
-3.4970918
1.015175
-1.7449563
-0.28728068
0.7601146
0.0070468746
-1.8853296
-0.22685134
2.979944
3.489525
-2.044943
-1.7929624
-4.0043397
0.004605502
-3.111067
3.708701
1.2893006
1.4459751
-0.11388516
0.7269872
0.7919675
-3.7073221
-2.1888084
-2.5446546
1.7494471
-1.3435669
1.8408896
1.4331744
1.7362297
-0.64699453
-1.1477722
-4.7747054
2.5617034
-5.2603865
0.23798676
0.17807019
-0.12851879
3.399225
4.2974286
-3.1566567
2.409048
1.3847936
-3.6509619
-0.72743404
3.2976987
3.0173209
4.2200155
1.1846913
-2.1938615
1.0592649
-1.1857561
0.235387
-1.5574013
0.36445677
-0.17803147
1.7897751
-2.60521
1.4725794
1.918631
-0.93728006
1.635814
-1.6972047
-1.4284624
-0.93459076
-0.7051587
0.49683276
1.642418
-0.3772366
2.2344697
-1.2548838
2.7837641
-1.5970422
2.219069
0.6671165
-2.4211774
-1.6629344
-1.859772
-0.664058
-1.4658194
-2.4079044
1.4619429
1.0149314
-1.3654212
0.24266663
-0.07587751
1.5279306
-2.3994043
-1.3341098
1.3248159
0.61301273
-1.8365109
1.6195893
-1.5473295
-0.8682556
0.026720881
-2.810814
1.9904438
2.010964
-1.3516268
-1.5585979
-1.5629056
-1.1526415
-0.22379094
-0.16821685
-0.2785248
-0.07118878
-2.2115512
2.7620592
1.1217848
-0.24497515
2.0114427
0.23582983
-0.117306896
-3.0003757
1.2047663
1.9534036
-2.865648
0.19800799
-0.12263692
-2.4852889
-1.3394432
-0.3775552
-0.45398635
-0.33967358
-0.24636823
-0.9639489
1.9911683
0.7415559
0.937218
-0.52459747
-0.018300481
-0.09180804
-0.29990384
3.5926297
1.9730446
5.8930106
1.1101958
-0.9530331
2.1318173
1.3328154
0.2627997
2.9205499
-2.4599946
1.2565972
0.16414408
-0.5141608
-1.2142787
3.2756577
-1.6548212
2.706218
0.28811482
-0.235312
4.12451
1.1460692
0.905993
-1.9151318
-1.5748367
0.042475596
0.054565042
-2.0069115
0.8177617
1.2162957
0.80189705
-0.18757762
-1.2537946
-3.5880935
-0.1700623
-0.9726799
-2.1139302
-0.7824409
0.39744574
1.330545
-2.2675645
1.9909004
-0.5346332
3.5902793
1.2478642
-0.6773297
1.0122446
-1.0687445
0.2869101
-0.30572236
1.5473397
-0.46596774
-1.6499561
-0.14946604
2.21298
-1.5215259
-0.7114032
-1.9630289
1.2407788
-2.5001926
-5.8386493
-4.6964417
-0.50596005
-1.1879948
0.40610516
0.7289846
3.6119857
-1.5504978
-2.4302394
0.19663304
2.075019
-0.7129469
-1.5917757
0.081390664
-1.5319121
4.8525414
-0.48386887
-0.3787288
-0.4701832
1.1948527
-0.80320686
-0.5121332
-0.6344331
0.46152672
3.2686267
3.7519786
-0.4895708
0.25085312
0.30644745
2.901949
1.5253206
0.32083875
3.6618474
2.127973
2.2821403
2.7159214
-3.0786216
1.6288934
-0.45383933
-0.26457456
-0.9659293
0.04074096
-1.6277798
-0.054459292
-0.5176444
-0.3025698
0.13691577
-0.7875466
-0.3497932
0.37688377
-3.0618155
-1.7730047
1.5438995
0.1664579
1.0988903
-0.46133178
0.007850245
1.2136009
1.2218578
0.9354174
1.0303565
-1.4853225
-1.682892
1.0663205
-1.4134142
0.9852883
0.6285697
1.9204205
0.37969488
-1.02534
-0.017225884
1.842335
-0.9626246
-2.5032775
0.9944567
3.4178896
1.8604239
4.092865
1.0200093
1.3332629
-2.055754
1.4185152
1.1571016
-0.1614623
1.3311168
-1.8619729
6.209203
-0.6982796
2.9606879
-0.47884637
0.63882184
0.49173772
-0.050637476
-1.0125655
0.39813456
2.7526512
-0.42150906
-0.2863804
-1.2420921
2.568715
-1.5800867
5.105104
0.26963902
0.1675381
-2.1705787
-0.48651564
0.7914852
1.7334646
1.182695
-2.4575753
0.7275285
0.6159549
-3.5858073
-5.105294
1.5863768
3.5192568
-0.81682545
1.2769825
-1.7605584
1.2982315
0.5815676
-0.6550154
-1.7627996
-0.069066025
-0.7147289
1.0691556
1.0858339
0.06490645
-0.9697406
-0.9502286
0.4845278
-1.6510862
2.3254886
-1.5757835
-2.3008986
-1.3589993
0.8835327
-0.11741083
2.0444045
-0.4542585
2.6067963
-0.11598564
2.7403278
2.307918
-3.7814553
-2.579442
-1.1662446
-1.4572648
-1.3330277
-2.714728
-1.6827394
0.5087658
0.4031411
-0.59200734
-1.230978
0.64290786
1.7799056
-1.4051914
-0.59542584
-0.87142617
-0.50744605
-2.0634704
4.2545714
1.4737327
-1.1044956
1.0345408
0.34121042
-2.0373838
-1.6582248
-0.6772565
-2.630108
-3.466555
4.9164753
4.2354755
-0.38750324
2.866149
-0.07852892
1.3353038
-1.8591315
-0.76817065
0.9584528
2.1316068
-5.137968
2.4526815
1.421094
2.6176867
-2.1402125
-2.9656713
-1.3411953
4.877464
2.1997914
2.0376751
-1.9142002
0.88792557
-1.1700224
-1.4427241
1.3509612
3.3886797
1.0814023
-0.010194801
0.47632152
-0.42821577
3.30015
-1.2413146
0.21035928
0.43332326
-4.735735
-0.4705174
2.9196017
1.1629729
-1.7631568
2.211482
-4.486623
-0.33001882
-0.6340485
-2.8782482
-0.031949826
2.2468524
-0.68304956
-3.7678158
0.96083236
-1.035606
0.3777787
1.0813816
2.2149284
-1.1975831
0.8523011
0.5190091
1.4343683
0.031513482
-0.7390708
4.19553
0.5095778
0.045245714
-0.34947497
-0.43159497
1.7643273
-2.516091
-0.6170653
1.9808056
-0.16197295
0.27844954
-1.067534
1.1291286
0.43534932
2.2861035
2.0735176
0.37155163
-1.4054967
-0.20088157
-4.3587933
0.41709644
1.3043768
1.4854889
-0.36832857
-0.010747954
1.801941
1.1473684
-3.5011942
-1.7264005
-0.8913524
-3.440971
0.20916459
0.33546332
-3.0599046
-0.4671483
-0.8484624
-0.050437406
-2.8839405
-2.5660472
-1.0560949
-2.5411642
-1.8716782
3.088129
-2.2465239
-0.08020655
1.1869609
2.8499892
2.5977094
-1.0023359
-0.99207497
1.3594335
1.8355819
-0.36627293
3.3223145
3.6612854
2.5196373
0.9717055
-0.44382256
1.9518524
-3.782234
-0.6388455
-3.0744529
-0.7072274
2.2211604
-1.2253749
2.56352
-1.9127047
0.4910826
0.9078379
2.1474998
-0.32283503
0.4277349
2.1310787
-0.2210736
1.0093721
-3.0876026
2.6571364
0.43073478
-1.690094
-1.9499499
2.9729614
1.2395952
-2.648008
-2.2184267
-1.2592882
0.008483455
1.3205683
3.0366316
1.4650148
3.2765865
1.2732431
0.24213332
0.33888447
-2.1861308
-0.8180951
-3.2417629
1.2210001
-4.18916
-0.14002284
-1.4615189
-2.3621237
-0.30824175
-4.4390574
1.4742423
-3.6982374
-0.7671452
-2.8193898
-1.7381753
0.66226876
0.7970551
-0.22152175
0.46377477
5.968674
2.2930803
0.39059427
-0.11833791
0.40076602
1.5513434
-0.61775196
-1.1143775
-1.3568261
2.7219565
-0.9955181
1.8296636
0.9100569
0.14045969
-1.6074344
-0.09359207
0.68445563
0.97083086
1.0834422
0.21020092
-0.018169135
-4.185713
-0.5447048
0.75799274
0.90341705
3.0085523
1.8192015
-0.2607467
-2.608958
1.7048875
-1.301334
-2.6190312
-0.21220364
1.0212212
-0.06500913
4.1436315
0.49845663
1.0488058
4.6102004
1.9000763
-3.0467384
2.0549636
-0.7687966
2.1716275
-0.0989734
-2.040234
-0.41375065
2.676168
-0.114499405
0.8012888
3.6032624
1.5948173
2.6270092
4.260379
0.108421974
-3.5131383
3.6570187
2.6190426
1.3643785
-0.17574932
-1.2753812
-0.024675727
-2.5853522
-3.6348076
-0.77840596
0.5024142
0.45862848
0.39395362
-0.52320147
1.3902917
-1.8193253
-0.85010046
4.218671
-1.8804903
2.0665178
0.19340762
0.97676766
0.7777091
-1.2179569
-1.2395809
4.4183254
3.5123258
-0.3825665
-0.8053156
-0.46356994
2.578503
0.07314836
-0.029023174
2.7022135
-3.1076586
-0.1613423
-0.368726
-1.1689653
-0.13731036
-2.3227067
0.91177684
-1.2265767
-1.4099222
0.030324094
-2.3573754
-0.5112877
-0.7947618
-2.0516672
4.243615
-1.0198052
1.5010011
-1.2720201
1.5293686
-2.6247692
-1.3106116
1.2257043
-1.7544951
-4.6513157
0.49074844
0.6348688
-2.3566246
-0.7467404
1.4760252
-2.9697278
1.7607394
1.441387
-1.5212194
0.78650486
-2.8989844
-2.1571333
0.59759504
0.4454959
-1.0724963
0.85883534
0.4246984
-3.6748195
1.0841428
0.8413193
1.1429555
-1.5395399
-0.9389819
-1.5253232
-0.42555395
1.7211862
-3.3722227
0.9139728
-2.5538511
-1.9320936
-2.1513739
1.5113056
-1.3896502
-0.53214055
2.3989387
-1.8151356
1.3388319
-0.16281626
0.21267122
-0.27613476
-1.6928271
1.850359
1.4702331
-0.44293842
0.61667603
2.6070282
4.2417955
-1.3588011
2.4088857
-0.030578502
-0.22034647
0.096513666
0.9103301
-0.59126157
-5.023152
2.3562555
0.87782425
3.459819
2.1912808
-0.91542834
0.3813286
1.7699811
3.5198462
-0.9394671
-2.4387922
0.48159286
-1.8765366
-1.6021094
-1.5759662
-2.6978543
-0.22877115
4.3782697
-2.8274171
-1.1499742
0.69636834
0.4650213
0.18374108
3.7905202
-1.2416553
-0.39889142
-0.36758614
-2.8222756
-0.8194694
-0.62970704
-1.2757761
-1.989268
0.27657792
2.9134877
0.11995171
-3.2186255
-2.978167
0.27243936
-0.8635041
-0.14993387
-1.0655196
1.0919244
-0.84006363
-0.25106996
-3.1354945
0.92116386
1.641238
-0.053681828
-3.9138381
-1.3312727
1.5403267
1.2489928
-2.5004683
-2.3960326
-2.1325579
3.3866348
-1.2702976
-3.4089925
-0.75169444
1.5080597
1.4845427
-0.455079
2.0212212
-0.31578755
-1.8100966
0.63033795
1.3653816
3.1639347
0.8252608
-5.1874156
-1.6041695
2.0849648
-0.8097441
-2.487899
1.1772308
-1.8235856
-3.076662
0.34362912
1.60956
0.066661745
2.9079714
1.1866099
-0.80794734
-1.1539265
-0.91070503
1.3855209
1.1487526
2.7799916
2.622249
-1.273729
0.42928055
-2.6451817
1.8102942
-1.156473
1.5335361
0.4197848
-0.77572787
-0.7055829
0.71039605
-1.1697
-0.1383693
1.2987894
-0.022087485
-1.0098495
1.0051804
1.1224922
-0.9690862
-2.7048845
2.9258077
-5.347935
-2.8582695
2.474439
0.26358795
-0.30869257
1.488129
0.38282168
1.2124162
-0.3298404
-1.9845704
1.9199325
-1.1776292
-0.1357956
0.22929049
0.75838506
2.299994
-2.2371597
-2.054207
0.42113286
-0.44485444
-0.047858905
2.364936
-5.379451
-2.8012242
0.21364489
1.9360695
3.6210117
1.7068995
-3.2111704
0.49462843
0.056927882
-2.3093855
-0.4245761
0.22535759
-1.6761668
-2.4606256
-3.9944856
1.9137436
-0.9343746
1.452658
-0.6600394
1.2004185
-0.27913398
3.9013126
-3.0895908
-1.322786
-1.804997
-1.0866407
2.5421586
5.30284
-1.4242418
-2.025646
-0.64134014
1.6279466
-2.951939
-2.5647864
-2.5224822
-0.91661114
-1.2406445
-1.4042515
-1.9810516
-0.2647574
-1.0780555
2.310814
-0.8876213
-0.67960745
2.2026744
-1.26668
3.0913942
0.37243396
-1.8517156
0.15554523
0.13759962
-0.85817784
1.2224951
3.7946708
-0.2687392
-0.5303947
3.491363
-0.27554536
-3.911706
0.67945606
3.4295418
0.37891254
3.4233024
0.03387601
1.4503856
-2.4149601
-0.4949849
-1.678999
-2.808567
-0.20608515
-1.8357464
0.44673714
-3.692958
1.1155496
-1.9203439
-0.010771822
0.74173117
-2.058795
-0.35346276
1.1964222
1.0480227
-0.5054344
-0.14307372
-2.5090113
0.7506327
-0.5256449
-0.006881606
1.7246233
-2.3497064
-2.2563384
-1.2956821
-1.7917044
1.5686717
-1.4500021
1.2333846
-0.2940684
-0.4118749
1.3677217
0.51337934
2.897224
1.7840953
0.3026929
-0.90393955
0.31253594
-1.8212165
3.1312046
-1.4473554
-2.6412942
1.5353286
2.2928982
2.609546
-0.0964567
-2.6852949
1.1900072
2.8303046
0.7994355
2.045782
-0.44221556
1.2467401
-1.5776256
-0.37407374
-1.1669765
1.4788249
-0.61910766
-0.18522328
1.2881844
0.50633967
-0.14273247
-0.090825155
-0.07138658
1.3801336
1.1302329
-2.681587
0.9735703
-1.2528784
0.6672866
-3.8647804
1.1720788
0.40181094
-0.6380276
1.2276248
-1.1288621
1.7207808
-0.5481646
0.45029482
2.7986479
1.9292547
1.1940798
-1.6742185
0.46414354
1.7881545
1.1357747
2.7169585
-1.4145641
4.390657
-0.46308535
-0.28931788
2.0776005
-3.2653956
1.525405
2.0468557
0.39305097
-2.1216888
1.6051354
-3.2767038
0.86163664
1.6428825
-5.1330805
-0.08007385
-1.0931048
-1.2940011
5.1804504
-0.87425554
-1.3496313
-2.5061316
0.83957225
-3.994864
0.49476326
0.8077703
0.528238
-1.2683965
-1.5443078
0.71733814
-2.292621
-0.49262694
2.3293164
-0.47735706
0.83724666
1.7729782
0.21646002
0.07536405
1.507462
-2.1361494
0.449659
0.48060322
0.73224545
1.2422289
2.9263415
-4.4473524
-1.8245975
-2.1917164
1.5064963
-0.23124975
2.9191422
-1.1185462
1.3367057
0.6852505
1.2401255
-1.9249287
0.16937955
-0.26383433
-0.21056017
-1.2773216
-2.012225
-2.015587
-3.9082432
0.21302432
1.4780252
1.2424216
-2.1517026
-0.5507301
-1.5499246
-0.3579273
-0.15956351
1.866317
0.4589443
-1.4837378
1.1941699
1.2393806
-3.806428
3.4787817
2.2335749
-1.0594431
-0.92507744
2.9864578
-1.2411385
1.4117876
-0.20626998
2.9593322
-0.28664324
-0.025062181
-2.6956346
-1.2932278
-1.674953
4.218213
-1.8115966
0.5155185
-0.5865193
-0.5154712
-2.3047626
-1.4862233
-0.77485865
-0.6654674
-0.80856276
-0.75051695
-4.2422204
0.3701669
2.308274
2.7520323
-0.022430938
-2.4117994
2.54095
-3.556132
0.8442974
-2.216456
0.90428096
-0.6446225
2.733521
-1.5722028
-4.1011515
-0.12634614
-2.2859025
-2.8013597
-0.37776655
2.717087
2.7501209
-0.21289217
-1.7030293
-2.6249666
-1.9575835
-0.5670878
2.2071874
-1.2328402
-1.3954298
-0.9315812
-1.6019711
-4.2391706
0.8853889
0.9792421
-0.1274086
-0.8392861
-2.5227623
0.028378215
0.44433093
-1.299255
0.89246386
0.48253977
2.0556145
0.4692672
0.62019217
-0.49289045
2.360836
0.4783576
0.6614773
-0.6449846
2.2783394
-1.219799
-1.7979265
2.1915114
-0.33809236
1.0983828
0.3361451
-0.7153653
-0.41772503
1.1028281
3.7238388
3.1012642
-2.4469414
-0.606661
-1.0256215
-3.1389155
-2.4818664
-0.95975995
-1.4238483
2.495305
-3.5500252
2.6217883
0.013008583
1.4742154
0.90307206
1.849434
-3.4936595
-2.6005478
-3.115505
-1.4944196
5.0399904
0.28018272
0.11079866
-0.4003173
0.078059055
-0.7688899
-0.747866
2.2982616
-0.69447833
0.6180195
1.0752429
-0.81764984
1.5544579
-1.6222132
-1.2507998
-0.54739743
2.597915
0.04038015
-0.36039597
-0.4730712
-0.75968695
-1.3374407
1.5658786
-0.34988546
0.91400415
-0.9358543
2.4067693
-1.3170179
0.92028326
0.7317001
1.7281295
0.8932383
2.1999493
-0.5471285
0.7969466
-1.2731524
0.37097192
-0.31743547
-0.9987029
-1.6984876
1.1430368
0.7648442
-0.8078433
2.2972288
-1.3862846
-3.1333535
-2.5656495
-1.6620425
1.6369516
-4.6821437
-1.6715859
1.4871876
-1.4581474
0.5088681
-0.21927056
0.36106318
2.9076245
-1.0868449
0.19340187
1.5249865
-0.13290718
4.7369027
3.0401118
-0.5721853
0.57440007
1.9314127
-0.69021606
-0.20210764
1.3724879
0.6731189
-2.0203984
0.6342597
2.3054507
-0.808272
-0.06353739
3.3330781
-1.7601225
-2.0513506
-0.4510752
-0.51097614
-0.32494602
1.3128334
0.24560079
2.0584803
0.12307167
5.9505086
-1.0307672
-0.8840705
1.41869
3.513166
-0.15762103
-1.9443587
0.88174963
-0.47030818
1.4871888
-0.7447659
0.8221498
0.09902354
1.875955
-0.07916308
-1.4948671
-1.3618395
2.9535425
0.10377477
-2.7864833
-1.185548
1.637272
-0.06786051
-1.1087695
-1.0068505
2.366111
2.222114
-0.05449102
2.3753486
1.888125
0.29223096
-0.40664172
3.0891075
-2.1494296
-1.4318477
1.9720503
-0.79645383
0.114600986
0.8512591
-1.5431051
1.9489892
3.198066
-0.739117
-1.89302
-1.1807468
-4.4656296
-0.039035037
0.7234201
0.08557075
-0.047943093
-2.5998597
1.4140615
0.07323723
1.1683122
2.3313622
1.2263753
-2.110973
2.8578708
0.67290694
1.8851824
-1.4186097
-0.736589
-2.398561
5.491385
3.2708569
-0.48894238
-0.3219519
3.3840008
1.5018904
-1.6436442
0.9382289
1.2712477
-1.8998382
1.3441029
1.3141026
1.9717466
1.735115
-4.681019
-0.53014904
1.8130193
2.9490316
-2.0118866
0.7235384
3.5484722
1.4745393
-2.9382355
-1.9234768
0.5998518
-1.9413978
3.334885
1.0943425
2.8041108
-1.9369946
-0.7098769
-2.4967246
-0.12627591
2.077604
-0.9228064
-1.1073301
-1.7565767
-3.0254624
-2.6510408
-1.0492033
0.16152689
-0.61520797
4.573935
2.0266137
1.7930392
0.6174403
2.7236135
0.82994115
1.8354169
1.8204683
1.4087299
-1.5011396
-0.47007293
2.5959504
-4.020385
-0.50529754
-1.576129
-0.7461124
0.27372915
-1.7739774
-0.5871934
-1.7671753
1.076477
4.473871
1.5807711
-1.9860684
0.130491
3.164297
3.1990385
-0.67194283
-0.42109308
0.71480787
1.8177831
-3.207446
2.2418118
-0.84612215
0.29591504
0.6514275
1.0652922
0.50461024
1.6973917
2.8477073
0.39420843
1.3626589
-2.4853868
0.9205936
0.172858
3.2062588
0.55324715
-0.27321616
-0.60749584
-0.9738259
1.1536083
0.062095765
-0.20159496
-1.0581896
0.5069514
0.47256362
1.9476445
2.9044547
1.1362001
-1.5505174
0.56246334
2.0224223
0.5023017
-0.37674314
-1.4881585
-0.1118569
1.2735149
-0.005907193
0.8484592
-1.3359933
-2.77751
-1.6973624
-0.20388651
6.289853
-0.48676288
-0.9300911
-1.464961
1.5147333
4.1470237
-1.0554386
1.7770435
-3.5681012
1.9830536
1.6797916
0.6261847
-0.057849716
-1.4261522
3.175806
1.633254
-1.9527038
0.24359357
-0.74250114
1.6905978
-2.892653
-0.15498434
0.9160701
0.7369864
-0.33830774
3.6625028
0.7140176
-1.2330394
-1.2156901
-1.4802122
0.86023176
0.5286645
-0.22445627
1.267783
0.12925634
0.7052872
-0.937376
4.1580057
-1.138045
0.76691854
1.3804848
3.616852
-0.50689346
-4.1452847
-3.084248
2.8161151
0.589547
2.2573996
-1.7647648
-0.79373467
-1.384715
-0.9880279
0.2194235
-4.6021533
1.0775023
-0.8797736
-0.36570108
1.272929
-1.406368
-3.0107336
1.5719005
-0.73839533
-0.46999747
1.0886267
1.0724036
0.37294716
1.0403249
-2.5331771
-1.7035884
-1.4481266
-1.3626317
-2.1043353
2.1361325
2.4091756
0.8665129
-0.12509495
0.6405636
-0.77431995
1.287676
1.0819594
3.8603508
1.3570807
1.7934579
-2.4506896
2.4419312
-0.4597051
-3.1244032
-1.6739473
-1.3929657
-2.250477
-0.61310893
-0.7483797
-2.0220292
-0.61265516
1.4777358
0.48568892
2.0270667
-3.3733544
1.5944864
-1.4492203
-1.0742329
0.67526114
3.1576133
-0.03083931
-4.2359676
2.1666918
4.0326896
-1.3606349
-2.9139469
5.3642497
0.8173812
-2.3775413
-0.4018984
-1.4164782
-0.51668435
-4.3572154
0.73999256
2.4774
-0.44391313
0.09110125
-2.4076693
-1.1304817
0.6078635
1.5474106
0.3641309
-1.1076531
0.013982952
-4.117681
1.6695869
-1.0822784
-3.0269172
-1.6734364
3.2102132
1.4722703
-0.7515655
-1.1405859
-0.59973234
1.5082905
1.4207306
-1.9155548
0.42636138
2.7500448
2.1216843
-2.357782
0.15132621
-0.5610003
0.6930598
0.6902452
-1.0938159
-1.5581027
-3.0250459
0.46551466
2.169372
-0.62663597
-0.021374177
-0.7463086
-3.8594458
-0.6052729
-1.3382374
0.9223772
3.3220239
-0.14003107
-0.108278625
1.7439157
-3.2259908
-0.3931693
0.38701454
5.3343163
1.2279146
-0.18346761
-0.5903442
-4.8753333
0.10488016
-2.4700043
2.0461512
-0.38317376
2.1465297
-0.98995924
-2.276389
-4.1363077
-2.494129
0.5925796
-2.563801
0.59281766
3.3666103
-0.48123825
-1.4522804
0.51659554
-1.5241444
3.653535
0.5178833
-1.4826065
1.3332789
-3.0914397
3.6420276
-2.625889
3.1109333
-1.2603796
-0.4122932
0.44796985
-0.70834625
0.0063403584
0.041723132
-1.3615798
-2.5800326
2.1385298
-1.0048707
2.3668213
1.6119195
0.6904229
0.08985831
-2.4916744
-1.6374853
-1.1625094
-1.5007467
0.024236612
-0.45830476
0.743577
1.1210536
-0.5476547
4.7851567
1.5845181
-3.4506903
0.39785746
-1.2697923
0.00031443685
-0.09483472
1.0053697
0.3821238
-0.5985753
-1.0998895
-2.282746
-0.31164438
1.600877
-1.9660044
-0.19766682
-0.0838816
2.2520547
-0.45589077
-0.93364084
-1.6319083
1.8467739
-2.2652345
0.054598212
0.50226194
0.2429885
1.7935638
-2.6307137
-0.8559679
-2.7425876
1.4322475
3.1104426
2.1131825
0.40110034
0.5782273
3.0197358
-1.9246775
0.121954665
2.0460513
-1.1404527
-0.36563468
0.24586815
3.5554996
-0.056092046
-0.92172223
-2.488224
2.3549137
-2.5996585
2.2664516
-1.3528295
-0.7254377
-0.4086478
-0.79179823
2.8731925
0.14856644
3.1353219
-2.1936646
0.9196619
2.2279043
-0.845441
-0.39386722
-2.837569
-2.418276
3.064503
-1.6182711
-0.004155107
-1.8047068
-3.8908188
-0.4052694
-1.833164
0.5208884
2.7525327
1.4501956
0.61631787
-0.2173881
2.187667
3.1131861
0.28077817
-0.037564673
3.234784
-1.9550949
-0.5233762
2.545282
3.796423
1.5393316
1.7133514
-0.8690405
-1.1489928
2.4502199
0.2718897
0.37263393
1.0588875
1.2198353
-0.767764
1.5693921
-1.7826307
-2.4982297
-1.969168
0.31484154
0.1855639
0.9958571
0.9115353
1.5745298
-1.7541965
-0.33906287
-3.1307158
-2.316253
0.38783988
-0.08457919
0.9888971
2.1701467
1.1556547
-2.884599
3.1374133
-0.04378698
-0.07442414
-1.2918024
2.0992002
0.11303677
0.5169071
-2.9232216
0.27807757
0.45947468
-1.3565416
-3.0337477
-0.46156913
-0.74768764
-1.9091359
0.6851266
5.0067043
2.5379813
0.96265477
-3.2177565
-1.2187632
2.082839
0.6511603
-0.4990108
-1.9098049
-1.784029
-0.61226505
2.6835096
-0.91598284
0.5627631
0.81381416
0.33681694
1.4738913
-1.5629655
2.7833803
0.35264358
-2.0098684
0.27497038
-0.8166486
-0.36839578
-1.6127576
0.53971606
0.34682116
1.527532
-2.064336
1.9898533
0.60113555
-2.8479595
-1.7240237
0.9246954
-2.0029235
0.569645
-1.435422
0.803277
1.9586179
-0.081927076
1.7542536
2.2473044
-0.7892961
-1.830109
0.6615422
1.069151
-3.8191032
-2.6530967
0.22858936
2.008202
0.038808003
1.1124129
-4.19387
-2.9116724
2.0372756
-0.47181773
-0.97340584
2.3072152
-0.86514246
1.45178
-0.004835218
0.17285743
-0.1543828
-1.6776597
-0.026219003
4.1987476
-0.61203974
0.33240667
-1.1733581
2.2633104
0.6571096
2.3725789
-1.0770782
-0.58060914
2.6882777
0.5922582
0.7902828
1.5756371
1.673626
-0.2639327
1.8862553
0.40322253
3.3924582
-0.03854856
-0.3133821
0.31593597
2.250819
0.904457
1.546456
-0.87336975
1.4319515
-0.7106034
1.9104321
-2.2187283
-2.1106262
-3.126809
-2.3392901
1.6591617
0.061210684
0.21943323
1.8582737
-0.6262089
-1.5026755
2.7228281
-1.749001
3.9259455
-3.474565
-3.2806451
0.39149386
-2.2208316
1.0690277
2.039602
1.017813
-2.4120495
3.1346974
-1.9811827
0.9099683
-0.7163626
0.29622743
0.19471608
2.7172117
-1.8260547
3.355588
-1.0586923
-1.8649994
-0.41550404
0.40251485
0.5782979
1.6598805
1.6253791
-1.6188055
0.5117474
-1.9454777
-1.4134234
0.0022111386
0.7710003
-0.12911269
2.8941772
-0.92076373
1.2247174
-2.0644467
-0.6890685
-0.6452901
1.3582938
-0.17952874
-1.7679266
-1.1630313
-0.024357703
1.9739492
0.0122144595
3.7562196
-1.4049432
1.9534429
-0.38200736
-2.5460923
2.8862782
0.21233149
-0.08970339
0.8618249
-5.1258893
1.4008337
-2.9300349
0.4728893
3.5983205
1.6231781
1.1953743
-0.40762687
-0.89211905
1.9810444
3.684339
-1.7621329
-1.1847669
2.1402493
-0.20436215
-2.1126573
1.4557605
-0.62506264
-0.123559505
2.3036146
1.1684383
2.084566
0.0035871267
-1.8101608
1.3450792
-1.5213695
-1.1871034
4.020537
-4.530232
3.1973681
-1.0934178
0.8186807
-5.8029304
-3.6678784
0.09995136
-0.046396
-4.4149876
1.6650012
-4.633935
0.6576668
0.23695335
-4.8307014
4.16865
-2.0007362
1.1526687
1.1050267
-0.0979618
0.4921845
-2.8646445
1.2179329
-3.5500956
-4.649763
-3.4722931
2.8453703
-0.7526609
2.1766334
0.47004846
2.5371673
2.48395
-0.35821968
-1.9703797
3.0823882
-1.883182
-1.4247226
0.0999948
-0.6002377
1.8968304
1.5398985
-3.2952332
-0.75902104
-0.9983307
1.137857
-0.71218956
-1.1223332
1.741455
0.33781442
0.39059168
1.6962513
0.53065753
0.28123522
-1.7736019
1.7229967
2.456944
-0.31014705
-0.18101785
0.3451528
-0.98025477
-1.3685687
0.44793242
-0.5292048
-1.1336504
-1.5669714
-0.2652125
1.0147781
-6.459807
-1.7987869
2.6501403
-0.17088923
0.4026523
-0.71871054
2.5555782
-0.75816846
-0.48440668
-0.49947688
-0.2926603
2.8111277
-0.49562886
1.4631432
1.3557861
5.6346016
-2.0684693
0.4813379
-0.77247936
0.21777596
-0.209195
2.346649
0.41561815
-3.809237
1.76992
1.6574842
-1.9413888
-0.25768554
-2.0503588
-0.2306455
0.89182866
-3.4196198
2.2171798
1.210369
-2.8043067
3.095591
0.6585153
-1.8224659
-1.2617496
2.132007
1.119491
0.8936174
4.001446
0.9318125
-3.5627027
-1.2723614
-1.1999059
-4.0398755
2.3084512
0.32734364
-3.8744404
1.140677
0.9284406
-2.501651
-2.6852744
-1.1226518
-1.571663
-2.8059664
3.2314
1.3973159
-0.27632973
2.1219301
2.418921
1.5052828
2.7061632
-0.17084081
-2.4195395
0.2507404
-1.7638793
0.59808886
-1.7154675
1.1750398
-0.33524165
-0.28915155
0.85692537
1.7774007
1.0247875
0.3406735
0.6236621
3.885177
-1.4046868
0.06482167
2.5673568
-1.3763593
-1.1962404
4.416668
-0.15913275
3.6072755
3.1214924
4.4559774
-1.7112674
-2.0594666
0.20172173
2.1076605
-2.0755625
-3.1433952
1.0600866
-0.32821316
2.5157497
-1.4925693
-1.2347502
1.9756998
-0.99119747
1.0493877
1.64574
1.3783044
-1.4750401
0.40504175
1.5798652
3.2400818
-2.61877
-1.0777311
-1.9212251
-2.842981
-0.9662678
-0.20648749
3.1957395
-0.8076468
0.4475648
-0.6401159
-2.088194
1.512006
-0.8383239
-0.72967976
1.0210335
0.15292731
-0.9825556
0.9419236
2.9981482
-1.9485345
0.2376621
-1.7350489
-1.0013978
1.1531202
-1.0354383
-0.2863983
1.2891777
3.142669
1.6603557
-2.0270705
-0.34143466
-1.3737342
1.5839788
-4.4368906
-2.0417635
-0.6551567
-0.74132967
-0.27287903
-0.41612014
0.5795804
-0.81646806
-1.0403278
2.1200933
-0.06787855
1.5875689
0.8451621
-1.1757193
1.3078895
0.5840453
-2.7058403
0.8500565
-1.1575089
1.9277737
-1.8764651
-3.099628
1.4025356
2.8628764
-0.9437577
-0.2691741
2.3752928
0.26632953
2.9127073
-2.1425877
-0.8079791
1.4166881
-1.2362092
1.1270877
-0.35410094
-3.512742
-3.6676607
3.4061594
3.0176697
-3.694288
-1.7205548
1.8000097
-1.5232458
-2.9051728
2.1745224
-3.069653
-1.9959822
2.057921
-1.4107008
-1.3134623
1.4384248
3.3962708
0.22224642
-0.57428735
0.2350361
1.6328102
0.58483016
0.7326488
0.27707213
2.2486544
-2.3317773
0.5614191
-1.0080833
2.4205542
0.3750016
-0.07150974
1.2857932
2.5969577
-0.14227122
-3.7841792
-1.1529449
1.3513503
0.63792706
-1.7321955
0.36978585
1.3570551
0.4886968
-0.25943315
-3.7423809
0.00477203
0.39423957
-0.6108299
0.0498356
3.4701934
-1.0177746
1.5167688
-2.9796271
0.80558014
1.2246398
1.4058902
-1.5921736
0.24302146
3.90082
-0.66558737
-1.0730993
-0.98306674
-2.9658654
-0.40122044
-1.8606364
0.26697484
1.2802393
0.34497243
1.2822086
-1.0941527
0.33238223
0.09898099
0.5360844
1.446187
1.1637521
-1.2965798
3.254707
-0.39389652
-0.77720666
-3.808401
-0.37012252
-0.7014755
-0.7807475
-1.2490654
-5.046916
-2.2315793
0.48322222
1.2144495
1.5503728
-5.387184
0.23340973
0.15938383
-2.004266
-1.1789109
-0.07696002
0.51541543
1.0734315
-1.1537341
1.2662009
2.980949
0.1503001
-0.7323294
-0.86406493
-2.872775
-0.76013905
1.1921003
-2.223698
-1.5348108
-3.126335
1.225267
0.45321164
-2.6492167
-2.5871296
1.9523654
-1.9207475
-1.7698934
1.1118985
-2.4712665
-2.1504455
-2.0537522
1.7126381
-2.0586035
1.8461459
0.18729085
-1.8364872
2.6596713
1.1114545
0.819019
-2.468072
0.13613783
-3.518007
2.834506
-0.008555964
-1.0817608
-1.0982333
2.576436
1.3044549
1.5385405
-4.1686077
0.64970464
-2.4777317
-1.4507616
3.0376134
2.1061888
0.40268332
0.10863882
-3.459829
-1.0807445
0.43401414
-2.2197225
-1.5220915
0.58011556
-0.22160617
-1.5116389
0.56463236
-0.29730982
2.7915666
1.7427834
-2.649044
-0.030414313
1.2285998
-0.268693
1.6382313
1.5389827
-1.5215497
-0.6247989
-0.109980814
-1.2286186
5.0364594
1.2705846
2.9031277
-1.9821589
-1.2406197
-4.429205
2.2559273
1.0590684
-3.2071316
-1.0353104
-0.9821908
-0.87381303
-1.1225773
1.9104012
-2.9256501
-0.34164938
-2.059751
0.023198828
0.9488188
3.6956189
1.0959642
2.7037084
0.59702206
5.5238085
-1.3945141
-1.2828422
0.51319325
2.5400755
1.3976116
-1.3095828
-0.3825049
3.6232364
-1.4640741
0.8307913
0.90589696
0.85972214
1.0603274
1.0206048
0.2806081
-0.72125703
-1.0297209
-1.843242
6.016727
1.5509843
-1.517154
0.4967807
-2.7012258
-2.394192
2.1075811
0.6153314
-1.3601522
0.41754892
1.0589854
2.0891454
1.3333633
0.1320111
1.4136642
0.004269235
1.5767118
2.531451
-0.5545477
-1.4432757
2.4338012
-1.9122896
2.4186795
3.9692526
-3.1606672
1.7122146
-1.2125801
-0.010410085
-2.268265
0.39987692
0.04367713
-2.1297317
0.4405598
1.1542767
-0.9836467
-2.733666
2.2658892
0.17993471
-1.3935739
1.8920609
0.49291536
1.8112134
-3.1861103
1.2799278
1.5040015
2.0303297
1.038445
-2.6206765
1.6748904
3.055951
0.5131191
-0.23356916
-1.99982
0.0062267333
-1.8076022
0.892009
1.1375886
0.4194664
0.94359297
2.258409
2.1970954
-2.82484
0.7616722
2.3842092
-1.4278181
-1.9386059
1.3369123
4.1424193
0.99833125
-1.4144795
0.7176883
-1.4923129
-1.3063633
0.8013725
-1.2459866
-1.8335105
-1.4352193
-2.0466754
-0.4932809
-1.3193208
2.2101955
-2.8622255
-3.304105
-3.9846964
2.7309287
3.5399628
0.6785498
1.5604068
0.5070355
1.9255006
-1.1029023
0.33976096
-1.3771068
-0.8397948
0.68645704
-1.4734894
2.5016003
-0.038206328
2.8706586
0.9718234
0.06488891
-2.454053
-2.703943
-1.0640519
-0.65723705
0.17555998
-1.0412602
-0.09413878
-0.7266725
-2.2489445
-0.55547297
0.85761094
2.2404115
1.9312023
-1.4789058
0.025087848
-1.0944412
-0.17385408
-1.216316
3.6456566
-0.5930854
-1.1573857
5.0783257
4.462677
-1.3315617
-2.4009957
3.5437777
0.014288068
1.9903616
-3.0428126
0.19099371
1.7239532
1.9249341
-0.24870694
0.802658
0.9193256
0.6486244
-0.9997752
-2.9327898
-4.1079426
0.20742391
-3.230174
0.62341017
0.9376635
-2.4276285
-1.6337577
-1.0070441
1.0680006
1.5039761
0.16698192
0.24219337
2.5111456
2.0978515
-3.339395
-1.4317862
-0.3781431
-1.8019854
-0.88924026
0.08394014
0.052412532
1.2224798
1.7905174
1.0765423
-0.1336717
0.34947795
1.1519344
-2.890715
-1.4114115
2.371992
2.5731056
-0.3452066
-0.3336928
1.5042392
-2.3536203
-0.5828947
-1.6299264
0.61804396
-2.707413
-1.2216918
-2.3006299
-0.9678727
1.7022305
-3.090126
1.2637004
-4.1766872
-1.3096383
-1.1875643
2.7409368
-3.7332258
-3.275162
0.53394204
-2.2194026
-1.08104
-1.8678509
-4.3142014
-1.8466058
0.62070245
1.7093811
0.78366315
-1.931485
-0.016281173
-1.1684619
0.214486
-0.528308
0.7754128
2.9186869
-1.3408766
-0.35093272
-2.4483562
1.7716523
-0.7104649
-0.9165171
0.20196784
-5.568428
0.97202754
0.3369952
0.9497037
-1.5434936
0.36257306
-1.235123
-0.44938192
-1.0243329
-0.12906805
2.1673636
0.81771404
-0.50201964
0.668261
-2.605902
1.9144827
-0.28160584
2.1766202
1.6867136
-0.47186366
-0.006187886
2.547101
-1.1748827
-1.5685508
0.1788562
-2.2275507
1.5794212
-2.8827078
2.2061214
0.8599404
1.2784559
0.0044735074
-3.8749552
0.7382854
-0.75973797
0.60477525
2.8323267
-0.21258795
2.986337
1.9276036
0.4146914
1.5345836
0.35917532
-2.1492705
0.8704048
1.3102356
-0.5065993
-1.326823
-2.5812838
-0.96325535
0.2840419
-0.84041226
1.0463353
0.66686106
4.7353764
0.093355045
-0.5856207
1.8584135
-2.1391752
-3.5060377
1.8981073
-0.6146831
-3.2859502
-0.48448503
1.1102365
-2.796878
0.035299007
-0.43066445
-0.607069
-2.7346509
-1.2353411
0.90719247
-4.546929
1.8474593
-0.39447787
-2.398315
1.4708625
0.75365615
3.9682264
0.33946815
-1.7634473
-3.7078729
-2.660782
-2.0973928
-2.9892163
-2.729911
2.7033381
-1.8758314
-3.3282146
1.8467783
1.5210665
-0.5520186
-2.6231513
2.4332733
1.0285486
1.3481258
-3.7701519
0.43900055
0.92070097
0.9689512
-0.9880858
-3.3462625
1.6214327
1.3458253
-2.3341331
0.9705664
-2.9750395
-1.0632567
-0.35563585
2.256173
3.0203953
0.34641132
-2.6116269
-1.0828602
3.1217957
2.0123367
-0.5005952
-0.32404038
2.4589558
0.7592719
-1.683917
0.43486482
-1.12932
0.96617144
-3.4045718
-0.2923113
-1.0823165
-0.43082774
0.7201584
-0.92019624
-0.5326829
0.38629133
1.8927026
-0.65731084
2.5273185
0.68019295
-0.111093186
0.4475748
1.0542853
-0.14864859
2.5991526
2.1960988
-1.073085
-0.5047467
0.21638393
1.7798696
1.9266223
-2.6116405
2.5760927
2.6101215
0.33597934
2.3232608
-1.5725596
0.7550609
-0.83879
1.3032427
2.6489396
-4.0748763
0.9010254
3.9080682
-0.46017244
-2.0204222
0.5934918
-3.7076173
2.5857434
0.12715027
-1.8990574
-2.2105994
-3.4258013
-3.3999403
3.1195364
-0.2862725
0.121207416
0.9133279
4.294119
0.96381897
-0.3709826
0.7738466
1.1371074
-0.37320885
3.5289576
0.03518106
-0.2535069
2.7127202
-0.8702308
-1.007353
-0.14516777
2.4063766
0.99256444
-1.5176069
0.09267901
1.0157783
-0.06545421
-4.197215
1.9933256
1.1356467
-1.119881
2.819216
-0.08497428
2.1235676
-3.1164665
0.21399575
-1.3550873
0.48130003
0.15540427
1.8378669
-0.29510444
1.1070553
-1.0224425
-2.501888
2.1572025
1.0579749
1.5860221
3.0287116
1.7287608
-0.8025882
-0.8664484
0.0013132878
1.3550345
2.3093147
0.09483443
1.3567388
-0.70891595
0.5491682
0.1323204
-0.7167652
-0.87194395
-0.92961884
-2.13474
2.9777248
2.2563767
-2.3655405
1.6565033
1.0727793
-2.3869908
-2.5908234
1.4531392
-0.50862676
1.214415
-3.3733945
-1.7785487
3.3809826
-0.6555796
-0.66660196
0.8333642
-0.8344665
-0.58773386
1.9630187
-0.5663553
0.18527073
0.6852995
-0.0775056
-4.1658535
-1.0703721
-2.02388
-0.30806094
2.5640786
1.8412853
-0.5689857
-1.5628071
1.4532155
-0.18590948
1.8418549
3.8452811
-0.7141259
-0.20644455
1.2482824
-0.7422032
0.4945417
3.6468422
-1.9501629
-1.8547484
-3.487859
0.88630223
0.21003343
-2.636972
-0.68507946
0.72721714
0.6893593
1.710621
-2.5011048
-1.0313798
-0.63567656
-1.4165536
1.0789582
0.88194263
3.0557635
-3.1217442
-1.9685096
1.7378675
0.17460775
3.36848
-0.0021447167
-3.5593414
-1.9672143
0.6557416
-3.0180519
3.9346445
0.27165827
1.9840461
2.629187
3.125566
-0.32441968
1.6942073
3.0363972
-0.8151064
-1.7264124
-0.05483134
0.6280289
-0.36871907
1.3991505
-0.69397956
1.6370436
-4.212541
-0.92921734
-0.50381863
-1.0526325
0.22982055
0.93440986
4.6946964
2.4334233
1.1478095
-0.05267686
-2.7169352
-1.1700485
0.353461
2.7734067
-0.33829144
0.085772455
1.5778377
-1.4453043
1.0793257
0.555824
-1.3049935
0.44280177
-3.6052542
2.907076
-1.4172806
-0.9477216
-2.0052824
-0.15148702
0.96707153
1.0239354
0.47251424
0.3303573
1.5478218
2.4278705
-0.10746317
0.505689
-1.5354943
1.2041105
-2.1934066
2.7514179
-0.73882604
-1.7590024
-0.032493472
0.067237176
-0.7138615
-2.6813488
2.518496
-1.196435
0.8385241
-1.4328243
-0.24998096
0.4893312
1.7049794
-2.5465283
1.8509674
-2.4128437
-2.983651
-1.0110755
-0.6224712
1.4598795
0.20888421
-0.6151307
0.1316911
-1.24525
-1.5351574
-0.7948499
-1.8827628
0.87891
-2.0364337
-2.7093368
1.7254223
-0.6482515
4.0929723
0.28284445
-1.2679724
0.38067022
-0.8278039
0.9297233
-0.76955897
-2.9895253
-0.031122565
-3.9398956
-2.1694782
-1.2202652
2.9935534
-0.054790936
-3.5495272
-2.164537
1.8506417
1.0902517
-3.4454975
-1.5474375
-1.0073972
1.2051713
3.8688488
-0.40678352
1.5542966
1.4619946
1.6780121
-0.028188653
-2.9349444
-0.35795772
0.7968628
-0.91159135
0.21778123
2.9532332
1.9518534
0.031191505
0.5153621
0.14698963
2.6401732
0.3766234
-4.2704086
-4.1727304
-1.2562392
1.5495737
-2.030034
1.8330408
-1.5329733
-1.9064996
-0.64048296
3.7682817
-0.07964464
-1.5122854
1.7577676
1.0607129
0.13274515
3.581561
0.63999164
-3.1633759
0.789548
-1.3595951
2.8177009
2.7120993
4.533148
-4.338808
0.23582122
-0.25940415
-1.1383804
-1.4281791
0.2847949
-0.90939635
-1.7817196
4.113039
-0.26946694
1.3303696
-0.081850305
-0.9429036
0.656131
-2.0181146
-2.246905
-1.4116453
-3.8607981
1.4433329
-1.6930782
2.917679
-2.6433916
2.3751144
0.9547328
-1.2067077
0.6556495
-1.2315749
-1.0665076
-2.6066434
0.025462665
0.7953467
1.3989466
0.3139859
0.43469104
1.5130473
-3.1901307
-2.5012457
2.5839133
-1.2775602
0.5412657
-1.1491681
0.20401746
-4.9220095
-2.2857072
-1.9197818
-2.5413718
-1.3768505
-2.151142
1.5787572
-1.6037781
-1.0991611
1.3478875
3.9336684
0.84952277
-0.010978702
-1.9941313
2.9229534
0.2375175
2.9641814
2.4255393
0.9294102
0.37893587
0.17772141
-2.1685615
-3.1871662
0.8802442
0.24083471
-1.0881478
0.437159
-0.8182996
-0.88013107
0.4475627
-2.2517054
2.367493
2.4642062
1.7225674
1.6042575
-3.35824
1.0676544
-0.81665355
1.2263119
0.8948278
-2.2828372
-0.24121407
-2.0478354
0.6995848
0.4036272
-1.3796226
-1.764208
0.9160528
2.1951742
2.4172945
-0.65477335
-1.9056882
4.1434155
-0.7691362
-1.2112118
2.773546
4.681859
-1.0968179
0.468032
4.633145
0.68430674
2.0673733
0.14843142
-1.4254383
-2.7040417
-3.9272873
2.9546885
-1.9022063
-2.3951817
-0.8687906
-0.5491578
-0.21628453
-0.7575407
0.7937956
-2.1207116
1.743055
1.2696822
1.0195667
-1.7380798
0.45622593
-1.3179114
-1.2814503
0.74966663
3.6305566
0.9149524
1.1985179
-1.0688078
0.74729085
-3.503761
2.5108883
-2.047142
-1.8560824
1.8816878
-1.0384171
0.8399765
-1.3628336
-1.9938715
-1.8690912
0.19524813
-0.59103096
-0.5156691
3.6533494
-2.742767
1.6650794
1.9568548
-0.38192022
0.36882395
0.76777077
-1.8144985
0.08592924
-3.612536
2.558053
2.0083368
0.67550737
-1.7744957
0.22602317
-0.7703558
-2.770894
0.8319973
-1.486453
0.57290465
1.056933
2.1061409
0.89155024
-0.47527617
-1.8284692
-2.625039
-0.3894411
2.8402638
3.505115
1.734156
1.0533142
-1.5893083
-1.1009088
1.3794717
1.3596282
6.0318184
-0.50538146
-0.25056896
0.54273945
1.2164642
1.4976858
1.3974062
1.0689933
-2.5372424
-0.1661218
-3.1555934
-2.2286167
-0.8061798
4.8954706
-0.9743844
-0.45953578
1.5241842
-0.8830896
-1.1909947
-0.037036702
-0.18926445
-2.3869443
-0.6132728
-1.5120547
2.3721173
0.104817525
-0.4058979
0.16511688
0.07091973
-1.2296476
0.13270389
-3.2558286
1.9205879
-0.7969117
2.9127455
-0.30290624
-1.5574119
-1.7755736
-1.9448519
-0.74957573
-4.951268
-0.033087872
1.3060621
2.1038141
1.9277709
1.8825312
-0.94215673
0.28379935
-0.17455351
-2.297384
0.580306
2.7180874
-0.6412692
-2.8369217
-0.69381887
-1.9036682
0.02350483
-0.60687935
1.5292444
4.315111
1.2337023
-2.3625498
-2.377033
-1.7755165
1.5601968
-2.0364897
-0.18819866
0.30426323
0.38395062
0.036122352
-2.8658547
0.37866443
3.1285834
-0.48577994
-0.91673875
-2.5518858
2.0603504
2.2695944
0.84392107
-0.96708095
-2.7914846
-3.2720432
-0.60827285
0.50090855
1.8116746
-3.8537261
-0.88549125
1.1500046
3.4040792
3.9449854
-0.3172015
1.8001986
-1.3650354
3.7534697
1.2071754
0.20997506
-2.604764
-1.4399396
1.9713002
-0.27846014
1.208253
-0.2989781
-2.6636431
-1.7991629
1.0016954
-2.1436908
-1.3797199
-2.4349744
1.1540701
1.1189908
2.234205
0.10897747
2.5702457
-0.09970287
0.5189794
1.2483221
1.3173974
2.0686789
-2.3987854
1.1262316
-0.73995864
3.869063
4.865792
0.06724556
0.44855183
-2.5032332
-1.7995869
1.4937524
-0.1774899
0.8817831
0.82445234
-0.24907272
0.40221673
0.51059836
1.7998058
1.7238754
0.31518272
0.3496772
2.868052
-0.38789418
-1.1608789
-1.311596
-0.6632449
1.6513945
-0.8340722
0.6260518
1.7231855
-3.791547
-0.00020508468
1.2771002
0.6682674
0.96323794
1.4615245
-1.4337547
1.7811255
0.44479448
1.6155672
0.13096401
2.2136896
1.2327964
-1.8391845
0.21500295
0.2714955
5.600941
-0.42971855
2.8415294
1.7261763
-0.6101964
-3.169273
-0.9679114
-0.94534177
-0.01652079
3.5677426
0.93534285
-0.7053938
3.908518
0.48787117
-0.3278877
3.1351998
2.8494213
0.38830656
1.7807868
-1.434327
-0.85523564
1.0291256
1.1614416
0.5104762
-3.5471766
-3.9620795
-0.648297
1.4254992
-0.65334386
0.90213156
0.9793835
-3.5779557
0.949093
0.43002972
3.3131318
3.5046787
-2.260147
0.12647715
-1.5186398
1.0778903
3.5403163
-0.20979358
-1.755956
-0.31395876
1.0883824
1.6230693
-0.35506913
2.100216
-1.5928832
0.3453615
0.43907264
1.5424877
-3.5117006
-0.43988565
-1.4683776
2.982576
-0.17942095
-1.9765712
0.101707436
-3.362842
-1.4571296
0.299312
2.6721487
2.2048614
2.6902993
-1.3232065
-0.5551311
-1.7880421
-2.695806
-2.3305604
-0.7541263
1.080171
-0.8777294
0.43159324
-0.57542145
-2.1768594
0.048243836
-2.7227116
1.3964485
-0.95307946
-1.3921174
1.4330472
-0.06950454
3.8334959
-1.9917402
0.661323
-0.8899239
-0.9731463
0.59042895
2.8874574
2.958347
0.16727059
1.8832932
-3.345755
-1.5265343
2.7149646
0.37237334
0.865849
-4.326706
-2.677691
2.353412
-1.1106622
-0.06946801
2.2417045
3.411875
-0.2531236
-0.6135745
-0.47940278
2.8221467
-0.056189813
-2.2642725
1.712925
1.3118265
4.5339284
-0.23351997
-1.8569355
2.9369283
-1.9691573
1.0849364
1.4135736
1.0081409
1.9622439
0.7610677
2.8284855
0.53103226
1.6665535
0.48144233
5.6145372
-1.8050331
2.0848608
1.3182981
0.25234497
0.061238587
-1.9279728
-2.5294433
1.5095953
-1.6507956
-1.3449808
1.2303985
0.116740644
-0.037314557
-0.57805884
0.43806735
1.7020676
-3.570084
-2.629015
1.9822031
1.606885
1.3952233
-0.39979357
2.1479552
-1.9259223
-2.0359654
-0.02658429
1.2613283
-1.7276591
2.5188005
-1.4098573
-0.7899503
0.67256725
0.27073947
-2.4662595
-0.508555
2.1375823
0.06317201
-0.072707094
4.9411793
1.5103753
1.107632
-1.6014918
-0.16783378
-0.024210833
-4.1599255
-2.3650918
0.59008473
-0.7500593
0.18396685
-0.12508929
-3.6554503
-3.5449164
-3.2808099
-3.4137537
-2.6273217
-3.1867743
2.3085313
-2.527888
-2.0531359
5.3965483
2.3172514
0.07549448
1.9373919
2.8656855
-4.15699
1.321629
2.3425472
1.5167413
-0.55119026
2.2031498
-0.16769579
-2.7908902
-1.1349411
1.5470818
2.156623
-1.0912914
0.14307895
1.2747829
2.3768098
2.2165089
-0.89525187
-1.3232951
-1.8613781
0.65376836
-2.7841084
0.58656293
-2.1218214
-0.7269512
-4.126559
-0.15298823
-1.3225424
0.25610086
-0.8128502
2.396632
-1.0300963
0.7379132
3.055312
0.76468724
3.1300418
5.2186794
1.0799159
1.0976568
1.1337595
3.215215
0.24403006
-1.5467855
-1.337488
-1.0092986
0.846787
0.47431186
0.26897007
-2.2015405
2.6757412
1.6962547
0.49783245
-0.92936987
-0.41648203
-0.7232286
-0.48249778
2.0015543
-2.0990083
4.4301443
0.23277116
1.2595099
2.4031618
0.84889275
-0.32341987
-3.84125
4.2153287
5.3332205
0.2677365
-0.9191155
-1.5078299
-0.61803913
1.1505847
-0.8431625
0.48294878
2.3588688
-0.7935684
0.21383153
0.16827148
-1.3477868
0.42789602
-0.19910362
2.2891293
-2.2681093
2.2830281
0.3651274
-1.2317536
2.1319723
-2.1982753
-1.8686311
0.8927954
0.44239104
0.45786226
1.4179469
-0.65303457
1.5176439
-3.6286614
0.8819664
-1.311093
0.5062786
-2.1964223
-1.53247
0.14275356
0.9060922
-3.4203393
4.456659
1.9130533
0.8867204
-0.7274629
-0.40232483
2.1327095
-0.4052529
-2.722304
0.032324523
-2.22153
-0.9636288
0.71466804
-1.2031885
-1.1525877
-2.5716271
2.058427
-4.8954268
0.5373384
3.5548868
1.8103831
0.14971705
0.27247864
-4.0477943
0.26661322
0.9899642
4.3755407
-2.0842373
0.6907521
-0.5887822
1.5024185
0.522601
1.1445906
2.6870875
-0.6807947
-0.24964923
0.17002866
2.0120869
-0.55615145
2.0666094
-2.0549872
-0.7824324
-0.23027885
-0.16698809
0.92378646
2.1496055
-1.6601658
0.22066829
-2.100295
2.0438862
0.62643933
-0.27522513
1.6973449
0.49568185
2.431192
-0.7130969
-0.54281324
-2.3229969
-3.5433335
-0.92641574
-1.0968311
-1.4332392
2.6291814
-2.2662456
0.7846192
1.9805741
-0.114653096
2.1839037
1.2451233
0.5822495
-2.6978095
3.7599525
-2.3252912
1.6465858
-0.000047765672
-2.794186
-0.4640678
-0.43713534
-0.84095395
2.8724928
0.1590314
-0.41112489
-0.8836634
1.1145378
-2.262581
-2.923954
-2.6296437
-4.462219
-1.2091123
-0.9762185
-1.8314644
0.9478039
0.21487471
-0.113583356
0.31833616
-0.28078866
0.5775277
4.213565
-1.5222093
0.8175687
-0.08055215
-0.33802179
-2.2877262
1.969946
-0.65748364
1.3425816
4.0159106
0.6276284
0.60399926
0.4300378
-4.9817667
-1.0795826
-2.5891504
2.4310727
0.93958557
0.10211568
-1.6374075
0.6669886
-2.7959306
-1.7211185
-0.281345
-1.8010864
1.0399605
-2.740139
-2.3760977
-1.0822655
-3.6296208
-1.6415133
1.7671777
-2.9168882
0.23719674
-0.97172487
-2.9997683
3.5375645
2.8719862
-0.1292496
-1.89191
-3.0155652
-2.3459105
1.6254506
-0.38995388
2.089846
-1.625361
1.2102648
1.5258167
1.325441
1.2698317
-1.0834641
0.78688705
-1.0279902
-3.6807764
-0.59196806
-4.937391
-1.8605777
3.6592882
3.2269194
-3.524656
-1.3978419
-0.30570588
0.8623419
-1.3772593
0.69619375
-2.2624984
-4.081397
-1.041102
-1.9456701
-1.6429313
-5.052559
-2.4898684
-0.5139932
-2.1095445
2.828662
1.732058
1.9124955
1.6047354
-0.3645418
1.4883425
3.3258507
-1.507385
-3.2159026
1.7313195
2.7699919
0.008170821
2.9090738
0.39326262
2.421325
-0.6989137
-2.9536633
-0.3381566
0.20943305
-0.12996042
0.7089267
0.99481577
0.71738786
-2.5003846
4.952338
2.2023213
-2.0175877
0.27466285
-1.5226628
-1.548911
0.045217
-0.8787002
0.6542086
1.3643689
-1.4350052
1.5845106
-0.6913905
2.6163135
1.0217353
0.5379215
-2.8270473
2.0040507
-1.0042135
1.5734286
-3.1481528
-1.3483735
-1.0280234
1.1281203
-2.8360944
-1.2247597
1.6512364
-1.3013636
-1.8225547
-1.9367788
1.7167896
-0.016636338
3.2178283
-0.07039118
-0.08438725
1.1001391
0.010429598
1.4927125
-0.49545223
0.5891724
-0.9732027
0.8719419
-2.798941
1.9949957
-1.9899971
-2.2978866
0.5269144
-2.3518653
-1.6970114
-0.6388562
2.3068469
3.4982543
0.7850495
2.9141715
0.85405844
-1.3077404
1.0976309
1.8213403
0.90304863
0.46187222
2.487159
-4.8864346
0.9529401
2.5375931
-1.3396823
4.6426744
-0.09901884
-1.0221194
-3.7865217
-0.020873144
3.8522055
-3.6457906
-2.2715054
-1.2773421
0.04996202
-0.1406396
-1.9076595
3.2513297
3.214203
-1.6706554
0.06798338
1.3543452
-0.31156358
0.41645947
-2.0003362
1.0059108
-2.3222604
1.0682571
-0.50391495
0.2087657
0.17713419
0.462657
-1.2038901
-1.7118664
-0.72885704
-2.1205528
-1.1328
1.4668422
-2.5009308
-2.4594254
-1.361915
1.6625262
0.77126145
-0.10865331
1.4680285
-4.61729
1.5462276
0.19183746
0.10708144
-1.4603115
-0.9511917
0.40304953
-1.4961514
1.2989191
-0.19615263
2.6863813
2.782938
2.5337262
2.0239646
1.1491352
1.2203462
1.9527804
-0.96422476
0.6487783
-1.2062038
-2.0956814
-3.8802156
0.16878526
-1.3244008
-1.0571947
2.9384265
-2.9501045
1.7979379
3.2622104
-0.6894519
0.46516523
-2.5550892
0.19345468
2.1361766
2.1093137
-1.6277359
-0.93055785
0.51664966
0.10041739
1.2464845
3.4933248
0.66165775
0.46475458
-3.1177254
-2.9126132
0.53213316
-0.6592197
-2.1588056
0.27393335
-0.6719221
2.0858366
1.9816493
2.0142326
-3.8850813
-0.027493246
0.30983403
-0.95291126
0.80930597
1.2739221
-0.20208155
2.658648
-0.63830703
0.35306382
-0.66841406
-0.7617433
0.8643765
-2.4626255
-0.2780884
-0.6255863
0.93078095
0.30011615
-1.672395
-0.16657984
-1.8563479
2.775752
-0.709497
-1.463185
2.966546
-4.6443896
-3.3197455
-2.5438645
0.62830925
-0.95306057
0.12895103
2.0275211
2.1770203
-2.3090305
-1.07006
-1.4511873
0.26761034
0.59297377
-0.48243663
-0.20779505
1.8574795
1.7592748
0.13287248
-0.77865356
-1.0553685
-1.2051543
-0.82828397
-1.5881506
1.3373827
-0.72116184
2.2509649
2.1665416
0.42518377
2.5175974
-1.4156246
0.30822015
0.29795155
-1.347697
1.6997175
-0.65457785
-0.50699365
-1.8494148
1.156433
1.1278989
1.7321883
0.89468926
-2.288571
0.20358892
1.4933801
-0.885931
-0.7872713
1.1205671
-1.3699011
-3.7110891
2.489784
0.6417031
-2.1172874
1.1201569
1.4208424
-1.6195093
-3.2169971
-0.79855704
1.7980323
-1.8753105
0.5820333
-2.8663354
-3.6931868
-2.5609274
-2.1549108
0.007762946
3.3555565
2.107028
-0.48977166
-1.0435705
1.5227159
0.3341785
-4.7294955
-0.25130078
2.768869
0.330838
-0.5271634
-0.24121284
1.2346008
0.03925401
1.5449868
-2.950169
1.9682838
2.7164578
-1.6526475
0.35677737
-1.4126368
-0.6894229
5.1422486
-0.2846365
1.7880217
-3.4488778
-0.60953933
-2.1267712
1.5326055
-0.94283485
-1.6276486
-0.7891127
-0.5881433
-0.68025815
-0.13897544
-1.2752419
1.3215995
-1.7266855
0.9380677
3.9999518
1.8913932
2.337304
0.5973594
-1.0726717
-0.6309606
-0.36283123
-1.871949
0.19605914
-0.5592764
-0.042742487
1.717857
-0.16119587
-0.6429088
2.935801
0.6843332
3.208205
0.5168641
0.29649007
-1.714473
0.5125723
-2.0644116
0.3367892
3.5329025
3.1953979
-0.023814559
1.6144143
-0.7154415
-3.00764
-0.05952183
-1.8483669
5.2326765
-1.3528441
-1.4235938
2.4527879
0.6121489
1.653982
1.5146217
0.09707822
-2.4320173
-2.1212945
1.8286942
3.7630444
0.39259064
1.6506201
-4.0457277
0.35251987
3.2253153
-2.6232533
3.323262
1.3433955
-2.6087844
0.54556566
-0.088070035
2.0481026
3.626158
1.9550822
1.488187
3.342974
-0.12821576
-1.538458
-0.40710634
2.382069
0.079367906
-3.086253
1.7341098
-0.5079899
-2.5854177
2.5208743
1.3962089
1.1525574
0.44314516
-2.936167
-2.6814203
0.43742344
2.688827
2.7316597
0.6804614
0.91473967
1.2414124
-0.7040165
-0.24162823
-1.9193035
4.229526
-0.10894197
1.3431937
-0.7436813
-2.2696598
1.6815239
0.17183149
-3.2406268
-2.2496476
-2.8094196
2.294125
4.0284805
0.24052928
-0.45954132
3.1687064
-1.951728
3.5616899
-2.4044871
-1.22491
-1.5020436
0.30439648
-0.26326483
1.9079818
2.4345083
0.9264328
3.0975618
1.0985843
0.731597
-0.73404026
-1.6877615
-0.7060393
-2.0424523
0.6545854
0.5712893
2.2501206
-3.205155
0.6501129
2.8952005
-1.0566791
-3.7827785
1.3181138
-0.6233846
1.5341926
-0.49380141
-1.2475344
0.61708254
1.6745412
-1.6807446
0.08809363
-0.49385133
0.15118042
0.16937518
2.5306244
-0.46635294
0.681385
1.1972879
-1.6982266
1.4730219
-1.1044782
1.1908244
-0.8263602
-2.6131647
2.680844