Neticus
5
-0.3313205
-2.8002334
-1.0379825
-3.1308253
-2.2599895
-0.7125405
3.5438364
4.702462
0.6104622
0.21860829
0.13247915
-1.1918304
-0.7976353
-2.0830998
-0.04819394
3.548671
1.4469533
3.824787
-0.76193696
-2.1508057
1.3463213
-0.36383337
0.96356076
0.9375279
-0.8725802
1.5392963
-1.9298344
-0.0595285
1.6761303
-0.69839525
-0.15497002
0.4615692
1.2932874
1.5486752
3.8925664
-0.40025094
0.26523265
-1.1873019
0.7085892
-2.17244
-2.0048823
-0.8607561
0.23203649
3.3938425
-4.403969
-0.9287277
0.3520304
0.87405604
2.8442633
1.2486386
1.795049
-1.7215691
-0.52028966
0.43569383
2.4945443
-1.2241516
1.2258871
-0.8049137
0.17296702
-1.0306022
1.6813949
-1.9608696
2.5152624
1.1678972
-2.0023432
1.501219
-3.6379368
2.1955192
-1.9202543
-0.8864607
-0.5577804
-1.0679219
0.24236922
-0.25183284
-4.531538
0.16324832
2.7314768
0.083096765
0.7342694
3.3626523
-2.3791568
-2.5160942
2.1101413
1.4076716
-0.6907276
1.1179191
3.140818
-2.6394448
2.5057864
-1.227381
-1.4939413
-0.21478401
-1.4836261
0.57996666
-0.73772067
-2.5307844
-4.518554
2.8081958
-2.580628
0.94715124
1.5775901
0.44635794
-1.3619033
-0.24891612
-1.8446248
1.1562089
-0.83183485
2.825811
0.39281857
1.9472173
1.6954168
-0.104354635
-1.0821285
-0.9704679
-3.2366548
-1.0921715
-0.9482733
2.8135412
2.5286689
2.9469426
2.9849753
-0.13738734
1.897374
1.0868706
-0.10319144
0.16533951
0.23075332
3.4773242
0.014749557
-1.0321723
-2.138082
0.9181823
1.6257243
-1.3058074
2.2601385
-1.0930268
-3.2352335
-0.27952194
0.7938918
-1.6103047
1.6266141
1.9918867
-0.07717044
0.1715284
0.47740406
-0.4146265
-1.3629707
1.1386812
-4.1449265
-2.4738457
-3.3902075
-1.0481572
-0.71130365
0.26122957
-0.5854947
1.7152267
-0.34694526
1.3392788
6.0364885
-0.5576512
0.93237454
-0.99983996
-2.6498563
1.6596122
-2.7412233
2.1423542
-0.28734225
-0.21318308
-0.35583234
-0.92690665
-3.42421
2.610481
-0.84355557
-3.084107
1.3796791
-1.8259465
0.6589367
2.2223718
-0.8055791
-1.0214354
1.2264032
0.2502198
1.7890513
-1.4180149
-1.0097015
0.77398837
2.127078
-6.4988313
0.06813655
-0.14531332
-2.014655
-2.0476785
-1.3029141
4.802037
-2.6365275
-1.4376478
-0.285742
-0.1488097
-1.3297256
0.6876158
0.8526225
0.067020565
3.7421308
-2.4326134
0.3790056
2.0434632
-4.234562
-2.4407818
-2.962992
3.856387
-3.4840162
-2.470739
0.17950529
-1.1945275
-2.046408
1.1464461
-0.901962
-0.43430647
-0.9886731
-0.50993145
-4.754217
-1.4538267
-1.2212415
2.7265704
2.8226514
-0.08474102
3.0289748
0.22805236
1.5427703
-3.1293592
-0.83356816
2.3344047
0.7554572
-3.0847769
3.6991007
3.881473
1.8615677
-0.9810995
-0.027428985
-1.1759952
0.30452728
3.0125175
-2.4596078
-0.14088818
-2.5340302
4.021469
2.6360226
2.1441767
0.33227634
1.431174
0.10157482
-1.0698826
-0.19382308
0.45098066
1.726372
0.31744653
-1.9878609
2.5762827
-0.10389431
-3.286013
-1.2099138
2.9528952
1.5847347
0.5589401
1.9987955
-2.21864
-0.22703311
-2.0379188
0.70366985
0.9008264
0.1968835
-0.81771547
6.300132
0.6257187
2.3998313
3.524398
-0.2741259
0.042580828
-1.3278234
1.7062968
-5.3813305
-2.4761739
0.05478864
3.9501052
-3.365563
0.4264652
0.9497521
-1.195622
1.6291711
0.81651115
0.6173216
-1.014661
0.09756041
0.105386175
1.3488879
1.1907195
-1.3134637
1.5841548
2.9041848
2.4913468
0.8397881
1.9163089
-2.1599212
3.365556
-0.28131378
0.97627723
0.7897632
-0.103528686
-1.9564338
1.1267439
-0.3819404
-0.4486652
3.1336687
1.234156
1.986874
-2.2995167
1.0903896
0.73955613
1.7353709
4.592575
1.481228
-0.14989308
-0.7543389
1.0427603
4.083071
-0.23460221
2.5682275
2.3659484
-0.522328
-0.40037304
-0.4612004
-0.1895107
2.2509663
-0.5631745
0.89092785
0.87799495
-0.31210625
-0.008301821
-0.99824995
-0.80043465
3.9837964
2.7796433
0.43708947
-0.35476395
-4.102526
0.3208951
2.5110729
3.5502264
-0.78187954
0.49890265
-3.8783827
-0.121268906
-1.4727771
-1.2995523
-0.23716678
2.1455598
-2.241444
1.9862849
-1.5992423
-1.2462227
-1.1288148
2.5905485
-0.00021335483
1.4580885
0.91603416
-3.1551144
2.8289866
-1.2730267
1.6059967
1.5670279
2.4652905
1.5733471
0.8392998
-0.18443438
2.029939
-2.0730782
0.21692938
1.046766
-1.9960964
2.8857207
-1.964995
0.8956553
1.9698707
0.7530001
-0.27482152
0.95746607
1.1585312
-1.2286425
1.400388
2.2520075
-0.6689428
-1.8587615
2.0809155
-0.048608527
-1.0024894
2.5023446
-1.2032579
0.6073113
0.12692548
-2.8658457
0.30300906
1.8020749
-2.9616761
0.074827045
0.051942445
-0.51070666
0.52661353
1.949782
-0.12925924
-1.4494228
0.40893435
-0.80791503
2.503284
3.7986686
2.321639
0.27348617
1.1791667
3.7949388
3.6979432
-1.9276602
0.018321775
-0.8344446
-1.2876775
3.4712396
4.2301245
4.263722
-0.87269497
-0.18340997
4.853719
-0.79865694
-1.5643398
-4.361164
0.46784973
2.1144643
-1.1328785
4.3949323
-0.6539267
2.5023966
-1.4338309
-1.6957195
-1.7416136
-2.0507026
-1.5365455
-0.8271917
0.7891104
1.9973694
3.2819405
-0.21992463
-1.187957
0.59962267
1.1802491
0.8215914
0.061778672
-0.5845206
1.0872947
1.7230282
-1.7450576
1.0191565
-2.7007675
-0.2836801
0.12980092
-0.47438985
1.062788
0.09245259
0.34314543
0.28185782
1.5883113
-0.77234715
0.4310155
0.5130359
2.07857
-2.193735
0.06289079
-1.4798303
-1.3984139
0.074894786
-2.042548
0.37156454
-2.3029263
1.3960537
-1.4153696
0.7728994
4.0383115
-0.41487506
0.39337903
0.60259557
-0.094863966
-2.5103312
0.5664312
0.3024381
1.4272717
4.4414754
-0.12759927
-0.11814137
0.5907079
2.5152497
0.20854555
2.4107764
-2.1419845
-3.4570417
0.28393242
2.1274948
-0.5280513
-0.6386753
-0.26141715
1.7324791
-0.6524429
-0.2954604
2.081735
-2.1001837
0.7928478
1.6738743
0.056129143
-1.7456932
-1.7245517
-0.5702179
-2.0641136
0.6452158
-1.1745541
-1.449718
-2.1569731
3.3342388
-0.61094725
-0.7007577
-1.9901638
4.180957
-0.6792575
1.6086555
0.6823627
-1.1901846
-2.5618026
0.79404515
0.044446103
-1.730432
1.2300706
-0.94934607
0.06620985
0.74571663
0.18298647
-0.2095457
0.30645812
-1.9802614
0.081247404
0.35999155
3.3996
-0.7127509
3.0670626
0.33955634
-1.5311306
1.2306733
-1.6723598
-2.4661083
1.6636314
0.84452975
3.0426974
0.5704469
-1.9375451
-0.31915155
0.9057005
0.27432787
-1.1351553
-1.7011578
0.59136885
1.0408204
-1.3969108
2.3917422
-2.294204
1.9908841
-0.54384106
0.72942704
-2.7504845
-1.272241
0.3782244
2.4554465
2.8782744
0.48999813
0.5494729
-2.022068
2.155957
0.7445166
-1.4389861
3.070729
-2.3477783
0.72911197
-0.034767117
0.87914073
-0.2125477
0.7037054
0.08399776
5.38455
-0.58253765
0.3856623
1.3666658
-3.3083785
-0.4897021
-2.1786625
1.0642761
2.8526397
-1.4660217
2.1695995
-0.47739342
0.95455104
-3.0053375
1.9451003
1.0295547
2.779687
1.2281574
3.1655047
-1.4203483
1.6813112
-1.3829057
1.6772605
-0.631722
-1.3421845
0.09197632
0.02048774
1.5410275
-3.7526088
1.5256435
-0.95395005
-1.2178692
-1.7102805
3.1769388
-1.5498667
1.3919139
-0.16124369
1.757498
0.46706212
-0.24262558
0.20800245
1.031267
2.997278
1.4224395
0.9368242
2.4119897
2.5915022
2.0729103
-0.93759876
-2.1098433
-0.06706535
-1.5598034
1.2878307
1.7497772
-1.5942918
1.7977964
0.32837126
2.3218806
-0.45500904
2.1671066
2.1052973
1.545518
0.839519
-2.255887
-0.008733861
-3.6778696
3.266531
1.6291647
0.17987502
-0.46176487
0.51815045
-1.4098018
0.5957235
1.638785
-3.7936275
-2.7738366
1.8143852
-1.7560166
-0.7643867
-1.4093627
1.3984815
-1.2432045
1.7581424
1.8854828
-0.28176838
0.8469336
-0.5925699
-0.26307446
-2.339895
-0.9085812
-1.3142692
5.0444365
-0.66810614
4.391992
-1.6971362
0.7889173
1.4349686
-1.6546439
3.5905356
1.8207548
-0.37495396
2.6368635
-0.32810068
1.5981845
4.617679
-0.4413034
-3.3989563
-0.87097764
-0.49628794
0.65320563
0.4431972
-1.5515871
2.7937908
0.38907903
-1.9658082
-3.00136
3.4782147
-1.1088483
1.934871
-1.0368034
1.0074627
3.1334436
0.7127643
0.3591769
1.6747433
-0.056921825
1.5092286
-0.0890852
1.5972991
0.5389041
-1.5010716
-0.3718591
0.27186677
0.38465685
1.5942447
3.4761572
-2.2667725
-1.2955446
-1.6925534
0.008688256
-0.4899599
0.024328873
1.964796
-1.8741406
-3.0353148
2.4833488
1.2667869
-2.3965054
-2.6313484
-2.1879752
-1.3641845
-0.863793
1.0137784
2.0796976
2.5027533
0.48778334
1.5044808
1.7260004
2.7052426
1.4264908
-2.4661934
3.6147485
3.026363
2.883669
-1.4866242
1.3498242
2.255133
1.1322198
0.41791642
0.39924565
1.8175876
-2.5963922
0.13056523
3.6901784
2.021257
-5.066648
2.0678296
1.1703802
1.1435827
-0.0010765828
-1.2562121
-2.5779889
-2.498552
-2.6773226
-3.7470329
0.66211843
-0.6859675
-0.019865245
-0.9873789
2.2766604
1.6504608
-1.3390026
-1.3077769
-1.1588607
-0.47136176
-2.3100264
2.863382
-0.15664381
3.214777
-0.83960474
0.89798385
0.014205694
-1.5582628
-0.6972652
0.18804318
2.6109364
1.0921005
-0.015874326
0.112456575
1.1354623
0.06825018
-0.5974416
-1.6869422
0.8078976
-2.7181115
-0.62109554
2.1593137
-0.06502267
-0.26461893
1.0098927
-0.9352644
-1.4980845
0.8436756
-2.093571
-0.46923047
-1.791721
-0.56015706
4.042413
-1.8049906
-3.2113197
-2.9192095
0.6133732
1.6133628
-0.21332926
0.86758065
0.40069592
-0.39156356
1.5847626
-0.5839781
-0.06344902
-0.8354889
0.6644638
0.78522044
1.8043274
1.4026912
1.6463447
-2.769853
-1.1407824
-0.16388607
0.06276117
-3.1948225
0.61345905
-2.3447058
-0.19179536
-0.93835604
-1.4633392
0.3489106
-1.7373624
3.0593426
-0.87529993
0.61339825
-0.4889514
1.8693987
-2.0517426
-1.0136179
1.2284775
1.579759
-2.0561817
-0.031259462
0.375382
3.2702723
-2.6985285
-1.5793473
1.6524585
-1.8428535
-0.09364726
0.21062317
0.16243571
2.038734
1.298946
-0.05611214
-1.3279247
1.3429197
2.2347455
-2.371713
-2.8406816
2.3149054
-1.6671408
2.2542944
2.1551094
-2.9390078
1.9808509
2.4716902
2.384673
1.6057944
-1.8995448
0.15013577
0.43990335
0.6490035
-0.17853652
-0.115089536
0.56072503
2.1072428
-2.7577069
1.0050237
1.4915385
2.4111814
0.19026005
-1.1802365
-1.2992444
2.940891
2.7377288
-0.052375466
-3.3637006
-3.5912123
-2.6464927
-0.71369964
-1.6534698
0.60620594
-0.52291137
0.75810146
0.60515386
0.20763811
1.0472822
-0.34140745
-3.85884
0.5872738
-1.3223335
-0.4556117
0.6645248
2.1097348
1.4659643
-2.4598253
-1.8746914
-1.4042505
1.8257594
2.982095
-1.6766238
-0.5953012
0.83220434
-3.5888357
0.6947852
2.9056761
-0.5123362
-0.2748731
3.0258975
0.5832254
-2.5392866
1.4994788
-1.8993016
1.4174958
-3.7185817
-0.8811006
2.1383758
-1.6113533
0.9773594
4.040583
3.0323536
1.5555378
0.17695254
1.9409317
-2.129729
-0.6400419
0.4720317
-1.0408965
-1.4829739
-3.5482204
0.10064853
5.2787304
1.369676
-0.82457834
0.008337781
0.101706736
-0.32461402
-1.0341936
-1.5858285
-0.65090764
-0.98500973
-1.2216983
0.77792007
-0.31643572
0.5601073
2.9642417
-0.46162117
5.0154414
-3.5160608
-0.41935617
0.4016362
-1.3352069
0.47231108
-1.6825767
1.0863688
2.5190167
1.3147235
-0.20756137
2.1530938
-2.0657616
-1.3006638
0.038301885
1.8441283
1.700635
0.813178
3.7166195
-1.20004
1.0996127
-1.1286864
2.5570884
-0.84191227
-0.77337956
0.8347307
-3.0141473
-0.47180757
-1.432965
-0.782972
1.7777039
0.9681003
2.9778266
-1.176189
0.97253966
0.47991717
-2.3146741
1.5555367
-0.5962765
-3.3514493
2.3660176
-3.7009306
0.14729443
-1.3860564
2.1695046
-0.32497734
-0.53773415
1.2082046
0.20781118
-3.840181
0.6603293
-3.433665
0.39275858
1.3692759
0.16913128
-0.14155239
-2.0936959
-1.1505122
1.4459006
-2.0461206
-1.0840538
2.8315108
-1.8987877
-1.1952782
0.6199119
-1.8006226
-1.8790401
-2.9250355
1.1860282
0.8890113
-0.25449777
0.4878108
0.04173454
0.5701815
2.3821504
-1.9129804
2.3031762
0.41060013
0.73783594
-1.8083206
-2.678725
-5.2008986
0.7084638
-1.6307507
-1.0475686
1.5400954
-0.2938228
0.5424182
-1.4240423
0.03205207
-1.0241127
-0.032901354
3.6348097
-4.223363
-0.70002776
-0.15423737
-0.80525655
2.6931822
1.2533839
-0.9057533
-2.4496057
-0.3795126
-0.81827825
4.192166
3.4196172
0.84004515
-0.18712267
-0.027557451
0.61046374
-0.17909113
1.826562
-0.005909674
-5.9157076
-1.556179
-0.97233605
-0.20511879
0.9672267
-0.5566936
1.1255072
-1.6913668
1.7725521
-0.8050435
0.46845976
-1.439428
-0.33058158
0.50335926
-1.838247
-3.1145551
-1.7041708
-0.6930841
3.316617
0.7542699
-3.004011
0.28843766
-3.0970826
-1.2537311
-3.7116387
-0.6832644
0.44942114
-1.6329266
-0.6544006
1.3103292
-2.0035427
-3.6216533
0.5687814
2.907928
-4.6788254
1.8656652
0.4158158
-0.7092589
3.5739849
2.0997305
-1.9431823
2.449574
1.3991884
-1.6845692
2.2999814
1.3588651
-1.4890612
2.4089863
1.2867333
-1.4857401
-0.30553344
1.6967342
1.3495455
-0.99681914
3.8318849
2.4373293
3.821461
1.978225
0.35093686
0.84946036
-1.0679626
-0.7894865
0.91951084
-1.2414632
0.24069653
0.72499645
1.9532361
0.15922502
2.0918934
-2.9140284
-1.0769899
-1.6234636
0.81409574
2.0895326
0.6410231
-2.2206354
-2.484321
-1.6951993
-0.61409783
0.20269641
1.6184477
-2.6448488
0.39176083
-0.7842918
-0.41393238
1.3073044
-0.55207086
-0.2683963
-1.6635954
-3.1980727
6.2519836
-1.9994353
-0.9817366
3.9673133
1.9409463
-2.0802937
0.9164747
0.30846432
0.6793463
-0.23021112
0.47453427
-0.31172204
1.9272138
-3.1939116
-0.24536681
1.9981132
-2.7206464
-0.8287598
-0.34796724
-0.6549955
-2.9238203
-0.14732021
-0.9612976
-1.5290247
2.3977716
2.1197817
1.6138446
2.3797998
-0.14583737
2.6534283
-0.3113882
0.07533525
1.6112847
0.5965848
-2.1344163
1.1826526
-0.45332944
1.2393628
0.14696264
1.08273
-0.7315471
1.5020611
-0.09394365
-0.9233244
1.5928029
1.3960904
-0.40767452
0.90336996
-2.7742584
1.3297304
-2.4296172
0.98308206
1.1490238
-0.4374152
1.4747193
2.917876
0.67927086
0.37660336
-1.3783662
0.77551806
-1.0838698
-1.9202954
1.0137814
2.4509063
1.804104
-1.0489504
2.0670989
-2.6486678
0.5251781
-0.72645724
-4.8149734
0.11219942
2.2329588
-4.059048
-0.01140631
-1.4548867
4.021638
1.0073293
-0.85770637
-2.7046452
-1.431411
-0.36209136
-0.25479347
-0.40003213
-0.64761066
-0.83471537
-0.3762573
2.2915056
1.2563428
-0.18411812
-0.89122427
-2.1949878
1.2323855
0.4299243
-0.77770615
1.2467614
-0.92863435
-4.767602
4.372502
2.6137192
-4.817281
1.8872538
-1.2130148
-2.0920105
1.0842059
-0.8399058
2.159924
1.2161154
0.06772468
-3.8482807
-0.9537434
2.6488545
1.3004502
1.6968137
-0.7436811
-1.9031657
0.3483507
0.011647806
0.49152493
1.1981828
-0.37628487
0.42614195
0.66794616
-3.9690933
0.6806293
-0.97734916
0.38207072
3.2123704
-1.280279
0.6904708
0.8909935
-0.7876409
3.1764681
2.646115
-1.4136678
0.8250704
-5.610619
0.8774684
-0.27211767
-2.000545
-3.6962702
-0.59568065
-0.013022244
0.58606404
0.12871268
1.6491109
-1.3550237
-1.0145608
-2.4756312
-2.9766886
0.17182884
-0.5988205
2.8037853
-1.3094664
-3.1055923
-0.34836733
-0.9154433
-1.2895755
1.7411504
4.259461
-0.18492317
-3.955319
-1.5801996
-0.31430095
0.0471607
-2.4743178
-0.2733557
4.5881658
3.6210432
1.360606
0.4102896
-1.3993149
4.444451
1.1380165
-1.199303
-2.0911448
1.3681056
-4.579012
0.73866343
-1.570362
-0.26653594
1.1105077
-2.0386424
-0.49117252
-1.0218273
0.050829917
-0.66089684
-3.9747636
-0.025871262
2.186197
-0.72882205
-0.25778437
0.71772367
-1.2209436
2.0138063
1.6055667
-0.4931981
3.9856932
-0.20991203
1.5212045
-2.6460013
0.5825122
1.7475994
0.8404545
-0.78584844
-1.9362351
-0.41644108
-1.2668078
2.041199
-1.6639467
0.46722004
-0.6375136
-0.74040365
-0.73829234
0.98566616
-2.9978795
-4.0170484
-1.6879079
2.0083134
-1.3931309
0.4681686
-0.9966462
0.1987291
-0.72402936
0.40903196
-1.2862554
0.7356542
0.52740806
-1.4218874
-0.23157844
2.2794163
-0.98688596
1.6192156
1.031901
-0.77191263
0.41738915
-2.0153942
-0.2261548
0.22857672
-2.5705917
-0.53467226
-1.2473851
1.4906646
-1.5878913
-2.979356
-2.840573
1.4545286
0.71337914
0.68096584
1.4603012
1.4440428
1.0440818
-4.1267853
-0.06648155
4.69743
-1.2719839
0.3832155
3.0863595
-1.8580533
-0.68202436
-2.2646828
-2.9275868
-0.91170925
0.6637486
1.7892512
-2.113097
-1.3736101
2.7848577
0.19654736
0.9319711
0.5553265
-3.244129
-0.112577744
-1.5424788
1.0048325
0.15557207
-0.7385535
0.9521692
1.6826423
-2.3650126
-0.88669866
1.5041722
1.177446
2.454245
-1.2551935
2.5797265
-0.16916472
1.8819134
0.5141952
-3.6775575
-0.9527064
2.0993438
-0.038493235
-1.1171501
1.5563593
0.47567263
0.7846935
0.69872963
1.3246108
-0.6657887
-1.8116459
-0.5395528
-0.2147038
0.37796277
0.4368264
1.0126488
-1.3158149
3.7994957
1.9181551
-3.3022606
-3.8402162
-1.973044
-1.0122724
3.485635
0.31870204
-3.1104991
-2.94927
0.5558041
0.06862249
-0.39269182
4.4735503
2.2440875
2.4040775
1.3160855
-1.8795574
3.8113148
-1.6975594
-2.031692
2.6005156
-0.07983676
4.217072
-0.33720812
-2.4381673
0.19792
4.2371607
0.96707016
0.9628693
1.2467926
-3.273917
3.3631911
-2.248598
-1.2755489
2.1854239
-0.95115197
-2.7411456
-0.7197858
0.86243176
-1.437708
2.5001163
2.0388992
1.2361746
-0.38423413
-0.09162588
-1.0766288
3.800456
1.367679
-3.0602605
0.52558905
-0.06638684
2.3165412
3.0067465
-2.2595012
0.10926393
0.10831083
-1.0716337
-3.0287402
-2.0463648
-2.493782
1.0961133
0.5855345
-0.75345254
-0.47899842
2.8390558
-0.35599267
-1.6229824
-3.16275
1.752822
-2.4114847
2.2896366
0.7753091
-2.2259538
-0.22194904
1.7428418
2.0922618
0.6356503
-0.61983454
-0.8064687
3.41761
-2.843436
3.1554348
2.1575634
1.9223073
-2.4396856
-3.4879267
1.0614449
0.95392114
1.9000866
-1.3482575
-1.1705761
-0.5477333
0.17226516
-0.49762776
0.9863056
-1.3645362
-0.67240953
0.69141424
-0.3623557
1.0533471
0.5563648
2.0073164
-1.800871
-0.30168265
0.16720247
0.56944853
1.5086161
-2.6183467
1.7098788
2.3566403
0.5775755
1.7084266
0.5979004
0.4579842
4.0083666
0.7825539
1.726258
1.1810731
0.054158524
1.8417938
0.17076322
0.84472626
2.1494212
-1.4992027
2.422125
-4.755715
0.33578536
3.0298092
-1.1369034
2.4956908
-1.817478
-0.09443819
5.432096
1.8970733
0.02146487
0.25543705
-0.82742274
-2.4317455
1.0028156
-2.3175929
-0.38285547
2.2556303
2.932451
-1.1159017
-4.380615
0.025223307
1.524426
-0.27137333
-1.9923413
1.0908266
-0.4815268
5.0724587
0.3450022
3.3956943
0.14824656
-3.6520362
-0.024406143
1.7131764
0.39963472
2.00204
-0.90734607
2.9226105
0.60291225
0.30516744
-0.73311496
0.94604975
-0.87859786
-4.057929
0.008753389
-0.3198344
0.90965724
0.095431276
0.53696305
1.677976
-0.42930704
-1.942738
-0.43276262
-2.5899732
1.1869465
-3.4966583
-1.7082195
3.5864954
-0.0058726
0.7252292
-2.3124614
-1.2599882
-0.43932092
-1.0248432
3.2248807
-3.5220466
2.17485
0.84868807
-0.4103798
0.16977698
2.0419927
0.38416964
-0.89995563
-0.56376654
0.009102941
-1.969368
2.0985034
0.7422582
0.26538393
0.27362055
2.0280852
0.45715678
-4.937066
2.2735815
0.36556408
1.1304572
1.6491975
2.4812381
1.7932668
2.5933006
-0.8885241
-0.6380293
0.131919
1.7551845
-0.4053348
0.5670247
-0.61732244
-1.8592451
-0.6165654
0.78987527
0.32163095
4.006968
0.8628221
-0.61352557
2.31935
-3.7322314
-0.057859797
-1.6428826
1.098196
0.9835132
-3.3087673
-0.37460873
-1.6599436
-1.393935
-3.2820764
0.9625444
-0.07177446
-2.0316918
-0.7617349
2.3076556
-0.43953913
1.9586402
-2.4196277
2.2592351
-0.8358697
-1.9787161
1.8836199
-0.5291262
1.2314416
1.2855939
-2.9690168
-0.5941422
1.8746791
-1.4214482
0.8119004
0.017998122
-2.3804045
1.8819816
0.8517836
-1.3857921
0.9651696
2.0156548
-0.7775866
-3.06145
4.368102
0.5008695
5.2926235
3.438318
0.0043243095
0.177214
-0.36427492
-3.5013492
1.2887621
-2.2079468
2.2493088
0.05850289
-2.1835818
0.37988824
-0.8140497
-1.9215441
1.4114102
1.043213
2.1895387
1.1770462
-0.14925283
-2.7706757
-0.55199474
-3.4038777
2.1017795
-1.0217321
-1.3999186
-0.09145422
1.9680517
-3.7056441
1.7798295
0.5811412
-0.9317132
2.1250932
-0.8516633
0.7275895
2.0072842
0.46356034
-0.3641302
0.04186037
1.6603402
1.9247214
-2.0439577
-4.203554
-1.8004903
-0.83231294
-2.1717508
1.3401811
1.9541816
1.8759296
1.2673866
1.6193104
-0.8756815
2.0193944
2.319373
2.4125047
-0.050378334
0.39666638
-2.330243
-0.6367172
1.069183
3.3094835
0.85506016
-5.7081404
2.986886
-0.023496054
-0.44664085
1.6178129
-0.8401634
0.96211565
2.5579252
-0.58498186
-0.46750605
-0.6006005
-0.25937766
1.1255122
-1.2137991
2.0766866
-1.32234
1.206803
-3.575284
-1.4437839
0.16467717
-0.28294665
-2.107937
-3.0302222
-0.13125518
-1.3688282
4.743432
-1.2491773
-2.5584106
0.5024673
-3.0943651
2.0381825
0.6356
1.8733286
-0.628983
3.7093585
-0.5038565
-0.90428656
-1.4143701
-1.376454
3.3136084
-0.8676564
-2.748588
-0.71356606
-1.7066835
3.1099079
-1.029221
1.2241775
-1.5244768
1.8766783
-2.072307
2.1808796
-3.4315045
1.4055617
-1.5950742
1.7165676
-1.3829672
-1.3542374
-3.5019984
1.6685226
2.7167232
0.16439995
-0.33593747
2.413239
-3.164322
2.717451
-1.0797592
1.7465069
0.86061394
-0.33149746
0.4928292
0.20520398
3.5444279
-0.63829315
0.46091723
-2.5261536
-0.24231082
-2.4986656
-0.11067521
-0.63061386
-0.22326276
0.32650232
0.95933086
1.5990229
2.795967
0.62987113
-2.418093
-2.5464306
-0.6682347
-2.1050742
0.24983266
-0.7718579
1.8788649
2.0148885
-0.7203252
-2.2459583
0.07434486
0.7973304
0.63215834
3.2140586
1.1451709
-3.6208076
2.0696847
-3.5305598
-0.17605978
-0.35770553
-0.6598738
1.5158995
0.48148927
-0.5166128
-1.1137472
3.7139258
4.370174
2.669205
0.02019111
0.7518265
0.44750458
-2.6470973
2.1975799
0.23317192
-0.59999794
1.4254547
-1.515748
1.2850639
0.09321087
-1.608324
-0.34071672
0.28675854
1.4895865
1.3028547
0.25372612
-1.3900292
4.0397453
-4.482493
0.07001369
1.4097307
2.3160093
3.64393
0.9858267
1.8548232
-0.6174544
-0.44140792
-1.3630332
1.6565235
-1.7962911
0.06186933
2.2729704
4.665421
-1.1368669
0.3996616
-1.4876353
-0.28722063
-3.2113786
-2.1392574
-1.0240852
-0.4029824
2.175014
-1.2190773
-1.8826629
1.4011388
-1.6139363
-1.9207175
1.7939591
1.0120052
3.1622465
-4.0072823
-1.5317787
-1.9537022
0.7813839
1.9770879
1.868139
-0.15510917
0.02327592
-0.41311473
0.024745837
-0.7323167
-1.8555219
-3.0159578
0.73235357
-2.192744
-1.0089207
0.30275694
2.523558
2.9359524
-1.2889682
-0.07875598
-1.6450962
1.6554135
3.2881866
0.8084242
0.23893787
-0.6738442
-3.108544
-1.3260325
-3.3299682
0.7656935
-1.08817
-0.8029942
-3.8990939
-1.901408
-2.6477728
0.8678393
1.2890931
1.5836315
2.0650456
2.2902238
1.3531047
-0.15949138
-0.6386173
2.7308366
-3.375128
-0.061663702
1.7323052
-1.2467649
-1.2316375
-1.0614485
-1.9963713
-1.5832908
0.4461512
0.8345296
0.25103903
0.24675202
2.428308
-1.6079472
-1.6621157
3.1334562
0.5931866
0.12354659
1.3683205
1.5079658
-0.8338069
-4.2177153
1.0850996
-2.770558
1.1133436
1.6815414
2.7901218
-2.8012693
0.8997689
-1.1546024
-2.8838513
2.273622
-1.7088856
-2.8801794
3.2201443
-0.041494153
2.135379
0.56354797
-0.54879224
-0.4294865
-3.7660787
-0.8428667
-2.4622545
1.5054731
1.6297802
-2.498443
-2.127855
3.2715235
0.10747955
-0.9812298
0.34054592
0.7511738
-1.8297749
1.2684464
-1.4066885
-2.464027
-1.0656513
-2.6486726
3.2723923
1.2676258
-1.7942661
-2.0390253
1.0370595
1.265015
-1.1438977
0.13341165
2.0571854
0.28752524
1.5694336
0.4124285
0.81512976
-0.7696373
-0.38429722
-0.47685444
-0.07786504
1.2161636
-0.40297255
-2.7826211
2.1787088
2.697073
0.48225054
0.29119724
-0.9399667
2.8068824
2.6014142
1.0167607
1.0605941
-1.4037511
1.8031368
2.118941
4.0586944
-1.56865
0.36936724
-1.1186808
3.6043532
4.0757575
1.0332992
0.8791566
-3.0972695
2.0579498
0.43683672
-1.1962415
-0.048447397
1.517369
-0.43510193
1.0348742
-2.2939873
2.23588
-7.583842
-0.3963063
3.006433
0.62349415
-6.2568703
0.20922422
-1.0869908
2.047967
-0.7971537
-0.78217685
0.9937309
-2.7727783
2.2380137
0.37380427
-2.680759
-4.2878947
0.11618902
0.13064796
0.4698694
-3.5624557
0.11952605
0.10000735
0.115343586
2.062028
2.8156238
-0.8589705
-2.8035114
0.4059194
-1.0398045
0.69801897
1.3347099
1.9899496
1.5194592
1.9363147
-2.150773
-0.69697326
-0.6063582
0.30011293
3.5582821
-2.357398
1.145608
-0.07685868
0.98261154
-0.30770957
2.7111027
0.47684568
2.2291899
1.2831593
-5.6028175
-0.03450588
1.1659187
2.7724767
-0.28802544
-1.2242978
-0.0021952912
-1.8421179
1.4376493
0.074850366
1.4537718
1.370047
-0.133702
-1.5541391
2.2781715
0.6638284
-1.6062298
-2.937186
-0.7644224
-0.25784647
2.3531613
-1.2334814
-0.79975355
-0.43352082
-2.4340782
-2.360775
-1.286275
-2.2559059
-0.9234708
3.6749396
-1.0473459
-1.8704087
-0.8464232
-2.0221312
-0.3330775
0.08453961
2.5326126
2.6357083
-0.39021635
-0.9365128
1.9851005
3.4252963
-0.8364758
2.8583713
2.3591936
0.3196875
3.2737713
2.4706473
1.8656281
-0.05619224
-1.1046268
-0.022370152
4.458406
-2.3973901
1.7480989
-2.979156
1.8944099
0.66523707
0.4377183
-2.0361643
1.3011683
0.5319948
-1.6784167
0.4111622
2.1525621
-2.0374672
0.27057162
1.1667582
-0.271721
0.9047694
0.44220567
3.3106775
1.4713758
-0.24870652
-3.1254184
1.6775292
-0.16397935
-1.0124549
1.070942
1.6319345
0.47021592
-0.32893288
-2.065103
-1.6676806
2.3470027
2.6526194
1.1424998
-0.27149767
-1.7064359
2.9010684
0.5792181
-0.6695097
0.42451605
2.0398679
0.55511385
1.0227377
-0.11042989
0.2011666
-2.5994651
2.9382403
-2.016976
0.60854256
0.29062945
0.13229734
1.5838397
-2.318954
-0.3537147
-0.7082678
-3.2370992
-0.66273254
-0.5947974
-1.1763455
0.0918803
-0.8926882
0.7850472
0.63907707
1.6477898
-1.6176211
-3.5489519
0.19802788
0.78357637
3.310112
1.2501503
2.4817903
-1.6558405
0.31957752
1.0652481
-0.17673212
-0.76479626
-0.88825965
0.7718358
0.91705316
0.5834019
-3.050025
-2.3104904
1.150059
3.6679275
-2.2886145
1.6366016
1.0724889
-0.9009884
-1.1229398
1.7787371
-2.245857
0.16569659
1.716401
0.1275098
-0.8060694
2.8289578
1.7442763
-0.10913166
-2.3839195
-1.8981345
-3.259466
4.260081
-2.713241
-0.43043852
-0.20026301
-1.7445219
0.7776278
-1.0301757
1.7300595
-1.0619178
-0.26594013
4.7807674
-1.3675393
3.7078996
0.2998609
0.034564093
-0.88249964
-2.4549155
0.3603139
2.3017578
0.5223979
-2.5850673
-0.47775197
-2.4709587
1.0621172
-0.2281279
0.3399188
0.9950696
-2.732913
-0.19569966
-2.7263074
-0.8181598
3.5140858
-0.5215223
0.9063561
1.0989089
1.4116172
-4.972878
-3.980751
1.5811925
-1.1850615
-1.2461027
2.1148245
1.6718304
2.485983
-2.91558
-2.56847
-0.48647624
-1.9165792
0.9694461
0.5493086
1.4217167
4.433774
0.9116695
-0.6939212
0.10133567
-1.4767354
3.6055279
0.37960473
-0.78361565
-1.0629499
-2.052765
-1.8267304
-1.4484382
1.3519886
0.62223923
4.613946
1.2716304
0.08746973
-3.1835387
1.9681678
0.18659069
1.857515
-0.92547554
4.6456323
-0.94808686
-1.3867035
-0.17294258
0.23767951
1.5907576
-1.6458338
-6.5384936
-0.43350515
2.3060632
-3.0374606
-1.9962208
0.22165784
-1.9380869
-0.24934262
-3.1448746
0.54883146
-3.041031
-1.574676
1.9031162
-3.0436888
0.7796268
3.4933126
2.1489637
1.3701131
-1.4557282
0.6434322
2.0613954
-4.015198
0.25721684
-1.1157297
2.8161023
0.6036067
-3.9908977
0.5123617
0.77501863
-2.5933285
-1.6028693
-3.7580903
-2.5545938
-1.5042912
2.3862445
1.4212332
-3.767173
-0.21503621
0.96732056
1.1923743
-0.13923538
-0.57118946
1.0816523
-0.9361452
-0.80218625
0.76936895
-0.4018399
-2.1265903
0.10038121
1.3095737
-1.9553162
3.2144969
-1.0378313
-3.8689966
-1.774874
-0.1733896
0.23109102
-2.5943706
2.3983371
-3.8207834
-3.3226533
-1.0496935
-2.2224298
1.6683468
2.166324
0.3576098
-0.95451146
-0.89472646
-1.8536651
2.3047094
0.52242666
-1.5890272
-2.2536564
-0.37758014
0.39310956
-3.5162346
0.49222147
1.3179393
-3.6347275
-3.1136565
0.52836514
1.9812561
-2.7035704
2.3466537
0.4464621
-0.6211832
-0.0020821318
0.317289
-1.5256336
0.93737435
-3.5798008
-1.8532304
1.3176935
-1.9687848
-1.5404794
-0.43476674
2.3821344
0.44887844
-1.5758477
-1.191863
-3.8013558
-3.1744978
-1.1213948
-2.2196772
-0.16271135
-1.9228283
-3.9404743
3.0742545
0.9988864
-0.58041584
-1.8599334
0.2213348
-2.1962776
2.4525902
0.08016685
-1.7484907
2.0513382
1.0077034
3.493801
-3.4033432
-3.7629902
2.4673789
3.6454377
0.81595206
1.0459112
-0.49688834
0.97548085
1.3215864
-1.2626803
2.909188
0.57069415
0.058225766
-1.9870656
-2.4565241
1.0651283
3.712507
0.8026666
1.5669935
1.5660506
0.2438735
1.832278
0.6568079
2.1652737
-4.4930606
0.50135446
-1.6425384
1.9677219
7.755521
0.735333
1.5307267
-0.7687895
-0.35276133
-2.4455612
-0.5016649
1.3240579
1.5932764
-0.13765308
-1.1230533
-0.6060597
-2.9873745
-0.0075697526
-2.1637304
2.2668824
-3.033227
0.42319918
1.976933
1.2962518
0.16900712
2.4951737
1.9886338
1.6646352
-0.32124972
0.025988642
-0.9615647
-0.5637952
0.5447008
-2.4500575
1.2309437
-3.9420233
-1.5835303
2.2624984
0.985732
3.1533177
-0.04289508
0.31608114
1.4836643
-0.040446803
0.6473005
-1.3916047
0.6915764
1.0782065
-0.95520896
0.36593094
0.95571303
3.2446063
-0.22525167
-4.695092
2.5696404
3.0550594
0.2666035
0.17790344
-2.5806222
-0.43719825
-1.2771404
3.2340274
0.5186744
0.09812246
-0.87583315
1.0732338
2.5986476
-1.381537
-3.6226807
0.7128012
1.3844143
-2.688556
2.0907474
0.685182
1.8785352
1.1404095
1.1984513
-2.9645689
0.7297474
1.5845059
-4.3838606
0.2830577
0.60150707
1.2383364
-0.9664083
-1.526361
1.8808883
-3.2624593
2.4628212
1.6081942
3.9042647
-1.7638348
-0.23696283
0.088711664
-0.9885598
-2.306683
-1.1314683
-2.1715143
-3.125913
1.0366975
-2.3918848
2.7367682
-1.3355854
1.8723527
0.084125474
0.49815497
-0.3931334
0.4149031
-0.86662793
0.3030712
0.44491893
-1.4706025
-2.566205
-0.227223
-3.1560652
0.5972043
-0.75317556
2.4607298
0.08320027
-1.3672191
0.71370065
-0.45355055
-1.1681062
-0.30152357
0.6860337
1.8366503
1.0153277
1.4759339
0.38029593
0.5618202
0.6410658
-0.6965313
-0.5032343
1.2714779
-0.4108941
0.6569766
0.80409205
0.52997136
-3.1220908
1.029747
-2.3815255
0.41696084
-0.24153413
1.0217266
-0.05149268
-1.3886464
-0.25627404
-2.4696622
-2.7650986
2.3731816
0.37935093
0.6106135
-0.85527444
-5.8422623
0.21562731
-0.71081686
-3.139564
3.263071
1.6971674
-0.292407
-0.54944813
0.13654454
-2.7263923
5.0178814
-2.3547027
-0.2716715
-0.14213987
-2.856542
-1.9969076
-1.2052706
2.096682
1.2021767
-2.2894924
0.52003986
0.76425046
0.3742142
-0.16904107
0.18915337
2.1763175
0.7069155
-3.2931128
-0.21145949
-3.3786883
-1.8675909
-0.15637809
-2.565037
-1.5055995
-1.9994204
-0.5109675
-1.6833434
1.246173
-0.39955896
0.7380036
3.0992134
-1.7019557
0.00511232
-0.53190374
-0.71643823
-1.0867444
-3.9258246
-4.0163646
1.0623057
-0.13278118
-2.0256417
0.27792853
-2.9726481
2.62074
-1.2209108
1.1054734
1.4779348
-0.016453806
-2.2564402
-3.2499406
-1.3537761
-0.12573631
0.055694934
0.9720887
0.9761238
2.1197295
1.2378144
0.019614644
2.1379507
-0.66247874
-1.3166941
-4.2129016
-0.2885692
1.2830672
0.1504165
0.059349753
2.0348365
1.6549501
-0.11386353
-0.40125078
3.6048453
0.44751588
3.8611436
0.10597328
-2.1565316
0.22225755
0.29275116
-0.3987259
-0.87118965
-2.8878567
-0.1888797
-2.5684679
2.189871
-1.4778485
0.51039845
-0.34580612
0.8128993
-0.05954232
0.46446344
2.1276674
-0.6165637
-3.9572878
-1.0623251
-1.1995816
-0.57787263
1.3181101
-1.7421014
-0.60234255
0.4300408
-0.7942932
3.1570976
4.375176
-1.4725693
-0.08232092
-2.971065
2.6241274
-2.4245336
1.5166228
-1.1890336
-1.7512019
0.55991226
-2.8034039
2.022894
1.833357
-0.6460017
1.5292515
-0.53797495
1.6800506
-2.6962872
0.7252093
0.5851339
-1.8896332
-3.6229
-1.9871709
2.2410655
1.3583974
0.84889376
3.1046376
1.109447
-2.0532331
3.0995018
1.8122156
-0.74285394
0.12858018
-1.140573
-0.87415606
0.078680605
1.7636309
-5.449333
-0.73589474
1.6644791
-2.1301243
-1.2300217
-1.739443
1.1312469
-1.1103859
1.9646777
-2.3921661
1.8332
1.3695198
-2.0497243
-0.60051984
-1.2556081
-0.4987588
-0.41598433
1.3037525
-0.9487348
1.5835078
-0.91088706
-1.6804427
-0.5552211
5.8619065
1.4378091
-0.6597761
-0.682502
0.36012053
0.63035893
0.8690423
1.7134076
-1.1125921
-0.49453995
-0.64590734
3.5066912
3.3600838
-0.40197405
2.134284
-0.011371098
0.085753106
-2.5367723
-1.9181722
0.42791858
-1.4238503
-4.303946
-0.12424587
1.1409185
-0.2709512
-1.5242429
0.1786564
-1.0714904
-0.6875398
0.74379665
-2.2884068
1.1837605
-0.7203735
2.292692
3.2986963
1.4239218
0.7237981
-1.7503158
-0.8197574
1.8120098
0.824294
0.9337451
1.4338326
0.7740011
1.1597295
2.0394254
1.7648996
2.614191
-3.8938823
0.3195791
-0.69995314
-1.469826
-2.154971
0.40442225
-5.2463245
-0.76739615
4.5380006
1.4373102
-0.07810523
1.017534
0.30799845
-1.341905
1.1745012
0.26943243
-2.225689
2.1394472
-0.34218854
-1.0596238
1.5390067
1.3569738
-1.7446297
1.2548087
2.0330281
-0.28875816
1.4302435
-0.7957104
-0.91425484
3.2896986
-0.1889607
3.6722298
1.1559777
-3.3515701
-2.242419
2.1898158
1.4813962
-4.540598
1.6949705
0.49908698
1.0446672
-0.19965972
1.6377579
-2.3281178
-3.9766214
0.31854278
3.2260842
-0.99327934
-1.4731302
1.554259
0.9091419
3.7735724
0.8079656
0.45653954
-0.05285036
-0.39247972
0.7989663
-2.6606052
1.1773322
-0.26282245
-1.02534
0.37010026
0.933758
-0.66178674
2.556036
1.9299448
-0.2125817
2.0301805
-1.5137038
-1.6788715
-0.94606674
-2.8887188
1.7671024
0.18579718
-0.28217715
-0.064092845
0.50211895
-0.24596882
-2.0322487
-1.2989624
0.09563016
2.1902843
1.4255797
-0.5494604
1.865263
-2.2315047
-1.2897563
2.4986281
2.6181474
0.38027665
2.1177433
0.62765914
-1.4247469
-2.5177102
-1.2069457
-1.9499836
-2.0945382
0.98233926
-0.72134805
-1.2272666
-0.35100943
-1.5564774
-2.0441325
-0.48513913
-4.7732854
1.4278611
0.9073832
-3.032364
-4.3954835
-2.1412048
-0.16210005
0.812938
1.0916772
-0.15042785
0.21671149
-1.6209954
2.3319907
-2.044123
4.5520635
-1.3662518
-1.5972017
-3.1935775
-0.46219108
0.8532666
-1.1491228
-2.7671294
-0.9486628
3.2016325
-1.6936016
-0.1562544
-0.73321414
-2.8758998
1.7020154
-1.2900897
-0.36998594
-1.7917032
-0.06854758
-0.65629315
-2.7192786
-1.4596813
-2.2306347
4.2957683
0.9836406
-1.5133508
-0.66083604
0.9611123
-1.6490693
0.81149656
-2.8488626
-1.258713
0.36270937
-1.4494518
1.4856759
0.1965191
-0.3332364
0.58097124
3.8812182
-2.073983
-1.1343561
0.4328474
-0.103010766
1.0593396
-1.1268193
0.7980436
0.9370031
-5.244345
1.8003685
1.1467329
-0.07147963
0.9570067
-0.52563524
0.677144
-1.8687042
-0.8585455
0.037392776
-1.7558246
2.868547
1.4622668
-1.3082229
0.21134493
2.0325503
-3.9631906
2.085699
0.23571624
-3.7077944
3.049921
1.3872893
-1.1257249
2.0403266
1.4640923
-2.3303852
1.820091
-2.0782769
0.7935523
-0.0041891187
0.82963043
-0.903534
-2.2124395
-1.0506521
-4.843929
-4.1459703
-1.0631881
1.9177835
-0.3919707
3.8144252
0.15612859
-2.3332615
2.2637656
-0.6664899
0.09792609
-1.7669089
1.932466
-0.8045363
-1.6272796
0.033915326
2.9736311
1.1018801
2.5640442
-0.7238959
-0.082128875
1.8639501
1.762443
-1.5648984
-0.6990302
2.326655
1.181942
0.85618883
1.2337652
-2.1580727
-0.6825706
1.4053932
-2.5991397
-0.100421414
-1.2920425
2.4287755
3.6291718
-0.9062273
1.4331588
2.8779705
1.1502036
2.3882787
4.5427604
-0.80796176
1.1028953
-0.71616966
0.5477914
1.0659909
0.85117805
2.5085864
-0.7458644
0.13578826
-1.3431171
-2.0866904
-1.3963848
-3.349737
0.049131364
-0.22803138
-2.744476
0.43633354
0.6895973
-2.5421348
0.7755708
-3.979454
-1.4249
-1.9444381
-1.3224494
0.7652075
0.50498664
-1.4002326
-1.6421043
1.5187429
-0.38888073
-1.4592865
-3.123365
0.5897569
2.3698912
1.1463429
2.5188317
-2.4963918
0.62641454
-0.786503
-2.0571
0.5417973
0.6693866
-1.4327501
-1.2168434
2.7440245
2.540776
-2.512855
-2.512431
-4.052506
-0.45127213
-4.1627984
3.0529983
1.7820585
1.8570764
1.4135071
1.2038311
1.0152464
-4.792506
-2.7495172
-3.169424
-0.17160904
-1.1695726
0.9004834
1.6224111
3.3655655
0.66894525
-0.3773646
-2.7027771
2.460738
-4.789059
-0.8854445
-1.2543514
0.8691558
3.8257291
5.029372
-2.276391
1.4607742
1.635149
-4.222661
-0.93151766
2.5646493
1.2948439
3.1935012
1.2256643
-1.3731353
-0.4292967
-1.1312628
1.979552
-1.322665
1.5429522
0.46933767
0.97456205
-1.7303573
1.3219459
2.1734076
-0.28829628
3.1674337
-1.7349342
-0.91839105
-0.3859216
-0.8773243
-0.41551197
1.4834367
-0.18979862
1.374038
-2.2193334
3.3548203
-1.726817
3.1357927
0.14243475
-1.7351563
-2.8564684
-0.96831304
-1.0068883
-1.2631633
-3.0055442
0.67967266
2.6014054
-2.0937617
0.9080454
-1.289912
1.5877625
-0.63926727
-2.5287733
1.6071941
0.5520107
-2.3591027
1.1563903
0.008178186
-1.047664
0.41393346
-3.4001114
1.7404293
1.0238357
-1.7026631
0.12887165
-2.1205406
-0.77756125
0.20592189
0.53009063
0.14130002
-0.4594789
-1.8533406
2.33937
1.5365582
0.7887726
1.669155
1.336362
0.6489051
-2.6391213
2.672462
1.1575842
-2.8347337
-0.7048213
-1.9828215
-2.0659952
-1.3417785
-0.5244397
-1.151055
0.6159489
-0.5822271
-2.8162127
2.8733912
-0.57399166
1.1745186
-0.11581994
0.07682626
0.2189104
0.16617295
2.1118877
1.7304351
6.045375
-0.08943271
-1.6731925
1.454845
0.06573408
-0.03295479
3.2327278
-2.5311356
1.6676409
-1.0564907
0.6306576
0.05150105
4.274498
-0.98660874
2.6152751
-0.37285337
0.9888004
4.237329
1.8422462
1.7944901
-1.8586689
-1.3916891
1.0807332
0.37467712
-2.4460945
0.4070477
0.77399814
2.1735375
-1.145314
-0.97361225
-2.8480277
0.09710361
-0.4884935
-2.6780224
-0.110869646
0.4781767
-0.18151338
-0.64629054
1.4305063
-0.37858874
1.7888452
0.9585681
-1.726624
0.7762619
-1.7255213
0.0032662451
0.47156528
2.4317029
-0.13392285
-2.5347946
-1.2236273
0.5250336
-1.7944764
-0.039432652
-3.5967376
1.5817903
-1.4808025
-5.3707495
-4.261623
-0.15936558
-1.1330544
-0.36528403
-0.9032655
3.141196
-2.165477
-2.452952
-0.24089295
2.538957
0.13884619
-0.5901113
0.28894162
-2.4906578
4.5375156
-0.56562245
-0.011167221
-0.7154275
-0.35933784
-0.7291901
-2.61042
-0.78828895
0.3030091
2.1946948
2.5702777
-0.93990445
0.14500973
0.644013
2.1142921
1.1837041
-0.72739136
3.2515688
1.6870519
2.274654
2.8275404
-4.704356
0.6949276
1.8357904
-1.9285228
-1.7453922
-0.6044739
0.15280949
-0.3839441
0.87705636
0.81956595
-0.025791187
-1.8901172
0.30950195
0.58739394
-4.3149714
-1.3544149
1.0168102
-0.76250464
0.20014048
-1.2454578
-1.5139462
1.2904613
-0.19345972
1.8563249
0.4748115
-0.5834331
-1.33232
0.5621817
0.053088527
-0.47084844
-0.5657034
2.247696
0.18905094
-2.0912645
0.4813873
2.1758366
0.3704172
-2.4103513
0.33181322
2.0397432
2.6108541
5.388483
0.78755003
1.2386214
-0.8981805
1.682561
1.6262617
-1.2865771
-0.53742796
-0.14981136
5.6269703
-1.2027593
2.179784
0.080034114
-1.2901062
-0.69474727
0.48085457
-0.22899711
0.63154995
0.7074848
0.13476232
0.2654664
-1.1865762
2.722326
-1.2705125
4.947874
-0.55282885
0.83014226
-1.9787761
-0.36122432
1.3235049
1.0452595
2.277296
-2.5454898
3.468396
0.30432138
-3.5060608
-3.9987316
2.088304
3.705179
-1.306953
1.5374688
-1.9869721
1.6071686
-1.1858965
1.4361672
-1.9191568
-0.2549821
-0.046060853
1.4260906
0.57120746
2.5383413
-0.15511444
0.35998136
0.6281339
-1.3803864
1.6134254
-1.481692
-1.494172
-1.1333792
2.6986873
-1.2260338
1.0935813
1.2949796
0.5565388
-1.7056541
3.0669937
2.606761
-3.4668021
-3.683843
-1.856366
-0.66703814
-0.3729306
-2.2186592
-1.6736118
0.023078285
-1.8996522
0.19702989
0.16232297
0.57443917
3.5677755
-1.9489192
0.1957599
-1.7260529
0.5314266
-1.0991702
3.4390745
1.6540732
-2.0650418
1.124167
-0.9265827
-0.6470423
-1.4618821
0.61701113
-3.0778615
-3.4130247
4.2894797
5.1830707
-0.12950405
2.4733703
-0.3251913
0.13545638
-0.49820486
-1.3903388
1.4488331
2.814584
-4.827643
2.9012492
1.010386
2.9070997
-2.2994092
-3.0069056
-0.2902143
3.3437994
1.6755035
1.1345819
-2.5975838
-0.07446087
-1.2999897
-0.26179245
-0.07288055
3.562977
0.7878959
0.34660646
0.47652936
-0.74964404
4.416135
-1.3726162
0.6669463
1.5890809
-3.1470912
-1.4333915
1.8014693
2.3719916
-1.5740336
0.32238814
-4.8195457
1.3171493
-0.7573421
-3.2743888
-0.41907918
1.9574662
-1.1934509
-3.9970615
0.19959417
-1.0039368
0.5357091
0.64447355
1.6930703
-1.3079289
0.29761392
2.0582078
0.9038012
0.39900947
-1.8864009
4.941674
1.1026359
0.52330405
-0.054909356
-0.35735202
1.6106653
-3.622899
0.88257736
0.5150772
1.5904131
-0.457262
-0.91680187
2.1804044
-0.31034756
1.2495368
1.928269
-0.45852804
-1.6152124
0.24101487
-3.7281702
-0.29552668
-0.43129987
0.6495696
0.93783253
0.059495375
2.015421
1.0084242
-2.5209932
-0.8082705
-0.5918249
-3.654443
0.108046286
-0.5623559
-2.5614085
-0.22333956
-0.071949355
-0.13482404
-0.937279
-1.0203533
-1.2803222
-1.6699631
-0.60824525
3.5487397
-2.2068927
-0.07358877
1.1645986
1.7458369
1.4622251
-1.1278832
0.42110398
2.4901848
0.7690671
-0.8633202
3.380207
2.6857696
1.293971
-0.14375825
0.61418986
2.288682
-3.4325337
-0.376359
-2.8681538
-1.6782644
1.8461324
-1.6155411
1.2567058
-2.2862387
0.51930326
-0.44656733
2.50475
-0.07944875
0.6083126
1.180346
-0.80998033
0.77505845
-2.3865693
1.2358506
-0.1333229
0.07031923
-1.6099755
2.8501558
1.4376048
-1.9136692
-2.7052848
-2.1485875
-1.6208572
0.4945684
1.9363048
1.9898642
2.7195492
-0.14418477
0.9429083
0.032402255
-3.6904914
-1.4718838
-3.8548927
0.21888575
-3.3147504
0.64232063
-2.19786
-3.0208406
-0.23641303
-3.6243591
0.15846372
-2.0224085
-0.66439533
-1.9761657
-1.1367965
1.132896
-0.5142622
-0.13967565
0.31621578
5.7090864
3.2071617
-0.028169557
-1.8549801
-0.4468162
1.7017864
-1.010011
-1.4751933
-2.1200724
3.007927
-1.6014028
0.61983573
2.2789254
2.09101
-2.7503803
-1.2533207
0.946514
0.3887003
1.808065
-0.37373456
-0.6802556
-4.3326488
0.15259404
0.4053856
0.081164196
3.0704968
1.4951774
0.29290113
-2.4649787
1.6365467
-3.5075006
-2.9888866
-0.20362961
1.4258538
-0.27898666
4.36248
1.0679629
1.8466368
4.6729345
2.5647345
-1.7076122
2.0827453
-0.80729187
1.2891157
-0.34033588
-2.7182426
1.0375704
1.2388097
-0.94481194
-0.06280019
3.6878004
2.1108792
1.8055297
2.544969
0.24781808
-4.632355
4.3749685
1.447019
2.2787995
0.12925449
-0.6185914
-0.94511086
-1.4251207
-2.459427
0.4212975
0.011883371
0.61574155
-0.18003565
-0.34003767
0.75274163
-0.9650183
1.0476577
4.4591484
-1.9365202
1.571166
0.3857581
2.1625254
0.08543773
-0.2296938
-0.55644995
4.542487
3.8781347
0.6332543
-1.6388271
1.21227
2.089899
0.12960607
-1.5524347
2.6695347
-2.977221
-0.3033057
0.30490565
-0.14566207
0.47710007
-0.20858634
1.7380446
0.001951389
-0.27153376
0.90069026
-2.4392166
-0.23526788
-2.288024
-1.4757566
3.6116223
-0.7420717
1.6356739
-1.7939255
0.3757891
0.12834045
-0.6575341
1.3488363
-1.3010417
-5.4299264
0.8100088
2.495531
-0.14606729
-2.0990748
0.2623728
-3.7126
1.2346624
0.65954185
-2.126154
1.6662941
-1.2310685
-1.0457441
-0.4942699
-0.54283273
-1.7537947
0.48297203
0.47994977
-3.985305
-0.6049942
2.1933515
0.107051715
-1.4913895
-0.9179252
0.21767049
1.1726482
1.8205667
-2.6978536
-1.4953074
-1.942717
-1.9293172
-2.3042276
-1.9623201
-1.2592189
0.42303795
1.9918005
-1.4779179
0.64941907
-0.19747965
0.7058435
1.240093
-1.0789756
-0.19447814
1.5662806
0.25999644
0.7984863
1.4247102
3.005476
-2.54533
1.0197163
0.8512132
1.3129205
-0.154252
-0.8547693
1.5360129
-4.52517
0.9721305
-0.18732512
4.119645
2.0927174
-1.4208065
-0.66337216
2.6409132
2.4509983
0.7175608
-0.38488263
1.7790326
0.2757762
-1.0663059
-1.2336462
-3.8863869
-0.08882629
4.892912
-2.682393
0.6651685
0.41842672
1.4636216
-0.35417047
3.4682503
0.4705696
-1.9740363
-0.5021005
-2.9853387
-1.3158995
0.40336528
-0.06837066
-2.2770045
1.491713
2.6103783
0.21008015
-3.5067837
-1.2946029
-0.055184778
0.7343357
-0.7718865
-2.1721227
0.6946498
-1.0631931
-1.8228687
-3.4600108
3.0943363
2.4260514
-1.208879
-4.725834
-2.0415359
0.66633177
0.7400652
-1.7261103
-2.106436
-2.4874275
3.6168423
-0.48465002
-3.5226717
-2.047661
1.1132593
0.9197643
-1.0414827
0.5489812
-2.4979095
-2.871612
-0.53391063
1.3563488
2.8327289
-1.374283
-4.5062647
0.13238412
3.8054035
-0.89942145
-4.22665
0.9402193
-2.835672
-2.20299
0.7308342
1.4830734
0.37930444
3.1997702
0.96574056
-0.29989374
-0.6148561
0.628263
1.4604863
2.1583157
3.1007495
3.621912
-1.2551049
1.674376
-3.7747955
2.2727332
-2.0635073
1.6308546
1.106512
-0.14032735
-0.29814184
1.141769
-0.99637914
0.62705183
0.4039529
0.6682376
0.67663413
-0.2003028
1.4519879
-0.44774756
-1.2579256
2.134346
-4.6091166
-3.3974555
2.6604307
-0.5137075
0.34697804
2.3738832
0.54890704
0.9622671
0.18625838
-1.5322248
1.2936858
-0.66675335
-0.6234345
-0.0612422
0.99565464
2.8701103
-2.5162427
-3.4091632
-0.42277727
-0.581102
-0.4600048
1.718529
-5.0732102
-2.7405238
1.1342533
2.1184964
2.6973839
2.491922
-2.6479795
2.097466
0.6348391
-2.7530892
-1.3526914
1.3030314
-1.5318524
-2.9331708
-4.743766
1.6584544
-0.11514684
0.39165938
-0.097862355
1.130044
-0.667135
1.8953931
-2.425911
-2.8011148
-2.172899
-0.15908754
2.531733
4.018828
-1.3503772
-2.8653526
-0.10717975
1.0897766
-3.2532449
-2.7484763
-2.608767
0.25224447
-1.0299698
-0.5979623
-1.2927138
0.96879697
-0.7416696
0.9504123
0.3716535
0.71112776
1.3006042
-2.2748797
2.2341413
0.7130917
-1.185194
1.374679
-0.39423302
-0.10614544
2.2606194
3.692771
-0.08389268
-0.80488825
4.575111
-1.1997583
-3.5942924
0.71492064
2.807493
2.0307715
3.1503563
0.6847584
1.4044175
-2.2918158
-0.31576246
-2.4533298
-3.603849
0.2683267
-2.3375673
0.8607392
-4.2789145
0.6241751
-2.9817233
-0.84219134
-0.34720027
-1.6628072
0.21581021
1.1203018
0.2675035
-0.68502957
-0.59769166
-2.1147325
1.7795368
-1.2822222
1.315511
1.1016628
-3.6004443
-2.3480105
-1.281231
-0.3230093
1.5763427
-1.2545949
0.94812745
0.37601078
-0.91512656
2.0355198
1.265693
2.2267082
1.262263
1.9858478
-0.40452176
-0.3318809
-1.4471109
1.4974772
-1.2868618
-3.4417167
1.2008455
2.046317
2.4098504
-1.1019751
-3.1735573
0.92974925
2.6317813
-0.67753464
3.0583162
0.33019978
0.5962508
-0.47548866
-0.027208187
-2.5776508
0.69309914
-0.6299907
0.04556261
3.2603545
-0.654764
-0.94922143
1.3539712
-0.26618573
1.1297382
0.16270928
-4.6731
-0.1404593
-1.4676745
0.5447166
-4.864621
0.61300945
1.7883595
1.9438298
0.28227386
-0.5080114
1.4563538
-0.34334612
1.7859341
1.8472246
0.61485255
0.607319
-2.5054736
0.8816335
1.9815456
0.25431156
2.57053
0.2862394
2.699244
0.42573968
-0.7794298
0.1658459
-3.9633172
0.6215718
1.8211547
1.7682946
-2.030045
2.4650052
-2.0268054
-0.063021965
1.0769874
-5.2907653
1.3045712
-0.80805165
-0.4850883
5.8869476
-1.3316778
-0.7334445
-3.2462952
-0.17561436
-3.433251
0.33209077
1.6263849
0.04415776
-1.1339798
-1.4775225
-0.28015512
-2.9268842
-0.55965394
1.7085354
0.93996876
0.37736788
3.1520827
0.15278731
1.2661179
-0.3197484
-3.321738
-0.53939813
1.6104308
0.11941023
2.6049244
1.2855424
-4.1038966
-2.2697098
-1.9876903
2.3068936
0.15986674
3.2765539
-0.23169707
2.568978
-1.4325194
1.5438545
-1.7285075
1.3575295
0.56292814
-0.6600669
-1.196623
-0.91216344
-3.312385
-2.7083964
0.116894424
1.342437
-0.92067534
-1.4309549
-1.7365353
-0.23613158
0.89212966
-0.6893447
2.287612
-0.036524013
-1.7279276
0.5695078
1.31122
-2.7344503
3.8708546
3.0788798
-0.32599038
-2.7321715
2.0329194
-1.6107317
-1.106107
-0.5342827
0.74628055
-1.0612584
-0.5109271
-3.3517966
-2.3151562
-0.9230798
2.595336
-1.2461481
0.8531839
0.068252
0.23138821
-3.0243797
-0.74603295
-2.2555354
-1.0078382
-1.0841726
-0.85584104
-3.5504005
-0.30631548
2.178017
2.9383686
-0.11960625
-1.7968041
2.4705622
-2.7911797
0.8732369
-2.4761798
1.5898833
-0.6485852
2.296604
-1.767558
-4.492692
0.9576319
-2.7382684
-3.731305
-1.9314384
3.03415
1.7042118
0.26325202
-1.0988511
-3.037913
-1.8764597
0.062167965
2.890271
0.6268518
-1.3040203
-1.0262727
-0.9470618
-4.8322263
0.44599605
0.6301543
0.16068205
-1.3585532
-2.3985543
-0.19725072
0.3788459
-1.0174832
2.5882492
1.4287571
2.0605893
0.08438581
-0.27657223
-0.6448667
2.1318045
-0.36917526
0.93189454
0.6593496
1.6239598
-3.2506464
-2.754256
2.2555716
-0.2828675
-1.4855193
-0.09350272
0.49394557
-1.358331
-0.5642579
5.085478
3.7859101
-2.5148146
0.33174214
-0.57834005
-2.2297118
-1.5620613
-0.15166639
-0.022079997
2.680004
-2.3268938
2.7142015
-0.3308276
0.9165571
-0.32283676
1.107843
-3.8873343
-2.0474482
-2.7066271
-1.1447115
3.6599054
-1.2314652
0.1501494
-1.8830408
1.3017789
0.28771412
0.4327003
1.9742892
-0.057436045
0.3708635
0.5972714
0.42974427
1.4872909
-0.40947798
0.20729423
-0.74713135
1.2595296
-1.5873328
-0.0003909953
-0.9198362
-1.2079535
-0.8958852
1.0302628
-0.8202944
0.6214555
-1.531616
2.5071993
-0.63856816
-0.93888307
1.0854164
1.8799205
1.4361091
2.0549803
0.7780347
1.8291122
0.11379488
-0.054947592
0.93491024
-2.0005043
-1.8788502
0.8478144
1.6453105
-1.4857352
1.8596513
-1.2524995
-2.8282948
-3.757832
-0.4923316
1.2490766
-4.12469
-1.962316
0.927092
-1.0566945
2.014101
-0.92989826
0.77746135
3.2724156
-1.0313234
1.0589517
1.6536168
0.5460397
3.8458717
1.5937583
-0.26913884
1.4935675
2.71453
-1.356355
0.83301145
1.8174425
1.2874991
-2.1059744
0.9253345
2.2193975
-1.0386415
0.6165847
2.8966372
-3.1661923
-2.2535672
0.51575774
-2.1506364
0.22310391
0.062442064
-0.13511518
2.7185392
-0.59520584
5.4383016
-1.9100853
-1.1541312
0.42696175
3.658572
-0.52225024
-2.8511899
0.5461794
-1.1831743
1.8671998
-0.5852106
1.6362141
0.06943621
1.2365124
0.12409567
-1.8980974
-1.3303405
2.8280995
0.20174281
-3.5961618
-1.3587642
1.2166036
-0.015342116
1.3089314
-1.5672781
1.0412337
1.9115382
-0.19458205
2.5715702
1.50881
1.5594923
-0.21956936
2.1149352
-1.6750201
-2.1312008
2.0173469
-1.5798218
1.4165049
0.60207194
-1.402976
1.1220056
1.8561279
-0.5993352
-1.512999
-0.16771722
-4.707024
-0.745208
0.92743546
-0.22992176
-0.121350415
-0.3400479
1.5124162
0.07818137
1.4393722
2.1307085
-0.373301
-2.6726701
1.4646292
-0.78182316
3.2449827
-3.150841
-1.541216
-2.1115646
5.105918
2.7335563
-1.5489872
-0.83237916
4.0814834
1.4089873
-0.5617812
0.6884031
0.60814524
-0.93042433
1.3756435
-0.369319
0.47944078
0.386401
-3.9032433
-0.028753228
0.593638
1.920416
-1.1866815
-0.12366868
2.409333
1.4917064
-4.432455
-1.484343
0.7516499
-0.43719742
2.2017207
0.22327301
3.538067
-1.1944093
0.18057694
-2.6060784
0.5566057
1.4278449
-1.2462677
-0.15147406
-2.5508068
-1.5893737
-3.3056586
-1.1964792
0.4426579
-0.77164483
5.2386947
3.7245786
1.4338106
0.9004153
3.255319
0.6533243
3.0304413
3.0423026
2.591119
-1.1910379
-0.82490283
1.9715713
-3.7512546
-0.7464313
0.32099342
-1.3186467
-0.256032
-1.3825188
-1.1369865
-2.3168783
1.9879185
4.5287914
0.9375094
-3.3217342
1.0831392
2.159579
1.8740437
0.13922516
0.69543093
0.1656429
2.6002207
-2.6764712
2.382094
-0.5881929
-0.40796572
0.8216048
0.68734825
1.9954354
1.6518058
3.113549
0.6364092
1.129003
-3.1431165
0.9386474
1.2031022
1.3408196
-0.36673203
-0.946185
-0.5265554
-0.74625534
2.6757813
1.5103403
0.75054085
-0.8274925
-1.8759803
-0.4617804
1.763784
2.1179764
-0.786999
-2.373853
0.91877997
1.6148697
0.07073455
0.87613726
-2.7095296
0.50239205
-0.10982421
0.20516127
1.7164361
-0.8523763
-2.29787
-1.6186023
-0.011941493
7.259856
1.2587382
-0.12352478
-0.7745268
0.42000034
3.476975
-1.8769927
2.8701925
-3.1764634
2.0774777
1.6374923
-0.3890845
0.008613482
-1.3949935
4.317179
2.2938929
-2.387506
0.122158535
0.23501247
2.4105492
-1.3918481
0.41727003
0.7781126
0.16196495
-0.7036645
2.3387349
0.2357545
-1.3091701
-1.4489064
-0.44961557
1.1266634
-0.6784687
0.2486817
1.0241051
1.7137871
2.7327433
-2.0799286
3.7197337
-0.8506238
0.78553116
2.8411384
1.999638
0.71593064
-4.0909834
-2.6383574
3.760798
0.28721762
1.3406595
-1.4076247
-0.8524897
-0.7766763
0.9037199
-0.8938378
-3.670537
0.2941847
0.74149704
0.24913281
-0.017843626
-1.2156051
-0.7485682
1.0650369
-0.5680577
-0.20063433
1.3203012
0.54305553
0.4042825
0.32620755
-1.8743262
-2.1514184
-2.3274162
-2.2779455
-1.9162802
0.8401386
1.4207512
1.7018244
-2.3149827
1.7673324
1.0097759
1.3219529
0.79288405
2.6977024
0.92689115
1.5151614
-1.4973861
2.6761136
-0.77419543
-2.7791765
-0.93320346
-0.8924961
-2.0988007
0.42970005
0.16609499
-0.33979395
0.96355975
1.3236662
-1.1178727
1.3703245
-3.1285288
0.95977676
-0.7776434
-1.6238933
1.6911114
3.664808
0.009906858
-2.7628818
1.5138546
2.5033772
-0.5516914
-2.0744286
4.1382365
1.4861274
-2.866622
-0.86177117
-0.40530688
-1.1646874
-4.187148
1.0504856
2.715477
1.3730775
-0.7274836
-2.3345184
-2.3945875
-0.42854434
1.3418041
-0.18802811
-1.1676722
-1.027022
-5.093915
0.5088498
-0.9834319
-2.2385416
-1.440783
1.9504231
1.3965337
-0.8068196
0.38734993
-0.54804605
0.5219527
1.0671316
-1.8117174
-0.9017583
2.8894663
0.068925664
-2.2431655
-1.9228644
-0.5302496
1.5880623
-0.34626284
-0.693989
-1.703473
-2.9359965
1.3951983
2.317049
-0.330096
0.12778375
-0.1336363
-3.0650694
0.011052489
-1.9693767
0.09913753
4.9547157
-0.018111452
0.037217773
1.7828215
-3.4546552
-0.89022034
-0.48027912
4.577049
1.7558122
-1.5179273
-0.85697067
-4.6492186
-1.2142223
-2.5884092
2.4841948
0.8428217
0.53039813
-0.54165685
-2.9309886
-2.325068
-3.0832572
0.7176011
-0.97108465
1.6034768
2.8954613
-1.8513334
-0.6517294
0.8191751
-1.280859
3.410859
1.7965419
-1.1666301
1.4706793
-2.9284077
2.6802936
-1.8380458
2.4325714
-1.2466694
0.13146989
0.5166437
-0.9415998
0.93041676
0.5932137
-0.9379945
-1.679897
0.9657851
-0.049809292
2.9184284
1.0838529
1.5744147
0.23828185
-3.1200356
-1.254297
-0.28785983
-1.8212688
-0.37464187
0.18194762
0.052134164
0.7020846
-1.0892199
2.8598323
0.7797932
-3.298354
0.506104
-0.7175853
0.5598477
0.74493974
0.05361083
-0.71046215
-0.83863235
-1.5440702
-2.5063245
-1.8016162
1.6517328
-1.7316122
-0.58672875
0.35778916
1.6671212
-0.33416912
-0.79273987
-1.6608689
0.8876276
-2.37653
-0.17524384
0.7132839
-0.84693396
2.0127847
-4.1099396
-1.2843821
-2.0383496
0.52450967
2.623471
1.7993394
1.4112667
-0.5231349
3.5698135
-1.2713501
-1.8607677
1.7590523
-2.7999575
-0.909857
-0.89364743
4.2861085
0.39872634
-0.3825112
-2.7319126
2.20582
-2.5882113
1.9573226
-1.068271
0.031234898
-0.71908665
-1.1285737
1.9990126
-0.36985588
2.921733
-3.326192
0.048989855
2.5431576
-2.3568015
-1.8899474
-1.5823714
-1.8692036
3.2148957
-1.4169344
0.39242646
-0.4373161
-3.5069818
-0.27863458
-0.80929816
0.9854421
2.4186385
0.031230621
0.8695191
-1.596801
2.2822332
3.660293
0.27257684
-0.8361432
4.8984423
-3.0292816
-2.1593654
4.693916
2.1676333
0.71956086
2.4172122
0.031308997
-1.2648472
2.5615273
0.20745876
0.5529575
0.17323625
-0.07917749
-0.6458987
-0.16211456
-2.3111749
-2.6018214
-2.1276503
-0.11813701
-0.93549633
2.2829432
0.7023497
1.1695408
-0.4420808
-1.0385015
-1.5959506
-2.5091221
0.51426834
1.5448751
0.5489302
-0.09811355
0.5558372
-2.349682
4.118004
0.3746428
0.07773183
-0.9601888
2.0556598
-0.7675407
0.42700627
-4.1814847
0.17332894
1.2833494
-2.019854
-2.249288
0.47942558
-0.27328
-2.1012254
0.6643148
5.536963
3.14459
1.515699
-2.4337792
-1.6103079
1.6924177
0.643913
0.5123232
-1.3530976
-1.8285211
-1.4933406
1.8961573
-0.60531646
-0.8318555
-1.3719418
1.1720432
1.4418751
-2.2819943
3.389134
0.87282145
-1.4349949
1.7461497
-0.091725305
-0.83224
0.19481915
0.046115525
0.87218505
2.6626935
-2.3079326
1.395826
1.0105069
-1.1546576
-1.651929
1.266722
0.64523584
1.2925572
-0.061644487
-0.15714231
1.9928968
1.1184567
1.6909391
1.9837507
-0.83816713
-1.6880257
0.79884976
1.24071
-4.155912
-0.8187341
0.11494827
0.5418048
-0.68270195
1.9203299
-3.550041
-1.9105151
2.094908
-1.1631445
-0.8771169
3.0403292
-0.9745988
0.12732452
-0.22169869
-1.3393981
-0.009787679
-0.9229245
0.46841964
2.8415809
0.64453727
0.30194414
-1.8869977
2.5012102
0.23800874
2.1887794
0.5946884
-1.0106783
2.3742115
0.41038266
-0.15633355
0.68610936
1.2533809
-0.4023164
1.438098
0.15378621
2.482685
-0.32813138
-1.1404917
1.0374736
2.506916
1.8124466
1.7529881
-0.96244097
0.50899655
0.73765594
1.9392858
-1.8738234
-2.0466383
-2.4861505
-2.5771952
2.6348758
-1.1270537
0.3540868
1.559315
-0.7911119
-0.6936395
2.0150938
-0.15735266
5.601033
-2.119974
-1.3630651
-0.26898298
-2.774473
-0.37864438
2.2880485
1.630259
-1.3511314
2.575125
-1.7462579
-0.30841225
-0.77104807
0.5649521
-0.4711144
0.80271083
-0.9979398
3.15854
-2.4454207
-3.0567074
-1.0320933
-0.4428439
2.3676124
-0.5150645
1.6098368
-1.1986603
0.9348161
-2.2047694
-0.1279055
0.3588857
0.106946945
0.58605266
2.0369408
-0.9449563
2.0725987
-0.84011996
-0.14733398
-1.516166
1.300007
0.46700394
-1.228418
-2.0423305
1.3908241
1.417349
0.7692678
3.466292
-1.0486208
1.3232921
0.71929735
-2.3343127
2.9014268
0.6184819
0.857681
0.22903955
-6.774362
0.95199287
-1.4820706
1.1205584
3.3465602
1.4622489
2.1033967
0.44682494
0.023308896
2.314096
3.187672
-1.6172262
-0.3719654
1.7909542
0.49445963
-3.1219385
2.07326
-0.46480107
-0.7712241
2.1272702
0.95309794
2.3265243
-1.71841
-2.3334253
3.3112571
-2.803957
-1.7694987
4.7257667
-4.6315246
1.9656024
-1.862431
0.24732748
-4.5714192
-4.003909
0.42358917
-1.2205366
-2.1931825
1.6104898
-3.931044
0.33480492
1.3123277
-2.3306088
3.3495467
-2.3711078
-0.27174193
2.9226825
0.57410353
0.7617738
-2.8665152
-0.21933053
-4.0232253
-4.3280234
-2.4957855
2.657983
-0.69451994
2.5412686
-0.36358
3.4436505
0.9585939
0.39728737
-2.749821
1.9830415
-3.1602364
-1.5506781
1.0412791
-0.107135415
0.733669
0.2441254
-2.0229733
-0.35664028
-0.6489009
1.0048007
-0.21754178
-1.1192491
1.3747891
-0.21244557
1.1833893
1.9676318
-0.8014208
0.9563035
-0.06900119
1.597129
1.6713477
0.5026629
0.5896011
1.3633674
-0.30478966
-2.049261
0.6257967
-0.4519297
-1.2737156
-1.5663068
-0.31717896
0.8725784
-4.2729845
-1.8713372
2.6121485
0.8465834
1.2140768
-0.82032174
1.7395208
-0.55119556
-0.4903343
-0.41386622
-1.774403
2.9701831
0.58441365
2.5011833
0.38052282
5.659063
-2.5731084
1.8693274
-1.8043759
-1.1299598
1.3092772
1.9397168
1.4981906
-3.4538467
1.5674402
1.522
-1.6470276
-0.40107107
-3.0617938
-1.1965462
1.7362368
-1.8644365
1.1878582
0.6833302
-1.5852734
2.1117835
2.0989738
-1.0277746
-1.5767959
2.276544
0.3727889
0.8712172
2.3306391
1.2441604
-3.6834137
-1.3119543
-0.33774775
-3.2413158
1.7893102
-1.3666339
-4.703664
0.817959
-0.24809608
-3.0070133
-2.2064111
0.19934532
-1.1971381
-3.8143103
2.7072833
1.1761236
-1.2356299
0.8553376
2.971192
1.9085041
3.0394382
0.22316754
-2.6510336
-0.27507174
-2.2691355
-0.11755956
-2.034753
1.2131122
-0.008623779
-1.1649585
0.51380354
2.6931813
3.0111961
1.3194109
1.5002459
2.1696787
-3.773693
0.40171814
1.3256389
-0.30728716
-1.3115371
3.3647113
-0.4579191
3.80532
3.917355
4.2390146
-0.46639043
-1.2524577
-0.64572096
1.1325917
-1.2815816
-3.2765555
2.0123672
-1.5829903
2.7126472
-1.1597754
-1.4281145
0.14362675
-0.18692362
0.23476401
1.6853055
0.5652365
-0.7935004
0.54391384
0.007281691
2.7991395
-2.4771712
-0.91248655
-2.184549
-2.413913
0.8239069
-0.2507921
3.014262
-1.1420385
0.04507638
-0.2710019
-2.4739203
1.8540658
-0.1433731
-1.2463044
0.54343194
0.05839099
-0.23271996
0.054089658
2.839271
-0.9794383
0.4310465
-1.8938031
-0.15780133
0.47412735
0.47299662
0.084645234
0.5676629
2.4175038
1.2481307
-1.2428288
-0.7654589
-2.7958114
1.2009506
-4.901883
-2.1629865
-2.2651644
-0.9817859
1.074547
1.0047715
-1.0514662
-2.2105756
0.0637122
3.8762941
-0.15862778
1.924296
0.448128
0.48123297
2.4498959
-0.06729671
-2.8285646
0.82161665
-3.1664371
0.20708707
-0.36099535
-2.6872354
1.4420197
3.1586125
0.5486494
0.44481122
1.2647812
0.7043685
3.6864781
-0.75459087
0.27052617
2.0390058
-0.7784885
-1.0625325
-2.605892
-4.4614525
-2.3319223
4.564393
2.2683914
-4.014753
-1.3779647
1.0863434
-2.2390711
-3.0165513
0.028904036
-2.8228078
-3.3709657
1.4100368
-0.11792949
-1.5848031
0.42021877
4.3199086
-0.77612287
-0.85263354
0.84511054
0.98032707
0.06795922
-0.16812795
1.5851482
2.159041
-1.7435707
0.49467632
-0.9128465
2.4171112
1.8958707
-1.26546
0.48562872
1.6860855
-0.32643032
-3.880505
-0.20273608
1.8177015
1.1269535
-1.261686
-0.5667951
1.6543529
-0.91129816
0.4573293
-5.732333
0.94480747
-1.8243215
-1.2201084
1.0207018
3.9022794
-1.6574216
2.4160628
-2.2524314
-0.30635238
0.56593806
1.2110711
-0.17768264
0.76683587
3.6165988
0.041819237
-0.8224815
-2.4278057
-2.347078
0.87670517
-1.3971087
-0.53589827
2.3443236
2.6025522
1.586286
-0.7473902
1.4265205
1.5332129
0.6395334
0.9981005
2.6598938
-1.189538
2.5466893
-0.19177037
-1.0312489
-2.760748
-1.0999808
0.36659974
-0.62196094
-2.1770515
-4.0369854
-1.7453442
0.599955
1.7365488
0.46339473
-5.9633245
0.5444792
0.25241703
-1.8635367
-1.3074341
0.42020893
0.48006985
2.3289032
-0.95267105
-0.7086942
1.9890814
-0.4043605
0.4649608
0.2710547
-2.3478792
-1.3294206
1.0756061
-1.8721503
-0.36096397
-2.1768374
1.3576142
0.1509907
-1.287437
-2.7034
3.163751
-3.105672
-1.7712594
1.5933099
-2.469605
-3.4171896
-1.1593678
1.264556
-1.8643979
1.9539521
-0.8746272
-2.3457456
1.5981214
1.5789353
1.549127
-2.855527
0.4360073
-2.5271564
1.9970363
-0.09790569
-1.1103427
-1.1987096
1.9660293
1.7323521
1.0931224
-3.9195075
1.0781878
-2.9472933
-3.7480774
1.6347924
3.1572185
-0.018605895
0.28296188
-2.6741471
-1.4904714
0.4467681
-4.2129884
-1.469144
0.47410327
0.8182863
-2.5288675
0.07183681
0.007651329
3.6860998
2.0327039
-2.628325
1.1432607
0.63034075
-0.76788986
2.4004822
3.614666
-1.9583826
-0.9618264
1.0645975
-0.056786023
3.08059
1.5791181
1.6702839
-1.3471608
-3.2482042
-3.4215503
-0.19959837
1.2252115
-4.3147097
-1.4735843
-0.58550066
-1.1495016
-1.0132295
3.173948
-3.3379536
-0.6739182
-2.570836
-0.53535306
1.4472463
4.686093
1.4495664
2.8690088
1.0237235
4.6742387
-1.2918729
-1.2086264
1.4822538
3.7026348
0.8543489
-1.1129613
-0.26086903
4.483672
-2.6483095
0.5894656
1.010947
-1.3941112
1.6949192
0.23044017
-0.65739226
-1.8400252
-0.69345933
-0.12756166
6.1094217
0.6452032
-1.8422116
0.54364175
-3.5404527
-2.777676
2.4522066
-0.13195848
-0.38369018
0.5688023
0.44114774
1.2730187
0.52015173
1.1010393
1.4073787
0.20706496
1.5713044
1.9903327
-0.7800033
-1.7163103
0.56423897
-0.6014416
2.1617856
2.8259249
-2.6043644
0.9954584
-1.8839809
0.65423346
-1.8480961
-0.79290664
0.81529796
-0.8769255
0.31717938
0.055437814
-1.3745604
-1.3846091
0.6597711
-0.76135874
-2.1764286
1.8617806
0.4396279
2.1526318
-3.6453576
1.0871032
1.4202987
2.224419
0.23578832
-3.876583
1.378913
4.7558985
0.9740168
0.3326346
-1.6150082
0.046395488
-2.0158637
1.1602689
0.34725267
1.1469573
2.187311
1.8295908
1.5556151
-2.158745
1.8336364
2.9534645
-0.31054464
-1.4440026
1.4294142
5.640612
0.89479035
-2.4080725
0.4082588
-0.62331367
-1.1933268
0.120147154
-0.713319
-2.309607
-1.4466641
-1.6466357
-1.7455816
-0.5742825
1.4597572
-2.541547
-2.8790557
-4.572576
2.4170265
2.4123704
1.4348792
1.806855
0.35199648
3.2572222
-0.49889523
-0.040339954
-1.2743195
-0.6946934
-0.080748014
-0.32783028
2.436698
0.3844189
2.4568033
-0.087431915
1.4085648
-1.1545188
-1.0114772
-1.4669325
-0.74436694
1.0908359
0.500103
0.0053751096
-0.48856473
-1.6807728
0.018265083
1.7632213
2.807047
1.8879683
-2.340983
-0.046830736
-2.527133
-0.68813723
-0.91374516
3.563946
-2.1478753
-0.83174855
5.198761
5.2732964
-0.71792316
-1.7342381
2.7123086
-0.7962003
3.2954507
-3.746426
0.71739906
1.5286644
1.5228151
-0.32176566
-0.4449285
1.7259641
-0.3435042
-1.49036
-2.8476758
-4.5020127
-0.1567211
-3.0696154
0.6470971
-0.5903059
-1.6642166
-1.8488278
-1.2524803
-1.5028772
2.242736
0.095553935
0.016888928
1.8084631
1.0323994
-2.2757328
-0.3207831
0.52082074
-1.9046843
-1.4108236
-0.7258307
-0.50562656
0.44558418
2.2569785
0.36725777
-0.2940546
-0.542062
0.2689845
-2.7871659
-0.748663
1.6120244
3.043056
-1.0138546
1.2575141
0.113512054
-1.7854235
-1.3282107
-2.232445
-0.9093907
-2.7791774
-0.9522693
-1.925441
-1.4580494
2.1119525
-3.6099346
0.3849363
-3.1734328
0.10503505
-0.8055592
3.8940272
-3.6254976
-3.2102234
-0.19463295
-3.407347
-0.4634385
-2.0615675
-3.8034554
-1.2432166
-0.17351097
0.8904456
0.7774026
-1.8327508
-0.67201126
-0.709635
1.45176
-1.0049524
0.60559505
1.7669615
-1.5222174
0.24372205
-2.7086837
1.2200238
-0.7254169
1.0320512
-1.283834
-4.294697
0.99275017
0.6287654
0.82639426
-1.7600693
0.7145722
-0.9968886
-1.9150742
-1.465773
1.7331749
3.313484
0.54058254
-0.27357882
-0.1471996
-0.89834964
1.4916841
-0.43879455
1.5329629
2.1055803
-0.22321814
-0.40362594
2.9945679
-1.2642251
-1.2177305
0.34321865
-3.1297724
2.043918
-1.7588123
2.4877625
-0.86081314
0.77964675
0.042975396
-3.668746
1.5415175
-1.4384421
0.8077979
2.0002642
-0.20969301
2.0884907
2.1709967
-0.5273186
2.4524224
1.383456
-2.3314188
2.3109908
2.156496
-0.023253411
-1.5305762
-3.1519563
-0.73785883
-0.50511277
-0.4492384
1.2754024
1.6738515
3.8515942
-0.48868218
0.13911435
2.164446
-2.4843848
-2.8213027
1.3082397
1.060791
-3.925945
-0.005508706
0.21805151
-3.1853342
0.4231842
-0.37729716
0.033501074
-1.4358431
-1.5127693
0.03248737
-3.9210253
-0.11626282
-0.4036399
-3.027939
1.5466195
0.46116108
4.1714654
0.5413437
-1.0045354
-4.227845
-3.6095498
-2.3981304
-4.7362514
-2.5463424
2.9315035
-2.426383
-2.9250696
1.552949
0.7382355
-0.853165
-1.9451011
2.8817525
-0.46708274
1.9869052
-2.4951296
-0.61407644
1.0677476
1.6338179
-1.5404027
-2.4878151
2.342015
0.17114487
-3.5800743
0.39155993
-1.2953423
-1.0462104
-0.56051266
2.3781834
0.30337495
-0.403174
-2.4547913
-0.08892875
2.9025238
1.3168863
-1.5941662
-0.39080486
2.6511638
0.041410614
-1.6858712
0.73225594
-0.47158322
0.7242216
-2.383768
-0.48408675
-1.6744847
-0.66764915
-1.0040755
-1.3084493
-1.1446291
0.07085125
1.387754
-1.3399193
2.3734775
-0.34312773
0.6393019
-0.29941347
1.1445854
-0.7917218
1.8433143
2.4257054
-0.30699772
-2.8237236
0.43909442
1.459557
1.4483848
-3.774046
3.2150586
1.3419529
-0.22955704
2.5465558
-1.4503535
1.1316694
-1.626703
1.3187153
1.9414083
-3.7833135
0.5434032
3.663632
0.09482919
-0.60243726
0.8624363
-2.7455711
2.1713305
0.7828216
-2.629166
-0.41887188
-2.4677792
-2.3293643
2.4881618
-0.8745047
-0.11087841
0.21773954
3.0172179
0.45685515
-0.8619436
0.55756
0.047839537
0.4233655
2.1350732
-1.0545241
0.279516
2.3757875
-0.5610658
-2.0123336
0.54132736
1.124176
1.1100761
-2.0800116
-0.013226092
-0.15507278
0.92524093
-2.01691
1.9295881
1.8615856
-0.6375315
0.9862339
0.34001645
0.62418956
-1.1046941
-0.38757604
-0.8415596
-0.324928
0.16773954
2.1426249
-0.73637795
1.2990257
0.49418533
-3.2106502
2.3655057
1.1173179
0.7780389
1.3649979
0.5526799
-0.27726164
-0.74719703
-0.45265627
0.11034015
2.5393357
0.09668146
2.065025
-1.2563149
1.2844952
-0.75704336
-0.44166648
-1.7670381
-2.3281279
-0.36114195
2.5767512
2.007052
-1.8056419
1.661365
0.69573385
-0.61384654
-3.5710192
1.0748662
-0.10473538
2.3249426
-2.5247557
-1.2307125
3.22927
-1.0836251
-0.42415774
0.5876546
-2.3198156
-1.6738826
0.4311704
-1.0300361
0.3852915
0.99526304
-0.41199386
-3.2691855
-0.5310179
-0.44447026
-0.084422395
1.5671661
1.9886402
0.33066213
-2.0063329
2.3024888
0.37146285
2.586517
2.8506484
0.3646539
-1.3126831
2.0413957
-0.6352719
0.635032
3.4475832
-1.4398675
-2.1449163
-2.290099
1.797104
0.7598454
-3.9353974
-1.6532459
1.0716528
2.008394
2.415679
-1.1680104
0.65717685
0.02053991
-3.0902998
1.6080754
0.6694806
2.8654487
-2.4866323
-1.1116761
1.9578832
0.105503924
2.4313805
-1.1826264
-3.7590015
-1.1733947
0.28448412
-2.6770904
2.8912966
2.151458
1.705991
0.752707
3.0082889
-0.2810832
1.2516581
3.1054983
-1.1741599
-2.2933095
-1.3709222
0.3182314
1.2735263
1.6867707
0.32599542
1.0282695
-4.2533054
-2.119763
-0.23895577
-1.1118197
1.3320999
0.3639442
4.2664056
2.3442957
-0.20329389
1.4519091
-2.113603
0.0014003143
-0.047841456
2.1756291
-0.49967772
-0.23126133
0.34826943
-0.060179017
0.7932729
-0.20936632
-1.428113
0.8178704
-4.5410914
2.8993025
-1.5687056
-1.2216855
-0.1941376
-0.07891203
1.0921773
0.9192924
0.9112152
1.0632735
1.88211
1.8978008
2.0754738
1.1680715
-1.699916
1.3929446
-1.9830134
3.226312
0.56846595
-0.49818355
0.2198002
-0.32151476
-2.1994123
-2.1313272
3.9009125
-1.7459118
2.2652667
-2.0846806
0.38296303
-0.37791893
0.0069753826
-3.6332357
2.8974066
-1.1220388
-3.1840703
-1.7800783
-0.8618051
0.9493657
-0.82287884
-0.35199237
0.57196766
-0.69148844
-2.9855304
1.2357631
-3.1118042
1.4683323
-1.9055156
-3.2555122
0.2964268
-0.09460259
3.0211844
-0.83282894
-0.558503
-0.64575773
-1.0683653
-1.4743859
-0.1831101
-4.079198
0.43021572
-2.6057978
-1.9837586
-0.51467687
2.7889168
-0.880462
-3.1820064
-1.4970696
1.8848292
1.1627421
-3.7281322
-2.565609
-0.33272126
2.0340204
2.4685736
1.0030276
0.35157508
-0.4178038
1.359039
-1.6864574
-3.4366648
-0.3195738
2.1232283
-0.99713176
-1.8156234
3.7157109
2.4666944
0.9389073
0.31127644
1.4503025
0.2030401
-0.82450765
-3.594747
-4.9697905
-0.43788722
1.0627989
-1.4384822
0.97721124
-0.6983317
-3.751032
-1.1208076
4.3374906
1.6339031
-1.1109526
4.4360394
0.98124015
1.4354326
4.0055246
0.2524559
-3.506783
1.5270743
-1.436994
1.3757498
0.98632216
3.941376
-3.6554012
-0.86301
0.20505741
-0.96586776
0.48398578
0.68203485
0.2498509
-2.9447916
2.478644
-0.37444726
0.7832153
0.4134242
-0.7675003
0.35299087
-0.7381472
-2.353502
-3.0669186
-3.2256331
0.76578826
-0.19630772
2.1308403
-2.7336874
1.6098875
-1.0873456
-0.63431495
0.17656839
-0.78403425
0.828844
-1.9662682
-0.2995615
-0.41841894
0.7316726
1.5345361
0.8043338
0.60004526
-2.9245632
-2.4701376
2.0145252
-1.4239804
0.38287747
-0.13047257
-1.7491016
-4.681329
-2.3213172
-2.2197888
-2.784933
-1.125323
-2.362873
0.90419585
-1.4560958
-1.8134141
0.2992474
4.2189646
1.6744001
0.20728004
-1.4916669
1.0926747
0.14911005
0.6607643
2.243841
-0.29729936
-0.12733454
-1.3582985
-0.57737195
-2.4888988
1.0409981
1.8406618
0.70723337
1.4901142
-1.3103185
-1.8027887
0.6490642
-1.9051853
2.0152364
1.393385
0.6196771
1.5485538
-4.4715886
2.3794746
-0.21075237
1.3660495
1.4856523
-1.2873343
-0.4506033
-0.813673
0.14592373
0.75363153
-1.599583
-1.6170695
1.6298708
1.2206028
2.5776043
-0.30911642
-1.3006796
4.4048476
-0.0040187016
-2.7055674
3.667308
6.0274715
-1.1664562
0.35328528
4.829912
-0.23881397
2.447353
-0.34185386
-0.4719156
-2.1118188
-4.006431
2.690937
-1.795455
-0.8227242
-0.1306001
-0.5936511
-0.8188806
-1.3506916
1.5016335
-2.3117404
0.8758946
1.0212932
1.5568309
-2.1336584
1.1400751
-0.8745057
0.37436628
0.2715499
2.5903006
0.29389215
0.7545029
-0.61096907
1.2337068
-2.9819024
2.2644403
-1.6537418
-1.5415621
1.6213909
-2.1200871
1.5281255
-0.40850407
-3.1489358
-0.9578568
0.76863575
0.7227209
0.75783294
1.9448218
-3.7073855
0.5986476
1.3332138
-0.11607894
1.2574149
1.024599
-0.3051827
-1.1532191
-2.1170042
2.2402275
2.5981014
1.6223001
-2.1220284
-0.7390632
-1.2172307
-2.0209267
1.1600249
-0.4207157
0.50275004
1.1149898
0.16967958
2.5552285
1.0391632
-2.0837605
-1.7153842
1.6925379
2.3472383
1.8705322
1.5511417
1.5510223
-0.80089915
-2.2641118
1.5424706
0.6789428
6.4926815
-0.8759856
0.27896956
0.5165319
0.25187784
1.2661581
2.779587
2.471817
-2.858363
-0.36520442
-2.0485468
0.023677997
-1.4961604
4.83018
-2.1153958
-1.216281
2.6014547
-0.9781235
-1.8579034
0.25783193
-0.7308171
-2.8929093
-1.4045553
-2.1502852
2.2718337
-1.1209589
-0.582343
0.52331185
-1.0265145
0.064679116
0.28338677
-1.7579145
2.8210196
-0.5329766
0.7295499
-0.28217617
-2.5169244
-2.2318244
-1.319553
-2.2531884
-4.0641675
-0.53980196
-0.2360321
3.1050184
1.897638
1.9244773
-1.0048021
1.6798025
0.20777419
-1.3525957
1.5688846
3.3730533
0.04373803
-3.8241196
0.101442665
-1.6128485
-0.31397527
-1.9109006
-0.31028688
3.6776552
0.9024855
-1.283623
-0.15383029
-1.9362547
1.0871536
-2.7162397
1.1573255
0.87044203
0.5378625
-0.06767413
-3.0941617
0.26422006
3.317767
-1.0230935
-1.2962238
-2.2014375
2.176825
2.5887835
1.2228924
-0.5493973
-2.2051415
-3.346172
-0.99449754
-0.16740204
1.6997623
-2.8008327
-1.2321734
0.92415786
1.8893
3.2433417
1.5621527
1.8856331
-1.4664847
4.497081
1.4106591
0.15821443
-1.4456189
-0.9428542
0.7057095
-0.23542938
1.7965142
-0.07913799
-0.92157906
-1.4370196
0.82545763
-1.0746908
-1.4392675
-1.5507178
0.5427729
2.3503375
3.2109332
0.43479455
1.7672037
0.6417926
0.8909251
0.89198065
1.4525898
1.8131124
-2.857104
0.2510199
-0.22029224
2.5185971
3.6061316
-0.07331833
1.6241109
-2.7298548
-2.804248
0.2878381
-1.3504372
0.7864647
1.3070647
-0.056231104
1.1836511
0.21606083
1.6831768
1.1383988
0.9283054
0.07971897
2.2395887
-0.17900135
-3.3588293
-2.2425325
-0.9735022
0.86643964
-1.0816344
0.19524267
1.1510811
-4.68392
0.061203346
-0.20957062
-1.4902619
-0.40345123
2.2579653
-1.8463906
1.2603317
-1.2692462
1.9499066
-0.22102484
1.82005
2.1372564
-1.5193952
0.63311636
0.5991485
5.458532
-0.8608202
2.2402937
2.1968338
-3.108706
-2.9599423
-1.2558063
-2.3294058
0.03252182
2.546493
-0.75956166
-1.4110868
4.05649
1.5926688
-0.40418857
2.816655
1.5673653
-0.21322255
0.7528385
-0.5936929
-1.0860655
-0.2134921
1.1571964
1.5237181
-1.5718383
-3.114924
-0.8957767
2.0019348
-0.40842226
0.8488462
1.9767693
-3.502389
1.2468263
2.0150928
3.0605006
3.7988582
-2.5369408
-1.461192
-2.0194888
0.34682775
1.641574
-1.26434
-0.8999877
-0.19728269
0.5354369
2.2881134
-0.2895377
1.2158217
0.764083
-1.4288373
-0.45795822
1.962706
-3.40092
-0.23160091
-1.3552318
2.633362
-1.3061073
-2.2256086
1.7472944
-3.1248317
-0.36459142
0.3160982
2.765763
2.9254625
2.87906
-2.7075377
0.0036964156
-1.527832
-3.627347
-1.6590091
-0.055584084
1.4895476
0.75719434
1.317688
-1.9663429
-1.3112077
0.817781
-3.4634206
1.5979548
-0.972945
-1.0611081
2.724776
-1.2917508
3.6694188
-2.8332949
1.3407576
-2.445693
-0.23728803
-0.8175386
3.2034688
4.247706
-0.9963516
2.099488
-2.9557533
-0.9011516
1.8659997
1.6736612
1.7041693
-4.691305
-2.9232693
1.8627795
0.7819953
0.31104308
1.264253
2.0360124
-0.62459075
-0.64269036
0.09499353
1.5946903
0.5131773
-1.7824088
1.8310056
2.2097836
4.1778526
0.7369777
-2.211204
3.2779877
-3.3262036
-0.23995923
0.63383335
0.9147626
0.8804727
1.5325143
2.569985
1.1962357
1.5298612
-0.115648285
4.540787
-1.4000368
1.6083666
-0.066724636
0.32826954
-1.2568523
-1.9443702
-1.9805344
-0.49479002
-2.0426633
-1.3232657
1.2363702
-0.70510334
0.74950576
-0.3881513
3.381949
1.5169367
-2.7564332
-2.2763932
0.8764311
1.3965007
-0.7067339
1.5544096
1.987599
-0.91390777
-1.5182074
-0.31391206
1.5689869
-1.2598925
3.8458388
-0.30495292
-2.7012167
-1.0243487
-0.6628865
-2.5483131
-1.06605
2.9844456
1.3382951
-0.5139256
4.039669
1.9654877
1.8521701
-1.122602
-1.1319073
0.73182505
-2.500718
-3.1626785
0.2550771
1.1860807
-0.55699974
-1.3226827
-3.9550688
-3.2411637
-3.1233838
-3.7615457
-1.9163498
-3.2531123
3.057676
-1.5965966
-2.9639754
3.4453945
2.9293907
0.08351681
0.5432674
0.2113885
-3.4491584
1.0791671
1.87427
2.2542024
0.1969766
1.4376771
-0.5156202
-1.7255034
-2.0198584
1.6705816
1.5641631
-1.8551894
0.1668825
1.4995633
0.8719558
3.4133205
-1.8429365
-0.88328713
-1.4742128
-0.9758646
-3.5143373
1.2756611
-3.1535885
-1.3742659
-2.6207206
-1.8122364
-2.4132035
-0.7188278
0.40458757
1.7191349
-0.83210564
0.086717226
1.1332
1.4521197
2.6636145
4.6213093
2.1100664
1.7728941
0.55406815
2.8101285
0.5861155
-1.4272813
-0.6531558
-0.25079557
-0.7498738
1.9055221
-0.083811976
-1.929525
4.161948
0.16539243
1.2280993
-0.35360876
-0.94006085
-1.003085
-2.3021684
1.734462
-3.3541994
4.01649
-0.42577422
0.34064028
1.6727867
1.5864526
-0.4288122
-4.9228826
3.1774395
4.7564836
0.39922962
-1.3616543
-1.1794434
-2.3381844
1.066468
-0.17111549
0.940517
1.3068733
-0.38924703
0.14478333
-0.8628664
-0.44885847
0.3052033
0.37627843
3.655588
-3.175017
1.9654442
0.51901215
-0.115836404
0.11339462
-2.1722574
-0.73330396
1.0497943
1.0262903
1.5588603
0.7557993
-0.90824956
2.6451068
-2.281068
0.57990867
-1.6535175
0.8636599
-1.4071101
-0.24625133
0.61753184
0.94871014
-3.1238005
3.2769847
0.012373373
0.7251153
-0.12062899
-0.13565528
0.13452518
-0.55133045
-2.2232778
-0.18048352
-3.4248745
-1.366921
-0.0987396
-1.0803858
-0.90545344
-2.1593852
-0.42427826
-4.466769
-0.952343
2.404676
1.3783982
0.98435813
0.9689522
-4.8093452
-0.116816305
1.7419907
3.7561202
-2.0074723
1.7507277
0.2321108
1.9750696
-0.4565026
1.2376038
2.5698225
-0.4479091
-1.0026238
0.6273666
1.1377506
0.28579894
2.3223712
-1.1997746
-1.9093938
0.5720724
-0.1787166
1.60297
2.408106
-0.21425667
1.3731893
-3.0115564
3.710574
0.44120145
-1.227037
2.5798469
-0.7771293
3.681161
-1.0111648
-0.8409911
-0.8852
-3.5553513
-0.47791404
-2.136344
-1.2521696
2.234233
-3.421204
-0.8163949
2.3159406
-0.13531199
1.6974741
2.3554492
0.45849025
-2.229562
3.4410248
-2.3631728
1.1517134
0.8229513
-3.0783665
-1.1759533
-1.2640996
-1.0208638
2.0864918
-0.6867226
-0.3301854
-0.16743736
0.69748205
-2.0033343
-2.684758
-1.9526856
-3.9381304
-0.4673219
-0.77686685
-1.457468
0.98640245
-0.4718477
-0.86454797
0.03789235
0.26478264
1.3060099
3.9407518
-2.9296038
0.23755887
-0.16519457
-0.7152845
-1.9460933
0.9653232
-0.821703
0.48241904
3.0036426
0.038710847
2.4841037
1.0588589
-4.833865
-1.714778
-2.9798899
2.0196075
1.3244869
0.20485778
-0.6221532
-0.81344664
-1.8202105
-0.95278376
0.2786644
-1.3273665
0.16210541
-4.690485
-2.7733488
-1.2657619
-2.5660725
-0.09804349
1.216521
-2.6561313
-0.3099984
0.038892392
-2.5665705
2.9801848
2.5336342
-1.2209742
-2.0792224
-1.3630383
-1.4561781
1.7297505
-0.78991616
3.0183935
-1.914
2.3657062
1.6706295
0.5706747
0.3068068
-1.024147
0.3136355
-0.37027678
-4.351477
0.15953541
-4.140928
-1.6506773
1.8100253
2.7195687
-2.267992
-1.9597943
-0.23215474
0.63738394
-1.5231314
0.052699115
-2.879994
-2.4999714
-2.067578
-1.3354003
0.09150844
-4.2999988
-2.0991015
-0.9019929
-1.4663922
2.841668
2.1705964
1.9230144
1.4980276
-0.66260153
1.2873324
3.2399473
-2.0495846
-4.244654
2.0575538
2.0646706
0.97305757
2.454924
-0.76421285
1.4679142
-0.6253331
-3.156666
0.9102059
1.1478006
-1.3554394
0.641468
-1.0417106
0.5322918
-2.2953162
3.8960009
3.424974
-2.5947816
-1.8898151
-0.42206147
-2.7169824
-0.02251365
-1.2992411
1.2825125
1.0204684
-1.0168458
1.1993618
-0.51606774
2.2899826
1.0847735
0.14116368
-1.7841549
2.8808308
-1.6659154
2.2603326
-3.1931818
-1.9592322
0.045808442
0.07274518
-1.7227768
0.2174834
3.6330388
-2.3624003
-2.323654
-0.87534595
0.10386986
0.007395789
2.7623022
-0.9451485
-0.72062945
0.38366416
0.358891
1.6056936
-0.21756834
1.5662079
-1.8374851
-0.6746384
-3.3338704
1.213855
-2.0362594
-2.214887
1.0588028
-2.5166287
-0.6212999
-1.3082788
1.4476953
2.596563
1.1627395
1.7186401
-0.32292458
-0.549113
0.48451293
1.9619138
0.53915775
2.0466352
1.9059702
-4.871065
-1.1348559
1.2034714
0.40173465
4.04624
0.32630074
-1.6591191
-4.2413654
-0.16190076
2.3864512
-3.3538303
-1.4861329
-1.1760639
-1.2839813
-0.5759478
-1.7358341
1.9604903
3.697258
-1.0015271
-0.37985906
1.7509851
0.7856531
1.0112082
-2.372114
-0.011970155
-2.7253633
0.8645366
0.0668127
-0.33941013
0.7726676
0.32398844
-1.6138618
-2.3648493
-0.16735032
-2.3672044
-1.0252106
1.4904159
-1.03409
-2.4316761
-1.1437011
1.8627592
-0.526801
-0.8459046
0.35867018
-2.5817487
2.0194602
0.83087623
0.6588167
-1.7701098
-1.8343631
1.5072072
-1.186667
0.4365296
-1.8775753
3.359425
3.8386838
0.20662317
1.984942
0.9999639
2.4734309
2.110811
-1.2903305
2.0235322
-1.4319518
-3.213228
-4.0528855
0.2587771
-0.2031856
-1.3754693
3.202817
-2.7895792
2.085748
3.3029072
0.05837267
-0.08839669
-3.2714684
-0.0009326339
2.2952268
0.9527401
-0.16037078
-2.0927036
0.9181135
0.41769227
1.3818258
3.66085
-0.22253212
-1.2784487
-3.5500715
-3.4048576
-0.10043231
-1.9987047
-2.8463495
0.8392227
-1.0562236
2.3946168
0.47576663
2.8159695
-4.17816
-0.004743576
-0.7683389
-2.8186984
1.0962037
1.5616338
-0.59221464
1.4789404
-0.2700768
0.33303842
-1.611358
0.9658793
0.9382861
-2.1329353
-0.24949375
-0.5675985
-1.109424
-0.853687
-0.5637615
-0.2715401
-0.31456867
2.3378344
-2.194494
-0.7474874
3.6526377
-3.7425818
-2.9391463
-1.5889571
1.1558995
0.56846213
0.720626
3.4637573
2.379656
-0.6108357
-1.5841938
-1.1900969
0.02924411
2.2607315
-0.9996468
-0.7348724
1.485352
1.7776109
0.7991193
-0.1352021
-1.2920097
-1.1472481
1.2085056
-1.1511431
1.2490289
-1.9660403
3.37936
0.30466947
0.700218
1.2507695
-2.2181563
0.6491118
-0.33516333
-2.2873769
-1.6514761
0.29802346
-1.6307954
-2.1519532
2.4600592
1.0999826
1.3115606
0.6899327
-2.7440119
1.020773
0.14461821
0.11215183
-1.318365
1.4174427
-0.67693985
-2.1374407
2.310925
1.7124584
-3.518507
-0.67116934
1.8579646
-1.4102118
-3.2817578
-0.34181666
2.0052068
-1.1117104
1.0620888
-2.374636
-2.7722323
-2.7062893
-0.9659823
-0.050341256
2.360561
2.2234197
-0.8994426
-1.4177815
1.3175985
1.4219068
-3.135001
-0.20273116
3.2170582
0.48953915
-0.92577994
-1.4840895
3.086673
0.34536046
1.1671941
-2.241288
1.2640691
3.309318
-0.20638743
-2.0524151
-0.47579697
1.3265392
3.8900168
-0.8735455
2.6431553
-3.007898
-1.9100292
-0.9090543
1.3193154
-1.3060054
-0.7142338
-1.2609646
-1.1605926
-1.0774968
0.8234452
-1.0644436
0.45709231
-2.1767843
0.32214656
4.083707
2.866187
1.831693
1.3373837
-1.4719325
-1.8745672
0.29266402
-1.5399343
2.0299132
0.39256725
-0.28776383
-0.26803544
0.07977626
-0.43713427
0.9551795
0.5234815
2.0902717
-0.4174765
-1.1594555
-2.9138217
0.48267075
-2.5558188
1.170591
3.0115035
3.0642703
-0.30775732
0.8119607
-0.45327824
-3.3991501
0.5686416
-2.1665673
3.4612436
-1.1534653
-1.4189104
2.8960671
0.27233526
0.15790138
3.2188153
0.5867945
-0.486929
-1.9303272
1.4725255
3.4606225
0.8433657
2.5892944
-2.279418
0.675814
1.3439952
-0.92275023
4.8516517
1.9055243
-2.4199562
0.64283687
-0.07468257
2.2444386
3.3633838
0.99613255
0.4314936
1.8278728
-1.4610156
-2.5824687
-0.52362126
1.7766389
-0.4126361
-3.4932513
1.3283607
-0.6229291
-2.738265
2.4420443
0.25902128
0.8535054
0.16493317
-2.9601007
-3.0887227
0.20765522
1.6447524
3.1066396
2.5614314
1.6676711
1.2925934
-1.2599905
0.8622654
-2.114614
3.9680264
-0.8018876
0.53423375
-0.78333765
-2.4894142
1.8265609
0.7244068
-3.6054955
-2.1474197
-1.9612689
3.200685
3.2578034
-0.9105909
0.6729272
2.5797658
-1.3491788
3.2147636
-2.943192
-1.300967
-0.97804564
0.4230301
-0.8870636
2.4503403
2.852249
0.18886451
4.486253
0.08691734
1.3330219
0.7540065
-0.6137576
-1.8717029
-2.4525287
0.11049877
0.17184898
2.6856694
-3.6838138
1.1535535
3.2840607
0.07036088
-3.2661843
1.0817971
-0.053419173
2.6251633
-0.41712886
-1.7481867
0.42746285
1.1001334
-1.5755976
-1.0806857
-0.44051692
0.0037618391
-0.94221205
2.834579
0.75372994
-0.47755343
0.8265697
-1.3882878
1.3958056
-1.2924948
1.3466017
-1.023874
-0.924143
2.4657562