Netica
4
0.3500928
-3.161568
-0.5352858
-2.9494455
-2.124776
-2.2392042
2.6238773
3.2913506
1.9134367
-0.21931958
0.06640529
-0.18195176
-0.6777333
-0.6380601
0.030997649
2.8540072
1.4163803
1.9783514
-0.37199935
-2.2157207
0.9752755
1.0920391
-1.13352
0.8520721
1.771802
1.483173
-1.7805068
0.54396045
0.07734308
0.33506146
0.4180277
-0.47771788
1.4143156
0.0010981634
4.0295672
-0.3313847
2.118543
-0.2819661
-1.1788595
-1.2152163
-2.6471727
-0.23341292
1.0653591
2.2832313
-3.1924992
0.44834757
1.2499137
0.8678107
1.4175144
0.2976485
1.8844272
-2.2569182
-2.2112527
1.0030909
0.5885696
0.001012139
0.9440266
0.66050625
-0.107245214
-1.775478
2.7880883
-2.8709726
1.4146181
-0.43599373
-1.3597299
3.1197977
-3.4945223
2.2162025
-2.664885
-1.803752
0.83153796
-0.35565785
-0.9530917
0.6609846
-3.554074
0.08477301
3.0023496
1.3610033
-0.28893477
3.7424638
-1.9507202
-2.5371547
2.8724642
1.4702849
-1.492263
1.0927998
1.5369949
-3.422265
1.6556224
-1.4246321
-0.47212535
0.14560466
-1.1037521
0.24741122
-1.6563238
-2.5374818
-5.533716
2.1167624
-2.0373666
-0.4585685
0.49322605
0.6132917
-1.5773699
-1.3023645
-2.831476
0.7456733
-0.9081122
2.6204784
1.8553257
3.0858269
2.3836763
-0.87903064
-0.3098271
-2.1724267
-4.4788246
-0.6656774
0.18665558
2.86113
1.974817
1.6492676
1.2619575
-0.4842887
0.9814627
0.19288342
0.28374043
-0.50990975
1.6528037
4.1817107
-0.2948539
-0.12928408
-0.65528864
1.0894414
0.35141563
-0.7508117
2.593163
0.20349239
-1.7384546
0.57453287
0.047656596
-1.8808628
0.9435046
1.0433245
-0.2318044
0.7261375
0.72300524
0.18356673
-0.855678
0.9017945
-3.6052384
-3.2737272
-4.6076035
-0.25851637
-0.5493433
-0.22709346
-1.3250916
0.5369052
0.08701952
1.8627418
4.523826
-0.6653165
-0.3076821
-2.029705
-2.6338844
1.407647
-2.271247
2.697786
-1.1680014
0.27170444
-1.4529818
-0.21316028
-2.6580436
4.0239005
-1.3369864
-4.192879
1.6168588
-2.2211714
1.2740551
1.4072099
-1.1005471
0.3887273
0.6622845
1.9682904
1.7813374
-0.697887
0.99388564
0.96981275
0.5854404
-6.250802
1.619496
-0.8021386
-2.1898324
-1.9041165
-0.69843954
5.346201
-1.8103414
-0.044018336
-0.94958514
-0.41951022
-0.6099806
-0.11123649
-0.34378263
-0.044305235
4.1503363
-1.1076349
1.485012
1.7019864
-3.9378028
-1.487049
-1.1406987
2.592626
-3.1098256
-2.7993927
-0.7551905
-0.20811735
-2.7210689
0.9721651
-1.0870975
-1.561771
-1.3295703
0.5721756
-3.6570733
-2.145734
-0.8249746
1.9301114
2.4088197
-0.94199014
2.2531188
-0.20160347
1.0305437
-3.7067103
-1.0223864
2.3096955
1.6449113
-2.133339
2.8418396
1.9994459
1.1890882
-0.50518787
0.454321
-1.5307865
-0.51643896
1.2127472
-3.3501296
-0.9299284
-2.9876144
5.6947184
3.526299
2.2606823
1.7066553
2.3252175
0.46608803
1.3400773
-0.3543415
-0.620105
2.7029908
0.011276722
-2.9128182
2.2188475
-0.13712563
-4.1460295
-1.7573233
0.5928174
1.6180111
1.7463416
2.8769183
-0.7581925
-1.8863347
-2.2317348
0.23070002
2.1767178
-0.2228916
-0.6104701
3.8619866
1.0395428
1.7777277
4.1098084
-0.22285977
-0.226338
-0.05816161
2.8778493
-6.460882
-2.973232
-1.4765291
2.3323643
-2.5703552
-1.0614663
-0.46408275
-0.30230653
1.3265748
0.73784876
-0.3224302
-1.1980222
0.7399678
0.57262087
1.7814491
2.05202
-1.298212
3.1773143
2.9579053
2.036381
0.936005
3.0234773
-0.998588
2.650512
0.15802486
1.6649067
0.7301048
-0.9429757
-2.839896
0.2978364
0.90423167
-1.005286
1.9782895
2.2067504
3.5096426
-1.660566
1.1229869
-0.34300125
2.4262555
2.798253
1.1806567
-0.39186293
-0.14969754
0.98467827
2.8546205
-0.98059446
2.303586
2.4880576
-0.9619421
-0.44140792
0.51885104
0.95281166
0.56280214
-0.80517495
0.46392772
0.25994444
0.44340456
-0.38408014
-0.17392331
-0.49146485
3.4826314
2.68522
0.7581726
-0.9034731
-4.604408
2.0907755
1.0018967
3.8387458
1.6462716
1.1461935
-2.289291
-1.2748846
-1.5174949
-0.7505082
0.83246535
2.5731933
-2.9607682
1.1714352
-1.2005174
-1.7623919
-1.9283309
2.4847097
0.20289513
1.8906932
0.516917
-1.4978907
1.5818369
-2.3515306
1.4815277
1.9418709
2.6103244
0.6813254
2.4888287
1.4895034
2.285446
-1.5185108
0.4911759
0.7295774
-1.8395458
2.7645912
-0.6014172
0.25384283
1.8929706
1.9529252
1.5673531
2.5264556
-0.5559276
-0.042860344
1.981912
0.70040697
1.0406526
-0.40198007
0.29862317
-0.48350033
0.28454676
2.211541
-1.6457838
2.6990178
0.6546021
-1.5885012
-1.2450854
2.3458562
-2.18655
-0.48757505
0.3421601
-0.018902749
1.7578362
2.7423253
-0.025005393
-1.6974044
1.7600724
-0.7812479
1.6729739
2.916092
0.4355438
0.8798464
1.2242728
4.6934285
4.069116
-1.6822917
-0.5569591
-1.560259
-1.2543828
2.1609964
2.9841144
4.7493687
0.4417645
-0.42588383
3.7468026
-1.0140814
-1.2587051
-4.0004454
0.4360819
0.6220211
-1.3322873
2.5449028
0.8692568
3.3844419
-0.5682001
-1.9318587
-1.8644257
-1.0633601
-1.6827556
-0.43515766
-0.57263356
2.18013
4.0195174
-1.7542311
-1.1423385
-0.07980179
1.2239491
1.2939798
1.3787467
-1.6359856
1.6375953
0.8040272
-2.1263123
2.1588402
-3.9349234
-0.8860772
0.53741544
-1.0093688
0.14641896
-0.46939883
-1.5340524
1.3168046
1.9476973
-1.5037174
1.4372736
0.60024935
2.5122094
-3.6650088
0.61247987
-1.8439034
-1.0990016
0.16422334
-2.569012
-0.5814617
-1.5181673
2.8310547
-1.3567842
0.116616525
5.7132926
-0.7294402
0.77307934
0.9648193
0.63684785
-1.3141605
1.2184898
-0.63302094
0.7275491
4.955622
0.08935915
0.5778661
-0.751948
2.3410416
0.4689922
1.7482204
-0.97147536
-3.633871
0.64034593
1.1354983
-0.676314
0.8657703
-0.6860015
1.8610133
0.16744965
-1.2004119
2.1958845
-2.0694017
1.4289212
1.4225898
0.39374083
-2.5394347
-2.446305
0.16493699
-1.4554251
0.80161774
-0.4016974
0.27780733
-1.9275105
3.2812955
-1.5189155
-2.0292346
-0.72057706
3.6117926
0.6661507
0.5871385
1.1758729
-0.7158146
-2.21247
0.41704252
-0.7810528
-1.6700864
2.6255486
-0.40889367
0.92973
0.8416366
-1.5483217
0.059635557
-1.2538625
-3.8375807
-0.40502584
0.4001038
2.3390439
-0.39492223
1.7238079
-0.35984358
-0.66306424
0.5103469
-0.59214056
-2.3424146
2.2961311
-2.2777052
1.9257032
0.3956775
-1.6285733
-0.8477056
0.6009898
-1.0823724
-2.5059938
-2.4636698
1.6735543
0.6056293
-1.3447225
2.166822
-2.3397794
0.8774398
-1.9225599
0.039609574
-3.01018
-0.11065184
0.58372265
3.289256
4.1372538
1.5508385
0.15378298
-2.412042
1.2532011
0.5487619
-2.9357362
3.342133
-1.251413
0.5550451
0.084779344
0.026631817
-1.3004138
0.12332096
-0.26197082
4.778878
-2.243337
1.5106735
1.3802174
-3.590666
-1.0573294
-0.5120949
1.5911762
2.3285992
-1.5488139
2.541891
-1.0854514
0.8541818
-2.8644207
2.1025336
0.57016355
2.2884586
2.5050368
4.2235413
-1.3677281
1.6823202
-2.1843376
2.7593827
-0.33033907
-0.7158904
0.5251427
0.58075666
1.9483167
-3.5223675
1.4692671
0.052656375
-2.9582624
-1.5069097
3.1259315
1.0451044
1.4679692
-0.15419143
1.4644597
1.5195028
0.19020519
-0.23527682
0.88293993
3.3326685
1.437535
-0.2715231
1.8345402
1.8959408
1.3507029
-2.3359377
-0.93120897
0.5833327
-0.8667735
2.357108
0.24593204
-1.635322
2.310831
0.32975426
0.97704786
0.8036412
2.284959
3.3661985
1.0003037
0.5340309
-1.2298557
1.7675625
-2.987924
2.9464362
1.4538513
-1.6562521
-0.78933287
-0.2816177
-1.2710901
0.36077
0.7964423
-5.106202
-1.2259442
2.4693167
-1.1275303
1.9067698
-2.5569358
1.8302337
-1.3774002
1.2968639
2.751859
-0.30242708
0.7512344
0.58761203
0.06820315
-1.0704927
0.4708426
-0.6537236
4.9421167
-0.16313325
5.074767
-0.47511864
0.6110459
1.27271
-1.9140499
5.0075436
1.5835841
-0.9651209
2.0405495
-0.52390033
0.68144965
3.6644375
0.55189276
-3.8325245
-1.6845535
-2.1018968
-0.5237351
-0.65735924
-0.75270987
1.260306
-1.1996919
-2.1126204
-3.8379908
4.097332
-0.8210532
3.174946
-1.5029283
-0.807932
3.054966
0.17147014
-1.478894
2.4817114
-0.5723251
1.9606683
-1.1215028
1.0162665
0.30212852
-2.0368311
0.3281467
0.30482316
-0.31242418
1.4003686
1.3678876
-0.6998041
-0.7948417
-0.18434751
-0.4520486
-0.25190315
-0.18917662
0.67673576
-1.32505
-3.00528
3.4662354
1.4023147
-2.2870746
-2.724381
-0.8985119
-2.7087944
-1.5890416
0.4316434
1.9342098
0.16745368
-0.18866871
1.5002253
2.0915227
3.3383052
0.8278365
-2.3518553
2.7329087
2.2897058
2.4420285
-2.3592484
1.129477
1.2780907
0.27406907
0.37005976
1.0999537
1.8630431
-1.6804422
-0.31920123
3.5128734
0.60489374
-6.0006094
3.067896
3.3519344
0.8475904
0.031096436
-1.534523
-1.1446522
-2.341144
-1.9568568
-4.9829254
0.20179209
1.7175015
0.05220928
-1.2244841
3.2277446
2.278503
0.3639294
-0.7626658
-1.3212072
-1.6576767
-2.6109679
3.9658067
-0.90644574
2.7886267
1.2435386
-0.2710403
-0.8779155
-1.2598513
0.20347586
1.711593
1.9485742
1.401837
-0.8230797
-0.5572874
1.1490619
-2.3219593
-1.4937214
-1.7932712
1.4732691
-1.9433672
-2.2061055
2.8179002
0.70836073
-0.083628416
1.0526509
-1.1325243
-1.7305334
0.8056198
-1.0387298
-0.9064779
-2.162442
-0.486557
3.6480033
-0.26318583
-3.4068398
-2.8144164
-0.09899267
2.0367422
-0.30421838
1.6738206
0.17308348
-1.5356321
1.7188346
-0.970809
0.04631179
-2.2137694
2.5088718
0.5908309
1.0175714
1.0979612
-0.17724462
-2.7404788
-0.83787316
1.1255649
0.7394096
-2.8918293
0.27325585
-2.5265646
-1.2603673
-2.6649685
-1.0846298
0.22121578
-2.6346042
1.8935144
0.20242769
-0.6311975
-1.2027543
3.1954825
-3.1983871
-0.642113
1.1087353
0.88156945
-0.06733876
-1.4087585
0.42203206
3.3960073
-2.0780294
-1.5192677
2.3495607
0.20764858
-0.8526154
-1.369655
-0.050832108
3.0015411
1.3613733
1.1133054
-1.1978941
1.2582818
2.2576838
-0.3556579
-1.6853507
2.011476
-1.7640271
2.5922165
0.8721305
-3.2213426
0.10792085
3.0074475
0.6728915
0.93178225
-2.2660024
1.5906675
0.5483433
-0.8360471
-0.96318424
-0.22974704
-0.4446622
2.7463498
-3.0724666
-0.23231846
1.6052353
3.2197225
1.7242048
-2.5208275
-0.36492884
2.7203557
2.757135
-0.1537727
-2.0460956
-3.7369924
-2.4749212
1.2726896
-1.9006922
1.6133348
-1.5766238
1.5259533
1.7908194
0.19097382
0.7999335
0.16435714
-3.228568
-1.247088
-1.0983925
-0.4449495
0.29123202
1.8816134
1.1499945
-3.5341694
-1.7901262
-1.425506
1.9859017
2.6719513
-3.1348212
-1.0656458
0.72146034
-3.3913205
0.55641395
1.9621823
-0.10061871
-0.10105632
2.8793442
0.92305005
-0.49653667
2.8304422
-0.17537159
1.5053276
-3.9437542
-0.5384218
2.6596022
-0.8912454
0.71946955
3.7177768
4.5067735
1.5058122
-0.3887292
3.3643606
-2.3063385
0.27700433
-0.7284165
-0.3804423
-2.0658338
-1.891857
0.4530412
3.2576506
0.3317952
-0.39466965
1.0171463
-0.19139573
-0.71738017
-1.5194298
-1.3927182
-0.6076798
-0.55931616
-1.2834123
2.0619133
0.6278921
-0.056573845
1.7015693
-0.5430242
6.798441
-0.6894815
-0.39525422
0.37088445
-1.804326
1.2288979
-2.9929698
0.1298373
1.2726529
0.47051385
0.040761806
1.8921083
-1.6123862
-2.010318
-0.72749144
1.4049703
1.6216208
1.002738
3.3663938
-1.6136613
-0.77675456
-0.5631527
2.879837
-1.0905744
-0.52880555
1.3285495
-1.1244935
-0.99913967
-1.3848157
0.9952897
0.7490958
0.119545594
3.7262297
-1.7769842
0.93856317
1.9718224
-2.3633585
0.8881042
-0.00064477324
-2.5439532
1.4081826
-2.874517
-0.3552863
-0.9221355
2.6905663
-1.4380782
-1.6425493
1.2673452
0.3783947
-3.7351372
0.7975918
-1.8031479
-0.0332238
2.7295625
-0.028551284
-0.41059598
-1.5358173
-0.30813617
2.0249364
-1.6570741
-1.0574902
1.8810464
-1.4487461
-0.91316825
-0.91724366
-0.082227625
-2.4424438
-3.1462023
1.3532667
-0.3712151
-0.24723125
-1.1878152
0.055693425
1.0670729
2.024918
-1.3380585
1.473737
-0.53906614
0.9549117
-1.9360465
-2.4543672
-4.8008075
1.946096
-1.0753896
-0.6124735
1.7484607
0.6963985
1.2449725
-2.5028777
1.4360482
-1.3210571
-0.7725517
3.9378061
-3.5548813
-0.45397025
0.03894662
-1.6036646
3.9792213
0.71353257
-1.2828618
-2.0053453
0.77761465
-1.0076379
2.2400398
2.3963432
-0.77684516
1.3201044
-0.29324758
-0.18208745
-1.0639659
1.575348
-1.5313102
-4.4659038
-1.1612406
-0.9957206
0.54095376
1.486361
0.36184368
0.70486754
-1.8212107
0.3183014
-1.9094955
0.6320116
0.24266115
-0.83847433
-0.5176944
-1.6123495
-3.1552744
-2.2202113
-0.5322267
1.9039358
0.21109352
-0.8085668
-0.7569317
-3.244356
-0.47152424
-5.6573715
-1.0926368
1.4774988
-1.7052876
-0.06045959
1.0841709
-2.6451888
-3.703085
0.19977593
3.1048295
-3.8427563
0.6640478
0.8101811
-2.8861134
2.9219403
2.6864452
-2.5375652
3.084007
0.9552017
-0.8961004
4.369604
1.0126588
-1.1201928
2.1401093
1.6605948
-1.3776195
1.0744839
2.431623
0.32326764
-1.1760728
3.922089
0.6533673
2.7376764
0.74058276
0.29113087
0.44831026
-0.5437202
-0.17791718
1.0802411
-2.4322448
0.25763756
-0.132122
2.4361038
0.80827767
1.558918
-2.9279704
0.54918605
-0.5570872
0.54276204
2.0361032
1.0761261
-0.41179746
-2.2741292
-2.6444275
-0.85726523
0.62372553
0.908329
-1.1201805
-0.8450528
-2.1435943
-0.5694758
0.43393806
-0.08441051
-0.40989223
-2.0163248
-2.0482252
5.444172
-2.7339706
-0.13625285
2.654259
2.925145
-1.0261607
-0.256752
1.013006
0.7557038
1.1306247
1.0830663
-0.11911475
1.2292795
-2.6424634
-0.64901817
1.3842568
-2.5734
-0.9691242
-2.3248823
-0.6114704
-2.04874
0.2345458
-2.037144
0.10534042
0.317489
2.5561147
0.90315014
1.4609926
1.7276326
1.6413777
-0.086774126
0.5096248
2.473923
0.71131235
-1.9989567
0.5598211
0.33701688
0.436337
1.4821719
1.4482523
-1.5787841
1.1558181
-0.56164557
-1.626458
1.2340671
1.2456014
0.09367374
0.68465424
-2.5421915
1.8124738
-2.8711972
1.747328
1.2112689
-0.08605285
0.7891667
3.1583502
0.8591958
0.9969272
-2.3856547
0.9335054
-1.1118647
-1.3175769
1.5055971
1.6636746
1.069103
-0.30694193
0.19236228
-3.1899517
1.6396176
-2.6595464
-4.529588
-0.58559525
0.47182158
-3.7248144
1.4504855
-1.047109
3.2832367
0.14255117
-0.16999564
-3.5287786
-0.6192347
-0.40368855
-0.58560526
-0.023913603
-1.2065314
0.4249305
0.62049073
1.9151115
-0.31271878
0.16093402
-0.3402988
-2.4871337
2.0090775
0.7822589
-1.5445949
1.4516097
0.26919904
-5.90887
3.4709194
1.446092
-3.4683824
2.9509974
-2.4027178
-3.6604643
1.9105532
-1.8328253
1.4867821
0.41808087
-0.104806155
-2.261224
-0.5489187
2.2492726
-0.1608115
1.7685006
-0.24134585
-2.0060897
-2.5267203
-1.2382149
0.6736642
0.91697603
-0.6962728
1.2889304
-0.15041615
-3.2363024
-0.38091925
-1.1174186
1.2999578
2.7468505
-0.8537947
1.2438847
-0.04283671
-1.616316
3.5933006
2.4775958
-0.4550018
0.35285038
-4.022477
-1.6366338
-0.25980335
-0.59080243
-3.3002324
-0.30641156
0.15335785
0.2855931
0.39196023
3.2380404
-1.4314055
-1.2628754
-0.99272627
-2.719654
0.08129111
-1.4088353
2.0694683
-1.5768156
-2.7580748
0.9079923
-2.0367815
-2.230932
1.622096
3.1313653
-0.3718516
-3.593406
-0.61694777
0.32387948
1.6893519
-2.1376379
-0.66005045
4.6064496
4.4953003
1.6216627
-0.3118903
-0.95602864
5.1755443
2.1535068
-0.5332111
-2.4106052
2.530295
-3.7071493
-0.21862066
-1.0624909
0.40691683
1.7665714
-0.16592142
-1.7588679
0.4792186
0.70953995
-1.4521488
-3.2836976
0.44976634
2.491354
-0.53692234
-1.012855
0.29032046
-1.4801617
1.5998532
1.0971462
-2.407512
3.7231755
-1.5762916
2.2880223
-2.0090523
-0.008236721
1.8365483
0.69523734
-1.1649586
-1.8038614
-1.3979472
-0.6865088
3.2968118
-1.1246842
-0.49067754
-0.19135228
0.2669983
0.11033019
0.38086188
-3.5702899
-4.449693
-1.8901681
1.238766
-0.74499077
1.2636817
0.6692136
-0.7013378
0.11513444
-1.2317733
-0.521228
1.0774777
0.10845365
-0.69378304
-0.66573507
1.6939492
-1.2215905
2.6186297
1.2583112
-1.5485083
1.41151
-3.1227603
-0.7379256
-0.30518016
-1.0588317
0.36150417
-1.2861538
1.8451723
-0.24682519
-4.024865
-2.433677
0.81995505
1.0945053
1.0773326
1.7909657
1.0619547
0.9906166
-3.6600745
-0.80707526
3.6121242
-0.7557642
-0.61181766
3.4536054
-1.5844688
-0.3232363
-3.2274232
-0.939426
-0.14152658
0.35478765
-0.34333235
-3.1620939
-1.6670145
3.8400025
-0.06678309
0.53646517
-0.5820049
-2.6816306
-0.77608216
-0.32689026
-0.1426301
-0.86389506
-1.1825422
-0.4976274
1.7632369
-3.8664894
-1.6248581
0.9203954
1.0309577
3.186592
-1.1710703
1.9182265
-1.3859705
1.3749232
0.4838329
-3.9631915
0.24808118
3.0317667
1.2617751
-1.1674681
0.49107692
0.5028052
0.6456839
0.5568661
-0.5204971
0.93472666
-1.022024
-1.6381617
-0.15747342
-0.601341
1.0510043
0.10517389
-0.29111826
3.0564682
1.3290263
-4.2099047
-2.3581853
-1.7895766
0.50006133
2.399837
0.61733574
-1.9656692
-2.6272821
1.122172
0.15391599
-0.46673506
2.6613019
2.3073196
1.5971737
1.3822931
-1.7877831
5.355438
-0.97680515
-1.5094153
4.314149
-0.060418926
4.0251894
-0.754101
-1.2709893
0.9993182
2.585556
0.8135748
1.5440142
1.1293553
-0.98805404
3.0448678
-1.919647
-1.8798357
3.480188
-0.19638291
-4.156777
-2.0507739
1.000194
-0.5285309
1.6584575
2.1824849
-0.13444796
-0.7834962
0.90782934
-0.8483229
2.210028
3.1951272
-3.0420344
1.2085104
0.18305057
1.667862
2.4969535
-2.1191473
-0.12506813
-0.62615854
-2.2185643
-2.5157995
-2.3452425
-2.8072126
1.1616864
1.4212643
-0.56832564
-0.41195673
1.9528642
0.79033995
-0.4298555
-2.288315
-0.65581447
-2.2188756
2.2934675
0.23590867
-0.8596528
-1.634056
1.7120075
1.5786866
0.18691489
0.81358844
0.12166171
4.2276006
-2.1777024
2.508593
2.9936182
2.4058595
-2.8502886
-2.3789725
1.7899168
-0.483452
3.227518
-1.8867959
0.5538657
-0.6304288
1.4386541
0.37497318
-0.4229167
-1.0289134
0.40338898
0.67227674
-1.403084
2.6041355
-1.1220806
1.9049402
-0.26514727
-1.4480097
1.4258653
-0.7315231
1.8239619
-3.2963803
0.5637085
-0.42160884
-0.24068956
2.2286785
2.044887
-0.745675
4.083857
1.5362751
1.8489705
1.6909124
-1.1148218
2.4418824
-0.6268324
1.7815921
0.7737627
-2.5722957
1.1199673
-4.2557316
0.22701085
1.2545607
-0.93628025
2.6805038
-2.1971185
0.3853369
4.50082
0.92950773
0.64676476
0.047227234
-0.25704664
-1.8007315
0.59102935
-2.9620252
-0.43202358
1.2242202
2.6630194
-1.3277868
-5.4498816
-0.02015081
2.7787724
0.028777763
-0.5230332
0.3449316
0.27894756
4.341633
0.14763832
2.1511157
1.3721226
-2.7573054
-1.095149
2.4243913
-0.19942933
1.9332069
-2.7087634
3.1070626
0.23770483
1.1278416
-0.6486837
1.560219
-0.37789094
-3.6374364
-2.1146736
-0.7935135
-0.095090695
-0.6357993
0.43111253
0.84535754
-0.36608097
-0.16868886
0.1703189
-0.6422748
0.18529789
-3.4800115
-0.7444174
4.831406
1.3591192
1.290554
-0.47592273
-1.3639538
-0.010527238
0.020008724
2.8937116
-1.2278396
1.6131355
1.5737702
-2.8686206
1.060175
1.4771224
0.21034822
0.20085073
1.2113206
1.039911
-1.2735904
2.786203
2.2629304
0.57748467
0.42343253
2.3848898
1.74209
-4.2003813
2.8067105
0.50403273
0.35817957
2.007858
1.7786105
0.9069109
1.4724044
-0.70521533
-1.601862
-0.5954062
1.0483205
-0.026881158
1.0784414
1.249547
-2.1567948
-1.5766933
2.0018556
-0.17818373
2.5843964
-0.19616085
-1.1810814
2.7762413
-2.9797823
-0.6001931
-0.7569941
2.1180136
0.08403402
-3.7715015
1.5507236
-1.8591453
-0.5425083
-4.3189216
1.81341
-0.7207804
0.034631185
-1.8298086
2.8333158
-0.4255507
3.2858272
-0.31194422
3.8642263
-1.3536263
-0.7284042
1.1497722
0.04934465
0.7481095
1.1803111
-3.3891377
-0.4225627
1.2846308
-1.0091616
0.21797982
0.6885909
-2.21953
2.227081
0.70480764
-2.9736624
-0.3653642
0.8840692
-1.0432146
-1.5416571
4.035937
1.69612
3.8034952
3.5381892
0.72391087
1.0324007
-1.645934
-2.805731
1.836402
-0.8381493
2.8817146
0.05051378
-3.0899916
0.59221685
-1.523595
-2.2993796
2.595188
-0.37741482
4.1958632
1.3583132
-1.334386
-2.2005057
-0.18656492
-1.6274761
1.8430406
-0.4730061
-2.3195333
-0.35615718
2.195767
-4.291252
0.76543224
-0.00493443
-1.1633313
1.5975738
1.6347206
0.3732388
2.381332
0.9042124
1.5446289
0.76294047
2.1244147
2.3896165
-1.4347864
-4.05219
-0.60733914
-0.83685076
-1.6115595
-0.79446036
2.6012545
1.6657051
1.0886879
1.9695055
-0.34716737
1.1887723
2.1517916
2.9944177
-1.4059968
0.40950963
-2.556731
-0.76520663
0.07919749
2.4479158
1.4493171
-5.682646
2.1398768
0.72644436
-1.8918694
2.2411618
-1.6499444
2.6553767
1.4196132
0.07947866
-0.2290513
0.7715701
0.7819862
1.7017736
0.23607036
3.30507
-0.67133087
1.0098202
-1.7754942
0.19904044
-1.7364388
-0.7722179
-0.8752327
-2.8312087
0.20594883
-1.7894144
4.693791
-1.2890385
-2.114777
1.0627503
-3.1762526
1.0839329
0.4418995
-0.06415617
-1.0846583
2.9908366
-1.1883066
-0.7552201
-1.319205
-1.7817128
3.022925
-1.0069226
-2.3800592
-1.031028
-0.28217933
2.3178196
-1.0182766
-0.5396589
0.04985873
1.1213901
-1.1178905
2.1036067
-4.2741914
0.9748103
0.13734844
0.11561753
0.044410005
-0.826009
-3.467254
0.92239445
3.0568917
-0.6922423
-2.798734
1.4339212
-1.6636298
3.3548005
-0.15622653
0.92268044
1.7539177
0.14343907
1.1023972
-0.017533675
3.5645142
-0.81728977
2.021789
-2.3113692
-1.2314204
-3.131297
0.6957695
-0.2555906
0.9470161
-0.16063167
0.92804193
0.9536414
1.4637232
0.1782062
-1.1744362
-0.79956573
0.51441485
-2.276998
0.7167708
-0.52508193
1.0848142
2.0618813
0.21506104
-0.79401404
0.78119427
0.1329715
1.3129551
1.7370913
1.2266867
-1.4830784
2.3997738
-2.777684
-0.4468249
-1.8614616
-0.6506463
1.7787527
-0.8140397
0.96553135
-1.6649851
3.5754318
5.2114253
2.5849006
0.027123772
0.5676834
0.43530682
-0.20762163
2.7090247
-0.5340122
-0.5834713
1.3872839
-1.5812575
0.23235428
1.2495515
-0.56582963
-1.1357526
-0.48665246
2.3542862
3.0477898
-0.103100255
0.026312768
2.5796845
-3.715718
0.20126803
1.0540202
2.2665327
2.145591
2.7301555
0.9270038
0.04149062
0.04656925
-1.1644269
1.3759197
-0.1783677
0.53690827
2.759929
3.617046
-0.9870873
0.023908421
-0.54491776
0.70705986
-3.1722462
-2.3410826
-0.098646544
-0.21534051
0.9749157
-0.7926538
-1.1658272
1.1843317
-2.1626222
-1.3278614
1.2506541
3.0619867
4.442161
-3.7629342
-1.3454485
-2.9280787
1.7478887
3.541194
2.0858943
-0.14535424
-0.018807065
-1.109107
-0.7844459
-1.0931401
-1.0599675
-2.2165527
-0.488095
-2.0579655
-1.8203902
1.5151681
3.2431545
2.0909169
-0.4172051
-0.22446094
-2.3411028
1.7437882
4.587929
-0.18642226
1.3793688
-0.8553353
-3.8490994
-0.46366507
-2.3125277
0.12205087
-1.9775687
-0.09377425
-2.4420834
-2.2121265
-3.191684
0.60942656
2.3428872
-0.07486583
3.551199
1.4256305
1.1451026
-0.35725945
-1.5214603
4.805239
-3.487827
0.82000875
0.3958953
0.33093223
-1.3249507
-0.555078
-3.1300113
-2.1188524
1.4532268
0.11749833
-1.2125565
0.3330367
1.9172028
-2.182915
-1.5334595
2.456204
-0.7839525
0.17104575
0.06726334
1.0987599
-0.5858221
-3.1938179
0.45090085
-2.7170837
1.3637253
0.11948341
2.367106
-2.1729157
0.35633707
-1.1598074
-0.5965935
3.156627
-2.444803
-3.0235085
2.6463816
-0.53480685
0.873076
-0.27374905
-0.054555915
0.8486445
-2.7309415
-1.0554291
-3.6960418
0.8007281
0.8719909
-1.4695728
-2.692597
4.665679
-0.7432251
0.22311218
0.7745823
0.8622262
0.2803387
0.7031438
-2.3572345
-1.9154823
-0.54166764
-1.1279299
1.3872122
0.48930252
-1.2084544
-2.9542856
0.7890815
1.0031186
-1.2935553
0.16840288
1.7856139
1.7818825
0.43430066
0.5708933
0.07143253
-0.2867083
0.633175
0.8969172
0.49490687
1.7019802
-0.51588774
-1.6611562
2.1662588
3.9606078
0.78028077
-1.916176
-1.0352421
1.4819353
2.3406048
0.03841529
1.0619682
-1.6105663
0.76850843
2.2319736
2.8852477
-1.7570153
0.9442456
-0.3201812
4.0825577
3.712534
0.6446886
0.61827886
-2.4217727
2.697327
-0.038456462
0.14374346
0.07462958
0.57330036
0.19756168
1.3852253
-1.9824487
1.0440907
-8.199379
-0.6561916
3.1155236
-0.6513647
-6.0049586
-0.4984608
-0.501356
2.3686721
-1.1799979
-1.5529089
2.3469908
-2.8233933
1.1177385
0.60642517
-3.8874323
-4.7735686
0.09548357
-0.36389062
1.4974443
-2.9087675
0.1478158
-0.8716711
0.53334796
2.49134
2.2101028
-0.44615537
-1.3508794
-0.68485135
-1.7529936
-0.21973577
1.1545211
1.9740036
1.1830896
1.7257917
-1.2014735
-0.5159942
-0.24667689
-0.20681918
2.8250136
-1.2373385
1.3769743
-0.5484838
0.5835058
-1.4570382
2.2023997
-0.09954698
2.074305
0.94608194
-5.542462
-2.541985
0.9678745
1.2375911
-0.1636458
-0.65462357
1.0362242
-2.7618682
1.6457772
-0.023797646
2.0104816
1.3284868
0.8365401
-1.121392
2.6544483
-0.9897841
-0.30505002
-3.2416954
-0.6808312
-0.45645076
2.7855217
-0.24228683
-2.2693202
-0.465014
0.32282698
-2.6418998
-0.8812121
-1.8566277
0.7200135
3.7490413
-0.60643744
-2.2260761
0.67177725
-0.9243235
-1.2059509
1.7101276
1.112206
1.8126324
0.9843908
-0.53712535
1.895587
1.879273
-2.1031032
1.5836244
1.6343213
1.615228
2.6535366
2.4388099
0.38085374
-0.31532314
-1.0406924
1.5087909
4.248326
-1.5083998
3.6191304
-3.2285717
2.296337
-0.42906123
0.8534504
-1.7751712
0.56990147
-0.45324132
-0.8662213
0.053489044
2.08667
-1.6425762
1.0216161
2.5419412
-0.9884044
1.5377369
-0.2614236
3.2174177
1.559279
-1.4238068
-3.3340204
2.0621035
0.70600224
0.20133317
0.6252352
1.9433981
-0.80395734
-0.26009536
-2.1481605
-1.842338
2.5835598
2.9208083
1.1842033
-1.5211016
-1.9582604
1.8087077
-0.5616251
-1.3999135
0.7613269
1.2690966
1.158536
1.6603236
0.08479699
1.6479231
-2.8307412
2.5608916
-2.7494102
1.1758891
-0.45226002
0.7934358
0.5842728
-1.1274278
-0.17142883
-2.139591
-3.5969942
-1.1561319
0.17792395
-0.7706841
-0.13992652
0.00477444
0.3121844
-1.009173
-1.0622454
-0.8337268
-3.0382152
0.54386204
-0.22072166
3.5798912
0.35240152
2.9779449
-0.57184654
0.5648503
1.8134452
-0.37472084
-1.3895953
-0.7893849
1.0289079
1.2759037
1.7139891
-3.8357434
-3.9050534
1.423196
2.3050334
-1.9776158
2.024614
1.2200782
-0.8730146
-2.8380167
2.9194145
-2.0944405
-0.074000694
1.0961171
-0.5315247
-1.2353578
3.9780343
0.68076885
0.034772858
-2.13066
-2.8644285
-2.6129978
5.00112
-3.4412782
-0.40993333
0.06335379
-1.8582635
1.2485269
-2.6883767
1.5282702
-1.2860351
1.0276979
3.4521434
-1.9402703
4.1502943
0.79835445
0.49089146
-0.85326743
-1.7144914
1.1764145
2.2816386
0.5213008
-3.6154413
0.84271336
-1.3313127
-0.4482281
-1.4910305
-0.4448167
1.2800031
-2.4742794
-1.0091788
-1.7032061
0.41147017
3.7381516
0.28638893
0.43855858
2.5265093
0.6132811
-6.825521
-2.400842
2.189903
-1.5689132
-1.4407915
0.02443292
3.1912165
2.73711
-2.1626897
-1.7521795
-0.8564599
-1.5784931
0.064456776
0.03159927
2.092804
3.965231
0.92779845
-2.5864816
-0.99789554
-0.29939714
4.3026104
0.8889759
-1.810605
-1.0611418
-0.9367898
-1.5774971
-0.5206069
0.40414062
-0.22139329
3.0574389
-0.60384464
-0.40274766
-2.6677437
0.38670814
1.4620069
1.4723209
-1.46875
5.665106
-0.9258006
-2.1823182
-0.12078807
-0.3452557
1.5123018
-0.7669792
-3.899577
-0.6869522
1.5533278
-3.2390413
-0.20752423
-0.34310287
-2.7056942
0.7901814
-1.9032052
0.9483911
-0.74519974
-2.0570834
2.0968888
-1.4955554
-0.29546064
3.6472104
-0.44328707
1.0385218
-1.0119889
1.9175166
2.5491798
-3.8658268
-0.17942145
-0.1257667
2.295137
-0.60871476
-0.81817466
1.4136454
1.5798386
-2.4769585
-1.1993304
-2.7684925
-2.0748045
-0.41229993
1.3327817
1.6049448
-3.0499318
0.3930608
-0.8979104
0.2356978
-0.33669448
-1.6709595
0.94495547
-1.0710665
-0.24093395
1.0130993
-1.1258954
-2.2453232
-0.95237774
1.422545
-0.9736659
3.834294
0.010648608
-3.6266856
-1.604161
-0.8289817
0.35882583
-1.8581495
1.9676456
-3.4998343
-3.0184016
-1.3983594
-2.2484465
0.2676438
3.017832
0.5628153
-1.7641437
0.15634191
-3.488209
1.1514522
1.2445774
-1.5808693
-1.7036982
0.5133416
1.5817908
-3.2957149
1.2645166
2.703188
-4.8482704
-2.3957024
-0.5362163
1.4665366
-1.7823288
1.9529413
-1.0347102
0.10458865
0.71200913
-1.7899677
-1.8870411
0.8379047
-0.643056
-0.7146851
2.4418015
-2.5937343
-0.8359641
0.3622434
1.6692015
-0.36801723
-0.44040188
-2.2874036
-4.3077517
-1.8937291
-1.794495
-1.26614
-0.06907734
-2.0186257
-2.867995
2.617253
1.0755934
0.5271882
-2.9837165
1.7333586
-1.8705351
1.0903155
-1.3206178
-0.73606837
2.4357424
-0.058714107
3.4283476
-2.909609
-2.6418905
0.7535473
3.7449691
-0.04392948
0.4038829
-0.4888585
0.08226822
2.6168957
-1.1403227
2.4337754
1.0360161
-0.6267712
-0.8752491
-2.0146842
2.3928885
3.7197
1.689963
1.661042
0.7626417
2.3009162
1.6191101
1.3195602
0.63620555
-2.6196065
0.34132516
-1.7194592
1.424867
7.9001107
-0.32214725
0.47550848
0.46919087
0.56890655
-3.6752512
-1.6840798
2.046684
1.9607092
0.6939262
-1.4126135
0.22253945
-2.4266303
-0.70821124
-3.4938028
3.2021346
-2.264543
0.66504025
2.6185763
1.3980979
-0.06861291
3.9127722
2.1989331
2.4384513
-0.07331843
-0.42912355
-1.2361766
0.019912958
1.5088645
-3.457034
1.2289175
-3.3510952
-2.20088
1.7873892
1.4024873
3.98105
-1.2876859
0.0004631579
0.30868497
-1.303041
0.13037392
-2.8999548
-0.6982507
1.906118
-1.332539
1.9390377
2.0591629
1.8526006
-0.38093093
-3.2278929
3.2770097
2.1028945
1.8576871
-0.042066097
-2.260738
-1.0212079
0.24220827
1.1556844
1.4444698
0.12324188
-1.9937629
1.4405725
2.5873988
-1.5705614
-4.30944
0.27393022
-0.08736301
-0.07414371
1.3798461
0.9193184
2.1615896
2.0023587
0.01646915
-3.7865322
0.13142666
1.8337418
-2.511276
-0.060359366
0.86024976
0.44265038
0.024896856
-1.5347341
1.8348461
-1.4218228
2.3857613
1.3305326
3.2011514
-2.2675002
1.4170371
0.7559587
-2.1679611
-0.837723
-0.40760866
-3.9278412
-2.5708282
0.8064526
-2.0125723
1.0496389
-1.0562487
1.0116566
0.4245513
0.10740303
-1.2502362
0.10914433
-0.19347674
0.35272473
0.8478176
-1.3404856
-3.5526292
-1.4542881
-3.3095832
0.21656606
-0.26939416
1.6864318
0.42495525
-0.59152865
-0.1360263
-1.0479856
-1.2320414
-1.7782888
-1.9226035
-0.2149346
0.7727262
2.0542905
0.18465975
0.8975291
1.0090004
-0.19764844
0.35311502
0.56665826
0.75146127
1.5169057
0.3740638
1.1678218
-2.3086574
1.1497694
-1.3732663
0.5843345
-1.1078023
1.7449726
0.42905423
-0.75400865
0.13627762
-0.4661888
-2.5022888
4.128692
0.12199072
-0.96986425
-0.004349686
-4.5488167
0.3156592
0.67569786
-3.9865324
3.9519725
2.0604098
-0.34017235
0.055823117
0.3384941
-2.2764077
4.43341
-1.9816544
0.464467
-0.056360338
-0.78129673
-2.7349443
-1.0686574
1.954059
2.9187508
-1.8164492
-0.5510233
1.0645862
-0.14849189
-1.1275334
2.0821774
1.9539793
-0.4623912
-3.5903225
-0.46102142
-3.929489
-2.0608726
-0.78627336
-1.3693578
-0.0011246279
-1.3093716
-1.2569059
-0.6306217
2.4644587
0.009380709
0.9648829
3.2784252
-0.34443578
-0.6353277
-0.5826718
-1.5469621
-1.9870914
-3.8210814
-5.681125
1.235612
-0.8892351
-2.9248517
-0.14810836
-3.8879137
1.4962705
-1.5744807
1.8767115
2.45108
-1.1776763
0.11715417
-3.7541027
0.024846882
0.37100035
1.147491
-0.012163356
2.7367556
2.6744764
2.4088783
-0.08739215
1.9051243
-0.85805154
0.29891825
-3.941798
-2.0170026
0.17271209
0.020962976
1.8024954
0.8803431
1.4532431
0.3623761
-1.6014258
2.6686847
-0.11478716
2.5537868
0.30501944
-2.7115948
0.32379317
0.5451407
-1.4342743
0.065015204
-2.9047117
-0.0017356202
-3.98365
2.9509718
-0.37865886
2.4198744
-0.58843905
-0.8365835
0.11971167
0.8054582
0.38477814
1.0492858
-2.4998257
0.06457633
-2.7601376
-2.4214845
1.0142771
-0.7251105
-0.55258435
0.3470506
-0.82767636
3.2141206
3.7209253
-2.2360024
0.15919201
-4.342147
2.2042375
-1.9134142
0.39823753
-0.079136945
-0.2474995
-0.37739205
-2.2422702
1.4798179
0.65846276
0.03819149
1.5589508
-0.88592124
2.300449
-1.2270863
0.6763612
1.0247153
-2.6103861
-3.7932837
-0.7506993
1.2523451
0.6261411
1.4781647
2.1736994
0.4975978
-2.4826343
1.5565046
1.2139236
-0.9992641
-0.39351317
-2.0403965
-0.60306674
0.16002744
1.0539387
-4.9818707
-1.5223739
1.9902138
-1.7366552
-3.4603333
-1.1449201
0.31268275
-3.0959647
2.3373601
-0.6679951
2.3097532
0.6663052
-1.5259589
0.18600526
-0.3475503
-0.7343902
-2.2291367
0.5110174
-0.09358985
1.0306855
-1.6614605
0.11861426
-1.337452
4.4901557
2.2992084
1.2860346
-0.57254595
2.4995432
1.029516
1.9390057
2.0988564
0.25213456
-0.07390842
-1.2337959
2.7117286
2.5600202
-1.5994865
2.0383427
0.14600432
1.1076262
-2.1893826
-2.3074617
-0.0431311
-1.0348434
-4.0438147
-1.1369534
1.3946062
0.23091778
-0.9343689
-0.9208682
0.3263325
-1.9543864
-0.75206375
-3.42456
1.7778472
-1.5690213
1.2367128
3.1147387
1.028917
0.4037243
-0.66333264
-1.56134
2.3065279
1.3813825
1.762607
0.7934317
0.13905255
0.63795424
1.3593639
1.2430048
3.1236773
-2.796549
0.17446771
-0.5939942
-2.3078327
-0.61511314
0.21869388
-3.4927363
-3.0124202
5.313268
0.3781045
0.7157139
0.04971929
0.9513968
-2.180019
1.4959414
0.82538706
-4.100227
1.2662086
-0.7155725
-1.0155725
1.9326714
2.149595
-1.2528107
2.5151458
1.4196832
0.47575048
0.4483033
-0.24198285
-0.43803656
3.4588568
0.20006247
3.8937857
0.4448985
-2.5494518
-3.4043832
1.7505399
0.9605175
-4.919258
1.6084691
1.0502204
0.23747185
0.1882044
2.0801218
-1.3368657
-3.96858
0.28153437
2.169193
-1.7833234
-0.12777439
0.15830432
2.4422643
1.8156618
0.039238967
-0.61513203
-0.6218644
-0.1868971
-0.37492052
-3.1449003
0.42556602
0.36304525
-0.65987366
-0.0589687
1.7422205
-1.1649628
0.92241853
1.7016621
-0.89579636
2.5408921
-0.9959814
-2.4569812
-0.03172879
-2.064289
2.7121754
1.5041801
-0.34052458
-0.25408748
-0.7907933
1.381297
-2.385888
-2.275566
-0.6364664
1.425246
1.6121496
-0.8293907
1.1184155
-0.52087694
-2.4119923
2.3227217
2.286343
-0.36795214
0.6179219
1.2155749
0.75026244
-1.1418802
0.6587897
-1.9747025
-3.6444595
0.44214278
-0.9244006
0.16626829
-0.2575404
-0.77199167
-2.2731388
-0.91733015
-5.0656714
2.1664433
-0.007229015
-4.0260544
-3.700161
-1.4958634
1.0441425
0.9134887
0.66581416
0.80205745
-1.3518468
-2.3350666
0.92748183
-1.8192513
4.3107805
-0.7389568
-2.0681882
-3.2452066
-0.90244067
2.2930396
-2.089045
-2.2928941
0.04839819
3.0639625
-1.089712
0.22233194
-0.17016473
-3.1514866
0.5785273
-0.82386124
0.6015205
-0.8226171
1.2168452
0.7634506
-2.4810104
-1.1044114
-1.6517657
3.722833
0.38037318
-0.84338063
1.1125441
0.43221456
-1.3278048
1.0050542
-1.8105022
-0.026000328
-1.7217561
-1.4827126
1.9520619
0.051881775
-1.3799305
1.704703
4.5479326
-1.9398445
-1.6770309
-0.04618857
-0.6287646
1.0114166
-1.5500085
-0.061871972
1.96039
-4.4802647
1.4120035
0.7717955
-0.23571107
0.25868097
1.524022
2.0666974
-2.3394847
-1.5309849
0.36941049
-1.9932573
4.882542
2.80184
-0.31391114
1.3936198
-1.2998724
-3.3706057
3.0305068
-1.7936486
-2.4678342
2.1433802
1.6411834
-0.698523
2.6059146
0.75365335
-0.17850313
0.38160932
-2.6362994
2.7535977
-1.1844615
2.1534195
-1.3918567
-1.5887072
-1.2010897
-3.8425455
-4.3730316
0.08291558
3.0627558
-0.971405
4.0170226
0.5665719
-3.559672
2.339497
-1.8066943
0.7335252
-1.9361429
1.8292971
-1.4676926
0.0074927956
0.06463046
3.3054144
-0.31977385
2.3111644
-1.7999722
0.22448125
2.685439
1.2452893
-1.2278175
1.1454558
1.5219197
1.2515179
1.7324262
2.1513958
-2.7870584
-0.9373236
1.4824635
-2.2713223
-0.75723034
-0.7389947
0.84711325
2.9564936
0.5228887
1.4691974
3.6364381
1.0660195
3.1843243
4.9788227
-0.19857422
1.4765433
-0.89944774
-0.17987555
2.6496859
0.38188884
3.69139
0.3908176
0.4085276
-0.9232673
-1.0654734
0.13238987
-3.5770986
0.3726283
-0.7082814
-2.8501256
0.16052538
-0.877736
-3.4793441
-0.017005086
-4.062824
-2.2743957
-1.8047177
-2.8176732
0.7805875
-1.2268517
-1.3952793
-1.8930124
1.4039311
-0.30529648
-0.6771183
-0.51096046
0.5841806
3.8528712
1.3136771
2.0425138
-3.1935306
0.7046631
-1.3853273
-1.3487207
0.19591147
0.2831559
-0.308842
-1.3070956
3.0300102
2.9320397
-1.8743936
-2.044695
-5.0863457
0.17990363
-3.8273947
2.889044
1.6541702
1.1500785
0.50745314
1.8975989
1.9891236
-3.9426835
-1.3836391
-2.5607114
-0.16943368
-2.010528
1.9439685
0.49212098
2.770525
0.96828985
-0.8594335
-3.3469427
3.4359143
-5.295958
-1.0918689
0.8935155
-0.14446127
3.9804418
4.3838468
-2.4885168
1.3138052
0.6965807
-3.0490432
-0.8148764
3.3362818
2.849795
4.597919
1.6799841
-2.7529123
0.8242069
-1.8695285
1.312913
-1.4353285
0.46217954
-0.9608904
2.8568516
-2.6738744
2.4798124
1.0303445
0.433006
2.17016
-3.8567832
-0.581336
0.73208195
-0.8435635
0.15989818
1.0214758
-1.3156564
1.4960603
-2.7279444
3.4740827
-0.59549785
2.459523
0.443696
-1.9290843
-1.1015663
-0.07974686
-0.2438336
-2.644736
-3.2384477
1.1281215
1.4654505
-1.4227916
0.7215954
-2.0981092
0.015915185
-1.7293578
-0.92398596
2.0060887
1.3033015
-1.1953827
2.0841036
0.062309757
-0.456758
-0.05764422
-2.7878942
2.5027387
2.0790253
-1.4484712
-0.7955601
-3.1405435
-0.8945376
0.7612789
-1.3107126
0.44388795
-0.14908591
-2.7937586
1.5092263
1.182868
0.49991953
1.39389
1.2981371
0.3296861
-2.3166168
1.8929366
1.0261306
-2.6842148
0.719076
-1.5698339
-2.949619
-3.1004088
-0.83830726
-1.0765233
0.4715396
-1.2221053
-2.1916788
2.1781447
-0.40733373
1.0504041
0.005417168
-0.48910666
-0.06775887
0.9979063
1.7120521
0.1464326
6.373961
0.25882936
-1.8656968
1.621582
0.9858836
2.0593476
3.6086712
-1.7049304
2.2010386
-1.0721308
0.53560156
-0.24704316
2.5789323
-1.1025261
2.5429435
-1.3035583
-0.25159025
4.151929
1.7028149
2.318522
-1.6873093
0.05314806
1.6905041
0.52122474
-3.69506
-0.57148266
-0.84499615
1.3017046
0.031519413
-0.1330584
-4.283085
-0.7674084
-0.28546607
-3.0676267
0.36066708
0.2159951
0.31027475
-1.5042856
-0.43787315
-1.7018236
2.846375
1.43027
-0.9818694
1.0880499
-2.0648215
0.2785592
-0.25033283
1.5192744
1.5591226
-2.129969
-0.53041816
0.95615995
-0.95662594
-1.4678625
-2.7761927
0.92143553
-1.875047
-4.8738766
-3.8115888
0.60306007
-1.8912534
-0.47080785
0.48832437
2.2966928
-1.4957752
-2.5084698
0.013911709
4.324226
-0.45958352
0.0552632
1.095878
-0.71275735
4.6847687
-0.28249177
-0.6374868
-1.4745091
0.09863559
-0.54753953
-2.3889055
-1.7969221
-0.01318977
2.0188048
2.7030785
-0.47948298
-0.529778
-1.5528859
3.616397
1.2951305
-0.59131294
2.8104448
1.4699686
1.555778
3.0610018
-3.469354
0.26834995
0.37578177
-1.9060969
-1.8159903
-1.0021442
-0.8319188
-0.43598318
-0.35959673
1.0056889
-1.123902
-1.3644352
-1.0734321
-0.99499905
-1.9459181
-0.69152635
1.8308944
0.94104993
0.732857
0.1424464
-1.0464742
1.9269001
1.4301567
0.7337047
1.0584391
-1.6047992
-0.8210836
1.1519861
-1.4484597
0.19805259
0.50557536
2.354926
1.1103824
0.09411372
0.3459555
1.2314947
-0.34247413
-2.165619
0.89587086
2.4623246
2.928575
6.0069113
1.3114903
1.7752202
-0.7282429
2.7788973
1.3380882
-0.7984248
-1.0160475
-0.7221194
5.6020784
-2.3402052
3.135027
-0.43181324
-1.2963455
-1.7469499
-1.0777389
-2.3458877
2.0705893
2.1160393
-0.9318258
-1.1111689
-1.5215654
2.8621423
-0.4901355
3.1030989
-0.24442059
1.4986435
-2.4501896
0.026057564
-0.14920893
1.0271227
1.0122944
-2.5319512
2.0034754
-0.38296112
-3.3579056
-3.7923143
1.2168477
2.2571707
-0.704549
0.18990967
-0.6176898
0.85834014
0.008380584
0.5830409
-1.4562206
-0.70853454
0.39760286
0.8605459
1.0728354
0.75274247
1.8494838
-0.25995833
0.60937196
-1.666179
1.1520946
-0.9544735
-1.5648084
-1.7556386
1.5972298
-0.0016269609
0.03254316
0.6621244
1.9235628
-1.8452748
1.3705939
3.1135733
-2.8987463
-2.9544656
-0.44829252
-0.73286176
0.34867272
-2.1165147
-1.7516941
0.5734725
0.25408608
-0.7696865
-0.4378615
0.24311212
3.539656
-1.8387389
-0.49001005
-0.87617695
-1.1806045
-1.606474
2.7965071
0.46507096
-1.3247765
2.0149086
-0.44762662
-1.8092848
-0.8025481
-0.6211558
-2.2271652
-2.140853
3.1617937
3.2294457
-1.1468669
3.3656225
-0.34920007
-0.059232026
-1.394389
-0.21362445
0.56306183
2.4811697
-3.686514
3.1344352
1.4009564
1.4771194
-2.4742062
-2.3717203
-0.18928689
3.9877288
3.0019116
3.670375
-2.2036211
-0.82496667
0.37623018
-0.27537313
0.6300872
3.7070677
0.084533125
-0.75587577
0.5411849
0.9923166
3.369162
-1.1535876
1.1143568
1.1319335
-3.344131
-1.8363242
2.0596304
1.0575542
-2.4508653
-0.04207608
-5.3001184
-0.17842948
-0.7234808
-2.7383468
-0.31201613
3.5610023
-0.7854026
-3.2077682
0.73543584
-0.6696652
-0.5727811
0.50017726
1.967663
-1.7735268
1.0220639
1.2757488
0.7518489
0.2826528
-0.97054195
5.237852
0.6420303
-0.04510148
0.95445776
1.067394
1.657923
-3.8717327
1.0714406
1.3437614
1.7214234
1.3706967
-0.18751504
1.7409925
0.8541038
2.1473265
1.3591563
-0.44302925
-1.5325187
-0.08550513
-3.6141434
1.4172177
-0.49892917
1.9238722
1.3454827
0.78323615
0.9424821
-0.43408912
-1.8680948
-1.5719985
-0.40911692
-4.6844273
1.3725809
0.5810826
-3.8902054
0.2807224
-2.453382
0.009578586
-0.57354
-0.31149846
-0.0077450275
-2.7719903
-1.2599722
3.6438754
-2.1984386
-1.4454008
0.8765498
2.2006366
2.4561005
-0.6760752
0.27886197
1.177575
0.0280158
-0.23593545
4.9921055
2.6007826
1.5742868
-0.43389088
-0.93726605
1.3582149
-4.6474924
0.058644593
-2.3270063
-1.0046018
0.2078839
-0.6933725
1.6490237
-1.8587403
1.3875909
-0.9268862
3.1985679
-0.11994752
0.09433539
2.7446847
-1.1148697
-0.41004443
-3.0199695
1.7256602
0.1875916
-0.9345568
-2.2259998
1.6290077
1.3595473
-2.5509717
-3.1386302
-2.0094848
0.32363465
1.7087967
1.678546
2.5568645
2.451405
0.33952194
0.74790144
0.66666764
-3.3726523
-0.7041106
-2.9588175
1.8409863
-4.0747824
0.601573
-1.8235822
-2.0893438
-1.5640817
-3.4035668
0.48390692
-2.361323
-1.2755692
-2.467347
0.74158365
0.4213036
0.74182916
-0.3060233
0.4937197
4.7903214
2.7693963
0.49656728
-0.29542285
0.5482682
2.9572558
-0.50507015
-0.8059034
-0.5537897
4.2845497
-1.6449875
0.4471992
1.9602538
1.5552112
-1.0865946
-0.2196124
0.47649592
0.17180425
2.5785441
0.4579929
0.252623
-2.509798
-0.14291234
-0.12309233
0.3335315
3.349304
1.6814824
-0.012603551
-1.906982
1.2411484
-2.152359
-3.462725
0.78561586
1.3513995
0.022705197
5.9056916
-0.16327503
1.7505382
4.711943
1.5064374
-2.7303162
3.4025393
-1.2908956
1.2010195
-0.18834937
-1.2621397
-0.26210806
2.2133849
-0.57779056
-1.3011708
2.4505014
0.9377523
1.5269626
2.7100303
0.8792202
-3.9768023
4.2860436
1.1955222
1.5912098
1.2041442
-1.5733253
-0.63166714
-0.8500402
-3.9404147
0.73371303
1.3364913
1.3116343
-0.9720793
0.4290989
0.35859942
-1.6601961
-0.79151577
4.4972773
-2.063336
1.8115653
-0.7515553
2.0091164
0.47258702
-1.0995388
-2.3044555
4.2349954
4.241461
1.6865011
-0.44619924
-0.32609123
2.6697576
1.2730576
-1.2394048
2.2299843
-2.0748346
-0.5080308
-0.17134461
-0.3400684
0.43819037
-0.010216527
2.2402737
-1.5331484
-0.2689761
0.10881112
-1.83066
-0.35836554
-0.40305883
-2.2987413
4.74396
-1.0487645
2.6171293
-2.6229427
1.6514993
-1.5559921
-1.9719949
-0.57724446
-2.6853156
-3.8159485
1.4271673
2.4621956
-0.20038512
-1.0130093
1.0984038
-3.0118232
-0.36936224
0.53091437
-1.329356
1.5362738
-1.7963723
-2.0815372
-0.41291296
-0.35903025
-0.3648805
0.97612846
1.5648925
-5.8668847
-0.51344836
2.2136238
0.47413278
-0.8783225
-0.40063924
0.78999263
-0.09055782
1.2668736
-2.5940175
0.08600618
-1.6972089
-0.42502698
-1.7623322
0.21773213
-2.2939873
-0.22442365
1.8320965
-1.8322637
0.21421649
-0.42260796
0.97176564
0.45083722
-2.2029145
-1.0895164
0.9890288
0.46363062
0.7967363
2.1545076
4.15999
-0.779335
1.1607273
-0.31906122
0.46543294
-0.5560538
1.8931448
2.547115
-2.6853173
1.2343076
1.7672122
3.1016312
3.1403165
-0.872742
0.13063397
1.862739
3.136322
0.382099
-0.4219743
0.8742876
-0.7329883
0.31359416
-1.7268242
-3.479112
-0.21197414
4.190341
-2.4255834
0.7871975
1.3195242
0.8572187
-0.6136723
4.7964272
-0.17332828
-2.2897093
-0.46425903
-2.801643
-0.84606797
0.51403165
-1.8038175
-1.9299834
0.9919692
3.659904
-0.5467069
-3.698452
-1.3202152
1.1557646
-1.5602987
-0.43952435
-1.7515938
0.10817568
-1.9272761
-0.96199536
-2.547731
2.2727702
2.9380069
-1.7594094
-3.1234055
-2.3109262
0.016673043
1.6263474
-1.6284032
-1.8151022
-1.7775966
2.8769855
-1.0068345
-4.6407814
-1.7937446
1.1393716
0.86338997
-0.8685341
1.1155021
-1.2151524
-3.1174417
-1.0497475
0.2864122
2.6410048
-0.6303953
-4.312583
0.63427603
2.4515805
0.04508715
-4.515653
0.8115218
-1.7779143
-1.8495977
0.104728796
1.5144186
-0.5932766
3.517392
0.45404905
-1.6243203
-2.430706
-0.9447065
1.6347516
3.5596707
1.8337363
4.136297
-1.9727259
2.735559
-3.320931
1.7332962
-1.451244
2.0131047
-0.15952042
-0.5222119
-1.3078506
0.62255037
-0.9057575
0.92135125
0.11579399
0.8310402
0.23805694
-1.2008295
-0.6828644
-0.96331495
-2.372986
2.0078855
-4.01003
-3.1998637
2.3282635
0.039903056
0.20857745
1.4216931
-1.3438779
-0.42758536
0.44743487
-1.582163
1.4074326
-0.9980964
1.4681839
0.9367329
0.5792949
1.4579836
-1.928714
-2.7999897
-1.7378885
-0.44145513
0.88420564
3.0770571
-3.5934594
-1.7242603
0.48326713
2.2656126
2.2669923
3.1476705
-3.2175617
0.6322125
0.062330976
-3.0540576
-0.9535685
0.7161479
-1.8861438
-2.9504213
-5.0824556
2.6139684
-0.6057153
1.6257147
0.71494853
2.5534625
-0.58559245
1.782288
-4.152496
-1.9776658
-1.1879231
0.6591374
2.4194148
4.896488
-1.2115471
-2.829868
-0.7045456
0.6857055
-2.4106233
-2.2473018
-2.6413264
-1.3886051
-1.5932434
-1.2538662
-1.9283715
1.4327832
-0.23227334
2.1529837
0.11861901
1.0161675
0.9739893
-1.058006
1.7532909
-0.10593684
-1.1026698
-0.09946389
-0.16210777
-0.31126595
0.49405792
1.4629185
-1.1542193
-0.34675115
5.363679
-1.5387716
-3.013126
2.0153718
2.1176982
0.8136097
2.7874787
1.5929719
0.48706716
-3.0726264
-0.42593604
-0.8790631
-2.8290308
-0.5303888
-0.9968732
0.07512789
-3.3957388
0.45582348
-1.3062488
-0.28231353
-0.8635597
-2.2764592
-2.015731
0.7187293
-0.7014127
-1.077997
0.0504696
-3.451742
0.6891573
-1.1301807
0.4509712
1.7577312
-3.4002554
-2.6707811
-1.5312343
-1.2949783
0.8545787
-1.2932603
1.1673466
-0.21433589
-0.16813475
1.8225303
2.3012881
1.8910766
2.7433982
-0.98971426
0.21826686
-1.1375182
-2.3340034
1.84844
-1.3290011
-3.3052168
1.8292625
1.3275245
3.5277395
-1.8647733
-2.1255605
-1.3471205
1.0705404
-1.530828
2.7640712
1.4917648
1.0101671
-1.0376067
0.3340793
-1.8082829
0.733975
0.23130348
-1.2507132
1.9833344
0.025212474
0.18277483
2.0816014
1.1320359
1.5073199
1.5024477
-4.1648207
1.5547053
-0.58674747
-0.3248721
-3.9986925
0.3139092
1.2896776
0.64035136
0.7974811
-1.188678
0.8367139
0.07079078
0.8784818
3.0884182
1.1962311
-0.13829362
-1.6610364
0.35229072
2.2673392
0.24711388
2.1532395
-0.26545972
3.0428877
-0.9683766
0.23682046
0.91886365
-3.6111808
1.5489584
1.1144128
1.3599676
-1.5388337
2.2599032
-3.6361756
0.83921033
2.8456461
-4.832704
0.49539995
0.52137053
-0.7107218
5.1611223
-1.5046442
-0.36397502
-3.4165044
0.6353918
-4.206582
0.2191971
1.6736872
0.5657064
-1.7082995
-0.40603825
1.4635125
-2.7512496
-0.29220787
2.3590975
-0.4096697
1.6253402
2.7543664
0.67063165
1.370807
0.27048582
-1.4688494
-0.8718239
1.9351289
-0.7935149
2.355571
2.2766728
-3.7129216
-1.2938004
-2.4672308
0.8089483
-1.2694627
3.3760004
0.30828154
0.5803297
-0.07792892
-0.08852699
-2.2227697
0.35982287
-0.08108582
-1.288142
-1.3091586
-1.9441925
-2.7280324
-3.0093753
-0.29395327
-0.20892316
0.002919048
-0.5246003
-0.9619946
-0.06814071
0.698413
-0.010915164
2.4297945
-0.24886635
-0.5675293
-0.5633922
0.15135524
-2.90895
2.8283951
2.286543
-0.8436107
-1.207743
1.9678949
-3.076504
0.9504003
-0.9629262
1.979835
-1.7538774
-0.45716923
-2.4390128
-1.0779722
-0.5349069
2.6472175
-1.3192713
1.3914566
-0.510774
0.63896674
-1.5439343
-0.666013
-1.4133104
-1.0506818
-0.8032731
0.0387102
-4.4452524
-0.93746495
1.5805489
2.7982514
0.36800784
-3.9992316
2.0938323
-3.8839526
0.83722013
-2.7079363
2.088138
-0.61095756
1.6893644
-0.6228385
-3.8466585
1.2510287
-3.352684
-2.051872
-3.211836
3.9454384
3.0944858
0.37739322
-1.9754493
-1.6135794
-1.6761765
0.3846958
2.9949207
-1.8756266
-1.2842153
-0.8955541
-1.4503931
-5.442552
1.196596
0.28264636
-0.9557459
-1.2535868
-2.1019943
-0.7535344
-0.64745784
-0.30821803
1.2502438
0.18677248
1.6893669
0.15813828
-0.52799904
-0.68638575
2.9912128
-0.077627555
0.12299011
-1.3057941
0.7191663
-0.45335326
-0.89831567
1.5798467
-0.18785328
0.42750812
1.0068527
1.0948441
-1.1242118
-0.49788195
2.8499074
2.8581333
-1.8455364
0.088394195
-0.81125796
-2.4696047
-2.7844288
-0.41336626
0.28990763
3.2826936
-2.4418957
3.5071545
0.17301217
2.5286067
1.2379322
0.7563329
-2.5526175
-1.6166004
-2.9635394
-0.827326
3.65139
-1.9243175
-0.34686506
-1.8311191
1.2114143
-0.22648346
-0.5990972
-0.14198008
-0.6759357
0.17796043
0.37655452
-0.28577727
0.78556687
0.14093737
-1.0685141
-0.7830401
1.3281597
-0.88340193
0.60102445
-0.40958247
-1.8094809
-0.57795715
2.1536357
-1.5261658
1.3309
-0.7202625
2.673888
-2.0509245
0.8147077
0.8813468
1.1221007
0.9231152
1.8871622
-1.3883114
1.7841204
0.5978301
-0.25780916
0.26718363
-0.5282299
-0.54996276
1.0819598
1.873201
-0.9036395
0.29738593
-2.4621441
-3.5883806
-3.6573634
-1.1547959
0.23482594
-4.5323467
-0.2058604
1.4435185
-0.8551455
0.29743215
-0.3797446
-1.3782969
3.078781
-1.0103402
-0.66385645
1.9158878
0.057131186
3.9247067
2.7300663
0.34482038
1.5432606
1.2784058
-0.79892284
-1.3635215
0.9577175
0.8856078
-1.4077873
1.1070186
1.4625795
-1.3911676
-0.023316152
1.7943099
-2.798815
-1.9813739
1.3012581
-1.7806456
0.49453235
-0.58711076
-0.9306097
3.1777287
1.0067525
6.132871
-1.665305
-0.51517105
1.4949633
4.8886
0.5906548
-1.4392992
-0.94872
-1.0814645
1.092998
-0.6132715
1.4471843
0.046208277
1.5112581
-0.016338952
-3.5165524
-0.5590133
3.041338
0.83103037
-4.389629
-1.4231017
1.8714033
-0.14912719
-0.5921648
-2.1498818
1.3200651
3.1061168
-0.45071113
2.944583
1.3682872
1.5961308
0.73481685
1.8478212
-2.3500476
-0.0822155
1.1095599
-0.7788296
-0.11298991
-0.3128122
-1.222693
1.5709413
3.014995
-1.0401368
-1.7104411
-1.8680382
-3.9234068
-0.22603205
0.6818473
0.73073906
-1.4997579
-0.74351615
1.3663971
1.6401854
3.2182198
2.3902795
0.8834988
-3.2947452
2.1991472
0.73542035
2.5103076
-0.6658441
0.16617987
-2.4752274
5.871219
2.646422
-0.96028405
-1.4081682
2.459381
0.66616553
-1.1868472
1.5299419
0.87631834
0.36075047
1.9350126
0.93652457
1.2262844
1.5011251
-3.3210652
0.24165827
0.30286765
4.1270995
-1.8011028
0.29688808
1.9846007
-0.11472568
-2.9856863
-3.1267638
-0.20677966
-2.1343887
3.0320714
1.1633301
2.3594327
-2.1994913
-0.032665975
-2.650144
-0.5557161
1.588961
-1.700113
-0.78786606
-2.646686
-2.431782
-1.551151
-1.9364936
-0.66748744
-1.2638958
5.8165364
1.1516424
1.7941606
-0.20639879
2.260782
0.22709107
2.623415
2.7691882
2.3673713
-1.5230645
-1.2949051
2.392949
-2.7619698
-1.7246041
-0.68962526
-2.058343
-0.48002654
-1.4642012
-0.7587897
-1.7784867
1.109904
4.274586
0.5621581
-3.238768
0.7064063
2.8585155
2.92995
-0.84093654
-1.0928901
0.2970822
1.4037695
-0.868231
1.4388062
0.6137605
0.8386887
0.28712943
1.4872004
1.8545859
1.560965
2.0269022
0.74915737
1.759114
-2.6036663
0.40708864
1.9281775
2.0766568
0.15025997
-0.7125607
0.28726134
-0.36174288
3.4662817
0.49869043
0.11047958
-1.3818743
-0.45101583
0.39448538
1.2549336
1.6479081
-0.7390972
-2.8760643
-0.049864747
1.822406
1.3563648
0.98661923
-2.9361293
1.3323445
0.95302707
1.6974516
1.975505
-1.6033328
-3.9493613
-1.080943
-0.20691985
6.331974
1.8261539
-0.9354995
-0.26330882
1.4222265
3.878866
-0.5454093
0.4846778
-3.5555215
1.4056726
1.6710584
0.5616155
-0.26275396
-0.7751943
3.8235674
2.3499732
-1.9585655
-0.5156855
0.40162706
1.2194029
-1.9216852
0.5899712
0.889048
-0.7892211
-1.6553203
2.710302
0.06947761
-1.4424487
-2.3522923
-0.99769056
1.2244887
0.2783268
-0.071843535
0.90500325
2.686656
2.244994
-2.2558591
3.900095
-2.0211058
0.7460576
2.3187165
2.018561
-1.2867618
-3.7827697
-2.8835225
1.9352161
2.7766023
1.5090735
-0.08832876
-1.9528984
-1.4930067
1.2929391
-0.06397697
-4.5576663
-0.5497048
-0.46319526
-1.0972764
0.5848075
-2.0945308
-3.1006482
1.6750698
-1.2715695
0.525253
0.3044923
0.79267937
0.81072384
1.4770913
-2.5691662
-0.8902417
-2.7072968
-1.1731217
-0.983179
1.5997794
2.8124726
1.6069392
-2.0899673
1.3136665
1.9497817
0.89385134
0.21305686
3.6636295
0.28278723
2.6585352
-2.5012798
2.4558976
0.20674127
-3.3792284
-0.10483258
0.19406947
-0.9261276
1.7241728
-0.060268894
-0.33185726
0.8124314
2.279151
-0.6102798
0.7284039
-2.927293
2.312813
-2.3345993
-0.12261223
1.8636172
1.9131331
-0.35447633
-3.8762538
0.4560455
2.2981913
-2.211121
-1.3072621
4.1712613
0.9476063
-2.2701378
-0.51188815
-0.5570296
-2.076194
-3.7800477
0.12424789
1.5824393
-0.21340667
1.0236181
-2.173445
-1.3540457
-0.092702195
0.7354386
-0.35406682
-1.565294
-1.140619
-4.0859575
2.1533613
-0.11129465
-2.3893738
-1.0905302
2.8466778
1.862262
-1.1415886
-1.0067552
-0.71005726
1.4187535
2.318208
-1.9856478
-0.5684627
2.5684326
0.5493398
-2.6228788
0.17231548
0.19638091
0.8358075
-0.5347475
-0.68734586
-0.36419117
-3.5595138
1.84369
1.5156043
-1.0889316
-1.3466591
-1.185953
-4.0156384
-0.1655947
-2.6159806
-0.81836164
3.1782444
-1.0862617
-0.84386754
1.0049942
-3.7763827
-0.60805047
-0.32966667
3.4170377
1.2809607
-0.67076594
-0.10930734
-3.7775917
-0.9792491
-1.4473206
1.8084142
-0.4510708
1.0177066
-0.13760576
-2.0061824
-3.070308
-2.6426094
0.14080524
-1.8268162
2.8374963
2.4119422
-0.91416276
0.33849478
1.7038856
-1.5421358
3.0295773
1.0023328
-1.7447524
0.82593185
-2.1413243
2.5409977
-1.4785509
1.884352
-0.9766446
0.6943332
-0.44766015
-0.36514443
1.2381661
1.0700982
-0.60567176
-1.9744637
1.3731102
0.66420734
1.5854352
2.3460052
2.2376604
-0.4447312
-1.297267
-0.9822823
-0.84500426
-1.3619207
0.065482445
-1.4234853
1.0763929
2.0353355
-2.3277256
3.9040675
1.0404036
-2.2131486
0.09595286
-1.1778934
0.7412182
-0.10936229
0.3054112
0.31319964
-0.12928939
-1.1984477
-3.4440446
-1.3508351
2.0242565
-2.4026265
0.052145086
1.5522647
1.009051
-0.66487145
-0.34461582
-2.6369257
0.16948467
-2.8002172
1.0553218
0.043558102
-0.7770844
2.2026865
-2.671996
-1.4317938
-2.7960007
-0.0888847
2.5580227
0.55901474
-0.118775
0.6524291
2.8275692
-1.2405734
-1.8713174
1.4926599
-2.4165075
-1.3121946
1.0198559
3.8682277
0.36832926
0.46959472
-0.4436657
2.377443
-1.7320633
2.8521261
-1.5301477
-0.098469034
-0.19784969
-0.56814957
3.415824
-0.63129073
3.5047596
-2.1063638
0.5106481
1.4149271
-0.29458374
-1.8682303
-1.5000312
-2.4092011
2.9669046
-0.46624288
-0.6478454
-0.11906537
-4.3519917
-0.0397546
-1.4947999
0.9995778
2.5184145
0.6442956
0.6791502
-0.22655539
2.4594991
4.2677593
0.2168031
-0.629738
2.4368029
-2.1644914
-3.0674536
3.8538194
3.7718463
0.38803685
3.1877573
-0.662484
-1.667768
2.5022256
0.023532689
0.084350474
1.0182782
0.3416255
-1.202529
-0.19199666
-0.33549875
-0.72298384
-1.3316814
0.71032757
-0.12998255
-0.643924
0.2833869
1.6507013
-1.6471554
-1.6247644
-2.0854738
-2.5629504
-1.09495
1.1761482
1.5116915
0.46467015
1.5424634
-2.536717
4.5093546
-0.22845994
-0.3800654
-0.16946812
1.0715029
0.7016371
0.46975797
-5.2838807
-1.1289976
1.642159
-0.3397264
-1.829279
0.5025879
0.020266045
-1.8838904
1.0830922
4.896746
3.102957
2.2260003
-2.471039
-1.0326692
2.1666694
0.21195278
0.74182683
-1.3945631
-1.2722015
-0.25573725
1.8774012
-0.7104971
0.8621225
1.4626995
0.24445927
1.9637401
-1.9728953
2.3849576
-0.48956603
-2.5452232
1.2800658
-1.5224335
-1.2086456
-0.7962641
-0.10484996
1.1697699
1.5289999
-2.2703362
1.0077087
1.5613624
-0.92312807
-0.6205264
-1.0410739
-0.59515005
0.22206423
-1.1815085
0.12549414
2.2660851
-0.7694487
1.838689
1.9011319
-0.1040022
-1.2696677
0.3514871
0.4656398
-3.8762627
-1.0797482
0.16352177
0.47141138
-1.2712909
0.35587013
-3.9217463
-1.4353333
2.487446
-1.1011578
-2.4175715
3.6643376
-0.43010873
-1.0176212
-0.33066237
-0.5478624
0.90765697
-1.9786336
0.2801235
4.3518615
-0.7795739
0.18799227
-1.3595021
2.5048912
0.36679247
1.598934
-1.8168281
-0.3278191
1.2346556
2.025834
0.052709438
0.9576459
1.860514
0.26220447
2.1211383
-0.0370846
2.280614
-0.43921152
1.30497
0.7861419
2.4800866
0.96495074
1.205699
-0.44827002
0.21297188
0.9209442
1.1662174
-2.5130463
-1.9920583
-3.134177
-1.6803676
2.4740505
-0.22130278
1.0786408
3.384825
-0.77530915
-1.5643042
1.5700101
-1.5341252
3.3986862
-1.7913842
-2.786488
-0.9913511
-3.9058492
1.6359456
2.1663558
1.7817663
-1.166799
2.0719855
-1.991096
0.87073547
-0.3955106
1.7814225
-0.5399694
0.2392622
-1.4600796
2.6815128
-0.44196874
-3.2151244
-0.1823262
0.19698319
0.60381454
1.1876973
1.4065595
-0.9897767
0.6237006
-3.7407691
1.2879715
0.6146732
-0.89649594
-0.2266939
3.2963939
0.022214107
1.2765152
-2.0154464
-1.5168064
-0.44774413
0.2569856
0.028188214
-1.1384026
-1.9686213
1.9135844
1.3898952
1.3987033
2.7970264
-2.304864
1.9627811
1.9652222
-2.5551245
1.8144428
-1.879988
-0.7747894
0.7582505
-5.379886
0.27777308
-2.0374312
0.33243597
2.8985784
1.2284666
1.3296748
-0.03518538
-0.00663621
2.2467418
2.7377284
-1.4985424
-0.20363441
2.2716503
-0.12665278
-3.2766788
2.3217075
-0.6584841
1.5019283
2.5250628
1.2174909
1.6445487
-0.78561866
-1.9432279
2.7458804
-0.7545783
-0.6103905
3.7549238
-4.729622
1.1628442
-1.5679374
1.1049496
-4.524668
-4.313001
0.5001172
-0.99886096
-2.6027098
1.5239071
-3.993233
0.31912255
0.16728553
-3.6615696
3.8883202
-2.0870175
2.0405884
1.9441715
-0.5234454
2.528368
-3.0247672
0.41326514
-4.0710382
-4.0645766
-3.34709
2.8311188
-1.0170076
2.911259
1.5059291
2.4028645
1.4433724
0.6579721
-1.9663608
2.1581254
-1.5586921
-2.2028284
0.5494818
-1.4825218
1.5427129
2.3588805
-2.0928297
-0.23543285
-0.75439197
1.6659993
-1.6454381
0.61999106
0.9666715
0.22451635
1.2800065
3.3168204
-0.24547884
1.3163414
-0.81273293
1.152797
2.104705
-0.39090315
0.87668246
0.30026537
-1.9022858
-1.5364912
1.7359158
-1.0782505
-1.6048238
-1.4394356
0.21434203
2.2532651
-6.258315
-3.251524
1.6903689
-0.90755594
1.8193036
0.12043593
2.2752585
0.17138481
-0.4358418
-1.625394
-1.0400257
2.4345088
0.1708515
2.664324
-0.2262681
6.4017515
-2.5695307
0.6036308
-0.9188473
-0.4535455
-0.06283398
2.062707
0.16225444
-3.0910747
0.7979526
0.9239018
-2.4010239
-0.034185022
-3.1780913
-2.150228
-0.16789645
-2.6699402
2.152327
0.45322415
-1.1547425
3.4163122
1.0676153
0.07261317
-0.80071026
2.5891988
1.1403973
0.3373182
2.3034317
0.26991484
-3.499819
-1.417103
-0.4804689
-4.220756
2.4303682
-0.13591103
-5.071493
-0.013013072
-0.6351367
-3.2425401
-3.5299127
0.0719767
-1.2455547
-2.284201
3.2966285
0.84471464
-1.1771975
1.8877406
2.6104999
0.5151226
2.4899004
1.0101961
-2.0612323
-1.4195596
-0.7342978
-0.17269918
-2.7132213
2.157704
-0.55058044
-0.5670761
-1.1196253
2.579805
2.0612974
1.0729097
2.3832223
1.3842679
-1.5888256
-0.07888355
1.6013076
1.0632657
-0.7260434
3.7066865
0.82466054
4.636188
4.616749
3.8845768
-0.13679092
-2.2411232
-0.15872934
-0.3474777
-1.3446378
-2.9731882
2.287578
-1.1765779
3.2526698
-0.5028564
0.48466808
1.9655057
-0.51722866
0.48007026
0.987519
2.086227
-1.1023968
-0.42360747
1.3143991
2.504751
-3.134567
-1.2491378
-2.5954518
-0.2746718
-0.3262188
-1.4783473
3.5457041
0.31061587
-0.66690665
0.14113319
-2.6153343
1.265232
-1.2771348
-0.422998
2.0276031
2.4838266
-1.0239372
0.10325441
2.2567294
-0.72089916
1.3114061
-1.5985191
0.57949847
1.0670196
1.1722864
-0.35851854
0.5290599
1.6192995
2.3433805
-2.2453394
-0.22031707
-1.5722564
1.5739285
-4.433392
-2.001501
-1.5730056
-0.078280285
1.6136439
0.48395976
0.7859131
-1.0760362
0.05825761
2.9811096
-0.7664006
2.1477106
0.0730832
-0.76899123
2.1314957
0.04424727
-3.4055364
-0.6116544
-3.0098324
0.6221342
-1.2910793
-3.3750985
2.475285
4.48281
0.053388484
0.03542798
1.4605483
0.31199676
3.232162
-0.4819465
-1.2612594
1.9152067
-0.5507437
-0.7451762
-1.5588905
-3.7407744
-2.6978729
2.9841874
1.8266637
-3.7210033
-1.2945518
0.56472474
-1.5930775
-2.8286672
0.4309245
-2.2398105
-2.8450854
1.6358081
-1.1919342
-2.6856275
-0.10200828
4.645258
-0.2238209
-1.4955385
1.0001785
1.632666
0.3902232
0.29359266
1.0618834
3.5695567
-1.6344494
0.42642516
-2.5833428
2.7879062
-0.3076101
0.5317266
0.48502266
2.2457747
0.22117627
-4.3138185
1.4870971
0.36455482
0.07807678
-1.9632869
-0.26588163
2.184595
0.6636857
-0.4193832
-4.6586375
-0.1763442
-0.6033416
0.28826752
0.30119213
2.1567016
-1.0768455
0.05307527
-2.3729947
-0.36845845
0.51872426
0.52504086
-0.44859874
-0.5857389
2.9496763
0.49707213
-1.2783729
-0.576478
-2.473575
-0.9516244
-1.296286
-0.8112478
3.1936114
2.383751
1.3226136
0.20665339
0.7933322
1.5319252
0.23485911
1.0114127
1.1087762
-0.0024347529
2.998112
1.0722572
-0.88381565
-2.8314064
-1.5430168
-0.34022683
-0.24322185
-1.1586043
-2.8918653
-1.4837778
-0.22645213
1.1151352
1.1230466
-5.5202317
0.8424436
1.5569457
-0.70541704
-1.8023142
-1.5140291
1.0580271
1.6199403
0.14230442
1.1390698
3.3714404
-0.043885045
-0.7669426
-1.0713631
-4.1163955
-2.0134237
0.7015602
-0.78614086
-0.033962842
-3.7991698
0.4613661
1.1256166
-2.0636654
-2.3996418
2.1995118
-2.8787215
-1.6056154
2.1630855
-3.2420719
-3.3072634
-1.8839619
1.4668835
-1.5351003
1.4552516
-0.7844451
-1.6035248
2.1112282
1.7082433
0.22063628
-2.0428188
-1.4604115
-3.0071115
1.6162215
0.5560381
-1.1237835
-1.6017267
2.5943794
2.0334892
2.4118466
-4.5887175
1.8535459
-0.85289073
-3.8386536
1.3088492
4.0428057
-0.20242581
1.1773136
-1.9695046
-1.221681
1.6408541
-2.3068006
-1.3676815
1.5217973
1.019312
-2.2340925
0.22222863
-0.36693382
2.9251995
1.1079668
-2.7865715
1.6161534
0.72890985
-0.50213027
1.1446555
3.1034849
-0.90549
-1.017246
0.6997931
-0.3323493
4.7905583
0.4578879
2.7634246
-1.8944585
-2.1106267
-3.4884615
1.7869686
-0.0015515089
-3.7639925
-1.9874593
-0.34538215
-1.1209188
-1.2758557
1.0942094
-3.05621
-0.10497258
-2.901919
-1.4405754
-0.3541361
3.7629197
0.537006
2.976846
0.23859504
5.2185946
-0.8668751
-1.086101
0.96614224
3.3963375
1.1468323
-0.31306404
0.92683125
4.05791
-2.043597
0.29156867
0.7065555
-0.84246033
1.7974283
0.19798505
-0.8807807
-0.45020187
-2.0476847
0.20009048
6.0194507
0.53760874
-1.0412946
0.8816487
-2.8514004
-1.7229667
2.7081227
1.3729551
0.9350508
0.27447253
0.13443834
1.1295303
0.62993747
-0.62670106
1.7549949
0.5970274
0.3161084
4.5909142
-0.011178777
-0.55048716
-0.53022623
-1.6359144
1.9129559
4.393354
-3.1828816
2.1464891
-0.6382176
-0.7064206
-1.3599766
-1.6047446
1.3712443
-2.8222497
0.39887577
1.1096736
-1.5610659
-1.3549691
0.92833495
0.87679636
-2.0232658
3.1367218
2.578019
1.9529334
-2.0815034
0.71557844
1.1945924
1.1086533
-0.23709217
-2.7573004
1.5087126
3.6956916
0.19360352
0.9726585
-2.7488964
-1.0089022
-2.5411057
2.3513627
2.4050593
1.0659958
3.1115649
2.2578561
1.2086583
-1.9138772
1.818458
2.7842987
-1.9898717
-1.8094939
1.4248735
3.7814536
2.5030048
-2.99516
0.3329451
-0.9534649
-0.58944714
-0.8441158
-0.35964406
-2.0654075
-1.7342515
-2.5755534
-0.04738844
-0.17719376
2.1383016
-3.5643768
-2.688632
-4.3303723
1.6776643
2.452465
1.3835008
3.3456461
1.3220809
2.2951732
-1.3568988
-0.24413739
-1.0245514
0.40409508
-0.05203841
-2.1032248
1.6289356
0.8516976
1.564827
1.0851653
-0.3063509
-2.8101158
-1.6067635
-0.25365153
-0.20313969
0.2610129
0.44300163
1.2454543
-2.066111
-1.0751678
0.3767859
1.2058158
2.0338244
3.0849936
-2.4207122
-0.9851844
-0.93491125
-0.48741347
-1.3943479
2.8686993
-1.0816731
-0.92755544
5.46671
5.171887
-0.38459623
-2.3680978
3.2934296
0.2923517
2.1029007
-2.8848033
-0.25392345
0.9579838
0.3385613
-0.5381086
-0.3270797
2.4999704
0.7176617
-0.68400764
-2.0188835
-3.0607927
-0.020253949
-2.872706
-0.8488803
-2.0181737
-1.7065513
-1.6545049
-2.2009912
-0.6193679
0.9363988
-0.32643962
0.113574706
3.75296
1.338939
-0.89831185
-1.4469616
-0.61536694
-1.4210199
-1.1470499
-1.0091221
-1.2598764
-0.39340705
1.8484255
0.1306843
-0.99911547
-0.63794386
0.83463037
-2.9304981
-1.542621
1.6939646
1.517628
-0.5093494
-0.037907526
2.10437
-1.743015
-0.509504
-1.7761446
-0.36747378
-2.367512
-0.3265789
-1.2795225
-1.8519332
1.7886446
-4.511634
0.74550974
-3.0290258
-0.94157225
0.9696638
2.7215796
-4.274601
-1.9571891
1.560646
-3.5720038
1.1198479
-1.0719554
-5.6679506
-2.2927058
-0.1456638
2.636216
0.42580718
-0.4894792
-0.6295451
-1.6276977
0.2724706
-0.39614224
-1.4530697
2.3141751
-1.131188
1.5829219
-2.0597224
1.4293576
0.11342405
0.10096428
-0.6666947
-6.3251815
1.0716509
0.83731896
0.7159467
-2.1106203
1.2822051
-1.00245
-1.3525258
-0.7507566
1.4683801
0.13282663
-0.20558453
-0.048898824
0.5397756
-3.5153494
1.1371112
0.45967692
1.9116838
1.9348633
-1.2680401
-0.63776046
2.435841
-1.4740676
-1.4286871
-0.006644547
-3.7564805
2.5793862
-2.8464782
1.9007572
0.22232378
0.49920806
1.4487205
-3.8508766
1.8009017
-1.3737862
-0.08732275
1.3492864
-1.5128583
3.4547024
1.77552
1.2301189
2.4317176
-0.52328366
-2.6788535
2.3443873
1.20165
-0.38990462
-0.6266975
-2.6128876
-1.3067486
0.89663965
0.38486868
2.6235754
1.1703452
4.943869
1.2625644
0.08875926
2.114345
-3.638162
-2.937321
1.9680983
1.4164044
-2.919211
-1.3706076
-0.022739738
-1.7558094
-0.4466578
-0.90523016
-0.4477367
-2.7258217
-2.253607
0.19402352
-5.4193225
0.8881224
-0.58472824
-2.223453
0.61020434
1.6053938
5.9210753
0.13375515
-2.6808596
-3.595713
-2.0433302
-2.2603028
-4.3753467
-2.4781299
2.1619196
-3.928457
-3.5473735
1.1370785
2.0395286
-0.44998544
-2.3778038
2.9684882
-0.45028275
2.1096196
-3.9618187
-0.94224346
0.97579163
0.7893517
-1.2702639
-2.9804835
3.2001767
1.5339768
-0.7380778
2.1295173
-2.4628687
-1.6025562
-1.1418568
1.7868265
1.5509593
-1.017756
-1.6947398
-1.6521809
3.2514267
2.2185338
-1.1641965
-1.261839
1.3419551
0.86422163
-2.228807
3.2400239
0.5068363
1.4820846
-2.516388
0.21437474
-3.26104
0.5140406
-0.81262475
-1.3647369
-0.985764
-0.093307935
1.2349279
-1.029712
2.106626
-0.18518287
-0.29415816
-0.92779267
0.6836969
-0.48707786
2.115459
1.600833
-1.5286485
-1.6369209
1.3897698
2.0672321
1.5005333
-2.4958088
2.2421224
3.72041
0.39190453
2.3014994
-1.5475965
-0.8932163
-1.8617442
1.7810323
2.0735655
-4.5362926
1.3338269
4.150797
0.75076663
-0.9863877
0.78773195
-2.0954363
3.3031769
-0.2966758
-1.8019003
-1.0246661
-0.7595603
-3.0451329
1.6870959
-0.725318
0.37465188
1.2637559
3.9474235
-0.6241743
0.5340491
1.5669378
-0.08581385
0.79618466
1.4229203
-0.2027983
-0.4301967
1.937493
-1.6250017
-1.1927637
0.17779417
0.25738445
0.27728334
-2.7202291
-1.0205749
-0.38382763
1.3145133
-4.084338
1.268688
-0.1885969
-1.5524276
2.2176983
0.4226172
2.3529036
-1.8176408
-0.4098208
-0.8304079
0.4793329
-0.6927893
0.89484125
-1.4623164
1.5262525
0.7325417
-2.598296
2.3633666
0.23563883
3.0381331
2.3485665
0.10492183
-0.003999792
-1.1267015
-0.81127024
1.5032568
2.5528576
-0.26103878
2.2637715
-0.97063607
1.3581725
0.30410203
-0.12762389
-0.67041135
-3.4314117
-0.6995768
2.1824758
1.6779343
-2.6231978
-0.17761461
0.20264629
-2.948202
-3.6507492
0.81548935
-0.52938765
1.6887754
-2.3268876
-1.6820463
2.9767358
-0.6501868
-1.3222631
0.9878894
-1.7401667
-0.18882596
1.885583
-0.08208021
0.34334114
0.82371277
-0.32689163
-4.046731
-0.3051855
0.07312942
-1.1559701
2.6225948
3.0273895
-0.21988887
-1.7306685
1.66347
0.2568797
1.3631809
2.8865747
-0.66332996
-1.3250468
2.7347875
-1.3730596
-0.6208296
3.6307063
-0.8003953
-1.2263305
-2.5663066
1.6045004
0.6688911
-3.6723092
-0.50136864
-0.73058194
0.44083917
0.7700202
-1.5067981
0.07262038
-1.0690631
-2.8032207
1.6875001
0.68835676
3.0831542
-2.5072942
-1.1733874
0.8335579
0.08469885
1.2169719
-0.67638624
-3.292419
-1.2638041
0.5901768
-2.9409382
1.7781372
1.986026
1.2164161
1.3465301
3.4794083
-0.8210346
-0.0521888
2.6340876
-0.41915292
-1.8198562
-0.99080443
0.58097124
0.32869437
1.7722372
0.028281234
0.573163
-4.017313
-2.366556
-0.43727547
-1.7519401
0.30918607
-0.14581291
4.797911
3.2833276
1.2744284
0.75952554
-3.6790059
-0.5661585
-0.025083393
2.0597403
-0.6943068
0.6176437
2.0944686
-2.1046395
2.178382
0.108614534
-2.7375212
0.35684413
-3.3127623
2.0289958
-1.0602424
-0.44624805
-0.6435287
0.06722389
0.67446715
1.3761868
-0.16240147
-0.26252395
2.0138922
2.7434072
1.0673103
0.10486197
-1.3618602
0.839971
-2.7912536
2.0550532
-1.5911975
-1.3647234
-0.3671655
-1.085616
-1.945858
-0.8255545
1.026601
-1.5826523
2.1193912
-2.4231143
1.0806394
0.9887608
0.6611296
-3.5879312
2.2091882
-0.7361209
-3.7624986
-1.1913539
-0.79499465
2.8461413
-0.76238495
-2.0811791
0.6188077
-2.042557
-1.6810426
0.43382484
-3.6495476
1.9590746
-0.47601324
-1.4500932
0.285101
-0.539998
3.0914016
-0.43740824
-1.6803143
-0.38474572
0.28070554
-0.4968707
1.0598516
-2.219343
0.755548
-3.9655888
-1.5287119
-0.57490295
4.3439364
-0.40103233
-2.8631942
-1.0022159
1.2890123
1.1726714
-3.2441654
-1.53484
-0.075581774
0.8781203
2.3326807
0.4829278
0.5841293
0.4567503
0.84930587
0.34165502
-3.6211348
0.11224093
0.7172753
-0.68362415
0.34708703
2.2935038
2.2949462
2.014407
-0.4297731
0.6670136
0.77995366
0.5298166
-4.1852765
-4.794623
-1.3274485
1.6401205
-1.420603
0.64684427
0.1606506
-2.6545131
-0.9257126
5.0309134
0.79045033
-1.9015214
2.9095562
2.1162891
0.07336376
3.5997403
0.2605072
-2.5964646
0.40784958
-0.7101697
2.780382
1.512024
4.6155634
-1.8872786
-0.21916533
-0.50369155
-0.28269362
-1.4755614
2.3305175
0.123130344
-1.7479268
3.0637887
-0.67439836
-0.9734139
1.2254319
-1.1222543
-0.6074156
-1.9282702
-3.2378502
-1.6644572
-3.7921762
1.6422147
-0.67315793
3.679316
-1.3776262
1.5314641
-0.63164896
0.4628417
0.2707964
-0.22428218
-1.1951652
-3.2551303
-0.26129484
-0.50719434
1.6846336
0.2683155
0.18702394
0.16749981
-3.312159
-3.1485586
2.2675285
-1.2337153
-0.02594047
-1.210884
0.21050161
-5.504877
-2.3915968
-1.2807752
-3.7552016
-1.4256499
-1.9319228
1.2687677
-2.0125732
-0.83737
1.7897279
4.8144484
0.82122743
-0.2223072
-1.8485388
1.2832705
0.32862383
1.958358
0.37189847
-0.66876405
0.7009564
-2.22391
-1.430074
-2.0358658
0.00773333
0.58098155
-0.8408616
1.3946747
-0.8781776
-0.8923749
0.55647856
-1.8414079
1.6723845
-0.76894444
2.216688
1.8943104
-4.5693226
2.0310903
0.43380406
0.48937425
1.9341042
-0.05589734
-0.9888882
-1.0380899
1.040212
-0.44670355
-2.2444725
-1.5066681
1.7308811
1.645174
1.8813093
0.8917377
-0.86845386
3.3336732
-0.12250491
-1.6285963
3.2799969
6.0227184
-2.5593057
1.9768578
4.9722624
1.1375965
2.4461243
1.1932067
-0.25833338
-2.187374
-3.767802
2.4046037
-1.1683747
-1.4662309
-0.012333602
0.21854624
-1.3937951
-1.373348
2.8636768
-2.3327549
-0.35735732
2.37965
2.8347695
-2.1113634
0.88704294
-1.1936867
0.393153
0.3506801
2.5264764
1.1398537
1.637854
-0.77766466
0.82168144
-2.6217945
3.328401
-1.9680773
-2.7837958
1.7152377
-2.8559027
-0.4844128
-1.7329369
-2.2867908
-0.79785436
-0.72151476
-0.7806273
0.6795662
3.0327115
-3.366577
0.2143052
-0.2388444
0.47188923
2.2631001
-0.019501776
-1.0544837
-0.5905813
-1.9422683
4.111342
3.3526397
0.09804881
-1.4680656
-0.58364016
-1.7536328
-2.9083636
0.58410484
-1.259589
1.6552132
0.37097466
1.0370237
2.1013389
1.8141809
-2.6903918
-1.0907986
-0.38162157
2.5962253
2.4259784
1.1947798
1.7065827
-0.5803136
-1.338346
2.3403738
0.6461067
5.9026256
-0.18211563
-1.0202074
0.099353
2.2732089
1.8976779
2.162593
2.1269267
-2.4743063
1.0429677
-2.0533397
0.4081239
-1.1961641
4.9744062
-2.113505
-0.97687024
1.0956777
-1.0671798
-1.4817847
0.22623043
-1.5519898
-3.411801
-0.8441619
-2.8003788
4.0963197
0.5209652
0.35663408
-0.62353396
-0.9741664
-0.898847
0.45316586
-2.1276965
3.0562396
-0.057095893
1.2611426
0.18999553
0.11007607
-2.265424
-2.76632
-0.82197714
-2.5987043
0.5971202
-0.6442042
2.2444086
1.8094629
1.2897744
-1.485512
1.4096264
0.23778133
-1.1445681
-0.5403906
3.04881
0.008033715
-3.28173
0.78418654
-2.9050014
0.39792323
-2.32809
1.1607871
4.3071847
0.3588829
-2.6067812
-1.3611556
-0.76737106
0.002528295
-1.9148376
-0.22123806
0.55120456
-0.6748408
0.4451675
-3.254943
0.07430806
5.2267923
0.9990914
-0.9191318
-2.1566253
2.4839396
0.9025975
1.1511722
-1.8850977
-2.049537
-3.0941248
-0.105652235
0.8048028
1.8462614
-4.320328
-0.8291534
2.0913203
2.9958525
3.279964
0.3345958
1.2261258
-0.7892118
3.7370672
0.16816758
-1.0546622
-1.9618886
0.82823336
1.6630453
-1.7619083
1.5188485
0.035814106
-1.8951288
-0.6892853
0.72185403
-0.97314894
-2.10601
-1.1966958
0.9721831
1.1527827
1.6000615
1.0266556
2.4031193
0.43215823
0.65130305
0.31481627
1.3146443
2.9337983
-2.2022896
0.24879906
-0.9967845
2.8559632
4.3044734
0.91298354
1.2129979
-2.6881835
-2.1147137
0.7741848
0.40595138
1.4900807
1.4487062
0.15239319
0.5697235
-0.035295922
1.7495625
0.7472891
0.7517642
-1.2739959
1.8219048
0.5291274
-1.6948291
-1.6881492
-1.5985869
1.443426
-1.1200061
-1.3372117
1.0220678
-3.7811375
0.28017387
-0.8295484
0.013408102
-1.8349924
2.2370152
-1.3588809
1.1148862
-0.80667293
2.5098503
-1.2253392
1.6323432
2.4383354
-2.0835764
1.0904874
0.7067071
3.874796
-0.9719141
3.6956756
1.4038085
-1.638734
-3.006618
-2.770283
-1.3360269
0.094458126
3.4600494
-1.3967472
-0.067635566
4.971278
1.6403787
0.45365372
3.537061
2.2675467
-0.53039217
1.264117
-1.1295805
-0.91553307
0.60065615
0.3874509
1.6663786
-2.2776396
-1.8853416
-1.0584517
2.744238
-0.55071384
0.18280756
1.2340127
-4.5013666
1.5195996
0.47345096
4.321686
2.9712055
-1.3024371
0.9394963
-2.8897002
1.8821304
3.431004
0.19111007
-1.4495519
1.1370754
0.32600853
2.874972
0.30843493
1.1816454
-1.075161
-0.014357783
0.10360054
1.7125473
-3.2714496
-0.1013524
-0.79212123
2.7958248
-0.5078964
-2.3634682
1.7235825
-2.3118806
-0.79772556
0.41615456
3.5735967
2.3609138
2.5900607
-1.1694471
-0.08349745
-0.96409345
-1.967508
-2.0914335
1.0304788
1.6574212
1.397831
1.2279582
-1.4220728
-1.0493585
1.4093952
-2.40014
1.3566746
-0.9420427
-2.23819
1.3215474
-1.3046647
4.591401
-1.8041054
1.2431474
-1.9217764
-1.3772162
-0.77264553
3.9171004
3.4939702
-0.30342233
3.5662022
-2.9906158
-2.6299613
1.6495706
2.0708344
2.1746743
-4.706784
-3.0113444
0.5756131
-0.5290321
-0.8177183
2.0382104
1.3607678
-1.5002348
-0.83526635
0.29590926
1.673942
0.8852894
-1.1477568
2.284561
1.5177314
3.2737203
-1.402075
-1.6095295
3.260041
-3.2656233
0.7589917
-0.88443774
0.7912646
0.6589313
1.7431732
2.7761016
1.8812401
0.971441
-0.11884958
6.1604223
-1.2887365
1.9578049
-0.09912611
0.89911747
-0.8531464
-0.8901489
-2.465681
-1.5450748
-1.08971
-1.4199417
1.2287525
-0.9883829
0.18606165
-1.9819026
1.4092367
1.9375744
-2.8153815
-3.7534885
1.6696943
1.3383174
-0.36374313
1.1618227
0.83538663
-0.9805755
-2.317668
-0.6960585
1.3576677
-1.1109569
4.3850994
-0.47440767
-1.0542951
1.0820671
0.7519697
-2.8849154
-1.1516588
2.4656758
1.1856568
-0.22981375
5.1968765
1.1011858
2.2795267
-2.3164015
-1.8283455
0.8898341
-2.4478204
-1.3608668
1.0445337
-0.5862208
-0.09784873
0.79135376
-3.810637
-2.8708792
-0.9147001
-3.4711816
-1.9458518
-3.2330892
2.5524898
-1.766184
-2.1911721
3.5549242
2.5376506
0.75349337
1.0991958
1.3467686
-3.8449888
2.3814404
1.7286434
2.4723835
-0.14629926
1.4213265
0.57171196
-1.4242016
-1.4000107
1.2823361
1.7600154
-0.42162102
0.5686522
1.7174824
2.032753
1.7843008
-1.5446746
-0.8269125
-1.3747978
0.55444413
-4.5113173
-0.40380672
-1.9072452
-2.1777043
-3.273918
-1.0509508
-0.9368588
-0.6800748
-1.3909205
1.5720443
-0.673503
0.43379775
4.0365605
1.2889501
1.2400833
4.818116
0.95300955
1.7518253
1.2687744
2.4486203
-0.26165855
-1.703792
-0.74449265
-0.04295092
0.21757165
-0.62823296
1.3481871
-1.3136055
2.8920462
2.0094452
0.43298492
-0.6440866
-0.118270956
0.06503641
-0.94295853
2.7605884
-2.7655852
5.2469277
-0.3742011
0.8574306
3.5962873
0.30530006
-0.4516562
-2.839595
3.819338
5.2526336
0.07003877
-0.6523867
-0.86228937
-1.1633868
0.57541347
0.18257174
0.775383
1.538907
0.8459325
-0.1672442
-0.94071007
0.81087345
0.9674296
0.80913013
3.6466265
-2.156382
3.4249504
1.7026838
-0.19126567
1.2667234
-2.1174853
-0.39250755
-0.7333371
1.1980702
1.5839734
-0.39364633
0.64652085
0.5064463
-2.4030843
-0.04479514
-1.938816
0.7551793
-2.1240768
0.2922624
-0.16622093
0.05455476
-3.5271602
4.4507155
0.13989988
0.9508169
-0.8329187
0.26524958
1.0247755
-0.41734976
-2.8140123
-1.3339158
-1.8181939
-0.5540386
-0.5242294
-1.2161047
-0.8230888
-2.100816
0.32875696
-4.8935676
0.14432473
3.0371714
1.7817057
0.56513125
-0.1864011
-3.7763016
0.07963808
0.74883
4.9430423
-1.9941308
1.4669013
0.23729101
0.21640763
-1.1763554
1.1161054
2.2474391
0.034418404
-0.38532183
1.0040321
1.807217
0.13142905
0.8172104
-0.052825425
-0.7441402
0.14864655
0.70205396
0.34157646
1.0190283
-1.2479107
-0.042810455
-2.0252395
4.1702437
0.10033956
0.7066088
2.6859388
0.11941707
2.441053
-0.6204066
0.4679721
-1.9381306
-2.5736341
0.52794766
0.06921707
-0.17328963
2.1284595
-2.8852384
-1.3666383
-0.542741
1.664962
1.5449646
1.1566488
-0.9593754
-1.7467681
5.791861
-2.0020602
1.1219171
1.1444402
-3.5296402
-3.1940565
0.027766906
-1.9825094
2.5710604
-0.11835516
-0.9847878
-0.6955883
0.6952552
-1.1386193
-2.151609
-4.2573256
-4.6879244
-0.6091149
-1.7292533
-2.456021
0.8443794
-0.8295435
0.3730287
0.14169495
-1.2689452
-0.6958697
3.5886471
-2.67971
0.77752745
-1.9271525
-0.31003243
-1.9823154
0.7949897
-1.4780906
2.0348706
3.5202405
0.77705735
1.7577653
1.4676608
-4.224759
-1.4039384
-2.7278898
2.124089
1.6729165
1.4105144
-0.55970126
-2.3531475
-0.9801289
-0.8656148
-0.68197644
-3.1401858
-0.01949776
-1.985348
-4.001243
-0.4151193
-1.3937304
-0.3214288
1.6927036
-2.862483
0.76404953
-0.6655899
-2.964408
3.3620229
3.0040903
-0.7838189
-1.2491034
-3.5411065
-3.5020597
2.1728895
0.18391928
1.4842724
-1.9095248
1.7151489
2.636315
0.27134672
0.85745144
-1.1781856
0.48257172
-1.0694191
-3.1616566
0.196217
-2.403141
-2.1612334
2.21474
2.7216225
-2.4213896
-0.9025275
-2.325192
0.6853643
-1.582677
0.91197723
-0.56180555
-3.832839
-2.0517912
-1.545145
-0.37736297
-4.0986376
-1.700675
-0.66332453
-1.5224942
2.62705
3.3698778
2.246203
-0.19748846
-1.6820794
0.055051215
1.2767812
-0.08234118
-2.6733005
2.0789044
1.1925751
0.6378894
1.7227237
0.17607264
1.8928354
-2.339883
-2.1508768
0.4210627
0.7744194
-0.44202054
1.6203841
0.62587494
1.5949129
-2.353459
4.6912937
2.605909
-0.6979078
0.22511122
-1.6001811
-2.7571104
0.6781986
-0.9293127
0.444771
2.1598866
-0.62401026
2.0941484
-1.6941309
3.6364634
1.3828453
0.39903563
-2.8995938
1.4095218
-0.8706105
1.4593943
-3.5481057
-1.4129664
-0.16530919
0.51017904
-3.1227508
-0.37721226
2.4129012
-1.6762499
-3.1093216
-1.0397196
-0.026267253
0.7064151
4.346872
-1.0425348
-1.6730609
1.0609087
0.11531305
1.0993071
-1.4656591
1.1787149
-0.97056943
-0.70320845
-2.97637
-0.60902643
-0.8407941
-2.021895
1.4626682
-1.5073023
-0.4270492
-0.94223475
0.28093934
3.158607
1.4236419
0.10242483
0.24339256
-1.8119805
0.8389343
1.2597992
1.7913347
1.0726811
1.8715756
-3.7609522
0.47371563
1.0803741
-0.033149853
3.2502208
0.13579795
-0.82012224
-3.870942
-0.34272063
3.0003219
-4.1909876
-1.8891255
-0.8242114
-0.93457085
-0.46919057
-1.9315352
2.0716136
3.061868
0.16513495
0.7503695
-0.4871389
0.59666646
-0.60708374
-1.9165945
1.2743661
-2.2820423
-0.41690782
-1.0545037
0.7536522
0.94209445
-0.010012768
-1.9540247
-2.8307245
-0.36352617
-2.9536562
-1.6623462
2.3386602
-0.47259563
-3.045075
-0.493235
2.1180286
-0.73806727
-0.056280993
0.8364907
-3.5860426
1.6386328
0.74592495
0.5137422
-2.099617
-3.2146413
2.1201005
-2.0697837
0.9415462
-1.8273493
4.508508
3.454843
1.7471614
1.7545027
1.6773008
1.3757232
0.6561686
-0.6969059
0.39902517
-0.9920168
-2.5140948
-4.8449
-0.29767004
-0.9425347
-0.29189074
3.7773259
-2.2791808
0.561671
3.3968985
-1.4433635
-0.28299472
-2.3485372
-0.79282594
1.2246016
1.0848106
-1.2360667
-1.3838581
0.9133311
0.6990565
0.6681647
4.0032673
0.276812
-1.2411575
-4.9792237
-3.1812546
2.2811546
-1.1472749
-1.4213115
1.373498
-0.46202335
2.9171045
1.5240417
1.3766677
-3.1377494
0.014876559
-0.41821545
-2.9854472
1.1221277
1.4274179
-0.6808152
0.5462222
-0.75940686
0.9418265
-2.8299582
0.10495202
0.27652735
-2.7260532
0.24343754
-1.366576
-0.60424143
-0.007061556
-0.13308991
-0.62977326
-2.6773474
1.5082985
-0.51923925
-3.2224355
3.2363107
-4.179315
-2.4357903
-3.8048153
-0.051378664
0.8414586
0.41106302
3.0667522
2.9671342
-1.5722911
-0.6236888
-0.6614564
-0.07564767
1.0793446
-1.6908398
-0.26404268
1.8453104
0.7294913
-0.8168253
1.2426904
-0.21179944
-1.742872
-0.7634731
-1.0080838
0.9158921
-1.8125535
3.3183925
1.6704106
-0.23193601
2.4268951
-0.3235874
-0.7009746
-1.5046154
0.0816645
-0.51488674
-0.22530217
-0.52987343
-2.7092674
1.2231922
1.5912192
1.9763875
1.3941257
-1.3247911
2.0757306
0.37125942
0.63392514
-1.247979
1.4390111
-2.01738
-2.9367862
1.7541367
2.57321
-2.3833435
0.0553884
1.6269538
-1.2282299
-3.2854626
-0.09734631
2.3143284
-1.5370282
2.4203298
-2.0394537
-2.4483652
-1.7966087
-1.3587067
0.8072615
2.2876418
2.118606
0.041357435
-2.0232277
1.6597071
1.1436075
-4.7523174
-1.2356154
3.3380833
2.4468243
-0.78807086
-0.9575042
2.6728227
-0.3188163
2.7404926
-2.1536977
3.1635373
3.1947327
-0.7977078
0.91022485
-0.83750945
-0.86305124
4.315996
-0.46495804
1.7985746
-3.2662685
-1.7649361
-1.3335092
0.74782246
-0.13557214
-0.64299315
-0.57561636
-1.506911
0.18323086
-0.079600595
-1.5514612
0.8332136
-0.9334706
0.738235
3.0638332
1.5050205
2.0313253
-0.37920052
-0.42960083
-2.2296543
-0.34123507
-0.8592566
0.10515208
0.22067939
0.09812032
0.23182777
-1.0688283
1.0108446
2.3785727
1.8236691
1.8017085
0.11592159
-1.7560796
-0.9780278
1.3038174
-3.7838497
2.514058
3.046529
3.0082011
0.047119066
1.6638144
-0.08706319
-3.7661693
1.4957817
-2.605071
4.6623635
-0.35466564
-2.0652075
3.4232244
0.14292401
0.28985497
0.7452178
-0.2116489
-0.86802685
-1.1795332
1.1083059
3.1790974
-0.26324672
1.5355785
-3.0146766
1.8317578
0.32337928
-2.7572026
3.057212
1.852827
-2.8415554
0.70518345
-0.122696675
1.2770709
3.7243445
2.5049071
2.6152537
1.5520575
-0.68832016
-1.3560389
0.39978868
1.7154346
0.7806113
-3.6427174
0.90591913
0.011976197
-0.64139426
1.6223087
0.67081386
2.170719
0.65882534
-2.2609622
-1.6259127
2.3766773
0.77274805
2.3899395
1.3113759
1.5601348
0.91088486
-1.1613246
-1.2076026
-1.1537282
4.480609
1.5426861
0.67634135
-2.113681
-2.259593
2.695271
0.73574287
-3.5078864
-2.6096845
-2.9982772
3.96181
3.3568506
0.1349821
-0.35852036
2.5248184
-1.525562
3.8793306
-1.2447935
-2.0476089
-1.3646398
1.5001768
-1.9269817
2.9133122
3.9540672
0.9104248
3.390687
1.3522102
1.9049119
1.1972489
-1.978214
-0.32172507
-2.3277845
0.49259424
-0.26540464
2.3416653
-3.105045
1.5679502
2.6746964
-1.9525956
-3.5626166
0.6345781
-0.56741333
1.4586625
1.3337308
-2.4809346
-0.050772972
0.054597788
-1.5283172
-0.02470348
-0.9398891
0.8304881
-0.72814786
2.7701182
0.9849718
0.7113057
1.4708464
-1.5511879
1.689915
-1.5222108
0.19183783
0.5094166
-1.7556914
2.82033