Neticar
3
1.1741582
-1.6076384
0.4505159
-3.6019695
-0.8024875
-1.2586923
0.8570658
4.612816
-0.46680385
0.592431
-1.0561037
-1.0218487
0.24033973
-0.99452937
0.91939807
2.3836684
0.4784007
0.6814365
-0.514638
-0.5864454
0.06104908
0.8908868
-0.5431291
0.5784337
-1.5388094
-0.51258695
-1.1325375
0.17608704
1.3464583
-2.5134676
-0.25786164
0.16305529
1.8500333
1.9006519
4.41679
-2.0505335
2.4833744
0.91798896
-1.2170804
-2.611067
-3.2909198
-1.0400791
-0.97661906
1.2095128
-3.7885683
-0.31437394
1.4355265
2.217293
1.1846048
-0.47078624
0.27207035
0.32503062
-2.4357874
-0.022244975
2.6187327
-0.90010864
1.7446833
-1.316009
-1.2802421
-0.9822982
1.5754175
-2.3158727
1.3951534
0.7695024
-2.1807466
3.1597705
-2.7007043
0.5355676
-2.4800234
-2.4384131
-1.0228093
0.5612115
0.3983837
1.4080337
-2.9564898
0.44671968
2.2457237
0.69656575
1.6079158
6.021488
-2.3206964
-3.0972903
2.0743053
0.94880533
-2.1728246
0.21877632
1.461312
-2.0652056
0.16688281
0.67554677
-1.7565429
0.7355868
-2.0287442
-0.59574264
-0.46130317
-1.5964227
-3.7265108
2.7490237
-2.8728173
-0.21444207
1.5311927
1.6298618
-2.292097
-2.5086596
-1.0862195
0.18021062
-1.7162199
1.8538046
0.28557372
3.621139
1.5673101
1.0779338
0.9677907
-0.024421215
-4.654305
-0.36445567
-1.7155944
4.4466434
3.6744308
1.6629316
3.351113
0.49160483
1.2872975
-1.7350551
-0.70866793
1.0791413
0.8720871
4.3725076
0.4274664
-1.3922806
0.019039154
1.311668
-0.23192798
0.82431924
0.46037257
0.43852022
-3.8277419
-0.49448204
1.0234864
-1.1839143
0.5455898
2.580401
1.581018
-0.5891843
-1.5068512
0.8441208
-1.3926101
1.6199257
-3.0377772
-2.5621266
-4.9950542
-1.9568825
0.17161572
-0.9744396
-2.4929535
0.615107
0.17179339
2.408894
4.5277004
-1.5326157
1.2433438
-0.8782316
0.006113693
0.074792325
-2.2198613
0.94091755
-0.44871163
-0.8700072
-0.1647538
-1.9675667
-3.0395226
1.2611269
-0.23200575
-2.6285853
1.4775792
-3.6497471
-0.76099765
0.7617344
0.12765056
0.46465805
0.5437423
0.40058812
2.4771862
-1.343227
-0.41310805
0.07201059
2.3257463
-6.4797792
-0.6064408
-1.4321544
-3.6981053
0.49286902
-1.6141224
5.1063538
-1.2342372
-0.59438396
0.14393494
-1.2035806
0.32030833
0.6818673
-1.8726255
1.0402815
2.5319736
-2.6883552
0.33742225
0.66262555
-4.3063955
-1.3099269
-1.4150604
2.6054912
-3.0063934
-1.2068952
-1.2444263
1.0692133
-3.9162133
1.8893234
-1.8661641
-1.4288591
-1.8133804
-0.3361202
-3.014955
-0.5608446
-1.1652325
1.9145297
1.0819665
0.82955766
2.4077525
-0.04562042
2.7345817
-0.6389622
-0.51289976
2.1544254
2.2691135
-2.0005097
2.3683069
3.5397646
3.1631455
0.39159623
0.22877292
-1.4636484
-0.84550625
1.8663188
-3.8048198
1.6986947
-2.274648
5.6142135
3.379109
1.5061249
2.4234443
-0.22143084
0.42773283
-0.75616145
-2.2609627
-0.9896492
1.3201463
-0.14429745
-2.195504
1.7307346
0.6217755
-4.6369605
-1.0560956
3.159807
2.8176377
0.5545474
2.2962518
-0.9290236
-1.1602128
-2.9324307
0.32785523
2.888465
-0.00056886673
-1.3555536
4.1815205
1.1048849
3.1365392
3.962874
-0.92135715
-0.6046796
0.52325356
2.1800687
-5.9350843
-2.7856362
-0.9819079
2.5374
-2.7576988
0.056310825
0.9211596
-1.72314
0.880851
1.9942619
-1.4607977
0.57352036
-0.11818114
-1.4138103
2.998719
-0.33606377
-2.7221353
3.4793053
2.6706767
3.3039806
0.024953768
0.3692208
-0.5666084
2.4660997
0.60342455
0.895443
-0.89870626
0.04991977
-0.9873613
-1.6930531
0.2200036
-1.68313
2.6628041
-0.44815212
2.9207938
-1.5358552
0.96664613
0.6560062
2.4808648
4.087799
1.4411327
-0.82908106
-0.1783697
2.36432
5.071551
-0.008747499
0.8561179
0.2644566
-0.9255806
-1.4327711
0.7913129
-2.0527148
2.3975923
-0.22653072
3.5643675
0.20623556
1.3095275
1.0016338
-0.7297688
1.471464
3.6224167
1.7022569
1.3017339
1.6111907
-5.0538607
1.1362323
2.9043698
4.0035424
1.2528889
0.048560962
-2.1899083
-1.9829152
-1.218954
0.092967406
-0.99654865
1.8785266
-2.1809597
1.2568948
0.18362056
-1.6550711
-1.7261087
3.3953447
-0.2233347
1.0432119
1.5075805
-1.8543527
1.8861884
-2.187829
2.215114
1.4784118
2.6393714
0.8890279
2.4897485
1.440909
1.6857289
-0.64039767
0.5740555
0.4735838
-0.057510152
1.2962382
-2.3317256
3.4228458
2.0727522
1.781445
0.80988216
1.8605798
0.28257024
-1.1669564
1.98555
-0.05539792
1.1546512
-1.050776
2.1995797
1.4972386
-0.91333866
2.5832496
-1.869619
1.7605404
0.7968359
-2.212172
-0.1150528
2.51966
0.6191703
0.228585
1.0423499
-0.2117472
1.8119265
2.2410588
-1.1440556
-1.2638704
2.4659033
-1.6548986
3.49631
4.9977465
1.1879358
2.503005
0.93221533
3.2210448
3.8610692
-1.0941628
1.2917737
-1.1040584
-1.3964179
0.9823837
2.4983053
2.9127636
-1.4746155
-1.2465297
3.7070053
-0.47010523
-1.8333408
-3.6529222
0.72751015
1.3958032
-3.560068
4.706783
-1.0676086
3.9014592
0.40900925
-2.775672
0.76386577
-2.2270424
-2.1412442
0.14519742
1.1218953
2.166842
3.3894255
-0.5440792
0.36876613
1.6598451
0.98355067
1.1676699
0.7795924
1.5266765
0.7413505
1.9183669
-2.1242979
2.9273148
-3.099701
0.07616698
-1.6087646
1.1540415
-0.2998577
-0.16346543
-1.6993229
0.44366547
1.0697508
0.7886877
0.75545025
-0.3216174
1.5596715
-1.7356488
-0.8152326
-2.5394075
-2.4930139
1.5259364
-1.8088634
0.6251946
-2.0193508
1.4155627
-0.7630279
1.303293
3.5274165
-1.3652062
2.5771205
-0.41333294
-0.1362429
-2.6769154
0.7825246
-1.1875492
0.2775139
5.7048373
-0.0031821616
-1.3678106
0.6563121
1.7188721
0.32019818
1.369822
-2.1786318
-4.278229
2.967152
1.3450694
0.49970296
1.127794
-1.2114384
4.655927
-1.3430232
0.8797961
1.4534425
-2.8493254
1.7712345
0.95313793
0.19543935
-0.031964116
-2.1030865
-1.0413448
-2.1883152
0.8311214
-2.2519972
-1.1358533
-0.1328907
2.2327473
0.61781186
-1.5099163
-0.30497304
3.0643003
-0.04928366
2.915536
2.344204
0.08977648
-1.358298
0.18922247
-0.05307267
-1.7599242
2.466184
-2.0186772
-0.47227234
-1.3085926
0.8880414
-0.35609716
-2.545085
-2.3270023
-1.6119682
0.065527916
4.6397467
-0.053314097
3.038913
2.1775343
-1.8159552
1.8492632
0.76801527
-3.4256825
2.456124
-1.8453097
1.550569
0.7139263
-2.363182
0.38563257
-0.31488836
-2.0225103
1.0482599
-1.1445489
0.58616924
-0.0845125
-1.6479311
2.1900675
-1.1699171
0.9247942
0.42631447
1.2476321
-1.8197184
-1.3104217
0.7631716
2.0671704
3.0056202
-0.7775692
0.62573475
-1.1245985
3.169343
1.2937001
-3.358761
2.0934532
0.8030594
-0.6430135
-1.6812673
0.68586355
0.18050328
0.11335574
1.4916654
4.4348927
-3.5073912
-0.0004759878
2.8409004
-3.5525377
-0.06669771
-1.7805251
1.089477
2.7306185
-1.99185
1.8476133
-1.5120357
1.3036933
-2.3218875
0.685579
0.27509016
1.8699251
1.290658
2.3323941
-1.3944176
1.7179778
-3.0883002
0.37684232
-0.6931579
-0.12030417
-0.71267563
-0.058490604
1.8711299
-4.5834446
1.0671461
-1.6969178
-1.9482969
-2.1738598
1.7695278
0.048201926
1.0181918
-1.9188077
4.2049403
1.1834494
0.10830471
-0.1402484
1.9929816
1.8638952
2.364948
1.0777719
0.35621002
0.6343111
3.107554
-3.2345293
-1.4929979
-0.48361003
-1.3011167
2.21932
0.2020516
-2.365887
1.0830731
-0.36766973
2.1644168
-1.8111432
0.7635811
3.728696
0.6783107
0.14038491
-1.7068278
1.3672075
-1.8230743
2.7153816
0.21851465
-0.3505783
-0.7612172
0.11596654
-1.5604981
0.8516821
1.2790667
-2.6531582
-1.9132395
1.5674697
-1.1540316
-0.81214184
-1.8557063
1.2916436
-0.706981
-0.48047245
2.254969
0.47891456
1.622266
-0.7742106
0.5988868
-3.1729913
2.1461325
-0.059483998
4.898098
-0.8037081
3.1623216
-1.2049482
0.7621116
2.135616
-0.8706837
1.3502561
-0.36285585
-1.5088965
-0.95014626
-0.67634183
0.2632943
3.1355143
0.5858103
-2.8073094
-1.7986416
-0.7587472
-0.45657706
-0.29837894
-0.30017963
-0.042818256
1.3368897
-2.7920966
-3.6577175
2.845869
-0.71880853
0.6552561
-1.8559362
-1.4643031
1.9718345
-0.9053337
1.6214156
-0.7373324
0.5388689
2.423727
-1.3390075
2.046329
-0.12887591
-2.7062855
-0.41976005
0.20742889
3.5383232
0.82584465
2.0811796
-2.621547
-1.799378
-1.0540104
0.026854727
-1.8429583
-0.76890147
0.8407434
-1.1926814
-2.0255885
2.7982047
0.80356354
-0.14026105
-2.002386
-0.66339535
-1.1205465
-0.3590743
-0.10917228
2.2530026
0.9563228
0.91696197
3.3192205
2.861171
2.9696367
3.4915812
-2.5667102
2.7457495
1.274138
3.977471
-1.4180807
0.90790135
1.5815743
-0.0035574138
1.4027416
-0.7184989
1.6111542
-0.90708256
0.01639454
2.4943223
0.64396816
-4.3237495
2.8903916
2.6504722
1.6134838
0.2532945
-1.6217531
-1.0764568
-3.5599465
-0.6951317
-3.8748372
0.2977041
0.5195449
-2.1878355
-2.1926394
0.72250885
1.5680968
0.1542311
-2.171896
-1.8765786
-1.2659022
-2.8680432
2.3587253
-3.245922
0.76545954
-0.5071264
-0.4180466
-1.5009604
-0.89756626
0.38675988
-1.9356279
0.14351742
0.6752498
-2.0546026
0.9678554
-0.7723308
-2.2050476
-1.6030047
-3.5392208
0.36797795
-1.6627947
-0.5903675
1.8625267
0.3975314
-0.4630217
1.117524
0.48218983
-0.7446876
1.4626485
-1.4538212
-2.0735235
0.49193352
0.17891082
2.0017009
-3.256927
-2.5267901
-2.2176075
0.26102576
0.73134553
0.01263123
1.2225373
0.64344305
0.7508788
2.789305
-1.3375442
-0.16881143
-1.9792129
2.476828
1.7851244
1.5019617
0.9452517
1.9115962
-4.4535427
-1.7197076
0.85856664
-0.98768574
0.18814586
1.0745542
-2.8636527
0.9638129
-1.8223125
-0.7629799
1.5568365
-1.1297351
1.5570507
0.60072666
-0.052085675
0.103090025
2.0185864
-2.0995772
-0.74462324
1.5553305
1.6256214
-0.8952204
0.07639673
0.13901484
2.8058748
-2.7695906
-2.299297
3.2823133
-3.000452
-1.555473
0.4469686
0.40036154
1.6327074
1.6519604
-0.3075625
-1.8736942
2.242833
2.639821
1.1402686
-1.1676427
2.28601
-2.0511615
1.8968188
-0.3203388
-1.430997
-1.1522576
3.0877004
-0.61041385
2.8193853
-1.0764878
-1.3874004
1.5708178
-1.6186589
-0.41760427
-2.5005922
-0.23625746
0.20620552
-3.37646
0.6664031
1.2307258
2.907362
0.6020935
-0.74522126
-1.161866
1.0063955
4.231019
-0.3360284
-4.3501287
-3.3757324
-0.37456977
-0.14147106
-2.3696632
2.6440945
-0.8862987
1.4462053
2.366688
-0.11044394
0.33290163
-0.5669244
-3.7965837
-0.21807396
-2.188922
-0.9747812
-0.15404609
0.61473054
0.8050262
-0.3652398
-1.6380543
-2.01401
3.9597452
1.857735
-0.5766434
-0.73668337
1.6395224
-3.2676978
1.0363497
1.8568968
0.12006863
-0.5574069
3.525605
1.7707813
-2.4262307
0.87003964
0.07095196
2.5381362
-2.898908
0.17504403
2.3748453
-3.464378
0.4651702
2.6905816
3.0648913
1.9114884
0.24085487
0.05011389
-2.8779328
-0.16702452
-0.62927085
-0.6304412
-1.1099017
-3.0594118
-0.6894709
5.301538
1.2089905
0.21764587
-0.63745886
0.9573254
-0.028549805
-0.7315772
-0.46808702
-1.6878972
1.5438061
-2.8550785
1.331019
-2.2195594
1.2879162
2.4748662
-2.548677
5.7533545
-3.1695492
-0.34489626
-0.6576436
-1.3305134
1.980496
-2.1245499
1.1200067
1.622524
0.120979905
-1.6245667
1.2387929
-3.6136985
-2.1108131
-0.39428845
1.6581702
1.7332566
-0.37879926
2.0566728
0.9450806
1.9150014
-0.8501894
2.8891428
-0.59553367
-1.6232708
1.3026979
-2.5868356
0.01681839
-0.31635234
0.34317082
1.7442969
0.4383722
2.5471315
0.1741414
1.5220429
-1.863123
-4.1840925
2.7956142
0.032905668
-1.5615348
2.5088992
-2.2751582
0.863859
-1.2844895
1.6992214
-1.1193311
-1.4705296
1.8978894
0.6534158
-1.228531
1.0056418
-0.7669426
2.2738
0.8572197
3.1018813
-1.2871463
0.3897019
-0.8343881
2.2051346
-2.1174839
0.17140487
1.9896789
-1.7664742
0.83957684
1.989648
-0.2865152
-0.36309737
-3.4503157
1.1293349
1.5349869
0.5029537
-0.6907782
0.3592499
1.2424786
2.6793032
-1.7786732
2.732304
0.84151804
1.2540642
-0.49605608
-2.9771638
-6.208645
1.9535472
0.30945036
0.63573974
1.8171997
-1.2350056
-0.4281588
-2.8679152
-0.32769415
0.5716325
-0.863391
3.3204706
-2.964067
1.098345
-0.2316671
-1.6471077
5.0403295
0.88461983
-0.24946852
-1.4331903
-0.46441168
-1.3912177
1.4269052
2.7488484
1.1212959
0.00983052
1.0276086
0.05008266
-0.49861458
2.5840743
0.2485508
-4.204433
-2.1485515
-1.1669017
0.30600587
1.5122782
-0.8882571
0.309824
-1.0776742
0.064565346
-2.3710735
1.0890146
-0.5232632
-0.6886398
0.6979986
-1.5158954
-3.5371244
-0.7717188
0.68641174
2.4687247
-0.25315982
-4.0649753
0.2595365
-0.66517836
-0.3067664
-5.210158
-1.1101383
0.6936465
-2.6936662
-1.4197229
0.5264336
-1.0876111
-1.9038335
0.8180165
2.8406405
-4.1181116
0.22991152
0.011775296
-0.5082099
2.755112
2.2804365
-2.382738
3.3068066
1.1159337
-1.9160546
1.9497284
1.364497
0.1838736
2.061716
2.20935
-2.2111523
-0.42328966
4.155032
-0.16797844
-0.5206542
3.7873225
1.456287
3.3918614
1.6739624
0.99999815
-1.7673014
-1.825865
-1.260653
2.465011
-3.8397353
-0.8527738
0.40058655
1.1468318
0.7199954
2.489394
-3.0943298
-0.8191264
-1.0810883
1.5906404
2.8813384
1.9327942
-2.3794172
-3.7725625
-1.9498525
0.25826237
0.74368924
0.59554255
-1.6131072
0.052105464
-1.1702635
-0.04005186
-0.9260418
3.8953238
-1.8166456
-0.15387931
-1.3813527
7.5411963
-2.3478742
-0.860907
2.2882488
5.163401
-1.5174178
-0.41437125
0.6298798
-0.16449165
1.4954835
-1.6344535
-0.64311564
-0.5664612
-2.4017315
0.25421366
0.96794206
-1.3226693
-0.68027127
-0.945657
0.247347
-3.081234
1.224822
-0.77829564
1.0884379
2.7472615
1.2324232
0.86597097
0.64035475
1.154056
0.6494859
-0.30912673
0.5521351
2.6764925
2.8852274
-3.7619781
1.4994514
-1.3051258
0.5334389
1.4476298
1.4805706
-0.7141504
0.32943025
1.1974527
-0.26755577
1.0171372
3.2590034
-1.0697275
-0.36544913
-3.9238183
1.3423606
-1.2313508
0.95145
4.6685367
-0.34889376
1.8589693
1.8843627
1.5813891
0.7430286
-1.6762077
1.0483667
-1.9242655
-1.1402054
1.3672954
1.4699374
0.041427903
0.8020246
2.042584
-3.854444
2.3831964
-1.4454114
-3.4092546
1.564687
1.3142525
-2.7730658
0.8097043
-0.44746938
3.639079
1.6129951
-0.85222876
-5.6065335
-2.505678
-0.24601874
-1.9805764
0.7256321
-0.02713123
0.6139128
-0.82130855
3.1784348
-0.27199173
-0.5248441
0.15760538
-1.3024616
-1.028086
0.79727066
0.87059236
1.1854182
0.5025009
-5.081677
2.722472
0.71334916
-2.0173836
2.937542
-0.27841944
-1.9482797
1.3728715
-0.54062325
0.06867858
1.0784125
0.3120972
-2.4403355
-1.6796498
0.17184931
2.1431181
-0.7434652
2.2686024
-0.31616986
-1.0876533
-2.2533562
1.1073967
-0.755838
1.0637218
-1.5773863
1.1431789
-4.6120605
0.6947085
0.12800322
-1.641388
3.1923122
-1.0797119
1.4138522
1.3720955
-2.9097815
5.510156
2.91032
-2.2540789
0.3756444
-4.5344467
1.4639801
-2.2112517
-1.5252203
-1.7866477
-0.74568236
0.26792088
0.4220721
0.49625576
0.7213226
0.6499287
-2.5188046
-2.6480536
-1.9844137
0.15292746
0.3802268
0.95455325
-3.358485
-1.2828702
0.5441084
-1.8385248
-2.9078536
1.1876869
3.079268
1.8998084
-2.1519198
-0.98753524
0.5405275
-0.17514193
-1.8505561
0.5147377
3.8555808
5.2132635
0.65775573
1.0059805
-1.7116601
2.932994
1.9745057
-0.55281407
-4.1518564
1.4312563
-4.773015
-0.72826743
0.7870358
1.1415052
-0.3133885
-1.4375432
-0.4441296
2.465864
-0.69579184
0.42936066
-3.8763566
0.58159053
3.777556
0.91234195
0.13873373
0.6452167
2.014838
1.585666
1.2260677
-2.2551532
1.4144901
-1.2122321
1.9258155
-3.2932575
1.2224458
0.7520067
1.1468644
-1.9072381
-2.1968038
-1.3210329
0.33357403
-1.0077045
0.07511232
-0.937303
-2.129976
-0.4982446
0.85355973
-0.5649506
-4.0065713
-3.8499095
-0.35773414
2.672264
-0.7080869
0.52809924
0.7407022
-0.059969056
0.67145914
-2.61183
0.73322713
0.40652478
0.04871297
-1.4343414
-0.15262216
3.0327814
-0.6614806
2.138608
0.95230985
-1.9327215
-1.2090518
-1.6314427
-1.9658916
-0.5543413
0.06434728
-0.8810719
0.9676824
1.6788439
-0.23561513
-3.68258
-2.8868408
1.5932384
1.3173395
0.8400677
1.1671796
1.7891948
1.0871531
-1.5924702
-0.5334673
2.3230898
-1.2382888
2.128594
4.3642406
-2.2612877
-0.67085105
-2.354851
-2.8336334
-0.11754517
1.606631
0.61096275
-1.1992941
-1.0925933
3.1738172
-0.09164664
1.6413903
-0.42825523
-1.9204284
1.9137212
-0.87332076
2.1744847
-0.73156315
-0.27478272
-0.59903157
1.3156824
-1.3667752
-1.3078307
0.06577394
1.8368343
2.520285
-0.23588859
2.5567307
-1.1149485
2.6073809
1.0276817
-3.086289
0.36463818
4.0709705
0.51300716
0.7043214
0.6849799
2.207549
1.0118061
1.8742049
0.6693801
-2.5376914
-0.4865052
-0.79854107
-1.0072296
-1.4770954
-1.6480001
-0.20464776
-1.0776403
1.1518176
2.9236784
-3.7858636
-2.591837
-1.4928216
-0.23099113
3.0708995
2.503166
-2.098186
-4.490802
0.08421349
1.5151994
-2.209432
3.2015393
1.0849375
2.257485
0.75709206
-3.1574762
5.4240456
-0.44951412
-0.31759652
3.684448
-0.33289874
2.8859932
0.8585076
-3.4530323
0.87907565
3.0944178
1.1189164
0.39081982
-0.21130987
-0.796068
2.942424
-0.9834944
-0.29565975
2.103214
0.20003796
-3.2859623
-1.2536035
0.31034005
-0.97169214
0.74741685
1.2730268
1.9227262
-2.6954591
0.50507736
-1.4519072
2.0107467
1.1668519
-2.3456392
1.3099664
-0.93675274
2.7997906
2.37327
-1.785357
2.7672944
1.2787894
-0.890613
-3.0265381
-1.1045773
-3.6527846
0.46785948
2.8033807
-0.68656397
1.4688175
1.5682834
0.8478944
-1.4662094
-0.5908402
0.5437293
-1.2901894
1.6077955
1.3164818
-1.7482655
0.81758827
1.3443114
1.6360347
-0.06873107
-0.9700805
0.9656296
1.3166273
-1.7917712
2.7891273
0.45282647
1.2680755
-1.0239596
-3.769003
2.879879
1.1278163
4.399325
-2.6341186
-0.8162837
-1.3286865
1.5417054
0.8795298
-0.15472105
-0.5217128
-1.6692302
0.84032565
0.43964535
3.1766796
-0.20885997
0.71447164
-1.0069108
0.81513274
0.6699133
-0.7784156
1.8284091
-3.1021924
-0.46971864
0.7407664
0.8680661
0.56288356
0.45839816
0.2880035
2.4858508
-0.7053759
1.4542285
-0.19220649
-0.32187948
0.641515
-0.9294562
3.5021648
0.16730371
-2.7221322
1.0701711
-3.3868186
0.23706628
0.63064295
-0.34574324
2.620881
-1.6637807
-0.24429548
2.5839105
3.2463512
1.2025245
-1.7436918
-0.4135529
-2.209188
-0.27078775
-3.073632
-1.5815343
0.6705567
3.3564365
-0.22792849
-2.7457466
-0.8874725
1.946177
-1.0755177
-0.23166044
-0.29543406
0.416548
5.520254
1.1519917
4.1007423
1.075468
-2.5203254
-0.51647764
2.3047807
0.3333349
1.5476243
-1.2316087
1.4881469
0.3041475
2.4460135
-2.3036551
0.8237164
-0.71009314
-4.2522087
-0.781824
-0.039571486
-1.0038743
0.67464906
1.706646
-0.077056296
-0.6811722
-1.017753
0.38169536
-0.5778229
0.28823823
-2.988913
0.5739707
4.431504
0.03195502
1.1527427
0.44119272
-2.5365171
0.20321527
0.586138
3.710757
-1.997291
1.2749479
1.5724894
-1.1723682
0.50597817
1.8628552
1.4165602
0.30080038
-0.123389624
0.2139534
0.068702094
2.8001947
1.5577095
-0.33083087
1.1999475
2.5651777
0.31260157
-4.868442
2.287938
1.820836
0.9393244
1.5089273
1.8265885
2.3256536
1.0236846
-1.1283516
-0.6616489
0.4550287
0.06625873
-0.38441357
-0.7877595
0.10090655
-1.840122
-2.333285
-0.43731397
0.0919139
3.4285135
0.4622538
-0.68374026
2.355921
-1.7240492
1.867753
-2.3009553
0.32509863
0.18479317
-1.517355
-0.003867127
-1.444993
-1.5920334
-3.727999
1.5322189
1.7617205
0.21286377
-0.29680422
1.662864
-0.27525666
1.282361
-0.0005482137
2.8930273
-3.080245
0.19332968
1.6077436
-0.41202927
0.98680407
-0.8981687
-1.6693285
-2.179629
1.4116884
-2.1696277
1.1208835
-0.76743686
0.062324688
0.99675953
-0.15638983
-4.906555
1.1985728
1.5562644
-1.5743331
-0.54898965
3.4312112
2.1033783
4.4616146
4.1900373
0.16028863
0.53146935
-1.8789802
-2.439384
1.4822627
0.4672379
3.7008605
-0.0517435
-3.0404065
0.5151409
-1.859898
-2.474462
0.7968923
-1.6708934
2.0992534
-2.0891757
-1.1720883
-3.4049177
-0.481346
-3.2635865
2.3791997
-0.5952345
-1.6131836
-0.77056426
1.6348252
-3.8498847
1.4873812
-0.30754924
-2.5131161
-1.3615851
0.4573844
2.032781
3.374449
1.4333382
0.4364789
0.52681065
1.6620338
2.5750363
-1.3945689
-3.4549212
-1.8131894
0.22448961
-1.4872978
2.195229
1.3109058
-1.3703773
1.7840798
1.1416924
-0.7504212
0.9530225
4.0656667
1.7122136
-1.023153
-0.7889432
-2.595502
-0.4099197
0.1580452
2.6056082
0.9020941
-5.456761
3.4151
-0.96913195
-0.88214695
2.2692006
-2.1028886
1.5088421
0.3632378
-0.5495989
0.39968124
-0.73198915
-0.044421025
1.4411197
-0.2733306
-0.27098867
0.34157908
1.7681249
-2.446876
0.3704685
-0.8881258
0.072721735
-1.9113505
-2.9592967
0.85709155
-1.1119721
1.6627741
-0.31955957
-2.8305917
0.34589076
-1.5925556
0.75798565
-0.18514512
1.0463499
-3.7151828
4.359089
0.19235934
-1.2045858
-0.14267969
-1.1817288
2.607779
0.8106962
-0.58715284
-1.4717358
-0.59003246
3.05353
-1.9003371
-0.227118
-1.683397
1.5976847
0.7335097
2.7000937
-5.3368998
-1.0056179
-1.4759814
1.9156369
-0.8774865
-1.0443044
-1.3217268
1.7622167
2.233823
0.40244997
-1.8870146
1.0644342
-3.3389091
3.4026248
-0.5186587
-0.50892574
2.1563945
0.4402188
1.0189952
1.3049453
0.4474369
-1.156769
-1.915316
-2.640514
0.5672716
-2.637921
0.35861957
0.8236102
0.1834934
0.1602838
-0.3168654
0.9613442
2.682853
-0.4540772
-0.7322692
-3.610356
-0.39825073
-1.4615378
0.5645329
-1.3826824
1.7670448
2.5147882
-0.8529715
-2.9523194
-0.21778254
2.328517
1.6664126
1.8031064
1.0716145
-3.1153262
1.6742095
-3.650197
-0.82142204
-0.1064386
-0.90790534
1.6054549
-0.46018982
2.2456574
-2.0231962
1.8818733
6.699576
4.2447963
0.013204761
1.1476791
-0.25610077
0.61177623
2.0420184
-1.068896
-0.9967222
-0.34777683
-1.9391072
-1.9083825
0.2133421
-1.5077773
-1.9373323
-1.5682266
1.8094858
2.7313018
1.007434
0.3579545
1.969336
-3.8041825
-0.74511766
1.0991887
4.1022434
2.9491389
1.7124317
1.1438366
-0.5586853
2.8352356
0.57008535
1.206521
-1.8062404
-0.7910093
3.9515371
4.022439
-2.1731598
-0.3371016
-0.9772596
1.3564574
-1.2899393
-2.0449858
-0.1807346
-0.3503053
0.5960061
-0.9843964
-4.4187613
2.0770092
-1.1302989
-3.45223
0.72821075
0.1773972
2.0104156
-1.9913628
-1.2628354
-1.7662059
2.1219566
0.72501826
1.6406009
1.2772465
0.68162644
-0.91813064
-0.35150412
0.75651795
0.17134747
-3.559423
-0.3144002
-2.5185773
-1.2158835
1.4055563
2.1029677
3.6255293
1.6255547
0.6464665
-1.1101671
3.257507
2.5745387
1.0521702
-0.115042366
-1.3716773
-3.7364483
-1.1095688
-2.4484048
0.42549467
-0.52911794
0.38972726
-0.6079208
0.64761966
-3.5130439
1.7241178
2.9946222
-1.2513965
5.349222
0.9644233
1.855779
0.4982036
-0.5928337
1.1088501
-2.4534578
1.2923956
0.6256294
-0.9827106
-0.45598817
-0.8858788
-3.121958
-0.8505877
0.79917014
-0.3265945
-2.5685287
0.54339844
0.71927106
-1.9884118
-4.322067
2.3522694
-1.1461421
1.9398065
1.421749
3.96363
-0.8150377
-2.693122
1.8097677
-1.8560532
0.34433764
-0.9101335
3.1628697
-3.012328
-0.078568436
-1.5819129
0.35186875
1.509295
-0.9370992
-2.0897346
3.5577006
-0.28326443
2.6315713
0.44808742
0.33646065
-0.8211957
-4.05445
-1.8569529
-2.556024
-0.21978065
2.299193
-2.2474005
-2.2281349
4.830668
-1.2900249
-0.58510137
1.5827988
1.3944421
-1.9631585
-0.04121867
-1.8960392
-2.2731345
0.81481904
-1.2094694
3.343535
0.39795688
-0.82007015
-1.4228959
1.0819474
1.6457133
-0.3824108
-0.42487478
0.3227209
-0.41731405
3.327653
-0.19341889
0.7528545
0.34898415
0.34432286
-0.61394596
1.2236632
0.8317996
-1.0125713
-0.7930693
1.4213965
2.7892675
0.41482267
-0.053669274
0.005272962
1.7794968
0.5216137
1.0756899
0.824757
-0.4771038
1.6756072
2.5827224
2.6009476
-0.46812692
-0.5808892
-2.0030234
3.80195
5.189856
0.5561096
0.6614561
-0.29322353
2.8280044
-0.69861966
-0.118601575
-0.11590365
0.65555745
1.3384291
1.6294225
-3.6370912
1.0400647
-5.245329
-0.33616292
3.3000214
-1.0503817
-4.7427716
-0.3620476
-0.83335847
1.7562929
-1.9183432
-1.4090413
0.8741195
-2.4172764
-0.39757454
2.3649988
-4.3407264
-4.2349253
-0.32374153
0.8153063
2.353681
-2.9163537
0.77551883
-1.8797884
-0.39123374
3.2044854
0.08701321
-0.48984092
-1.8374993
0.9756967
-0.21100321
2.1063151
2.0267663
2.3001375
2.0789967
1.1558439
-2.1555383
-0.7522087
-1.5913343
-1.718348
3.2221167
-1.5290078
0.9843791
-1.4736222
1.8798215
-0.15546426
1.2751044
-1.6584791
2.7631454
1.6805528
-4.0158143
-1.2271199
0.12744783
0.594659
-0.47165328
-1.90781
1.1794915
-2.315015
2.6114147
-0.26109904
-0.022440001
1.6902857
-0.26900116
-1.7112187
2.3718445
-0.084883206
0.24063042
-3.0265226
-1.5723745
-1.2393137
4.0152087
-0.6824702
-1.0350109
0.39589646
-2.3978703
-2.6754775
0.06344223
0.03398808
0.537875
2.9188468
-2.156555
-2.507041
-1.413245
-1.7328097
-0.4049638
-0.5485363
4.404134
0.75437206
-0.22304818
-1.0264752
1.6891404
2.9911306
-2.6298032
2.1682644
2.54466
-0.03126231
1.2582997
-0.70000875
0.82170355
-0.76615447
-0.6745073
1.2711083
0.5131591
-1.0073384
2.705309
-3.3730624
3.9172697
-1.1921959
1.7931576
-1.7903684
1.959983
0.18407309
-1.8350785
1.4723418
1.1559792
-0.85363704
-0.19453013
3.3178067
-0.6052073
1.5532572
-1.038441
1.6156238
0.45072436
-0.99023074
-2.7120988
1.7405306
0.8325442
-0.5805712
0.1888276
1.1925246
-0.11339778
-0.65912795
-1.3581215
-3.1218343
3.0713747
1.4228945
1.0051165
-0.81246454
0.10073091
4.0390015
1.814575
-0.6857062
0.38699916
2.4727933
1.529173
2.1912394
-1.4571757
0.71566564
-2.442045
3.031766
-2.319628
-0.10301339
1.0562786
2.3825269
0.813239
-1.557502
1.5791599
0.5662723
-1.7591996
-1.698039
1.2654142
-0.8650732
-2.2149715
-0.32669726
0.11474159
-1.2199608
-0.4740753
-1.6795406
-4.2074375
0.31856018
-2.2086961
3.9980814
1.9772812
1.9136442
-2.8395984
0.5157501
-0.06439817
-0.37364775
-1.1961771
-0.19468883
1.1423953
3.2874014
0.7031737
-3.23496
-4.621638
0.83649004
2.0950313
-1.882714
3.9883962
0.35209548
0.4176243
-1.4399058
2.6296332
-1.8960221
-1.2319207
2.1899762
-0.09171245
-0.680416
1.359455
2.9486277
-0.30867475
-1.2907332
-3.080707
-2.6358232
4.5753093
-1.721426
0.58927554
0.22496614
-2.1404076
-0.31819144
-2.769069
2.075478
0.39775234
0.25808698
3.7054772
-3.7558966
2.7760088
0.52903
2.8033488
-0.231574
-2.1810582
1.8692237
1.8854308
-0.05022771
-2.8376489
0.8658655
-1.265467
1.6972969
0.03325633
-0.63474774
1.7672684
-5.050805
0.2415412
-2.034838
-0.46737373
2.0144532
0.8117612
0.46398523
1.7536772
0.15486643
-2.8558493
-3.755677
1.1364206
-0.4099002
-1.286305
2.7291741
-0.012784041
2.5526204
-2.503839
-1.3140996
-0.3051855
-3.1752138
1.3881236
-0.445339
2.0399854
3.305055
2.0187078
0.43667307
-0.550454
0.7017084
4.2468963
1.1174787
-0.9061839
-1.7657664
-2.2686481
-0.9203297
-0.102281645
1.9880918
-0.15693718
2.9022915
0.03266975
1.183047
-1.0492467
-0.90321994
0.744281
1.2643791
-0.73700047
5.981068
-0.66894627
-1.1356769
-1.1264242
-0.7797421
1.1498958
-1.4514412
-5.452991
-1.9556581
3.0499594
-2.1758084
-1.5394169
1.3397899
-2.7274222
-0.5749014
-0.49714884
0.8191504
-0.9462825
-1.1231524
2.3134332
-2.7757478
2.1423895
2.3611975
0.005682856
1.1433312
-0.84318453
-0.5561645
2.0786803
-2.4119544
-0.054215305
0.5244522
3.1710608
2.0451698
-2.7075183
0.5859135
1.1148018
-1.569782
-3.0628152
-3.6429222
-3.0427957
-1.6672846
1.8774731
1.5522541
-5.2737074
-1.4664313
0.4381186
1.2207932
-0.7769457
-2.2104628
0.3860761
-1.7305193
0.5716179
-0.074617274
-0.72135216
-1.4812948
-0.4681149
2.4359012
-1.801652
1.3221987
-0.5238594
-4.0757613
0.48610488
-0.57611847
3.2875378
-1.764874
1.5776547
-3.733124
-2.432996
-1.6463137
-1.5011744
2.556109
2.6075273
2.3866193
-1.4632976
-2.258004
-2.3265467
0.3438525
0.8989603
-1.4125521
-2.416633
-0.66889864
1.2717232
-1.2314535
-0.646077
1.8298154
-2.5582356
-2.162088
0.120018005
0.8524163
-2.3522859
1.9729283
1.370408
0.2565541
-0.5559552
0.24037118
-2.2347462
-1.3161339
-1.8041608
-0.15019864
1.6088462
0.14894603
-2.0963483
2.5458357
1.8023131
0.9759018
0.79282147
-0.8594096
-3.6188483
-2.9578545
-1.7681749
-0.19955848
0.923262
-0.56062615
-0.884066
3.687451
0.9606554
1.1581663
-2.8647468
2.2289739
-0.56569564
1.392957
0.90606403
-1.3668028
3.3026655
1.8242259
1.7671771
-2.768977
-2.8498452
2.7129562
2.5812054
0.636173
1.5619804
0.7237219
-0.6590758
2.432695
-0.452867
1.1404885
1.0940413
-1.2042211
-0.27884737
-0.39317942
1.2065457
3.3750093
1.9192706
-0.7221212
2.4757602
0.72989416
0.46587607
1.2754034
2.8172424
-3.229124
0.11332558
-1.6110866
1.6808386
8.227758
0.40640867
1.5176462
-0.868366
1.3835065
-2.03627
-2.124737
1.7847573
0.44939247
1.35448
-1.5962077
1.1921829
-3.3411033
-1.3512018
-1.4176221
2.3776433
-2.358138
0.7993001
2.202688
2.7513943
0.62941444
3.4875085
2.5159762
0.8187098
-0.08873499
-0.6985136
-1.4334185
1.5239257
0.09677173
-3.02323
2.9625695
-3.4011083
0.5203043
2.7173002
1.2400036
3.0707333
0.18773594
-0.64308643
0.9997376
0.99945176
-0.5633096
-1.5493753
1.768401
2.2421374
-0.9250774
-0.50748414
2.3499117
1.8596545
-1.4781247
-3.5378294
1.0497262
2.7755804
0.4415742
0.4365648
-2.6765249
-0.33357432
-0.3043487
0.17554939
0.89490265
-0.12951949
-1.1713494
-0.6588812
4.0127993
-1.1197482
-2.5670626
0.11788855
1.0399874
-1.152864
3.1390257
-0.67002803
2.1991417
1.0201222
1.2035455
-3.8703022
0.051224675
1.4594226
-1.5364087
-0.33896846
0.9781932
1.4108613
1.1203471
-2.5498507
2.3568287
-1.3321373
3.0010655
0.5523094
2.3068898
-2.10861
1.4309868
0.52726215
-2.2507665
-1.8854883
-1.8491511
-2.8595314
-2.4109154
-0.030580942
-1.3820577
3.3258324
-1.5511768
1.1070745
0.35931447
0.41678742
-1.8967367
0.37074608
0.41932526
0.9087872
1.5449156
0.29381073
-1.8288802
-2.6264186
-3.6991053
-0.026235647
-0.5869889
1.9520411
0.034464866
0.5793477
0.96633655
-1.5179693
0.31934303
-1.3970363
-1.1247706
0.93190086
1.2665161
2.064793
-0.63475233
1.9488604
1.1998508
-2.1058564
-0.42799836
1.2906163
-1.968983
2.1576962
1.2150161
-0.118962854
-3.0783253
1.328203
-2.469372
-0.18767205
-0.8599014
-0.43820444
-0.79361844
-3.0389247
0.035780672
-1.545293
-1.5219096
0.9825912
0.6001401
0.65501755
0.070698336
-3.0373156
0.04408674
0.15901193
-2.6441808
2.7077265
1.3864193
1.4602534
-0.052361928
-0.4974304
-2.9464293
2.568587
-0.60169506
-0.2249514
-0.35067815
-1.1842617
-1.4978137
-1.9259216
0.73606956
2.6927736
-3.03925
-0.6964369
1.1258276
2.4255466
-0.5536056
0.4083739
2.632842
-0.6547594
-2.5754583
-0.41708988
-2.0248642
-2.1475778
-2.087577
-1.4886417
0.45608786
-0.40218073
-1.0006728
-0.12720072
2.8366344
1.601823
-0.11070691
2.3192225
-0.07170963
-3.948538
-1.6186087
-0.7596612
-1.6318502
-3.2769666
-3.261965
0.8822702
0.058199674
-0.26145834
-0.066137336
-2.294636
1.3595804
-1.3932812
1.1993351
2.6704159
-0.62328756
-1.9977459
-2.2930508
-1.1419961
0.28008264
0.19421607
0.9702953
0.83333516
1.9546676
3.1534207
0.724677
1.5025511
-0.17348835
-0.8680342
-3.227177
-2.528649
-0.9297352
1.7327591
0.8748671
1.4628725
0.9035096
-0.39170817
-2.0516782
5.233786
-0.74382687
2.872877
0.82505167
-0.28389364
0.5652746
1.4542816
-0.6149406
-1.5868752
-4.631695
-1.4812716
-4.5104527
1.8679132
-1.2465196
0.35043734
-0.67046213
1.0193518
-0.55499697
1.0499614
-0.58890206
1.2412305
-4.20856
1.0417535
-0.94307256
-0.6049469
1.7500932
-0.1938905
-1.2860769
0.078269884
-1.0844178
2.5064209
5.286525
-2.2484832
-0.96932006
-2.1065764
3.9106302
-1.383331
1.466311
-1.1667534
-0.14089891
0.36876628
-2.5000095
-0.47643745
1.5169986
-0.46677423
2.0188353
-0.48526198
0.97795546
-1.6065352
-0.2159873
1.2062811
-1.4363767
-2.5966763
-1.3120614
1.0757362
-1.1065446
1.5446315
1.8344163
0.38212842
-1.7166581
1.9301288
2.2642472
-0.42947388
0.60858667
-2.661
0.21042088
1.3993205
1.738613
-5.628839
-0.21609077
1.0622051
-2.2682984
-1.9214966
-1.6757314
0.56347144
-3.750667
3.040604
-0.5920838
2.2909787
2.080835
-3.0733104
-0.07139797
-0.3335089
-2.2096305
-1.5515541
0.14006466
-1.3450265
0.10147219
-1.4979025
0.20247664
-2.5559578
6.502749
0.05409354
0.6242257
-0.6209068
0.35624364
0.10822117
2.2601523
1.2510003
-0.65078306
-0.30741853
-0.6807659
0.9126677
2.2420013
-0.5679836
2.0404053
1.8866721
0.069913894
-1.1409528
-4.3780327
-0.8491165
-0.4760114
-2.8951476
1.1615493
1.8957053
0.098483644
-3.3016298
2.1542659
-0.8072975
-0.4288238
-0.11273768
-3.7256052
-0.13022274
-0.76367813
-0.63010883
1.2844603
0.87798524
-0.33564347
0.5442578
-0.1711567
1.8197215
0.91952085
2.8110366
0.5080687
0.986941
0.036900558
0.7224118
1.5068222
2.7146928
-4.1940503
0.96306413
1.376482
-2.8881757
-1.5776348
-2.2236617
-4.3748455
-2.31592
3.7282712
3.285189
2.105569
-2.5185785
0.40224367
-0.7289708
1.3591914
0.34232408
-1.6097494
2.576793
-1.0810338
-0.20510605
1.3418881
1.9514437
-1.0266898
1.3557788
1.4379332
0.18625742
2.5347652
0.22244427
0.9635398
2.0309472
-0.77787286
3.0168672
1.1241257
-4.0626507
-1.6200303
1.3107586
-0.57107997
-3.4093323
1.6076187
2.1330748
1.2003294
-0.6687889
1.0866569
-0.69148856
-4.5899987
-0.4144665
2.940921
-1.521053
-0.5180077
0.8262782
0.7809297
1.8626642
-0.60127646
0.63339597
0.6100448
0.72946185
-0.37587222
-6.5113373
2.486628
-0.9625795
0.923666
1.1853223
1.3468637
-0.24342445
1.0688012
0.3483032
0.5019297
2.3735032
-2.1393576
-0.7378495
-0.59463656
-3.1177878
4.907342
1.3163921
0.11659974
-0.5212555
-1.2835249
-0.8130524
-1.7152169
-1.9353583
-3.438481
1.4042143
0.76655936
-1.1344905
-0.22995651
-1.4491649
-1.2959496
1.2482461
2.17581
-0.56848437
0.64761734
0.7147073
-0.38760918
-1.6773512
-0.7466652
-0.6039041
-1.9487833
2.048559
-1.6481907
0.52866095
0.89357316
-1.2453227
-2.1826425
-2.313529
-3.4028344
2.3859177
1.1276418
-1.7577075
-4.1730742
-0.3845846
1.2837782
-0.20819212
2.2052958
-0.31385094
0.094153866
-1.5872852
3.1153767
-0.30984563
3.2439857
-1.8119551
-1.6212687
-2.710463
-0.40475327
2.7465742
-3.4748416
-2.4249346
-1.1254606
1.5830353
-2.1824517
0.10623545
-0.7553436
-2.510972
1.8963412
0.11919792
0.31861144
0.6294421
-0.6240414
-0.43404508
-4.0306077
-1.6124164
-1.8924681
2.3014722
0.39125606
-1.7926083
0.51619583
1.7398881
0.3673879
-0.068879895
-1.7937676
1.5939677
-0.9471623
-3.0865433
1.9262455
0.4341742
-2.2720697
2.623078
3.9493818
-0.73275983
-1.2658176
-1.5379847
-1.0583831
0.2807421
-1.3552043
0.50140136
0.5066954
-2.960506
0.662542
1.9186739
-1.0045881
1.4293896
0.99579424
0.8468983
-1.0753012
-1.5613729
0.13208601
-0.8493514
2.8172896
2.1797156
-2.8053842
2.49351
-0.88585067
-3.0192897
0.4810669
-1.784088
-4.3471956
1.9020077
1.9665146
-0.70465875
2.2667801
0.7970892
0.19852716
2.8151405
-2.6519186
0.76307666
-0.723986
1.6956986
-0.21364343
-2.7099025
-0.72194904
-3.804754
-3.0517576
-1.974237
2.063046
-1.4692684
3.8379676
-0.07984578
-2.789845
2.0525105
-0.79850674
0.62721807
0.017022125
0.23850453
-1.8590711
-1.5224539
-0.72956824
3.2575984
1.3994468
1.519766
-3.773613
0.19193086
1.3662562
0.42731735
-0.4749567
0.5947364
2.2482362
2.0305936
0.8958637
1.1243439
-2.0324416
0.09817069
1.4561718
-3.5456035
-1.1837202
-0.8336509
0.9680103
4.254848
0.4868676
1.2967817
2.1702719
0.33080286
3.3671298
3.1814563
-0.77936375
1.0125933
-0.9022142
1.2220477
0.6533728
1.9101595
4.348216
-0.27187973
0.76671815
0.34407598
-2.7213666
0.384508
-2.767957
0.63173044
0.3843545
-0.71039677
1.853354
0.14511505
-2.9691184
0.16499859
-3.582218
-3.0118768
-1.6249171
-3.443564
-4.053035
0.80814636
-2.2126248
-0.8426916
-1.7004682
1.4659362
-2.2333267
-3.3151414
-0.16193622
1.2736671
2.150035
2.4126625
-2.620076
-0.19145821
-2.8449373
-0.8349209
1.323336
-0.9862679
-1.4142071
0.09061071
4.114191
2.9618845
-2.915259
-2.8328261
-3.663425
1.4307116
-2.995618
3.4685864
0.41337878
1.865549
1.0632945
-1.0877048
1.8867141
-4.019919
-0.60627586
-1.3899164
-0.75652736
-2.08922
0.012918226
0.6539367
3.3460233
-0.49667114
-0.988315
-3.45711
2.1298132
-3.6656952
-1.444242
-0.044923864
2.0325568
2.6982043
3.0501168
-1.8574107
1.9385839
3.0227752
-5.104424
0.079870895
2.6714141
3.9641929
2.3917742
1.3890318
-0.20769599
1.3472819
-1.2065337
-1.1424791
-2.2476537
0.7010401
0.03472227
1.9309524
-1.8719159
0.5255181
1.6578326
1.7519071
2.6982856
-1.909369
-0.6178322
-0.39803424
-1.1123238
0.5809861
3.9096477
0.8580204
0.97479385
-1.268296
2.6488013
0.8557115
3.0849054
1.5086701
-1.4579725
-0.49619514
-0.18812354
0.09672425
-2.0695345
-2.142574
0.40925986
1.4412749
-1.3661549
0.7258364
-0.9826087
0.83887726
-1.9397658
-1.4312412
0.43364167
0.98474324
-0.90904164
0.5894618
-3.2096078
-1.9527533
0.633291
-1.5464445
1.2253561
1.5002007
-0.3569527
-1.0243888
-2.595627
-1.1256903
0.35936698
0.3079709
0.7103422
0.4745178
-2.5041182
0.13052158
-0.3483622
1.4216012
-0.34533823
1.1927313
-0.19351691
-0.6516103
0.12534674
-0.2600458
-0.95880353
-0.79581314
-2.1195097
-3.4135633
-2.4052181
-1.5845175
-0.9838471
0.7600423
0.7452936
-0.6406912
0.93618584
1.1656662
1.397322
-0.5497413
-1.261933
-0.42746174
0.3485492
1.0412372
0.013118826
4.132589
-1.313879
-1.9296987
3.0279877
1.3172331
2.0414805
3.5074682
-1.2085419
2.1088023
-0.302061
0.9646769
0.45314535
1.4763502
0.18567301
3.8834493
-0.019158818
-0.25463033
4.1063423
2.3684747
2.0650709
-1.4991474
-2.5469267
0.80872387
0.77645105
-1.5579613
-1.344276
0.5282547
0.97460866
-3.2032173
0.9473584
-2.7670217
-0.97072285
-0.18006052
-1.5851413
0.3700497
1.2451235
0.6238207
-2.2521675
-0.5022483
-0.8892393
1.6092011
-0.96412635
-1.9989163
1.1498579
-1.0407869
-0.38456136
0.012325704
0.30752468
0.501937
-0.7546064
-0.40066624
1.8797346
-3.3326814
-0.4692232
-3.4505439
0.7057333
-0.6163114
-3.4027505
-1.3541484
0.6099473
-1.6360718
1.9681569
0.36529207
1.090501
-0.84733975
-0.47773883
0.89248055
2.9467008
-0.018504623
-1.6480706
-0.10693905
-1.947019
5.094447
0.34843
-1.2662606
-0.5432197
-0.8848311
-0.27300775
-2.461824
-2.9307113
-0.29139793
2.1223755
2.6379793
-1.5326967
-0.40573484
-0.05620127
2.61581
0.10203938
-0.90125173
4.598412
2.0523732
1.622953
2.985631
-3.9872017
2.2612038
0.5666959
-0.9967889
-1.0011396
0.45651862
-0.73821014
0.08386548
0.3240286
-0.7024362
1.1648756
1.244885
2.0879285
-1.158103
-2.1030352
-1.2278463
0.8013747
-0.18477935
1.8441098
1.2000244
-0.9880943
2.8160372
-0.62181973
1.786217
-1.0715715
0.28127417
0.081337385
0.6756136
-0.96594393
1.2813818
1.8217684
-0.0046258047
-3.006155
-0.4570318
0.1010105
2.5334325
-1.1940848
-3.7216697
0.1902909
2.304808
1.7372776
4.382944
0.69551224
1.4560478
-0.55751204
0.8953155
0.5294627
-0.6079139
0.72566277
-2.5930648
5.11104
-1.3642635
1.6653154
0.105246566
-0.8011889
0.38503903
-0.5936906
-1.5601814
-0.05501695
2.0388074
-0.61920995
-0.49161404
-0.8384083
1.1664867
-1.5761361
5.0015903
0.827174
0.80095613
-1.2650694
-1.2060438
1.4941679
0.73120826
1.2436495
-2.7102368
0.5675688
0.13133992
-3.9186764
-3.4782608
2.7437654
2.8657138
-0.90341496
0.9076153
-0.62894636
1.2486622
-0.58440554
1.2635928
-2.8392763
2.1857731
1.4125732
1.5756015
-0.9856849
2.6611867
0.33138436
0.44547233
0.4458825
-1.177369
1.9125327
-1.4684682
-1.4899893
-3.0040221
1.2883025
-0.18387368
0.98593277
2.134841
3.2083058
-0.7829448
1.1466852
0.22544748
-3.1428695
-3.0575418
-2.9239874
0.7007173
0.021049544
-3.555287
-1.8921672
-0.50663227
-0.33769345
0.92157626
-1.4311532
-1.0872324
1.2248183
-0.05652909
1.2490494
-0.0853604
-0.9277083
-1.5591081
3.9180968
0.79919755
-1.8692733
1.4412664
0.41342288
-0.75613976
-1.0610291
0.4904996
-1.2236705
-3.6448412
3.4734561
2.0647244
0.37040275
2.052345
-1.218429
0.687422
0.17209825
-2.444107
0.66154134
2.5622027
-3.8903146
1.2327955
4.0959725
2.5902905
-1.2131041
-0.7672718
-1.1886714
2.7729356
2.0812829
4.361368
-3.3707159
1.5494142
-0.5781122
0.059068635
0.983908
2.5778959
-1.5744008
-1.2747401
-1.5851923
1.5623373
2.5286257
0.036818568
-0.79209906
0.9300462
-3.0861707
-0.39925727
4.3092933
2.0510433
-3.4788914
0.021813348
-4.415355
-0.3154993
-2.9871306
-3.2120678
1.6895337
2.4099832
-0.26230744
-2.3954585
0.7492949
-1.0866603
1.0961578
-0.2127575
2.3959234
-0.5039229
0.6052376
0.44781634
2.4587343
-0.62490404
-1.9198118
5.6084104
0.38946682
-1.0188302
-0.66235274
1.3034745
1.2588099
-2.3041673
0.6737219
0.14224498
-0.7945633
1.2800657
-0.90777946
-0.25011837
0.89486235
2.3294516
0.76548123
1.4898258
-2.1027367
0.61148924
-3.624602
-0.091445625
0.8682749
-0.18550378
0.86253214
0.62846303
2.1049974
0.9509871
-0.91308504
-2.1150658
-1.952376
-4.588952
0.16391079
0.6387037
-2.1365175
0.027305573
-0.6336348
1.0129931
-1.4167359
-0.626498
0.057841375
0.70377034
-1.8848168
1.8915296
-2.8620837
-1.0867842
0.7715804
3.2109993
1.0314077
-0.06556796
-0.26026258
2.871007
1.3513768
-1.8732495
1.2937363
2.8650086
0.8019337
0.30663732
0.6867891
2.0512729
-2.832359
1.5121597
-4.2471595
-1.1765448
3.0235393
-1.6409307
0.9212444
-2.9160316
0.52335966
-0.67082393
3.1285853
0.17743525
1.0882454
1.41061
0.8164583
0.006718673
-2.6901097
1.1782957
0.5935744
0.83490777
-0.6219363
1.410209
3.2668328
-2.3291078
-2.9189298
-2.2096598
0.011895772
1.5557373
2.8293135
-0.16062757
1.1368223
0.08717573
-0.13560675
0.45978943
-2.9253929
-1.3730891
-2.8462632
0.98299515
-4.4454756
-0.7136461
-1.4672741
-2.8584743
-0.87813556
-3.4780145
0.0775869
-0.9751087
-0.3008248
-0.58704644
-0.65875286
2.7286317
0.3296077
-0.5853967
1.899941
3.2895026
3.4543247
0.9618484
0.046166312
0.83191013
1.1883395
-0.43440843
-2.0746474
0.7149153
3.7066157
-0.8673202
2.000915
-0.19783303
0.4193511
-2.2686265
0.8888847
1.7157868
-0.13796028
2.1819437
-0.6193027
0.34186402
-2.2251165
0.8361029
3.2498622
-1.0107574
2.7710934
1.4749668
-1.1809059
-2.1473782
0.17217995
-1.1801867
-3.3254557
0.40535676
0.07195864
0.26249108
3.837188
-0.81635284
1.2826662
5.404732
1.7230315
-3.5872362
2.0665536
0.15066594
1.0386916
0.173651
-2.0108914
-0.51929075
2.8676574
0.7795684
-2.1763234
4.5643363
0.9730017
2.3042514
2.2760177
1.4276011
-2.7486444
2.8412876
2.372768
4.1023726
-1.3519845
0.4789988
-1.3391256
-0.102268815
-4.233966
-0.8560923
-0.72349584
-0.6164259
0.03923422
0.30024493
-2.5590613
-2.11828
-2.1652098
4.0806093
-1.1562529
2.2204885
-1.0599455
0.92569137
0.34844244
-1.7907621
-0.5840522
3.778342
3.1677685
0.32072347
-1.7342267
-0.42594525
1.1778041
-1.2408712
-0.8948502
1.705106
-2.96125
0.29557565
-1.1715575
0.52026445
-0.37114614
-1.101386
0.7473496
-0.13199703
-0.8421851
-0.017698992
-2.1613793
-2.535767
-2.0228863
-2.280228
4.8784814
-0.811984
1.4678084
-1.6494168
2.1548963
-1.4569418
-2.438048
-0.035819605
-2.0957005
-3.396416
-0.11325345
3.0596418
-0.3799965
-0.46014905
0.71190757
-2.5617242
1.3108591
0.118031904
-0.6988983
-0.15823448
-3.7104943
-0.61516833
2.090773
-1.1815763
-0.67047465
2.73693
0.36874232
-3.4276488
0.37302858
1.5429935
-0.3241854
-0.5918825
-2.3506322
-0.50767326
0.47144106
1.1887013
-4.6121492
1.405643
-0.47551394
0.8130739
-2.0730433
-0.9974208
0.4705987
-0.21033877
1.0506318
-2.2867181
1.1679479
1.5458071
1.1600022
0.5535688
-1.7418745
-1.5728089
0.58689624
-0.41699472
2.0139856
2.7873971
3.4685967
-0.8953602
1.6399593
0.4510582
0.23166494
1.101007
-0.6074352
2.3794577
-3.7719197
1.7976575
-1.0510395
4.458423
3.749689
-1.908373
-0.65612316
3.4883528
3.2422214
-1.625186
0.4269214
0.63938856
-0.9939421
0.027377542
0.41581872
-0.7565993
-0.4456978
4.199122
-4.300095
0.15527591
1.155427
0.99487036
-0.077045634
3.542642
-0.25805882
-1.5747759
1.803834
-1.8628726
-2.171529
-0.36821935
-2.865914
-0.9584196
2.221007
2.4003716
2.6811404
-2.6288023
-3.9145684
0.70904195
-1.8976709
-0.14612168
-0.41555718
1.5483208
-0.7135081
-1.080542
-1.3293722
2.0478868
2.83138
0.27802798
-2.9030852
-0.82306445
0.5108802
-0.08309553
-0.05603327
-1.5697814
-0.5205258
3.9991255
-0.47191074
-3.2023892
0.18306664
1.0711759
-0.4077726
-0.99957263
0.36225092
-1.3602885
-2.1081438
0.96204776
0.7228207
2.5005748
-1.4755763
-3.7851074
-0.5878054
3.2828023
0.6437187
-3.8332725
2.106583
-1.5662818
-1.3221562
-0.27442083
0.14588438
-0.10544542
4.1994486
1.446084
0.08543023
-1.2139143
-0.8554346
0.24291301
1.4977229
2.517958
2.1092408
-0.12905562
1.2303602
-4.09252
3.3102088
-2.458936
1.1720201
2.2835383
-0.94282234
-0.7210773
0.36534673
-0.5248526
0.4661513
0.19302846
-1.188028
-0.592672
-0.0474575
-1.2290853
-0.23254953
-0.8364948
3.9846094
-2.438451
-2.0652936
2.9347072
-0.6545458
1.2181652
1.1854966
-0.8227746
0.5980152
-0.65789974
-1.7656786
-0.5013992
-1.7278484
1.4631206
1.287455
1.6289423
2.129421
-3.725186
-2.4080913
-1.4116335
-0.8012199
0.104965225
1.340073
-4.6378403
-1.6836249
2.3456554
2.2914064
3.1903217
2.1581779
-3.7776592
2.2497773
0.36077654
-3.6086667
0.39844936
1.4480977
2.3069437
-1.9399383
-4.0315914
3.0905042
-1.6263374
0.38137904
-1.314365
1.6026398
0.7595007
2.1280332
-2.949197
-2.884352
-1.7526648
-1.498924
2.0413787
3.7113104
-0.44876093
-3.579981
-0.45000005
1.0229175
-4.210762
-2.283547
-2.4402764
-0.40352368
-2.4675686
-0.29729396
-2.4546065
-0.11926257
-1.3787072
0.59238976
-2.6933565
-0.8642346
3.2436078
-1.4055523
1.738472
1.5676628
-2.3977365
0.6225353
0.2948765
-1.5346217
1.3738676
0.37359878
-0.354065
-0.22520718
5.1092367
-1.5237648
-2.3548112
2.2381282
2.6200392
0.5618899
2.4374511
0.13958628
-0.16898032
-2.409543
-0.7290482
-2.7412949
-3.0216098
-0.77154684
-1.2662079
2.748812
-3.584504
1.9400651
-1.8250889
-0.13610363
0.70875144
-1.776488
-1.708193
-0.32473934
0.42370087
-1.0128365
-1.5892584
-2.37171
0.37082162
0.01238516
0.58073044
3.8796184
-3.3692648
-1.7327356
-0.9781372
-1.4922726
0.705515
-1.8674636
0.6358004
-2.9610283
-0.2038925
3.113264
0.4096149
1.1542819
1.3178225
0.016474523
1.0811055
-1.9183999
-1.4727952
1.9929401
-1.0834014
-3.4684687
1.9605548
0.9652826
2.4985695
0.3023537
-2.593124
0.07256178
1.8080325
-1.06808
1.6029602
-0.5480251
1.7888439
-1.3606079
0.28101686
-1.4123524
1.7288989
0.015776247
-0.54738885
2.2574198
-0.38097227
-2.160552
1.3113483
0.37570596
1.3047278
1.0891958
-5.398031
1.9202387
-2.6779757
2.1787808
-3.766796
-0.4847121
1.041216
3.6010602
-0.010326408
-1.5463806
2.9295318
-1.2881464
1.0367446
2.8994262
0.65283805
0.7744483
-1.508139
-0.9403806
1.2181609
0.76913816
1.2225903
-1.417488
2.4357443
0.48409688
0.256937
0.8048581
-2.829267
1.3827682
1.0566307
0.30776796
-2.5708494
2.719946
-2.5494664
2.643927
1.8059098
-4.212813
1.0303485
0.40937644
-1.0140958
5.342183
-0.23578459
-1.3602989
-2.4094057
0.6751943
-2.8919778
-0.49678785
-0.14327665
1.5977906
-1.0211983
-1.3841305
-0.10084767
-2.3703759
0.15293995
1.5915164
-1.232626
0.12187365
2.9541972
0.3394764
-0.004194863
0.33814186
-2.86906
-1.4370763
-1.0505456
-0.86048335
3.0337262
3.8334367
-4.36976
-1.1711258
-3.778905
-1.1901704
-0.36198884
3.7583482
-0.34822637
1.7575932
-2.1404705
0.4148604
-1.3048849
0.45711148
0.9373417
-0.7689224
-2.6532118
-1.4538264
-3.22147
-1.7408448
-1.4372041
0.35810366
0.056163944
-0.7333475
-0.95953834
-1.4092256
1.0956624
0.13421962
1.8470166
2.1172173
-1.4812673
1.0279276
1.2065176
-2.3165567
3.7196095
-0.27330056
0.15281639
-2.7993808
0.35554218
-1.4963695
-0.34978864
0.33537954
1.7495108
-1.6249775
-1.8728024
-5.5681787
-1.9609396
-3.3332787
3.5509083
0.33306628
0.98969465
-1.4037889
0.3150345
-3.890803
-1.8812155
-1.5853051
-2.165986
0.40394005
-0.31638557
-4.2109547
0.66288346
1.1063004
4.038275
0.6087229
-1.2489641
2.2283618
-2.946981
0.6288163
-1.7357249
0.6413095
-1.1893451
3.9581466
-2.213952
-3.1300511
0.3597149
-2.3292813
-1.1223043
-0.8210634
3.1538742
0.5763056
0.29499617
-0.7907278
-2.5451496
-0.033817973
-0.66472965
2.6013756
-0.23444745
1.1326376
-1.2738733
0.781002
-4.0935483
0.14656301
-0.27852777
0.6945082
-1.044013
-2.6519966
-0.67269963
0.16764668
0.0973449
2.494004
0.058842085
1.3394601
1.0646865
-0.7630414
-0.31493634
1.8555064
-1.30663
0.41130963
-1.3717825
2.1064415
-0.2968597
-2.4413393
1.8898677
-3.1044598
2.8204727
0.83793783
1.0813227
-1.8220252
0.47133434
3.2939296
2.0948758
-2.3092747
0.7270254
-0.7800539
-2.0761201
-1.4009309
-0.2192959
1.0724905
2.3397288
-1.2815324
1.9107581
-1.1725612
0.9201429
1.9059328
1.7812076
-4.7815595
-3.4675324
-1.3246247
-0.11433738
4.561327
-0.24290039
-0.995068
-1.6873806
-0.30118132
1.3458359
0.4233075
-0.18848553
-1.6592243
-0.39272273
1.3431331
-2.0686016
1.7601814
-0.4651709
-0.22681953
-0.6562711
2.0296924
-0.13262588
-1.553756
-0.0035417452
-0.029871829
-2.2006152
2.218108
-0.07398184
0.65472615
-1.7987067
3.3489876
-1.4713647
-0.07333144
1.2253373
0.971481
0.298103
2.7335432
-0.4652397
0.5443857
0.23584265
1.0988857
-0.09624391
-2.3552947
-0.47397494
0.092218906
1.3349086
-0.46156606
2.7857015
-0.85395426
-2.834766
-1.7636151
-1.8908147
1.4787886
-3.4400826
-0.25571856
2.384376
-0.5846897
0.53856856
-0.5106427
-0.47863108
3.369892
-0.58208394
-1.7022288
1.8983138
-1.7208045
4.2920594
2.4427407
0.48305053
4.108956
-1.2575835
0.30296984
0.5904193
1.2559098
2.6138434
-1.0793091
2.1607697
0.6572733
-3.4396071
-0.5299921
-0.36926907
-0.4634458
-1.1863786
-0.5141496
-1.468573
-1.6423799
-0.9329886
-0.21750459
1.5799122
-0.25655904
5.535065
0.21883419
-1.206062
0.2586317
2.551286
-0.17618653
-2.1007595
0.86351055
-1.2102716
2.6803792
-1.6073976
1.1251518
-2.4285684
1.4374955
-2.3858805
-0.30563074
-0.9084388
0.71186537
0.09242146
-1.992465
-0.7443254
1.9083753
2.366952
0.3969508
-1.0778893
-0.55828166
3.6726506
-0.40815955
4.2669716
2.057085
0.50229025
0.06889156
2.6268735
-2.9827416
-3.71123
0.24744391
-0.26643753
-1.5182241
1.2782689
-2.3468695
-0.38709417
1.1019129
-3.0182521
-2.2157893
-0.83097845
-4.158098
-0.23381093
0.5913486
-0.47775376
-0.22441015
-0.32410464
1.5458027
1.0685855
2.3440425
0.36275765
-0.7212509
-2.0305681
2.2331266
1.0803423
2.0562725
-1.8364371
-1.5667888
-1.1155246
5.5823946
3.515361
0.30234054
-1.2841871
2.3337216
0.20109418
-1.6020886
0.3091006
0.4163891
0.030964442
2.5609133
0.8643193
2.3629975
1.8513674
-4.5983915
-1.0753833
1.3650569
3.7612078
-0.544757
0.64116406
3.1370883
-0.10642508
-3.497382
-2.409359
0.44707355
-1.630656
1.8247691
-1.3900146
2.053433
-1.9765937
0.9121945
-1.9520365
0.18614931
2.7424622
-0.9771671
-1.5379255
-1.687246
-1.2007807
-4.2236295
-0.3662247
1.6401515
-2.179961
3.8691664
1.032278
1.1422501
1.1522782
2.7144246
1.443174
4.079203
1.9328045
2.0998228
0.99736464
-0.44504282
1.8341004
-2.240866
-1.4757227
0.7524967
-0.024108805
0.8007509
-1.8746766
-0.40586728
-1.9375566
1.0323727
5.170824
0.551445
-1.9510596
-0.14686728
1.67846
0.7801129
-1.2072068
-1.2746828
-0.21562405
1.6807034
-2.80701
2.33359
-2.3683045
-0.6013152
0.3939089
2.0034497
1.3284105
2.7535365
2.6243658
1.0621246
1.2775689
-4.562902
0.9705234
1.4353878
2.2503066
-0.7245499
0.37394863
-0.4579913
-4.4100127
2.5610027
1.1148152
1.7877773
-1.6613114
-0.06510134
-0.009644777
1.4315094
2.1513338
1.1393329
-2.0411315
0.57597965
2.6918702
2.6656783
-1.0076444
-0.8617673
2.421842
0.5064881
-0.7692959
0.3565688
-0.68883234
-1.6153841
-2.8829923
1.1396835
6.111908
2.3268952
-0.13733363
0.39471424
1.7569603
3.6375623
-1.3622181
0.68574333
-3.2515028
0.029147193
0.2575029
1.137398
1.3736962
-2.376551
4.734595
-0.1667037
-1.351979
1.0255046
-0.52469975
3.8372223
-2.121671
1.4870701
-0.36852118
-0.30871922
-0.41541648
1.8661963
-0.70559597
-1.5776441
0.38755947
0.24132626
2.1048224
-0.76933205
-0.776917
-0.0020569116
4.1023693
2.1671596
0.021826439
1.8704002
-3.1317139
0.45507383
0.63499594
2.9826972
-1.9118637
-3.9845724
-0.5799406
3.4541142
-0.21616971
0.8852179
-2.0545332
1.010734
-1.1715807
1.4886706
-1.0289304
-4.479684
-1.0716634
-1.9209902
-0.95080096
2.4044917
-1.7118368
-0.8902089
1.0258564
-0.324584
0.5769069
-0.6704667
0.6342383
0.8660604
1.5706573
-3.2617502
0.030598514
-2.2137733
-3.085803
0.30110157
0.47155446
2.617214
1.4474053
-0.27652282
2.180538
2.1415265
1.7022711
-0.2831971
2.6286373
1.5727142
1.3146756
-1.0281091
1.9762807
1.7927938
-3.4776413
-0.6902124
-0.24486512
-0.9659206
2.0003514
-0.024068285
-1.5190957
2.0844955
1.5646162
0.8026335
-0.3929568
-3.6885412
1.6055166
-0.6782684
-0.3943975
0.7935745
2.1695583
0.5032573
-1.9364564
0.87437534
1.1126842
-0.68373287
-3.5789971
1.5343902
0.49912712
-0.7138221
0.884
-1.3318847
-0.74940026
-3.4289389
1.1109986
0.99023056
0.28746134
0.85830927
-0.4993081
-1.4456125
-0.65135694
-1.3360013
0.34445077
-1.809353
-0.5551502
-3.9720013
0.91999614
-0.90689695
-2.246908
-1.2676497
0.6457872
1.4485767
-0.016595863
-0.12145339
-1.9358529
0.44699407
2.569601
-3.2891192
0.42299137
3.0742419
2.5242116
-1.7153797
0.56918705
0.32994547
0.4304281
0.04002168
-0.08259007
-1.8623047
-3.8607645
-0.22182253
1.7512435
-0.2413877
-0.093049444
-1.8254162
-2.9036844
1.4690512
-1.8288094
-1.4386579
4.568051
0.86707485
-1.2819947
-0.6327859
-3.6872454
-0.54139644
1.9293633
3.8054752
1.6247216
1.589495
0.032251656
-4.5305557
-1.9345181
-1.9251288
1.5535904
-0.4201331
0.25422972
-0.7471314
-3.082484
-1.1392517
-3.1928225
0.47317874
-0.33398926
2.20743
0.35089967
0.8822125
-0.91135246
0.07868892
-1.209412
3.2883582
1.7538716
0.528579
1.2822882
-2.3852785
2.1027613
-1.4102899
1.5528053
-1.0056067
0.24850972
-1.6484739
0.97099394
1.8620608
2.720872
0.23940052
-2.2748291
2.1604044
-0.51938653
3.089729
1.4982151
1.5451771
1.3495629
-2.1717598
-0.6223492
-0.56623966
-0.7904288
-0.13445634
0.5695255
1.3725626
1.8132939
-0.4769896
2.9368553
0.51786727
-2.566318
1.0818297
-0.9452538
1.2094096
-1.2839143
-0.39904428
-0.45550388
-2.5429223
-1.3201965
-1.737647
-0.6569771
1.3258077
-2.0777028
2.0565639
2.2600927
0.8084997
-0.25151482
-2.2523594
-0.71306413
0.32367742
-1.2384663
-0.85835075
1.1398065
-0.7499995
2.5283918
-4.470167
-1.3401934
-2.1835525
0.20200449
3.37032
2.2639992
0.5581451
0.52946264
2.456087
-1.4102519
-2.0469718
2.986747
-0.6123846
0.37158185
-1.8411032
5.4831667
1.85212
0.08698137
-1.1922501
0.62898755
-1.5781491
0.5912094
-1.8788699
-1.192482
-1.0721534
0.43264365
1.9731023
-1.7700224
0.6633758
-3.5866387
0.089912646
2.8466606
-0.38144374
-4.285448
0.1259611
-1.4058261
1.9434276
-1.6205239
0.05665797
-1.6001858
-1.8537331
0.86066985
-2.1565487
-0.2715753
1.2527597
0.91108906
0.809027
-0.8381478
0.9512284
4.7715564
-0.2412504
-0.9781
4.6994386
-1.9309024
-1.7214496
2.9891431
1.6902411
-0.62586224
1.5133473
-0.9772943
-0.4686057
2.6068554
-0.22223221
1.434755
1.1448786
0.2166203
-0.68788576
-0.39638007
-4.111038
-0.82919854
-1.0866598
-0.16634163
0.9681764
0.16433012
-0.019532721
1.7315509
0.6648115
-1.5661658
-1.4543692
-2.2259026
2.1017976
1.4799544
0.7586405
1.4153229
0.11916839
-3.1330004
4.012495
0.49439156
0.6268968
0.32855394
1.1973783
0.6786078
-0.7495878
-1.6213472
-0.78623885
1.7227123
0.6972915
-3.153374
-2.5964308
-0.3786479
-2.535787
1.3892326
3.1294305
4.8518553
-0.23318958
-1.7856474
-1.558961
1.3674728
-0.18816045
0.05996207
-1.6249043
-1.7939528
-0.67504865
1.768794
-1.5520549
-0.27270144
0.3270972
-1.086345
1.4716357
0.07305734
3.2690353
-0.2924164
-1.9019765
1.5219444
0.5287157
-2.23851
-1.3811451
0.8923499
0.5810134
0.8260741
-1.2620794
1.6463752
0.8298301
1.0064282
-1.0248047
-1.2284199
-0.30752268
1.5282323
-2.6463845
-0.038006857
2.1481948
0.03073598
0.99122155
1.5505638
1.7920618
-1.371776
-2.9494762
1.2721311
-5.1340976
-1.3799419
-1.5176193
0.30089116
-2.4206188
1.3653154
-4.9410925
-2.876677
2.2518303
-0.53499514
-2.500138
4.113481
-0.8672927
-1.1753225
-0.50625145
-0.38863426
-0.63635397
-1.7095402
1.3137884
3.3406396
1.2806225
1.0842006
-1.9286479
2.1122088
-0.24782833
2.7201588
0.34060645
-0.72955513
1.1770447
1.065418
0.18433931
0.5084458
1.8685524
0.99684924
1.7489026
-1.5863252
3.5132709
-1.4925916
1.7961253
1.8103808
2.1962667
-0.8677404
1.9129587
-1.3670311
0.8009172
-0.32635832
1.1861476
-0.2016935
-2.015553
-3.048856
-2.7373934
2.0816376
-2.7391346
1.1229105
0.01124927
0.55141747
-0.08336298
1.0090137
-2.6708667
3.970689
-3.293882
-1.8675122
0.06810953
-2.802652
0.63920504
2.139073
1.2353828
-0.5976656
3.63472
-3.5170527
0.08864397
-0.6864437
0.13931373
0.58467454
2.5086336
-0.87010187
3.510294
-1.2952018
-0.6540322
-0.35323015
-1.1513925
0.09204815
0.726146
3.3143358
-0.8087532
-0.9812232
-2.5694203
-0.037108272
1.306004
0.85560495
-0.3499831
2.0008118
-1.1385118
2.3467112
-1.1635479
-0.64441735
-2.8894348
0.771117
-0.6594788
-1.4954188
0.7783522
1.333016
0.14028558
1.0857911
1.6093534
-0.11022298
-0.713495
-0.07304197
-3.264192
0.87056047
0.20335743
0.9224276
-1.2066395
-5.469789
0.29945228
-2.7368166
1.8234484
3.837081
1.2336786
0.12743601
-0.39992225
0.46204975
2.2909315
3.1719182
-2.495937
1.2747686
1.115544
0.16016087
-1.2663445
2.5490482
-1.3168045
0.43156672
2.6505916
2.033258
3.126913
-0.4998282
-2.1789804
3.835419
-3.0056715
1.1850233
3.920686
-4.070588
2.353826
0.168635
1.0780094
-4.5609837
-2.6602125
1.2218319
-0.8058603
-3.4250674
1.5780094
-4.9424047
0.28907284
0.29708216
-3.9039268
3.0955725
-1.4807723
1.000395
3.2936382
0.40208158
2.2557657
-0.5147295
0.19523439
-3.777419
-3.7002056
-3.1342719
3.220955
-1.070095
2.7474508
0.91166925
2.810363
2.593515
-0.1274082
-1.4125447
2.4700935
-0.40094167
-2.1617937
-0.013548892
-1.8979096
-0.12561518
1.0490087
-1.0442091
-2.1242607
-1.3652345
0.9841359
-1.0906466
-1.6042995
3.3243299
1.2475876
1.1567423
3.9242446
-1.0381691
0.07011393
-0.18230201
1.6193714
3.1097624
1.0158236
2.3949733
1.148453
-1.5538843
-0.14499533
1.130787
-2.2101185
-1.6436814
-1.838298
1.1954879
1.0980793
-5.7634172
-0.25886804
1.2932988
-0.0015597492
-0.01610706
-0.21421938
2.1811836
-0.46602866
-0.5166943
-0.54293424
0.38034245
0.73094416
1.1814196
1.7056472
-0.29019096
6.38095
-2.7587674
0.9690945
-0.64524865
-2.8370368
1.0124484
1.927466
0.87851435
-3.2350585
0.24190535
2.2116077
-0.14007008
-1.4596069
-2.2219307
0.47871608
0.60000414
-2.0002859
0.38660672
0.8489955
-2.1194725
3.2729478
1.1798067
0.7044245
0.033281263
2.361038
-0.493916
2.3060865
2.9880493
1.0690401
-2.2286015
-0.5107947
-1.4953209
-3.0811794
1.6787584
0.13278836
-3.9749672
0.8750179
-0.9699753
-3.4754899
-1.1798118
0.6822258
0.5849978
-3.0760503
4.5629735
0.5958084
0.018273748
1.0522127
2.0367198
5.175428
3.3882349
-0.38889357
-2.3748078
-1.7842293
-2.3569777
0.47757387
-1.5417552
-0.6245756
-1.0447514
-1.2662197
-1.1568714
0.83138794
0.5027871
1.2644862
3.1788893
1.9651784
-2.1560333
0.09601604
1.6570103
0.9015899
-2.4351654
4.311451
-0.030616775
4.8063507
3.896915
4.1140184
-2.0348003
-1.4196851
-1.4071481
0.6795287
-1.5307227
-2.3576922
-0.1514028
-1.2059575
4.7798977
-0.6321454
-0.66874427
0.019863013
-1.0328629
0.629411
2.1589456
1.9077865
0.0713786
-0.49821928
-0.9431357
1.2048318
-4.775637
-0.7607893
-3.2395577
-1.1686492
-0.2027477
-0.61623275
3.2525172
-0.08518665
0.08089369
-1.032499
-1.1775808
2.025416
-0.2823693
-1.6339287
2.7400749
0.110278636
-1.1543273
1.8502501
1.1083051
-1.9107383
0.029931389
-0.07517281
1.6371099
0.8294863
-1.4126867
0.49416286
1.4019821
2.4710295
0.39605892
-2.1969624
0.9777688
-1.111998
2.0394676
-4.3787346
-1.9985574
-2.1859314
0.6158528
0.49837142
0.52919966
-0.38573802
-2.5934489
-0.8701045
3.3245838
-2.4178362
1.4889598
1.6401021
1.5025505
1.6119448
-1.0905958
-1.3389388
0.54153246
-2.9963634
0.67425066
0.37309608
-2.57222
1.2239873
3.9975386
-0.17134178
1.240122
-0.26009342
1.7493881
3.5495353
-0.521907
0.09028655
0.19046055
0.524597
-0.30271703
-0.90533435
-3.3716922
-2.447639
3.3382797
2.3478715
-1.863617
0.9082958
1.8240768
-1.7534473
-3.1092846
1.4925836
-2.7257266
-2.623821
1.0551039
-1.084473
-2.8035023
-0.26312277
4.071705
-0.42169946
-1.0869027
0.7397064
1.819222
-1.1296004
1.1848235
1.6692266
1.2574753
-2.8026783
1.8577757
-1.6805829
1.3294502
0.2628268
1.6256274
1.666691
1.7135957
0.8024232
-2.2451909
1.1037059
2.7794032
-0.7153591
-2.0790195
0.12940435
1.518843
0.6220499
-1.4161983
-3.1268659
0.20643315
-1.367035
-1.8203852
1.9572195
3.176963
0.254969
1.5285826
-2.122872
0.22586307
1.0239947
0.8128484
-1.4588281
-1.1519705
2.5017085
-2.6141937
-1.6843163
-1.2179377
-2.649771
-0.43918628
-1.2389798
0.3573361
1.3791275
1.7599252
1.0397476
-0.74070233
-0.1369622
0.1322582
-1.0192134
-0.09525061
1.4800265
-2.7047353
1.3245624
1.1773816
-1.6556323
-1.9804404
-0.1159898
3.4755301
0.5426958
-2.0571957
-3.5089974
-1.9997363
0.4963001
2.7622116
0.8097298
-3.7437027
-0.5268182
1.0369123
-1.7311155
-0.53181195
-0.5026509
1.5555321
1.5107923
-0.104616314
-1.49576
2.0801897
-1.1648781
-0.7209944
-0.61556715
-2.2416682
1.4501833
1.2252222
-2.0853562
-1.7560315
-1.1492931
1.477418
0.15868893
-0.0238439
-1.932667
2.0413532
-2.581426
-1.941909
1.600516
-3.0374794
-1.9281324
-0.47122794
0.92600703
-1.2550873
0.7548887
-0.2607043
-1.2734405
1.1152207
1.2730579
1.2812049
-1.2910852
-0.22506306
-2.048016
1.3846881
0.17156401
-1.853471
-1.7463706
1.2418145
1.1757754
2.1209676
-3.454103
2.0035334
-1.7413116
-2.865211
2.1717513
3.826592
0.4542535
1.0763664
-4.296835
-0.14250372
-0.047268666
-2.4849222
-1.7932559
1.1331698
-0.03296806
-1.0931996
0.8755182
-0.3929874
2.5566974
0.53303427
-3.343884
1.6395787
1.6101978
-0.3544009
0.99245465
2.9294083
-1.0445619
-0.9825241
0.38867906
1.299182
1.871303
-1.194689
2.3507342
-1.78684
-2.5768597
-2.4622538
2.1336048
1.8511444
-4.170728
-0.3297332
0.013848856
0.87492704
-1.7986051
1.596724
-0.91011256
0.49097195
-1.1664952
-0.021478944
1.4853808
2.657388
0.89040446
0.70303106
1.5124996
6.5333104
-1.009831
-2.5235503
-0.18348879
3.2867813
2.0155206
-0.88118553
1.0918456
5.5742073
-3.1065881
0.064048216
-0.31049037
-1.6327618
1.9893813
-1.3616931
-0.40464556
-0.69430673
-1.0420967
-0.5367677
5.4458337
0.18711528
-1.8720547
0.2810096
-1.8057562
0.023560323
1.632319
-0.09611526
-0.42210424
1.099257
1.0596087
2.8854938
1.9291499
2.4091065
1.0526361
-0.6206962
1.0292882
3.8963897
1.1415054
-1.6080513
-0.31563857
-2.1312177
-0.06574384
4.102351
-1.7726398
1.1393564
-0.9533012
-0.19449297
-0.53727
1.4309978
1.6911331
-1.1258107
-0.43565097
-0.40105987
-0.48020437
-0.25844315
0.5040374
0.1345557
-2.2296429
2.2665832
-0.7530327
1.7472553
-2.1087751
0.4082285
-1.4788071
1.095711
0.9701999
-3.659162
2.331407
3.6837842
1.2650518
-0.10867436
-1.861215
1.5763981
-3.2901587
2.3938708
2.1248748
0.19311883
1.5182794
2.1283066
1.050168
-0.19021791
1.2227535
2.4537873
-1.0300548
-0.6693383
-0.23347984
4.9142165
2.008417
-1.9419715
-1.420167
-1.3820719
1.4256719
-0.7615728
-1.2829088
-3.9288602
-1.2562253
-1.9911853
-0.7403473
-1.5680196
0.88012
-2.361867
-1.4505724
-4.198619
2.8753607
2.3899717
0.016980834
2.33289
2.323924
0.8452333
0.34918442
0.027295154
-0.49553323
0.24996033
-0.083741784
0.054036252
2.7073066
-0.20998523
1.6770723
-0.35854658
1.8384095
-0.99257046
-1.9396026
-0.18154064
-0.54393303
0.0029492006
-0.2440143
-0.1769776
-1.0051152
-2.5628817
0.071219355
1.5615188
2.9928296
1.8438017
-2.023387
-1.1974201
1.1734027
-2.087161
-0.54291207
2.2920938
-2.49512
-0.3156554
4.453207
3.7504523
-0.54983246
-0.37601817
2.769492
1.1899362
1.3588337
-1.6028235
-0.074906774
2.4753861
0.6465312
-0.08445557
-1.6991372
2.3912845
1.2118652
-2.0300393
-3.5317788
-3.194952
-0.7961321
-3.4320977
1.490104
-0.6451953
-2.0751119
-0.27268142
-0.8113055
-0.96561104
1.6225525
0.7785685
-1.2537541
2.9506905
1.9189726
-1.1205484
-0.25504178
1.5639846
-1.1182213
-2.543606
-0.66804
-0.067079484
0.016667474
2.5548828
0.21092698
-0.6884298
0.021674275
-1.0328245
-2.1951885
-0.52630424
1.3933516
0.4152637
-1.5003744
0.7922259
-0.26509774
-0.52132016
-0.012771383
-2.2120366
-0.66409767
-3.5910192
-0.702968
-1.49527
-0.3542067
1.0562
-4.448879
-0.16669196
-3.3992252
0.7566338
-0.11482248
5.1649303
-3.598267
-1.8186656
1.234394
-0.7224872
0.0034569465
-1.9206626
-2.4261677
-1.0478842
2.101021
0.31948435
0.041711375
-0.48450804
-1.707494
-0.54908025
-0.010738738
0.8821171
-1.2833362
3.3629942
-1.7230041
1.1480304
-2.032289
1.8094629
-1.377555
-0.6972028
-1.0657238
-4.7648554
1.2064916
0.07791162
1.3600851
-1.3143255
2.805999
-1.7503015
-2.9993775
-2.293387
0.08887601
1.4485505
0.4312499
-0.1954473
1.6206609
-1.5056337
0.59278023
0.76208675
1.208491
0.44745123
-1.2224852
-0.6969527
1.6186051
-0.59263885
-1.300452
0.9492599
-1.7927852
1.2140223
-1.2285999
1.8781353
0.3816345
2.0555081
1.0765299
-3.1396132
0.6628364
-0.5951587
0.69243664
1.3064992
-0.24705815
2.9983132
2.9053304
0.2738613
1.8467435
0.39885816
-4.008272
0.0143571645
1.3288794
0.26402804
-1.6196748
-2.2906804
0.65892637
-0.5094506
0.24532561
0.91886944
2.1400414
4.1157756
-1.672759
2.5965297
0.8191988
-1.9661101
-3.3356457
2.3361635
1.388275
-2.417776
-1.322835
-0.084225215
-2.4918685
0.637164
1.342672
0.9373189
-1.1634197
-0.6424515
0.16732171
-3.4308295
1.364431
-0.48658398
-2.8881533
0.38112575
-0.7765382
4.2594643
-0.0018446781
-1.3850228
-4.0105796
-1.79157
-2.5580924
-4.431538
-1.8884058
1.4197057
-2.31799
-1.8167691
1.67979
1.0011988
-1.0926833
-2.8122313
1.1157497
1.2599913
2.2352867
-1.1807948
0.23042393
1.1715107
2.931877
-0.869494
-3.693119
1.8405577
-1.6150503
-1.9178182
2.6578057
-2.308598
-1.6793356
-0.6208885
1.3786712
1.3343852
-1.6416551
-2.1052282
-2.011118
2.8400514
1.5152814
-1.4984802
0.02680415
2.902778
0.3736769
-3.2338865
-0.5985364
-1.0071759
0.5788505
-1.7796367
1.4608212
-0.83748937
-0.2328104
-1.1797079
-1.9727428
-1.0642643
0.47831744
-2.139979
-2.0610259
4.1153355
0.26902908
-0.095994346
-0.40309513
0.3570598
0.56889385
2.4272332
2.4190986
0.95002574
-0.17779148
0.77439874
2.36467
-0.36053565
-2.6712077
3.184997
3.0820453
-1.3459046
0.046894994
-1.4237783
-0.0012912899
-1.2451066
-0.4890222
1.6364491
-4.504254
0.33925155
3.9404762
1.4147329
-1.6398863
0.99211895
-0.84999114
1.9046295
-0.50612336
-2.6010087
-1.3615152
-0.8432661
-4.6073437
1.7711928
-0.5592381
0.13709824
0.056411732
2.4660554
2.4268286
-0.38940093
1.7627969
-1.114224
0.8503595
2.388224
-0.5688919
-0.0191973
2.809518
0.26453406
-1.9633974
2.1783412
-0.2812966
0.14416233
-1.3262284
-1.4024543
1.2009426
0.11859944
-2.4332652
1.8593982
0.60400695
-1.4994329
3.4026856
-0.51587343
0.42886555
-0.8034091
-0.57265025
-0.23216185
-1.6520061
-1.2841136
1.7594491
-1.5290378
1.933179
1.079832
-2.065922
1.1996429
-0.32231668
1.7041186
2.876978
0.7552681
0.33178538
-1.3407295
0.34934652
0.62258255
2.043873
-1.2660387
1.8318499
-2.521193
-0.56715935
0.027962774
0.0032329783
-0.7615793
-1.8518796
-0.08633679
1.9418278
2.1710799
-2.4802938
1.8188125
-0.98376137
-1.6397172
-3.3616679
2.486676
0.08060425
2.6287816
-1.8873497
-0.97252697
2.295793
0.117629975
-0.64001167
0.15138665
-2.1229315
-0.16715184
1.0984
1.4652568
0.20492631
-0.35429963
-0.14078948
-3.1668632
-0.7226993
0.79938763
-2.8205297
0.9794323
2.4317455
0.4089205
0.6208037
1.2244637
-0.7247072
2.9357026
3.6836705
0.31944636
-1.5857542
1.6532758
0.5591887
0.4652371
1.2822198
-1.2934362
-0.5405875
-4.193835
0.609659
-2.2196004
-1.6701536
-1.6962541
-0.09934007
-0.21120626
1.7964531
-2.4379566
-1.4838398
-1.0575973
-1.8123375
2.7394571
0.4814565
1.6272712
-2.4675784
-0.40155023
0.9630052
1.1581553
3.3558624
-0.57453126
-2.7477636
-1.3987771
1.1877458
-3.8544817
2.314795
0.13267626
1.0338273
0.6833658
3.1675177
-0.21394163
-1.3163425
2.5026503
-0.34872425
-1.3677318
-2.7482004
0.5502436
0.52089524
2.1107109
-0.03233415
0.082330026
-5.2095995
-2.2668855
-0.5391133
-2.375603
2.7070491
0.5470523
5.1144953
3.5374203
-0.7907082
0.7036628
-3.638854
-0.9398171
2.142962
0.37907293
-0.14121673
-0.19207005
1.1371753
-0.91321456
-0.16894636
1.0689682
-1.7850287
0.772373
-4.144256
1.5687999
-1.3041694
-1.9193459
-0.8254901
-0.44889808
2.7940176
1.4111378
1.1266426
0.15465114
1.9419154
1.7451313
-0.0942568
1.1892406
-2.9074562
0.48132706
-1.1759763
2.534215
-0.2915092
-2.1994154
1.8865416
-0.39508024
-0.6715536
-1.6589698
3.2980733
-0.4576639
1.9083527
-0.37300277
1.8525361
1.6399559
-0.42529643
-1.8598502
1.339694
-0.8840066
-4.468892
-1.4400154
-1.9343529
1.2548407
0.23155278
-1.2657547
1.120766
-0.72022027
-2.5141737
0.21204856
-3.3550277
-0.24377069
-1.1323682
-2.136785
-0.73463815
1.7271723
4.2223253
0.45435822
-0.08887156
-0.8699638
-0.9059316
-0.80516726
2.2198296
-2.873879
1.4504617
-4.7828603
-1.2762926
0.58562803
3.6331646
-1.2414416
-3.1746063
0.70766145
1.2180938
-0.065566555
-3.6196258
-2.8158598
-0.78262275
1.9527884
1.6465087
-0.9108414
0.62080806
1.3653151
3.5422738
-0.11792192
-3.750886
0.6528749
1.3300899
-0.6013383
0.70077837
2.2356122
0.62389416
0.021746255
-1.27741
0.8133837
0.27438778
0.35702997
-1.7164371
-4.7717752
-0.21782002
0.8603789
2.0108616
0.16765288
-0.98003703
-2.6888757
-1.1080127
3.4666495
-0.34816918
-1.5073894
3.1251903
1.1502461
1.323707
3.0459952
-1.5224485
-3.4821095
-0.15723905
0.055522155
2.4197836
1.0334523
3.9180188
-2.8780315
-0.13406952
0.9458086
-2.5615587
-1.4368992
1.8607174
-1.0415362
-4.912136
2.7202146
-0.8860811
-1.2855687
-1.0729353
-3.270675
-1.2189152
-1.8146868
-0.68783313
-2.7879033
-1.9778277
1.6843762
-0.041868225
3.5304015
-1.5930732
-0.38417932
0.68135935
-0.88610953
1.1877263
0.3825703
0.2822598
-2.0685108
1.2618839
2.2042449
3.3094234
-0.9993925
-1.0624682
0.46684563
-3.91926
-2.3772852
2.2515125
-0.15772146
-1.0280999
0.9846223
-0.5612103
-4.270764
-3.2181716
-2.6649852
-3.0748887
-2.0092635
-1.4721377
2.8102834
0.29319155
-1.6277211
1.9034957
4.0392084
0.49220315
-1.4453686
-4.314531
0.67442286
-0.6930235
1.2971525
-0.1302132
-0.22158985
-0.6917596
-1.4540957
-1.4149255
-2.5967212
0.9984596
0.5605308
-0.56053495
-0.3067978
-1.7727665
-0.39334887
0.46660137
-2.5681138
1.0144521
0.5874005
2.2450929
1.1605828
-2.2572412
2.646364
0.5916436
-0.4786841
1.5514766
-1.4902707
1.1103902
-2.2138162
2.1096303
1.2245305
-2.752873
-2.3728733
0.45113105
1.699742
2.1021833
-0.4113656
-1.2201263
3.6334255
-1.5063914
-2.1010427
3.6957104
6.536159
-1.7956815
0.53811103
4.577059
-0.7313373
4.615146
1.0754747
-0.40184468
-0.36802962
-2.560934
2.4544678
-1.184033
-0.80890745
-0.56605816
0.21941888
-0.7811279
0.06391986
1.3760014
-1.404075
1.3094088
2.3838408
2.6085653
-1.4446248
0.010510467
-3.2414508
2.7192822
1.2050766
2.6802704
0.42222738
-0.08951843
0.11410667
0.9313842
-2.6664834
2.663762
-2.423205
-2.852542
2.6653001
-1.9468
1.0817741
0.9187449
-2.5634086
-2.0552132
1.4026444
-1.2377583
-0.33414143
1.1586596
-3.0585651
0.3856759
0.09072873
-0.7909744
2.2535176
-1.7069213
1.273045
-0.4685612
-2.9881144
1.2687048
0.2665591
-0.62497807
-3.1284254
-0.40733618
-0.7757871
-1.0558243
0.3437274
-0.7118417
1.2133474
-0.44173098
1.1883224
2.8294833
-1.910769
-1.279001
-1.3458861
1.7654465
0.35210258
1.6409402
1.2504063
1.641035
-2.002749
-1.5980833
1.1252056
1.625595
5.051568
0.7454806
0.36027992
0.71255624
1.0808921
0.7479955
1.931998
2.252222
-1.609661
1.4657145
-1.2947623
-1.2292647
1.0971332
5.224082
-2.4456363
-1.2534487
1.1622313
-0.9547928
-2.504355
0.35103974
0.10818207
-2.4945083
-0.6467243
-4.3979263
1.8698375
0.083509535
0.70571023
-0.24810418
-1.2909136
-2.6530998
-0.6873634
-3.8515208
2.2199275
0.59567696
0.8089985
0.4044265
-2.7854083
-0.5757548
-2.816885
-2.3315444
-3.8902848
0.16146946
-1.1560041
1.218021
0.85311675
2.7602472
-1.9363314
0.48657894
0.28256094
-0.2676602
0.36257866
2.5620303
0.6099922
-2.945763
1.576168
-2.5778348
-0.41693372
-0.5120199
2.3202488
2.2741086
0.3547117
-1.7745872
-2.0181572
-1.3548867
2.9276104
-2.2752304
-1.7911335
0.19991678
0.35429114
-0.4023431
-1.3128425
-0.52706414
5.6336117
-0.0695541
-1.479038
-3.001086
1.0996144
2.3405766
1.0062773
-0.65470093
-2.0270574
-1.9994226
-1.698617
-1.2517298
1.4385989
-2.465092
-1.5285478
1.4821203
2.8872883
2.540762
1.1540134
0.7104563
-1.0928504
1.1650664
-0.098173134
0.2882061
-2.4644365
-1.6576887
1.5349554
0.5416851
0.8234582
0.48834226
-1.1431613
-1.1412581
0.7926959
-1.3066413
-1.3653809
-0.7824505
-0.8265583
-0.6813226
3.2248986
1.5527949
2.418404
0.23089364
0.6286332
-1.900986
2.5646007
2.1695774
-1.2988203
0.27882826
-0.31686053
2.6521628
3.879431
1.1131094
0.54294294
-1.3441405
-1.7863533
1.5720088
0.453694
1.658874
0.39076474
0.2466588
1.6368772
0.93068975
2.390626
1.2467163
-0.11199856
-0.76804256
0.8056109
-0.29489145
-2.7753193
-0.94212496
-0.117141746
1.5807807
-1.1332039
0.50532293
0.082253374
-2.0871456
1.2729433
-1.1542552
1.2950249
0.913213
2.2786727
-1.330869
1.5370468
1.8184851
2.3259783
-0.2857063
0.84551686
0.814212
-0.86415935
-0.60604197
-2.051238
4.7444315
-1.6363407
2.6968951
1.873482
-2.4160807
-2.4752388
-2.5065594
-1.3992556
-0.63862765
4.8215823
-1.1105081
-1.2080708
4.279478
0.2531078
-0.14704505
5.006449
0.07919414
-1.0618929
0.7345725
-1.0693072
-0.25883305
-0.081238955
0.28742456
2.135825
-2.0027199
-1.5643665
-0.5432781
2.2639434
-0.60998875
0.31259865
1.927956
-4.1763377
0.2607407
-0.17861772
2.9262338
1.4898946
-1.9334621
-0.009159721
-2.3040946
1.5795155
2.81933
0.736096
-2.65004
0.8886228
0.64761674
2.4119914
-0.10837507
0.3776207
-0.5666158
-0.5373793
0.21365401
1.1402037
-4.2995353
-0.6212781
-1.8446608
2.5693011
-1.6467978
0.14020759
0.2707659
-1.9971534
-1.7406346
0.7966558
1.6785022
0.52340543
3.04098
-2.4227574
0.37439367
-1.4921058
-3.5112154
-2.3980532
-0.06295124
0.93757623
0.22659658
-0.9893071
-2.7912903
-2.3031867
0.064712904
-0.6480216
1.9239086
-0.46207103
-0.83606565
2.6443636
-0.6019242
4.0854254
-1.0160459
1.288872
0.21466552
-1.3828882
-1.0975571
2.6827443
2.4070039
-0.40753424
1.9659015
-1.9116154
0.16095385
3.3602862
1.0807937
1.4515423
-4.644715
-1.928138
-0.36884236
1.7107068
1.0112978
1.3106893
1.5313591
-0.26977
-0.5947526
0.8533824
0.2571885
0.4245849
-2.2491837
-0.2748517
2.0818262
3.3574522
-1.0925373
-2.6100783
5.1898384
-1.9191167
-0.14798522
-0.07005803
-0.36649838
1.3591624
1.2814404
3.5162904
1.583884
0.66277194
0.68829983
4.246493
-0.13012522
0.99589235
-0.75991833
0.27503574
1.292082
-1.4078419
-1.9382346
-0.5840521
-1.8495288
-1.19662
-1.1429054
-1.101563
-0.63480425
-2.1754427
-0.17943853
2.3134394
-4.0651245
-1.9307494
0.44671425
0.98089993
-0.92588156
0.6475582
1.1578151
-1.9594995
-3.1076941
-0.6584779
1.0103835
-0.573726
2.1089454
-3.0142307
0.45129186
0.8600653
-1.1238875
-2.4658937
-0.6908296
1.3843385
1.3121359
0.25314897
3.8441565
1.6270156
2.9317064
-1.2926619
0.6957598
-0.2693262
-0.30611718
-2.7946215
1.1587907
0.47637802
-0.72496194
-1.641128
-5.879176
-1.5807117
-3.8587594
-5.032188
-2.1084902
-3.0306678
3.5825248
-0.77208984
-2.7172456
5.402377
2.4269903
2.5555618
1.4285848
0.66075677
-2.4135685
1.8240002
1.4930604
1.2452176
0.25362173
1.2565013
0.591086
-2.0874953
-1.7116705
1.3063024
2.201437
-1.0569236
2.9002116
2.7803726
0.623649
2.783191
-0.66488504
-1.1513183
-1.1518296
0.6307091
-4.0676126
-1.0319067
-1.5038238
-1.2402048
-3.0049133
-1.0872521
-1.005555
-1.4535236
0.76119006
1.1326046
-0.97116154
-0.20187294
2.4771948
2.3666236
3.0698802
5.677008
2.5457969
0.65409344
1.8220783
1.9281174
-0.6952905
0.51447207
1.178955
0.5042967
-1.439489
1.3022175
1.5924975
-0.72326034
3.7724833
0.524725
0.783285
-1.3366506
-0.7902492
-1.0675528
0.02019646
0.8424373
-2.4812162
4.021034
-0.7214761
-0.2944629
1.6117189
1.8445055
0.9231429
-4.2399664
2.765388
3.030951
0.6064478
-1.9984607
-1.9594574
-2.0325031
1.9952412
-0.6559131
1.3035767
3.0001209
-0.77350146
1.8785031
-0.7502607
1.4240596
-0.53913534
-0.815404
3.7933161
-2.8828242
1.0222734
-0.011748865
-2.0939126
0.8046611
-0.9214844
-1.5790975
-1.7992483
0.17386237
1.1344823
0.730503
-0.16787697
0.8076089
-1.3447852
-0.6499137
-1.7920228
1.5815347
-0.8671673
0.8719327
-0.68211174
1.1344165
-2.9649227
4.361914
0.32885757
1.4909273
-0.7621743
-1.1936167
1.6395913
-0.016698025
-1.8950703
-0.6547945
-2.7925696
-0.1501761
-0.57990795
-0.07222381
-1.9151713
-2.0488503
0.034464456
-3.9891503
1.221313
4.6803846
2.6768324
0.5322805
-0.41709882
-6.197828
0.5672598
1.3297647
3.0282197
-1.4860042
1.7429031
0.04961347
2.0511973
-0.15323472
2.4533346
3.0535514
-0.71687275
-1.5527627
-0.002924025
1.8592857
-0.3612743
2.4375257
0.21898675
0.62181306
-0.0023166388
0.2788693
-1.0014151
2.46861
-0.65529984
-1.721295
-2.1150026
2.5174923
1.7783091
0.28364375
2.3001661
-0.7716185
2.401909
-0.73753643
-0.839744
-2.5571232
-3.0846562
0.32690442
-3.888493
-0.49263763
0.52698994
-2.8191993
-0.7882069
1.9053221
-0.66202456
1.2691394
1.2235541
0.093662195
-1.8948678
3.0903258
-0.9624819
1.0311164
-2.879998
-1.9699043
-0.9643464
-1.9624897
-2.0002377
3.3530786
0.9853972
-0.6465537
-1.8669103
1.8048989
-2.4511714
-3.0701926
-2.7533991
-2.805494
-0.2661081
0.28459445
-1.9382186
1.4073988
0.23409605
1.1347136
-0.2964559
2.1507165
-0.2843011
2.815136
-3.3844268
-0.32847005
-0.00030777603
0.17433476
-0.47335765
0.35212278
0.62313145
1.797833
-0.10208819
1.3746887
-0.55897117
1.818211
-5.2130256
-1.5311564
-2.81921
1.7449765
0.58066523
0.69330084
-1.2227792
-0.022942886
-2.8073907
0.6273072
1.1535114
-0.9917333
0.48358184
-2.7839615
-1.9506164
-0.36213624
-2.5975807
0.8503983
1.8065394
-2.7454946
-1.6125314
-1.5263708
-3.6677191
3.329929
2.6656644
-1.2166312
-0.9722689
-2.432609
-3.6486673
0.049829803
1.9615238
2.786413
-1.4434148
1.6283982
-0.9085096
0.8791938
0.7974655
-0.83121246
-0.42301324
-3.7648273
-2.7077055
2.4554105
-1.9574243
0.5227734
2.7823083
3.324394
-1.0902952
-0.07007631
-0.37319663
-0.21738768
-1.0979061
-0.554513
0.47250873
-3.8129015
-0.97740716
-1.5649283
-0.2636996
-3.8219037
-3.2609036
0.10294664
-2.141306
4.0145555
4.25794
2.149944
1.4751037
-2.1482394
1.6548162
1.929463
-0.29863656
-3.7869282
2.8881454
0.5655506
0.44243735
1.7644534
-1.2192006
3.254444
-2.0688322
-2.803587
2.130184
-0.3777359
0.7687661
-0.12147741
-0.053595886
0.98567027
-0.3613408
4.00243
3.439504
-0.98610026
0.42517155
-1.8099415
-2.1332912
0.64245915
-1.5993352
1.5184064
1.6681069
-1.3786156
2.6546443
1.5309197
1.1865897
1.2924188
1.2602892
-2.4195325
3.017752
-2.0966792
1.3787763
-3.3908892
-2.308213
-1.2515893
0.0983419
-2.4523027
0.1875465
2.5934675
-1.173666
-2.7371707
0.67871433
1.5508869
2.242216
1.1002519
-0.9170924
1.0883454
2.6165946
0.46425313
0.71012
-0.23596331
0.97513247
0.22109753
0.999614
-2.2359793
0.5000725
-3.3204546
-1.2722783
-0.9006332
-1.6156445
-0.7485958
0.14541355
2.447929
3.563564
2.9230003
0.01107806
-1.7216837
-2.2659924
1.6036371
1.4725485
1.4969931
0.41854155
-0.091327175
-2.0627332
1.2505282
1.2559489
-1.1039009
2.4829338
0.7826401
-2.3088775
-3.7390368
-2.0071354
0.60584044
-2.0306973
-0.12609378
-1.3161652
-1.112833
0.4402491
-1.1843644
-0.057570733
3.2305915
-2.039025
1.4149876
1.4793794
-1.0014546
0.52125716
-4.7209015
0.72567743
-2.9081986
-0.927817
0.1731824
0.69393307
1.6646608
0.10683521
-0.5528034
-2.3609962
-0.28647783
-3.2250278
-1.037949
1.3919891
0.21328509
-1.5010753
0.041129157
2.4525287
-1.4560624
-1.5693877
0.22191451
-2.4914596
0.049152594
1.5875616
-0.43345326
-1.3776925
-1.8199109
3.0968006
-0.5945798
0.767639
-0.20303419
2.934823
2.0756752
1.433537
-0.4369415
0.3068705
0.851928
2.0762289
-1.9323719
0.46278325
-1.0332645
-4.684121
-5.884172
-0.018966906
-0.7014215
-2.3084242
3.0481412
-3.5847018
0.4732704
2.8552353
-1.5140346
0.19726786
-2.6380231
1.0188774
1.8536711
0.1714454
-0.4014259
-3.0768592
2.072048
0.42915618
0.5340164
3.3227875
0.4353583
-1.5241523
-3.6016784
-2.708945
-2.2208009
-1.8391699
-3.4398723
1.8783681
-0.8822176
0.9861714
1.5386437
3.8692377
-2.2827182
0.723415
0.56989527
-4.0145574
-0.15150866
1.9917178
0.6407025
2.6153073
-1.7895831
1.3311722
-2.0991116
-1.4174519
-0.3078909
-2.081329
-1.6779649
-1.0322319
0.099642016
0.9424206
-0.51097345
-0.7108373
-1.9193947
1.6523349
0.13900693
-0.94204223
3.6671665
-3.872293
-2.1023564
-3.7554393
1.8409891
-0.16726397
0.4935061
2.391103
2.6825547
-2.3251727
-1.0344592
0.11749083
-0.4267769
-0.5402363
-1.8385288
-1.4268998
1.0101897
2.1448593
0.07562119
1.1335859
0.28202528
-1.9592866
0.1834105
-1.8808872
1.4945496
-0.2590186
2.2858198
0.43128487
-0.48949683
1.9308666
0.08847197
0.8928431
-2.0147932
-0.17533699
0.69662684
0.12027877
-0.84219676
-4.6094217
0.5111423
0.9493455
1.3378798
1.8729782
-1.2036365
0.72327083
-0.25097063
-0.4269384
-0.04553274
0.37296435
-2.5833154
-2.3489847
1.932235
0.6056116
-1.9768696
-0.97153544
0.893477
0.51976854
-3.4458685
0.6780474
3.1098423
-1.2611773
2.5256703
-2.2263243
-1.3044257
-0.72572637
-0.881573
-0.5732075
0.85281396
1.0769008
0.32970425
-1.4426454
4.015928
0.38191536
-2.9867818
-2.3556514
3.8026402
0.9488822
-1.1636674
-0.24086884
2.6128514
-0.5310194
2.8803039
0.6039935
0.88803685
1.2906462
-0.7287855
-1.7431012
-0.5682874
-0.38991034
4.34281
-1.1309897
0.85948324
-2.2992244
-2.5141428
-1.59506
0.9691454
-1.9507254
-0.25399235
-0.78017974
-2.8470237
-0.9469764
2.0300255
-2.670226
-0.3541466
-0.6555032
-1.5040929
4.4480195
2.8439186
2.5953248
-0.38418102
0.010929488
-0.8693349
-0.30524743
-0.30598187
0.5984134
-0.7469222
-0.31843153
1.265009
0.56982094
-1.1211853
0.8769749
3.8065538
1.0400527
-1.4333385
-1.1698244
-3.7720137
0.252307
-2.400368
1.3929029
4.621199
1.9323434
0.6656955
1.4151934
0.23931052
-2.5217855
3.886732
-1.8671905
3.7391663
-0.49431798
0.29054862
1.7800434
0.394564
-1.1413854
2.4010253
1.3141756
-0.5721806
-2.1910846
1.6194563
1.912988
0.10612933
2.8768525
-2.2149467
0.61663127
0.26489696
-0.42875242
3.1014242
1.363905
-2.1500742
-0.9284846
-0.9368696
-1.5065701
3.6903982
2.744925
2.0815578
2.5297148
0.3615202
-1.5730546
0.7685763
3.0259917
-0.37284815
-2.4999073
1.3944005
-0.4455677
-0.82920945
0.83903503
1.7072635
1.3029722
-0.051180497
-2.9667423
-3.0110548
0.80892134
0.26160073
-0.18546437
0.6201411
1.9521215
3.0432758
0.20024464
-0.1398794
-2.3503132
3.4844458
2.421502
0.69038564
0.62984353
-0.63826144
1.8040389
-0.86460996
-3.5793638
-1.9212935
-3.2946846
3.3773398
3.1200857
-0.55135345
-1.0284425
2.2640946
-0.7664511
2.3245385
-0.6111647
-2.5994835
-1.0924118
1.8776113
0.053807534
2.5457253
4.14359
2.2412477
2.5574737
1.4863151
2.699644
-0.16351631
-1.5429542
-1.5422932
-2.994035
0.22663158
-0.05655416
1.915128
-2.058509
-1.2955267
1.9761301
-0.6265605
-3.4557526
1.7839422
0.33437958
2.03305
-0.43794256
-2.2258472
0.055836223
0.88955873
-2.2613783
-0.60088575
-0.4979214
0.4532298
-0.49423543
2.0090272
0.6383538
0.1736759
0.94508034
-0.73786104
0.5810716
-2.2505279
-0.09024169
-0.53706235
-2.589876
3.2945445