Spalia
0
-0.5857298
-3.2850897
-0.5039573
-3.2027586
-1.9573084
-1.0597816
3.6188078
4.656468
0.30825093
0.08731726
-0.51072925
-1.3107927
-0.6997186
-2.0562515
0.14515015
3.5093517
1.8044442
2.9675508
-0.7268068
-2.531026
1.4221002
-0.09035884
0.7206913
1.482767
-0.89896524
1.7055502
-2.256636
0.45379025
1.7936101
-0.4918719
-0.49090585
0.19603328
1.2533113
1.5349573
3.9493124
-0.38054228
0.80148625
-1.9026258
0.89732254
-2.3337545
-2.2589092
-0.8439704
0.009427689
2.7125363
-4.0879507
-1.2742919
0.38650745
1.3695602
2.712346
1.5697163
1.8886406
-1.6257344
-0.87811404
0.5065144
2.3597984
-1.3123419
1.0092294
-1.5424452
0.5322507
-1.1183621
1.4271368
-2.4814503
3.1660848
0.7881173
-2.5871859
1.3765122
-3.5756087
2.8067276
-2.3827689
-1.0892
-1.2491134
-1.9769958
0.09056718
-0.29198232
-4.121837
-0.0067184344
2.7200737
-0.013761215
1.1516613
3.5717185
-2.2954159
-2.7408097
1.9667923
1.537931
-1.4281288
1.2369624
3.2834625
-2.3100123
2.520499
-0.9113387
-1.823737
-0.13955212
-1.4609077
0.7080538
-0.62763196
-2.6143463
-4.75125
1.7077545
-2.231676
0.8691783
1.8189917
0.6015597
-1.726531
-0.3517077
-2.0609074
0.93308276
-0.7766058
2.5692647
0.229305
1.2430707
1.6315876
-0.36009133
-1.2679858
-1.087814
-2.8352377
-0.5253545
-1.2665763
2.0828
2.5919023
2.2501535
2.6313336
-0.91729766
1.476718
0.70794326
-0.40501314
0.11827654
0.7306894
3.1425853
-0.5655401
-1.1141977
-2.1862986
0.36525148
1.2909697
-1.0880259
2.3641312
-0.7624154
-3.178632
-0.3133922
1.4894615
-1.6740519
1.0355015
2.2521942
-0.026290923
0.6331504
0.4103803
-0.5837493
-0.686804
1.5776145
-3.834233
-3.1241276
-3.0386386
-1.5891356
-0.758015
-0.17713979
-1.7484692
0.9716183
-0.9519172
1.5489894
6.04819
-0.8553166
0.70367205
-0.84116864
-2.3474488
1.9696245
-3.1300433
2.60749
-0.22039744
-0.24761885
-0.19467804
-0.831968
-3.918949
3.1962366
-1.0388587
-2.5550225
1.3568542
-2.3226159
0.40484715
1.7496856
-0.9953562
-0.8293881
0.35488778
0.34191513
1.8494741
-1.6087447
-0.8003622
1.057873
2.7877557
-5.7902675
0.13387416
-0.8506368
-2.4928687
-2.335704
-0.9972964
5.1083837
-2.129073
-1.5533385
-0.1454364
-0.014048807
-0.8127818
0.08126334
0.38872924
0.005960457
4.1454406
-2.5022478
0.7558286
2.1361175
-4.3066087
-1.5787605
-2.9857264
2.882477
-3.8968909
-2.219893
-0.021163017
-0.98395205
-1.8541462
1.1373061
-0.7544126
-0.7738211
-1.699708
0.40464836
-4.482112
-1.8237115
-1.4490528
2.947295
3.3992696
-0.3064047
2.8475642
-0.5174853
1.1191607
-3.121454
-1.2637702
2.5238075
0.445938
-2.9136963
3.753572
4.147568
1.6927097
-0.7422553
-0.025028102
-1.6784813
-0.016581584
2.3011189
-2.8264978
-0.58840746
-2.8230126
4.370874
2.944905
1.7972645
0.27673844
2.0364232
0.6660176
-0.8298318
-0.592825
0.043307897
1.948565
0.22127774
-2.5909407
2.6818497
-0.28736144
-3.5709229
-0.45988563
2.9253688
1.5864537
1.0940491
2.2156038
-1.9764651
-0.13117647
-1.6344963
0.9329963
0.8229037
0.36254886
-1.1999727
6.367685
0.81422895
2.3622544
3.2891169
-0.43128932
0.44031534
-1.185106
2.1945374
-5.731211
-2.3772027
0.1273132
2.7989001
-3.0727575
0.18707746
0.9834384
-0.8097497
1.8265929
0.46713495
1.0141336
-1.3447521
0.59412295
0.2813975
0.93293023
1.322368
-1.3405643
1.7187557
3.192335
3.3212001
1.067777
2.3635015
-1.7931792
3.0418901
0.27182314
1.0989891
0.62465584
-1.1817896
-1.9898474
1.2216944
0.3496875
-0.8668874
2.6287298
1.5062764
2.706329
-1.4650803
0.3308467
0.5467221
1.1955135
3.9689584
1.0498998
0.13253935
-0.58751
1.255352
3.9697526
-0.5467181
2.800414
2.8437166
-0.3172288
-0.61581194
-0.5791368
-0.15437767
1.9042082
0.15225834
0.24944979
1.6206013
-0.8089279
-0.094296165
-1.8143138
-0.77774894
3.5700965
3.1190288
0.5170166
0.25446275
-3.8746107
0.66557354
2.0919616
3.0029366
-0.49077767
-0.26538643
-3.807669
0.7696246
-1.2955905
-0.5393317
0.06900605
2.8753576
-2.4448693
1.3666395
-1.6295204
-1.0182815
-1.2267585
2.4123466
0.10760923
1.5254904
0.6296729
-2.995745
2.5870123
-1.4654386
1.7781538
2.0347397
2.3379838
1.6260953
1.0706551
-0.38226223
1.620349
-1.8682241
-0.5330411
1.1178018
-2.2013357
2.3595915
-1.7222698
0.2568305
1.6519248
0.8870761
0.14281541
1.6266017
1.0240705
-0.83335036
1.882096
1.6275152
-0.6718669
-1.6472706
3.073239
0.056663223
-0.5462985
2.640169
-0.39503473
0.81181836
0.68937147
-2.5510507
0.82542264
1.9267151
-3.2553835
0.4542451
0.37296557
-0.6107529
1.5976033
1.7253519
-0.23895721
-0.505794
0.9200032
-0.5778017
1.828192
3.785941
2.0315907
0.033646144
0.8084601
3.8353233
3.407363
-2.235549
-0.088990696
-1.1314186
-1.1326429
3.04208
4.070213
4.1252723
-0.83557475
-0.075415336
5.2452774
-0.7679806
-1.1039956
-4.535481
-0.5298806
1.5355427
-1.1599823
3.8601503
-1.1688081
2.367556
-1.3445404
-2.102192
-1.6200991
-1.6014304
-1.8481503
-0.769858
0.56636685
2.1325579
2.7618992
-0.43762174
-0.8643243
0.6721219
1.6615608
1.2052337
0.74525815
-0.4938715
1.5150292
1.0898529
-1.4163057
0.96760714
-3.3484402
0.05737874
0.40975463
-0.39293823
1.2691435
0.25044763
0.0931582
-0.35681733
1.2793137
-0.5410963
0.15387474
0.31620985
2.913757
-2.1873758
0.05896272
-1.9399778
-1.1436377
0.3265163
-1.7596508
0.840597
-1.7165765
1.3921492
-1.7382283
0.43034416
4.336668
-0.74892604
0.17563061
0.5756562
0.08155069
-2.1682193
0.7415475
0.99803066
1.6950743
4.413316
0.017373443
-0.44955432
0.15922269
2.486214
0.09213959
2.2444694
-2.2606006
-3.715519
0.7559468
2.9325085
0.22538912
-0.5903369
-0.6207175
1.496244
-0.123441786
-0.585992
2.110034
-1.8998855
0.8075577
2.178274
0.6489818
-1.6983935
-1.7566457
-0.022612654
-2.2877557
0.65627134
-1.0105761
-0.5737717
-2.1613774
3.5879965
-1.1707594
-0.98977476
-1.21102
4.4105725
-0.6999899
1.918548
0.5710404
-0.9795744
-2.0353436
0.81042457
0.29991475
-1.3300179
1.1842114
-0.9611473
-0.1876018
0.99256504
0.56062025
0.62586313
-0.077189066
-1.123799
-0.7231897
0.14587204
3.68163
-0.9009855
3.04815
0.3037213
-1.6757104
1.134635
-1.7984589
-2.3523114
2.369649
0.53985685
2.668143
-0.009024136
-2.0422401
-0.6250033
0.20348017
0.9058028
-1.3389833
-0.87026656
0.45361632
1.1301746
-1.0711687
2.071813
-2.0893557
1.8184181
-1.1318816
-0.34353444
-3.4075663
-0.89298946
0.36946613
2.4823074
3.1788604
0.5657632
-0.27370277
-1.834749
2.3973632
0.27681953
-1.6253551
2.5506182
-1.9760083
0.7546282
-0.32804155
0.78985673
-0.04265815
0.6834889
0.23287974
4.920611
-1.2327011
0.77482677
0.95221627
-3.5377119
-0.4757061
-2.3093553
1.557009
2.0878935
-1.4996855
1.8635336
-0.53237045
1.836167
-3.327128
0.7792058
1.7199956
3.37
0.9985031
2.4698148
-2.375348
1.6474737
-1.6838889
2.1767876
-0.84616584
-1.1394068
0.61440414
0.3146288
1.1834762
-3.8948994
1.8639284
-1.4709926
-1.5445076
-1.4593726
3.3366287
-1.6948743
2.006989
-1.2872326
1.1088477
0.7539827
-0.089411184
0.36960515
1.4765339
3.2430718
2.226872
0.6459692
1.8491327
1.3821752
1.8703904
-0.949191
-2.0949717
0.46879634
-1.1293823
1.3029302
1.4142269
-1.5326763
2.0459907
-0.38063508
2.0315993
-0.84806156
1.8360218
1.7615342
2.0264235
0.46622387
-2.7718115
0.29457107
-2.7045107
2.335424
1.1936522
0.58084905
-0.555317
0.43991083
-0.69392025
0.22568259
1.3597878
-4.214031
-2.7079728
1.5003549
-1.8092476
-0.41432518
-1.433654
1.3747889
-1.064767
0.5425652
1.6338274
-0.2389538
0.9651209
0.20962162
-0.36590603
-2.345538
-0.23126584
-0.89910036
5.0013084
-0.073426865
4.2567964
-1.8327233
0.70417565
2.1277533
-1.1515517
4.3272676
1.3918028
-1.0714157
2.3998725
-0.238366
1.9425734
4.673783
-0.44329074
-4.3524504
-1.1724361
-1.1813833
0.2611622
0.21674043
-1.6204692
2.301671
0.20358075
-2.4024632
-3.3394904
3.6802652
-2.0220966
1.8403744
-1.1683356
0.98266286
2.8026485
0.51117086
-0.07422528
1.333894
0.51740575
1.3050635
0.13235232
1.5295957
0.9237871
-1.0576313
0.05704666
0.1642833
-0.08446363
1.5516527
3.697947
-1.9090697
-1.0106655
-1.2241526
0.4142964
0.043088797
-0.45077112
1.0209873
-1.4283218
-3.1324134
2.957334
1.4087772
-2.9667697
-2.7206533
-1.5033287
-1.4176531
-0.1450968
1.0233635
1.9621531
1.9106115
0.43263328
1.2849247
1.8042426
2.6692414
2.1390135
-2.7495348
2.8883605
2.5905294
1.9150051
-1.6863877
2.1044638
2.4676878
1.2953573
0.7755752
-0.55448806
2.2927864
-2.5570424
0.6840823
3.5576801
2.0104961
-4.97469
2.1528285
1.2505894
0.98892725
-0.27178434
-1.8088583
-1.8467975
-1.9095553
-2.739341
-3.7103248
0.1896773
-0.27125868
-0.18272783
-0.9955051
2.0953946
1.9168953
-1.7790515
-1.6212088
-0.7639499
-0.19882232
-2.2398224
3.1778743
-0.6148575
2.7509544
-0.86475146
0.9123471
-0.5750317
-1.5530947
-1.0059154
0.6353361
2.98968
2.0132482
-0.52260387
0.6887606
1.2573639
-0.34856185
-1.361572
-0.8451733
1.483403
-2.343394
-0.18491742
1.4776777
0.08348753
-0.64404637
1.2194767
-0.74043643
-1.0317917
1.1486046
-1.1723768
-0.61543137
-1.341328
0.21515532
3.6089718
-1.6104004
-2.813813
-3.105976
0.4649478
2.4629393
0.29675233
1.2472655
1.1675888
-0.71003324
1.3518062
-0.4058919
-0.24489635
-1.6517103
0.73764235
0.5121352
2.473897
0.7671853
1.5744175
-3.0126286
-1.0312474
0.56589526
0.37525788
-3.4754634
1.2028582
-2.2773473
0.06292316
-1.0694245
-1.7350955
0.9426347
-0.9475907
3.0108109
-0.6056077
0.21568307
-0.9013127
2.4710653
-2.2534697
-1.2998165
1.7989894
1.4575318
-2.15473
-0.65117663
1.2947687
3.6964297
-3.0341833
-1.307396
1.7515972
-1.7875124
0.075748034
0.21629769
-0.6790814
2.724733
1.2535493
1.0287997
-1.3930113
0.8444466
2.213191
-1.0820822
-2.3361235
2.3407164
-1.9215839
1.874043
2.4969387
-2.734725
2.0385442
2.3862033
2.2537715
1.3452591
-2.368956
0.2693905
0.90155053
0.46752197
-0.16975905
-0.53558034
0.66949975
1.6002859
-2.5269208
0.587603
1.7317646
2.9667537
0.51711416
-1.039692
-1.379521
2.181124
2.7556055
-0.18619528
-3.009017
-2.8685787
-2.88092
-0.17866188
-2.6013503
0.27675632
0.1313132
0.99160475
1.2823559
0.11039013
0.72141457
-1.2678492
-4.187026
0.5241386
-0.97091484
-0.09930111
1.0940017
2.4153476
1.2826586
-2.4984865
-1.4006014
-1.9449842
0.9963338
3.6659284
-2.066873
-0.4851948
0.4082272
-3.7124639
1.273291
2.4947944
-0.15647438
-0.90337443
3.1349688
1.0472498
-3.1094544
1.1112354
-1.6814393
1.4171929
-3.8257494
-0.4013695
2.0880392
-1.286024
0.86492944
3.7445064
3.2409027
1.470852
-0.19738057
1.5543131
-2.1410556
-0.38132188
0.60624117
-0.77317244
-1.5807567
-4.2092013
-0.25575227
5.5686316
0.68616086
-1.0398854
1.0456691
-0.702575
-0.5665279
-2.0108721
-0.95681375
-0.06340941
-0.5189806
-1.2087469
0.99918014
0.08688608
1.1730644
3.3433204
-0.63991725
4.606454
-3.289377
-0.56687224
0.28973827
-1.3236984
0.9606929
-1.8909762
1.6333493
2.9906857
0.73047554
0.1370894
1.3808403
-1.6196002
-0.9501268
-0.026277877
1.5689156
1.9414858
0.6990278
3.53065
-0.9123775
1.3087573
-1.3663503
2.431054
-0.8702173
-0.54932016
0.76523113
-2.5181787
-0.018503763
-1.4091623
-0.1464535
2.3090003
1.3091481
3.869429
-0.8697345
1.1434162
0.38493142
-1.292394
2.1992087
-0.32284975
-3.5235043
1.6796554
-3.5683198
0.1815272
-1.2167696
1.9630975
0.18983674
-1.2271192
0.52721107
-0.10211019
-4.157442
0.4503453
-3.59098
-0.16701695
1.2847672
1.0833492
0.045758627
-1.1933612
-0.82629263
1.533018
-2.4552627
-0.49462885
2.9334652
-2.101182
-1.2195427
0.3753797
-1.7844371
-2.0275795
-3.5790632
1.430077
1.5872213
0.5491091
-0.23763141
-0.3118373
0.8857881
2.0344944
-1.3204385
2.1911345
1.0184455
1.2081772
-2.2423172
-2.521376
-5.47629
0.7375227
-2.2114034
-0.5021468
1.1260773
0.0662789
1.4243488
-1.7766311
0.57386017
-1.6315072
-0.47348332
3.8166165
-3.9599667
-1.267722
-0.5818572
-0.5454212
2.1599321
1.1300198
-0.25930944
-2.6847284
0.35283116
-1.1099352
3.7024124
2.6258895
1.0825287
0.8470825
0.029221259
0.2768082
-0.19607317
1.501623
0.045967977
-6.0111694
-1.4336318
-0.91350865
0.13078307
0.08345978
-0.5802544
0.8697866
-1.43747
1.7122374
-0.7170605
0.3571146
-2.1203985
-0.6199408
0.61616015
-2.2714393
-2.89939
-1.351112
-1.2598041
3.6078885
0.79293346
-2.353484
0.70655453
-3.3936265
-1.0078084
-3.800778
-0.51802194
0.66993237
-1.7794229
0.08421926
0.74431276
-2.3195095
-4.452483
0.4858006
2.573224
-4.5900335
2.0529048
0.89651483
-0.5802928
3.1578078
2.3412304
-2.5062194
1.922795
0.8900033
-1.6093326
2.5518377
0.7262774
-1.7798284
1.6484313
2.0005786
-1.9540583
-0.32138973
1.6471218
1.4617366
-1.0512673
3.7175546
2.6057577
3.9822485
2.4388163
-0.007349834
1.0228825
-0.6850973
-0.5293637
1.043989
-1.3338892
0.050350644
0.6179007
1.3879275
-0.11695335
1.6851125
-3.1126626
-0.75359195
-1.050838
0.16469961
1.5862491
0.902139
-2.0259254
-2.9346397
-1.898358
-0.5256399
0.37694684
1.3204474
-2.2237184
-0.0030396357
-0.80351037
-0.49007916
1.3623706
-0.51520765
-0.058038317
-1.4431261
-2.6397293
6.8311734
-2.764074
-1.0440024
3.7936227
1.7401047
-2.4099948
0.9956492
0.22304133
1.0835056
-0.5563613
0.35901365
-0.93875337
2.3508337
-3.0714307
-1.2883574
2.274701
-2.5910048
-1.1827077
-1.2713002
-0.4327017
-2.9569876
-0.029427119
-0.4501739
-1.4310771
2.2954595
1.6496997
1.407922
2.777224
-0.077199474
2.7560678
0.32606843
-0.16068015
1.9451964
0.18379322
-2.2809463
1.586143
-1.0687153
0.97704
-0.3101072
0.5619458
-0.6569124
1.7927638
-0.009041987
-0.89645535
1.3216001
0.26820216
-0.52976334
0.38285637
-2.8967395
0.7127584
-2.6800246
0.7024134
1.3968463
-0.38859966
2.1315868
3.6414602
1.2356795
0.24503274
-1.8789666
1.2425523
-1.5718406
-1.5323173
1.640415
2.5957663
1.4975187
-0.4483575
2.199313
-2.4173684
0.40570644
-1.1738
-4.3139095
0.4627601
1.5648308
-4.000212
-0.15678263
-1.2954098
4.3211336
1.3254741
-0.14055583
-3.3829908
-1.3052213
-0.12122854
0.26734293
-0.47146735
0.25210798
-0.4043886
-0.043789096
2.3478112
1.4356359
0.011283003
-0.844822
-1.7366532
1.885986
0.6380654
-1.2185272
1.4861358
-0.70468277
-5.1203156
4.686757
3.271737
-4.3821115
2.1109562
-1.0823498
-1.9722348
1.6594825
-0.9565006
1.8267223
1.0897686
-0.029364377
-3.663532
-1.0559509
2.6411157
0.9184374
1.3525137
0.26325795
-2.2587028
0.29480574
-0.48807883
0.6881074
0.7756516
-0.29842356
0.3394684
0.7590678
-3.612191
1.4563628
-0.4204681
0.1374459
2.7548609
-1.6651318
1.2529026
0.8412272
-1.7691737
3.2938056
2.8217065
-1.1816235
1.3094871
-5.9221835
0.98410964
-0.40754133
-1.669367
-4.005684
-1.1561334
-0.12788115
0.043977194
0.47566345
1.5070914
-1.1545126
-1.2089052
-1.8313432
-2.5010571
0.8509969
-0.36112827
2.9560323
-1.3703804
-3.2849698
-0.6952678
-1.417932
-1.2208257
2.2840545
3.9031324
0.3303238
-4.3902483
-1.0249571
-0.26000044
0.40936124
-2.6044886
-0.47674567
4.6421885
3.9061134
2.0361927
0.4748719
-1.1842787
3.9557798
0.561073
-1.0770159
-1.4121733
1.8728454
-4.396152
1.1575406
-1.7427953
-0.65101486
1.5483086
-1.9062052
-0.63211066
-0.80053335
0.26068982
-0.48466015
-3.745329
0.16204685
2.2542048
-0.5407766
-1.1883324
0.17651379
-1.2835836
2.0025454
1.03599
-0.6074781
3.6797247
-0.024434455
1.7618864
-2.600799
1.1108757
2.0109668
1.0765737
-1.1562451
-2.2123392
-1.1181655
-0.7161718
1.5408027
-1.8511063
0.14956954
-0.73536015
-0.3434059
-0.7574915
1.8676054
-3.8366575
-3.8508992
-2.1130192
1.9718109
-1.6118182
0.50062525
0.041472897
-0.34253556
-0.25921297
0.5186154
-0.77596587
0.8048883
0.26682857
-1.476496
0.09146077
1.7408475
-1.5718929
2.0874617
0.7800916
-0.8954589
0.19401471
-2.1070712
-0.21855351
0.28704682
-2.3333788
-0.386747
-0.840685
1.1080765
-1.2450875
-3.1115146
-1.6775442
2.2247555
0.30717808
1.0268576
0.97639567
1.8020446
0.5068069
-3.4468238
-0.2538799
4.68275
-0.9902559
0.31984442
3.1351023
-1.8274434
-1.2445973
-2.1367433
-2.6717045
0.15475231
0.6664481
1.4451382
-1.8592919
-1.2108253
2.6852949
0.51947457
0.8637472
0.88588697
-2.69475
-0.6104002
-1.4460555
1.1801318
0.3028068
-0.5311731
0.28835785
1.6790997
-2.2544813
-0.49498537
1.527403
1.4540768
2.5787907
-1.2970035
2.7709732
-0.7075624
2.1221645
0.9003964
-3.64082
-0.94731057
1.9626554
0.3061183
-0.8255733
1.1108078
0.19708598
0.47126427
0.5963397
1.3427976
-0.346499
-1.7746724
-0.9389541
-0.5808177
0.5414521
0.38138765
0.8073986
-1.0918714
3.5491924
1.5233465
-3.2248263
-3.3369455
-1.6870614
-1.2675478
3.2764752
0.4266894
-3.353417
-2.3695831
0.24698414
-0.2685622
-0.5028118
3.8895612
1.8787725
2.9797564
1.6064866
-2.3669906
4.5179834
-2.2806613
-1.672342
3.7296047
-0.46865636
3.8839376
0.10759966
-2.2217026
0.021851696
4.0815463
0.900161
0.68839073
0.4133221
-3.2749307
3.2667158
-2.3660443
-1.5895101
2.1257415
-1.6501564
-2.9543834
-0.6919438
1.2870523
-1.494163
2.1376016
2.374256
0.6094208
-0.17373185
-0.07093203
-1.3650377
4.192399
0.8082638
-2.365211
1.306693
-0.21497902
2.4539576
2.5947824
-2.2194068
0.06938445
-0.19760793
-1.2248774
-2.7013745
-1.4132394
-2.0489593
0.96869314
0.7651802
-0.43958747
-0.53654385
2.8333793
-0.4566067
-1.6391175
-2.4323153
1.4133723
-2.9278045
2.0395088
0.31930497
-1.762392
-0.15334043
1.5748935
1.4123179
0.7861889
0.21135083
-0.63437855
3.3279734
-3.1051733
3.099621
2.5389504
1.7932366
-2.058888
-3.0673087
1.7522389
0.04928032
2.391338
-0.5563996
-0.7657334
-0.8682125
0.1012432
-0.62734056
0.566794
-1.5346446
0.19508757
0.73319054
-0.8135571
1.7307335
1.507731
1.9945287
-1.1094
0.02151043
0.2686046
0.7237317
0.69016397
-2.345503
1.7663248
1.5913663
0.39832187
1.52093
0.81938463
0.012544535
3.9744356
0.5280194
0.9259473
1.142286
-0.4056539
1.9902287
0.60677755
1.309403
2.0650373
-1.0093099
2.2115452
-3.776546
0.16502032
3.0633051
-0.9156185
2.4311016
-0.8940797
-0.26115078
5.0697236
1.8716004
0.12781778
0.18815829
-0.6788238
-2.7883756
0.8958408
-2.7922554
-0.31798813
2.5494416
2.7874603
-1.0668719
-4.3449564
0.4323874
1.7774184
-0.19490218
-1.5804852
1.1029959
-0.5876017
5.124209
0.8208803
3.871691
0.32939467
-3.5927181
-0.23323451
2.435897
1.1351099
2.2664094
-0.72368747
2.5570493
0.78864324
0.53697395
-0.8492392
1.514256
-1.4019024
-3.817105
-0.27860412
-0.39760238
0.17609015
0.34386545
0.3788228
1.5317043
-0.44171444
-2.6223154
-0.28418937
-1.5169604
1.3890679
-3.2874053
-2.259419
2.7498543
0.299833
0.35578877
-1.982997
-0.5562961
0.04066682
-0.8948007
3.6683993
-3.514804
2.274331
1.2534406
-0.96554136
0.14492023
1.628376
-0.053916313
-0.6944807
-0.4356388
0.017739937
-2.106729
1.9464246
1.4455525
-0.29730022
0.73265153
2.0877066
0.69370836
-4.856543
2.538392
-0.38336658
0.8775345
1.7393296
2.8465834
1.6624236
2.96047
-0.7952761
-0.7653111
0.27607268
1.1457528
-0.40977874
0.5861758
0.18444869
-1.6198891
-0.32074848
0.63955057
0.8876821
3.7083235
0.29136634
-0.65093637
2.2580261
-3.972735
0.39472514
-1.9976681
1.7228537
0.60221183
-3.1271675
-0.4903357
-1.8567882
-1.2340598
-3.3879876
1.6332633
-0.6278043
-0.93822294
-0.4475947
1.9051625
-0.7198126
1.5845355
-2.051512
2.4690995
-1.1556593
-1.588331
1.8082901
-1.0940516
0.8246855
1.3491081
-2.6542826
0.052555066
1.6520116
-1.1487408
0.8773465
-0.13491333
-2.6335933
1.2533072
0.63749486
-1.2847325
1.07107
1.8309517
-1.2713195
-2.8527956
4.907099
1.3127295
4.836732
3.402464
0.41350845
-0.3103244
-1.1694072
-2.6444278
1.490296
-2.199766
2.8738508
0.2646968
-2.2952065
-0.073209524
-1.0683255
-1.6516777
1.5225734
0.5204853
1.9376614
1.1431489
-0.21253833
-2.3097215
-0.20383352
-2.740568
3.0329564
-1.3638794
-1.4964952
-0.2164655
2.0058448
-3.942906
1.7910662
-0.051093064
-1.2075325
1.8515416
-0.5077998
0.71677536
1.6090912
1.0455972
0.15026382
0.470968
1.7293379
1.8370415
-1.4260776
-4.240866
-1.5114079
-1.4265535
-1.9561865
1.4990002
1.793826
1.5615705
1.3607552
1.5750407
-1.0429447
1.7134507
2.3194072
1.946554
0.18010232
-0.25180414
-2.4108047
-0.3856353
1.4982212
2.4976254
0.030586787
-5.7844706
2.2046683
-0.028073862
-0.38924128
1.4392827
-1.2317867
1.0254976
1.5875654
-0.16557014
-0.61929786
-0.39922324
-0.6614869
1.316728
-1.1246338
1.917607
-1.1401955
1.5873135
-3.3169744
-1.1506217
-0.20868777
-1.0173225
-1.7741112
-2.7783496
0.19976532
-1.8126084
4.1816883
-1.5315766
-2.5743246
1.1194924
-2.6233926
1.5693122
0.5069861
0.6506752
-0.69159645
3.8768365
0.032107882
-1.2201608
-1.1894343
-1.5774409
3.5648468
-0.6200651
-2.1502147
-1.0608891
-1.597237
2.7153506
-1.3678808
1.055862
-1.3336363
1.1299028
-1.9458152
2.2357314
-3.6256208
1.6436796
-1.5082808
1.596675
-1.2582786
-1.5043062
-4.1446295
1.101566
2.8001504
0.676531
-0.5525746
2.206363
-2.8185437
3.1889892
-0.9901365
1.592443
0.9094727
0.13955942
0.53750277
0.80059683
3.6533577
-0.26853007
0.4859909
-2.2055602
-1.1507922
-2.3839588
0.011891637
-0.27395248
-0.30770007
0.6770916
1.2628356
0.81198823
2.7303243
0.59687823
-2.3128781
-2.878277
-0.18460327
-1.9250058
0.54783356
-1.2841588
2.278521
1.9322658
-0.58692443
-1.9458865
-0.2346875
0.39223346
0.9808596
4.0529513
0.8890457
-4.0134187
2.2538702
-3.2785249
-0.31514195
-0.22115691
-0.5240343
1.0805634
0.3973251
-0.56548035
-1.7756257
3.3629472
4.2548485
3.156819
0.33988136
1.0028801
0.6476035
-2.5350578
2.6275332
0.5026775
-0.5323668
0.85774195
-1.799417
1.0346379
-0.0950523
-2.2398317
-0.6397972
-0.08381217
1.5632498
2.062913
0.06633635
-1.6675224
3.61948
-4.454194
0.15415123
1.8043242
1.9635615
3.6539264
0.95759696
1.7433164
-0.20872064
-0.025743112
-0.9878695
2.1390774
-1.1134965
0.14541578
2.1034205
4.7707477
-1.0779086
0.6984161
-2.0328884
-0.7400923
-3.4386091
-1.8492031
-0.74594873
-0.7123516
1.7070678
-1.2968926
-2.0065663
1.0207063
-1.5442185
-1.0476264
2.64375
1.3895508
3.2262537
-3.637557
-1.1186285
-2.1116323
0.59407043
1.9959493
1.4327016
0.017507613
0.4904282
0.030104555
0.11678232
-0.81785405
-1.8642906
-2.8075151
1.0695196
-2.5321734
-0.9507286
-0.25597495
2.5483468
3.347309
-0.9959843
0.70124143
-1.6242073
1.2889346
3.2763429
0.59554374
0.35685408
-0.3240572
-3.0595767
-0.49816877
-2.7789807
0.87871546
-0.46403676
-0.8427249
-3.089012
-1.7682234
-2.7084398
0.6292813
0.38159093
2.2978828
2.3867006
1.872051
0.7880787
0.87083036
-0.778209
2.9836602
-3.3957646
-0.5338991
1.4701308
-1.0097994
-1.4908463
-1.2312032
-2.0541224
-1.5668108
0.3966539
0.7624215
0.009086199
0.6435516
2.5034099
-1.5260684
-1.9354472
2.6439335
0.05244966
-0.03054715
1.3564379
1.5376382
-0.9841647
-3.9600823
0.9116845
-2.1924143
1.0882896
1.2428083
3.4014263
-2.0933359
0.23047024
-0.9527554
-2.4459867
2.467678
-1.9777203
-2.7188969
3.120726
-0.1610505
2.7602837
0.3848505
-0.39284357
-0.52723855
-2.8968332
-1.3138964
-2.3806086
1.2174139
1.6854092
-2.844364
-1.7822777
3.9581187
-0.52503425
-0.37925202
0.08427271
0.52361363
-2.1047413
0.9657443
-1.5754757
-2.7289762
-0.58167386
-2.2750728
3.6330767
1.2094505
-1.1055728
-1.5023204
0.96145207
0.79933697
-1.0870104
-0.19402409
1.5352426
0.5626883
1.310068
0.5920865
-0.3528652
-0.9050906
-0.23487747
-0.36627185
0.067932755
1.5128937
-0.21379152
-2.918653
2.1973727
2.8185031
0.33327073
0.05760412
-1.4190537
2.6048532
1.9803417
0.35289532
1.0745932
-2.109451
2.3427691
2.424673
4.0408807
-1.7670335
0.5820046
-0.78365666
3.6602442
4.262522
1.0169952
0.462636
-2.9784892
2.0493488
0.22817093
-0.8969813
0.25474516
0.6761759
0.3903777
1.0609354
-2.3398433
1.7390263
-7.7733293
0.33252847
3.2382493
1.1136094
-6.02015
-0.43353063
-1.2435788
2.9174368
-1.0616953
-0.7617633
1.2459737
-3.3302846
1.4760585
0.24114531
-1.8878293
-3.50725
-0.7264238
-0.46777812
0.020403266
-2.9944746
0.38705218
-0.74935913
0.20105432
1.9330821
2.5072231
-0.5683282
-3.2581322
0.1845238
-1.1961216
0.06811992
1.2323895
1.2148573
2.0288374
1.7891837
-1.8557615
-0.55891335
-0.908741
0.30704385
3.4956615
-2.3597054
1.0861576
0.55034417
1.9069169
-0.21574357
2.3240445
0.18291968
1.6863221
1.3554896
-5.3643484
-0.23392844
1.3611702
2.782727
-0.17212063
-1.2235141
0.28564265
-1.7056774
1.5346186
0.24798688
1.4451495
1.608271
-0.120236464
-2.1396682
2.262863
0.63549185
-0.6147809
-2.290798
-0.30071026
-0.14044902
2.1745567
-1.0415338
-0.7285416
-0.7622272
-2.141202
-2.384446
-0.9559743
-2.2670393
-0.29006287
3.992436
-0.8748526
-1.8601925
-0.5494506
-1.6096386
-1.2206609
0.42800957
1.9629368
2.169477
-0.5194599
-0.7799861
1.9488086
3.150139
-0.6672191
2.5297546
1.9110156
0.81381595
3.279665
2.3543515
1.6793174
-0.09201344
-0.6844412
0.0066409707
4.3546805
-2.4901898
1.7629473
-2.457716
2.2526357
1.1168206
0.37161863
-2.19191
1.0712242
1.3056506
-1.4474127
0.6908159
1.6402152
-2.1006706
0.015734896
2.1209512
-0.28583133
0.7605869
-0.7439692
4.236124
1.1178864
-0.5041206
-3.160427
1.3277428
0.68527406
-1.2167579
0.95795536
1.3566861
0.0643138
-0.7644341
-1.5165172
-1.9359553
2.0568118
2.5619464
0.88474023
-0.69897544
-1.7296181
2.8852868
0.837167
-1.1603956
0.023319267
1.8395736
0.94404495
1.2868241
-0.7740076
-0.056353793
-2.4859917
3.1267083
-2.5326517
-0.053231366
0.5825088
-0.22272485
1.5337218
-2.8655338
0.051397953
-0.7437008
-3.5960329
-1.0929052
-0.15401828
-0.8172986
0.22217813
-0.86481464
0.8558407
0.8991961
1.8807147
-1.2233629
-3.290152
0.6501264
0.3746582
3.0968256
1.1596578
3.2102237
-1.2189605
-0.1649248
1.3501462
-0.36707497
-0.98225963
-1.2450056
0.2682436
0.5457655
0.48261032
-2.8917933
-2.0766149
0.47791347
3.8140295
-1.579649
1.7168449
1.337587
-1.0342463
-1.1108224
2.1420865
-2.525317
-0.060085483
1.1311966
0.10418193
-1.1877338
2.878222
1.8587122
0.09088746
-2.1536632
-1.7863082
-3.7369504
4.114309
-2.3154347
-0.04923556
-0.18939322
-1.4832982
0.42333406
-0.8816806
1.3594325
-0.8325359
-0.452662
4.5004506
-1.0772535
2.7841632
0.70602226
-0.5160487
-0.25051686
-2.1827753
0.33352795
2.506298
0.7041225
-3.1522343
0.40824094
-1.8836893
1.0718759
-0.35711527
0.10299071
1.1425017
-3.0578938
-0.45287752
-3.0093863
-0.8651534
4.241474
-0.5593535
0.83367735
0.92155945
1.0964639
-5.4238324
-3.6520476
1.1013337
-1.0134455
-1.3457276
2.0148659
0.47250646
2.6861222
-3.23222
-2.2951627
-1.2249081
-2.1092002
0.9225463
0.021483637
2.1513362
3.2853076
0.5909968
-0.852944
1.1569712
-1.1352484
3.4384332
0.9218957
-1.2994452
-1.6373634
-1.7176341
-2.343246
-1.5837855
1.6499094
-0.10390426
4.4706616
0.87591714
0.33731282
-3.1846066
1.6092974
0.93011147
1.8132298
-0.6343753
4.844865
-1.2807701
-1.5548695
-0.6353595
0.2328539
2.3860254
-1.4264747
-6.2194986
-1.2983172
1.8024503
-2.7128556
-1.1915009
0.14912048
-1.9864858
-0.27926812
-2.879197
0.23979864
-2.6747084
-1.1743236
2.1942093
-3.0174036
0.45265278
3.4925413
1.6425027
1.4129806
-1.5483994
1.0533835
2.8715744
-3.716133
0.35905415
-0.8708258
3.73286
0.109028056
-3.3645716
0.5943782
0.7170924
-2.2237167
-1.6381507
-3.9310653
-2.6205382
-1.4774275
2.5996175
1.7977922
-3.2501278
0.03532002
0.8846627
1.1203724
-0.18054125
-0.9903058
0.52798206
-0.32001615
-0.8052108
1.6881429
-0.4304697
-1.9100981
-0.1328797
0.5702017
-1.2138093
3.380596
-0.5633183
-4.6294265
-2.2513564
-0.8451802
-0.23258081
-2.682505
2.49039
-4.0632143
-2.7757401
-0.94534844
-2.1112711
1.0774215
1.762601
0.6903917
-1.1753156
-0.99493206
-1.2808968
2.6612604
0.63452196
-1.9702237
-2.1038797
-0.20724684
0.62677574
-3.4809644
0.5731684
1.6159556
-3.6641028
-3.437076
-0.40592727
1.388268
-2.6007252
1.3295447
0.20561397
-0.018355854
-0.70199525
0.53193897
-1.5947543
0.33093718
-2.6781967
-1.8944292
0.6603169
-2.2631903
-1.9294132
-0.49490443
2.899721
0.43585783
-1.2147763
-0.86489993
-3.515442
-3.3430037
-1.6013758
-1.4247806
-0.6486774
-1.5471128
-3.2086809
2.8477926
1.1846806
-0.9963022
-2.2614813
0.62644833
-2.3593295
2.5420382
-0.012078181
-1.801449
1.974502
0.68541795
3.1559916
-2.86347
-3.730769
2.672416
3.5576925
0.8254075
1.6804771
-0.6140635
1.312356
0.370476
-1.5486519
2.5840623
0.13044336
-0.37442827
-1.1172416
-2.048298
1.3901495
3.6720958
0.899814
1.2640735
1.6114229
0.16217962
2.3968494
0.9907951
1.9689167
-4.1577606
0.7528871
-1.5868231
1.7876699
8.147648
0.8543294
1.68358
0.009474248
-0.099895634
-3.0784373
-0.30654153
1.6884623
1.1022106
-0.073832445
-1.2324505
-0.4270321
-2.8332381
0.06747635
-1.6311175
2.4907653
-2.8561587
0.570415
1.4600035
1.7849922
-0.19938076
1.7371273
2.4094064
1.6681892
0.37237528
0.16870502
-0.9489919
-0.3734294
0.52324903
-2.632229
1.5364523
-3.3358693
-1.2192703
2.7579556
1.6843075
2.7748828
-0.289563
0.6993309
1.3852093
0.64257777
1.1900359
-1.369269
-0.1256077
0.6637313
-1.2552687
0.49825823
0.49778995
2.8872464
-0.44655892
-4.715938
2.1761506
3.1806817
0.11037229
0.12325887
-3.2387683
-0.5431572
-0.56164265
3.0878198
0.548764
0.39729273
-1.0921373
0.57395625
2.9160092
-1.5149934
-4.0892777
0.74167573
0.7799817
-2.5038998
2.0810807
0.5598931
1.6322926
2.0669303
0.97219443
-2.8477585
0.35107493
1.6148695
-3.6648757
0.22377789
0.8528807
0.92672104
-0.76864547
-1.7760897
1.8915849
-4.1013036
2.528062
1.2400728
3.2936249
-1.8889362
-0.042815693
-0.077256754
-1.5508608
-2.094967
-0.8242292
-3.21938
-3.0274558
1.2847701
-1.8594284
2.7093353
-1.2747302
1.8363843
0.42919225
1.1231881
-0.3577432
0.5882525
-0.96395576
0.33631456
0.6210467
-1.232878
-2.1732974
-0.43008515
-3.1250806
0.8891048
-0.13841558
1.7937412
0.0123907365
-1.956288
0.3795513
-0.9576363
-1.0410377
-0.92533916
0.21293835
1.9883142
1.696908
1.007622
0.766938
0.20435715
0.8967636
-0.10013125
-0.55488366
1.7217299
-0.13683406
0.7567286
1.327822
0.671474
-2.9873402
1.8616693
-2.2530344
0.4698914
-0.3132888
1.1412375
0.15536916
-1.2022382
-0.62246495
-2.4901047
-2.3591661
3.1400795
0.8255292
0.48002684
-1.3809569
-6.102338
1.1224581
-0.19554082
-2.8149054
3.26778
1.7609702
-0.07958821
-0.532265
-0.11787999
-2.7057362
5.0800705
-2.565124
-0.94930285
0.45106757
-2.9494638
-2.4285567
-1.2043823
2.4645684
1.3252074
-2.2796478
0.53685063
0.7349213
-0.17086452
-0.53098875
0.6873706
1.6655488
0.2897286
-3.4985592
-0.4521102
-3.3517737
-2.1930983
-0.6540619
-2.8438172
-1.7636718
-1.7372371
-0.88553476
-1.2239482
1.5939288
-0.0639967
0.15746953
3.1043696
-2.1097295
0.3961272
-0.87436646
-1.1603422
-0.7149987
-3.700169
-3.829877
0.5928731
-0.2708365
-2.168239
1.0319848
-2.7610817
1.791328
-1.4720844
1.3099034
1.3111064
0.018201753
-1.5177532
-3.687416
-1.1299909
-0.24110818
-0.0034916252
0.99022174
1.2241771
2.2042985
0.8984115
1.10437
2.251709
-0.8393778
-2.2240858
-3.89324
-0.19181363
0.36551094
0.51307845
0.48706847
2.0166461
1.1687117
0.47124434
-0.20306474
3.3813012
0.75035787
3.577849
-0.47898915
-1.26993
0.68421865
0.84897804
-1.3597475
-1.1737554
-2.5865054
-0.7433705
-3.1729255
1.7225932
-1.0557953
0.90215594
-0.47046944
1.0401222
-0.9864089
0.49014825
2.0958858
-0.22629592
-3.91069
-0.68219286
-1.6654266
-1.228626
0.9185584
-1.2941083
-0.2866934
0.55296546
-1.1908225
2.6844134
4.8542223
-1.30028
-0.8096288
-3.6737306
2.8559568
-2.5069137
1.6583157
-0.8619576
-2.1017385
0.6691879
-2.9776523
1.6226358
1.0118412
-1.0762082
1.7555836
-0.5096761
1.4063829
-2.4123554
0.74640405
0.81439203
-1.7134644
-3.0960445
-2.1508882
2.1189265
1.3383702
1.1644346
3.3746355
1.3079311
-1.5585775
2.620301
1.5630357
-1.4350965
-0.2515728
-0.68420744
-0.82583797
0.63515055
1.361697
-5.1212225
-1.410179
1.7875748
-2.6987925
-1.381342
-1.7602897
0.23951331
-2.0442011
2.097862
-2.3821223
1.8511045
1.2816432
-2.3279974
-0.9986754
-1.4369994
-0.21082135
-0.2528507
2.059956
-0.97504294
1.0631437
-1.3055112
-1.597475
-0.090228185
5.3897896
0.633131
-0.87196606
-0.9835636
0.7732575
-0.05673828
1.7209467
2.0476282
-0.32033533
-0.03479357
-0.6971962
3.0577753
3.0186877
-0.5339705
1.3677759
0.5762954
-0.62754816
-2.0446742
-2.096381
1.0010239
-0.8259249
-4.003698
0.6558207
0.76401037
-0.16176227
-1.8373758
-0.79831284
-1.575621
-0.5376455
1.4369454
-2.5036523
1.2683389
-0.9107611
2.406316
2.647623
1.3767794
1.1656499
-0.70095557
-0.8844435
2.480199
0.96691924
0.87290883
1.061127
0.3022334
0.5068642
1.9933318
2.0424569
2.8218117
-3.8951683
0.62759465
-0.19326197
-0.88773984
-1.6759794
0.048153862
-4.9325047
-0.9164198
4.569564
1.0589426
0.76888734
1.4132154
-0.11175146
-0.8913546
0.9816768
0.5808729
-2.304813
2.149403
-0.061158143
-1.2356781
1.2793471
1.3280864
-1.9771007
1.6932905
2.0717986
-0.25273386
0.24038523
-0.6175166
-0.67286927
2.9373236
-0.37564158
3.9117925
1.5947644
-3.3775933
-2.6245377
2.4682896
1.8858625
-4.8138666
1.9671836
0.13253307
0.6767551
0.06470554
1.6543298
-1.4148753
-3.9320574
-0.015957832
3.179665
-0.89147204
-1.1225727
1.278936
0.47306642
3.320292
0.64996785
0.60029125
-0.69468814
-0.59660864
1.44272
-2.1864612
1.0421344
-0.047841154
-0.85099065
0.6106691
0.98243946
0.16771936
2.1214423
1.8896065
-0.33599842
1.2470354
-1.0651466
-2.1563573
-0.081259646
-3.2128804
1.8207138
0.5737449
-0.8582261
0.13075107
-0.09417971
0.3723765
-1.5361477
-1.3434386
-0.042562958
1.4746883
1.9065136
-0.74929774
2.0130594
-1.7920728
-1.117324
1.9948076
2.7079558
-0.36968437
1.7717752
0.060053796
-1.4795808
-2.7473688
-0.98071235
-1.4285735
-2.3098183
0.03794439
-1.0469319
-0.12588114
-1.0661978
-2.1251042
-2.1488163
-0.28336015
-4.904229
2.0313122
0.5739416
-3.4066176
-4.066186
-1.5404315
0.8342088
0.45920223
0.9561909
-0.039757967
0.11865647
-1.8574089
2.179648
-1.6124424
4.153193
-0.6900393
-1.8900409
-3.3216586
-0.24645826
1.6162419
-1.5549062
-2.8058996
-0.7438693
3.1138668
-1.7916667
-0.767559
-0.8961127
-2.6393187
1.5354805
-0.89257026
-1.0119357
-1.63051
0.10784942
0.054879986
-2.5009227
-0.55751246
-2.0618372
4.365599
0.9956936
-1.3637605
-0.54555744
0.8731334
-1.396687
0.43160295
-2.5337756
-1.0644568
0.061401315
-1.5912298
2.0688553
0.37186933
-0.52309364
0.9748381
3.4726858
-1.7112651
-0.9965261
0.19895998
-0.545437
0.4752563
-1.0975951
0.981536
1.2142555
-4.684184
2.3597593
1.0600607
-0.7937688
0.8214568
-0.9345302
0.90678716
-1.8246458
-0.36810866
-0.03923604
-1.245464
3.7070045
1.619264
-1.4942373
0.74181265
1.6574181
-3.4990506
2.3281336
0.090308584
-3.1761441
2.9349484
1.4905196
-1.312714
2.1204123
1.0109272
-1.4565269
1.501436
-2.4494896
1.0562315
0.04383859
1.4731245
-1.4582384
-2.655438
-1.5952878
-5.0595756
-3.7142956
-1.2244495
1.8965361
-0.6837535
4.133886
0.45647305
-2.105828
2.4796486
-1.2281619
0.077733025
-2.184136
3.0432239
-1.2593495
-2.1708121
0.622897
3.1413584
0.9738649
2.4295743
-1.1398847
0.77731246
1.8969504
1.2404983
-1.2243344
-0.7793956
2.453259
1.62353
0.7970858
1.8346169
-1.9246513
-0.42675996
1.490216
-2.3680491
-0.52052885
-0.937781
2.2097957
3.9386868
-0.996015
1.4296997
2.7662644
0.29090858
2.3994803
4.126866
-0.4842845
1.1244354
-0.3521762
0.2954111
1.0484855
0.32417992
2.5557015
-1.1484563
-0.41267693
-1.9010334
-2.0669858
-1.3841609
-3.5649068
-0.2084789
0.035992704
-2.7508314
-0.062721446
0.6146885
-2.516173
0.23229605
-3.5421336
-1.5301863
-2.2600856
-1.3389616
0.19209883
0.34801665
-1.0301238
-2.6026251
1.637695
-0.77072823
-1.6753342
-3.4080036
-0.09303769
2.0543404
1.1494921
2.0583026
-3.071506
1.069306
-1.2099295
-2.2297509
0.21754494
0.879397
-1.6410682
-2.1117716
2.3340049
2.7841506
-2.7362177
-1.7866005
-4.260273
-0.34327102
-3.7423043
3.00931
2.301856
2.0131629
1.9087393
1.5502884
1.3174515
-5.22585
-1.7781345
-3.2183893
0.23231408
-1.6220306
0.42646363
1.3646095
2.851317
0.86901295
-0.5168368
-3.346817
1.9978238
-4.9432106
-1.2931186
-0.7557258
0.9980453
4.022617
4.8593225
-2.0720565
1.2321033
2.3211575
-4.2033277
-0.46402553
2.1323674
1.4363707
2.438465
1.5949982
-1.4127083
0.3337067
-1.2146086
1.4464369
-1.8566848
1.3913962
0.056211382
0.91992074
-1.4883626
1.4157995
1.3899232
-0.64534664
3.070381
-1.6203427
-0.8966717
-0.43377963
-0.48018804
0.22470826
1.4292353
0.23394965
1.0320077
-2.4463286
3.438555
-1.6336862
3.7178974
0.00066910684
-0.98731124
-1.720425
-0.94648814
-0.3094052
-1.6198155
-2.500784
0.7616989
3.4648452
-1.8466202
0.7722104
-1.3070303
1.3934636
-0.5018736
-1.7681553
1.2082194
0.62639624
-2.971819
1.4001548
0.072724804
-1.2844365
0.49973172
-3.2632735
1.6109622
1.3145483
-1.6566517
0.5764698
-1.7125226
-0.5636884
0.37568587
0.8235809
-0.027809665
0.23898917
-2.4717927
1.8475257
1.2777488
1.2446718
0.93237644
1.0412067
1.0372893
-2.846323
2.0201235
1.4452306
-2.2720535
0.38286358
-1.8950224
-2.186328
-1.2581749
-0.36350182
-1.0453695
0.47009254
-0.46784332
-2.6172779
2.5361943
-0.5432526
1.4243412
-0.5862799
-0.59037983
1.0226148
0.5636015
2.1034997
1.4252312
6.0685945
0.1049053
-1.7040681
1.1509144
0.021139663
-0.021287046
3.1763148
-2.1532087
2.226472
-0.7386111
0.7454758
-0.24057487
4.3209777
-0.6511311
2.2837374
-0.7683838
0.9438648
3.9320362
1.9823507
2.1938186
-1.3277457
-1.3519503
1.4753267
0.12692757
-1.9959705
0.10153328
0.86385286
1.724167
-0.51715225
-1.486566
-3.4465704
-0.5000958
-0.7022384
-2.230769
-0.9675093
0.27944553
-0.36485344
-0.626506
1.2063668
0.16549724
2.9016092
1.018664
-1.6895105
1.1681051
-1.8252928
-0.15601581
0.76061577
2.3410106
-0.15065661
-2.523249
-1.1989506
-0.32891315
-1.8181374
-0.11714456
-3.2473207
1.5607357
-1.4727271
-5.40036
-3.955724
0.036143735
-1.6571947
-0.18564573
-0.49380147
3.4694545
-1.7320081
-2.04198
-0.5409216
2.2553668
0.11331398
-1.0756743
-0.037863508
-2.3806062
4.775471
-1.2319092
-0.13858753
-0.92120206
-0.566133
-0.17888325
-1.7610514
-1.2058419
-0.348385
1.3705865
2.6982255
-1.0549207
-0.3862717
1.0336039
2.2690303
0.958604
-0.8691477
2.5640855
2.0587943
1.9895959
2.782499
-3.6612659
-0.05397956
1.7195221
-1.9274205
-2.278792
-0.13128555
-0.32749102
-0.67105085
1.345543
1.1465203
-0.5703564
-1.8457319
-0.56582165
1.042148
-3.5639834
-1.2256906
0.43822113
-1.1291771
0.39131808
-0.7796502
-0.7165194
1.9927331
0.33119324
2.1103773
0.42876667
-1.0659511
-1.7976556
-0.30642876
-0.080765046
-0.71248513
-0.09510543
1.9820812
0.13493976
-2.3347557
1.0684437
3.027691
-0.31790274
-2.3974862
0.19979946
2.2918744
2.528839
4.995544
1.0353069
1.1598862
-0.71017736
1.9529431
1.4487492
-1.1628945
-0.21497154
-0.6194557
4.6896367
-1.3169165
2.2029123
-0.3342182
-0.79509026
-0.7988186
0.61244655
-0.91965365
1.349208
1.1717906
-0.48054057
0.43924454
-1.0279958
2.7090282
-0.7618482
5.205831
-0.7968903
0.6547866
-1.3950616
-0.59691
1.1268104
1.7234997
2.3721058
-2.84661
3.0996153
0.19542965
-4.149495
-4.0740314
2.5885248
3.3938732
-0.79223305
1.5470549
-1.5963051
2.0847113
-1.2919556
1.0700153
-2.0978796
-0.5955195
0.14517163
1.4034919
0.48244208
2.3123598
-0.27834845
0.7237538
1.0397245
-1.6835583
1.9399631
-2.3851993
-1.4707142
-0.5521077
2.6046627
-1.237723
0.91936255
0.71454525
1.2653849
-1.1489139
3.1116574
3.1468568
-3.3088362
-3.487054
-2.2527366
-0.77730274
-0.19891201
-1.7214407
-1.9510564
0.077833734
-1.9181448
0.7213029
0.056061156
0.94747424
3.7074142
-1.7687474
-0.13975406
-1.9062018
0.13957205
-0.84769076
4.0613647
1.5141683
-2.2430365
1.0670059
-1.3213085
-0.41150925
-2.3480608
1.0395683
-2.3963814
-3.1716487
3.7638376
4.752051
-0.72888917
3.1824493
-0.35535344
0.15957478
-0.28342432
-1.694026
0.7305789
3.0527494
-4.5021477
2.3630342
0.5124916
2.733993
-2.1200564
-2.9194534
-0.26819602
3.7699542
1.7310266
1.4481279
-2.0875301
0.28338614
-1.3538647
-0.5840667
0.13845369
4.191164
0.04359831
-0.0725293
0.5081931
-0.53897053
4.0328393
-1.5526063
0.28987473
1.4530333
-2.687991
-0.73548156
2.1902351
2.2886128
-2.2358994
0.48164257
-5.011489
0.66307676
-0.5685556
-2.5241868
-0.58389235
2.1532574
-1.8167697
-3.4740276
0.90321434
-0.6798049
0.95289236
0.740093
1.9506134
-0.7934015
0.66551334
1.8276504
1.1975027
0.79112554
-1.8892031
4.9833226
0.4088203
0.87714547
-0.4314045
-0.36666662
2.0025353
-2.8446097
0.8340815
-0.09678801
1.0177829
-1.0418231
-0.17412236
2.4295807
-0.5621426
1.1214687
1.9990312
0.4265749
-1.5403708
0.26463738
-3.853273
-0.34868634
-0.3647005
0.51201105
0.7963121
-0.51472867
1.7946736
0.63510954
-2.308707
-1.8697857
-0.07718003
-3.9144049
-0.2834226
-0.12098881
-2.4163625
-0.5799653
0.52433586
-0.33517158
-0.90891695
-1.2949926
-0.75031847
-1.4742663
-0.9725993
3.0044122
-1.7643002
0.6822974
0.8399168
1.8750572
1.859222
-1.5790205
0.116229326
2.2232428
0.45993304
-0.37427118
4.1083245
3.4090924
1.2783128
0.2681343
0.15315613
1.7490336
-3.8670535
0.49029034
-2.543145
-0.7611582
1.3677498
-2.162109
1.3183522
-2.2782886
0.018314362
-0.5464727
2.40459
0.49207664
0.8019156
1.4991307
-0.8827445
0.6240729
-2.198543
1.9683056
0.33435977
-0.051143907
-2.1065722
2.5706317
0.7566677
-2.395289
-2.9322224
-2.1713417
-1.7228304
0.5753441
1.7327816
1.7983403
2.4545352
-0.8690937
1.268564
0.008190684
-2.634259
-1.6057848
-3.4638426
0.9110618
-3.886815
1.1092132
-2.508998
-3.0880916
-0.5847064
-2.7036846
0.25297174
-2.2449923
-0.6625059
-1.7743459
-0.6261982
0.7902477
-0.19155124
0.040537015
1.0137529
5.961191
3.0167458
0.5034111
-1.9645743
-0.10280027
2.0625033
-1.3752551
-1.4881973
-1.0951924
2.9002929
-1.3104918
0.6994005
1.7163299
2.520547
-2.4703622
-0.76667255
0.31263617
-0.37737158
2.0641203
-0.0508413
-0.9794137
-4.0576262
0.31059954
-0.106179
-0.11176384
3.6895094
2.0817797
0.526117
-2.9897983
1.6734309
-3.4640472
-2.691296
-0.7119109
1.8428165
-0.35881516
4.6856775
1.115079
1.6232151
4.5134616
2.4039636
-2.0473392
1.9864286
-0.23400053
1.4582314
-0.54728353
-2.5686595
0.8932593
1.1876857
-0.987974
0.02101826
3.5397685
2.045047
1.9100305
1.6633738
-0.54551995
-4.342728
4.0931315
0.81449467
2.2727733
-0.240201
-0.014286555
-1.2886734
-2.2122533
-2.5080173
0.5031476
0.31971508
1.3686346
0.0009574294
-0.66918164
0.80626965
-0.7751064
0.008486547
3.7400367
-2.0197113
1.3863788
-0.117062695
1.7783929
0.3106528
-0.73692405
-0.28082561
4.154132
3.307866
1.3573766
-1.0988969
0.9102149
2.7883146
0.27690795
-0.8965242
2.9016075
-3.1476536
-0.92032784
-0.16370569
0.16501567
0.17390813
-0.35701904
1.6180458
0.45438606
0.28058147
0.6869546
-2.2132847
0.29317862
-2.4044497
-1.3266219
3.8416133
-0.93677825
1.2295105
-1.7198344
0.40867102
0.73796093
-0.6833074
1.29998
-1.2028639
-5.044423
0.6845462
1.7096512
-0.13442315
-1.5387672
0.3755071
-3.8164692
0.7138116
0.32164472
-1.6578507
1.7292725
-1.1369699
-1.0345801
-0.39965397
-0.992411
-1.2381437
0.9173534
0.6398897
-4.3093214
-0.76354223
1.9272611
-0.30698237
-1.4105127
-1.8773909
1.0497656
0.31608564
2.0467675
-3.5064437
-1.777631
-2.0358944
-1.7953225
-1.9213955
-1.0248406
-1.1189153
0.25173604
1.8837992
-1.8030738
1.006628
-0.024105854
1.4237374
0.49210474
-0.65618306
0.8379763
1.4856932
-0.11516796
0.7272691
1.8331158
2.942906
-2.3885496
1.1468736
0.45811442
1.4027935
-0.1367442
-0.3410874
1.2696755
-4.280718
1.407454
0.4015352
3.9948704
2.2704935
-1.0929654
-0.35156402
2.5772693
1.9486573
0.6575905
-0.12959439
1.3189888
0.16246939
-0.6368357
-1.5224417
-3.6924691
0.77357966
4.787995
-2.8990996
0.7962479
-0.63380986
1.2805843
-0.60256565
3.953605
0.35209334
-2.072212
-1.0529807
-3.305878
-1.2401502
0.23878944
-0.08178164
-3.0611546
2.7037354
2.56905
0.2933949
-3.3010955
-1.0788287
0.20807093
0.45525098
-1.7492058
-2.561246
0.31299892
-0.98862755
-1.6103987
-3.4653625
2.9127398
2.4134805
-1.272994
-4.5772343
-2.2259917
0.36652654
0.37391835
-1.7252325
-2.7418468
-1.9035944
3.2604108
-0.6308374
-3.407672
-2.5724294
1.1133217
0.9147965
-1.4488521
0.30424255
-1.4741224
-2.863279
-0.652455
1.869077
2.8936443
-0.61313784
-4.1833854
0.42414185
3.383446
-0.89974016
-3.8398676
1.0602107
-2.8874316
-2.0092075
0.5336888
1.2297684
0.20234883
3.1480992
1.2039757
-0.7458816
-0.34841615
0.74930114
1.2316977
2.314131
3.5339427
3.7003403
-1.149278
1.434607
-4.6104565
1.5037334
-2.1324196
0.61677575
1.3976771
-0.541084
-0.33514643
0.868072
-1.1917118
-0.3315131
1.1345955
0.2837958
1.357271
0.43052408
1.1037078
-0.07357787
-1.1968635
2.2203846
-4.885386
-3.295189
2.6941037
-0.61885124
0.4307156
2.8307242
0.32124922
1.0588148
-0.11293069
-1.5885469
1.8993006
0.12745851
-0.18428378
0.93572444
0.8833668
2.6113145
-2.4390762
-2.9061096
-1.093452
-0.520241
-0.25873157
1.1582248
-4.594229
-2.75755
1.1876444
2.224134
3.0871773
2.2324464
-2.9000769
2.4460368
0.5291666
-2.8628006
-2.0534976
0.25195226
-1.6774819
-2.6789627
-4.888918
1.7941794
-0.17471844
0.046037965
0.71022457
1.387304
-0.8496735
1.8618141
-2.589442
-2.6933374
-1.82754
-0.67459637
2.6338863
4.092149
-1.6780137
-2.8513784
0.14369997
0.49675918
-3.2581758
-2.3137276
-1.974333
-0.07533897
-0.5802352
-0.64491683
-1.1862434
0.7075488
-1.4124207
1.3316654
0.078402266
0.6851798
1.5164701
-2.2047105
1.8394389
0.6663911
-1.3093845
0.6206774
-0.62807745
-0.38853803
2.2012684
3.2910488
0.19732569
-1.0917974
4.3675933
-0.8557491
-3.7891371
0.9380306
2.1221695
0.9077549
3.6670988
0.62167853
1.1827645
-1.788523
0.15796898
-2.7130313
-3.821962
-0.04744429
-2.2514293
0.7498779
-3.982881
-0.14664444
-3.462608
-0.6189937
-0.30313924
-2.30758
0.31952515
1.5748807
0.21640827
-0.8764034
0.10821925
-2.5231214
1.804312
-0.9154728
1.7578359
1.3690819
-4.254113
-2.77664
-1.0422982
-0.8665949
2.043532
-1.3569745
0.69941455
0.43987322
-0.7703176
2.3428771
1.5302267
2.2190993
1.1738181
2.0218916
-0.21595788
0.0037988164
-0.83892643
1.7771866
-1.3589302
-3.127998
1.4970673
1.1072143
2.0841026
-1.0299929
-3.2982264
0.72484857
2.082965
-0.058418132
3.374568
0.38741207
1.4157952
-0.10754008
0.65865386
-2.9596992
1.1382568
-0.47998232
-0.28924018
3.04038
-0.8098398
-0.61396134
1.1278166
0.29190516
1.3437251
0.68815225
-4.4288917
-0.7926456
-1.7597982
0.8143329
-4.8635106
1.4866768
1.5498358
2.211208
0.4722019
0.015973613
0.63329124
-0.40807658
1.1151959
2.5022495
0.076629035
0.3453181
-1.3274741
0.20066494
1.9811617
0.48299214
2.0797389
-0.2856918
2.634308
0.06574894
-0.20412129
0.42636997
-3.7240372
1.1309264
1.7717227
0.8897626
-1.9369777
2.6808615
-2.098708
-0.2493498
1.0399454
-4.7218876
1.0659105
-1.0179547
-0.701237
5.957217
-1.12811
-1.0029037
-3.3325393
0.42029658
-3.737473
0.27990597
1.7731096
0.25501692
-1.2651981
-1.697692
0.006405454
-2.6074173
-0.49062556
2.2355523
0.6227514
0.61179227
3.2265718
1.1554579
1.2299495
0.12691648
-3.894312
-0.15235525
1.1048695
-0.32767862
2.777172
1.4412761
-4.6608253
-1.6099592
-1.1290672
2.3694375
0.27716267
2.8935308
0.025259882
2.9802253
-0.8649043
0.41624755
-1.9036928
0.95253754
0.17203909
-0.75917375
-1.0616744
-1.1797026
-2.617606
-2.7332735
-0.5500247
1.4238665
-0.66099787
-1.1729751
-0.96046025
-0.41678485
0.8925665
-0.7737137
2.752164
-0.4929041
-1.2000613
0.5117788
1.0993901
-2.9873245
3.7913191
2.7351978
-0.22431979
-2.9728262
2.1223125
-1.4970777
-0.23679125
-0.9687931
1.1313877
-1.462968
-0.73116314
-3.080665
-2.3090465
-1.7263466
2.4307992
-1.0126994
0.33475602
-0.10667653
-0.04429581
-2.6472604
-1.543109
-3.1092482
-0.89103514
-1.5841682
-0.8088292
-3.9965029
-0.23849604
2.6677058
3.7671885
0.28167012
-2.158026
2.6378593
-2.956724
0.77465063
-2.296006
0.72021663
-0.9526189
2.638683
-1.7059692
-4.3327236
0.8997555
-2.8570569
-3.8100436
-2.475224
2.9480903
1.9543129
0.25236621
-1.434264
-3.0941107
-2.0969093
-0.4630866
3.1010928
0.62684035
-2.0737038
-0.8635185
-0.82474643
-4.9460597
-0.0116089545
-0.061775662
0.06364642
-1.415815
-2.391091
-1.1362201
1.3023027
-1.0287207
2.4445217
0.91892374
1.517295
0.6308824
-0.53553444
-0.73081374
2.1401942
-1.1478691
0.84903425
0.3397964
0.9081535
-3.097687
-1.9914992
2.549227
-0.18406303
-1.5535259
0.2604779
0.5802013
-1.4892465
0.1556594
3.694808
3.2980719
-2.8186905
0.60955393
-0.891635
-2.9605408
-2.0069408
-0.3081031
0.12491858
2.756723
-2.4378443
3.2192662
-0.5527854
1.798206
-0.29330623
1.810769
-3.493001
-1.5324726
-2.526437
-0.6925764
4.195777
-1.3003476
0.694305
-1.2660954
1.2610421
0.06597902
0.33204228
1.7496426
-0.50293744
0.5938842
0.94620323
0.36402917
2.187775
-0.15615946
0.86409307
-0.71596587
0.9650728
-1.7560823
0.33896473
-0.9963231
-1.6553748
-0.9966187
1.0934445
-1.2431569
1.224853
-0.66748756
2.505924
-1.1884323
-1.0280776
0.36471987
2.0281942
1.385004
2.2415798
0.29470694
1.256568
0.055659704
0.74200857
-0.11561803
-1.3162817
-1.6626948
0.68861616
0.8175723
-1.8342758
1.3512238
-0.9959913
-2.812988
-4.2337203
-0.68431777
1.375351
-4.854571
-1.755188
0.667572
-1.8894609
2.003949
-0.66498405
0.6869666
3.2079418
-0.21126857
1.106944
1.0753211
0.4071501
3.8710241
1.3982264
-0.016070224
1.4718192
2.6881564
-0.46534252
0.99182147
1.8308853
1.0391189
-2.2256093
0.95875007
1.7898474
-1.502149
0.79645956
2.3482144
-3.0860555
-1.6133387
0.6781273
-1.4525497
0.20481674
-0.4703008
-0.44474936
2.1444223
-0.37301964
5.424954
-1.513716
-0.8856419
0.4972079
3.5409389
-0.3741108
-2.6851974
0.27446404
-2.0514784
1.8704265
-0.9055887
1.6476002
1.2439563
1.0517721
-0.31537002
-2.1174674
-1.9382216
2.698565
0.63819635
-3.5099075
-1.033248
0.8160971
-0.3066678
1.4845616
-0.7548798
1.356078
2.2327392
0.016319402
2.900825
2.1706548
0.7377806
-0.19821349
2.0218377
-1.7620736
-2.0070696
1.8262447
-1.6766003
1.1531714
0.46536416
-1.5595143
0.92358565
2.9636075
-1.1570761
-1.5946506
-0.5913683
-4.6805563
-0.20122612
0.55224705
-0.45243335
-0.34325734
-1.1435663
0.9167228
0.5163558
1.8941727
1.122809
-0.63693094
-3.2379756
1.4112104
-0.25286314
2.5145292
-3.1200836
-0.5611195
-2.0950592
5.5696235
2.779991
-1.7819136
-0.4130368
4.045572
1.684212
-0.711846
0.34244093
0.8976795
-0.97199047
1.5994923
0.26237532
-0.10736247
0.93857235
-3.4128356
0.4210791
0.6599365
2.4017816
-0.79017425
-0.36748058
3.1257114
1.1664588
-4.154873
-1.5766643
0.6704704
-0.67879105
2.5170925
-0.10824204
3.4179852
-1.357725
-0.16946909
-2.3193147
0.43892696
1.509008
-0.7083636
-0.5292604
-3.0533888
-2.534203
-3.2720532
-1.6571603
0.6699301
-0.7586159
5.061101
3.2516465
1.6201221
0.7799432
2.5181189
1.1336288
2.783357
2.447075
2.761985
-0.666897
-1.4116701
2.5110986
-3.4076815
-0.043595552
-0.41978467
-1.4475825
-0.031995915
-1.3130822
-0.987143
-2.194679
1.9242337
4.5000653
0.23742455
-2.7792199
1.2827309
1.4344167
2.045455
-0.27638218
0.7312484
0.26192456
2.0800304
-2.378121
2.439876
-0.5015323
-0.039239824
1.5064775
0.93581915
1.5019665
1.2390358
3.1071234
0.8080635
1.4476539
-3.4683375
1.5150168
0.5909002
1.4824805
-0.28037244
-0.7685291
0.19194941
-0.20231512
2.4358728
1.3657111
0.0022288337
-0.70947045
-1.6425091
0.15717956
2.2208545
2.012732
-0.23040175
-2.5218983
0.8389036
1.8507432
0.35460272
-0.122767426
-3.2939458
0.64610875
-0.29039523
0.96732295
1.2270433
-1.2911247
-2.2230904
-1.7302175
0.23297444
7.6274204
0.7056918
-0.8154836
-1.1732489
0.40646777
3.0614796
-2.18441
2.410132
-3.0724008
2.1443908
1.4547715
-0.34422988
0.38580304
-1.6806614
4.412051
1.1992792
-2.33212
0.22594091
0.37560275
2.6513658
-0.9552884
-0.09117969
0.75474596
0.06657037
-0.41732615
1.9714688
0.28392118
-1.51323
-1.3722218
-0.63170666
1.1695539
0.25084168
0.53894436
0.7204437
1.8244468
2.2565744
-1.3479195
3.3268397
-1.9723165
1.2921659
2.7697217
2.2446554
0.24179631
-4.2830114
-2.549951
3.2861593
-0.13420922
0.6600955
-2.0790372
-1.4413681
-0.5707122
0.9003945
-0.46033043
-3.855514
0.028261907
0.54411894
-0.11198028
0.7123911
-0.8903963
-0.9632425
1.1063341
-0.41998124
0.10933006
1.6910474
0.17885643
0.6511558
0.23612967
-2.133198
-2.276583
-2.3095527
-1.8800552
-1.8720263
1.0417125
1.3905995
1.2112415
-1.8980055
1.5754733
0.72740567
0.7575866
0.14189279
3.4408758
0.6849921
1.4322739
-1.7158086
2.195375
-1.013211
-3.316476
-1.3413986
-0.6113113
-1.6587687
0.8530701
-0.35811412
-0.09660614
1.1650548
1.5609367
-0.9837233
1.9818907
-3.2560806
0.7646269
-1.3125637
-1.6985451
2.285836
4.394353
-0.15553522
-3.1616468
1.7396266
2.1693811
-1.08977
-2.2841306
5.216585
2.2317767
-3.0033786
-1.2709565
-1.041064
-0.53786266
-4.4316964
0.9534778
3.3350587
0.7991571
-0.7868638
-2.7435398
-1.711044
0.44736144
1.0839736
0.18094069
-0.55360043
-1.3596029
-4.7490067
0.22226685
-0.65380186
-1.943004
-1.216491
2.5356405
1.613035
-0.79861116
0.29257968
-1.0469564
0.3627969
1.6668755
-1.9859169
0.48206136
3.370893
0.84435457
-1.5988377
-1.8795907
-0.7189337
0.78156143
-0.5059732
-0.88516915
-0.81900793
-2.77379
1.0015719
1.7220484
-0.26010755
0.44151577
-0.34273314
-2.8583612
-0.3690892
-1.2559162
-0.00048630685
4.3457966
-0.10410504
0.24871758
1.8139986
-2.7357225
-0.5148995
-0.22189292
3.7807202
1.9632877
-1.9403217
-1.2518228
-4.301093
-0.73714066
-2.3150198
3.6323607
0.9165674
0.516052
-1.2677429
-3.4616363
-2.069238
-3.2624588
1.0024297
-1.446905
1.7283583
1.8494309
-2.0551474
-0.9375881
0.35352772
-1.2141665
3.3714395
1.3700281
-1.1927944
1.2051121
-2.9203317
2.3104231
-1.7288095
2.8968525
-1.0740381
0.065205306
0.8136555
-0.84967905
0.2655051
0.86579376
-0.565059
-2.4099824
0.8987017
-0.49948627
3.4874082
1.329686
2.0598817
0.36013922
-3.2440696
-1.8138498
-0.23315817
-1.8148987
-0.4093054
-0.80605114
0.5361798
0.17407921
-1.3059794
3.0367575
1.0126119
-3.3482625
1.4035736
-0.34457225
0.075469434
1.0077235
-0.44788387
-1.772975
-0.11493344
-1.8263404
-2.4546185
-1.1966491
1.0467979
-2.46061
-0.19724524
0.5682724
1.5731266
-0.5948046
-0.3943897
-1.2182928
0.22330073
-2.808848
-0.13693115
0.27601397
-0.9487817
2.0414903
-3.6073375
-0.43996847
-1.757036
0.94248104
2.9617493
1.9416124
1.0821004
-0.15371075
3.7526884
-1.9392884
-1.7352227
1.5788177
-2.513514
-0.44103897
-1.0658741
4.20954
0.30936024
-0.81258243
-2.1979141
2.2660751
-2.5808468
1.5886976
-0.426713
-0.14813852
-0.89730954
-0.54829997
2.5578358
-0.80111855
3.4336965
-2.3866491
-0.41252428
2.141147
-1.6235242
-2.3126993
-1.5423145
-1.6474125
3.6016169
-1.7023783
0.67801
-1.482501
-3.2415528
-0.4995132
-0.45973152
0.86850053
2.2363186
0.38963944
0.8981558
-1.8255628
2.5186548
3.8812816
0.98145825
-0.17854674
4.051619
-2.4736178
-2.2269905
4.486939
2.271338
0.93443143
2.247908
-0.32609028
-1.3974922
2.298785
-0.10138885
0.8137862
0.21805376
0.29691672
-0.36569053
-0.67062294
-2.0005221
-2.0740623
-1.3734903
-0.34624797
-0.09432859
2.1398726
0.4614099
0.64016753
-1.0543493
-0.842775
-1.7192212
-3.2614872
0.7938616
1.6758835
0.99763715
0.1642173
0.8418225
-2.838787
3.9953198
0.5351846
0.46753383
-0.99537313
2.4911103
-1.175284
0.5378063
-4.241392
0.45320392
0.8724882
-1.5456816
-2.2357347
-0.023636825
-0.65693676
-1.7471462
0.70756394
6.2171607
3.2223456
1.4529066
-2.821388
-1.3325227
1.6080041
0.98220485
0.4470111
-1.0587934
-0.9128631
-1.7729609
2.1732786
-0.9057453
-0.75485086
-0.88438755
1.4684815
1.2825087
-2.458873
2.8589988
0.97362524
-1.262182
1.6106333
-0.47270355
-0.84422785
0.5247406
0.7950583
1.2278564
2.1743858
-2.0085394
1.7893727
0.7434546
-1.8853151
-1.4371722
1.2509373
0.39071095
1.3074825
-0.14933613
-0.49810767
2.1612172
0.7531397
1.9728402
2.257865
-1.3163419
-1.0127678
0.79854304
0.669006
-4.3945107
-0.55490065
0.40959615
0.6882483
-0.45764983
1.787457
-3.024852
-2.3179517
1.6731783
-0.50285584
-1.3326861
2.372844
-1.0622735
-0.12350342
0.3346697
-1.165158
-0.41175428
-1.3071171
0.16231918
2.8726122
0.63939077
1.132132
-1.7338461
2.2537508
0.725687
2.0600238
-0.12373667
-0.7874068
1.774731
0.6730113
0.097835846
0.7346712
1.6562271
-0.65434206
1.0813283
0.6642685
1.9819908
-0.55573833
-0.89874244
1.0484598
2.390701
1.5255094
1.8009043
-1.4170756
0.39074245
0.789854
2.200747
-2.027418
-2.6056063
-2.7618055
-2.267776
3.0920873
-0.66178584
0.909196
1.9356335
-0.1006493
-0.39778325
2.4379802
-0.90616447
5.4867315
-2.4490602
-1.5743163
-0.48517212
-3.301315
-0.1430602
2.2577982
1.7939125
-1.6310556
2.9913986
-1.6460425
-0.034757383
-0.6545685
0.1333673
0.024922103
0.6905057
-0.8385657
3.4404664
-1.4756447
-2.9039514
-0.906431
-0.36763516
2.1675313
-0.06154115
2.0710757
-1.2545106
1.4483323
-2.190104
0.14106454
-0.017019391
0.11038237
1.448246
2.424005
-1.2903266
1.4753146
0.20565337
-0.6749924
-1.4059703
1.1759937
-0.122232996
-1.237013
-1.6489232
1.4543809
0.8952543
1.1473869
3.3666482
-0.79340047
1.4547725
1.1077003
-2.4896088
2.5861652
-0.32929766
0.72900367
-0.34836838
-7.2667108
0.49355507
-1.6666428
0.91980445
2.937484
1.5904533
2.3939233
-0.1327573
-0.34936318
2.381825
2.9807088
-1.4564737
-0.3210482
1.9228653
0.09210152
-2.8779306
1.9499297
-0.46077958
-1.2046232
2.087339
0.72459793
2.0199687
-1.840946
-2.095143
2.629699
-2.1235213
-1.325201
4.6617413
-4.6197143
2.2413034
-1.8890294
0.09598853
-4.708204
-4.4852324
0.5109204
-1.4735855
-2.4308293
0.8966327
-3.7084055
0.9635171
1.9850093
-2.7417097
3.6339297
-1.962252
0.24592045
3.083146
0.8702992
0.8435886
-2.4237218
0.1430791
-3.723379
-3.956059
-2.84074
2.846617
-0.786887
2.4507012
-0.08476246
3.231395
1.9662465
0.5210798
-3.1226504
2.6305482
-2.8268175
-1.1501477
0.093886405
-0.6724741
0.16274256
0.4556303
-2.4654915
-0.50311345
-0.7978526
1.2348281
0.043941364
-0.32766452
1.4962581
0.12212351
0.65508014
2.4032495
-0.6162748
0.77361536
-0.33593494
1.2665435
1.8131205
0.0076512992
0.9328114
1.0414982
-0.49461484
-1.7955472
1.0384456
-1.0009278
-1.5751498
-2.2188191
-0.30045176
1.2736583
-3.844453
-1.1332983
2.3652887
1.1081853
0.91993135
-0.8595138
1.5596262
-0.53576356
-0.907576
-0.08887731
-1.8228731
2.258479
0.9905044
2.3041651
-0.004302919
5.893726
-2.6445403
1.6823066
-1.1391463
-1.0971752
1.0435717
1.7732298
1.1433274
-3.0175023
1.5137615
0.9581907
-1.7140687
-0.014626086
-3.0302353
-1.0603428
2.0220242
-2.5931993
1.310088
0.31819168
-2.3465238
3.2094111
2.1937976
-1.556644
-2.805603
2.230716
0.61701113
0.5292196
2.2611332
1.7206204
-3.3317506
-1.516256
-0.8806187
-3.4985626
1.6686333
-1.541454
-4.633528
0.650147
0.06957729
-2.165855
-2.3657594
-0.30662733
-1.2391604
-3.3159585
2.7264729
1.0167755
-0.40816474
0.6290534
3.198731
2.13379
3.1314256
0.37984455
-2.4129477
-0.45869005
-2.084783
-0.3518191
-2.177621
1.1788713
-0.6494268
-0.7192585
0.6189461
2.4257169
2.4925997
0.74269944
1.3865312
2.1731575
-3.4087975
0.5921327
1.5953778
-0.18727179
-1.1891024
3.436685
-0.99069345
3.9305642
3.1585703
4.477754
-0.2871502
-1.0450488
-1.0526668
0.76885015
-1.0022215
-2.9846027
2.0377617
-1.6522443
3.2130485
-0.86147726
-1.6866369
0.32417172
-1.0183951
0.22367735
0.9934892
0.19839764
-0.56855917
0.54428226
-0.60114634
2.3802967
-2.6650736
-0.6746914
-2.6680038
-2.257631
0.5218654
-0.4391442
2.5952613
-1.3252649
0.57651496
-0.38589472
-1.9189647
1.7299569
-0.003310278
-1.615591
0.5629252
0.781616
-0.4142473
0.6563983
3.0842116
-0.7475064
0.19276018
-1.5696964
0.12024991
0.63432986
1.4309417
0.23342541
0.6435303
2.1578307
1.6310122
-2.0247467
-0.97505116
-3.1923685
1.2375342
-4.9214664
-2.1412246
-2.6232176
-0.9055667
0.94940704
1.2938235
-0.61336815
-1.5807488
-0.115400515
3.8724718
-0.40714324
2.2498536
0.19934258
0.12805492
2.5106568
-0.11311518
-2.7173219
0.31187505
-3.6787245
0.11945807
0.07303561
-2.2159762
1.413428
3.2993312
0.122925594
0.7824236
1.459123
0.94887507
4.1236324
-0.56589454
0.8925661
1.6178336
-1.1032221
-1.1622537
-2.0014787
-3.7992845
-2.8788683
4.615009
2.2244794
-3.8425946
-1.4993132
1.4879944
-2.0993454
-3.3996992
0.30202222
-3.3630009
-2.7048144
1.5056776
0.029679053
-1.8446528
0.44917846
3.955911
-0.75061744
-0.6428582
0.3713708
1.4786459
-0.39624757
0.10704422
1.1786082
1.5488774
-1.6396564
0.705879
-1.4636664
2.5283365
1.8897911
-1.1736859
0.6616051
1.2787141
-0.20439512
-3.7429965
-0.1954453
2.0923584
0.83157265
-0.98180544
0.11047995
0.6716326
-0.21689853
0.2407814
-5.206447
0.97804713
-2.013634
-0.88346565
0.9598618
3.442856
-2.1528268
1.8102721
-2.8486705
-0.29665786
0.14953035
1.4897445
-0.32956913
0.49495488
3.569402
-0.3316488
-0.65575475
-2.6654806
-2.3812008
1.5852892
-1.9567096
-0.79570085
1.9342307
2.2458994
1.5967605
-1.0304096
1.2494057
0.17379326
1.0922215
1.3240856
1.776895
-0.9251703
1.8001661
-0.3496379
-0.1301102
-2.7428565
-1.2324278
0.2805532
-0.43497577
-2.1508708
-4.198128
-1.2571946
0.10802088
1.4458681
0.4020566
-5.4995456
0.49613032
0.5259473
-1.3940421
-1.0588541
0.15458028
0.7636115
2.0749722
-0.7708528
-1.018178
2.2480257
-0.16729882
-0.40569028
0.71206605
-2.6825092
-1.4744763
1.6078091
-1.9760321
0.34204537
-2.567441
1.3420234
-0.27205503
-0.8698442
-2.4715478
2.8254116
-3.4896915
-2.0802972
2.2283695
-3.051131
-3.6469274
-1.9946566
1.4859453
-2.0599647
1.9437386
-0.22235215
-2.2655387
2.2469516
1.725794
0.5020327
-2.699439
-0.27131167
-2.5270832
2.5069869
-0.5170045
-1.4324683
-1.0617577
2.0121531
1.9714601
1.5499015
-3.4211624
0.7269479
-3.275505
-3.3415093
1.6089107
2.7981045
0.19433963
0.2574278
-2.656588
-1.1860052
-0.32927555
-3.8766031
-1.2312261
0.87997735
1.5839648
-2.3064792
-0.42240533
-0.8440061
3.7083032
1.4767123
-3.0028644
1.4700367
0.42020005
-0.79010653
2.1238513
2.4404979
-2.1116226
-0.6968712
1.3090082
-0.4631083
2.8722095
1.4895555
2.551779
-1.6698302
-3.0885613
-2.4855878
-0.15354364
1.3658873
-4.1137404
-2.172433
-0.50380003
-0.8211008
-0.3115956
3.020149
-3.9156134
-0.79920524
-2.765527
-0.16276728
1.4114791
4.2931714
1.4188977
3.1990979
1.0577084
4.926978
-1.0954602
-0.87188286
1.3394644
3.225282
1.543807
-0.88995737
-0.119121924
4.51033
-2.431242
0.5378936
0.6427992
-1.0587429
1.6319112
0.46004704
-0.737278
-2.078813
-1.0380366
0.086053796
6.1337643
0.65710783
-2.1805654
0.5564622
-3.1319282
-2.6355104
1.7042738
-0.52417403
0.32460618
0.46277863
0.24615344
1.2444944
0.2508717
0.4281153
1.8085777
0.035649814
1.696057
2.4460878
0.18076941
-1.7294878
0.950429
-0.5590029
0.938633
2.9368787
-2.3762715
1.3188196
-1.6865627
0.33720458
-2.3335485
-1.2906038
0.87683445
-1.1566461
0.18626049
-0.10096138
-1.3290015
-1.2892007
0.4880055
-0.9093566
-1.22741
1.6355615
0.7294451
2.1195607
-3.7265887
1.2089113
1.0620797
2.3700538
0.17303425
-3.2117364
2.1768396
4.7097526
1.0193532
0.56380385
-1.7487116
0.103746936
-2.2073903
0.8244737
0.518087
0.20715521
3.043893
1.7401206
1.7448665
-1.7058403
1.694142
3.7689786
-0.157706
-1.383905
2.1627645
5.7254863
0.58645433
-2.1377952
0.22456618
-0.8334819
-1.4019343
-0.12394275
-0.8654389
-2.1123655
-1.8262677
-1.1852533
-1.2956434
0.14411858
1.6438851
-2.4880872
-2.917631
-3.7597268
2.3628008
2.4392416
1.3375609
2.4044561
1.428177
2.8491282
-1.20952
-0.17632169
-0.65322393
-0.87305665
-0.1775809
0.27022782
1.941768
0.19060677
2.7949393
0.18220457
0.48053795
-1.1944879
-1.7251024
-1.1716629
-0.16474241
0.5069278
0.26001173
-0.21386614
-1.5627381
-1.0689132
0.2783137
1.7972779
2.8373103
2.00419
-2.33592
0.9729591
-2.5433114
-0.7111687
-0.74584305
4.4109197
-2.3222651
-0.018863827
4.856942
5.267274
-0.28571245
-2.0568159
2.7052782
-0.29774278
2.5619764
-3.6516442
0.24533784
1.3737767
1.7658705
-0.2695487
-0.60920465
1.66412
0.401417
-1.9873098
-2.9600992
-4.3879786
-0.17853558
-2.2648468
0.646602
-0.65560603
-1.6202527
-2.0171027
-1.5916659
-1.0055163
2.8820074
-0.078910924
-0.41845864
1.9273273
1.0813755
-2.3844616
-1.5935444
0.31580973
-2.1293511
-1.4426017
-0.23695153
0.018357713
0.76398504
2.4361014
0.61130124
-0.4710134
-0.44707713
0.4476748
-2.77317
-0.7760139
1.828823
2.263843
-1.395761
0.79766273
0.54407954
-1.4327911
-1.5454434
-2.060337
-0.8157515
-2.7152507
-0.29927707
-2.1521049
-1.7766217
2.393852
-3.2550688
0.593513
-4.0797005
-0.16054961
-0.44280344
3.5536957
-3.3787963
-3.0020351
0.36927873
-3.2662613
-0.4601286
-2.4562173
-3.9891114
-1.6205615
-0.11077253
1.9932541
0.6414084
-2.3176503
-0.41150308
-0.91467565
1.0981817
0.08837744
0.4219051
1.9594196
-2.1159775
0.21703392
-2.8715236
1.3127365
-0.4513172
1.0779728
-1.235636
-4.565281
0.7618912
0.66639006
0.7411725
-1.4347984
0.67926586
-1.2073302
-1.6794307
-1.5972241
2.1716053
3.2268014
1.2953424
0.15032876
-0.17425358
-0.7225389
0.87934095
-0.35747132
1.963702
2.2033088
0.3277147
-0.91576
2.9294422
-1.1056466
-1.0800222
-0.34879687
-2.9224844
2.9828727
-1.6376855
2.697267
-0.53740585
0.72086316
-0.5030238
-3.4990528
1.1418442
-1.744822
0.9319603
2.0879655
-0.1421105
2.1843317
1.9467489
-0.007427551
2.2131453
1.3113765
-2.3355687
2.7061744
2.783771
0.5105554
-1.6727448
-3.671135
-0.99150217
-0.06835643
-0.36800554
0.9964009
1.2815727
3.7640939
-0.027021587
0.5979449
1.4387821
-2.6707575
-2.234544
1.7487112
1.3007903
-3.7231004
0.06628683
-0.23165718
-3.520536
0.486546
-0.6092608
0.53582555
-1.6771282
-1.8168106
1.4199314
-4.411578
1.051956
0.39161718
-3.0471385
1.5230122
0.5511292
4.2832785
0.3995462
-0.6867377
-4.693714
-3.9309807
-2.2466657
-4.71062
-2.137497
2.537923
-2.3959708
-4.1244626
2.0947018
1.4363883
-0.20310776
-2.2992802
3.0779505
-0.4829672
1.63445
-2.6792805
-0.78182995
0.6968557
1.5439738
-2.0938232
-2.4627593
1.8950592
0.34556222
-3.0529814
0.8627408
-0.83134073
-1.1083778
-0.35588285
2.1038213
0.2531016
-0.36769545
-2.2244399
-0.043979917
2.679558
1.4959708
-1.1685286
-0.40779203
3.0928788
0.17420399
-1.9873121
0.8506664
-0.42776647
0.5925215
-2.8930733
0.05165872
-1.7907524
-0.3648717
-0.66758734
-0.7998968
-0.50428605
-0.60089475
1.4209425
-1.5016537
2.6453152
-0.49844724
0.47918928
0.10962038
1.9511782
-1.0255604
1.9814036
2.8398373
-0.23655167
-2.46484
-0.25023016
1.2823973
1.1338263
-3.3876386
3.157299
1.7197778
-0.35567582
1.2834315
-0.8457054
1.0546105
-1.6464385
1.3940198
2.1731257
-3.8363018
0.7029421
3.035496
0.27810708
-0.12904534
0.8261264
-3.1573565
2.012988
-0.23652646
-2.759935
-0.4982706
-2.4807775
-2.133007
2.2144055
-1.6755159
-0.1492731
-0.42933607
3.201028
0.5401791
-0.91374046
-0.26739502
0.022223838
0.9699894
2.5500371
-1.0518299
-0.32081714
1.7358172
-1.0293204
-2.6154706
0.93502355
1.2893294
1.2532177
-2.2996004
0.626008
-0.11177441
0.75933844
-2.7829437
2.7541187
1.3889015
-0.263637
0.9887421
-0.07446913
0.8796251
-1.3797714
-0.56629175
-0.7012952
-0.71959925
0.09988574
1.3225458
-0.55653065
1.0823679
0.09485228
-2.4885552
2.8593357
0.9380953
1.9125721
2.040192
0.54500484
0.39534998
-1.0706828
-0.40389597
-0.05344618
3.153511
0.58630747
2.3534431
-0.78233343
1.5096561
-0.7176169
-0.5010896
-2.0847867
-2.6862283
-0.5950668
3.005392
2.1544485
-1.9068066
1.8278419
1.3851038
-0.33138227
-3.3353636
0.66160035
-0.05748626
2.3581047
-2.2922153
-1.575998
3.3502357
-0.84912115
-0.31433585
0.51585245
-2.1615129
-1.4174441
0.89117825
-1.0370649
0.7389018
0.79108036
-0.44377923
-3.4640145
-0.18451762
-1.2584823
-0.6395452
1.6314284
1.9650475
0.8220167
-1.8598807
2.0232635
0.08245987
2.0549436
2.803684
0.10359275
-0.71834195
1.818223
-0.93916434
0.13075921
2.9121742
-2.2853234
-1.8399273
-2.2518063
2.1763103
1.0460668
-3.952509
-1.8007101
1.3223916
1.4013078
2.4168696
-1.410498
0.3758767
-1.0566921
-2.8356767
1.3271598
1.1971596
2.8931494
-3.1959214
-0.80801386
2.3666072
0.16763438
2.4685566
-1.010213
-2.6890717
-1.1250612
-0.22126237
-2.0180707
2.2132843
1.7984514
1.3778551
0.70848346
3.1684809
0.23299125
1.0558236
3.02652
-0.7337103
-2.3079631
-0.67017937
0.90973526
0.7172265
1.3542718
0.43781412
0.49768987
-4.953163
-2.1700802
-0.84130687
-1.2900952
1.4996226
0.7165882
5.1938405
1.9773921
0.25607476
1.5949713
-1.9799392
-0.15305734
-0.96329784
1.4215922
-0.61806065
-0.0952148
-0.031489246
0.37496135
1.0932758
0.11410358
-0.90315336
0.6235756
-4.1886883
2.8835232
-1.3062063
-1.6709633
-0.6806671
-0.12546071
1.6057744
0.17958769
0.85634017
0.5300154
2.181345
1.4164498
1.6086004
1.018371
-1.4854044
1.340167
-1.8914661
3.396422
-0.07217144
-1.3827791
0.4708151
-0.21585459
-2.368521
-1.9563531
3.0850315
-1.9284787
2.3412192
-2.4682384
0.28963766
0.24435738
0.24094567
-3.7674942
3.2573855
-0.66855687
-3.7435
-1.4207405
0.020814016
1.360166
-1.18049
-0.49965557
0.64556956
-1.297877
-3.1290514
1.1787257
-3.1911683
1.8418355
-1.9753501
-3.1501517
0.66543645
-0.10193344
2.8167427
-1.0917181
-0.6679662
-0.71621805
-0.92231864
-0.233522
0.11304355
-4.2521467
0.2675216
-3.42725
-1.5924373
-1.291116
3.0924716
-0.5449867
-2.742943
-1.1774908
1.8018551
1.7468632
-3.7087963
-2.202364
-0.16170168
2.1095464
2.919703
0.7398641
0.16856536
0.05863493
2.1654472
-1.6482286
-3.5167887
-0.8842328
1.8542063
-0.8422789
-1.5157263
2.842531
2.41013
1.3358531
0.76786524
0.8570399
0.815546
0.18819001
-3.5246525
-5.0307565
-0.51622796
0.72585416
-1.5391941
0.34710672
-0.63722837
-2.6227486
-1.3461918
3.7775066
1.1207433
-1.6878108
4.616372
0.70739263
1.3748952
3.3150568
0.67148226
-3.4184265
1.0973505
-1.887881
1.071001
1.506162
4.027402
-3.1540372
-0.3635342
0.108737655
-0.8778385
0.3878513
1.142707
-0.6558843
-2.6487775
2.2536979
0.025204442
0.12440272
-0.1774275
-0.9513555
0.93282
-0.42063996
-2.2251592
-2.6512487
-3.240581
0.6076619
-0.5873562
2.2405577
-3.0907023
1.9192431
-1.3562975
-0.024757601
0.2867334
-0.45842
0.50326854
-1.9499433
-0.6766928
-0.5148638
1.2454795
1.194604
0.6003102
1.0076663
-3.0202012
-2.7835894
1.7749943
-0.5442508
-0.0097501725
-0.035912402
-1.5911001
-5.252249
-2.5713797
-1.5384309
-2.999167
-2.3062825
-2.437597
0.6241192
-1.5051711
-2.1748095
0.70837826
4.7289686
1.1500428
0.38053122
-1.4258024
0.69863456
-0.3098045
1.5485145
1.4176157
0.22665694
-0.1828996
-1.9242871
-0.52339906
-3.052987
0.29369992
1.6940165
-0.13809077
1.2742108
-1.4434001
-1.4702686
0.6616633
-2.6328535
1.6707966
1.8640152
1.0853426
1.7458733
-4.9078617
1.6782656
-0.73029995
1.4063585
0.66187626
-1.0237838
-0.5774722
-0.74232966
0.25556463
0.23989728
-0.75685656
-1.3101571
1.6931006
1.4499055
3.008441
-0.20542106
-0.9729664
4.0048785
-0.18188897
-2.0805817
3.367249
6.731103
-0.95444787
-0.06362711
4.6321754
-0.19746101
2.7363443
-0.76603585
-0.75057775
-2.2072587
-3.782551
2.3000278
-0.832178
-1.4652148
-0.28924498
-0.57428044
-0.7317389
-1.0643008
1.8844367
-2.542741
0.60533804
1.3280604
2.0884874
-2.090045
0.29486576
-0.82139814
0.7534041
0.15380764
2.8567946
-0.19646798
0.8526128
-0.6473749
1.835623
-2.6602023
2.5091846
-1.0309551
-1.9133499
0.7957827
-1.9776517
1.0644155
-1.3563161
-2.906973
-0.78909147
0.46983793
0.31317246
0.2750318
1.4482379
-3.207846
0.31802386
0.8611295
-0.6956481
1.0747381
0.89982194
-0.3136702
-0.7172765
-2.5730183
1.7668229
2.184622
1.3739574
-2.4562073
0.35626012
-1.4637487
-2.5118852
0.65113497
-1.4483377
0.5534621
0.58243454
0.91711116
2.5480235
1.0335615
-2.4191163
-1.2046862
2.2309573
2.5087934
1.7242826
1.293983
1.635242
-0.13803735
-1.5566185
2.0962808
0.6426695
6.5495453
-1.8481793
0.32591686
0.43373725
0.6588432
0.9954652
2.557271
2.2917557
-2.740251
-0.2803833
-1.8731072
0.16075179
-1.1543211
5.028126
-1.7441045
-1.0538017
2.2502048
-0.6701761
-1.9733794
0.24133937
-0.48709533
-2.4226673
-0.67847234
-2.015459
1.9504979
-0.3318828
0.080006294
0.3875063
-1.4499593
-0.22486576
0.7751526
-2.1390011
2.9252372
0.23653129
0.77948976
0.059656575
-2.3868418
-1.6250829
-1.591786
-2.4380472
-4.2706842
-0.7309004
0.22929877
2.566099
1.241628
2.3772383
-0.7527841
2.1299384
0.034025528
-1.6102488
1.8375907
3.4733016
-0.2351591
-3.4117377
0.06614057
-1.455392
-0.35383037
-1.5349494
-0.08781059
4.0274534
0.61957145
-1.6024312
-0.09671206
-1.3225977
1.0397161
-2.7197638
1.5963639
0.98504406
0.6713752
0.15538102
-2.3905008
0.88098145
2.6719482
-1.0330079
-1.1666746
-1.928948
2.296233
3.0458403
0.9137849
-0.21785644
-2.5868185
-3.6014645
-1.0550524
-0.7797283
0.73767114
-3.2454607
-0.73608726
1.2453827
2.2208872
3.417839
2.0221105
1.6575142
-1.4284334
4.2451463
1.2542361
0.036466315
-0.827564
-0.43963572
0.8596209
-0.08393567
1.442036
-0.62720865
-1.1040874
-1.935318
1.293637
-0.99315995
-1.4580474
-1.9325944
1.2733252
1.9392363
3.3935676
1.44935
1.3421358
0.8606187
0.9022787
0.85093665
1.5340029
1.5150526
-2.978283
0.0028081462
-0.8903289
3.1788335
4.1764297
0.40592873
0.6430472
-3.0711775
-2.8426967
0.07378784
-1.0443462
0.5161189
1.6089292
0.15721662
0.9126387
0.07731384
1.538366
1.0382552
0.8962454
-0.19030073
2.1067636
-0.9297097
-4.240132
-2.090118
-1.1892112
1.0693555
-1.0580946
-0.0068815798
1.4241034
-3.8704414
-0.24584414
-0.06541691
-1.5489315
-0.16848847
2.2693994
-1.9883394
1.2152426
-1.417345
1.5386223
-0.26410028
1.4969286
2.2858827
-1.7709787
0.8741845
0.90535873
5.604591
-1.0766201
2.0638316
1.6244025
-2.5360405
-3.4433951
-1.0877796
-1.7335026
0.17862555
2.610704
-0.7573873
-1.9894698
4.503225
1.4751542
0.20096365
2.6372933
1.2805352
-0.70262295
0.35313386
-1.3620857
-1.6317021
0.08704527
2.024968
1.8162637
-2.265265
-2.7156205
-0.7756761
1.722585
0.07339146
0.7815966
1.5967047
-3.6036193
0.84933966
1.7018245
2.773464
4.168304
-2.8291976
-1.1333928
-2.1145248
-0.11544405
1.5833274
-1.1244715
-1.2620777
-0.15512079
1.0312339
2.1318312
-0.58467877
1.8347069
0.037606493
-1.3302515
0.32740623
2.3381836
-3.0759156
-0.91787094
-1.0952271
2.318948
-1.787807
-2.112814
1.2662843
-4.141561
-0.8470358
0.24976659
2.6880016
2.907793
3.004281
-2.3464513
-0.16118309
-0.828757
-3.1138773
-2.0181415
0.508361
2.067223
1.7435224
1.568489
-2.0428576
-1.4992632
1.2824498
-3.5275514
1.3494483
-0.8964477
-0.7247187
2.056324
-1.0693135
3.5700006
-2.5352721
1.3478081
-1.8672502
-0.33032095
-0.53544885
3.388717
3.663536
-0.9498838
2.4211144
-2.35476
-0.983193
1.7474598
2.357439
1.6975569
-4.7722373
-3.2659764
1.3780107
0.66392344
0.8330821
0.993859
1.9646672
-1.0954486
-0.04857643
0.22586992
1.4352286
1.0530825
-1.9548582
2.6204982
2.1395247
4.304323
0.47499517
-2.599761
2.818299
-3.5434484
0.24840206
-0.11788138
0.1139192
0.7124522
2.2590764
3.0190864
0.98202336
0.9084057
-0.7290549
4.180113
-1.5923322
1.9647543
-0.060791217
0.24537185
-0.66537327
-2.5300088
-2.4293149
-0.7193427
-1.6930844
-1.5952905
0.9408077
-0.5152358
1.2494942
-0.24036486
2.6774845
1.625481
-2.9231758
-2.0817387
1.3957245
0.94978905
-0.3661674
1.7259462
2.5070207
-0.684624
-1.5681155
-0.37709913
1.4152517
-1.4359136
3.6533856
-0.43317056
-2.452709
-1.4912812
-0.50636715
-2.5199227
-1.3544662
2.7196758
1.7956228
-0.41183776
3.9749293
2.08265
2.292465
-1.1819024
-1.6611608
1.6735334
-2.9887547
-3.5759966
0.027054533
0.87113094
-0.4289942
-0.84670323
-4.1039295
-3.8412645
-2.8346925
-3.503609
-2.2574673
-2.9883337
2.6695664
-2.1951795
-2.542403
3.4746017
2.9427905
0.49934432
1.0137111
0.45553052
-3.6054754
1.1262825
2.4040053
2.0492985
-0.25521702
1.8022395
0.18129742
-1.8981785
-1.7570035
1.7121269
1.5324488
-1.5629905
-0.04913331
1.03071
0.7459445
3.122325
-1.3848726
-1.526346
-1.9989357
-0.6741624
-3.7162359
1.1142621
-2.9950848
-1.5814633
-2.4688587
-2.0090647
-1.8239154
-0.13400845
-0.31192994
1.7388138
-1.2860364
0.49833512
1.0468695
1.5211227
2.6998534
4.3535576
2.3244886
2.0882647
0.62717927
2.1650894
0.30754444
-1.5345958
-0.4102074
0.65689486
-0.35491493
1.5082293
1.1936442
-2.267493
4.590558
0.6624012
1.5112098
-0.47362342
-0.7110913
-0.6160662
-2.5116045
2.107524
-3.336928
4.0504837
-0.84593
0.6497194
1.4222138
1.3080728
-0.54843
-5.15187
3.790592
5.33215
0.8362896
-1.4640849
-1.6950088
-1.5960944
1.0872953
-0.9924356
0.9310151
1.6665841
-0.42275685
-0.10833541
-0.5960974
-0.34022173
1.0744922
0.12616828
2.8750324
-2.8329396
2.1373131
0.7535555
-0.15406772
0.6553418
-2.9454935
-1.5905726
0.36985987
0.7528968
2.5618737
1.5071304
-0.6911317
2.5146947
-2.0632634
0.57397425
-1.3534901
1.2389616
-0.95642704
-0.13378803
0.20749867
1.2178237
-2.8028533
3.503536
-0.37607527
0.049195506
-1.3167686
-0.1646479
0.1827538
-0.56279683
-2.7819552
-0.604921
-2.9384007
-0.95368373
-0.5915298
-1.3849008
-0.09317575
-1.8830893
0.17670412
-4.0396757
-0.57336277
2.1967661
1.3443041
1.362207
0.28186423
-4.6372533
1.0127888
1.5167937
3.78255
-2.098066
1.2333136
0.44357753
2.1058912
-0.5278544
0.63152623
3.024248
-0.90446895
-1.4177843
0.9523306
1.6391292
-0.46348348
2.7448745
-0.8175824
-1.8843403
0.44487038
-0.9802518
1.8981736
2.6317132
-0.58758926
0.9504983
-2.9699492
3.1646886
0.6140403
-1.3723352
1.8552755
-0.8751262
3.5703285
-1.2596312
-0.7022829
-0.989863
-3.8658235
-0.6264081
-1.8196895
-1.4604069
2.4002435
-2.9042032
-0.23068242
2.7134163
-0.5478787
1.9602292
2.054664
0.08107535
-2.1396966
3.2886457
-2.4984288
1.355835
1.2922962
-2.799885
-1.0146229
-0.8656579
-1.1208545
2.2929077
-0.5394785
0.056268908
0.00057539344
0.980872
-2.3204134
-2.76815
-2.5300663
-4.411659
-0.04993437
-0.52334005
-1.5745558
0.12657593
-0.104772456
-0.6579382
0.7503019
0.18498504
0.7627811
3.8363302
-2.6079073
0.9302195
-1.0048883
-0.72141963
-2.1197956
1.1669444
-0.9656269
0.76303965
3.1266117
-0.24293298
2.3729968
1.7239877
-5.0312543
-0.9928597
-3.2916734
1.9375056
1.0865494
0.113201864
-0.3945812
-1.4617946
-2.19987
-0.30468595
0.7772699
-1.2612683
-0.45992696
-4.4587207
-2.6646297
-1.1929134
-2.0766745
-0.43979442
1.7686621
-2.5052974
-0.5898059
-1.0245113
-3.020735
3.7778091
2.7898905
-0.84819835
-1.7859985
-1.5118937
-1.6548324
1.3522551
-0.040314805
2.3057952
-2.3249288
2.1454694
2.2307954
1.3591753
0.4190477
-1.532393
1.4452468
-0.79208183
-3.971524
0.10889393
-4.1521893
-1.5727323
1.9838423
2.7506366
-2.0595803
-2.1192145
-0.6328089
0.5429641
-1.5095431
0.57641006
-2.1000268
-2.6156719
-2.705933
-1.599201
-0.48359942
-4.4609127
-2.826688
-1.7119093
-1.2799405
3.3442087
2.4145312
2.4224534
0.55610466
-0.19451052
1.3504407
3.2880116
-2.218557
-4.152594
2.3936539
2.1618493
0.3696843
2.6115394
-0.7265278
1.7640636
-0.7830283
-3.9345825
0.5469894
1.1248478
-0.85859346
0.4647746
-0.8315999
1.7324231
-2.3282528
4.0498724
3.5093832
-2.0545104
-0.56191194
-0.09284728
-3.3962538
-0.18799517
-1.6791255
1.067487
1.28317
-0.38026
1.3229983
-0.052529536
3.2148626
1.9615685
0.025571324
-2.0459
3.0822601
-1.3228002
2.4312043
-2.53943
-1.535076
0.10372709
-0.046451077
-1.8425765
0.17963707
3.2737818
-2.0827112
-2.0729585
-0.8972898
0.41126722
0.5039858
3.2878199
-0.76682085
-1.7762015
0.6918886
0.13295805
1.3699157
-0.3521513
2.0244055
-2.1221373
-0.29482344
-2.9334283
1.2724795
-2.1416943
-2.3789525
0.5846527
-3.016866
-0.5961306
-1.1365415
1.3142219
2.9423256
1.1180784
1.7106737
0.64928
-0.8485559
0.4571851
1.7192801
0.7294629
1.1264218
1.4274466
-4.7099295
-1.0536435
1.5081007
0.17960212
3.947498
0.56979734
-1.0094042
-3.7518303
0.31422865
2.3887188
-3.549266
-1.6886307
-1.2542423
-1.0312058
-0.4792707
-2.145457
2.2741346
3.5800326
-0.47960758
-0.32189706
2.4315925
0.64576966
0.84149146
-2.8806756
-0.5186989
-2.6876624
0.37693307
0.1828599
0.07173299
0.6568468
0.16782933
-1.0984828
-2.301957
-0.593922
-3.125576
-1.7642086
1.143869
-0.1356639
-2.1565092
-1.2455635
2.0332258
-0.6850381
-1.0777217
0.80861753
-2.3806877
2.3955283
0.76385367
0.17035735
-2.0790286
-1.9177665
1.3467267
-1.3205884
1.1481422
-1.8658206
3.862364
4.9174094
0.12882641
1.8764118
0.59994066
2.186438
1.6678618
-1.0010575
1.4903439
-1.0709627
-3.016952
-3.9370096
0.4326841
-0.06372672
-0.92572397
3.2950342
-2.760844
1.924697
3.5077417
0.27505302
0.20118809
-3.591725
0.41922572
2.1084926
1.2265174
-0.4008806
-2.401006
1.8029699
0.55085254
1.0065186
3.7326195
-0.5750361
-1.273594
-4.8055243
-3.0794232
-0.07168392
-1.4440364
-2.2334347
0.18176693
-0.7005968
2.5843084
0.20219088
3.146939
-3.784439
-0.36438727
0.027714841
-2.8095093
0.79897803
1.3778552
-1.2502891
2.1044729
-0.22962013
0.33394158
-1.8119241
1.5446558
1.0267653
-1.9611309
-0.60579735
-0.58241886
-0.97024345
-0.14427102
-0.35141444
0.06922568
-0.34264618
2.1247182
-2.4165971
-0.83668274
3.79806
-3.8502815
-2.315297
-1.883332
0.79855317
0.36204463
1.2685487
3.1862314
2.5059605
-0.5734658
-1.6389115
-1.258076
0.45912918
1.9544095
-0.62181664
-0.5283767
1.16117
1.7328382
0.42209485
0.0008751452
-0.5608863
-0.82605326
1.151575
-1.020727
1.4543538
-2.1239612
3.622833
0.35329512
0.53718615
1.1229049
-2.6684732
1.5925609
-0.33846247
-1.6031348
-1.4279057
0.70783424
-1.5195587
-1.6960506
2.434031
0.88223183
1.5910454
0.81029916
-2.4381728
0.8542347
0.11059528
0.42110813
-1.2816004
1.7123756
-1.0007669
-2.6196764
2.7178783
1.3367318
-2.4809277
-1.0552573
1.770342
-1.225066
-2.7920706
-0.28206247
2.1740131
-1.2031313
0.84923303
-2.4751782
-2.7111857
-2.3203783
-1.0060555
0.505053
2.627574
1.9186296
-0.5252111
-1.3924832
2.03035
1.5311884
-3.9227147
-0.6909209
2.4399557
1.3660764
-0.6589819
-1.3704791
2.7365813
0.02497692
1.0600077
-2.2970815
1.4164407
2.956623
-0.62382853
-2.125771
-0.37687612
1.1404696
3.9800782
-0.7431561
2.5000448
-3.455081
-2.1361077
-0.5101512
0.24683684
-0.81241274
-1.1006328
-1.6370889
-1.0998559
-0.62797314
0.6509555
-0.897404
0.3237282
-1.8773991
0.43640798
4.1947346
2.7117374
1.3244311
1.1045424
-1.4798166
-2.5757473
0.47833115
-1.2670726
1.7214237
0.15969652
0.285125
-0.4843612
-0.42912468
-0.36873445
0.8163358
0.7256413
1.9962538
0.25079936
-0.86761343
-2.818567
0.27236965
-2.7232041
1.2359356
2.9171395
2.6180735
-0.18717574
0.7710148
-0.3551524
-3.588296
0.5612586
-2.1781929
3.3234923
-1.2068442
-1.4422729
2.6513407
0.62553823
0.5405151
3.2825217
0.9254709
-0.7572002
-1.3567289
1.6212162
3.409221
0.9573975
2.4196944
-2.823484
0.9651927
1.7225481
-0.94112146
4.420309
1.4784709
-2.2473881
0.37514055
-0.26541227
2.1553097
3.2592978
1.7718488
0.46982905
2.171843
-0.9577569
-1.9282327
-0.11883337
2.177196
0.5297571
-3.4790661
1.8138375
-0.4446084
-3.1474092
1.6221299
0.9525107
0.9181363
0.49610326
-3.0733464
-2.7005982
0.6527888
2.285579
2.838313
1.6215034
1.4035754
0.6114485
-0.7240977
0.7745269
-1.8598266
3.7952876
-0.7600589
0.26564744
-1.1009653
-2.5693426
2.2741232
0.37972283
-4.3562503
-2.2398326
-2.2382703
3.380047
3.5739918
-0.6265648
1.1194923
3.130795
-0.79066616
3.9467947
-2.6062422
-1.3896396
-1.045813
0.4484846
-0.5937364
2.641833
2.91602
0.6782731
5.3685174
0.18896842
1.5348352
0.3983558
-0.84475654
-2.3955991
-2.2252629
0.10243981
1.0975771
2.4540763
-3.292436
1.7036574
3.4502878
-0.5670441
-3.1129127
0.8860617
-0.27961668
2.6966596
-0.07087342
-2.1746643
-0.2073674
1.3548406
-1.5809366
-0.62537354
0.1566281
-0.34419465
-0.673215
2.503798
0.3199231
0.3815982
0.5846583
-1.2645819
1.9763445
-0.39839306
0.9627734
-0.3496884
-0.8734245
2.7317755