Spalius
2
-0.4860371
-0.52288973
-1.2133709
-1.5663162
-0.02839183
-0.14831915
2.0207486
4.0296926
1.0378532
-0.9277421
-1.0475526
-1.0607444
0.38938364
-0.38665634
1.3561125
0.88009393
0.5294305
2.427347
-1.3447063
-0.43805343
-0.45145264
0.4000111
-0.051705495
0.90977997
0.43951035
0.012984611
-0.8007863
-0.61968046
1.0960304
-0.8281442
-1.1353434
1.659666
1.1447803
1.2436696
3.8642242
-2.3211212
3.3866305
-0.23346874
-0.12925261
-2.0989022
-3.8884342
0.21583632
-0.47108692
2.5496469
-3.7932591
1.0988619
0.1978463
1.7405664
1.0911373
-0.06139483
-0.5364584
-0.059766043
-2.1231897
0.5644522
1.942091
-1.1499742
1.6383635
-0.10507044
-1.4184881
-0.88098437
2.1677022
-2.3444662
0.89228016
-0.22322567
-1.6582203
3.1603034
-2.923465
1.7263938
-2.4018273
-1.411481
-0.47468817
-0.3880323
-0.8921426
0.1870015
-4.682317
-0.20377675
2.5663626
1.0146207
0.0776974
5.5790954
-1.712589
-3.8786874
0.99113977
1.4429489
-1.8947409
-1.0269158
2.0846188
-2.2140493
2.2995937
-0.113273025
-0.9521404
0.7151208
-1.6757921
-1.6732515
0.49951142
-2.1792562
-4.5687113
0.79922014
-4.4675965
-0.22445133
1.1743656
0.53349656
-1.7115105
-0.7937849
-1.8944117
-0.21145928
-0.5649171
0.80215955
1.2588707
2.190596
3.0463676
0.74630934
-1.1478627
-0.8202668
-2.8623705
0.88623935
-0.7243546
3.9617648
3.6114402
1.8160646
1.3255914
0.9483516
1.1988623
-1.0569614
-0.1633615
-0.04592853
0.10725732
3.9068947
-0.14927135
-0.44039896
-1.871769
0.26176375
1.1453159
0.34850082
1.5501648
0.33107102
-3.163275
1.3459462
1.4139531
-1.6053543
0.20271531
1.8045392
1.3406057
-0.24314184
0.57534635
0.98642355
-1.4961872
1.0189835
-2.0972354
-3.5500998
-3.2805226
-2.7228394
-0.13958073
0.28569046
-1.9314463
-0.23533323
0.6140728
1.3645722
3.185329
-2.0403478
1.0171713
-0.9362723
-1.5840752
0.8205093
-2.400119
3.7040539
-0.6043796
-1.5269611
0.4992532
-1.8404912
-2.6265159
1.307857
-1.2125391
-3.568612
1.4276422
-3.2844756
-0.51593626
1.2120099
-0.640973
-0.11893829
0.616869
1.4547328
1.333615
-0.8893496
-1.377633
1.0051484
2.134003
-5.602228
0.032533575
-1.5102353
-2.7004125
1.3392646
-1.4904981
3.9815922
-1.6455654
-0.1368284
0.50479585
-3.3232203
-0.27197453
2.2766645
-1.3621649
1.193423
1.2329243
-2.0060432
0.5446238
0.51545376
-3.3420038
-1.1486322
-2.1959002
2.6858046
-3.5849648
-2.2185826
-0.38118652
0.12559609
-3.4710946
2.177832
-0.66917527
-0.44483906
-1.3481479
-0.9258486
-5.076718
-0.28105903
-0.81477785
2.768836
1.8376507
0.7897744
2.253817
0.5543593
2.0699637
-1.5644902
-1.269354
2.108862
1.1622938
-2.2403421
2.8103058
3.7091298
1.7869782
2.1212656
1.5680143
-0.83026916
-0.55644643
0.53687286
-3.179872
2.4420142
-0.81401
5.312653
4.8888583
0.9016059
2.159969
1.4675877
1.2428346
-2.039521
-1.2012572
-0.68095875
1.2870584
-0.45192054
-1.7374518
1.8517604
-0.061021052
-4.4176073
0.4000194
2.1337163
2.5288057
0.4328094
2.4130588
-2.0236812
0.49591962
-1.2344897
0.14528131
2.5188553
-0.7731951
-2.024999
5.0246906
0.33045474
2.611209
4.3448176
-0.41435587
-0.89203745
-0.39225024
2.8723042
-6.952718
-3.4294088
0.9499996
2.2420845
-2.5097709
0.15782653
1.4775926
-0.47268897
0.6489844
0.0413448
-0.4996662
-0.29842198
0.23490451
-0.7968451
2.9230814
-0.09684196
-2.762288
3.2673028
3.1354966
3.2530892
0.34455082
2.025599
-1.1399459
1.4928095
0.6912009
0.8487192
0.0036462024
-1.119291
-3.531383
-1.0683622
-0.4036705
-1.1736107
2.9968104
0.77529
2.9906712
-1.343327
1.6885461
0.48613814
0.69369054
5.0476146
1.7434292
0.26596743
0.11108343
1.7337048
4.0029
1.01972
1.2829702
2.2021608
-1.5244832
-2.163863
0.8490072
0.13031095
1.9604261
1.1236104
1.0115825
-0.07749715
1.3555025
0.7919832
-0.61820716
-0.19952825
3.8348136
2.1874561
0.442894
1.5003889
-4.9295154
1.7583466
2.6393068
3.1160703
0.34522632
1.2910477
-2.69282
-1.5731676
-1.5002705
-0.3824644
-0.6269913
1.9460742
-1.7108768
1.7444564
-0.4442165
-1.202857
-1.1404885
2.7231874
0.9331258
1.9096429
0.016742196
-1.3298361
2.5273764
-2.0604887
1.543172
0.8224773
1.838851
2.000572
2.7127256
0.1999965
1.48277
-0.85617983
0.83957475
0.7613498
-1.3873655
1.6755881
-1.7612611
2.5165908
2.0477695
1.416232
0.48152477
0.76365817
-1.359928
-1.9516927
0.88479996
0.6464168
0.803289
0.1472169
1.1127443
-0.08909866
-0.6565465
1.4704015
-0.23845193
2.4906175
1.0101349
-2.9385886
-0.4127189
3.9421194
1.8001542
-0.37279177
0.67540914
-1.2038374
0.93805003
2.2963903
-0.50028175
0.21124195
1.967449
-1.0488772
4.619691
4.5316143
1.7183851
0.6398293
-0.15175857
3.6200323
3.0515761
-1.1662397
0.6671158
-0.72213113
-0.2553348
0.9575045
2.9773397
2.6976523
-1.6890818
-2.1602063
4.574487
-1.3872733
-1.322186
-1.799194
-0.9802305
1.1802644
-2.6662269
4.4389243
0.92302006
3.8065233
-0.4934948
-1.5982031
0.2938397
-1.1661494
-3.0879085
-1.0090806
0.822677
2.0493617
1.6198041
-0.9431852
-0.6395741
1.6043575
0.8221339
0.055012334
-0.54104036
0.44575638
-0.32990652
0.9827806
-0.46114546
3.1621194
-2.2322578
0.20554747
-0.9845873
1.0443794
-1.2174497
-0.102788575
-1.0686069
-1.3225704
1.6869272
-1.291705
0.97025585
1.2954028
1.6174284
-2.9405456
-0.24689698
-3.5753775
-1.8746159
0.75450444
-2.0734491
0.22439876
-1.6030277
1.0978559
-1.9476616
0.62636775
3.8143334
-2.5488744
2.2835228
-0.44794843
-0.67209446
-3.0434241
0.29114664
-0.68026847
-0.7641232
5.0800056
0.9372342
0.39978194
-0.03341928
3.33632
-0.40611896
2.5868187
-2.6529932
-3.345082
3.054721
1.5139911
1.0610338
1.3882676
-0.8813524
3.3635738
-1.7757552
-0.06439707
1.4477179
-2.6866286
2.3783321
0.42471206
1.1033916
0.09791165
-1.8389515
-0.58250874
-2.2090545
1.6826029
0.15306215
0.289696
-1.3375701
2.818308
0.74889725
-2.5298946
-1.307647
4.723284
-0.5423061
2.6461582
2.3294504
-0.61532956
-0.4680947
0.35092092
-0.065603666
-1.0746557
1.5262727
-0.6793983
-1.6130219
-1.0740577
0.7398502
-0.4376308
-2.6267166
-2.9032218
-0.6210827
1.5496716
2.7123878
-1.0733621
3.3257368
2.082117
-0.8316164
1.9894493
-0.20506975
-3.1100862
1.3358644
-3.0881126
1.128942
0.7406568
-2.7149441
0.3668491
0.59250015
-1.2366238
-0.40755752
-0.72933114
0.6635022
0.72818893
-3.1259284
2.531421
-1.4803612
1.2046249
-2.316092
0.3534717
-4.1306014
-1.4007956
0.9714313
1.0940645
1.6382167
0.34245068
0.16934545
-2.8337352
2.0165467
0.8721126
-3.4716551
3.548074
0.3529813
-0.0026256219
-0.30051008
2.428869
0.9707727
1.4238334
-0.70260763
3.8072424
-3.1584806
1.0507684
1.7568996
-3.6741512
-0.37408805
0.8696922
0.19758967
2.5886898
-2.5588808
1.1133633
-1.5498632
1.6079011
-2.857238
0.8936195
0.16061425
3.1905677
3.144073
2.8966334
-1.2580599
0.39465952
-2.9246135
1.890866
-0.8444071
-0.33170372
-2.4244132
-0.69613534
2.0958905
-4.108742
1.4963902
-1.141654
-2.5852337
-1.4330832
2.5308437
1.7915857
0.2101403
-2.4892378
2.9940648
1.4213635
-0.15106826
-0.6456364
3.0994089
1.9680624
1.9582232
0.8442053
0.08875237
0.96328324
2.1876225
-2.406985
-1.9980661
-0.61658204
-1.296015
1.2364371
0.08568054
-1.3311661
0.010758009
0.98425263
0.42396086
-0.7616007
0.8735839
2.0200222
0.7799218
0.79157674
-0.94566214
2.2008297
-2.5877519
2.4350772
1.9802059
0.06539861
0.21499926
1.2575142
-0.16548128
-0.5733202
1.1358385
-4.311639
-3.469869
1.59333
0.9015217
0.1042515
-1.7784525
0.7581648
-3.6722634
1.6148276
3.5756958
0.54568386
2.683373
-1.524362
0.28034633
-4.5578594
-0.21853262
0.03722094
4.9029756
-0.6385388
4.2410965
-2.6626637
2.17191
0.8158264
-2.9400039
2.7268794
0.90324634
-1.776431
0.39016855
-0.62178606
1.719973
4.174252
0.2317178
-3.2469587
-1.5644652
-0.6325065
-0.53019804
-1.2498777
-1.5760262
0.5713544
-0.52738005
-0.3007256
-4.073781
2.4954517
-1.1214557
0.3216312
-0.88275796
-2.1450036
2.8218238
0.4235909
0.9346691
0.64744145
0.6770862
0.35037944
-0.3481109
2.4417183
0.20596099
-2.2974026
0.33553934
0.12456292
1.5675185
1.837342
2.5276556
-2.5705829
-1.8101338
-1.5413929
-1.3000586
-2.0463462
0.18845636
1.1646297
-1.8089746
-1.3006606
2.5409102
0.6531097
-2.7059004
-1.2752128
-1.1766595
-0.5481826
-0.7460546
-1.2170773
2.9913375
-0.086967014
0.83516747
1.1769874
2.4756556
2.5474427
2.5611413
-1.9179307
2.2204947
1.5450187
2.6151989
-0.10121767
0.6979095
2.9864085
1.1465651
-1.094788
-1.7234308
2.5520334
-1.2640029
0.2882856
3.6383255
1.6100309
-5.3323255
2.4178925
2.5181851
1.6221405
-1.0743698
-1.7562147
-0.18855831
-3.8265314
-1.4696661
-3.3650885
0.33845067
1.205761
-1.8210763
-1.9046562
1.8299611
0.92680013
0.47909653
-0.33953363
-1.752958
-2.4630716
-2.4408948
3.0648851
-2.5831394
0.588753
0.11519523
0.9806057
-0.94466954
-1.1511167
0.14414604
-1.204005
1.43923
2.1040828
-2.0825753
0.6631535
0.633202
-2.1151474
-1.5269959
-2.6168506
0.75001484
-1.4251665
-0.57165587
0.9680792
1.2385511
-0.3891452
1.1368545
1.2295262
-1.7078209
2.2134433
-0.7688863
-1.4256946
-1.0037276
-0.06254022
2.690805
-1.8018436
-2.4096045
-3.4607797
1.1899018
1.6511418
-0.9723802
0.17311153
0.2298646
-0.93580544
3.1273918
-1.2891985
-1.15576
-2.5454473
2.310718
1.0656221
1.1136365
1.5204242
2.3526685
-4.5842624
-1.821521
0.4192429
0.0032977462
-1.0424984
-0.33304256
-3.3283763
1.1161143
-1.5905757
-0.04794643
1.0382751
-1.8580836
2.5071507
-0.25416696
-0.8502505
0.58530194
2.1868885
-0.8603521
-0.8094787
0.36089164
0.55701405
-1.7894323
1.4221045
1.1799061
2.767196
-3.6094053
-1.3714683
2.9426475
-1.5912015
-0.37370366
1.1940576
1.6537006
2.9082706
1.3764937
0.41561466
-0.7392469
1.4433179
2.0259132
0.65235615
-1.0957942
1.8487828
-1.0642906
1.8867389
-0.32699087
-1.2605852
-0.9380438
1.8578753
0.7779306
1.3625028
-1.8993675
-0.9173753
1.0817701
-2.0474308
1.9636184
-1.3163943
-1.4289875
-0.8835505
-3.7104175
2.383072
1.6225264
1.8086085
0.58508205
-1.2239637
-1.2399026
0.5148009
3.3814878
-0.46013936
-5.182674
-2.2214336
-1.7293097
-1.392224
-1.9240961
2.0062141
-0.53395337
0.94267523
3.638936
-0.5670506
0.43199766
-0.19214702
-1.5890523
-1.0040187
-0.03430207
-0.43000808
0.7534042
1.233192
1.3715816
-0.17659909
-3.2907336
-1.1568896
1.8562299
2.404485
-2.3993766
-1.8329709
1.6839644
-5.264621
-1.6789926
1.6789
-0.9172394
-1.4270297
3.5068023
1.9184082
-1.6949562
1.5435419
-0.959313
1.1906188
-3.2935412
-1.7323246
2.2994137
-3.7059312
-0.725962
2.3309784
2.1882408
1.3342038
1.1211511
-0.0032069236
-3.5581937
1.70498
-0.39221078
-0.8296621
-2.8060439
-2.4969037
0.34913373
3.6675372
1.0753657
0.6155468
0.30801702
0.477409
-0.043332584
-0.7170681
-2.172576
-0.32683074
0.40843654
-3.093349
0.19716644
-1.3051647
1.2889576
3.3824625
0.4164957
4.4584994
-1.6788439
-2.3810587
0.71128917
-0.54916555
0.636447
-3.963019
1.8369516
0.36854848
1.2596767
-0.54175365
1.242906
-3.221817
-1.5505106
-1.928328
3.4746687
2.0403004
-0.86395764
2.2289662
0.31995898
1.116844
-0.25102144
2.718268
-0.6634571
-0.641563
1.9683263
-2.3008075
-0.46686274
-0.44410208
0.88591427
1.8861861
0.15842699
3.917643
0.11155926
1.3468302
-0.1801433
-2.8215735
1.6807697
-0.7423869
-1.6364238
3.1737518
-2.8402197
-0.36694008
-0.44604108
1.3609635
0.60139096
-0.050503895
0.80860925
-0.016040314
-2.7511635
0.19276668
-1.2717723
0.73780066
0.64804035
1.2048395
-1.8542697
0.047366213
-2.0344005
1.9931624
-1.1112796
0.9287826
2.5387683
-3.3157284
0.034705102
1.4529438
-0.42677772
-3.0623856
-3.2383342
2.531569
1.3889477
1.5541422
-0.54761636
-0.46818948
0.71096087
1.6327399
-0.4799698
2.1055245
0.1261147
0.034805775
-0.34836394
-1.7946056
-4.3423815
0.93024147
-1.2657692
-0.015104584
1.0929773
0.22500564
-1.0727671
-0.56475073
0.55462873
-0.09931318
-0.0677547
2.7515447
-3.2611954
-0.9162687
0.7645091
-1.6139251
4.126427
0.45434448
0.298746
0.2214328
-0.45647043
-0.49899465
0.3566526
3.9059567
-0.3596064
0.9105464
2.1996512
-0.18455034
-0.47658342
3.0093105
0.8221961
-2.7271414
-0.72498614
-0.9906015
-1.1316473
1.6774085
-0.3703758
-0.7252268
-1.5354319
0.042749304
-1.0860847
0.18671621
0.62878114
-0.3414056
1.230739
-0.3102549
-3.3675432
-0.6356227
1.9633667
1.6692652
0.1336171
-2.3565307
-0.008807026
-1.2033259
-0.3917346
-4.8754287
-0.2920906
2.2427552
-2.5144136
-0.934847
-0.7039371
-1.6591665
-2.476191
0.62029785
1.9291191
-3.6530797
1.0877875
-0.9549113
-0.81316495
1.2185844
3.3056753
-3.226879
4.1383653
0.57236207
-1.4023743
1.4462792
2.2128882
-0.3648336
1.8989221
1.7714368
-2.637706
-0.8530921
2.726914
-0.022423856
-0.32492518
2.935337
0.9767564
4.7198877
1.7654574
1.1473224
-2.4633007
-2.427371
-1.2021236
1.7296201
-3.6147141
-0.6096712
1.0029855
0.8111362
1.9724917
3.3253133
-4.034626
-0.6083728
-0.30096477
-0.89031047
3.5681698
2.5684621
-1.553509
-3.2877672
-2.2182503
-0.4682679
0.63191336
0.9625255
-2.9931548
1.8303986
-1.5486083
-0.28211915
0.69845843
3.304804
-1.7336376
-0.49317086
-1.2422786
6.621516
-2.2644587
-0.12473797
1.8562734
6.0203104
-0.91320693
0.7502355
0.0037708469
0.99023783
1.1629156
-0.50894123
-1.0543493
-0.25322562
-1.9837464
-0.64072466
2.0045893
-1.8268555
-1.0133574
-0.513585
0.68572867
-3.224845
2.1684332
0.19792598
1.932194
1.8660271
0.2552179
1.5138303
0.6642134
0.3932081
1.4001945
-0.89628977
-0.21167105
2.5034146
3.011691
-2.4078512
1.0374339
-1.8067281
0.49008137
1.4592716
0.97897834
-0.022684537
0.55769086
0.23930855
0.36521822
0.7616826
2.5375812
-0.24940261
-0.40395105
-2.449805
1.967041
-1.5112947
1.26792
3.4223392
1.1722807
2.211102
3.4638348
1.3382138
-0.42336828
-1.4190907
-0.028531618
-1.3245877
-1.1652956
1.9960669
3.3117867
1.5636424
-0.5982607
2.599832
-2.8121865
2.4499915
-1.634283
-4.6733394
1.3789465
1.5932981
-2.705522
0.26659313
-2.1190531
3.7489235
0.58468294
-2.1943514
-3.8413143
0.4445218
-0.17010868
0.7150141
0.3955539
0.80048686
-0.20840156
-0.49809787
3.1880417
0.6387468
-0.8691929
-0.47329274
-0.12259897
-0.17847878
0.2808701
0.15893573
0.37805328
-0.57272506
-5.376843
4.102135
1.1473745
-1.5700309
1.5640974
-1.265952
-1.8344237
1.5301226
-1.2794724
1.3977851
2.0749722
0.2705093
-2.3962357
-2.0524766
0.41897577
0.7969564
-0.7936697
0.89769256
-2.5529234
-0.45707738
-1.4157772
0.91494656
0.9726478
0.034888
0.80890495
1.4090569
-3.5369859
0.71823806
-0.17600971
0.19292006
2.579811
-2.5993147
1.1481351
0.07599148
-2.060478
5.562747
1.8424695
-2.7307925
0.03423293
-5.139267
-0.17532703
-1.6804578
0.05244589
-2.3622112
-0.9617088
-0.58329254
0.48538348
-0.6672614
0.5056366
-0.34023476
-1.5891031
-0.8913919
-1.7213115
-0.5339343
1.7447767
2.9590323
-2.188768
-1.7168225
0.47938755
-1.4383787
-2.3410757
1.3510371
3.128649
2.2837603
-3.9695144
-0.8280874
0.3319941
0.9478132
-0.499901
-0.8267036
4.7978544
5.1126285
0.7675677
1.1038944
-2.4967458
2.5394475
1.1961173
-0.07155393
-2.3110301
2.028346
-5.5425057
-0.52099717
-1.5249454
2.2879791
-0.7425108
-0.7012681
-1.0399798
0.83584833
0.18446174
1.4739184
-2.4163432
0.43513963
2.457433
-1.1554747
0.7794427
0.9614949
2.4781685
1.9048861
1.3430071
-2.752984
1.6990172
-2.7582748
1.2099534
-2.1734703
1.9103137
1.7130061
0.08179554
-2.475834
-1.8239279
-0.20629406
-0.7006654
0.99128234
-0.49026737
-0.56505287
-1.2349184
-0.5845499
0.47517356
-1.3825151
-3.283182
-4.4007597
-1.5127882
2.485471
0.15729639
2.1984472
-2.0197585
-0.22575243
0.8376799
-2.3835263
0.7063482
0.24854481
1.0149004
-0.7699748
0.19691792
3.6163995
-0.69908136
2.4812882
-0.6987671
-2.4551506
-0.30443752
-1.8639897
-1.8565556
-0.081814505
0.099707276
0.90851444
1.1964455
2.0427918
-0.25343812
-4.377672
-3.021752
1.6202848
0.6410713
-0.44469762
1.6631896
0.6307369
0.24103495
-3.182074
-0.12614402
3.658258
-0.5271969
1.3477222
2.8998115
-2.7519498
1.1954656
-1.7386779
-3.0486252
0.3240446
2.7331667
0.8163381
-0.06541516
-2.233889
3.4824295
0.15904945
0.018074669
-1.8814807
0.31307092
0.62492496
-1.0203732
1.8246578
-0.848552
0.61736834
0.6045949
1.3756733
-2.5808334
-1.6917881
0.33454826
1.4364638
2.4985604
0.47446346
2.782145
-1.5338783
2.3382318
0.25899053
-3.357333
0.7337942
5.091819
1.0260957
0.32131365
1.3393577
2.3805554
0.07136362
1.3267853
0.55008954
-1.7456226
-1.0067598
-0.21297798
-0.53386426
-2.50893
-1.7380073
-0.53467494
0.50888556
0.95738894
2.0844624
-3.6346507
-1.90498
-0.41776797
-1.5899427
2.710063
2.3432267
-2.450223
-5.411226
-0.9323918
0.3544672
-1.7431089
2.5642872
1.3178573
2.0755565
2.5454423
-3.5408468
5.6232057
0.69382143
-0.7387856
1.8531598
-0.3895703
1.749135
0.9397
-3.0210395
1.2605093
4.575816
0.37682074
1.1291194
-1.5084035
-1.4653255
1.1602116
-1.7326262
-0.64394265
2.5252318
-1.3420858
-2.9445205
-1.4806677
-0.58902276
-0.41506413
1.7566658
2.1393647
0.5466705
-3.6811767
1.3054136
-0.9707081
3.6416085
1.2445545
-1.4577346
1.9601717
-2.0245695
2.468882
2.8658493
-1.719933
1.4968731
1.3432963
-1.6999663
-3.7778058
-1.0609541
-4.9303093
-0.35624963
0.6673248
0.46745402
0.9007202
2.3542168
-0.19043857
-0.9781746
-1.1912439
0.99984866
-1.7091737
3.587488
1.9699252
-1.9159268
0.29820254
0.6266255
0.79229856
0.46498173
-0.38411292
1.3129045
2.3680487
-3.1498506
2.3179715
1.7153193
2.30044
-1.6443465
-4.1478844
4.4643254
3.039763
3.428115
-2.760903
-0.46559662
-0.49415123
-0.45649874
0.81300277
-1.3930979
-1.584275
-1.6129053
0.07882518
-0.21894804
3.4401734
-0.5249528
0.02829633
-0.904284
-0.07310659
1.1662704
-0.119031385
0.6131678
-3.506425
0.7929637
1.1389965
2.5402966
0.46951625
0.36834607
1.0476137
1.9102963
-1.3157685
0.9992906
0.81176144
0.62983143
1.6335504
1.0556103
3.637763
0.91374975
-1.99
0.19493476
-3.0389194
0.1873711
1.1828007
0.21891376
2.2436497
-0.8305201
-1.3259186
3.6747773
2.3208053
1.0788817
-2.7179089
-0.9363562
-1.2321055
0.4619684
-3.7920165
-0.26704583
-0.6059212
2.8536618
0.6866464
-2.8473933
-0.16923189
1.3734341
-1.9695964
-1.094976
0.91850376
1.0913614
5.3494925
0.86460435
2.3949413
3.0318046
-2.6851554
-0.43078965
0.3541087
1.1935257
2.8477638
0.2520381
2.1783223
0.17675877
0.40607744
-0.9805692
1.3576437
-0.30139604
-4.0101147
-0.056243226
-1.0378282
-0.52324164
-0.822637
0.6564218
-0.12072346
-1.8652747
0.21409012
0.47489557
-1.5146459
0.51914567
-2.1230936
-0.66723526
2.9788876
0.07705712
2.527357
0.21777144
-2.212363
-1.1870062
-1.6991024
4.0496016
-1.6517618
2.8259468
1.1788684
-1.9291613
-1.4195268
0.9506941
-0.009981528
-0.8300862
0.29575157
0.60645664
-0.054067582
2.3272614
1.0470825
0.43029532
0.44431365
3.4153707
0.4168408
-3.5084577
2.6215205
1.478472
-0.16676584
1.077948
2.6685152
2.734105
0.22011289
-0.24248263
-1.2088497
1.4270935
-0.65081173
-0.22500053
-0.21125996
0.5731676
-3.2977853
0.48657447
0.3820574
1.4354446
2.5048425
1.81668
-1.1108676
1.7069534
-1.1457272
1.512542
-2.9559216
1.1687595
0.17157596
-2.651277
-0.29359287
-1.2876167
-0.46706468
-3.5707846
2.7601762
1.1212159
2.120521
-0.5842399
1.8640234
-0.53993607
0.66219324
-0.5188924
3.5996478
-0.27056107
-1.5061245
1.3492086
-0.73615354
-0.020765513
0.50870496
-1.4418198
-3.1015732
2.328433
-0.5609279
0.11846057
1.0957407
-0.9262814
1.2908033
-1.0723944
-3.714379
-0.4706404
1.558451
-3.0197425
-1.5619423
4.8561335
1.278135
3.7650466
3.9120355
-0.07271568
-0.31217986
-2.3610952
-3.2148147
0.816118
0.12815417
3.062337
0.72439367
-3.8436599
0.62406355
-0.95828354
-1.680838
2.892216
-2.1982818
1.8273994
-1.1702608
-0.15186301
-3.5360777
-0.9390077
-3.2350774
0.31321532
-0.10794127
-2.955816
-1.0322329
2.6607132
-3.1255214
1.1760151
0.089230224
-1.3216436
-0.1276453
1.096394
1.0981051
2.365951
0.67418236
1.7236437
0.7737547
2.0848992
2.7064362
-0.36926126
-4.14601
0.645618
-0.527328
-1.1706233
-0.48863432
1.7323129
0.27660984
1.333996
1.7546006
0.09020648
1.1772552
1.4056389
2.5453367
-1.561258
-1.4802892
-2.4316514
0.44599304
0.2784245
3.6661994
-0.23705593
-5.2830915
2.641475
-0.20034114
-1.5095845
1.7384825
-2.7471626
1.1945041
0.054537743
0.5364433
-0.25313196
-0.4120877
0.7809207
1.8075151
0.15618396
1.098096
0.30732816
1.2967886
-0.96646583
-1.0551558
-1.0831813
-1.779384
-3.704148
-3.1991239
-0.1344415
-0.8416343
2.455149
-1.1614058
-1.5372866
0.8494347
-1.6015939
1.1735198
0.73915935
0.8032618
-3.3172593
4.7160015
0.6805496
-1.995572
0.2849217
-1.7877951
2.7449536
0.24441558
-2.103363
-1.1816301
-0.672432
1.6023062
-1.6151803
-0.6830235
-1.1487697
0.5808766
0.27203092
2.9029894
-4.13667
0.6551143
0.10713996
1.1530423
-1.8158319
-0.028907802
-1.8535095
1.3131912
2.503761
0.51343423
-3.282446
2.957554
-0.8132621
2.891821
-0.5721149
0.69144946
1.4668058
0.2704598
1.1274679
1.7800469
1.3161343
-1.0853422
-2.3193934
-2.885019
-0.26739344
-2.478874
-0.24372925
-0.66850936
1.0179695
-0.25661814
0.39288315
0.4332621
2.7482307
-1.196918
-2.6402557
-2.3052223
-0.1892114
-2.5388875
1.0177354
1.5389853
2.1560626
1.6313607
0.5545122
-1.0984439
0.11431778
0.62126744
0.77987206
3.5563812
0.7459044
-2.1437316
2.039215
-3.0169919
-0.580007
-0.2806366
0.30036932
1.5006268
-1.8574151
1.9670802
-1.7510332
2.3767467
5.150161
3.0522802
-0.5489082
-0.23998374
-0.38480392
1.1361264
1.0899863
-1.0127255
-0.57292557
0.3723281
-0.8253779
0.16440856
1.421353
-0.964198
-2.4597015
-0.39916873
2.9889581
1.9870771
2.1524231
0.12764075
2.3922462
-2.9472516
0.48389453
0.77896005
4.5003004
2.8851383
1.5627927
0.75029284
-0.24740794
1.9683641
0.39095113
2.4082327
-1.425272
-0.21108982
3.5657353
4.317049
-3.3903656
-0.030913435
-1.0704144
-0.19530201
-2.0104377
-1.4021263
-1.2181408
-0.23132151
0.63876516
-0.2593937
-2.1092181
2.0677617
-1.5643109
-2.302208
2.234807
0.6724327
2.2035267
-3.1220143
-1.9845084
-1.3737571
0.89579797
0.06591505
0.9459098
0.8744367
1.7973323
-0.7591827
-0.16846643
0.5911762
-0.6059961
-2.3217857
0.71297646
-3.3016918
-0.629309
1.4824495
1.6364405
4.5413237
-0.17443886
0.65461713
0.22812311
2.0635653
4.229438
0.35027748
1.2009132
-0.4324972
-3.0229166
1.1102809
-2.2104163
1.7890642
-0.8640647
0.42420346
-1.9066657
-0.9320098
-3.2682974
2.0805488
1.849779
-0.8783952
4.145319
2.230443
0.53384405
-0.24146877
-1.3187264
2.478908
-3.9579992
1.42508
0.22168353
-0.45616263
-1.5027295
0.00760971
-5.5101933
0.1520583
-0.72694427
-0.5482406
-0.1935899
-1.1295873
1.4574766
-2.2932274
-2.0493052
3.847274
-2.125461
-0.4033931
0.19704616
4.144284
-1.172121
-0.82475066
-0.30857024
-0.6882754
1.3844846
-1.5728194
3.2335951
-4.5304465
-0.14006504
-0.7477532
1.6839526
2.6910062
-1.1833118
-2.6946194
2.0753212
0.5565369
2.6663733
-1.5515543
-0.14505844
-0.65575767
-3.457623
-1.6267834
-2.004474
0.28158483
1.4055524
-2.2517102
-2.3875105
3.9147785
-0.8864265
-1.8164723
-0.29610613
0.17342222
-1.9560955
-0.50428236
-0.95537204
-1.7577602
-1.1287029
-2.1391327
2.0135055
1.4273335
-0.42779854
-2.597726
0.09486841
1.8799831
-1.7339764
-0.5479811
2.1392674
1.3952932
3.186258
0.71356595
0.40929314
-0.3250085
-0.3432714
0.87977195
0.98961633
1.3148896
0.42989388
-0.40160114
1.3204715
3.9288352
0.291897
-0.36722028
-0.66171247
0.782134
1.5747975
1.3472943
1.8235376
-2.0616324
0.38375813
1.6580034
3.413939
-1.1383483
-0.48298034
-0.61708695
2.7648532
4.536314
0.29896238
-0.6496472
-2.0751777
1.9909048
0.058385685
-0.124369465
1.268675
0.21899112
0.8877255
2.1902509
-4.2628293
2.0437782
-6.1111875
-1.075968
2.8475332
0.4271575
-5.5737834
0.1949122
-0.84266
2.0098183
-0.691949
-0.46021152
2.696818
-3.8819823
0.47521785
2.343248
-4.81916
-3.368802
-0.7879686
1.2795542
0.58622825
-1.7224087
0.23994061
-0.79839855
-0.75445116
2.9057975
1.2273654
-1.4166516
-2.9812555
-0.2775737
-0.8408641
1.4163164
2.578351
3.2806165
1.5486726
1.8105499
-1.8119421
0.22633114
-0.20335011
-1.940229
2.9873383
-1.306116
0.5512431
-0.06495928
2.2968931
0.25840458
1.488032
0.054821797
1.8579519
2.2712464
-3.8853862
-1.7418957
-0.36031207
0.58511084
-0.14689341
-0.8002515
0.5394624
-1.9943182
2.7543976
-0.17513748
2.1900318
1.2245604
-0.4385104
-1.6748585
3.2013662
-0.17443657
-0.6994406
-3.968555
-2.018206
-0.47162217
3.921889
-0.7190578
-0.46802682
0.6311057
-0.98133224
-1.681253
0.34604466
-0.121115364
1.429698
3.5153031
-3.0284476
-3.3822918
1.0782471
-1.0983855
-1.1415275
1.0328089
1.3493704
0.58831096
-1.1547824
0.9512866
1.526321
2.4551427
-1.0483526
2.7241406
1.0632468
-0.2109619
0.20808747
0.6552374
1.8905058
-0.8497061
-0.9424941
3.127545
1.7416893
-2.3783014
2.249699
-3.3504097
0.79081833
-1.1431559
0.9423601
-0.9057719
1.8970171
-1.1757951
-1.9788308
1.1179893
2.197608
-1.683112
0.55292416
2.0113468
0.13692817
2.5201929
-0.9391361
1.5309639
-0.31284595
-1.3511122
-3.0572195
0.36755094
1.5563532
-0.016246602
-1.7940581
0.2857483
-0.26086116
-0.013461463
-1.1131686
-2.6415174
1.0222912
1.0661193
1.9792114
-0.67793226
-0.29670638
3.855194
0.02699557
-1.2269492
0.73119414
3.1535015
1.8922417
2.254047
-1.0210316
-0.6204544
-2.4416585
3.496317
-3.2768328
0.026949003
-0.2677197
1.2099243
1.8218807
-2.7307117
0.016377304
-0.26081464
-0.8117872
-0.9733163
0.4939689
0.348924
-1.5737915
-0.8959292
0.015214901
1.1671864
-0.47116327
-3.164861
-3.5308516
-0.45253167
-1.3641975
3.1508152
-0.13231602
1.4138412
-2.8102374
-0.2714113
1.0877113
-0.5592172
-1.7635138
0.4201967
0.8784262
2.6181862
1.498998
-2.9111338
-3.4713311
1.3930584
1.9958127
-1.5066371
2.437519
2.05983
1.6080683
-1.621771
2.428731
-2.5170958
-1.5884271
1.8105268
-0.9809099
-1.1462959
2.2136886
1.1936034
-0.65293914
-1.281326
-2.90939
-4.4317517
5.242304
-1.0876683
0.52932954
-0.81051594
-2.8194883
-0.069757424
-2.3769972
2.1163034
1.1563925
0.9797502
2.9482815
-2.8759327
3.4666576
0.49408048
1.7183034
0.68282294
-2.5821536
0.23775607
0.9690981
-0.12742412
-3.5265186
0.15267716
0.17787454
1.2256272
-0.40304172
0.3440764
0.9099688
-3.156866
-1.0386457
-0.64328146
-0.29721814
3.4145553
-0.68295014
0.23731498
0.5790482
0.56290996
-4.1049657
-3.3758025
1.7788483
0.47094083
-1.0426404
1.5970373
1.3277136
1.2052432
-1.8889802
-1.3909943
0.61332715
-2.389552
1.2935545
-2.9643223
1.5998349
2.5115132
0.6464708
-0.20092617
-0.6697122
-0.0018209293
3.8830159
1.443279
-1.1166625
-0.6459677
-2.19128
-0.95540535
-0.5585807
2.0387714
-1.0253057
2.583347
-0.18008536
-0.8867178
-1.5905213
0.06278714
0.81095564
0.4024682
-1.5139637
5.974271
-1.879781
-2.0303345
-0.17647699
-0.24812523
2.1149936
-2.110911
-4.1518373
-2.2620742
2.9889033
-2.7431405
-0.8682886
2.802131
-5.126586
0.0936924
-1.0729458
1.2115322
-2.0484827
0.01886101
0.39679065
-2.7193716
0.09549713
3.4519796
0.81450593
1.6668924
-0.8747323
-0.39428917
2.6870494
-4.2423625
-0.31273007
1.2930834
3.4641283
1.4344525
-2.7599175
0.56130344
1.1717944
-1.6421685
-2.146629
-4.267675
-3.8017373
-1.7036803
2.2305894
1.612115
-3.722807
-2.0294883
0.0031828806
0.51512283
-0.39838055
-3.0818434
1.4059343
-0.88918066
0.7755232
0.52648157
-1.1986337
-0.7268091
0.7891128
1.6642554
-2.1647344
1.6781883
-0.7643025
-2.7866123
0.5359654
-0.81289786
0.8957803
-3.382665
1.5805833
-4.535562
-1.9921722
-1.0367898
-2.0818663
1.563544
1.8275985
2.1144526
-1.1086072
-1.9136065
-2.4060407
1.2677152
0.0057990924
-0.79239297
0.21553865
0.2113798
2.3004937
-1.538346
1.5650793
0.6766407
-2.7817903
-2.0650122
0.59441084
0.21279672
-2.3409145
2.1348076
1.9729562
0.48373225
-0.42977768
0.115923434
-1.1735642
-0.02584371
-0.75171053
-0.23830381
2.9308226
-1.2303635
-1.1237178
1.7929978
2.0729225
-0.45089218
-1.2495404
0.28668025
-3.5492373
-3.4936738
-2.291228
-0.2763251
0.024885003
-1.202358
-1.7666283
3.091589
1.4359875
0.86873764
-2.4270604
1.7026359
-1.1301725
0.6120896
0.30062947
-2.0858667
1.2351154
0.5479932
2.540928
-3.2512755
-2.4365118
3.6530797
3.2213666
0.5790581
2.1875167
0.17921509
0.61218256
1.9496635
-1.2235832
2.9329727
-0.10807143
-1.6953273
-1.2733175
-1.4588984
-0.22714815
3.2690744
0.8041926
1.476749
2.7516315
1.7343986
0.9797803
0.6289225
1.3987913
-2.8473637
0.88465774
-1.9279759
1.1842854
6.8037124
1.7864401
1.5194509
0.03225887
1.4081674
-2.4113805
-2.2879472
1.7127838
-0.39497235
0.46103436
-2.38349
1.3917646
-3.317794
-0.5910416
-1.6090461
2.3698056
-2.5151749
2.3463585
0.6347387
3.432342
1.649168
3.5332797
4.393191
0.733707
-0.954509
-0.1917257
-1.2204633
1.9118863
0.9760227
-3.688057
2.9716191
-3.406635
-0.033404425
1.8643633
0.8978069
2.8033066
-0.25795475
-0.14965232
1.6350877
2.5759308
1.1133208
-1.5053074
0.8236103
2.6721187
-0.525423
-0.8237827
2.5541995
2.2243545
-0.6933606
-3.3905451
0.45947737
1.0600709
1.311182
0.4489643
-4.005599
0.17082772
-0.6005546
0.38814193
0.7561409
-1.2053345
-1.0766279
1.0922997
2.6847534
-0.033722527
-4.199837
0.3089692
-0.0034208447
-0.11864414
1.4969933
0.21651357
2.1742568
1.7223611
1.380248
-4.478438
-0.44650614
2.6501737
-3.76842
0.1328164
2.0312135
2.1162176
-0.70869696
-2.7201474
1.4934262
-4.102042
2.4402921
2.0668287
2.1603343
-0.30455017
-1.8461105
1.1308064
-2.336536
-0.96065724
-0.5792984
-2.6776633
-2.1471813
0.79873836
-2.296016
3.3206782
-0.006491475
2.495953
1.0739803
0.023002617
-2.947281
-0.37839603
0.65551186
-0.13443166
0.385124
1.6455469
-1.557214
-1.5879573
-2.429577
0.5366395
0.11724864
1.8961098
0.09041672
0.66188323
0.21526322
-2.5447245
-0.9340342
-1.973225
-0.06225533
1.5019065
0.36966258
1.6503873
-0.08201917
0.9390656
1.1644658
-0.17610824
-0.51550025
0.8247202
-0.7242945
1.704632
1.5812266
-0.07501874
-3.6290894
2.0672777
-2.5187562
1.2743776
-1.6230524
0.29473013
-0.20114794
-3.708121
0.8735451
-1.5268003
-1.7169937
2.1066973
-0.09995284
-0.2717026
-0.96647143
-2.7494648
0.3862762
0.18319297
-3.2132006
3.7006063
1.9067189
0.65187407
-0.9294247
-0.3449899
-2.3227477
1.803202
-1.8541143
0.26439574
-0.45948613
-1.675664
-2.0827248
-0.6928397
1.3728894
2.6189094
-1.2754904
-0.0130523145
0.34818166
2.076372
-0.67519814
0.9323624
0.87787414
-0.32138532
-3.6731393
-0.2879719
-1.5473021
-1.8255019
-2.3834176
-1.3357315
1.2736202
-1.3827299
-0.49101332
-0.59262156
2.758887
-1.057899
0.6794585
1.3466033
-0.019024268
-3.6678236
-1.4211948
-1.0604086
-2.2149262
-4.0571084
-2.500846
0.3702016
0.5924579
-0.24506652
-0.7194577
-2.9502401
1.3592063
-1.4629503
1.370297
2.8468103
0.103966124
-0.7075396
-1.9762809
-0.615335
0.52614
-0.63227355
-0.48780856
1.4015844
1.5469705
3.3601968
2.142818
1.3073078
-0.032717627
-1.2740393
-3.9060495
-1.7696246
-0.047774754
0.6852695
0.6777743
1.2245002
0.325408
-0.0138478875
-2.1410265
3.4973433
0.7916507
2.3414755
0.58111846
-2.1714804
0.16867808
1.588692
-2.6421306
-1.9178239
-2.923231
-1.2392944
-4.0254292
1.938217
-0.85044
-0.18609068
-1.4207078
1.6912049
-0.7255205
1.3112571
0.069731876
2.7398767
-4.199936
0.35275874
-0.59052753
-1.7969669
0.64271015
0.32912216
-2.1274421
1.1447213
-1.2610343
1.9147856
5.202359
-2.2365472
0.54365855
-2.7406542
3.903827
-1.0914729
1.836193
0.057838008
-1.5269171
-1.2988825
-2.5094204
1.6253685
0.56811225
0.3324087
1.8548522
-0.14126056
1.1951927
-0.9446236
-1.264384
0.878912
-2.871615
-2.1973908
-2.1391475
0.1121829
-0.5248856
0.81536406
2.823696
-0.36778292
-1.3938313
2.9433858
2.1455183
-2.1430712
-1.6132748
-3.110097
0.23017585
-0.70134574
1.3173983
-4.6469893
-0.16869557
1.3845247
-0.5835838
-1.8628532
-1.685119
-0.51968694
-4.6976666
2.897011
-1.8135382
3.4506497
0.5115651
-3.4606297
-0.7272374
0.36922655
-2.396268
-1.8620149
1.4284797
-1.510901
1.1842641
-2.3209157
-1.3403697
-1.1091336
7.2182355
1.0446831
-0.7156346
-0.7252272
-0.10827163
-1.788372
1.7382884
0.96380883
1.435352
0.08134018
-1.4394138
3.4900255
1.9708271
-0.19792631
3.535506
1.8994747
0.26793942
-0.7911699
-3.126265
-0.4456668
-0.5898263
-3.0634875
1.5723784
2.7945857
-0.3384689
-1.8512392
0.9706033
-1.5250907
-1.9471632
0.48959845
-3.5424514
0.60645986
-1.0165417
-0.36584795
0.9531734
0.2504241
0.306866
0.92860097
-2.042913
1.1314319
1.1450664
2.4164743
0.8263086
-0.112570144
0.5120667
-0.92589927
0.5166359
2.8976705
-3.7138662
0.6003785
2.0740664
-2.7472477
-0.4930117
-1.5614904
-5.064694
-1.1326196
4.8611465
2.7582364
-0.02294609
-1.1710955
0.059913896
0.30473068
1.0503511
0.3514694
-1.6232213
2.0810308
-0.4322728
-0.06664649
0.8535274
3.1124709
-2.18456
1.2494173
1.0065726
-0.4098376
2.7429683
-0.24154702
0.47298616
2.688937
-2.2313228
2.0065224
1.2148126
-3.62966
-2.1857798
1.2393478
-0.65081394
-3.8146229
1.994903
2.0337558
-0.831112
0.4202301
1.6121954
-2.3334215
-4.383259
0.9795627
1.4352938
-0.34661803
-0.5323074
1.5172269
1.5113531
2.2444146
-0.41897783
0.48165494
0.13431722
0.53839326
-0.9615576
-5.5187426
1.5717114
-0.93345153
-0.004330896
1.4832679
2.2186062
1.0118036
1.3663995
0.7593959
-0.919888
2.6349802
-2.6599438
-1.1421332
-1.6067456
-3.3700876
4.4935727
2.7349544
0.64849985
0.44167715
-2.3794334
-0.054982103
-2.2539644
-2.0233767
-3.6867297
2.0057025
1.5070828
-1.8733597
1.5598649
-1.0388155
-1.5688
1.3031198
4.0900917
0.14392819
1.5533338
1.6439855
0.0830883
-1.8082469
-0.13812336
-1.3716491
-1.5402939
1.1748446
-1.9725356
0.91776437
0.65905386
-1.1349053
-2.8476214
-2.3434007
-3.5135145
2.3660321
2.6652968
-3.793238
-2.645481
0.009600237
0.9259999
1.2860545
2.580153
-0.23751298
-0.5904668
-2.2748525
3.2734618
-1.3084284
2.62113
-0.2974676
-2.1504252
-2.097623
0.5075276
1.2245358
-2.7986329
-0.9485394
-0.28641045
-0.15043652
-2.0407696
0.17180833
0.77027637
-3.1755419
1.5620692
0.40185815
0.5413456
-1.2229028
0.20216884
0.12468233
-2.8248124
-1.4739126
-2.5369503
2.3443053
2.349001
-0.59880984
1.4917064
0.02482269
-0.9640678
0.16611329
-0.5176799
-0.012100808
0.05821883
-2.655972
2.458502
0.115760006
-2.1196084
1.5450484
4.0741134
-1.3323369
-0.67774224
-0.5959889
-1.8065172
0.40262264
0.3167987
0.60182685
-1.2005318
-3.930257
1.294114
1.1497067
0.29750282
1.2876906
1.4409921
0.3372309
0.38690755
-1.7446959
1.7966087
-1.2061771
3.3752432
3.378488
-2.3039155
1.2457026
-1.4729942
-3.13132
0.21249563
-1.3589307
-5.3816667
1.8377162
2.505818
0.65632683
3.483989
0.73842657
-0.22426409
1.4540247
-4.4515376
0.8655236
-0.30144405
0.5547098
-0.60084397
-1.5645915
-1.9542809
-4.0087347
-3.432771
-2.2078907
1.5649593
-3.1683943
4.6069365
1.3270627
-2.3241308
2.9853199
-0.5566135
1.4608861
-1.3111787
1.5469735
-1.8052169
-0.9560155
0.24452016
1.8960019
0.08371336
2.2411072
-2.4354918
0.08480626
1.1843266
0.16981792
-0.56005186
0.116720565
0.60956573
3.1610196
0.80218446
1.0535041
-2.2663417
-0.052444056
1.3598189
-3.98551
-0.47631732
-0.73619026
0.6971178
3.804444
-0.15863627
0.46853614
2.3494277
-0.16355437
4.0263824
2.8884737
-0.9855932
0.63394916
-0.36664408
0.9009149
1.7276931
1.2579921
2.6797543
-0.9455648
-1.4131029
1.2441195
-1.1269094
0.7790283
-2.0230377
1.652867
-0.063006304
-1.302418
0.42050594
0.70905375
-1.590117
0.9190695
-2.6432989
-2.7182128
-2.3052235
-3.8373408
-3.2476604
1.2139065
-1.9525626
-1.555863
-1.7069322
1.2742988
-0.9785254
-2.9864757
0.23900482
3.096636
2.0854447
1.9253111
-0.6285253
-0.07046709
-2.3289742
0.73326063
-0.72180897
-0.72111183
-0.20162445
-2.1622746
2.7646036
1.6854718
-3.9562309
-0.708761
-3.2450378
1.079806
-3.5836437
2.4799426
0.81903374
0.2907326
0.8916824
-0.53523284
2.3065834
-4.255766
-0.914356
-1.4156474
0.4151357
-1.7470901
0.39247113
1.7052407
3.1976566
-0.5998445
-0.55245167
-3.7601962
2.7980213
-3.2777793
-0.6541092
1.0041795
-0.21350163
2.5743484
4.3784757
-1.7202516
0.59858716
1.7433238
-3.905076
-0.32755703
1.6163441
2.2241325
0.98548377
1.9445221
-1.5985556
1.1169022
-0.18225501
-0.28017142
0.2101721
0.63646984
1.4290447
2.8960369
-1.0739491
0.46660802
1.4043323
0.68159
1.2774379
-1.1966494
0.4237078
-0.38972378
-0.49516302
1.1532222
2.4582882
0.09460668
0.3370803
-1.0851218
2.648682
0.087183
3.3368113
0.9762476
0.3224626
-3.2061362
-1.2717494
0.7108332
-1.8365523
-2.0081701
-0.7182188
-0.34141234
-0.43431562
0.6759188
-1.1944684
-0.34496817
-3.8446841
-2.4883404
-0.059554152
1.3474302
-1.6882645
1.4605389
-1.1488397
-2.9569411
-0.42530835
-2.751455
-0.82030815
0.46148464
0.3370526
-1.3039645
-1.2693827
-2.0647676
1.712203
-0.8232842
-0.8424954
-1.3246502
-2.3627942
0.9877218
1.8264118
-0.10041726
0.7018859
1.6175113
-0.10419118
-1.2355547
2.7889533
1.3178667
-1.1347392
-1.9034541
-1.115525
-2.5084147
-1.896689
-1.8277699
-1.5507462
1.4769375
-0.77613837
-0.18992329
2.702583
1.137963
2.8651965
0.23327225
-2.0189724
-0.41950583
0.5163213
1.5547649
0.891577
3.7524023
-0.42348287
0.65895545
1.6517171
1.3178703
1.8946525
3.445292
-2.1370797
3.8843477
0.34179467
1.5017776
-1.265682
1.3547009
0.17668134
4.015361
-0.5720954
0.27089518
3.5607774
1.7632793
2.533764
-0.9438336
-2.10321
1.8117576
0.57134014
-1.328973
-0.4396879
-0.30043855
2.564803
-3.1725738
0.32342488
-2.121912
0.33819222
-0.98763376
-2.2786808
0.7809897
1.6822377
1.2627149
-1.3322482
-0.96516454
-1.3078657
0.27083126
-1.1604189
-1.4933482
-0.110836245
-0.6138828
1.7217498
0.9244485
2.0207262
0.8671628
-1.674781
-0.32849783
0.58357483
-3.1857142
0.9657455
-3.6675034
1.3531499
-2.0420835
-4.7127557
-1.7460655
0.84035516
-1.4222168
0.5352931
0.27826142
2.4281113
-1.229619
-1.2630261
0.6198732
2.8663275
0.7340923
-1.7280102
-0.37069833
-1.604545
4.8947997
0.1734021
-0.82997143
0.30903783
0.9666395
0.24535662
-3.4324172
-2.4726913
0.6983007
2.0677292
3.431189
-0.89089835
-1.2203809
-0.5996161
2.4844706
0.38374457
-0.91382927
3.3477373
1.4949621
1.814943
4.2226157
-3.1147077
1.1544359
1.6084588
-2.3241062
-1.0807801
-0.5005793
0.819674
-0.56374836
0.9461647
0.22175688
-0.093892716
-0.07245239
1.1493483
0.56215376
-2.1231477
-0.7664285
0.9858945
-0.3863385
2.5127704
-0.38053504
-1.4253787
2.5659742
-0.68614584
0.8080102
-0.20433277
0.47576845
-0.44448683
2.0139804
-0.3937208
1.1845188
2.1432557
0.09484851
-0.06884701
-0.84986764
0.8759543
0.66549855
-0.035234638
-3.1251945
-0.3054783
3.1154742
2.3243077
5.603774
1.2342176
1.2704453
-1.0643399
0.9057485
0.47867772
-0.51327556
-0.67431605
-0.65250784
4.738283
-0.76805043
0.96175027
0.036576815
-0.6199458
1.9198998
-0.037827708
-0.6634034
1.646406
1.1440035
-1.6838195
-0.047369763
-1.9323279
1.5591553
-2.2308228
4.3268757
1.5452003
0.116375804
-1.1443089
-0.7725024
1.0083591
0.33021927
1.5803084
-2.8564498
2.1543589
0.3461832
-3.7058032
-2.6530826
0.44390616
2.8450563
-0.89480126
0.3878701
0.23860747
1.262788
-0.5561925
0.15984398
-2.8402598
-1.083085
1.291506
1.9754125
0.25912577
1.2314476
0.26698336
1.0290165
-0.2938254
-1.1220514
3.4649003
-1.0699469
-1.228863
-2.2163785
0.862845
-0.4840476
-0.06345719
1.2007974
3.0385516
-0.23175967
1.6203976
0.97189564
-3.6411703
-2.0017872
-2.9334552
0.18639295
0.07415805
-3.3022509
-1.5697765
-0.3416298
-1.2246804
-0.39021122
-0.9306498
-1.6196622
1.1778432
-1.4640769
-0.4980956
-1.3278779
-1.1907257
-2.2604265
3.7414045
-0.18295681
-1.5113906
2.5586011
-0.41068777
-0.89601016
0.0045711324
0.7450679
-1.1666577
-3.6843529
2.560428
2.166349
1.293275
1.1978172
-1.1589904
-0.18770689
-0.6332693
-0.39483178
0.8121932
1.4380813
-5.4885445
1.8991942
4.6290836
2.7581847
-1.1322384
-0.41143295
0.6737698
2.8051288
2.1864228
3.299109
-4.202238
0.84970427
0.053270187
0.034375127
1.7794663
1.7899758
-0.67166823
-0.66443586
-1.150957
1.6014506
2.5344627
0.42675313
-0.2845586
0.611831
-2.5449915
0.1770322
4.921954
1.4311261
-2.3463883
1.4817008
-5.6447663
0.20444879
-2.891396
-1.9107394
1.2813947
2.8728704
0.623066
-2.8053129
0.050840043
-0.99822336
1.9508177
1.5882572
0.58179057
-0.9965129
-0.053773977
0.6521908
2.749271
0.07048056
-1.0829792
4.6960616
1.3532884
0.4701888
-0.06785371
-0.80653715
0.20773673
-3.3593068
1.7831926
0.70980865
-0.78032434
0.19894856
-0.71544707
0.5858271
0.08030213
0.6674132
0.43641645
0.060419038
-1.7844951
-0.17083064
-3.8728414
0.09882578
0.0011713877
-0.06962928
1.6498193
-0.18222103
1.9996941
1.6715329
-2.2370415
-0.2268725
-2.5533276
-3.5975845
-0.12637314
-0.10601124
-1.4112065
-0.33572105
-1.1030948
-0.03134746
-2.2307303
-1.6492124
-2.4844646
-1.1532465
-0.9489363
-0.43239957
-2.7180939
-0.12758186
0.6252072
2.8519187
0.4325528
-0.60158485
-0.108293794
1.8654704
1.048395
-0.42076004
2.0553253
3.2660847
0.5321252
-1.7727717
-0.32936424
1.6728747
-3.9657006
1.6870509
-2.7465296
-0.5230061
1.6796801
-2.3588815
0.92327493
-2.57855
0.39425945
0.12543838
3.4211211
2.014014
-1.3684862
3.0348623
-0.85305834
0.2535544
-2.952725
1.1264896
1.7885863
-1.3429797
-1.8718041
1.3612084
1.8180411
-3.520044
-1.8475386
-1.4383131
0.62903
0.35874254
2.6520395
0.64364046
1.5548602
-0.29095677
-0.37545282
1.5934196
-2.1205003
-1.3582697
-2.133298
2.2320282
-4.598377
-1.6605651
-2.244491
-1.6752397
-1.0821975
-3.4995978
0.36253968
-1.0315574
-2.0490255
-2.0617025
0.08134806
3.2440608
-0.62478715
-1.6206008
1.3739429
5.580904
2.0430815
0.5366928
1.0910813
0.409788
0.56659436
-0.31995744
-0.97769564
-1.016937
3.102315
-1.0220435
2.4768379
0.19521743
-0.259513
-0.63120615
0.30933017
2.0840368
-0.03362459
2.1823244
-1.1298933
-0.037704602
-3.4007647
0.58408046
2.0796342
-0.129743
3.2642927
1.1714268
-0.55986726
-3.4010973
0.025936175
-0.941947
-3.5936944
1.1017914
0.23159675
-0.34105465
3.734494
-0.044618383
2.332881
4.146157
2.822464
-3.5772598
2.2789524
-0.3331579
1.420676
-0.2732365
-3.3845727
0.8494163
1.7233337
0.37864655
-1.1309929
3.616996
1.9213041
2.7480245
2.571882
0.18998483
-1.5797359
3.5950933
2.4047835
2.9301853
0.76692134
0.1964547
-2.5771446
-0.76528174
-3.9378457
-1.9561715
-0.61889887
0.15523148
0.06675963
-1.1436656
-1.7871151
-1.5872452
-2.1608746
4.046807
-1.7628087
2.0832167
0.65247613
1.572199
0.54838455
-1.9422022
-0.9219197
4.703258
2.7659006
0.2123949
-1.520464
0.2504827
0.9330092
0.071526565
0.7532997
1.6477543
-2.4780574
0.30956748
0.26040167
-1.2607825
-0.52275264
-0.70277643
-0.05150088
-0.9035919
-1.762432
0.31922027
-0.2594598
-2.190741
-2.1869738
-0.014169186
5.3817644
-1.4973617
0.9150054
-0.9694784
0.7285079
-1.8835988
-0.5061052
0.47026604
-1.2285241
-4.127218
-0.3913412
2.142168
-0.9956497
-0.61125225
1.3214315
-2.1180286
-0.6891851
1.1849163
-0.21469444
-0.16247198
-3.9867508
-0.73746234
0.4349215
-1.3240882
-0.7094836
1.6336294
0.7506365
-1.8967804
0.23353454
1.7291158
1.2601953
-0.17643237
-1.8175982
-1.6414498
0.4558798
2.851105
-3.4501925
-0.20803382
-1.5685152
0.16361979
-0.93318206
0.20092133
-1.5915536
-0.93994504
1.5367402
-2.041924
1.7520009
0.6953412
1.3351166
1.8227088
-1.0868495
-0.3842158
1.7745957
-0.23470986
2.6905198
3.601968
3.3776078
0.1872973
1.8569016
0.6318921
0.48722914
-1.002781
-0.08302261
2.270337
-5.6419635
0.66409266
-2.1984782
4.778262
3.8382754
-0.9441284
-1.2414616
2.0904958
3.165313
0.36923376
1.0571464
1.098043
-0.6723952
0.8140793
-0.07457195
-1.3531735
1.1696912
4.176113
-2.7241979
-0.5117547
1.076114
2.2437637
0.08794959
3.3875594
-0.40658212
-1.5710304
1.537478
-1.8956801
-2.0147836
-0.10481391
-1.7421247
-1.9222904
0.8974497
1.7234135
1.3125696
-4.0271797
-3.1435726
0.6928156
-1.860614
0.622158
1.0448006
1.9911681
-0.7596466
-0.68529123
-0.6519021
0.6933424
1.8052799
0.40029162
-2.5523107
-0.91277516
0.6729521
-0.13049987
-1.2676369
-1.9890033
-1.309879
3.5114617
-0.77318925
-4.202596
0.037626915
1.533805
0.7599334
0.36650085
0.85812986
-1.5838858
-3.782005
0.5181896
0.8768599
2.2087905
-2.4890919
-3.907809
0.4745991
3.5229242
-0.41169167
-3.7800903
0.30814612
-1.8954504
-1.7345865
0.3684025
0.8112311
0.10299654
2.4436433
0.020202361
0.06972146
-1.9735754
-1.3843963
2.3507838
2.7858958
2.153329
3.5631223
1.2100507
2.7709434
-3.4114442
1.8382734
-3.3930664
1.1947026
2.1094725
-3.355883
-0.1849136
1.2681414
-1.6807915
0.9426316
0.75879616
-0.8337562
-0.7092867
-0.11120736
-0.06879436
-1.1680568
0.49612692
3.1593893
-3.7809398
-2.813248
2.157786
-0.021284446
-0.9534659
0.7433544
-1.3009646
1.193687
-0.79428434
-3.0483513
-0.044688806
-0.17467454
0.23373559
0.33968332
1.4150594
2.0730484
-3.6811697
-3.333891
-2.2482836
-1.0933118
-0.5706451
1.406062
-5.084306
-1.1202945
1.0893414
2.1000137
2.465035
2.7539341
-2.2798786
1.0116763
0.9724418
-4.408791
0.34193388
0.16867003
0.48806068
-2.5658784
-3.0665088
2.0164082
-0.79879254
1.9195025
-1.305095
1.6490456
1.2564965
2.2031832
-3.2828655
-2.7130663
-2.2288632
-2.1363046
3.2363107
4.238265
-1.8869312
-1.7658502
0.4921606
1.2362951
-3.2137706
-3.351733
-1.029277
-0.7009506
-2.8886683
-1.65311
-3.7964773
0.75455797
-0.5831281
-0.20700061
-1.5621842
-0.19086038
2.3855083
-0.55285376
1.545587
1.1290398
-1.2868017
1.1187121
0.37676454
-0.22029233
0.6228803
0.79173774
-2.0834613
-1.6342996
3.282408
-0.4820885
-1.5702801
0.7180128
2.3095315
1.119493
1.6748619
-0.2454798
0.7919201
-2.5394094
1.1035997
-2.2883353
-3.322453
1.0128595
-1.1164246
1.2280785
-3.4957538
1.3437307
-1.8125178
-1.8482416
1.0078313
-2.1369672
-2.3509562
0.12600449
1.1173582
-2.2316303
-1.6644803
-2.9350855
0.004137866
-0.15445465
0.41203952
3.451116
-2.7349951
-2.2997742
-1.6161011
-0.6610331
1.525778
-1.4147176
1.1123244
-0.31264156
-0.67493516
2.1517565
2.7460282
2.1839767
1.18354
0.24792951
1.3760588
-1.0346484
-1.224978
3.2001357
-1.5989674
-3.1971624
1.0500964
2.3700142
3.770198
-0.48172933
-3.3668962
-1.7036269
2.21949
-0.565526
1.8507446
-0.74730414
0.70724386
-1.2637584
-0.43394655
0.15103114
1.141177
0.3214758
-0.07861777
2.1655061
-1.4124322
-1.6709778
1.1750867
0.08665522
1.5969067
0.31832585
-3.4994936
1.5174855
-2.6665604
0.5589743
-4.771789
-1.1898836
0.5313741
2.3672066
0.4252418
-0.47041035
2.7473638
0.208235
1.7587038
3.1251428
0.62386173
-0.12449171
-2.2148468
-1.1539941
1.0026792
-0.46854275
2.0546649
-2.1218429
4.118536
0.026899658
-0.7969266
1.6174785
-2.4038792
1.5180613
0.829739
-1.487134
-2.726203
3.739679
-2.0666225
1.911457
1.71673
-5.0285215
0.9382921
-0.03831111
-2.2026236
5.991252
-1.3034174
-0.86208814
-1.8619826
-0.1908207
-4.720772
-1.354525
0.68914795
1.1241177
-0.6190502
-1.8792616
0.18973193
-0.82138795
-0.9211601
3.1403067
-0.99016416
1.6392971
1.5833317
-0.36192304
0.3876981
1.5424563
-2.3456125
-0.6376761
-0.5469941
0.24544302
1.8644704
3.321028
-2.4571784
-0.99645656
-2.6677454
-0.37424904
1.1290678
4.1888204
0.2006369
0.24525678
-2.6334543
1.3711076
-1.7088914
0.65177727
2.1572495
0.6567254
-1.0678035
-2.6180532
-1.5040835
-2.7268596
-1.6169739
-1.3162873
1.1292704
-2.4262195
-0.63507766
0.97534037
1.356615
-1.3341824
1.227141
1.5951486
-0.6967385
1.0130785
2.1794937
-2.7281702
3.0704608
1.0379635
-0.74632984
-2.9218986
0.9280117
-2.0332139
-0.21138427
-0.44282705
3.0874543
-0.8452235
-0.46873474
-2.4074202
-2.7061481
-1.8002803
2.2460377
-1.6017003
1.462811
0.09029593
1.6245054
-2.2526534
0.079183616
-2.8652618
-1.1068264
-1.7796445
-0.23482528
-4.129858
0.032113202
0.50814074
3.9063337
1.9908739
-1.8905829
1.4868429
-2.129223
0.8857821
-1.4284111
2.3032057
-1.0067664
4.3194103
-1.2538166
-2.091887
1.1554692
-0.70151997
1.4202205
-2.8457186
2.6593018
1.7755575
-1.0425706
-1.7091179
-0.8687834
0.023072518
0.3354424
2.972639
-0.51392984
-1.0515695
-0.745936
0.7933675
-3.7170005
0.49552613
0.33450234
1.6174185
-0.41882372
-3.487614
-0.32042816
-0.22034273
-0.2942649
2.9385393
1.7629788
2.080606
1.2515004
-1.5574794
1.0667413
1.7453235
-0.13173687
1.1707373
-1.1948797
2.8787122
-1.3058716
-2.0880296
2.4209802
-2.08914
2.229593
-0.050949566
0.26180953
-0.0035291612
0.16207193
3.333987
4.147282
-2.8742635
0.25494975
-0.5877074
-2.2252195
-2.5100229
0.18808885
0.9481245
2.423787
-2.366892
2.3051434
-1.266719
1.3590488
0.77413565
2.5498457
-4.31816
-2.354696
-2.851193
-2.1549022
4.209062
0.24169694
-0.9268625
-1.8771943
-0.6462153
0.11714642
-0.72499037
0.5276493
-0.07026769
0.111936
0.8795656
-2.5437965
0.011455305
-0.7826
0.47205433
-0.9724141
2.5660777
-1.5803442
0.24100643
-1.8121351
-1.7442733
-1.0018927
1.2356553
-0.5707743
2.3473027
-2.0911045
3.1105974
-1.6758817
0.8453135
2.4609807
2.3030717
0.5764514
1.1798987
-0.6154769
0.27856836
0.28301173
1.260492
-0.7216749
-1.7037199
-0.7177689
0.7397595
1.5644572
-1.1587554
1.6706191
-0.8528527
-1.6252736
-1.7349075
-1.5633626
0.73602366
-3.9554658
1.0642118
0.58289146
0.008633763
1.0067782
-0.8350196
-1.3880237
3.2160285
-0.80787885
-0.9852929
0.25101843
-1.4258583
4.2700276
2.5108519
-0.4188274
2.523177
1.0893539
-1.1712246
-1.8315794
0.923791
1.3901306
-1.2306291
0.5680569
0.46151447
-3.137617
-1.421261
-0.47348675
-1.331881
-1.0512029
-2.3449574
-0.8621924
-1.4830182
-2.282419
-0.57643306
2.7668326
-0.9189773
5.512973
1.3654836
-1.1346089
1.9033993
2.7352853
-0.7980977
-3.563139
0.12482576
-1.6552017
2.5208702
-1.4394528
2.6636317
-2.2643938
2.4132695
-1.8462923
-0.36501998
-2.4981592
0.48052168
0.8871403
-2.3635912
-2.1138668
2.1901882
2.1653955
-0.63129
-1.5675808
1.0682173
2.861999
-0.01617629
4.495108
2.0902975
1.8394881
-1.1828088
2.9046292
-2.4678793
-3.0348608
-1.1567705
-1.2323784
-1.1305231
0.7716174
-2.377001
0.6036606
1.333228
-2.2377348
-1.0144618
-0.07670093
-3.3895526
0.16437668
1.2535735
-0.23656657
-1.7469673
-0.38150108
1.8821627
1.1434419
1.7792248
0.6946594
-0.40633354
-1.6421453
2.0598612
0.64702815
1.6974092
-2.2505038
-1.6489091
-0.07360348
4.641351
3.5739307
-0.067199886
-1.3058864
3.1369135
0.63540924
-1.7717543
-0.35132462
0.55147076
0.26979494
1.5518326
-0.31706798
1.2497258
2.1571376
-3.7082293
-1.0736948
1.5391351
2.7299657
-0.8351284
-0.18774638
3.2596948
-0.5815556
-4.13899
-0.5085059
1.0121245
-1.6973541
1.915053
-1.4275886
2.4275305
-1.944032
-0.3449079
-2.2372224
1.034807
3.480072
-1.207993
-0.83093023
-3.293983
-3.4990594
-3.190272
0.8869915
0.44150013
-1.0996062
4.749642
1.7493052
2.1063027
2.2761743
1.3361266
1.3123162
3.0962915
1.621443
2.4198194
0.97405034
-0.3589986
2.1226346
-2.5155191
-2.2881858
0.7434583
0.18388581
1.0460553
-2.3420174
0.06460762
-1.684298
0.72512585
4.1825037
1.0387832
-1.9728491
1.4278823
1.5860094
1.3417045
-1.0472493
-0.55500495
-0.08348522
2.8900692
-1.9567132
1.4931215
-2.3725688
-0.22634041
0.09966868
2.3798275
-0.64538497
2.7848294
2.1314569
1.9384674
0.06646356
-4.078872
1.4429612
0.77496076
1.0772203
0.7611322
-0.6463453
-2.0002983
-3.47897
3.1454313
1.8615837
0.76522666
-1.9546952
-1.3047909
-1.5980663
0.6835564
3.3315725
0.71822697
-2.9058938
0.85085726
0.7935802
1.980201
-0.5108293
-0.3502036
2.853279
0.39444694
-1.1791208
0.1374923
0.062673405
-2.270936
-1.146509
0.33689708
7.044772
1.8138019
0.32226452
0.46448013
0.91227424
3.2661772
-0.67243683
1.7714118
-4.1357975
0.90766263
-0.050680406
0.5705513
-0.503032
-2.1292162
4.111876
-0.38050112
-1.3192111
1.7146083
1.0627953
2.3054125
-3.8757143
0.50410384
0.3992342
-0.20170939
-0.08560355
2.0907412
-1.0132707
-0.8011476
0.7929756
0.21285897
1.8914245
1.3258363
-0.15564282
0.18046609
3.5146801
0.13283262
0.45217913
2.1847565
-0.44234636
0.53039855
0.01482404
1.6082351
0.38646385
-4.3206196
-2.515735
3.4855454
-0.01780045
1.9092336
-2.6217787
0.8076234
-1.4923965
0.89067537
1.0076326
-4.882631
-0.7490635
-1.436788
-2.1349375
0.77671057
-1.2124689
-1.6198564
1.236616
-0.07307625
0.5139452
-0.43232477
0.2331613
1.5089552
2.349961
-1.7043098
-0.42815638
-2.880193
-1.8606219
0.61954373
1.4961277
2.287848
0.5650116
-0.9943385
2.7636943
1.9373139
1.4498448
-0.12986869
3.3301797
1.6449454
2.3421576
-2.661638
2.1943023
0.19110791
-3.7521892
-0.5263943
0.21141222
-1.3125429
1.2308221
-1.3238785
-1.4707329
2.2716086
1.7299367
0.40095967
0.12316497
-2.947874
1.384585
-1.0686854
-0.5837587
-0.5651959
1.5827422
-0.57005495
-1.7303631
-1.064219
2.4435246
-1.2420651
-4.281489
2.704371
0.818862
-2.1771462
0.6805255
-0.41156733
-2.0914931
-4.6365967
-0.6371233
1.8402507
0.6486516
0.7659813
-1.2979895
-1.1935011
-0.7835498
-0.26963994
0.4749233
-0.96688205
-0.1251091
-4.315013
-0.7051586
-0.92747134
-3.7004275
-0.43799296
1.9693811
-0.21437185
-1.582029
0.8157568
-2.6270545
0.59330714
2.039306
-3.4984128
0.15274745
4.827544
0.85172147
-2.0521243
1.3617358
-0.5112646
0.44926643
0.050452303
-0.95021224
-2.9426854
-3.0702791
1.5216483
2.0149083
1.2249595
-0.32112023
-2.8423426
-3.8990803
0.9608917
-1.0378146
-1.8004868
3.6915483
0.6152681
-1.672673
0.6908724
-3.4114988
-1.372783
0.73223287
3.6191168
2.805364
-1.0227337
-0.341133
-6.1578693
-1.3267812
-1.7292591
0.46231848
-0.5478184
0.7217936
-0.38791978
-1.0632563
-0.8328651
-2.3729835
1.3113103
0.033583187
3.102874
1.5355175
1.6858348
-0.3550095
1.5845791
-0.88044906
3.1387486
1.1800916
-0.9227915
2.028283
-2.2752259
2.605513
-1.9964452
2.7925425
-2.1134965
-0.016121507
-2.2196453
0.5049387
1.620978
1.8613435
-0.2565266
-3.10384
3.2557483
-0.37563488
2.8657072
2.4217322
0.9936457
0.14900258
-0.97787607
-2.258772
-0.93801117
-1.5270474
-0.69269675
0.37760648
2.0747268
3.445086
-0.26181054
2.2082114
-1.6075639
-3.3848078
0.43896484
0.19847156
0.2281762
-0.4624892
-0.055312812
-0.2553854
-0.75228447
-1.7020524
-0.41761526
-2.1903455
1.1549866
-2.6231956
0.09441886
1.2315521
1.197372
2.1825547
-2.626491
-0.70277834
0.6302846
-3.2404974
-0.22690853
1.3067716
-1.9947335
2.7511883
-3.0290766
-0.6846535
-2.6136632
0.43801653
3.1852336
1.1034604
-0.6298595
-2.208049
2.518994
-1.7056254
-1.6854879
2.6554694
-0.6395979
-0.13975531
-0.44938374
3.3233569
1.7760465
1.5132626
-0.6153211
0.26043493
-2.8184252
0.8949402
-2.3106468
-0.46754682
-0.48376226
-0.70490056
0.12523475
-1.3536881
1.8270048
-3.7340527
1.0054204
2.332745
0.403155
-4.9274936
-0.79422605
0.3285703
2.5094545
-1.6238549
-0.35620666
-1.3033885
-2.4501824
-0.20305076
-1.5694095
0.5269069
1.2727171
1.2105807
1.7449813
-1.720342
1.0239044
5.1853395
1.3797523
-0.5242684
4.726338
-2.3573108
-1.8452886
2.8750377
1.7214196
0.5750018
1.8144264
0.08583373
-0.9696478
2.5875275
-0.19760776
0.9401931
1.3243834
0.15926406
-2.501408
-0.6120065
-2.907344
0.12776083
-1.2001022
2.122966
-0.6441655
-0.44346368
1.5722328
0.8528663
-0.31341127
-1.9468153
-0.46312538
-2.753383
1.3104725
0.51282454
1.8934401
1.6357865
1.589521
-3.3421962
4.717679
1.7212895
0.032123327
0.71014136
1.5959505
-0.19706866
0.41175038
-2.9512422
-0.94875276
0.91333765
0.20203705
-3.920262
-0.25819525
-0.14496607
-2.2460456
0.8569325
4.517434
5.3440747
-0.7410491
-1.8058288
-0.9295552
3.0661478
1.2088808
-0.49967128
-0.6133998
-2.0204768
-1.5902545
1.6640236
-1.260357
0.05266904
0.5010268
-0.35173506
2.9457073
0.57743114
2.2677848
0.058009528
-1.2696581
2.0084941
1.1706128
-1.2658173
-0.9620865
0.5916755
0.78481126
1.3056688
-1.2441239
1.6693913
0.7543853
-0.949843
-2.629974
0.60927427
-1.418981
0.6019706
-2.5192406
-0.5696241
1.3307973
-1.1322278
0.21517998
0.9643959
-0.41452482
-2.869123
-1.4214613
-0.26944336
-5.209935
-2.0586748
-0.7254924
1.0567237
-1.0362698
-0.24142794
-4.7346706
-1.2264926
2.1173723
-0.064991795
-0.8995603
2.8193767
-0.15098551
-1.1407498
-0.3919127
1.0414058
-1.6378504
-2.404242
-1.2419305
2.3783388
1.896883
0.15406422
-1.26633
2.5918028
0.27349654
3.4532728
-0.06669806
-1.5178447
1.7510006
3.0872996
0.1771209
0.4737146
2.2235272
2.342009
3.312686
0.65360844
3.7001314
-1.6390975
1.3976388
0.26816377
0.9548236
0.9293152
0.8617331
-0.5293305
0.9543068
1.5478402
0.2809757
-1.773154
-1.8285729
-2.869803
-2.3336816
1.727154
-2.1821508
0.4484377
-0.78927463
1.6322091
-0.33061245
1.0362349
-2.5453553
4.374497
-3.773945
-0.89685786
-0.27729392
-2.6886768
0.30145854
1.7858216
2.6354344
-1.3325754
2.6776116
-2.390175
0.48515856
-1.2062231
0.9753515
-0.9669433
0.61566764
-0.46919677
3.298207
-0.14133713
0.16165438
-0.31564605
-0.572248
1.3258932
0.37365088
2.3669503
-2.1532767
0.20593654
-1.5335443
-0.82505745
1.119046
0.325117
-0.60325086
2.37314
-1.5617638
2.9719741
-1.6773808
0.16817468
-1.1268123
0.8347044
0.87718666
-0.031239897
0.5178237
1.4677408
0.84717864
1.8102027
1.6906389
-0.9705331
1.1145912
1.4252591
-2.7350552
2.3435702
-0.19380109
0.99323463
-1.3972273
-5.9836893
1.131026
-1.6261157
2.0086672
3.9280512
2.9209054
0.18261096
-1.1806377
-0.18435344
2.971227
3.8263168
-2.2404885
0.7228027
-0.06596589
0.111250035
-1.7382058
2.2837458
-0.6151691
-1.1211637
1.6097515
2.5437782
2.2174475
-0.7766832
-3.9440744
2.1438994
-3.2214403
0.16396943
3.9721668
-2.841879
1.5649978
1.5209055
0.7118874
-3.0398161
-1.9843844
0.96331227
-2.036562
-3.691848
2.4565387
-3.5506952
1.0588312
1.3743025
-3.284552
3.568344
-2.5916638
1.6719924
2.205943
-0.69223136
1.7107394
0.2841933
0.86457783
-3.721836
-3.5377357
-3.350582
4.5194564
-0.14500293
2.250522
0.16484687
3.9377577
2.2448726
0.43220544
-2.4582114
3.1176548
-0.8332171
-2.028618
-0.44530877
-1.0964257
0.7581702
2.0092037
-0.46582192
-1.3903306
-1.0569222
0.27744547
-0.61395097
-0.59508854
3.1517823
0.67031395
0.6633821
2.6062386
-0.41972807
-0.27302957
0.09189478
0.6063187
2.5650523
1.0089105
0.12627454
0.9516073
-2.5481312
-0.77130556
2.297622
-2.4962358
-2.1489408
-3.267022
1.4970195
0.82446945
-5.3232703
-2.253558
0.7149127
0.5790457
0.63911134
0.38374537
2.2281187
0.34239855
-0.31293342
-1.7444214
0.035216205
1.8441526
0.97260934
3.7891335
-0.1903493
7.0766363
-3.0567508
0.98951817
0.21991712
-2.0420392
0.12034011
2.6775088
-0.18520379
-3.293966
0.7977346
2.0154765
-2.0085816
1.2509022
-3.8561862
0.5856498
1.3110411
-2.2582405
1.2888627
1.030947
-1.7172432
3.4308043
1.0843592
1.0499507
-1.9630338
2.7806754
0.118424386
1.1840235
2.7306504
1.0151503
-2.0018234
0.7848646
-1.0179684
-1.5877365
2.4727173
1.044051
-3.951642
1.4906609
-1.4670174
-4.1630816
-2.5993812
0.9900008
0.24965933
-2.2810655
3.7876475
0.24716976
-1.402623
1.852538
-0.08630645
4.083944
3.025959
0.28607148
-0.759404
-1.2876587
-2.005869
0.9198505
-1.5831927
-1.1393152
-0.17695293
-0.8195263
0.36600104
1.3175876
1.7546507
0.8597806
0.99643767
2.3389473
-0.8053245
0.6488657
2.021323
-0.093511455
-2.6881971
2.6904352
0.68259853
3.6029005
1.725503
3.354025
-0.59302026
-1.4388943
-0.13449436
0.38588503
-0.2642546
-4.3870063
0.96876097
-0.4976672
4.601938
-0.013285607
-1.5448087
0.66609675
-2.4481864
-0.5903049
0.9208172
0.5695689
-0.9140596
1.5146201
0.78179044
2.3794343
-5.3626304
-2.245404
-3.8375804
-1.891468
-1.7974343
-0.4394966
3.2313192
-0.75949913
-0.025993861
-0.4846539
-1.5991454
0.86192346
-0.40214235
-0.77349573
2.810801
1.4441401
-0.9520654
1.3470268
0.64186907
-1.9686869
0.8463871
-0.64511687
-0.25975844
2.3790236
-0.14282131
0.026951
1.4822866
2.7350905
1.6855693
-4.020195
0.17258959
-1.8420718
2.3711674
-5.1786366
-1.9753696
-2.0898964
0.21103318
0.1150493
-0.41211158
-0.33600128
-1.522887
-2.621181
5.0413074
-1.5321486
0.5913088
1.2332187
0.6687653
1.3280622
0.6707511
-0.35125548
2.373338
-3.1269963
1.7726119
-1.2911296
-2.115563
2.214565
3.2364936
-1.5067015
1.2714591
0.77708703
0.6810126
3.0782495
-1.6646792
0.44214603
0.2600122
-0.7040496
0.88624454
-0.6662526
-2.7473009
-2.0509996
3.4464464
2.607235
-3.2460685
-0.26618448
0.42068318
-2.5417027
-1.594183
1.1638123
-2.2704885
-2.6910262
1.4198272
-1.915041
-1.3373948
-0.7622159
3.5274947
-0.35293525
-1.2339038
1.4316146
2.2052107
-1.4842416
0.96121556
2.0399628
1.1530077
-2.539281
1.8833183
-1.8525203
2.4133143
2.1091156
-0.47847453
1.7212375
1.1283426
-0.060854346
-2.7534657
1.031611
1.5201231
1.8063656
-0.54619664
0.73540753
-0.014325418
-0.43236864
-1.3387835
-4.390927
-0.63754576
-0.23254111
-0.7012545
0.18404214
3.211426
-0.3082903
0.96968406
-2.6838527
-0.7478243
-0.71038914
1.6113454
-0.7373239
-1.9540253
1.6221274
-0.665287
0.053142175
-0.9691494
-2.1098757
0.9400844
-0.71952164
0.29439974
1.5162125
1.0123473
0.48085076
0.2973991
0.80155295
0.018836647
-1.0288541
0.12780696
-0.3495214
-2.4026458
-0.37305045
1.1500103
-1.0692253
-1.8027959
0.43035537
2.0495183
-0.56423825
-0.7843126
-4.551172
-2.3453386
-0.23422429
3.7076051
0.2015141
-4.0928082
-1.5993307
1.8980101
-2.2214618
-0.5270694
0.3549049
2.271129
1.8381857
0.23849384
-1.1026955
3.152863
-0.9652786
-0.9380304
-0.07199315
-2.2150595
0.10999373
0.76812065
-3.269837
-4.0555496
-1.6881151
1.8459071
0.11378095
-1.0504177
-2.5327468
1.8489417
-3.2615507
-1.7937431
2.3606968
-2.7940369
-3.6139219
0.58727205
1.7207404
-2.0607324
0.5477773
0.1395913
-1.0873247
1.4013916
1.6961039
1.2993181
-2.2819786
0.10652531
-2.324916
0.8222026
-0.69867337
-1.0788461
-1.934168
0.4460237
1.5851489
2.8827891
-3.0683103
1.1892804
-4.3011904
-2.462139
0.8412056
2.2771547
1.1590323
0.059494942
-1.960105
1.3694339
-0.37744206
-2.4024942
-1.7604471
0.017866686
0.77473795
-2.528641
0.74693453
-0.6394388
3.1541781
0.8155416
-3.3212798
1.4284396
0.6982002
-0.10117268
1.3613082
1.643481
-0.20756549
-3.8165047
-1.1385535
-0.512614
2.5247543
-0.6664954
2.5876153
-1.9314631
-1.2514005
-3.902201
3.0142198
1.717857
-5.959487
-0.6753859
-0.4346053
1.3497754
-2.0346556
1.0224358
-2.690874
0.7603451
-1.9668372
-0.73108
2.30608
3.5568283
1.0831039
0.81224
1.8330922
5.8893194
-1.4206623
-1.7435783
0.8511047
3.9993043
1.8855244
-0.7488592
2.271911
5.7545414
-2.9232728
0.6434044
-0.66972387
-0.90857106
2.3100011
-0.499127
-1.4677175
-0.5950485
-1.8895193
-1.8871632
5.1758
3.1354766
-1.8062382
0.49035296
-1.180502
-1.6983478
2.7298942
0.69585663
-0.56151617
1.1943758
-0.15829575
3.8930657
1.1491153
2.2568038
0.15542737
0.1321367
0.40276745
2.5573132
0.78976464
-2.461821
0.08450632
-3.1586506
0.8153506
4.3975825
-2.4210696
-0.76379436
-0.81007504
-0.07731252
0.16548696
-0.5501307
1.736659
0.73990977
-0.288826
-0.5574692
-1.5549469
-2.2921803
0.14417163
0.81579727
-2.7030623
1.949967
0.3361639
1.1364816
-3.2200263
-0.9110847
0.60226816
0.37390664
0.3140569
-3.7013657
2.321033
3.2790933
0.48653692
-0.23841456
-2.4517083
0.88303477
-3.4196565
4.501798
2.571287
0.6530837
2.80239
2.612784
1.6571124
-0.20160978
0.95839137
2.1959128
-0.7712091
-0.6085686
-0.91519284
4.9551997
0.2002814
-1.4528582
-2.0942342
-1.0913973
0.1046219
-0.8989662
-0.08461918
-1.7073364
0.22237214
-2.22836
-0.41864
-1.3280114
0.791096
-1.844209
-1.9973179
-4.2248607
3.0918598
2.6830637
-1.0361118
1.6506517
0.46019062
1.4742297
0.04795454
1.1498591
-1.8762903
0.5131555
0.66442466
-0.78034526
3.5216715
0.27486992
2.3038259
-0.585801
2.0770895
-1.9245018
-1.6250091
-0.86199224
-2.162627
0.9915216
0.90177995
-0.9933664
-0.035938665
-2.5969746
0.21535714
0.56898874
2.4443202
2.1716073
-1.5384369
-1.2533946
1.4475497
-0.946181
-0.50443953
2.4994543
-0.75046754
-0.6098113
3.897644
3.7314525
-1.8581004
-0.8547775
2.9208596
1.0448974
2.6737301
-2.516851
0.04920374
1.8056659
1.7456107
-0.72910875
-1.4992942
2.8079689
0.11253148
-2.1470954
-2.451531
-1.5485408
0.15516335
-2.9063659
0.307438
-0.55342454
-3.1201758
-1.73771
-1.6137033
-0.58269405
1.4453117
1.0027113
0.35422796
2.5007784
1.1732985
-1.8149663
-0.914444
1.1618433
-1.1963128
-0.41701636
-1.5933388
0.09064322
0.39046332
3.165634
1.434188
-0.79439324
0.076570734
0.40320694
-3.5309067
-1.3408461
2.8928733
2.0625591
-1.4800233
0.53841424
-0.3504219
-1.8251227
-1.058257
-1.4588459
0.37674946
-1.9811498
-0.833925
-1.6194609
1.0004958
0.94082844
-3.810521
-1.9133642
-3.8544986
0.59777033
0.14716004
4.898395
-2.6532145
-2.545597
2.0703375
-1.3593779
-0.32144243
-1.6522444
-3.411206
-0.44233257
0.1709209
2.633035
-0.5120224
-2.5698369
-1.0297456
-1.0480808
1.7412441
0.16438046
-2.4285586
2.027962
-0.7549891
1.3287522
-1.9052488
0.4823155
-1.8017042
-1.2056565
-1.1885574
-5.6513906
0.5431298
0.19832912
1.1651821
-3.0298707
1.8570902
-3.0932372
-2.610558
-2.3357797
0.017651059
1.0287502
-0.008109897
-0.038804024
1.991112
-1.234178
1.5450056
-0.046240903
0.8611347
1.0631359
0.022088721
-0.1868434
1.6939422
-1.2613132
-2.0249562
-0.16948912
-1.7004598
2.6550186
-1.8463349
2.7045062
-1.028876
1.5765337
1.459726
-2.9052505
1.7185764
-1.2027874
0.38357556
2.5236716
-0.26319775
1.318208
3.6629148
1.2512838
1.2470843
0.5289708
-3.449829
0.44002566
1.1607785
-1.6481009
-0.15562364
-1.2417662
0.21657275
0.5522927
-0.9258482
2.159806
1.593035
4.830181
-1.9660631
1.2476649
1.9122338
-2.760174
-2.1859694
0.17980678
1.047612
-2.8503819
-0.43712118
-0.6330732
-1.500192
-1.1427835
1.1966621
0.7917479
-0.29221383
-1.4045887
-0.3557707
-3.9650593
1.4649624
2.0140202
-2.2185843
1.5862479
1.4381167
4.3460493
1.0280432
-3.6066341
-4.967459
-2.3406541
-1.8455706
-3.6422894
-1.7770354
1.6652508
-1.7247647
-2.5242505
1.3645494
0.9428843
0.06875183
-2.2923524
0.9831719
0.12149862
2.60503
-1.0687349
0.3456922
0.22954889
1.669242
-1.7125398
-3.0815809
2.3344486
-0.5836322
-1.7745866
1.1534418
-3.6691263
-0.18434706
-0.6993308
2.738306
1.8334907
-1.270464
-1.1733683
-0.7501906
2.2657435
1.2164246
-1.0474217
0.359304
1.8197094
0.10243967
-2.3036976
-0.0693259
-2.1295433
-0.002301991
-2.4314637
1.1077653
-1.2125354
0.11575249
-0.08395324
-0.812678
-1.8888532
-1.2004097
1.0448338
-3.0547636
4.1925616
-0.00024548173
1.1070873
0.034897868
0.8430639
-1.1568476
2.9276943
1.9421681
0.6383251
-0.24564955
-0.07607718
2.079841
-0.65692246
-1.3932371
2.6220155
2.884681
0.028442092
-0.06980693
-2.9166605
0.6759858
-2.0415711
1.0766369
1.0031823
-4.1692047
-1.2166424
4.0545235
1.4702834
-1.1937175
1.5587752
-1.2582122
1.8232542
1.6359578
-4.1730037
-1.1730938
-1.1010159
-3.7819452
1.6516583
-0.20207089
-0.015602782
-0.44612062
3.626077
2.6174715
0.02597361
1.0702269
-0.0029098876
0.58480793
1.7588546
0.6886822
0.43264768
3.1857717
-1.2881137
-2.824891
0.95223635
1.1715239
-0.17556033
0.19824108
-0.28657085
1.3836333
-0.508609
-2.3634572
0.82485306
-0.70030177
-0.88088816
2.6956284
1.051125
-0.3617651
-2.248698
-0.63741857
-1.3188694
0.19753358
-0.31747645
2.429128
-1.2706425
1.6474532
0.13486895
-1.8343854
2.6858823
0.84188265
0.94078004
2.3179793
0.20039296
-1.4967728
-0.47704682
-0.06701288
-0.6860927
2.3346126
-1.1979146
1.6290525
-2.3523722
-0.2406694
-0.7191768
0.2631467
-0.47368976
-0.35973236
-0.32179657
1.9436483
3.1224654
-0.7115035
1.3531663
-2.210974
-1.6619174
-3.3874817
1.2684687
1.142994
2.0471594
-1.4502783
-1.8194811
3.1738188
1.0398967
-1.6003987
0.5436675
-3.1975145
-0.3922159
1.4871862
-0.8151113
-1.697238
-0.32517797
-1.2946179
-3.8310075
-0.39370918
-0.09491724
-1.6308866
1.4220998
1.3925368
0.7154929
-0.5753761
0.70483
0.67402416
1.923498
3.2286854
-0.4569347
-1.8627608
1.28095
0.5738814
-0.6352326
3.246701
-0.6417124
-0.9771912
-3.2124467
2.622987
0.18804976
-3.0459814
-0.780221
0.11970995
0.27819514
1.9592907
-3.0109217
-0.94977236
-0.5971543
-1.7746217
1.4006345
2.0233095
2.2681007
-2.9296885
-1.3427593
0.18771076
0.58386165
3.7881021
-2.0863037
-2.6507747
-1.7862557
-0.36275324
-2.7439566
2.2010474
0.6174347
1.5783799
0.18507418
2.3060753
0.13222729
-0.916228
0.95573485
-1.1419568
-0.34100562
-2.0894086
0.81931186
-0.4155879
2.2869718
-0.17772347
1.5283564
-3.8805375
-1.1778461
-0.091505244
-1.8402783
2.905241
0.21549225
5.8648076
3.1110883
-1.3723459
1.353894
-2.09263
-0.36526662
2.6580372
1.5352134
-0.29490602
1.4560852
1.5080043
0.5330001
1.286606
0.79898804
-1.4355676
-0.57768923
-4.0662775
1.8388892
-1.1323876
-0.4260435
-1.834275
-1.8774401
3.3354678
0.9892767
0.98769903
-0.58669454
3.161889
0.14306912
-1.0684254
1.4590325
-0.95245177
0.48464185
-1.0322403
2.8091216
-0.9189732
-1.8365856
1.2034073
-1.2180821
-1.6835806
-2.915069
1.9073352
-1.7420813
0.66005045
-0.17109379
-0.21226484
0.39637524
0.06562132
-0.9090344
1.0553967
-0.48656586
-5.07257
-1.6608729
0.17311794
1.0922872
0.7546487
-1.9453616
0.61672014
-0.28343198
-1.927229
0.027095705
-2.388944
0.7600542
-0.2246655
-1.3689972
-0.26575825
0.14017461
2.1492026
-0.6567771
-0.827942
-0.5022791
-1.5191785
-1.1032847
1.3018584
-3.8000305
3.1920068
-4.8439217
-0.68415654
-0.06631041
2.942544
0.06641646
-2.7090237
-0.8973592
0.52906317
0.38072938
-4.0365443
-1.4874394
-1.0610191
2.3743978
2.5203996
0.5126805
1.8747284
2.5355747
2.0211174
-1.7012572
-2.4455028
0.6881122
1.4856786
-0.2365748
1.0113375
2.2043526
0.9492762
-0.37579906
-0.052505314
1.165265
0.40304735
1.4533805
-2.7973266
-4.8879347
0.15155105
0.87559104
1.2413604
0.51403904
-0.31794354
-2.6247864
-1.8736444
3.5805867
-0.45014572
0.5575742
3.6197
0.16045943
1.3903537
2.727026
-0.14499414
-3.7938595
0.0028888285
-1.1957049
1.2914944
2.9013588
5.062809
-2.5503292
-0.758752
0.37479082
-1.5888374
-1.6794995
1.7159816
-0.5040214
-3.0878267
2.2690573
-0.8160236
-1.3608978
-0.40323994
-0.98405844
-1.1460626
-2.1411114
-2.884062
-1.8967066
-1.0795621
2.003016
0.22722179
2.6315215
-3.07814
0.07528801
0.7311718
-0.6302587
0.67748976
0.22426136
-0.07991084
-1.1637499
1.0418017
2.2167907
3.158352
-0.8173695
-0.21431983
1.3602843
-3.029799
-2.9110672
3.082678
-0.7045447
-1.6409775
0.26515844
0.27847806
-4.6284056
-2.9879565
-0.94398963
-2.1649506
-0.9276102
-0.97486633
1.4319265
-0.3248543
-1.5952075
1.0441945
4.3841133
0.5113554
-1.1025109
-5.334293
0.012341239
-0.5606968
1.3890657
0.8627504
0.37102085
-0.4841507
-2.4118664
-0.49067435
-2.4152212
1.5013564
1.3403239
-0.8756014
-0.18003199
-1.0930817
-1.8072672
2.1033273
0.18298101
1.6427895
2.0816505
0.46005198
2.586588
-3.340478
1.0500299
-0.54143536
-1.1445676
1.0184748
-0.4403604
-0.44665873
-2.6900659
0.5888604
0.21720213
-0.346455
-0.766815
2.1387656
0.6170759
3.012025
0.4673559
-1.4941757
3.4496803
-0.4374133
-2.3132586
3.6241279
5.241421
-1.8101873
0.65393126
4.7376995
0.093361184
2.0170758
0.6538845
-0.73179793
-2.9356577
-3.3820815
1.6358752
-0.18888672
-1.5958661
-1.2570492
1.0737535
-2.8200831
-0.06966977
2.9743783
-1.0061361
2.39552
1.5352932
3.0385892
-1.1896899
0.9513254
-2.3763318
1.9542451
0.15847439
3.3080015
1.428418
0.71958953
-1.1417569
1.4305933
-2.3731904
0.17358908
-2.8653908
-2.237888
2.6647542
-1.0566316
1.4592721
-2.0620177
-0.98382413
-1.6587231
0.36397573
0.5425144
-0.8736679
-0.05747804
-1.236105
0.44884652
-0.1611261
1.2896388
2.0497024
-0.26941252
0.005908955
-1.5295812
-3.6997015
2.8996515
1.808705
0.019344337
-3.154639
0.8356728
0.68653417
-2.2868602
1.0245454
-2.0858974
1.2047266
-2.052987
0.8945016
1.6964202
0.7511596
-2.0922353
-1.2413707
0.6207172
2.1865847
3.6602907
0.75064594
1.0299976
-1.3636677
-2.0337737
0.61781925
1.0908676
5.0519657
0.44090474
0.535402
0.6279347
0.4881854
0.19621763
2.7741458
3.0412006
-2.905405
-0.12996763
-1.8438363
-1.3838327
1.5095795
4.231335
-1.9992101
-1.2105409
0.9195403
-0.7513464
-1.0472282
0.66015846
-0.5025275
-3.1663296
-1.6576686
-2.197091
1.7400291
0.6290577
0.8855411
-0.93914485
-1.3542001
-2.6208146
0.58337593
-3.810351
3.0943651
0.54447085
1.0326952
0.73859024
-0.7083807
-0.31287855
-1.2992568
-1.5631287
-3.8800478
-0.94821054
0.23562577
1.2625628
0.6711081
1.8987426
-3.1607761
-0.27981102
-1.3018321
0.46152377
-0.05693724
3.796757
0.17447504
-3.5382137
0.16619012
-2.3137028
-0.30905682
-3.8830736
2.1252787
2.6953688
0.78330034
-2.6949573
-0.58227456
-1.51398
1.7464646
-2.1467483
-2.1306348
0.7897276
-1.2269894
0.4336852
-1.004552
-0.53723925
6.4686475
-0.7299087
-0.28956255
-2.1754127
1.4403923
3.666285
0.107195854
-2.000948
-3.004209
-2.9254963
-1.216993
-0.90168583
1.5818715
-2.1889558
-0.5968464
0.34844285
2.241206
2.571214
1.2776222
-0.43761998
-1.3434578
1.5960764
-0.8279264
-0.6593401
-2.6084127
-0.38241315
1.762977
-0.67926294
0.6241732
-0.13769105
-3.3735914
-0.30209023
1.325218
0.30013704
-2.5952857
-2.9369419
-1.49042
-0.9542121
2.4648552
0.8791557
2.4155204
-1.7047954
1.387484
-1.1845614
1.3456837
4.173085
-1.4061279
0.75042915
-0.7319337
2.5057614
4.3827686
0.4971582
0.8633234
-2.1609094
-3.1473558
0.29788873
-0.42608348
1.6480873
0.58916175
-0.835968
2.1909356
0.9542813
1.4294351
1.3328155
1.5987904
-0.5577489
2.0794263
-0.8818843
-3.0643477
-1.0385823
0.18402348
1.4328545
-0.24712645
0.61240286
0.243363
-4.08226
-0.17594495
-1.284103
0.27314582
-0.38826585
1.6809986
-3.2152703
2.3095758
0.08818408
1.603886
1.0336812
0.54582226
-0.02987362
-0.38002604
-0.42913637
0.3032835
3.5842063
-0.24410702
3.7798936
1.9249899
-2.222354
-2.2917213
-0.41530362
-0.73907083
0.852049
3.7510414
0.043931894
-1.0815188
3.9889135
-0.4703708
-0.5533036
4.540786
0.60418445
-0.3584119
0.90994275
-0.67697626
-1.2507327
1.1521034
2.5022655
1.9429173
-1.5591707
-1.7327728
0.7723706
0.27371526
0.6815045
-0.1642358
1.2618418
-4.1163025
0.8697888
0.34702444
2.9050064
1.8006474
-0.218701
1.0006377
-1.9228418
0.96835434
3.973819
0.088899486
-1.4320064
0.0000699535
1.270548
2.3639874
1.3213799
0.75566185
0.070017956
0.052117545
-1.1923876
2.4270954
-3.7346735
-0.5111668
-1.4378788
2.6242564
0.29950646
-0.17854898
1.7367946
-2.0288892
-1.3645914
-1.1076881
0.7116331
1.5004039
2.517883
-2.2556257
0.54236984
-1.080022
-2.1647668
-0.75972766
-0.58109474
-0.24643369
0.83324957
0.9321466
-2.540131
-3.4141788
0.1880779
-0.8977115
0.57330716
-1.0455936
-0.8453669
2.1050782
0.779658
3.322088
-1.932697
0.9648013
0.102608405
-1.076523
1.1690192
1.4479437
3.7714067
-0.24616706
1.3150947
-3.132762
-1.8157734
3.8390536
0.7108731
0.9510608
-5.4361296
-1.7667756
-0.2797118
0.9325063
0.5488169
1.0581428
2.577851
-0.9671801
-0.044338875
0.55681205
0.075868
0.40966517
-2.569783
1.0757533
0.8070768
4.2054214
-0.25512317
-0.7044367
3.7584462
-1.9694309
-0.619617
-1.335866
0.5493568
1.5854715
1.924462
3.1271524
0.77172554
2.2356286
1.0560052
5.7142982
-0.77692974
0.61962277
-0.82943624
0.24534586
1.1428865
-0.69611543
-2.4414415
-0.37254947
-2.264545
-0.58676887
-0.47121823
-0.9809965
0.9402803
-2.4082778
1.0621951
1.3654975
-2.0564082
-2.3632712
1.0846918
0.9311351
-0.006554678
1.5601431
1.4524839
-1.0332409
-1.0967342
1.1489543
1.6940721
-0.283677
3.8181152
-1.131544
0.1868014
0.19822381
-1.7864361
-3.4453392
-0.54073673
1.9563991
0.7146435
0.86181676
4.026453
1.9870504
2.0578823
-2.4783158
-0.26691177
0.1470728
-2.8451138
-2.945938
1.6070602
-0.7988338
1.0177616
-1.0772526
-4.540092
-3.1307824
-3.8662686
-4.143623
-2.817897
-3.2475433
3.228128
-0.59355026
-2.610032
5.1200986
2.931704
3.9488919
0.055529438
2.7727354
-2.6203773
1.5614977
0.8340629
0.25639918
-0.19787997
1.333848
1.18537
-0.72019756
-2.2689567
1.7995372
1.691728
-1.7568226
2.5974705
1.3192443
1.231951
2.4088554
-2.0926642
-1.1609744
-0.35311773
1.1510662
-3.3249536
0.36294776
-0.51905984
-1.0912814
-1.5956783
-1.1901302
-3.1572719
-0.6993056
-0.3555448
1.0719738
-1.8048584
0.5716363
1.9704397
1.8125645
3.0418868
4.818529
-0.107634656
1.2809228
3.2096462
2.223073
0.69675
0.0037341043
0.42123154
-1.4708236
-2.250984
1.147758
1.8604013
-0.48094913
4.723278
0.66139317
1.3972566
-1.4358045
-2.1108868
-0.95712495
-0.52740204
1.7890656
-2.8382833
5.1229086
-1.4144233
-0.35684183
1.5609579
0.781804
0.36218348
-3.5924807
2.4023767
3.735364
0.16776791
-1.6816064
-1.6627814
0.21081728
1.6381098
-1.40521
1.2283615
1.5362049
-0.31656253
1.2307471
-0.8156575
0.84655666
0.15101728
0.25540084
2.5881991
-1.4044029
1.776862
-0.05312623
-0.6425644
1.527092
-0.76665246
0.017379396
-2.1553276
0.70797247
0.13370386
2.3196847
-1.1327193
1.4797312
-1.050188
0.42390093
-0.8835718
0.75632465
-0.40740886
-0.04983136
-0.7108753
0.27726528
-2.277189
3.385425
1.3744842
1.0529635
-0.617431
-0.14808384
1.5611334
0.1186956
-3.5772362
-0.032924116
-1.2662345
-2.24207
-2.0235853
-0.71487117
-1.8580041
-2.0606978
-0.7361721
-3.982897
2.0172515
4.761871
2.0178952
-0.8931304
0.75928915
-5.888383
1.0105784
0.5011624
1.9140074
-3.1585214
3.7080183
-0.13203971
1.2484156
-1.3033484
0.3738675
3.5569518
-0.14892088
-1.3252261
1.3880999
1.5652027
-0.16404642
0.9687467
-0.60058385
0.4036516
1.3013021
-1.0990297
-0.5062994
1.7649798
0.07367152
-0.5679456
-3.0720584
0.7648674
1.168497
-0.42335474
3.658829
-0.16891088
2.5698514
-0.467591
-0.9924798
-1.3884419
-2.1498437
1.3876245
-2.9361696
0.8534424
0.62963706
-3.0601695
-0.7538533
1.570774
0.24329227
-1.3100151
1.5096183
-0.10923017
-2.4314864
3.7670271
-1.4868764
0.097330675
-0.5492352
-2.024702
-2.7207139
-2.5883813
-2.0098646
2.379399
-0.9368248
-0.26328194
-2.1836352
3.618424
-2.270436
-0.78074235
-0.6624474
-3.017739
0.39157322
0.18382704
-1.7182161
0.6719832
1.8114233
0.68157387
0.8214953
1.213639
-0.9499369
3.2108407
-1.4136475
1.1363535
-0.11371414
0.61712635
-1.9273138
1.4617639
0.42326722
1.2168808
1.5799279
0.43576124
0.7903012
1.6301599
-5.27775
-0.93615407
-0.788044
1.2847253
0.6253869
1.4727936
-1.2969502
0.8777274
-1.8155556
-1.1710831
1.5930998
-0.9976695
1.2315915
-3.3064404
-0.30132335
-0.3760558
-2.8792503
0.77119595
2.4276896
0.096887276
-1.4762588
-1.3253391
-3.1295755
2.6101804
2.3477032
0.4878054
-0.41157675
-1.4160657
-2.9542453
-0.021045469
1.2292873
2.662864
-0.64817226
2.5000327
0.63818586
1.1630538
0.91704005
-0.84756696
-0.68135655
-2.1199744
-2.6855168
0.24845383
-1.6498365
-0.16731304
4.5360594
4.3129044
-2.7977679
-0.6776717
-0.0022072531
-0.97860646
-0.63982725
0.107272886
0.06097842
-3.744444
-1.7540209
-1.9658904
-0.9124197
-3.6210885
-3.3609686
-0.4602899
-2.9104388
2.3224032
3.5175183
2.8321147
0.97871536
-1.68575
1.7810568
2.6712658
-0.44407594
-2.9334445
2.6590576
1.0318859
1.8586994
1.2839845
-1.9179275
2.5295067
-1.9328706
-3.2967696
1.6780543
-0.25124997
-0.64091945
0.2930511
0.24886756
1.4140292
-1.1876957
3.403781
4.012411
-1.7397331
0.32470974
-0.03358244
-1.5639735
-0.34271508
-0.29834875
1.666922
1.5218842
-1.9945989
2.7911215
1.3833407
1.3737715
2.468248
0.7555354
-2.0527778
3.8313978
-3.3314552
1.7801094
-3.0963311
-0.46860033
-1.2599382
0.47246948
-1.6961051
-0.40292343
2.6211784
-2.3669488
-2.1720185
-0.5192414
-0.28839308
1.4763359
1.4763715
-0.5414679
0.17970389
1.4495558
-0.32249784
-0.037244435
0.013311051
3.1362312
0.52406144
-0.66371673
-3.1685965
-0.3413082
-2.74804
-1.1412944
0.31580973
-2.0779605
0.9365671
-0.11727142
1.8978769
3.2898548
2.4706285
0.75380373
-0.63255143
-2.948537
0.22375894
2.7371984
0.39616573
0.084869415
0.42168045
-2.8897097
0.4806136
1.1499407
0.11729025
3.0957963
1.0288754
-2.93791
-4.86057
-0.8879131
1.4083396
-3.3541844
-1.5342625
0.19970801
-1.6792104
0.40743223
-0.70176655
1.7767998
1.7823052
-1.1982332
1.4086589
0.25679255
0.96278375
0.28856072
-2.8747447
1.0605654
-2.5712092
0.5360437
-0.7395498
-1.2717215
3.0502794
-0.20277794
-2.2021024
-1.7849295
-1.5914716
-2.3405075
-0.15620458
0.53205633
-0.039410565
-2.6083853
-0.31372386
2.5836024
-2.3839557
-0.6381084
-0.035827827
-2.6931298
0.1089233
1.1553686
-0.36930683
-1.522329
-3.1845055
2.4080029
-1.0540289
0.7650059
-0.9087871
2.5830166
1.4777832
1.9620608
0.53283316
0.7226583
1.5799103
3.059324
-1.817758
0.59816134
-1.3030467
-4.25483
-4.183878
-0.21706343
-0.7529482
-0.8732148
1.8864257
-4.2494464
-0.2715623
0.82619244
-1.2041297
0.2281788
-2.6366382
-0.086935274
0.7864236
-0.45035422
0.6437747
-1.1227748
0.96424514
1.0849018
1.8312157
3.4116182
0.1762647
-0.9808068
-4.564338
-2.929562
0.09619206
-0.113020174
-2.137938
1.7092156
-1.619772
0.216514
2.1270096
3.5925207
-2.6378565
-1.6357427
0.6076264
-4.2515097
0.7219416
2.440641
0.1802996
3.267505
-2.0413358
-0.08315853
-1.8582819
0.6535359
-0.06185193
-3.059561
-2.2283802
-0.6050255
-2.1638484
0.038639665
1.2615534
-0.24227339
-2.063681
2.686052
1.6935524
-0.61420304
4.135729
-3.038968
-3.0757022
-4.092909
1.9962825
-1.6902266
0.9064722
1.276908
1.2345197
-1.9634916
-1.3609254
-0.42366275
0.022195049
-1.1054479
-0.31298798
-0.26272517
1.1234946
2.1337748
-0.52165335
2.7572863
-0.5821485
-1.8603045
-0.9057389
0.1037559
-0.032024268
-1.83998
1.5266309
1.5459002
0.52920496
1.5350821
-0.25240067
-0.9785583
-0.41594836
-0.64657086
0.09710346
0.7683614
-0.18642579
-2.595404
0.76988333
2.2120428
2.5277057
1.5364354
-2.0343826
2.326793
0.08866356
0.7181429
-0.19615299
0.63436306
-1.6813338
-1.720242
1.4773957
2.144565
-1.1715897
-0.94091934
1.2133238
1.1670401
-2.3209574
0.2767944
2.9356048
-2.1507828
1.8639399
-2.0400445
-2.5382402
-1.0431782
-1.0918052
1.3269808
1.6249264
2.5537186
-1.3716977
-2.807973
2.7297144
-1.0448631
-2.887996
-1.9779748
3.5848162
1.4201983
-1.4574527
0.4158575
2.9381325
-0.89513546
1.5229049
-0.41535977
0.2396236
0.12649572
-1.1634352
-1.7730709
1.6272756
0.065759115
3.2867928
-1.9624224
1.0479836
-2.2814424
-1.1384465
-2.5411665
1.8013408
-0.7909752
-0.3183966
-1.4516042
-2.7034273
-1.7664582
0.6235531
-2.999879
0.60360336
0.50851905
-0.37494656
3.2371333
0.7631404
2.8022509
-0.42816827
-0.22084557
-1.3032106
0.3451277
0.77798986
1.3194273
0.18190062
-0.45035726
2.2973645
0.097599775
0.13382259
1.7996129
2.4406607
0.020080503
-1.6203576
-0.39710337
-2.6451495
0.28603703
-4.3827105
0.33640096
3.5695076
0.18299505
1.4957556
2.0896587
0.63094336
-2.463501
2.7611313
-3.39184
4.1062665
0.67871296
-1.7025226
1.7007128
0.740996
0.5635018
2.9796708
0.6119462
-0.59481573
-2.0700614
1.1942806
1.6416936
-0.73931533
2.707403
-1.0342692
1.1352304
-0.741421
-0.20746619
4.114465
0.8550036
-2.8118176
-1.9271369
0.35879847
0.3347185
2.7300444
1.580096
2.2010417
2.6133356
-0.53302157
-1.2487292
-0.9451708
2.8271472
0.33250546
-3.1262724
3.1882417
-1.368221
-2.5617983
1.201297
-0.45329568
2.3919835
0.037213944
-3.052316
-4.1795793
0.3929589
-0.53834516
0.038129065
0.22256276
1.9129455
4.1201286
0.024504952
0.15912563
-1.3841255
4.8199635
1.3392999
-0.03959862
0.25744116
-2.5895822
2.2961304
0.6605378
-3.9973319
-3.0257778
-2.991959
2.171699
3.905321
0.25650078
-0.33779582
2.6351256
-1.0619144
1.7662034
-0.20834321
-3.0035443
-1.4060273
1.7211461
-0.7517949
3.9748552
3.421697
1.7812651
2.8193288
1.6282212
1.5018749
0.7984965
-1.6365876
-1.0691427
-2.1652415
1.1576933
1.3292862
1.8547885
-2.8132114
0.29744822
2.1664999
-0.8143869
-2.5633438
1.1163774
0.999192
1.2368698
-0.26005474
-1.946936
0.13829425
2.4313798
-0.6431806
-0.12754875
-0.89826363
1.1920515
-0.05807706
2.8883579
1.9344487
0.91706055
1.7874088
-1.7853571
0.95291525
-0.86550164
0.26055855
0.52397287
-1.8777187
3.6645422