Spaoma
0
-0.5950766
-1.0118955
-1.4045169
-1.7505339
-0.55032927
-0.80029434
2.151649
4.3255157
0.79023147
-1.283614
-1.2666998
-1.1614244
0.58945906
-1.2009369
1.2997034
1.497491
0.19348691
2.980439
-2.0844133
-0.0002848059
-0.26889274
1.24474
-0.8349977
0.986116
0.39477417
-0.8115788
-0.61746407
-0.14389017
1.3991688
-0.9359546
-1.3488358
1.8114533
0.6592951
1.0476468
3.339151
-1.700975
3.003935
0.30794016
0.20530373
-1.075795
-3.3184216
0.03987564
-0.6934669
2.14471
-3.5643542
0.23446947
-0.06974488
1.0904754
0.8652424
-0.75168645
-0.059441544
-0.054602332
-1.5686991
0.9834769
1.6973993
-1.2420008
1.5005652
-0.4582725
-1.1857356
0.35931718
1.5618374
-2.111103
0.9318644
0.8058895
-1.4268454
3.0652018
-2.6927469
1.9914024
-2.1857095
-1.1813996
-0.83333856
0.08709462
-0.96705776
-0.29844877
-5.5813603
-0.10081277
1.8761317
1.0062649
0.5755514
5.199294
-1.0975099
-3.4770958
-0.04525563
1.9626732
-1.4957672
-0.9470815
2.23135
-2.3113985
1.6496383
0.19121775
-1.0077254
-0.19947422
-2.1312382
-1.3496271
-0.23954013
-3.1261687
-4.0365424
1.1374853
-4.7084527
0.25257012
0.57958263
0.22905323
-1.2252555
-0.6466323
-1.9882739
0.4801584
-0.7418549
0.63759184
1.2179562
2.3412662
3.2682486
0.7317136
-1.2125496
-0.48394203
-3.4929557
1.1686014
-0.22449514
3.9980977
3.6962576
1.6686668
1.4081043
0.3710484
1.259344
-0.85712653
0.4208237
0.2386871
-0.2521354
4.45559
0.54209363
0.0035118237
-1.7173022
0.6719219
0.42174953
0.43624395
2.5322793
0.39116013
-3.3684325
0.8711518
0.95300704
-1.2120163
-0.3971569
2.069302
1.945791
-0.03798359
-0.69495493
1.2055496
-1.4813533
0.9759441
-2.2048292
-3.1356823
-3.0629923
-2.783239
-0.9199152
-0.5480616
-1.8181913
-0.34118462
0.5570187
1.458284
3.4767303
-1.0687634
0.92560124
-0.95688564
-1.1602595
1.3563907
-2.440167
3.9277728
-0.3937474
-0.6144102
-0.14413625
-1.913898
-2.7360547
1.5297892
-1.2274923
-2.8315306
1.3618386
-3.3093226
-0.78315943
1.093695
-0.962775
0.32113644
0.1856849
0.37790233
2.329386
-0.9572575
-1.2322702
0.41520596
2.440318
-5.0721736
0.0820377
-1.2884364
-3.5058906
1.8313977
-0.66674006
3.7757823
-0.58637524
-0.20613608
0.40732622
-3.3238173
0.7895421
2.7758534
-1.6286595
1.1574532
1.0527694
-2.7615905
0.31139985
0.78772247
-3.6061733
-1.2358745
-2.4999557
2.0836186
-3.1157825
-2.3410695
-0.5828534
0.22730264
-3.892518
3.0227408
-0.15237212
-0.76993936
-0.86007047
-0.7504705
-4.2806845
-0.1659797
-1.0258178
2.552157
1.9986913
0.43340257
3.2799973
0.32464778
2.5677693
-1.5151422
-1.3959239
1.5674735
2.056449
-2.3360896
3.0183053
4.119399
1.9705286
1.5331477
1.6176074
-1.0422157
-0.47495627
1.5208912
-2.9582772
2.6900914
-0.90791744
5.530223
4.4366455
0.63175267
2.073704
0.85979193
1.5222536
-0.77026975
-0.58695334
0.06293905
0.85144097
-1.2435598
-2.20206
1.2030357
0.12477044
-4.8160157
0.12387055
2.156073
3.0399258
0.54052603
2.6556077
-2.3313744
0.6330468
-1.2941947
0.021254413
2.1421316
-0.54456335
-1.1275185
4.915909
1.0734785
2.5004041
2.8994565
-0.37112966
-0.017137572
-0.41031298
1.9782134
-6.7430673
-2.223042
1.4463242
1.1895038
-2.6506722
0.11660366
2.3321316
-0.35249436
0.3690974
-0.45738953
-0.58484286
-0.89854604
0.09216167
-0.38742024
2.3916516
-0.16645071
-3.3707218
3.3653126
2.8643534
3.2325592
0.30233058
2.525137
-0.3419681
1.3150063
1.2555871
1.139268
0.13669646
-0.87007403
-2.751026
-0.9348839
-0.010492317
-1.3820355
3.5986114
0.7654684
3.741682
-1.4765406
1.7595615
0.1723641
1.075783
5.3229747
2.0565631
0.2528039
0.13534802
1.1462678
4.1144133
1.1746091
1.5947174
1.2009438
-1.8076072
-2.0825846
0.56881315
-0.7615944
2.2158298
0.85722864
0.9026051
0.12087306
1.0638
0.4649411
-0.76835835
0.22865176
3.966817
2.491489
-0.13202733
2.0906951
-4.3950195
1.071143
2.9313986
3.0818324
0.6506965
0.8202424
-2.8007758
-1.8452728
-1.081338
-0.49849796
-0.7974438
1.8482264
-2.7875538
1.4892564
-0.23529309
-1.128015
-1.14074
3.324921
1.6144166
2.3522456
0.29353797
-1.429916
2.8133695
-2.2526906
1.5198046
0.85658634
1.9974161
1.0736237
3.222481
0.6273542
1.5522587
-0.6797566
0.5779185
0.9071865
-1.2320048
2.5574338
-1.5307542
3.463448
2.470495
0.55074847
1.1318702
1.0299324
-1.0825858
-1.6759276
0.5369556
0.32239044
-0.030487068
-0.22242475
0.87460166
0.5129441
-0.7647605
1.1324022
0.07869429
2.7856724
0.4181409
-3.0285351
0.1651009
4.15565
1.5127007
-1.0438296
0.8372414
-0.9074638
1.1861541
2.9812891
-0.090419665
0.20239705
1.5617633
-0.86048937
4.948595
4.5656714
1.6099521
-0.53796935
-0.28657025
3.6935587
2.917917
-1.8995502
1.1168382
-0.4682547
-0.24253206
1.725365
3.185785
2.0604563
-1.3814365
-1.5100926
4.643059
-1.3054025
-1.8760248
-1.8413714
-1.1387689
1.6544597
-3.2710261
5.1639867
0.8737748
3.8536553
-0.27471226
-1.3031244
0.63625354
-0.976605
-2.5965774
-1.5738678
0.45449755
2.618596
1.2851788
-0.39281347
-0.5747473
1.300739
1.514995
0.10368573
-0.37171355
1.3194075
-0.71254784
1.27339
-1.1250277
2.6039708
-1.8881745
0.31085503
-0.7666486
1.8344139
-1.697587
-0.5493614
-1.5825015
-1.6469783
1.444862
-0.5167149
1.4947691
0.9114184
1.4166507
-2.8245394
-0.07795336
-3.312491
-1.9806223
0.94770765
-2.7704668
0.42688918
-1.1422911
1.908482
-0.7236272
0.9279922
4.209148
-2.5573275
2.5491219
0.24478832
-0.7555906
-2.1990888
0.9094772
0.27333033
-0.043753427
5.2031617
0.14808908
1.7019374
-0.44907978
2.7321858
-0.46259734
1.4560802
-1.7792159
-2.38509
3.2410505
1.9521646
1.1199224
0.8926879
-0.5130072
3.0801976
-1.5464789
0.11785703
1.9451054
-2.2932005
1.9258
0.3525383
1.4607514
-0.09148753
-2.1938365
-0.2966306
-1.6755867
2.4846783
-0.576548
0.13808197
-0.92188
2.3606942
0.56883603
-2.81319
-1.2575253
4.845878
0.37935174
2.1189158
2.8261843
-1.0110002
-0.65237343
-0.13253489
-0.2772366
-0.7392639
1.108578
-0.24270064
-1.7651871
-1.675992
1.1078484
-0.7455608
-3.4401984
-3.3162189
-0.623804
0.8060579
4.497343
-1.3588988
3.2654078
1.9907925
-1.2803354
2.219615
0.36071837
-3.0073154
1.0291444
-2.0303347
0.69168353
1.3346598
-2.5157948
-0.27066502
0.82153034
-1.0601865
-0.28017056
-1.4959086
0.53060013
1.2837001
-3.1502914
2.4732783
-1.2252729
1.2763709
-1.8353729
0.09711283
-3.6646028
-0.8592697
0.7275857
1.2311819
1.2580582
0.4767777
-0.45920312
-3.1561372
2.2660449
-0.14424922
-3.589338
3.0012197
-0.1460585
-0.01467064
-0.9947571
1.830958
0.71457785
1.6438503
-0.57385993
4.6615853
-2.9759126
0.65335345
2.15378
-3.8477912
-1.0051392
0.38236856
0.32489666
2.5390785
-2.668979
0.6098366
-2.2829823
1.3665628
-2.9740684
1.1175187
0.5036619
2.4339194
2.6049893
3.358002
-1.0602949
0.72704446
-1.9344124
2.0103004
-0.28298593
-0.327349
-1.5674595
-0.8652195
1.3365144
-3.0899305
1.9463874
-1.9337933
-2.7204564
-1.4572549
2.2341132
1.3030319
1.2114136
-2.4104624
2.3746452
1.988714
-0.32581255
0.1544947
2.7912066
2.0283003
1.7903212
1.0788065
0.4403808
0.72843593
2.4394543
-2.3879
-2.024558
-1.0215117
-1.8104751
2.3916621
-0.14358583
-1.5186067
-0.59668887
0.9531327
0.6501003
-0.2821815
0.94846356
3.457227
0.9317158
0.6822434
-0.74537176
1.8491212
-2.0493114
2.8061936
1.2426778
0.31681728
-0.2780034
0.77232826
-0.06033487
-0.59009755
1.1255844
-3.648375
-2.3949442
1.8113014
0.56590897
-0.5935949
-1.6816316
1.5534065
-2.6184773
1.0490361
3.759135
0.030243851
2.3051198
-1.5608469
0.75948983
-4.215967
0.66776437
0.025232404
5.0911226
-0.7127813
4.7140574
-2.1830044
1.7995187
0.90872204
-2.863875
3.0811076
0.044123456
-1.6756749
0.75009567
-1.180973
1.7094691
4.271715
-0.5728933
-3.2028933
-1.7534969
-1.1324856
-1.1543287
-1.4873134
-0.8124475
1.185841
-0.052171186
0.2950468
-3.432032
2.6047583
-1.058601
1.3048685
-1.4089298
-2.567619
2.2839134
-0.3484031
0.6709876
0.069581814
0.3150697
0.29004532
-0.964847
2.249824
0.48205975
-2.145177
0.13546148
0.8101945
1.7726423
1.941315
1.5147325
-3.049909
-1.459023
-1.8784691
-1.2664703
-3.0976048
0.16379482
0.7125434
-1.948443
-1.4094155
2.2693624
1.2772864
-2.4278007
-0.77282476
-0.60914296
-0.5607858
0.028116055
-1.9751627
2.3816943
-0.4052368
0.6567737
0.8884974
2.6685817
2.6777346
2.8759365
-1.548142
1.9218172
2.2440324
2.311694
-0.54736423
0.74618334
2.0447907
1.3333669
-1.6481912
-1.1888014
2.9071362
-1.9770052
-0.45456153
3.4324577
1.1696827
-4.8272724
2.0885534
2.9710212
0.96984243
-1.0238547
-1.1009405
-0.3608211
-4.350372
-0.71099657
-3.4322064
0.5072473
1.3172177
-1.5407789
-0.88410604
2.1656735
1.306918
-0.058396704
-0.90247536
-1.7564465
-2.4331741
-3.1769497
2.656807
-2.221006
1.1661965
0.32309353
0.7398819
-1.7254475
-1.710033
0.5143895
-1.8242835
0.8844562
2.3429976
-2.0515692
-0.038698606
1.1562959
-1.3479031
-1.2635714
-3.33906
0.66553307
-0.4777207
0.30891192
0.28871292
1.9026989
-0.21642439
1.8080007
1.0885887
-2.16383
1.5869981
-0.46673083
-1.1704026
-0.85067624
-0.8436041
2.822565
-2.2837875
-2.5534441
-3.4529185
1.3122263
1.0208018
-0.7639323
-0.036435448
-0.21033925
-1.1779846
3.0132954
-0.6686736
-0.5529466
-2.1935766
2.5476573
0.9421612
1.2245551
0.87916404
1.2118304
-3.9276242
-1.0836128
0.65371513
0.6183633
-1.8948337
0.27824968
-3.623399
0.7490232
-1.5104651
0.26024675
0.24606225
-1.9855695
2.859076
-0.06061898
-0.41930413
0.6304822
1.4122298
-0.91742545
-0.990267
0.4678619
1.6999276
-0.7256825
1.4964174
0.93329674
2.8532212
-2.5875218
-1.5827156
1.9702228
-1.5402064
-0.56905067
2.1515586
1.2738701
2.660687
1.2606347
1.2990787
-0.15274334
1.8873471
1.7650696
0.12746759
-1.4063004
3.0644462
-1.0531428
2.451693
-0.18253319
-1.8909849
-0.63142765
2.7768035
1.0915848
0.9584029
-1.9135156
-1.1130813
1.0025792
-1.6655796
2.4796658
-2.4080791
-0.4817716
-0.076241635
-3.1124463
1.5950543
1.7046548
2.2385302
0.8002834
-2.2711182
-2.036168
-0.03103549
2.9393659
-0.005915083
-5.078863
-1.8025969
-1.8664308
-0.9888223
-2.5928576
1.8543711
-0.117342345
0.052843034
3.7745004
-0.19511932
-0.077721246
-0.56711936
-2.7103121
-0.5542495
-0.3670329
-0.37830585
0.44221303
1.3155134
0.8842081
-0.6821913
-2.981548
-1.1996465
1.2009243
2.1005864
-2.4113755
-1.7470273
1.34562
-5.305161
-0.9057461
2.1547272
-0.8781092
-0.5169721
3.5005934
1.5011841
-1.7258312
1.3396764
-0.8713651
0.77592087
-3.273621
-1.8454591
2.1255612
-2.3856747
-1.0670978
2.45878
2.1082604
1.035303
1.1237695
-0.16782513
-3.7021794
1.185808
0.04117495
0.22516799
-2.2488127
-3.0861669
0.41896027
3.7004123
1.4278909
0.055433005
-0.0695687
0.82010293
0.2113078
-0.7855501
-1.4253359
-0.5378576
0.47256264
-3.1298485
-0.5008325
-1.5284866
1.6294353
3.5940068
-0.10523274
3.9366102
-2.1646779
-1.735577
0.15284427
-0.976681
0.82787925
-3.1603994
2.1628993
0.30206394
0.6540195
-0.5487088
0.29311898
-3.5945
-1.3690876
-1.7923594
3.050822
2.462873
-1.236918
1.6893816
-0.22506663
0.9523747
-0.33414635
3.082682
-1.0860062
0.007632956
2.2301214
-1.8637532
-0.73006314
-0.14701578
0.7553636
1.3654454
0.86844146
4.357529
0.1438725
1.5125248
-0.14688969
-3.1470184
1.3383797
-0.9194614
-1.6094512
2.9603283
-2.302137
-1.0317202
-0.6929301
1.0406086
0.35008383
-0.24956547
0.6270995
0.33388376
-2.4231946
1.2117394
-1.4143323
0.5446778
1.1614815
1.3711282
-2.2970996
0.023705564
-1.9014888
1.2244257
-1.654183
0.35886115
2.174989
-3.7446136
-0.11864431
0.25803414
-0.6928182
-2.8614347
-2.8849185
2.2683506
1.1007389
2.314703
-0.12264309
-0.40566412
1.1682869
1.5750476
-0.64535725
1.6029692
-0.071237594
0.1338155
-0.72019804
-2.0869908
-4.1738963
1.1218501
-0.89540416
0.27145034
1.162185
0.6760461
-0.6662588
-1.0965294
0.3814292
-0.9981492
-0.47718862
2.3604238
-3.391631
-0.9619982
1.1749089
-0.6858671
4.3356266
0.4755364
0.22470605
-0.9323833
-0.5860597
-1.0201415
0.9434587
4.3420086
-0.050677314
-0.35281497
1.7627025
0.09615976
-1.0951761
3.1790075
-0.09184528
-3.1273522
-0.7886255
-1.1689149
-1.089787
1.6487137
-0.62168294
-0.25228357
-1.2514658
0.1658209
-0.8685711
0.026142724
0.3008371
-0.49222097
0.836904
-0.31951952
-3.3839877
-1.6193894
2.6240144
0.83431566
0.34074745
-2.7786782
0.16649187
-1.944319
-0.05698122
-3.9548805
-0.6003943
1.8472322
-1.803093
-0.8221143
0.022722006
-2.1956875
-2.528353
-0.011422552
1.1952149
-3.4321024
1.0254531
-1.092871
-0.6535099
2.232193
3.9959087
-3.1456163
3.5857356
0.5897826
-1.6368577
1.6004274
2.4916608
-0.38603604
1.7541275
2.1198208
-2.6654508
-1.2522933
3.3891945
-0.32667714
-0.66822976
3.5673273
0.51838285
5.189651
2.2055438
1.7490324
-2.6169484
-2.5639255
-1.1797544
2.3603392
-3.3646903
-0.8363214
1.2403957
1.353635
2.2846465
3.4731138
-3.7579565
-0.81344974
-0.95770913
0.64150876
3.336612
1.5817171
-1.7890141
-2.6492035
-2.1032863
0.55574846
1.1182249
0.6883173
-3.5614111
1.5113602
-1.4603851
-1.1596844
0.13611746
3.1619627
-1.2833064
-0.53739
-1.327513
6.171168
-2.5496285
-0.16832715
1.8985606
5.6017404
-1.1157646
0.9739981
-0.00038051233
-0.040037647
1.6811411
-0.47184333
-1.2739307
0.10506569
-1.6539892
-1.8379395
1.468688
-2.101329
-1.5127255
-1.2481892
1.3558097
-2.8152468
2.824562
-0.13823569
1.7925158
2.0092976
0.30160475
1.3129065
0.28728646
1.1709013
2.2628675
-0.5769314
-0.09805417
2.3012607
3.0836549
-2.4314234
1.2172015
-1.1178886
0.34766966
1.8152255
1.7421292
1.0316758
-0.30615446
-0.5237852
0.8067316
0.75625277
3.5862231
0.38071948
-0.73614585
-3.4267116
1.6517972
-0.4860868
1.2470084
3.8645768
1.1875039
1.8535223
3.1119683
1.0369184
-0.24214548
-1.608337
-0.92224586
-0.99362326
-1.4867849
1.4872415
2.0768092
1.7208573
0.047460902
1.8624051
-2.4420736
1.6895229
-0.8699889
-4.8746333
1.4891882
1.8825983
-3.0600903
0.090551026
-1.55117
4.0087357
0.43507648
-2.3294768
-3.9528646
-0.085567154
0.30225906
0.30957103
0.16459814
0.6206757
0.35460198
-1.0324442
2.9961188
-0.10553851
0.18266231
-1.1836313
0.294504
-0.20815489
0.29168049
0.473315
0.7997837
-0.67645925
-5.1945314
5.081785
0.7395349
-2.5700629
1.8927044
-1.3298892
-2.2994282
1.7148285
-0.54548544
1.5001842
1.4544042
-0.058892697
-3.0665832
-1.9776745
0.7453064
1.7201086
-0.6168437
0.64245033
-1.8912055
-0.9297221
-1.1740049
1.6442376
0.5619543
0.28094375
0.6296648
1.2526367
-4.681928
0.56553465
-0.22675633
1.0311102
1.9690478
-1.7027515
2.1337066
0.45505792
-2.5676203
4.9400525
1.2773349
-2.2759666
0.32037354
-4.7165494
0.091656856
-2.0859253
0.000772208
-2.8665
-0.30443862
0.32918185
1.106404
-0.044537663
0.2045393
-0.15144324
-1.1502293
-1.0175599
-1.1702241
-0.13754365
1.4386067
3.1316545
-2.4119573
-2.0103316
0.1369983
-2.0608995
-1.6614559
0.8343023
2.6289494
1.5154724
-3.6815455
-1.2916409
-0.17464314
-0.26417843
-1.105948
-0.788888
4.5570908
4.9647775
1.1294547
0.32973823
-2.674498
2.695443
0.9003806
-0.3155878
-2.7142758
1.968756
-5.4514937
-0.18073682
-0.65317196
1.3811533
-1.0891263
-1.8816625
-1.2053385
1.144888
-0.65477633
0.8997098
-3.6813245
0.52791923
3.5328045
-0.7477716
0.3917583
1.3884889
2.712982
1.9587208
2.036968
-2.3444917
1.9809762
-2.2524772
1.0697805
-1.27871
2.197815
1.7881429
-0.2141709
-2.0096805
-1.2146927
-0.15604752
-0.016525045
0.3730206
0.28859523
0.08826776
-1.1742487
-0.61870277
0.50579494
-1.2639174
-2.8620532
-4.7838616
-2.02213
2.4859028
0.50828886
1.0329081
-1.1763935
0.15854427
1.2046494
-2.5202703
0.48185688
0.45636627
1.7579479
-0.6020237
0.33400583
3.7579226
-0.72946584
1.8307418
-0.6653049
-2.1223865
-0.31289592
-1.9151983
-2.0984168
-0.43197626
-0.22449727
-0.053130005
1.0022515
1.0392861
0.08062088
-4.1651063
-3.0283742
1.4657514
0.40973336
-0.29213524
1.6631955
0.71188736
-0.14971662
-2.618702
-0.18042287
2.8059607
-1.3725287
1.7604632
2.6113722
-2.9564617
1.6379716
-1.5924159
-3.172081
-0.042243406
2.708306
0.14783144
-0.4295967
-1.8099586
2.8575323
0.210496
-0.8259706
-1.2868818
-0.9568711
0.2092556
-1.0145605
1.8985264
-0.5950452
0.59049815
0.43575576
1.2185117
-2.2756038
-1.431433
0.50924176
0.6541505
2.588625
0.2519374
2.9183095
-1.4069061
2.0242176
-0.25431693
-3.5555646
1.1655049
5.0548916
1.0016372
1.1871268
0.684283
2.6132374
-0.33471116
0.29298225
-0.59169346
-1.8297652
-0.9186832
-0.7730654
-1.118084
-1.7711046
-1.996422
-0.5586179
1.1100254
0.46131688
2.0001574
-3.8849444
-2.9053643
-0.69999933
-1.0156715
3.0193765
2.5949228
-1.7598277
-6.2478185
-0.6955683
1.0413817
-2.4834762
2.3226626
1.3683788
1.6277825
2.4372423
-2.9164321
5.913455
0.30210167
-0.53206223
2.2383826
-0.4618685
2.0859816
1.0868192
-2.9753642
1.1895626
4.1956053
-0.89836574
1.5541804
-1.5048221
-0.97031075
1.6733136
-1.7091058
-0.7031885
3.2114344
-1.0959505
-3.251873
-1.005388
-1.1315441
-1.2794055
2.2755716
1.5055673
0.42520398
-3.1597383
1.0790669
-0.7229839
3.4851797
0.9834723
-1.383129
2.0077384
-2.1450577
2.133113
2.4893591
-1.5562459
1.3590305
1.5834693
-1.5013129
-3.7565
-1.1116525
-4.334712
-0.8243978
0.8521659
0.22286314
0.55546266
2.728941
0.17238456
-0.15315223
-0.69775075
0.31806728
-1.5654109
3.6322043
2.0790956
-2.5545235
0.45812374
0.49775115
1.4444536
0.14452788
-0.23089212
0.8429082
1.9644123
-3.1352024
1.8465097
1.8624179
2.1847403
-1.6026214
-3.7178075
4.530107
3.14318
4.227099
-2.6981878
0.12217312
-1.0692906
-0.41195798
1.5634587
-0.25939944
-1.7995143
-1.1730629
-0.5267963
0.018839717
2.6659257
0.7140076
0.7364
-0.80907184
-0.6682073
1.0884299
-0.10014995
1.0980428
-3.6568527
0.5495513
0.46929887
2.650304
0.060490236
0.22245266
0.9048834
2.8951192
-1.0634999
1.3230945
1.2346277
-0.22893643
1.1861707
0.43617663
3.345377
0.8798211
-2.1888123
0.70309806
-2.874532
-0.242385
1.3208725
0.44405234
1.9722478
-0.5763163
-1.0290582
3.575304
2.1942754
0.85154283
-2.6260836
-0.66123945
-1.470369
1.1805892
-3.1081076
-0.08385159
-0.76182336
3.2058923
0.9305902
-2.9455082
0.18605071
1.5610964
-2.227524
-0.9270277
0.49788535
0.4179058
5.038348
0.7334328
2.1900232
2.9430954
-3.1905413
-0.32728904
1.5680182
0.79603004
3.467878
-0.1834418
2.9730642
-0.22145337
0.4350503
-0.705111
0.7840483
-0.5786975
-4.3147807
-0.5464246
-0.9565024
0.11696802
-1.2901734
0.43421
1.0284876
-2.5282063
0.33065706
0.23635475
-1.9771506
0.6108344
-1.7469801
-0.639702
3.2227113
-0.09461702
2.1955175
-0.54418993
-2.1831908
-1.9893663
-1.1524203
4.709277
-1.0190651
3.0977855
0.95818746
-2.4308105
-0.80190265
1.1511202
0.41066098
-0.67762965
0.40030092
0.21168925
-0.28626013
2.6024957
0.544449
0.5581393
0.18004668
3.8269427
-0.76051015
-3.4245028
3.2766774
1.0952916
0.16912623
2.0966609
1.6513158
1.9771651
0.5118064
0.3485832
-1.707455
1.2713194
-0.022369064
0.40500915
0.29065925
-0.6905337
-3.0646253
-0.9829945
-0.47507828
1.4763348
1.4389248
1.6038153
-0.32655534
1.5664785
-1.2166628
1.4619485
-2.941133
-0.08899992
0.45914474
-3.1213858
-0.88308126
-0.98081666
-0.5482395
-3.774479
2.2518506
0.7052168
0.8303228
-0.0924809
1.1068707
-0.6814704
0.096085966
-0.6747767
3.4594762
-0.62865865
-0.9464578
0.59893334
-1.1153376
0.48041475
0.44734657
-1.2453442
-2.6756027
1.8292693
-1.537673
-0.3399555
1.2952389
-0.47195122
1.559613
-0.7875995
-3.898457
-0.0136523545
2.052531
-2.4788778
-1.3866218
3.9072955
1.7222624
3.3969088
3.994933
0.30911282
-0.03419002
-2.6779656
-2.8150132
1.2013235
-0.7211074
3.2281306
0.49588287
-2.731048
-0.34765312
-1.0231467
-0.9284203
2.1345508
-1.6860092
1.7938303
-0.85487235
-0.30984962
-2.8094518
-0.5720639
-2.7346013
0.9713256
0.7766284
-3.72488
-1.5162737
2.8570287
-3.1088905
0.97696656
0.035945833
-1.3124166
0.45605516
0.5502253
1.2877692
2.0487888
0.78592753
1.1242454
0.7003138
1.4607338
2.0410888
-0.08668353
-4.621866
0.42439088
-0.56855476
-1.1730877
-0.25232148
1.2929229
0.14223704
1.6286583
2.991683
0.73536944
1.338536
2.6308908
2.3804617
-0.77292186
-2.337114
-2.1923912
0.5840712
-0.47541463
4.5761123
0.8788687
-5.391379
2.3409255
0.22376668
-1.563155
1.7606406
-2.1818686
0.55764246
-0.5156057
0.94363165
-0.683782
-1.0604144
-0.3412223
1.7897664
0.9695276
0.22112837
0.43558648
1.8172603
-1.053251
-0.7748648
-0.25487986
-1.5167893
-3.0140624
-3.7212563
-0.42180276
-1.0476278
2.955131
-1.1429018
-1.7657826
1.0634582
-2.100067
1.7887666
0.4682023
1.0646902
-3.3020115
4.2297688
0.42366976
-1.8149215
0.13136122
-1.5185273
1.796291
0.7466809
-2.457817
-2.38804
-0.073732294
1.589845
-0.90119284
-0.19690563
-1.0953473
0.89102316
-0.26605597
3.4564238
-3.739977
1.2339133
0.09160968
0.7723505
-1.2875023
-0.469777
-1.7395368
2.403195
2.3403306
-0.6046268
-2.8756454
2.1028361
-1.7698185
2.8653352
-0.42678833
0.85649043
1.6820083
1.3003219
1.715675
1.3261873
1.260884
-1.7515615
-1.1288762
-2.9807646
-0.18719831
-3.0670981
-0.47232598
0.20203495
1.0646313
-0.06553085
0.11057943
1.2223808
2.8802683
-1.0394102
-2.586525
-2.6071022
0.82434624
-2.1131
0.9234816
0.59110916
1.8162422
1.137257
-0.20072176
-0.8838933
0.033664137
0.47164768
1.1597528
3.2821906
1.0845526
-2.3376768
2.2182221
-2.8308816
-0.36624748
-0.3641044
0.22014844
1.785598
-1.3609409
1.4354213
-0.8035724
2.572877
5.531111
2.9430466
-0.60504776
0.33851948
-0.80662256
0.7862783
0.36960733
0.22241777
-0.7839788
0.22213708
-0.7754684
0.19375624
1.006491
-0.79278463
-2.6901352
-0.75079715
2.2470758
1.0861274
1.6136664
-0.01622279
1.8829854
-3.536513
0.0032280087
1.2733902
5.0553193
2.8596833
1.4286531
0.92610824
-0.21655229
1.3812206
0.7206562
2.3803973
-1.3053695
-0.29258576
4.0117903
3.8412347
-3.627151
0.06755693
-1.2331806
0.045323603
-2.9155748
-1.8598864
-1.4371917
0.08505488
0.24239251
-0.32913202
-1.9330876
1.9654943
-1.1293921
-3.088122
1.9762232
1.1114389
2.7517056
-2.203793
-1.9955113
-0.9849672
1.2192563
0.27407134
0.76596034
1.116013
1.890319
-1.0782614
0.10087934
-0.092408404
-0.39192095
-3.4446986
0.7745291
-2.2339153
-1.1393261
0.73703927
1.568772
4.5171456
0.39740705
0.8615658
-0.5777561
3.331336
3.5602796
-0.10767816
1.0776895
-0.18615484
-3.7625725
1.2644451
-1.9150949
1.2828343
-0.5203402
-0.08349149
-1.9707097
-1.000399
-3.0369785
1.5813435
1.5942321
-0.44244266
4.467984
1.3537875
0.33328214
0.07968249
-1.8639842
2.9011915
-3.645547
0.98942393
0.78713554
-0.43082124
-1.1088353
-0.19115797
-4.9713182
-0.7289173
-0.557672
-0.953598
-0.01643791
-0.22196689
2.0298588
-2.7353206
-2.1540494
3.368253
-1.4576036
-0.06454057
0.10901348
4.3181214
-0.076867
-1.9282527
0.005613137
-1.4027199
1.2432809
-1.0781883
3.1498623
-4.312969
0.16523767
-1.8774769
0.595322
2.0365446
-1.3163333
-3.213875
1.752078
0.014808223
3.555485
-1.1975992
-0.025632009
-0.4524464
-3.7001374
-1.7315848
-2.0057323
0.32265842
1.7847838
-2.1333852
-2.3724983
3.7209787
-0.56267005
-1.5200213
0.41568285
0.1736806
-1.9229542
-0.21734637
-1.6156635
-1.9215503
-1.1239921
-1.7691717
2.2085154
1.1018577
-1.3897578
-1.6418847
0.51794577
1.6978734
-1.7063922
-0.93143725
1.9232923
0.48293105
3.3440156
0.6823787
0.18851537
-0.73804104
0.038823977
-0.11015999
1.2039158
0.13864675
0.685458
-0.24757233
2.2151783
3.9457865
0.65993285
-1.3967063
-0.55996567
0.5927305
1.0308787
1.7366118
1.3590086
-1.3427265
0.3036974
2.0070643
2.6044924
-1.0000838
-0.6994887
-1.383499
2.922525
4.5698495
0.35041893
-0.9597657
-2.0998957
1.8821046
0.45254984
-0.4175081
0.84441394
0.92501265
0.85911983
2.7444656
-3.8976758
2.0307224
-5.534519
-0.95405716
2.9704983
0.10999318
-4.905657
0.34518868
-1.5467262
2.37506
-1.0285312
-0.102259114
2.7748506
-3.948975
0.73482317
2.3428833
-4.257181
-4.1545706
-0.60660356
2.2286334
0.5661766
-2.197354
-0.5569007
-1.0176592
-0.19857523
2.7334528
1.272849
-1.2262056
-3.3106523
-0.68252754
-0.8249173
1.5975094
1.9959127
2.9280198
1.3773919
1.2222831
-1.8558083
-0.36344245
-0.0690479
-1.9970276
2.5165646
-1.503886
0.49600065
-0.17748296
2.572296
0.058204304
1.3701731
-0.26477885
2.2831848
2.557419
-3.845029
-2.368349
0.48388538
0.24374872
-0.18169479
-1.4745313
0.2970046
-1.9359702
2.8152237
-0.086526275
1.517608
1.4172335
-0.5347662
-1.6861345
3.9535522
0.5464345
-1.9669129
-3.9104152
-2.5439816
-1.0260733
4.0459967
-1.741529
-0.51648587
0.32334557
-0.96744555
-1.627657
1.4547114
0.35720152
1.9055089
4.2866044
-2.8824897
-3.5999289
0.6233274
-1.7108588
-0.33564937
1.1030067
1.9264804
0.7132906
-1.3188577
0.91525406
1.4913034
2.7564673
-0.73924017
3.1880062
1.4175751
-0.36952102
0.857371
0.0042677447
2.0515957
-0.6663274
-1.4297755
3.0841224
2.0981276
-2.7212696
1.7768167
-3.3123772
1.4693335
-1.0638267
1.9177032
-0.84913766
1.7961754
-0.7809648
-1.9216542
-0.1953156
1.4916663
-1.2376723
0.51021427
2.5599856
0.962486
2.3993301
-1.4284436
1.4814496
-0.7503009
-1.7594109
-2.8806202
-0.5338111
1.4117981
0.0034467503
-0.8658158
0.18080235
-0.9340804
0.45770955
-0.9386078
-2.664312
1.4787627
1.2696062
1.4814364
-0.32444844
0.11307431
3.9823358
-0.35659406
-1.3220335
0.53656924
3.498749
2.538799
2.2179017
-0.6159909
0.3186411
-3.6426191
3.3586688
-2.9699516
0.5103635
-0.15278861
1.2313555
1.066147
-2.731868
0.33163798
0.67433864
-2.0180693
-1.0116061
0.33085537
0.59537506
-0.75358564
-1.0074434
0.16972274
0.3889342
0.1711298
-2.4440045
-3.89582
-0.7394538
-0.9802269
2.614256
-0.17296883
1.0544492
-2.0288448
-0.17869323
1.6467606
-1.0276017
-1.3644198
0.12563473
0.5144639
1.4784722
1.2654352
-2.561175
-3.2386804
1.121109
1.7578473
-1.3466922
1.8760147
2.2308009
1.4254739
-0.81885403
2.3736439
-2.189396
-1.3418133
1.6260037
-0.6861024
-0.90637237
1.5585532
0.93071216
-0.40494972
-1.3927569
-2.7391074
-4.1127057
4.8412848
-0.72912616
1.2284069
-0.41327912
-3.0073853
-0.50434947
-3.048639
1.2505798
1.9978259
1.3158921
3.3027916
-3.063501
3.9764788
0.032247983
1.3631365
0.3962731
-2.4260538
0.23556247
1.0050415
0.6039021
-4.2701855
0.46183687
0.25370935
1.0577049
-0.23796624
-0.19877066
1.2554533
-3.4803076
-0.4553303
-1.7131227
-1.1992414
2.9284368
-0.41499674
0.3500179
1.21961
0.07974247
-3.8682725
-4.119542
0.90716773
-0.6525557
-1.4618099
2.1510131
1.3230536
1.5731385
-2.8773897
-0.8438985
0.9203958
-1.8538933
1.0799875
-2.4683502
2.2440152
2.6113067
0.01104293
-0.109839045
-0.9418467
0.29131797
4.078975
2.019318
-1.3268849
-0.56930864
-2.8151913
-0.6648276
-0.089087285
1.7235179
-1.1552494
2.8659363
-0.3694088
-0.37538755
-0.98582244
-0.5366897
0.34978047
1.1740782
-1.1523591
6.038044
-2.275527
-1.8022672
-0.09111184
-0.8708063
2.1714404
-1.308617
-4.258144
-1.5220907
3.0185483
-2.1819923
-0.9874691
3.012229
-4.881924
-0.152973
-1.346705
1.7242225
-2.758835
-0.8345708
0.7228997
-2.504302
0.9512927
3.0617824
0.75295955
2.1942945
-0.14657715
-1.6010106
3.7480204
-3.688627
-0.41263807
1.3819321
3.5132158
0.43985587
-2.4334886
0.42866623
0.4827768
-1.7905293
-2.8941245
-4.0136194
-3.4091523
-2.0664363
2.1578877
1.4421839
-3.644946
-1.2848804
-0.17741294
0.50995094
-0.79761434
-3.0535057
1.0979548
-2.0593796
0.87408924
-0.3284129
-0.534279
-0.5167554
1.0699626
1.5304189
-1.5510966
2.0970678
-0.40475243
-2.406931
0.17929268
-1.4694782
1.5195178
-2.9048765
1.431258
-5.1101527
-1.5086081
-1.8495296
-1.594785
2.2788405
1.8651079
2.033003
-1.3917772
-0.9186283
-1.7644739
1.3487684
0.024844307
-1.0840377
-0.77651113
0.43023494
1.56331
-1.2346848
1.5408282
0.51793575
-2.6996083
-2.0758264
0.69266236
0.022274733
-2.0908258
1.007049
1.8483573
-0.10557044
-0.27909732
0.77433723
-1.7951573
0.7174863
-0.21586382
-0.6807713
2.5147083
-1.5566623
-1.4101331
2.273166
2.049156
0.14887813
-1.0493504
-0.25820354
-3.0747638
-3.471627
-0.9229465
0.26086158
-0.12923923
-0.8684696
-2.1837957
2.83752
1.3288376
1.1458597
-2.540246
2.23486
-1.2997402
0.18617342
0.987117
-2.534092
1.808985
1.4295802
1.5481868
-3.1374538
-1.7430323
3.8228595
2.6431973
-0.011455528
1.9776741
0.60917276
0.13150877
2.1350157
-1.3646946
2.6182666
-0.34156543
-1.7313088
-1.2580377
-1.7480576
0.28179908
2.982939
-0.006154135
0.5932818
2.9827046
1.9125882
0.6856077
1.3812671
1.3751969
-2.5252807
1.5682462
-1.446895
0.33438632
8.435448
1.3369751
1.1785688
0.67498153
1.829017
-2.6297588
-2.0415983
2.4265707
0.28327745
0.36215854
-1.4036152
1.1249325
-3.9443688
-0.91218776
-1.6302481
2.0543692
-2.8649318
2.2783556
0.4969435
3.3102632
1.9930892
3.344215
3.9930058
0.19963932
-1.1677547
-0.5453897
-0.94250387
2.1609993
0.82904947
-3.5526376
3.1383078
-4.010641
-0.79619974
2.3174472
1.3386985
3.2724602
-0.47898114
-0.21357831
1.6668862
2.0590851
1.0907148
-1.2299008
0.46509558
1.7766702
-0.3391805
-0.12733322
2.2835555
2.2802665
-1.1195426
-3.3829284
0.7628525
1.3993582
1.3479617
0.9544406
-4.800128
-0.46960264
-0.46760258
1.4106207
0.5922875
-0.807159
-0.47174364
1.477908
2.262247
-0.444206
-4.1962337
0.4503805
-0.25163388
-0.37718976
1.4706652
0.034576572
2.3812196
1.6942763
1.4089695
-3.8391798
-0.65022945
2.0288327
-3.4967132
0.21321979
2.32508
2.0923193
-0.11775923
-2.5797663
1.8335179
-4.151256
1.9718419
1.9443702
1.4667339
-1.7259108
-2.0149796
0.94061065
-2.4356365
-0.58246726
-1.3676972
-2.9294891
-2.1997588
0.5423174
-2.280077
4.0576105
-0.2430999
1.8752537
0.739165
0.6558106
-2.0158796
-1.340917
0.9950744
0.56446
0.3692817
0.78171474
-1.8972504
-2.1213176
-3.3016324
0.15081194
-0.03306587
2.2289069
0.3036009
0.8261957
0.6926056
-1.1812814
-0.5381835
-1.048391
0.2068265
1.0700618
1.1620536
1.6253266
0.028224096
1.6657394
1.0528245
-0.5763194
0.048254013
0.661905
-1.3315272
2.0439754
1.4612907
0.1149052
-2.7214067
1.3964959
-2.26699
1.8245223
-2.193632
0.4786323
-0.81833386
-3.8719473
0.8134533
-1.3368915
-1.9514128
2.1339571
-0.4163312
-0.101995654
-0.88916606
-2.6168694
1.1121387
1.481199
-3.4608665
4.484571
1.6270007
0.8831266
-1.4692739
-0.43611705
-2.0868301
1.8527586
-1.9308281
0.4989077
-0.6239656
-2.234528
-2.4337833
-0.8873599
0.85462385
2.3780408
-1.5577707
0.001572378
0.72988915
2.2138171
-1.103635
1.0084517
1.3543142
-0.5278392
-3.5209906
0.31328538
-1.4669589
-2.0023253
-2.11474
-1.618645
0.5451612
-1.7211843
0.44590685
-1.0163428
2.6345108
-0.4907357
1.2656802
1.7879703
-0.38326013
-3.0580661
-1.291331
-1.1612417
-2.4108987
-3.3024743
-2.3400311
0.24064857
0.8725761
-0.48337817
-0.30345267
-3.5344305
1.0378082
-2.1019435
0.27221078
1.4836864
0.13729386
-0.801755
-3.5871036
-0.66744554
0.5524234
-0.7663197
-0.57032675
1.2494258
2.0577798
2.419251
2.4522586
1.9953856
-0.596514
-0.5198612
-3.6031485
-2.2204187
-0.15263405
1.1869452
1.3256071
0.252716
-0.1693185
0.4174759
-2.394416
3.4404798
0.14246145
2.6827
-0.05877441
-1.8567173
0.014766157
1.8252429
-2.5403
-1.9848224
-2.833223
-0.7676526
-3.8938067
2.0446024
-0.4617822
-0.3316983
-0.6812093
1.0094801
-1.4653554
1.9221065
1.0070101
2.5901003
-5.0024314
0.19899282
-1.3128098
-1.7046874
0.8371226
0.6645947
-2.4862165
1.0999721
-1.3684068
2.315031
5.097641
-3.266288
0.63887805
-1.9445682
3.9846408
-0.9980945
1.1023285
-0.5982037
-1.6551926
-1.3550547
-2.473755
1.4251155
0.2515304
0.054048978
2.1167712
-0.5969734
0.5388939
-0.6699162
-0.5217394
0.5728781
-2.9367137
-3.0892253
-2.685788
0.9366799
-0.22296739
1.0400705
2.506184
-0.62609
-1.5043758
2.9731996
2.4498174
-1.6093702
-1.6182216
-2.775304
0.31251076
-0.7095627
0.09167515
-4.1159496
0.21945444
2.471866
-0.90328354
-3.1476264
-1.3997099
-0.21301734
-4.7835484
3.0245247
-0.8952359
3.4322042
0.5778573
-3.4723034
-0.35249808
0.6996002
-1.8703258
-1.7189507
1.647727
-0.98477376
0.40161467
-2.3889687
-1.3879791
-1.4507647
6.0189962
0.37676537
-0.379676
-1.0668427
0.37778467
-1.4774977
1.6316797
1.5762686
1.2387152
0.110708505
-1.4800638
2.6148477
2.976004
0.38726336
3.4071515
2.2830663
0.005499579
-0.60178596
-3.4700754
-0.2863253
-0.4811303
-3.823
1.7859716
3.4433677
-0.5333085
-2.5298073
1.5754721
-1.8457958
-2.2951753
0.2952284
-4.5471945
0.2129727
-1.124813
0.37125063
0.96003765
0.7726622
-0.25966316
1.3710216
-1.4532629
1.7017577
1.2085271
2.4331188
0.6253117
0.0075306445
0.5571559
-0.3577746
1.2954046
2.8376594
-3.3904753
0.19174203
1.8436486
-3.1112323
-0.029789634
-0.7826525
-5.073547
-1.653966
3.5924664
2.853569
-0.047076613
-1.4107237
0.24259423
0.052542225
0.4476735
0.5387869
-2.4994998
2.631323
-1.0720967
-0.75426215
0.58529365
3.3819256
-1.8510095
1.2161098
0.14105454
-0.7217118
2.5039926
-0.20725432
0.37692386
2.8848162
-1.5888426
1.938662
1.4741365
-3.8613946
-1.8657897
1.2495389
0.5915947
-3.4338799
2.3514628
2.0526435
-0.19336858
-0.04443519
1.8089198
-1.5191478
-4.5611167
1.0121775
2.0508783
-0.82020956
-1.1653899
1.5955485
1.2767551
1.9758571
-0.23890586
0.028150387
0.38463697
1.2159773
-0.9908776
-5.0581293
1.0704541
-0.6497225
0.45579666
0.9283217
1.868848
0.27900782
0.9646001
0.016881093
-1.1267365
2.3198981
-2.577625
-1.8158348
-2.1603627
-3.3244343
4.827106
2.6871467
-0.1370351
-0.039511036
-2.5459063
0.13529347
-2.5315733
-2.0951881
-3.393608
1.8687671
2.1095421
-1.5271059
0.6846722
-0.98637474
-1.1195534
1.718685
4.4447136
0.8246941
1.5388547
1.3326374
0.531706
-1.8956621
-0.84384024
-0.66037995
-1.0105038
1.7240067
-1.6340823
1.1773293
0.054922283
-1.7994043
-3.1383777
-2.0765417
-4.0318265
2.1504788
2.6006324
-3.1656277
-3.0507736
-0.03214086
0.501366
1.0213089
2.067455
-0.29968077
0.13312653
-3.1393461
3.6200964
-1.79868
3.7966883
-0.14518243
-2.1595337
-1.718347
-0.2747208
1.6001693
-3.5264318
-1.4537297
0.117349796
-0.82833177
-2.6707406
0.6247793
1.1206558
-2.965381
1.2756981
0.081216775
0.5380117
-0.7265376
-0.15801537
-0.20563373
-2.3435202
-1.3204618
-3.3171513
1.5927444
1.7054834
-0.40950492
1.5857283
0.40289244
-1.6418494
0.8679715
-1.2445935
-0.10755671
-0.97623825
-3.6757047
2.4852767
-0.3207255
-2.4498265
2.2861876
3.955689
-1.2987728
-0.23172176
-0.61322916
-2.1842036
0.6762785
-0.037887312
0.34057716
-1.768587
-3.196108
0.42345852
0.9414817
0.18013231
1.0212507
2.1163743
0.31767002
-0.636695
-0.77469087
1.5069114
-1.0187113
2.631789
3.7813518
-2.441685
0.96867824
-0.97069746
-2.9567897
0.019296892
-1.203568
-5.422909
1.9649425
2.2683625
0.4332034
2.8489606
0.9305073
-0.26520503
1.3115733
-3.8277333
0.8338609
-0.8262883
1.357871
-0.5803982
-1.5235708
-1.9187022
-4.786554
-2.8690412
-1.633663
1.9863015
-3.1373487
5.502307
1.6537948
-2.5453405
2.5032387
0.03277822
1.3417556
-1.6799085
1.9893378
-1.6769358
-1.7508342
0.18437797
1.2757362
0.26073813
1.9709947
-2.680674
0.11016439
1.6973271
0.60242295
-0.7045024
0.02508508
1.5794489
2.1426353
0.9966096
0.8785799
-2.7436404
-0.13083023
1.8483565
-3.3978195
-0.29908788
-0.7378161
0.73924214
2.820196
0.0949671
0.31921458
2.9274044
0.9263061
4.5818205
3.3115902
-0.51704955
1.5283413
-0.21104744
1.2057501
1.5680234
0.8763748
4.3669353
-0.28024903
-0.8659915
0.54293567
-1.5182611
-0.10285221
-1.9507084
1.9454608
0.29563123
-1.429442
-0.5309335
0.41617632
-1.8826885
1.2450051
-3.0052743
-3.5939844
-1.6041878
-3.2185163
-2.7580414
0.5408267
-1.4878749
-2.2533844
-1.645104
0.6071625
-1.7958199
-3.4435606
0.07581342
2.877818
1.967669
1.7593062
-1.6419349
-0.39067104
-2.6685739
0.8220937
-0.70312816
-0.3740903
0.24250436
-2.580097
3.5907004
1.7179389
-3.347037
-1.4127544
-4.1837516
1.1065285
-4.1600385
3.7017393
1.3559608
1.0321406
1.1936656
-0.9989341
2.7243683
-4.29298
0.12321618
-1.3854192
0.0059104487
-1.9040602
0.7585574
1.1445968
2.5270364
-0.23891315
-0.45590568
-3.6570616
2.7790542
-3.9903097
-0.6166282
1.0413616
-0.30851045
2.678297
4.1024327
-1.3217359
0.81289184
1.5879709
-3.9786367
0.011704899
1.8595402
2.6765995
1.1311922
2.2134297
-1.2246535
1.6089922
-0.22284403
-0.29002985
-0.5245643
0.59830546
1.2724882
2.013472
-1.5821192
0.7871232
2.6033497
1.3652593
1.8191152
-1.0904249
1.0115279
-0.49060547
-0.25097016
1.3773955
2.4035273
-0.087085366
-0.5286153
-0.5732475
2.1904416
-0.55480105
3.0758166
0.107910246
-0.1550242
-3.05389
-1.3043983
0.9410318
-1.8209878
-1.7045918
-0.5905577
0.3615653
-0.25609908
0.44884378
-0.86804736
-0.039694168
-2.2254698
-2.856373
-0.5521516
2.5663524
-1.2512861
1.0944782
-1.6361618
-2.513321
-0.47395927
-2.603532
-0.49623263
0.26080924
0.41610155
-0.9964018
-0.891619
-1.6711721
2.137835
-1.0027554
-0.7567394
-1.12881
-2.9271917
1.0345923
1.1027448
0.6779791
0.19935758
1.2127107
-0.08213386
-0.84819156
3.1129062
1.3263279
-0.8248811
-1.6297617
-1.805331
-2.540687
-1.4456291
-1.6382507
-1.196854
1.844745
-0.897789
-0.14528647
2.264051
0.708756
2.4963737
0.74965453
-1.691713
-0.22193813
0.39688113
0.9880795
1.4166353
3.4942756
0.26347712
1.1089427
1.3035733
2.275829
1.9538379
3.2615998
-2.0669508
3.7551785
-0.18358894
2.25826
-1.4440466
1.5096856
0.44614774
4.219362
-0.028463133
0.0029847696
3.346796
1.9580543
2.4804196
-0.65239495
-1.5405488
1.6889764
0.68086225
-0.98472327
-0.60333717
-0.3778692
1.745041
-2.53324
1.2961109
-2.176143
-0.47939903
-1.5965533
-2.2499013
0.46353656
1.6398203
1.5483036
-2.0072784
-0.4174089
-1.2134683
0.7004734
-0.7384683
-2.4665906
1.1736286
-0.56124645
0.7851557
0.76625746
1.6134928
1.1566654
-2.0940683
-0.47453278
0.3653226
-3.6788704
-0.0935975
-3.626656
0.7763512
-2.0360613
-5.071603
-1.7771955
0.67623484
-1.1001987
1.2849944
0.3132113
1.8704172
-1.2472538
-2.285712
0.39450303
3.214135
0.5549517
-1.9015758
-0.60660666
-1.480187
5.0048566
0.30384767
-1.0326953
0.6037253
0.7503324
0.6354419
-3.7909327
-1.3561685
0.76551163
1.3808146
3.6972666
-1.1576346
-0.9063953
-1.2403789
2.3718247
1.2605455
-0.17598686
3.21113
0.63900346
1.011343
3.4030447
-2.3622718
0.8096265
1.589015
-2.376116
-1.2712587
0.45217618
0.9627394
-0.31352714
0.8822361
0.07807477
-0.1847364
0.5589005
1.379357
0.4359017
-2.1477659
-0.6005867
1.3178445
-0.5812257
2.0277855
-0.79849696
-1.345227
2.3854477
-0.8876174
1.0810515
0.017904304
0.26137882
-0.91918385
2.0499613
-0.62775147
1.2019159
2.20785
-0.13859266
-0.10478653
-1.1192055
1.2460699
1.4135797
-0.6165172
-3.2541444
0.060224257
2.746716
2.589753
6.4156513
1.5696412
1.1026018
-0.56671274
0.72799927
0.11768482
-0.10761797
-0.87376124
-1.6930695
5.3474464
-0.7653048
1.1445949
-0.2803067
-0.3338351
2.1414108
-1.0721991
-1.823935
1.7870696
0.4809218
-1.3814157
-0.5458812
-1.0540053
1.5895461
-2.3474588
4.5854197
1.0353414
0.46163195
-1.1254178
-0.51539445
0.795131
-0.036277227
0.8769536
-2.448338
1.5919193
0.076010354
-4.2702417
-2.4235759
0.960162
2.556598
-1.5839076
-0.40430924
-0.17583847
1.6610246
-1.7178855
0.6250854
-3.5948017
-1.6739957
0.6112497
0.7444842
0.11163275
1.2515734
0.84544957
1.075252
-0.072876915
-0.6491503
3.93402
-1.4163227
-0.700713
-2.9726655
1.7332324
-0.4168972
-0.3050501
1.5618182
2.637068
-0.47153845
2.171794
0.6170911
-3.1399994
-2.665244
-2.4116874
0.16064146
-0.5456716
-3.5580852
-2.0343719
-0.40944958
0.003134098
-0.028901566
-0.70556504
-1.0489237
1.7190467
-0.79063576
-0.43814254
-2.3743243
-0.9059385
-2.9557486
2.9835846
-0.28311086
-1.45197
1.7268175
-0.2240619
-0.5253549
-0.6753272
-0.05810494
-1.723073
-3.2642784
3.1908576
2.5563314
1.2136475
1.1080873
-1.9607347
-0.36918995
0.07147711
-0.7408451
0.7063465
1.4123378
-5.473826
1.5974487
4.3691816
2.5764146
-0.98991436
-0.0764985
0.81034976
2.6889105
2.4642084
3.0144575
-4.400116
1.3624892
-0.121763945
0.91328835
1.5650779
2.220731
-0.11937248
-1.2828411
-1.7054013
1.0117675
2.9750974
0.25896934
-0.17593306
0.4272557
-1.9124768
0.2157598
4.896715
2.0506587
-2.896547
0.8365799
-5.086321
0.1823096
-3.4666488
-2.3260336
1.2931812
2.186986
0.41038784
-3.244765
-0.2815197
-0.6938222
2.3035638
1.4009728
0.5594799
-1.2396325
0.73146194
1.5337548
2.3143606
0.3515324
-0.87092125
4.7624297
-0.077003345
-0.28067243
0.4863973
0.16410056
0.737482
-3.9963446
2.121391
1.7043633
-0.73770714
0.13005947
-0.97770983
0.113979764
0.55755347
1.0723883
0.63551134
-0.05919877
-0.8847122
-0.06420968
-2.9664383
-0.6045472
0.22731304
0.7236171
2.5174875
-0.6732392
2.3528662
1.627451
-1.8502091
0.012517057
-1.9365237
-3.544109
0.20799914
-0.05075113
-2.1585226
0.00037769228
-1.2768186
0.028522328
-1.8047009
-1.922176
-2.1520264
-0.11911359
-1.4795899
0.08169899
-2.8722153
-0.32755077
0.01676555
1.8453143
0.7152046
-0.3194183
-0.4272961
2.0809608
0.28178078
-0.4612491
2.128598
3.6576865
0.3687577
-1.063486
-0.95520985
2.053762
-3.6035414
0.85300964
-3.3421054
-0.2280707
1.1502655
-2.7963264
1.3770663
-3.5152493
0.103230014
-0.2785228
3.6747284
1.8164747
-0.48122633
2.2872508
-1.1994703
-0.08798643
-2.5142393
1.4054023
1.7403489
-0.64144725
-1.614171
1.5097055
1.5458827
-3.4919744
-1.6350846
-1.2778524
-0.05114404
-0.48671275
2.647565
0.5681463
1.6259624
-0.15119064
-0.24334805
1.1206577
-2.6891458
-1.0690447
-2.2265785
1.9700809
-4.7087135
-1.5276067
-2.6555247
-2.581942
-0.05471489
-3.426217
-1.2390717
-1.5920821
-2.0368
-1.1227709
0.054745734
2.7309215
-0.09193385
-1.1372476
1.5171354
5.4511404
2.979886
1.1367364
0.4960536
0.19324341
1.085785
-1.2223389
-0.90818906
-0.7215554
3.1135118
-0.94602185
2.3108785
0.801702
-0.05003994
-0.8250792
0.00921005
1.9571943
0.26407087
1.9366263
-0.53466755
-0.04962352
-3.1916826
-0.6264123
1.823634
-0.12721571
3.2546854
0.83918434
-0.700326
-2.6435435
-0.9897281
-0.15876989
-2.7646215
0.22660723
0.21470785
-0.2997432
4.0183516
0.5422493
2.166089
4.4619102
2.7077274
-3.085929
2.526015
-0.57000405
1.643911
-0.76811945
-3.0423923
0.94186413
1.0610873
0.4487777
-1.0510291
3.723247
1.1608528
2.6641893
2.5699635
0.34806585
-1.5705018
4.0518217
2.0007389
3.0741878
0.13702369
0.20551938
-2.5546417
-0.66662437
-4.5707912
-1.708542
-0.87662816
0.292274
-0.28563654
-0.8369285
-1.2139333
-1.2015849
-1.603456
3.4811063
-1.0171114
1.8338766
0.99413574
0.40612262
1.3068572
-2.2461324
-0.8397871
3.9496171
3.2711232
-0.8340185
-0.8069247
0.2496667
1.1375544
-0.30563927
-0.21833095
1.2717611
-2.1065607
0.15884995
-0.10432651
-1.5224787
-0.77056664
-0.12967727
-0.14503683
-1.0208781
-2.210918
0.7354624
-1.011411
-1.8737376
-2.0555618
-0.4203034
5.3736997
-1.3730528
1.6367801
-1.4519081
1.236412
-1.5459132
-0.050484017
0.9471791
-1.2864572
-4.360425
0.06251727
1.6895581
-1.4465654
-0.7627284
1.731939
-2.648779
-0.1099422
1.2222929
-0.5113288
-0.0009910613
-3.849526
-1.1513109
-0.028238244
-0.9433127
-1.0636015
2.0056195
1.0587789
-1.8744006
0.53127503
1.9084978
1.2106183
-0.35700923
-0.86696744
-1.6228796
0.25757384
3.3434348
-3.1078
0.085319705
-2.080456
0.5588618
-1.1177115
-0.45839822
-1.4095443
-1.5550755
0.7824023
-2.183161
1.342817
0.27617678
1.445839
1.1236129
-0.9652602
-1.4427674
1.3517466
-0.24396619
2.4258802
2.5718155
2.5879264
-0.14079127
1.7199603
0.6091102
0.21270588
-0.5227073
0.51165104
1.961503
-5.145107
0.72007644
-2.2513673
5.130753
2.9826474
-0.17068198
-0.9634707
2.537459
2.9284227
-0.78714633
0.92229354
1.0176413
-0.57966685
-0.0720597
-0.51330334
-1.8399154
0.22500229
3.9200585
-2.6861107
-0.62980735
1.0888963
2.123582
-0.22836581
3.2505116
-1.6034139
-1.4854053
1.8468593
-1.8702306
-1.7377013
-0.7778768
-2.1494937
-2.4101057
0.7124929
1.8210723
1.2436516
-3.749828
-2.5845323
0.42244947
-2.1258538
0.33495986
0.2662219
1.553263
-1.6760868
-0.8581685
-0.18501204
0.9615721
2.365094
0.13966583
-2.3397667
-1.0061722
0.90360963
-0.10264412
-1.2843254
-1.623031
-1.4143502
3.4743009
-0.32356578
-4.660363
-0.08134002
1.5587538
0.48798564
0.65677893
1.5168351
-1.7859237
-3.0893931
0.81210816
0.6850667
2.6275303
-2.0843189
-3.865385
-0.14523125
2.8297875
-0.31798017
-3.824078
0.07481614
-2.4456372
-1.2267841
1.1846945
1.1366208
-0.7352366
1.9456077
-0.15414333
0.0108376555
-2.0901134
-0.902083
1.507572
2.1035578
2.5674202
3.3044019
0.9655207
2.8158867
-3.5084608
2.2220092
-3.864902
1.8541976
0.9999669
-3.0306456
-0.87844676
1.5348849
-1.807173
1.4618636
1.2097578
-0.06855661
-0.6763534
0.49640673
-0.4360885
-1.4151343
0.69469386
2.9276867
-3.5429022
-3.0823474
2.6416411
-0.011454955
-1.1009015
0.32829925
-1.6939799
1.5712748
-0.5288304
-2.3884773
-0.109367624
-0.8476722
-0.019267343
0.3606776
1.1224152
2.5066547
-3.2363627
-2.9792476
-2.3247597
-1.8656077
-0.21716082
1.4367105
-5.27894
-1.0191997
1.6279593
1.9427063
2.0236032
2.0674288
-2.8281
1.1530035
0.6610561
-2.9753306
-0.19484484
0.46133387
0.11995087
-2.154669
-3.2779899
2.9612455
-1.3718222
1.5193679
-1.6574011
1.7635664
0.21693146
2.378504
-2.9346745
-2.0128448
-2.4199543
-2.4496696
2.589637
4.5273724
-1.6561635
-1.7734377
0.58688956
1.1468523
-2.9876647
-3.5272644
-1.0643717
-0.9206063
-2.002935
-1.9336373
-3.3233902
0.9931933
0.22707084
0.83068043
-1.5899599
-0.44776106
1.6393828
-0.4222508
1.6059394
0.46359283
-1.3115863
1.1464292
0.9852737
0.8056254
0.8821846
0.9348419
-2.1185272
-1.6449243
3.370568
-1.1303493
-2.1636245
1.6800714
2.466385
1.7513673
1.075259
-0.20027924
1.3773298
-2.8220472
1.2608612
-2.6226382
-3.3864808
0.7265494
-0.99437046
1.6348146
-3.8418288
1.2911894
-1.1209216
-1.2643512
1.6445198
-1.2973772
-1.3230095
0.6027104
1.1507097
-2.1556118
-2.2361176
-2.619059
-0.62430584
-0.6434302
0.45033687
3.4763482
-2.7348347
-2.7730577
-1.7783015
-0.35211092
1.3392698
-0.8682463
1.4285794
-0.4932135
-0.65654093
2.5482547
2.4897473
1.9976127
1.2150528
0.46721935
1.0468302
-0.8763051
-1.0690709
3.077817
-0.8971668
-4.0342216
0.4787192
2.175009
3.7220263
-0.5949083
-3.4714952
-0.5251213
2.4196563
-0.95194906
1.7496364
-1.0907093
0.4621143
-2.0611389
-0.09371775
0.2721081
1.5036482
0.7714481
-0.024792254
2.3077338
-0.9609888
-1.8905549
1.9785823
0.15566447
1.7395362
-0.23699284
-3.0182307
0.9770886
-3.1205957
0.88925374
-4.2404385
-0.97051877
0.30180657
2.0213172
0.39933646
-0.41939
2.4482062
-0.28288925
1.1988527
2.9621105
0.48124027
-0.6685836
-2.0750544
-0.8873618
0.71661425
0.7154505
2.8806527
-2.08879
4.2157674
-0.12973225
-0.3583443
1.7950001
-2.4982285
1.2406055
0.71884286
-1.1262997
-2.1079257
2.9342532
-1.9196748
1.9451805
1.4703405
-5.511213
0.051237978
0.41695818
-1.9456149
5.9491944
-1.1237707
-0.652678
-2.187994
0.16682556
-4.6527185
-1.6938106
1.2404467
0.99682796
-1.3453218
-1.8665695
0.33465093
-1.598219
-0.96527255
2.419882
-1.8116674
1.3246491
1.7681003
-0.6222285
0.82676035
1.0743977
-2.638592
-0.25168428
0.029076822
0.44782826
1.34931
3.705372
-3.0183196
-1.6186887
-2.8334727
-0.7205387
0.52248514
3.9796414
0.86769146
0.45445386
-2.324967
2.0157175
-1.5508496
1.2648075
1.761269
1.1774526
-1.6685883
-2.8300862
-1.9781046
-3.0750954
-1.0755465
-1.1985941
1.0422914
-1.9107215
-1.2876025
1.3665718
1.278325
0.06095088
1.2159126
1.284564
-1.875828
0.04843395
1.4784373
-3.0832381
3.779163
0.5503188
-1.4187995
-3.3595505
1.5773154
-2.284594
0.22525269
-0.91112596
3.431884
-0.8295847
-1.1008149
-2.753465
-1.9983549
-1.6076691
2.2301617
-1.6937569
1.3387547
-0.6191848
1.4427041
-2.0322688
-0.34177703
-2.8076355
-1.0002205
-0.9107235
-0.5059438
-4.154145
0.70049065
1.8948845
3.8685973
1.693472
-2.4775245
1.7571678
-1.6418164
0.6786936
-1.8549706
1.9695504
-1.3068714
4.329549
-0.97341025
-2.6409073
1.1641479
-1.5565727
0.2907148
-1.2546729
2.7188325
1.2721112
-0.59498787
-1.3791453
-0.4744875
-0.2155875
0.70144194
3.3475316
-0.113438256
-0.98703766
-0.5100677
1.25391
-3.9403613
1.5466989
0.6594654
1.852512
-0.0035207048
-3.6464865
-0.43102875
0.3882021
-0.043185495
2.6709728
1.9407802
1.9005917
0.4186176
-0.8141507
1.652862
2.192876
0.5814215
1.0257109
-1.2248075
2.3854263
-1.6156031
-2.0316556
2.2808056
-2.931776
1.668696
0.79040104
-0.37550795
0.08337435
-0.14244705
3.345769
3.7541072
-3.732078
-0.01981704
-0.5715682
-2.4667094
-2.2132008
-0.0042828396
0.7570955
2.2710216
-2.0127156
2.3979518
-1.4782917
0.9122948
0.25161177
3.1404595
-4.1625366
-2.2303138
-1.891732
-2.478226
4.104043
0.34464842
-1.0968754
-2.142624
-0.84979343
0.330853
-0.8006467
0.20738718
-0.29686612
0.54579437
0.87340766
-3.1390588
-0.15815231
-1.2415679
0.38236576
-1.3809323
2.3103209
-1.331343
0.34145558
-2.1149087
-1.6565511
-1.1988268
0.25004855
0.062300704
2.479959
-2.3923566
3.6453624
-1.4011749
0.7371222
1.6472796
1.550944
0.65017736
1.769251
0.22010443
0.61968505
1.2144727
0.6241474
-0.98802817
-1.4855616
-0.4793444
0.2882212
1.1456174
-1.0778393
1.913719
-1.1950719
-1.3026388
-1.7886145
-1.4680189
1.6879073
-4.3689537
0.15321207
1.0111455
-0.37689692
-0.4031699
-0.60354125
-1.3120942
3.2259657
-0.32657203
-1.575534
0.14218351
-1.4709455
4.3734527
3.506643
-0.70167375
2.95326
0.614951
-0.15571776
-0.9827372
-0.0096492395
1.5438089
-1.5961025
0.24168953
0.2659772
-3.0052311
-0.8066843
0.42172185
-1.0619519
-0.6613749
-2.2511191
-0.78640103
-1.7579733
-2.4747138
0.0144241825
2.9491582
-1.0174705
4.9573216
0.49802735
-0.784792
2.5011685
2.5115154
-0.58924603
-2.658618
-0.05430284
-1.6995112
3.1285963
-1.5621495
3.1384223
-1.9776298
2.1383793
-1.6163495
-0.4960734
-2.1042168
1.3542496
0.94043523
-2.303149
-1.6791329
1.7989702
1.5634614
-0.51617455
-0.8917673
0.57011044
2.4042068
-0.13472743
4.1211634
1.8682168
1.4758971
-1.1638068
2.634499
-2.134053
-2.5400326
-1.3359085
-0.798169
-0.85219145
0.9004007
-2.6895146
-0.05518485
1.9844141
-2.314701
-1.9159682
0.4167232
-3.460993
0.56669873
1.9126643
-0.874402
-1.5591401
-0.9676034
1.1986504
0.6609528
1.4579527
0.7981075
-0.5603219
-1.9827944
1.5464224
-0.2440265
2.3270957
-2.0516887
-1.7759899
-0.33396226
4.776962
3.1888394
-0.8071048
-0.8542611
3.2240183
0.352591
-1.335153
-0.52184945
0.33062494
0.97235155
1.625732
-0.91594094
0.97012633
2.2008693
-3.6818457
-1.0763062
0.79389393
3.5637412
-1.007334
-0.34946343
2.7662935
-0.7943602
-4.2996926
-0.27481857
0.6658171
-2.1948252
1.5652071
-1.5833136
2.2598848
-1.615947
-0.48923647
-1.269555
1.5136926
3.5184119
-2.359437
-0.71961695
-3.869238
-3.4524457
-3.0736935
0.5778768
0.82634133
-0.3395876
4.208296
2.177113
1.8347411
2.312674
1.6537356
1.5435886
2.370284
1.463956
2.4771361
0.62098
0.21809804
2.5414753
-1.3908576
-1.9398508
0.6274512
0.22467215
0.77990067
-1.4403702
-0.5161635
-1.2458745
1.2689114
4.33622
-0.17916027
-2.4269326
1.4390751
1.2407846
1.9486603
-1.5169765
-1.0945225
0.1342533
2.1543489
-1.5289152
0.83363605
-2.4354193
-0.8336837
0.8584434
2.0771508
-0.5916501
2.7628284
2.9554508
1.4929469
-0.08155603
-3.730545
1.2274398
0.6757787
1.1084051
0.24320462
-1.2099707
-2.1814196
-3.701194
2.594563
1.216757
1.8074907
-1.3253967
-0.938587
-0.8698536
0.9302455
3.9795365
0.23802707
-2.218228
1.2045623
1.0822355
1.6428639
-0.051783107
-0.21376127
2.9797685
0.7529828
-1.254238
-0.17169634
-1.0978817
-1.2612857
-1.7382414
0.06743215
6.5507865
1.6270429
-0.3705189
0.48876232
1.335501
2.6689084
-0.63116795
1.2356861
-3.654296
0.32369924
-0.30985758
0.32729343
-0.15795499
-1.9956334
4.4016557
0.45683926
-1.708623
1.6888671
1.1302108
2.1769598
-3.2891183
1.5352687
1.1031339
-0.48731792
-0.24175724
1.7865057
-1.2729473
-0.991608
0.84297067
-0.14841315
2.1437423
1.5835878
-0.12646826
-0.1017547
3.4480274
1.328271
0.40712005
2.4565926
-1.1935091
0.43182385
0.06536238
2.0857897
0.15124166
-4.8596554
-2.6116385
3.435863
1.2884339
1.5916317
-2.5851018
0.94113845
-1.9006714
1.20311
1.153839
-4.469662
-0.36918667
-1.5031493
-1.6398212
0.8150098
-1.0979198
-1.554876
1.7281891
0.38875213
0.28510764
-0.5607425
0.5558634
0.5061073
2.4598303
-1.8709217
-1.5753869
-2.7265272
-1.5573819
0.19806527
2.270183
2.8201358
0.94560766
-1.0628328
2.6389763
2.216643
1.7796158
0.18074617
3.4957714
1.6804276
1.4824779
-2.1653082
1.876556
-0.19209918
-3.2757802
-0.6986619
0.83088744
-2.1883762
2.1403527
-0.60881
-1.2490984
2.441701
1.9944347
0.7376109
-0.2973263
-3.4222136
1.3936999
-1.4718578
-1.9264824
-0.33431154
1.2934136
-0.58474934
-2.1826024
-0.7567915
2.677198
-1.0380502
-4.1713123
2.8009894
0.25155598
-1.7330865
0.4426064
-0.33593696
-2.142036
-4.953747
-0.7618077
1.5917825
0.2722545
0.7393658
-1.812083
-0.80479574
-1.8724484
0.49466679
0.21695624
-1.8509496
-0.5433494
-5.0137787
-1.090617
-1.3127996
-3.4624066
-1.0885603
2.245603
0.15962091
-2.5851438
1.0602155
-3.118016
0.3696606
1.8224914
-2.682519
0.04945202
4.76501
1.0289032
-2.0591047
1.9365833
0.46339482
-0.29994643
-0.5439793
-0.001623407
-3.4829917
-3.270149
0.9366139
2.353399
0.9873772
-0.25678536
-2.6887822
-3.6635075
0.9137067
-0.85314673
-2.1538353
3.8615503
1.1851977
-1.4661704
0.35607368
-2.9698696
-0.6435418
0.5977456
4.034422
2.7468472
-0.060229428
0.1338979
-5.722098
-1.4796691
-2.478101
1.0846361
-0.1832968
1.334324
-0.85383195
-0.9719567
-0.41713545
-2.754059
1.1376563
-0.24999613
2.361678
1.5731639
1.3553629
-0.2788448
1.1974784
-1.0437337
2.8688352
1.9145194
-0.34058893
1.0569111
-3.045814
3.1477416
-2.4547563
2.850892
-2.233954
-0.78807706
-1.5848274
0.95572525
1.0905222
1.991632
-1.1637985
-3.0132608
3.2011044
-0.896372
2.9423954
3.265898
1.8630474
0.16557676
-0.7436733
-2.9718766
-0.8984384
-1.5345948
-0.52600753
0.6080644
2.3198717
3.7645931
-0.093966044
1.3823347
-1.166232
-2.6493607
0.9327582
0.2578336
0.33813807
-0.2998907
-0.3954608
-0.7109177
-0.5743875
-2.273273
-0.8160618
-2.3495212
1.3293225
-2.7272708
-0.09358849
1.1806177
0.7930391
1.2864726
-3.3026986
-0.9288119
0.22355777
-3.1234586
-1.1576501
1.5504887
-2.6182845
2.7180877
-3.1470175
-0.76299775
-2.5049765
0.62065136
3.0244074
1.0627167
-0.4466781
-1.583838
3.376111
-1.2512027
-2.8928442
3.401865
-0.382832
-0.25148857
0.034642637
3.031102
0.9510843
1.2557434
-0.11310554
-0.55117375
-3.1634989
1.3152547
-2.6303344
0.44809696
-1.1181512
-1.3948151
0.35440361
-1.6638116
1.2113461
-4.6429143
0.57632643
2.2933748
-0.261528
-4.8458858
-0.52849746
0.2612426
2.0151305
-2.4482853
-0.16024226
-1.2028992
-2.953424
-0.3831335
-1.1433878
0.4572184
1.2315385
1.1657816
1.5973132
-2.5222917
0.6846419
5.16862
2.1247456
0.38691413
5.040846
-2.7311964
-0.9885961
3.655231
1.4920839
0.5698187
2.4523509
0.053935993
-2.1722653
2.755347
0.09303837
1.3082596
0.8748168
0.17263976
-1.8016812
-0.11364363
-3.5105782
0.2646806
-0.5210883
1.457372
0.15083273
-0.6057346
1.5965304
0.3425397
-0.8736706
-1.8929296
-0.6072117
-2.8044863
1.6582221
0.6155342
1.7828529
1.9452847
2.378254
-4.0538526
4.326546
1.0796678
-0.3653852
1.0371685
1.2616618
-0.23747632
0.52625585
-2.4241061
-1.2022419
0.74377304
-0.37683883
-3.3729815
-2.070525
-0.50524646
-2.873425
0.5767499
4.110623
4.996033
-0.79134965
-1.9923778
-0.75931704
3.1335523
1.50184
0.08347324
-0.061006904
-2.039078
-0.32535475
2.0180287
-2.004624
-0.9494952
-0.4999135
0.07906571
1.2952223
-0.08017385
2.5375836
0.8041971
-1.5677311
2.4271395
1.1409771
-0.9099163
-1.0170788
0.7068973
-0.16897151
1.8253759
-1.9180415
2.0531328
0.5798699
-0.64156616
-2.9175153
0.7548101
-1.1481961
0.49689507
-2.5964427
-0.8898657
1.5748072
-1.3002397
0.61497986
1.6307164
-0.5243601
-2.258837
-1.4614565
-0.20649879
-4.0176296
-1.4460176
-0.50230736
0.886219
-0.2109328
-0.35315424
-4.274305
-1.7860142
2.032414
-0.07218344
-0.44970024
1.966664
-0.8830313
-1.138311
-0.6204928
-0.0010762848
-1.4453791
-2.7429204
-1.2715014
1.7133356
2.2908115
-0.25562587
-0.5846417
2.3596463
0.055931322
3.5570366
-0.27280593
-0.77678573
0.97131395
2.4921196
-0.27020627
1.402498
2.3375058
2.1625276
2.6104074
0.15496
4.1002984
-1.574732
1.2231989
0.3839453
1.379992
0.21282902
1.1110699
-1.5149584
0.8853602
1.5749327
0.5827481
-1.5690081
-1.4786224
-2.3106735
-2.3150382
1.040878
-2.7151396
0.48646194
-0.16734946
0.90519977
-0.45557752
1.8252841
-2.978523
3.8826308
-3.752651
-0.6286154
0.23320168
-3.8464777
0.17723784
1.8074149
2.4756932
-1.11357
3.0107825
-3.0107143
0.3174492
-0.34417614
1.437767
-1.1570889
1.5165536
-0.3860332
3.0276027
-1.3973206
-0.9129365
-0.77834415
-0.105585344
0.6478171
1.0149156
2.4448743
-1.8579108
-0.48632848
-1.6785779
-0.2906367
1.3500397
-0.36611906
-0.57365763
2.4500308
-1.0257199
2.9100847
-1.6520228
-0.35254788
-1.1061132
0.59886706
0.14307594
-0.57622147
-0.15812542
0.8210534
0.44639084
2.214332
1.8544666
-0.5635592
0.9088584
1.8169537
-1.934481
2.7669775
0.5610224
0.38290763
-1.0512677
-5.8813605
1.2121276
-1.7902813
1.6764724
2.8798616
3.07147
0.12621841
-0.26442167
-0.17036162
2.3091154
3.3789647
-2.614407
0.67546475
0.13641284
0.054326646
-1.4940708
2.0901916
-1.2476972
-1.2195799
2.225906
2.626365
3.1636028
-0.8361053
-3.4523323
2.609562
-3.2576284
0.23087576
3.679526
-2.6470025
1.1972666
1.0655638
0.59804296
-2.473505
-2.336649
1.5536804
-2.5368686
-4.3724995
2.7086875
-3.987842
1.1943053
1.1750687
-3.2968535
3.8164918
-2.3187485
1.8198513
2.4163291
-0.32918718
1.4507804
0.33191037
1.1853749
-3.4155364
-3.5134864
-3.0275998
4.198299
-0.117959484
1.0700612
0.42707187
4.0106554
2.33525
0.21866807
-2.6577904
3.015923
-0.79692274
-2.8922832
-0.7062582
-0.2665356
0.29323938
1.3523072
0.10279167
-1.6312011
-1.1876482
0.5002675
-0.85059667
0.11178475
3.3159292
0.35868084
1.4714547
2.7590506
-1.1390394
-0.561267
-0.6520048
-0.42986923
3.4743297
2.0114005
0.40032202
0.9838829
-3.0626428
-0.35280114
2.2401214
-2.875968
-1.3331896
-2.817322
1.5571103
1.1199415
-5.7408257
-2.3138156
1.3332906
0.40635726
0.99776375
-0.118689284
2.0921593
0.44726947
-0.22684136
-1.3564299
0.119407944
1.8587931
1.2859477
3.4887884
-0.9015579
7.005711
-3.014226
1.4794488
-0.33117405
-2.144027
-0.3210876
2.296033
-0.69002205
-2.8199613
-0.043408345
2.2663777
-2.1822815
1.0769137
-3.7376578
0.29063344
1.8845701
-2.848529
1.1706061
0.5004941
-1.3980194
3.4269125
1.3178581
0.852664
-0.9958737
2.9036338
0.21706417
1.1717745
2.969793
1.6172551
-1.8269519
0.21176988
-0.68850553
-1.6409835
1.9476265
1.2865528
-3.9100993
1.8251369
-1.4198498
-3.104678
-2.7581089
1.2092516
0.4628187
-2.2046974
3.7610302
0.18755293
-1.0266169
1.9265988
0.73384756
3.8066852
2.5910509
-0.33466712
-1.080662
-1.1046817
-3.0623622
0.23776251
-0.5120372
-1.2125806
-0.86497766
-0.72520995
-0.090399735
1.8995906
1.7862054
0.5112703
1.2561141
1.965766
-0.7968693
0.054319546
2.6997342
0.13448311
-2.4019663
2.1361728
1.0993518
3.93507
1.4597158
3.4904058
-1.2785596
-1.2074937
-0.031842604
0.54396397
-0.9829457
-3.8177528
0.82568926
-1.1040463
3.93921
-0.11817454
-1.1218642
0.998453
-2.1565573
-0.39421296
1.4405987
1.1814724
-1.8463496
1.0497186
1.1040223
1.7665151
-4.845559
-1.4116907
-4.373584
-2.0470068
-1.6584983
0.45543075
3.7079177
-0.83943224
0.5989982
0.2672245
-2.814869
0.89587677
-0.20825984
-0.53032625
2.6840742
1.3909947
-1.4880959
1.2746067
1.0060879
-1.7434424
1.1261375
-0.43227172
0.6055409
1.9633662
-0.46676296
-0.3284309
0.0355233
2.7507155
1.4963254
-4.5140963
-0.17099935
-2.1947582
2.7405381
-4.651132
-2.2763894
-1.908089
0.23980346
-0.14280625
0.2633204
-1.1013163
-1.9277802
-2.3674903
4.8436546
-1.961815
0.1519512
0.60862166
0.73014843
0.54265666
0.45726427
-0.49995998
2.5840507
-3.343965
1.928688
-0.18193233
-2.6151738
2.4485211
3.6874034
-1.4521521
1.4054894
0.7723497
0.86827797
2.464993
-0.9665651
-0.3563298
0.6869532
-0.22477226
0.5207174
-1.6370567
-3.7536335
-2.2485578
3.8946426
3.5675237
-3.64591
-0.13345286
0.012782946
-2.0757484
-1.6158034
1.4561249
-3.0896618
-2.0923567
1.6325765
-1.6709042
-0.67002463
-1.0321755
3.3788338
0.61222386
-1.6241845
1.0047784
1.7432003
-0.7294067
1.0968145
1.8123591
1.6482539
-2.9836283
1.1360588
-1.4220096
1.7920803
2.5349708
0.156065
1.5333185
1.447802
0.09001368
-2.7324007
1.3771865
1.3146446
2.0507252
-0.79961103
1.2597996
1.0048668
0.25454175
-1.0242118
-3.976918
-0.1729253
0.38046187
-0.9564175
0.9553808
3.5150316
-0.4910215
1.3164469
-2.5053382
-1.0015365
-0.30438703
0.33311772
-0.8628539
-2.1144214
2.356682
-1.1978444
0.49041373
-2.3858857
-2.6613011
0.95433
-0.73151505
0.30787748
1.4613708
-0.15137476
1.004793
-0.4004954
0.19793954
-0.33903196
-1.1470803
0.18383235
0.2863493
-2.172394
0.18374878
1.3973454
-0.49338856
-2.8481128
0.0946386
2.5310934
-0.88678074
-1.491929
-4.808201
-1.520254
0.9849677
2.767933
0.014392264
-3.8540242
-1.2983464
1.9256188
-1.5268044
-0.5910026
0.65429026
1.717213
1.3476248
-0.38943687
-0.7778344
2.560764
-0.39874533
-1.0567054
-0.030210614
-2.690858
-0.22729823
0.5849839
-2.9845927
-3.823938
-2.2492416
1.7834718
-0.040749542
-0.24426553
-3.3880777
2.1211321
-3.0479002
-2.400709
1.392516
-3.1502593
-3.114257
-0.80884016
1.3104082
-2.942512
0.7899433
-0.7169753
-1.1816413
1.1146531
2.2532043
1.9684614
-1.4316452
-0.044328373
-3.2429137
0.3554562
-0.03933385
-1.5936905
-1.2818244
0.28540778
0.5739736
2.9412732
-4.0092864
1.7311807
-3.4912052
-2.953603
0.97812223
2.2775686
1.0941103
1.2539986
-2.262492
1.5770037
0.08265194
-1.9828378
-1.3667537
0.7846109
0.53369075
-2.6370816
0.6019679
-1.300492
3.1587484
0.32635817
-3.2044246
0.85044503
0.4959491
-0.93093294
0.6207713
1.4733136
-0.123635344
-3.2374227
-0.6386339
0.32907644
2.2834744
-1.5269649
3.684747
-1.3915706
-2.0293927
-3.3133597
1.8455995
1.0310353
-5.9673896
-0.78239
-0.46973804
1.4009689
-2.6103945
1.1081684
-3.3172793
1.3013492
-2.0599132
-1.5485694
1.9566739
3.4370136
1.1482606
1.120497
2.1199284
5.8701124
-0.7842434
-2.217147
1.886228
3.2340958
3.0096548
-1.0637664
1.8543743
5.9571896
-2.7106395
0.38049728
-1.0732042
-1.026478
2.3755772
-0.6785169
-1.2295228
0.16278018
-1.461267
-1.9231608
5.447743
2.5124044
-1.5951849
0.2540301
-0.955255
-1.8528045
2.495823
0.015144255
-0.8078167
1.2500736
-0.8887309
3.2758265
1.7559239
2.2507663
0.3800355
0.14828798
0.48793498
2.6753047
0.6371917
-1.3369728
0.08348359
-2.9926686
1.0943104
4.2295823
-2.9630642
0.18964612
-0.9724828
-0.6690272
-0.037995525
-0.49713975
1.5056361
0.22640184
-0.11534597
-0.4320415
-0.7219805
-1.5821601
0.6292286
0.28837717
-2.6843443
1.170915
0.08284964
1.3202914
-2.666488
-1.1754066
0.47768497
0.5480354
1.4727092
-3.1929667
2.8109043
3.5401518
1.1169113
-0.35289794
-3.2445838
0.75202435
-2.8868294
3.8661041
2.4177833
0.9266911
2.0908709
1.9417449
1.1356394
0.15548512
0.72400457
1.7408125
-1.2735234
-0.9750605
-0.5855614
4.9606814
0.3879789
-2.0185459
-1.6597595
-0.5960621
-0.28515053
-0.8861192
-0.9254178
-2.18636
-0.72183055
-2.0898807
-1.4023259
-1.5409734
1.0398445
-2.0898395
-1.7401698
-4.4191065
3.2297745
2.7582893
-0.52427
1.2351458
1.2535402
1.1552323
0.50387436
1.0780035
-2.056315
0.6938147
0.21309803
-0.60505205
4.245793
0.019022584
2.4967756
0.34581354
2.8319223
-1.6588612
-1.9705673
-0.13126573
-1.6899265
0.28832778
0.9132532
-1.5303953
0.15881737
-2.3163397
-0.32874852
-0.43324104
3.2413676
2.0822554
-2.6988153
-0.8023146
0.6461957
-0.84251857
-0.54919124
2.2801473
-0.28874737
-0.8289748
3.6925213
3.5017185
-1.6179811
-0.54902476
2.4422712
1.0325072
3.0435665
-2.5966222
-1.0656319
2.4101117
1.1858048
-1.0767406
-1.927258
3.1791573
0.31996608
-1.8864536
-2.1595645
-1.511419
-0.2697836
-2.857351
0.71987545
0.2921412
-2.8310695
-2.1230922
-1.8045181
-0.61544293
1.6083792
0.7613621
-0.05678302
2.9856277
1.3072718
-1.4620775
-0.30107942
1.2960026
-1.0110681
-0.9847889
-1.2342447
0.116038695
0.0040663183
2.3179572
1.26072
-0.9142953
0.6444986
0.46645176
-3.871904
-2.259635
3.3768058
1.8767629
-0.5192543
1.0573907
-0.72287625
-2.072054
-0.9265639
-1.4503971
0.13274664
-1.994335
-0.47670898
-2.0989835
0.5576187
1.5150231
-3.0435057
-1.8352879
-4.1455216
0.34026814
-0.9316082
3.7714667
-3.0586298
-2.602268
1.8392941
-0.9564199
0.22489344
-1.6631961
-3.0091796
-0.95540786
1.1326567
1.9842248
-1.4157802
-2.3319588
-0.60705155
-0.6091341
2.0155454
0.5904872
-1.9793285
2.0404584
-1.7975588
1.6206428
-2.1419978
0.98990643
-0.753365
-0.9316846
-1.4540738
-5.0624065
1.2291574
-0.72958225
1.1111201
-2.221502
1.9662011
-2.0510085
-2.5971324
-2.265497
0.24800262
0.7811973
-0.16868156
0.02959222
1.8982782
-0.6566256
1.4102237
-0.47640967
0.37255067
2.2559307
0.32653546
-0.9209875
1.704253
-0.48510516
-2.0022814
0.3649668
-1.9340966
1.975012
-1.3383603
2.6587896
-1.0377046
1.6912731
1.8162404
-2.1530812
1.7599218
-1.4046803
0.5427609
2.894105
0.3777172
1.870792
3.1863804
0.7214669
1.4535062
0.33628622
-2.6668973
-0.097090766
1.2671916
-1.1870414
-0.18641225
-0.95126224
0.6819519
1.1153294
0.18784994
2.076039
1.0416138
5.1323867
-1.7016509
1.0835916
2.446478
-3.4096584
-3.3793
0.10719217
1.9686767
-2.7985213
-0.64626014
-0.2453478
-1.4132384
-1.5001591
0.73128814
0.57231355
-0.9046187
-0.7712935
-0.22901992
-4.4561667
1.3319372
1.5507593
-1.5880194
1.3373249
1.3909855
4.660162
0.18866989
-3.6694324
-4.735221
-2.4617438
-1.6371843
-3.56318
-1.4615551
1.8844738
-2.106903
-2.4514766
1.7462679
1.1590819
-0.602955
-2.2955387
1.5391406
0.6244135
2.7250445
-0.47937337
0.6240798
-0.03328906
1.3321311
-1.7860178
-2.9638877
2.1040788
-0.4063775
-1.4063954
1.8666224
-3.5481908
-1.0613945
-0.57407814
3.0794637
1.5121304
-2.3592339
-0.7690159
-0.08823736
2.7283208
2.0206969
-0.1286228
0.045233544
1.9249591
1.0414056
-2.404251
-0.5920108
-1.6166433
-0.2149668
-2.0277271
0.40399635
-0.39212435
0.33544242
0.066931725
-1.0356507
-1.0342209
-1.2601938
1.0449836
-3.2814429
3.9640129
0.9049461
0.3620488
-0.6531753
1.1610901
-1.1199087
2.9396324
1.9199322
0.65203553
-0.65435016
0.64044
1.8829765
-1.2758179
-2.230845
2.6835432
2.3479538
0.82306445
0.53452516
-2.2441392
0.8676879
-2.1099913
0.55370647
1.5021745
-4.6945167
-1.7329316
3.2671125
2.2807894
-1.370356
0.9684763
-1.5397935
2.1750152
2.011684
-2.8217988
-1.0260893
-1.2299792
-3.5836327
1.375312
-0.11071233
-0.62628883
0.5468788
3.5195575
1.7673625
-1.0952415
0.46994948
-0.85507774
-0.1168762
1.7123256
0.3608384
0.11529346
2.7875
-1.7072493
-1.9552048
0.59033644
1.2088251
-0.17395288
-0.8443613
-0.3993224
1.1929021
0.059266485
-2.995094
1.7635849
0.46910015
-2.0008717
2.3137753
1.430449
-0.046261743
-1.7049612
-0.6495913
-1.2439088
1.1305866
-1.0787812
2.9255161
-1.4426864
2.7790697
-0.1695848
-2.355818
2.377658
-0.18662392
1.0329759
2.5263615
0.04283645
-0.8107655
0.08847596
0.8088128
-0.9000035
2.5293925
-0.9705627
1.6549443
-2.1328607
-0.3641172
-0.87242657
0.085752
0.58823097
-0.60998505
-0.3925093
1.4832867
2.4521835
-1.0048696
0.97225577
-1.850584
-1.6174662
-2.3572
0.81208974
0.8342125
1.534229
-1.4515707
-1.3994606
3.304786
0.74248403
-1.5667063
0.4967144
-3.1354768
0.14285514
1.1037235
0.3636082
-0.6723547
-0.12290484
-1.5280937
-3.6335986
0.03678285
0.24383625
-0.8400294
1.4202863
1.283136
-0.16777892
-1.2884364
-0.14619775
0.701946
1.9948498
3.3309283
-0.01194258
-1.662994
1.1571714
1.2072495
-0.1563538
3.3415887
-0.7238147
-0.9639659
-3.830738
2.5821881
0.78544414
-3.258621
-0.43037167
-0.42455733
-0.6930299
2.3628616
-3.5720432
-0.68238765
-1.2181149
-2.173409
1.7103462
2.1038237
2.5184863
-2.8331
-1.1573147
-0.09653156
-0.35484603
4.2189293
-1.6045107
-2.487006
-1.472585
-0.12093494
-2.3792207
2.3087628
-0.06283468
2.2733307
0.5261198
2.5912917
-0.046789728
-0.7488151
0.9160508
-1.1216835
-0.24740197
-1.6098491
0.6429732
0.2648976
2.6331081
0.74497414
1.7330073
-3.9837525
-1.3085141
-0.047375076
-1.8102417
2.092367
0.0006981306
5.204822
2.669478
-1.2284007
1.6591855
-2.2736413
-0.63537174
2.2833931
1.3026327
-0.5816195
2.121318
0.9967
0.7506105
1.9576567
1.1439164
-1.2549502
-0.5014806
-4.145979
2.2759898
-1.2553724
-0.69914496
-1.6650206
-2.085115
2.674915
1.161551
-0.49322003
0.4040728
3.2539463
0.57547605
-0.96962774
1.0864841
-0.9366016
0.4566931
-1.1203597
2.5780976
-0.24799226
-1.5481367
0.7260716
-0.69683266
-0.68789107
-2.8842208
2.5972598
-1.5713663
1.3110032
0.22811133
0.23881777
-0.011408702
0.5837028
-1.9279135
-0.032113224
-0.8419875
-4.725867
-2.3453963
-0.39504308
1.4323508
0.42479613
-1.6659316
0.5955008
0.1158871
-2.066585
-0.5724949
-2.4906893
1.28387
-0.7373866
-1.3486384
0.09198889
0.33360425
2.8491235
-0.8198869
-0.33766544
0.20557363
-1.5643052
-0.8583502
2.3630722
-3.404391
2.261699
-4.4213405
-0.39244384
-0.17809008
2.9855835
-0.37151963
-3.3645542
-0.4920808
0.2795048
0.77020955
-4.0073156
-1.379086
-0.816924
2.4838665
1.9185832
1.1925669
1.505239
1.3712791
1.0192573
-1.8292277
-2.7628155
-0.7454804
0.8507201
0.38793403
0.9383233
2.4051216
0.4867844
-0.92847264
0.15470767
1.5601112
0.98695594
1.8162948
-3.1793618
-5.0902433
-0.69130427
1.0284152
1.8569695
0.09154204
-0.95889455
-3.120671
-1.4810746
3.3278718
-0.49736267
0.8133104
3.459757
-0.21934283
1.2881396
2.2647064
-0.1225852
-3.871242
0.16749066
-0.83542293
2.0155175
2.478194
4.905413
-2.412691
-0.5474609
-0.10795098
-1.4256238
-1.046095
0.9996999
-0.43358368
-3.2876494
2.4945483
-0.6328595
-1.4234215
-1.1216744
-0.28951502
-0.85396385
-2.258226
-2.331474
-1.7707019
-0.67713
1.3611932
0.30859312
2.7804239
-3.140491
0.34206772
1.3150114
-0.47949713
1.3091085
0.81481814
-0.059002697
-1.538747
0.3185437
2.1205084
3.1856787
-0.6102624
0.8245915
1.2099539
-3.2017312
-3.382143
3.4832954
-0.42904297
-1.8771336
0.62665284
-0.11919462
-4.625806
-2.5856729
-1.566965
-3.0103831
-1.1205474
-1.2513746
0.9379767
0.20196167
-2.1815777
1.0806992
4.651342
1.1854627
-1.2831123
-5.478477
-0.1638428
-0.9473102
1.1695052
-0.046387684
-0.78333545
-0.47090548
-2.6391892
-0.5822543
-1.7931521
0.7189369
1.49485
-0.2967986
-0.6327747
-1.5974048
-1.546177
1.3650275
-0.5480187
1.4166809
1.4023628
1.074064
2.4834504
-3.181322
1.3768384
-0.83778346
-1.3877167
1.1170268
-0.88355607
-0.105278194
-3.2448773
0.5288363
0.42069724
-0.3015375
-0.4848007
2.4448314
0.40503275
2.4771667
-0.053607836
-1.6426207
3.5087826
-0.2328268
-2.4086616
3.6016302
5.8975973
-2.2300255
0.84711254
4.8904085
-0.13232559
1.9970621
0.9994984
-0.48278645
-2.7703278
-3.0708978
2.0005846
-0.14898391
-0.88012797
-1.4687957
1.1518883
-2.8323507
0.18282145
1.9512584
-0.60635686
2.011248
1.4451759
3.4997659
-1.1198145
0.46171358
-2.83907
1.9454085
-0.16553769
2.9801655
0.98952025
0.55017936
-1.3725697
1.1753231
-1.8228066
0.38589472
-2.0643842
-2.1912215
3.3014493
-0.9836699
1.7246895
-1.7481916
-1.4164859
-2.850208
1.2410196
1.0348437
-1.276506
-0.1923596
-1.9049244
-0.07715145
-0.4850617
0.57409215
2.8153665
-1.1093458
1.0121427
-0.9770855
-3.2247133
3.554161
2.0036604
-0.035156004
-3.5160496
0.82444423
0.025332741
-2.6120765
1.1457205
-2.6527498
1.1216646
-1.76067
0.5398385
1.8234969
0.82417256
-1.6435368
-0.6801981
0.24708706
2.4764848
3.4038048
0.8595954
0.81745404
-1.3454541
-1.4660333
0.5513404
0.37807325
5.2171855
0.95296353
-0.42243385
0.060631767
0.39865965
1.2782992
3.620688
2.2635689
-2.8906276
-0.2585234
-2.5761166
-0.42475605
1.2044069
4.3528876
-1.8942869
-0.8636414
0.5022013
-0.664644
-1.2565109
0.61461806
-0.62384295
-2.8382726
-1.471673
-2.3222868
2.2510707
0.3671102
-0.34775496
-0.8339369
-1.8190618
-2.5964887
-0.1622394
-3.1789525
3.3786979
0.88309014
1.075698
0.13578624
-0.049550913
-0.39325646
-2.8031714
-1.0932763
-2.994987
-0.49865502
0.05172427
1.5591699
0.63819414
1.6134006
-2.9057448
-0.1791322
-1.164447
1.0324689
0.038919635
4.660804
0.3136055
-4.09213
0.5942891
-2.7241855
-0.5459664
-3.2720764
2.588481
2.2447598
1.2767676
-2.879732
-1.0289598
-1.0022037
1.789709
-2.5604758
-1.5664154
0.976987
-1.2622823
-0.5752753
-0.9015357
0.13534036
5.4193006
-0.66294503
-0.28107232
-1.7029228
1.3406066
3.0654707
-0.35470527
-1.6479086
-2.3861895
-3.0382707
-1.2935507
-0.2973006
1.8808104
-2.2211494
-0.65258825
0.16669595
2.8907769
2.2261646
1.3496135
-0.21715221
-1.4354905
1.9703602
-1.2504417
-1.09757
-2.9510639
-0.47084785
1.3988713
-0.84474826
1.9861147
-0.14671484
-3.1589055
0.1007648
0.54393053
-0.65850234
-2.4609144
-2.145422
-1.2364541
-0.6702748
2.7193408
0.7663184
2.5398924
-0.90586007
0.8045382
-0.73476815
1.6692756
4.709062
-0.67653114
0.77499735
-0.8959726
2.5267563
4.346464
-0.101283126
0.67173404
-2.6885269
-2.8450236
0.7912985
-0.72476584
1.909746
0.37143806
-0.4896814
1.635877
1.1550549
0.9562324
1.4801416
1.0122062
-1.3365715
2.8306506
-1.7088436
-3.4341264
-1.8487909
-0.13766666
1.7514912
0.33654264
0.45399484
-0.28777063
-4.4943323
-0.10901717
-0.92240155
-0.4887519
-0.7649056
2.3134468
-1.9141822
1.9110527
0.1576604
1.9881711
0.39512157
0.16383186
-0.4634446
-0.099802285
-0.6185917
0.09225388
3.5470474
0.16808939
2.3246517
1.6247771
-2.092175
-2.6980677
-1.6810998
-1.3179302
0.5206327
4.535764
-1.0630871
-0.79534894
4.160443
-0.744608
-0.4040497
4.253701
0.14708868
0.38705873
0.7640963
-1.0405911
-1.0596291
0.6386545
1.1981584
1.3760204
-1.5656503
-0.9656935
0.038663786
1.4176352
1.2842607
-0.0732295
1.8817025
-4.423791
0.5446967
1.825677
3.2301219
1.7390662
-0.33565468
1.379805
-1.6143264
1.2478478
4.051901
-0.40003288
-1.358206
1.0067217
1.4443508
2.3735452
0.93345237
1.012967
0.23741512
0.68305784
-1.1340842
1.6842021
-4.2638693
-0.64627904
-1.6117575
2.4360514
-0.15211603
0.5823606
1.3137388
-1.6395615
-1.0074767
-0.7469392
1.0974504
1.3206987
2.7140937
-2.4220333
0.413887
-1.5271055
-2.1770852
-1.3414624
0.06832453
-0.7999799
0.372804
0.77382636
-1.773346
-2.6002495
1.2323124
-1.0248407
1.0427722
-0.7130934
-1.0574466
1.4525902
0.36932656
2.7374487
-2.099877
1.5773312
-0.25504515
-0.44768727
-0.12283733
2.047617
2.7491477
-0.9293482
0.7420804
-3.607799
-1.7171136
3.5006878
0.719921
1.1224674
-5.2065873
-1.4911323
-0.52174366
0.4955607
0.37834045
0.98502725
2.4037035
-1.2126001
-0.58318424
0.8414359
-0.76557374
0.7557361
-2.350778
-0.07252747
0.5487492
3.0890005
-0.7288478
-0.27907825
4.0656304
-1.9939057
-0.50141776
-0.92939997
1.2573228
1.9457648
2.29455
3.316962
0.542716
2.7426434
1.2228342
4.9398165
-0.7689979
1.2093412
-0.3919617
0.29891065
1.0646691
-0.32406363
-2.9563055
-0.10194229
-2.181489
-0.80384123
-0.2802113
-1.3277574
0.92018664
-2.183119
1.2732936
1.4017847
-2.5570164
-2.5190153
-0.14090541
0.98580396
-0.54303014
1.1382548
1.6382717
-1.030184
-1.409009
0.6657366
1.8519022
-0.43569893
3.869499
-1.8780876
-0.08407324
0.12609461
-2.415776
-3.5281773
-0.80786824
3.1632986
0.72017395
1.2768229
4.9519634
2.1245577
1.1636684
-2.0460129
-0.48073816
0.5728434
-2.099936
-2.1738787
1.0663551
-1.349263
0.6402551
-0.48886502
-5.0415907
-2.691879
-2.9815793
-4.3464727
-2.7862422
-2.666416
3.8623538
-0.39659157
-2.2053547
6.175091
3.1525567
2.6361504
0.004459545
2.8828022
-3.451314
1.5974219
1.1542952
-0.021390185
-0.671419
1.536686
0.1566788
-1.8646914
-2.2564461
1.0859106
1.5213008
-1.4111156
2.0625076
1.1631263
1.7874177
2.3615022
-2.4744952
-1.4040002
0.40203783
1.1742946
-3.5783098
0.3564385
-0.61990803
-1.2855269
-2.1837132
-0.6405397
-2.2778687
-0.3579668
-0.21762842
0.9288395
-2.081104
0.5168536
2.7386484
0.94991267
3.7116473
4.1711855
0.743719
1.1755557
2.7967522
3.1012285
0.43636486
0.46557483
0.5625287
-2.2485445
-1.9555618
1.7356637
2.28295
-0.5373956
4.7319484
0.55334574
0.6593284
-1.3699023
0.047642328
-0.7835481
-0.29485577
2.1039307
-2.4473362
4.463365
-1.9685717
0.22334175
1.1868187
1.1581061
0.71085215
-2.85566
2.3634024
3.5697758
-0.3859389
-0.6512041
-2.660738
-0.42438403
1.5324923
-1.2101184
1.4496738
0.5271478
-0.60248554
1.3632467
-1.284298
0.66252804
0.5190758
0.7823829
1.9184127
-1.6082674
1.4157912
0.4281557
-0.98096734
1.67887
-0.38138333
0.4766279
-1.55615
0.82981235
1.2799069
2.0980253
-1.066201
1.5252541
-1.7749557
-0.12763518
-1.8399525
1.4160943
-0.20074382
-0.16555813
-0.5230509
1.2765996
-1.8706908
3.2864916
1.3836039
1.1696471
-0.8783387
0.44809225
1.2460583
0.07546393
-3.4020696
-0.606674
-2.131436
-2.521295
-2.7436166
-1.3386412
-2.0091188
-2.01653
-0.46779537
-3.9558444
2.0675871
4.3817
2.1708055
-1.3657318
0.82344687
-5.221965
0.963575
0.6063653
2.256865
-2.3372936
2.901645
-0.07618011
0.956329
-1.1222672
0.33628514
4.4020953
-0.11320751
-1.7217586
0.33024913
1.0723224
-0.94084334
1.7020837
-0.85000205
0.70173126
1.202609
-0.49797958
-1.4078585
1.8973459
0.36535046
-0.7311309
-1.8113772
1.0065069
0.7052863
-0.41253456
3.0718613
0.24665895
2.2296157
-1.3320957
-1.3092066
-2.0767295
-3.084464
0.8330601
-2.1025321
0.6418574
0.9925123
-2.0452707
-1.360215
1.3221037
-0.41992423
-1.1309565
1.9265511
0.14715564
-2.564343
3.8010578
-1.9909145
-0.13615209
-0.74040145
-2.859319
-2.9303916
-2.7608275
-1.7072096
2.292817
-0.2522907
-0.040975407
-1.5725898
2.4495103
-2.2057233
-0.8386031
-1.426335
-3.337447
-0.8905102
-0.25653762
-0.52998465
0.003762029
1.8557266
0.6783594
0.13930081
1.0598263
-0.2791837
3.7946203
-2.1180317
1.1295316
0.19567752
0.10896742
-1.4766735
1.6522343
0.63793594
1.7147421
0.77387446
1.1730431
1.1156157
2.0913186
-4.83176
-0.88400364
-1.3053197
1.0466986
1.1751249
1.2703279
-1.4910854
0.59653527
-3.2522624
-1.0308533
1.672186
-1.6474992
0.49366465
-2.9013739
-0.30494672
-0.59034425
-3.1665635
0.7928061
1.9230672
-0.86512876
-1.4611942
-1.9678938
-2.6590931
2.809584
3.4109871
0.15844
-1.1158109
-1.8972645
-3.1834745
0.3694063
1.08715
2.7109253
0.05357732
2.5575418
1.3844432
0.94634116
0.5384621
0.4483959
0.17069003
-2.281768
-3.267551
0.73370624
-1.7295854
-0.08639624
4.3020425
4.076892
-2.3616712
-0.6127531
-0.33434778
-0.44352686
-1.2708589
0.18603455
0.012305692
-3.890781
-1.511365
-1.6312711
-0.62306744
-3.4818673
-1.8966383
-0.23787038
-3.076765
2.302144
2.9077322
2.3729224
0.45162737
-1.656757
1.8953091
3.391552
-1.3192186
-3.3484802
2.8949733
1.4475778
1.133045
0.5338634
-1.8972825
2.773136
-1.9787087
-4.037666
1.2974588
-0.02382861
-0.8046182
0.048742056
0.653958
1.4996132
-1.5227919
3.3752334
4.121142
-1.9805039
0.633815
-0.1333021
-2.3686988
-0.875948
-1.0738218
1.7117859
2.299783
-1.4725775
2.7996638
1.355733
1.3048588
2.623568
0.7832649
-1.0180914
3.9681888
-3.373612
1.866645
-3.7385027
-1.304778
-0.14965047
0.25885016
-1.6962744
-0.50694716
2.590721
-2.2302372
-2.8004832
-1.4183018
-0.5528134
1.2706057
1.3909869
-0.13643223
0.35859424
1.4509518
-0.8641615
-0.7799034
-0.42570788
2.4903445
0.22565179
-0.6854762
-2.687582
-0.4072168
-3.339593
-1.8618896
-0.20269953
-1.9172881
0.6690071
0.36262816
1.9002024
3.6747384
2.8324642
0.5499287
-1.0599027
-3.2132287
0.6068105
2.7298422
1.3075646
0.1663064
-0.11688793
-2.3216703
0.7975143
1.6229641
-0.44317788
2.7842746
0.4220307
-2.4822977
-4.7984185
-0.72561926
1.668691
-1.8354053
-2.3193889
-0.48370126
-1.1364288
0.9430181
-0.93962634
1.2668693
1.411273
-1.3636743
1.4118603
1.0403056
1.0005908
0.5171112
-3.0325415
1.6987454
-2.9369695
1.0020877
-0.36942613
-1.1272001
3.037231
-0.043392196
-2.430076
-1.8232722
-1.4901674
-1.6717654
-0.33128452
0.58566016
0.586927
-2.7859142
-0.8152536
3.1021173
-2.159659
-0.99891675
0.031215705
-2.7799249
-0.025153212
1.4778332
-0.39130324
-1.3229884
-2.7177823
1.6676238
-1.3748777
-0.019056767
-1.7243036
2.7472456
1.0182688
2.3472862
0.21279934
0.6185517
1.55383
3.889019
-2.4541702
0.65063447
-1.5998971
-3.7690156
-4.275457
0.59136975
-1.3181605
-1.1114285
1.3460016
-4.232514
-0.48887357
0.9625177
-1.624045
0.2065045
-3.175256
0.4364442
0.9770859
0.06959616
0.20707485
-1.0039792
1.6484495
0.5789076
1.6928705
3.6066232
0.08325297
-0.60653627
-4.4638443
-3.0244963
0.15204051
0.2591219
-2.594441
2.9058356
-1.1320558
0.8562153
2.5829575
3.1735349
-3.4589424
-1.5202326
0.9690367
-5.3216133
1.0397863
3.6478477
0.6153599
3.5189962
-1.717846
0.093540385
-2.1897225
-0.84147084
0.6318287
-3.208678
-1.7023474
-1.3608987
-2.2723103
-0.04610292
1.6262903
-0.7683209
-2.0137873
3.5292115
1.9842657
-1.0250326
4.52754
-3.4187436
-3.4583008
-5.0976076
2.3795748
-2.0994315
0.95821434
0.66861635
1.83056
-1.7318096
-0.7681255
-0.8623091
-0.029303797
-0.686401
-0.8808485
-0.7932286
1.4825592
2.3008094
0.57890755
2.9136453
0.004498765
-1.5742832
-1.6757935
-0.35132593
0.43262285
-1.0147173
1.7122545
1.0017469
0.31928793
1.7257218
-0.563688
-1.0233666
-0.12605435
-0.36457515
1.2841344
0.83855736
-1.0353649
-2.6297069
0.99640787
2.5946279
2.923977
1.0533888
-2.1364276
2.6922207
1.1073817
1.0728606
-0.3332916
0.66971385
-1.8164382
-2.4591846
2.3509433
1.1365645
-1.7863514
-0.75752103
1.9090077
0.5595231
-2.554724
-0.002416335
2.7253625
-1.7490623
1.1718857
-1.5367312
-2.509463
-0.7324379
-0.6845195
0.7394995
2.7597115
1.8956808
-0.068091504
-2.780108
2.604806
-0.65174806
-1.9630159
-1.9197047
3.286252
1.8887293
-0.608477
0.50036615
2.7138119
-1.5275369
1.850106
-0.52660996
0.4718806
0.9628062
-0.48539028
-2.3336484
1.3256295
0.6457834
3.4130893
-2.2271376
0.5054323
-2.1581461
-0.816107
-1.8690832
1.2972912
-0.76218086
-0.48303652
-0.8027226
-2.7498064
-1.513071
0.61868405
-2.0821776
-0.114970736
-0.1754213
-0.47991517
3.4550846
1.0385978
2.3784726
-0.13084835
0.6146414
-0.64435875
-0.428119
0.9016731
0.91783243
0.098865226
-0.38859516
2.5622559
0.32592893
-0.7544012
0.9508087
2.6971595
0.36553115
-1.5714918
-0.19390868
-2.8964818
0.13740227
-3.5714436
1.3410275
3.6005592
-0.041963525
1.7927744
2.8520746
0.54968095
-1.9347575
2.6971927
-2.3993514
4.042466
0.035648555
-0.42662576
1.902207
1.3196375
0.6171413
3.3408804
0.79392946
0.10734774
-1.8104279
1.6690996
1.3359344
0.76238465
3.0538306
-0.61067694
1.3444537
-0.6429729
-0.25096846
4.9393983
0.24524328
-2.8898125
-2.0367928
0.17313112
-0.025559593
2.9831114
2.482242
2.3652284
2.656083
-1.0400603
-0.9438315
-0.4164135
2.4173589
1.1959918
-2.598472
2.938049
-1.2490008
-2.5134323
1.6324934
0.22077861
2.4993196
-0.30050105
-2.5995355
-4.153358
0.8673576
0.10549927
0.7611163
0.32846123
1.0253088
4.248274
-0.24535748
-0.48719564
-1.4487306
4.7496943
0.9213984
-0.15535992
0.74297386
-2.1615944
2.0075798
0.34610087
-4.90403
-3.0163047
-2.673263
2.6030354
3.1908638
0.692289
-0.32517332
2.3549495
-1.0766716
1.608982
1.016725
-3.1184573
-0.57334054
2.0767493
-1.0245987
4.3697615
2.7312155
0.9082339
3.0155678
1.8429477
1.8067912
0.1824016
-1.2007518
-2.0569236
-1.8351717
1.5229496
0.7565598
1.0868467
-2.7378225
0.5975617
2.3968177
-0.43340448
-2.916381
1.7009833
1.2349534
1.5285975
-0.517284
-1.4388119
0.20605351
2.424089
-0.061136022
-0.4025523
-0.6653621
1.6682335
-0.4010576
2.9726903
1.2824957
1.0479926
1.6333481
-1.6964505
1.4081055
-1.1744636
-0.2057755
0.5533006
-2.5926018
4.1277604