Spaomus
0
-0.42319173
-0.46953765
-1.2927567
-1.5041279
-0.00461594
-0.19924153
2.0506668
3.9700115
0.9881332
-0.9779823
-1.1206161
-1.0663655
0.2782775
-0.4877149
1.3497623
0.83868307
0.2938052
2.2906833
-1.2897418
-0.4136026
-0.42524064
0.45645094
-0.123965114
0.85651237
0.24472919
-0.10476485
-0.75118035
-0.5128977
1.0867243
-0.84486526
-1.0899488
1.8992797
1.1536392
1.1461555
3.9291635
-2.2812357
3.308464
-0.21725148
-0.16851488
-2.0012221
-3.7766716
0.37293777
-0.40197825
2.5010874
-3.758638
0.96667767
0.11059637
1.8667898
1.2685398
-0.088861845
-0.4435614
-0.044239342
-2.1981587
0.5778279
1.9374714
-1.0013621
1.67052
-0.0324205
-1.4093632
-0.829682
2.2857978
-2.400808
0.96857935
-0.19619066
-1.6695247
3.2033894
-2.7852602
1.8709819
-2.4478393
-1.3978082
-0.36322466
-0.42251763
-0.8946859
0.287358
-4.490271
-0.14560232
2.503842
0.9944378
0.13940156
5.494238
-1.7741195
-3.9046235
1.0213816
1.5379606
-1.9546459
-0.80873954
2.1781392
-2.338335
2.2910213
-0.16819838
-0.8994812
0.7712916
-1.6290684
-1.556203
0.42802784
-2.2416608
-4.7324123
0.83851326
-4.3736224
-0.101383515
1.2383057
0.48158196
-1.5261902
-0.76962054
-1.6956493
-0.10025249
-0.49080163
0.83597374
1.443767
2.03914
2.9710236
0.5312021
-1.0657481
-0.9145069
-2.9603043
0.8746171
-0.50346583
3.9160566
3.7087605
1.7530395
1.398093
0.8954141
1.0571061
-0.9762331
-0.20749927
-0.043367863
0.09085987
4.021273
-0.1110929
-0.55515975
-1.888586
0.22152968
1.1685001
0.26882288
1.4913869
0.2211186
-3.047883
1.3455238
1.3318785
-1.6360122
0.1293954
1.7878952
1.2943021
-0.17352739
0.7280114
1.0890256
-1.3718262
0.97542644
-2.2100728
-3.5731356
-3.2223969
-2.69516
-0.15304756
0.20677614
-2.0633762
-0.19405094
0.7066709
1.4732916
3.307385
-2.129381
1.0717593
-0.9012531
-1.6247547
0.8397466
-2.3586025
3.6018639
-0.66856056
-1.3694271
0.47066563
-1.7798039
-2.6549342
1.2839925
-1.3447628
-3.636563
1.592909
-3.4048948
-0.5303476
1.2952704
-0.640209
-0.30957708
0.5695806
1.3874826
1.488861
-0.86959577
-1.2667874
1.1112536
2.1642623
-5.418569
-0.059185404
-1.5135918
-2.8348055
1.4204427
-1.469189
4.086486
-1.5399107
-0.14547998
0.63319767
-3.3051631
-0.2622385
2.4887686
-1.3479803
1.0591607
1.146902
-1.9196963
0.4214666
0.44121563
-3.315508
-1.1582506
-2.368621
2.6619449
-3.6012645
-2.36359
-0.37846434
0.015021421
-3.4738698
2.3590534
-0.69536865
-0.37387174
-1.2776126
-1.0565366
-5.1033435
-0.2853489
-0.69235164
2.6652684
1.8931628
0.88747424
2.044376
0.5720532
1.8219773
-1.6698714
-1.3255333
2.1989694
1.2838238
-2.0944118
2.803627
3.684076
1.6897486
2.169751
1.5537779
-0.770507
-0.53902465
0.51814526
-3.0141318
2.2902246
-1.0016412
5.21316
4.863453
0.734694
2.1650822
1.4942195
1.2147714
-1.995753
-1.2870679
-0.6927515
1.0487862
-0.5739188
-1.7318684
1.7232084
-0.23414901
-4.3045363
0.55178237
2.156821
2.5088062
0.39880398
2.447026
-1.8328371
0.49737558
-1.173297
0.17415458
2.5406044
-0.7170746
-2.0783753
5.149939
0.28310248
2.538722
4.1492414
-0.5101123
-0.8811596
-0.3040028
2.9617424
-7.0416694
-3.3798437
0.85304344
2.1416879
-2.4691067
0.007272698
1.4895208
-0.42683494
0.88761276
0.018492289
-0.3520261
-0.43215975
0.30318013
-0.73782593
2.8368685
-0.060493983
-2.779797
3.24221
3.0387912
3.2987487
0.18559298
1.8886894
-1.1207336
1.6679363
0.54494244
0.7571938
-0.14763173
-1.0918559
-3.5713835
-1.0222073
-0.29651397
-1.0209614
3.0850787
0.83480674
3.0843723
-1.2558526
1.7293518
0.34767026
0.5185998
5.078628
1.7151121
0.27458304
0.3274403
1.6522992
3.9496722
0.8824638
1.297595
2.0450366
-1.3944505
-2.1320248
0.74275726
0.05456488
1.929985
1.1526918
0.948611
-0.21165363
1.4331738
0.91969734
-0.76811486
-0.17588593
3.8098474
2.172468
0.54154354
1.5703335
-4.845978
1.8236802
2.7362685
3.0578635
0.34949583
1.3823321
-2.5966132
-1.5150069
-1.6043789
-0.5391589
-0.6838259
1.8544917
-1.7025204
1.5518072
-0.2869963
-1.2558342
-1.2580425
2.6970923
1.0315084
2.0544674
0.011337459
-1.3400465
2.7092125
-1.9311464
1.5622115
0.82614404
1.8808362
2.0889297
2.5802534
0.31379154
1.6648107
-0.88814837
0.5776581
0.6996351
-1.2987461
1.8255514
-1.7026212
2.5466135
1.9301555
1.5000038
0.5457642
0.843973
-1.4544053
-1.9183754
1.1126603
0.53665596
0.64478445
-0.033784285
1.0286531
-0.04571356
-0.7385631
1.6520282
-0.18363154
2.2813575
0.94972175
-2.829568
-0.3892915
3.906239
1.927474
-0.2496588
0.8579865
-1.1510749
0.9774182
2.2202435
-0.45002723
0.2555011
1.8087639
-1.000846
4.5289836
4.504701
1.7220575
0.6547686
0.01529938
3.6578112
3.0495894
-1.135334
0.5826754
-0.5866568
-0.27469084
1.0750333
2.8535385
2.7898538
-1.783988
-2.1699157
4.59015
-1.3689376
-1.3964003
-1.7949991
-1.0344396
1.1550838
-2.5843027
4.486512
0.92056924
3.789883
-0.53708726
-1.4425919
0.31270128
-1.2995155
-2.9308214
-1.0356424
0.57860035
2.0652876
1.5250162
-0.96961707
-0.6530464
1.6894813
0.90867865
0.09635693
-0.55617964
0.45101005
-0.40060717
1.063449
-0.6420289
3.105798
-2.282039
0.41785195
-0.96868473
0.9790969
-1.1881502
0.082498245
-1.1053468
-1.3288114
1.7527981
-1.3256477
0.97105557
1.0199214
1.4657518
-2.953777
-0.2876109
-3.5514956
-1.9800665
0.80769694
-2.019916
0.16584763
-1.5557244
1.086273
-1.8933835
0.62544584
3.911377
-2.472892
2.2495131
-0.6190224
-0.47890982
-3.085548
0.4644665
-0.67692137
-0.757332
5.222891
0.90160966
0.56279385
0.038259573
3.5357747
-0.5368344
2.5662928
-2.5046794
-3.3661165
2.9209955
1.4890852
1.056772
1.3746023
-0.95286995
3.4455721
-1.7494596
0.04959724
1.6588031
-2.6374807
2.432787
0.5307879
1.1746875
0.041334666
-1.8414739
-0.5350566
-2.2268274
1.6337422
0.22913545
0.47334874
-1.3615464
2.723969
0.5703387
-2.414145
-1.311158
4.642948
-0.6598259
2.6162658
2.3936706
-0.5471122
-0.35857922
0.4566028
-0.18149146
-1.0871046
1.4737376
-0.5518912
-1.6689584
-1.1599953
0.7389052
-0.5814519
-2.6035688
-2.8954191
-0.7347129
1.4181117
2.6589901
-1.0487841
3.4137166
1.9777987
-0.77951735
2.1253881
-0.33707237
-3.1081421
1.42914
-3.001427
1.0391928
0.804377
-2.7589977
0.25438064
0.6163298
-1.3768542
-0.39178038
-0.7372192
0.8009677
0.7794669
-3.1227353
2.4568722
-1.5988951
1.3531599
-2.3783486
0.42456764
-4.0705895
-1.3809962
0.917595
1.1202967
1.5021279
0.4248135
0.22195987
-2.955467
1.9775153
0.84270614
-3.4374583
3.679267
0.42243516
-0.2207546
-0.30497804
2.4929488
0.89442736
1.4058094
-0.70218325
3.862767
-3.3560028
0.9288751
1.7377008
-3.8185403
-0.4545504
0.8515436
0.08913896
2.6322618
-2.3874745
0.9796897
-1.5770488
1.739564
-2.9555974
0.9577544
0.20775986
3.3030343
3.2278502
2.802959
-1.1994003
0.34683028
-2.9418414
1.8961214
-0.9115856
-0.37867248
-2.3351393
-0.86985934
2.0830812
-4.0835586
1.4742076
-1.2095121
-2.7272463
-1.4040858
2.365527
1.96319
0.32947427
-2.5139525
2.8973885
1.4479964
-0.05442518
-0.6970521
3.09395
1.9391063
2.0225403
0.7447889
0.09634645
0.99194217
2.2913475
-2.3072033
-1.9296751
-0.6210326
-1.4601785
1.3083878
0.018226173
-1.5009203
0.110701606
0.91178554
0.42667055
-0.8355165
0.85128736
1.9260155
0.74855113
0.77291286
-0.97881734
2.2766283
-2.554856
2.3636515
1.9997033
0.08017191
0.13763091
1.2711353
-0.07638844
-0.50155276
1.3182971
-4.326502
-3.5573595
1.7486783
1.1250937
0.14793876
-1.7131385
0.87323046
-3.8247964
1.6656883
3.517735
0.4607091
2.5583894
-1.4308366
0.40845114
-4.363912
-0.12038606
-0.025573611
4.7666388
-0.6371396
4.2323675
-2.656303
2.2018201
0.632994
-2.935689
2.6404989
0.7507026
-1.7532612
0.5191135
-0.67014366
1.5313063
4.2081923
0.29626307
-3.1492765
-1.5665178
-0.77503836
-0.6113684
-1.1281329
-1.4944105
0.5391303
-0.6039859
-0.3060201
-4.267083
2.509453
-1.1996348
0.48563108
-0.8240054
-2.045109
2.6382585
0.51083225
1.0223545
0.43366852
0.61810935
0.27729267
-0.29358327
2.589462
0.09884138
-2.1579003
0.326585
0.16654336
1.5583575
1.9099814
2.4674902
-2.744819
-1.929785
-1.6180717
-1.0917056
-2.1006532
0.17523949
1.1484681
-1.8483444
-1.1679314
2.7147176
0.59357274
-2.6784246
-1.1495233
-1.141956
-0.5967593
-0.8343122
-1.2026249
2.893582
-0.111015394
0.88111717
1.2402753
2.562089
2.6551845
2.5093884
-2.0110655
2.233029
1.5034987
2.6092792
-0.14230224
0.6926887
3.0644448
0.96660894
-1.0638205
-1.75421
2.6544552
-1.4524506
0.2497982
3.5964289
1.694881
-5.4276276
2.4580288
2.5096426
1.454358
-1.2444687
-1.7285149
-0.15502825
-3.8589091
-1.500223
-3.298425
0.46257502
1.2818604
-1.8172786
-1.9811815
1.8456007
0.8580054
0.33246255
-0.36531487
-1.7200173
-2.4303117
-2.2753794
3.1088624
-2.8445308
0.6789959
0.17744148
0.76262033
-0.9743678
-0.9925503
0.3832901
-1.2868472
1.461986
2.1995134
-2.016251
0.67228746
0.60492504
-2.0191474
-1.6495322
-2.7567708
0.7199402
-1.5541149
-0.48341483
0.7713203
1.2222104
-0.36502635
1.3117826
1.1886461
-1.5794905
2.1701038
-0.7417632
-1.287442
-1.102052
-0.15882593
2.7640414
-1.8840498
-2.236149
-3.3711755
1.2681009
1.8103386
-1.041276
0.13391893
0.18317801
-0.9255307
2.9515083
-1.3784096
-1.0592544
-2.3914592
2.3067882
1.1137708
0.8524982
1.3661765
2.2373953
-4.635004
-1.9398364
0.5516222
-0.0041104183
-1.1061424
-0.30889356
-3.44597
1.1056632
-1.7653106
-0.052755713
1.0812607
-1.8522989
2.6501372
-0.41344318
-0.78258675
0.6579882
2.217097
-0.9997287
-0.9095304
0.388604
0.6708596
-1.7087903
1.3892062
1.3192638
2.860819
-3.5242333
-1.374854
2.9083824
-1.6773804
-0.4347764
1.4270146
1.6995128
2.8712106
1.308955
0.37303424
-0.7348012
1.343423
2.0531723
0.7218961
-1.0680155
1.7319303
-1.061114
1.9235557
-0.3092879
-1.1290188
-0.9183595
1.8410896
0.8496112
1.1571517
-1.9261162
-0.75079536
0.96696097
-1.9106319
1.9837146
-1.2670069
-1.5024488
-0.904753
-3.7525408
2.488164
1.7770787
1.8187803
0.721164
-1.3535515
-1.1798286
0.654986
3.3176947
-0.5658991
-5.2021437
-2.3312886
-1.5961553
-1.5886947
-1.8278161
1.9266613
-0.73351204
0.95525277
3.8414905
-0.58930737
0.18896031
-0.2663406
-1.5445553
-0.84597397
0.12451417
-0.31073594
0.78299683
1.1277677
1.2659547
-0.1616461
-3.317144
-1.0258042
2.0284078
2.3279445
-2.3046079
-1.7220067
1.4354588
-5.158276
-1.6842096
1.7338852
-0.9173808
-1.4137305
3.5700336
1.9537477
-1.8669609
1.438013
-1.0615937
1.178433
-3.3050501
-1.7554122
2.0880725
-3.691901
-0.8302499
2.33672
2.2061632
1.3351295
0.9934659
-0.1725497
-3.5869656
1.6511109
-0.51418537
-1.032115
-2.7405603
-2.556861
0.31278405
3.498317
1.058661
0.66361225
0.2869721
0.66031486
-0.008364461
-0.58581907
-2.2122915
-0.38375968
0.43184334
-3.0313292
0.25062668
-1.2849741
1.3909948
3.3783312
0.3448959
4.4786296
-1.69949
-2.3028476
0.78407484
-0.5887627
0.54818386
-3.9373696
2.002996
0.27825218
1.2762816
-0.6358041
1.3272655
-3.1629965
-1.681615
-2.2028453
3.3675907
1.858646
-0.87345356
2.1993077
0.38070974
1.3507204
-0.082481064
2.7743735
-0.61119735
-0.7972344
1.8317853
-2.4630384
-0.37282792
-0.6242455
0.8666459
1.8861228
0.14982423
3.9151335
0.12938653
1.4183265
-0.20016149
-2.8409889
1.7385008
-0.6699177
-1.7035466
3.256286
-2.795913
-0.2542435
-0.5640931
1.3663381
0.49655396
-0.06775288
0.7034949
0.020410165
-2.9973123
0.18831682
-1.3423464
0.594897
0.62375647
1.2646517
-2.0940967
-0.042819303
-2.1586242
2.0510983
-1.0408378
1.0005232
2.639675
-3.448486
-0.03510634
1.2462524
-0.39847395
-3.1549504
-3.2225437
2.3023071
1.5536697
1.4412222
-0.4140392
-0.39888787
0.8061654
1.587108
-0.57610554
2.0749571
0.12919943
-0.025043525
-0.30286458
-1.6185435
-4.30429
0.9584553
-1.1640785
-0.11463179
0.9978211
0.23579986
-0.9841946
-0.7284776
0.5538859
0.015507884
0.008895129
2.8233135
-3.4843779
-0.981921
0.8220285
-1.613894
4.3114557
0.42835146
0.124951646
0.20356971
-0.439372
-0.67860466
0.48573577
3.8951714
-0.32639724
0.86458206
2.3137765
-0.12713765
-0.35283104
3.057299
0.7528408
-2.720686
-0.8250593
-1.0253222
-1.0485075
1.6634895
-0.45602998
-0.71040493
-1.7295526
0.1293559
-1.1599978
0.17382693
0.4530483
-0.28590322
1.1282709
-0.16824892
-3.202126
-0.6103088
1.8855302
1.7347698
0.26518956
-2.4783683
-0.08996823
-1.1990123
-0.47191998
-4.957122
-0.3011647
2.0999055
-2.5022016
-1.0072773
-0.6965366
-1.5770764
-2.433323
0.6888283
1.8934463
-3.7561069
1.1255256
-0.8022683
-0.77185744
1.4016017
3.260945
-3.0312836
4.2007174
0.70978135
-1.4422164
1.407564
2.3248296
-0.16474244
1.8483803
1.9808114
-2.6450026
-0.8101791
2.7799017
-0.14688486
-0.2980299
2.912148
0.9206805
4.8380694
1.7519338
1.0716773
-2.4800706
-2.4004555
-1.2595556
1.9326168
-3.562891
-0.5795065
0.9524602
0.8291248
1.9510758
3.3320527
-4.1890383
-0.5325527
-0.3643371
-0.81680065
3.6366315
2.7306015
-1.4473116
-3.4159374
-2.1818857
-0.27539575
0.4576949
0.90820134
-3.091089
1.8626142
-1.3844404
-0.1163769
0.615073
3.1565287
-1.7176968
-0.5159668
-1.2512695
6.608605
-2.2765734
-0.14485763
1.8654149
6.1089725
-0.78299564
0.8202287
-0.053994734
1.0999776
0.970052
-0.43901074
-0.9115218
-0.22402863
-1.9059209
-0.45944232
2.04595
-1.6691345
-1.128404
-0.50895095
0.6288353
-3.176965
2.2915733
0.18768552
1.9753757
1.9049561
0.3461171
1.5303445
0.7911898
0.34768322
1.2065703
-0.8877055
-0.26068807
2.3284354
2.9474134
-2.3645036
0.99064815
-1.7614962
0.56797636
1.5970241
1.0468605
-0.03980104
0.5441272
0.35850763
0.37021005
0.8055228
2.6937063
-0.28453064
-0.45870954
-2.392986
1.9193442
-1.5766287
1.2668811
3.5474691
1.2437866
2.194855
3.584252
1.4328247
-0.40538877
-1.346486
0.0015921667
-1.1917471
-1.0936594
2.166807
3.133439
1.546263
-0.5088348
2.7015684
-2.9736395
2.4178004
-1.5887293
-4.433399
1.4324288
1.6722382
-2.6684294
0.14229245
-1.9943478
3.5896666
0.61027485
-2.3435566
-3.8009942
0.40872025
-0.32737648
0.7332097
0.45385388
0.7867777
-0.25597203
-0.54683197
3.1100273
0.580579
-0.94502914
-0.37247825
-0.1508911
-0.1325269
0.17984754
0.09667481
0.29706177
-0.80289596
-5.3600097
4.1197124
1.073282
-1.5732694
1.6354502
-1.2407484
-1.9408234
1.3499379
-1.4723649
1.5346444
2.0085032
0.42128208
-2.357517
-1.9451773
0.40749952
0.8202813
-0.6788825
0.7836286
-2.560578
-0.35378468
-1.3289311
0.8537561
0.8688149
0.07567109
0.83024466
1.3409337
-3.504201
0.8036528
-0.20164794
0.37512645
2.7617846
-2.4226391
1.1122458
0.049728543
-2.1607847
5.51873
1.7427759
-2.7769804
0.15127596
-5.133629
0.03820847
-1.7361484
-0.017747194
-2.5131047
-0.8661286
-0.47805545
0.5399289
-0.6389784
0.45239827
-0.2727431
-1.4698596
-0.8017444
-1.6955928
-0.5600922
1.7923928
2.984758
-2.2441788
-1.7076416
0.52181095
-1.5040985
-2.291036
1.3024738
3.1934285
2.2245588
-4.1068125
-0.8250812
0.35039762
0.7780341
-0.50003964
-0.88709486
4.6648946
5.202048
0.8906493
1.0505193
-2.3798583
2.547277
1.2993243
0.056735978
-2.3893695
2.1559806
-5.5501146
-0.52224416
-1.5545298
2.199946
-0.770277
-0.75044435
-1.105692
0.8298648
0.15869588
1.413528
-2.302578
0.41070575
2.380308
-1.1149164
0.77959514
1.1544564
2.372808
1.9631706
1.3779961
-2.7923737
1.6806631
-2.801436
1.1507227
-2.1534002
1.7829204
1.7336544
-0.04743698
-2.6519518
-1.8894225
-0.26780844
-0.7046146
1.0011299
-0.5008234
-0.4173648
-1.3100578
-0.5503307
0.33231685
-1.3559175
-3.2690556
-4.333085
-1.4607337
2.4662178
0.13320574
2.2033653
-1.9150455
-0.3474672
0.87697774
-2.293666
0.72494483
0.13037053
0.85107946
-0.7722101
0.06142173
3.7728133
-0.6136315
2.42666
-0.6580291
-2.375083
-0.38725305
-1.8385249
-1.9125834
-0.16959223
0.13406453
0.7450599
1.0994041
1.838353
-0.10346001
-4.2268786
-3.1460993
1.6591346
0.60881865
-0.4678986
1.6597533
0.5596564
0.36825657
-3.1244597
-0.28393838
3.620633
-0.6345148
1.2695072
2.8873365
-2.7180824
1.138756
-1.8456371
-3.1307812
0.14768
2.7407782
0.74043137
-0.10347306
-2.1819398
3.5131946
0.32696953
-0.00074940175
-1.9211453
0.36397618
0.75247806
-1.1087296
1.8738757
-0.92069405
0.77112705
0.727991
1.4416581
-2.5515103
-1.6267177
0.31152263
1.3226298
2.591219
0.5660661
2.8302965
-1.5971065
2.3429282
0.34790868
-3.2735865
0.927344
5.1715374
0.94588995
0.32197356
1.2818568
2.3397772
0.03086
1.3030168
0.4861468
-1.7156323
-0.7624398
-0.27225482
-0.629072
-2.3538375
-1.6436138
-0.7537451
0.5266592
1.0924577
1.9016649
-3.767215
-1.8222018
-0.3904714
-1.7083994
2.838939
2.3259554
-2.4224808
-5.3398695
-0.92447215
0.5227883
-1.7389096
2.3009264
1.3725963
1.8368438
2.6204872
-3.5237374
5.76127
0.622587
-0.7884867
1.9341172
-0.17356595
1.549266
0.7752322
-2.8767214
1.2349955
4.4334784
0.47711864
1.0461701
-1.4099545
-1.4909345
1.0792671
-1.7736709
-0.5617026
2.6189365
-1.4041184
-3.0716102
-1.4414139
-0.7292205
-0.54451966
1.9882458
2.1822996
0.48380244
-3.5414958
1.3335395
-0.94445276
3.6804879
1.3239641
-1.3115057
1.9595937
-2.088051
2.3914988
2.8407257
-1.7235231
1.5147551
1.3921723
-1.7520944
-3.5892837
-1.2027164
-4.974376
-0.2441715
0.67677796
0.51284313
0.8390222
2.2795296
-0.083506756
-1.1298523
-1.2410309
0.80154485
-1.6347768
3.5616915
1.8080512
-1.9952415
0.34419328
0.7412216
0.6432629
0.38436842
-0.6015622
1.2212392
2.2755804
-3.3336577
2.203796
1.8124133
2.3109446
-1.540269
-4.1714892
4.6327233
2.951298
3.389659
-2.865909
-0.57331157
-0.6789569
-0.56738883
0.9185481
-1.4211433
-1.693219
-1.680507
0.1674084
-0.026637517
3.4632769
-0.35864186
-0.13124496
-0.9118083
-0.05581302
1.0850395
-0.08642056
0.6033493
-3.3090882
0.800043
1.1981617
2.462428
0.52525353
0.29046175
0.8598354
2.1150637
-1.3234851
1.0336004
0.65298283
0.5890999
1.7672923
1.0552499
3.5851548
0.9239207
-2.1940665
0.101778306
-2.9095051
0.14029716
1.282177
0.16375074
2.0743268
-0.8068901
-1.4811585
3.8152573
2.3872058
1.1175511
-2.7979293
-1.0591071
-1.1831197
0.48802474
-3.733556
-0.3907607
-0.58844507
2.87358
0.5175625
-2.8101177
-0.30576953
1.1996344
-2.0579436
-1.1703981
1.0078193
1.1647396
5.2302475
0.75887567
2.4573832
2.8929558
-2.7731838
-0.52026206
0.282815
1.2523423
2.8929017
0.3813135
2.0442693
0.29978558
0.47754082
-0.91211283
1.2141023
-0.46806228
-4.1216946
0.05727879
-0.9157949
-0.6159694
-0.99992543
0.9130161
-0.07984703
-1.9484136
0.24456379
0.48307166
-1.6227065
0.3710801
-2.1001663
-0.7255615
3.062523
0.08570738
2.3926456
0.33551902
-2.3220434
-1.2705213
-1.6733384
3.9799237
-1.6828547
2.6694524
1.3377391
-1.972497
-1.3292447
1.0162017
-0.114157125
-0.8345021
0.22103515
0.53128445
-0.15009156
2.4997883
1.0369866
0.440401
0.5506151
3.4642444
0.56066984
-3.5161
2.5097911
1.4416285
-0.09365403
1.1961446
2.6736689
2.6621578
0.3566636
-0.13275766
-1.2689445
1.552156
-0.5182557
-0.30715287
-0.030301802
0.3861793
-3.2771094
0.45930147
0.30768123
1.4025381
2.4220433
1.9712874
-1.1732152
1.8170098
-1.0617241
1.5059791
-2.712541
1.1016252
0.16592818
-2.643828
-0.35798717
-1.2905002
-0.4213138
-3.7561758
2.7963607
1.0248749
2.074032
-0.57753164
1.9456394
-0.4791795
0.6271139
-0.55402845
3.6901124
-0.33678582
-1.7073091
1.4033915
-0.8016117
0.08083289
0.49416116
-1.4073385
-2.9757943
2.2353282
-0.46678573
-0.027022917
1.0339873
-1.0203912
1.5132232
-0.9144654
-3.8150609
-0.37563717
1.5861437
-2.9244957
-1.549962
4.943033
1.3340181
3.5767255
3.8762915
0.016483761
-0.43338874
-2.2803273
-3.2837136
0.724204
0.18762189
3.180843
0.80765015
-3.6627088
0.71965873
-0.8874227
-1.6501904
2.8064573
-2.2121718
1.7338402
-1.1551173
-0.06656233
-3.620531
-1.0370353
-3.0779796
0.2806059
-0.02402895
-2.8837473
-1.0455102
2.5875607
-3.084074
1.0970784
-0.04396577
-1.4813011
0.024226516
1.1543721
1.1208863
2.4336996
0.66624105
1.6158652
0.9235955
2.175581
2.7011237
-0.28475046
-4.09707
0.53030545
-0.5435016
-1.1702679
-0.35746413
1.7708884
0.33332705
1.2444277
1.7648132
0.08398025
1.1666424
1.2570314
2.7506895
-1.5753322
-1.3553203
-2.3812964
0.61848414
0.25564614
3.5449004
-0.14038706
-5.269779
2.773714
-0.15126489
-1.5327272
1.8094594
-2.8371875
1.1037512
0.123295896
0.47305223
-0.3293085
-0.41204095
0.8591584
1.7952954
0.16673724
1.072867
0.25400645
1.4314727
-0.9821663
-1.0097685
-1.1543837
-1.8999121
-3.6745756
-3.3457212
-0.05790811
-0.77127784
2.624454
-1.2709545
-1.437988
1.0042318
-1.4943824
1.1182286
0.8303374
0.7088696
-3.2023962
4.742066
0.8333915
-1.928896
0.19851337
-1.8633374
2.730143
0.2023563
-2.0199192
-1.2026484
-0.5552655
1.5744748
-1.6165928
-0.69043535
-1.062698
0.5352788
0.3805316
2.8825834
-4.1871696
0.802773
0.02096843
0.9495235
-1.810868
0.11778825
-1.8192738
1.2586329
2.654171
0.3095442
-3.125733
3.160218
-0.77665323
2.9327044
-0.6241819
0.7878027
1.3513753
0.08097965
1.1186441
1.8154429
1.312999
-1.2777877
-2.3421392
-2.8156855
-0.4358014
-2.308148
-0.4046998
-0.7774645
0.9581435
-0.22505465
0.44438106
0.49314317
2.861876
-1.2179064
-2.7378612
-2.3110511
-0.24643794
-2.6419997
1.124282
1.5045649
2.0776093
1.7413331
0.4735524
-1.0671438
0.28847414
0.64831907
0.8638778
3.7223277
0.8892484
-2.0997064
2.0949156
-3.1210055
-0.75067705
-0.33006057
0.26789954
1.5722919
-2.0224125
1.7520882
-1.6620514
2.3556695
5.0693445
3.0827885
-0.46410757
-0.12166526
-0.43860236
1.2168136
1.1389931
-1.0013473
-0.6397181
0.32709152
-0.90280193
0.22035787
1.3352163
-0.94862854
-2.3988445
-0.48276246
3.0474916
1.8021404
2.0611696
0.2075418
2.3323438
-2.8329892
0.4670788
0.8099706
4.698601
2.701495
1.5225716
0.824991
-0.11492584
1.8491076
0.2558524
2.3758123
-1.3494487
-0.24181986
3.4563751
4.38132
-3.213073
-0.08961014
-1.0818968
-0.18179405
-2.1311696
-1.338162
-1.3264447
-0.19160151
0.6829574
-0.21960689
-2.0836647
2.215232
-1.6413621
-2.497231
2.1369653
0.79285604
2.016418
-3.1644027
-1.9651073
-1.3566202
1.0361184
0.011830479
1.1021876
0.93158376
1.7416104
-0.50572556
-0.22098227
0.5391642
-0.7687685
-2.436984
0.5928088
-3.4688714
-0.5112124
1.563708
1.6999955
4.5753336
-0.2330288
0.758741
0.30614448
2.046161
4.1095424
0.35962996
1.3143454
-0.30020303
-2.9632714
1.1716266
-2.0181174
1.6387008
-0.9551705
0.33675838
-2.014263
-0.7792553
-3.1317787
2.0989392
1.7826996
-0.85980535
4.0862083
2.251655
0.6043208
-0.12064187
-1.3531852
2.3141963
-3.7839344
1.4581275
0.1633634
-0.36981085
-1.5654805
0.015181571
-5.422594
0.22341369
-0.5316336
-0.58476335
-0.21891962
-1.1862124
1.3819602
-2.4018369
-2.0187564
4.064699
-2.0901535
-0.49921143
0.1855238
4.258149
-1.1354674
-0.86414057
-0.27157003
-0.577198
1.407198
-1.6270231
3.4628801
-4.543331
-0.17280313
-0.7332547
1.4755763
2.8144455
-1.2684777
-2.6914117
1.9456253
0.48377413
2.775897
-1.5247875
-0.11398878
-0.73491836
-3.4452999
-1.6236432
-2.1468296
0.41987878
1.3528214
-2.2640986
-2.4109683
3.9736104
-0.81783205
-1.7887263
-0.1841647
0.20329323
-2.080627
-0.5537605
-0.84797364
-1.7783291
-1.252954
-2.3617105
2.0593565
1.5177556
-0.3525256
-2.67139
0.048208863
1.9861319
-1.643855
-0.5938097
2.1222155
1.3715959
3.175711
0.7434115
0.40551424
-0.38926333
-0.42175123
0.95016176
0.8589432
1.2718287
0.50287944
-0.4859308
1.2762951
3.8710806
0.37369773
-0.4218117
-0.77126056
0.6852019
1.5068451
1.2082312
1.592296
-2.1316984
0.40590036
1.7971421
3.5492017
-1.3123969
-0.48006743
-0.75961524
2.751847
4.523259
0.21816626
-0.69461155
-2.0770564
2.0660028
0.21286213
-0.107091226
1.131838
0.3053176
0.77589697
2.0644524
-4.161137
2.0028367
-6.252307
-1.1021842
2.7985375
0.5788116
-5.4890323
0.25338462
-0.8409602
1.8460917
-0.45056105
-0.3683414
2.6124935
-3.765269
0.44037154
2.371439
-4.7077036
-3.4289248
-0.7880089
1.2344561
0.43094498
-1.7963897
0.1350221
-0.7395655
-0.6824878
3.0339236
1.3010496
-1.2707053
-2.866891
-0.18969062
-0.8084211
1.3322698
2.733912
3.489097
1.5325435
1.9118798
-1.7595736
0.06376585
-0.093779884
-1.8771985
3.014592
-1.1658522
0.51343143
-0.047588013
2.176439
0.18924645
1.6711177
-0.0053976513
1.9210639
2.2103448
-3.969965
-1.7432141
-0.4606582
0.42393935
-0.004354432
-0.96835345
0.48007226
-2.0046093
2.7864373
-0.18523563
2.1626866
1.2728212
-0.36714083
-1.6048102
3.1867998
-0.18616676
-0.6465141
-4.09141
-2.1086414
-0.37070495
4.0660734
-0.8545034
-0.4973078
0.69554055
-1.1927686
-1.7323456
0.16626605
0.006897673
1.3805438
3.4776597
-2.9998772
-3.3325617
1.1287467
-1.1381406
-1.251167
1.1770908
1.2416744
0.56206596
-1.1542103
1.1057185
1.4574013
2.2624164
-1.1374328
2.8579888
1.160075
-0.26064852
0.1789823
0.551274
2.0231466
-0.7706795
-0.9529027
3.0517685
1.8946365
-2.4115415
2.294006
-3.4256463
0.74904567
-1.1941154
0.87861985
-0.8787631
2.0923135
-1.2301712
-1.9388252
0.9284174
2.2367246
-1.7408328
0.4825237
1.9177411
0.29068768
2.4067893
-0.75011647
1.4902154
-0.15058835
-1.2711976
-2.9603581
0.2836008
1.541281
0.0664655
-1.8461668
0.42375
-0.30599052
0.15628451
-1.2021883
-2.7813585
1.0757333
1.0711118
2.1200073
-0.6669667
-0.2716065
3.9110522
0.21183053
-1.3876781
0.75444144
3.077528
1.8300877
2.2781596
-1.1630813
-0.5561883
-2.436776
3.467657
-3.2671995
-0.031411625
-0.22810134
1.2777824
1.7713585
-2.6680799
0.037844017
-0.4464183
-0.87440485
-0.9498836
0.47007158
0.31623763
-1.7077458
-1.0836437
-0.02403237
1.1847401
-0.36157003
-3.1115303
-3.5846045
-0.40619734
-1.5467618
3.3071756
-0.2878213
1.3921921
-2.9537148
-0.34377545
1.0081965
-0.5336253
-1.7902893
0.3148703
0.86543405
2.5310419
1.5685395
-2.9403756
-3.4305546
1.4144238
2.217982
-1.642509
2.2471
1.9242653
1.7888215
-1.5708948
2.4772947
-2.458304
-1.7327307
1.7361653
-0.8812829
-1.1914564
2.2391067
1.1450412
-0.61204976
-1.2400899
-2.926465
-4.406481
5.292
-1.1941533
0.5232563
-0.85422736
-2.8757117
0.10083458
-2.4743323
2.3290234
1.2241155
0.9026394
2.8696988
-2.7844155
3.547486
0.5813271
1.7665734
0.43790773
-2.6340973
0.20504458
0.94503117
-0.21101695
-3.5411768
0.19846189
0.33209756
1.088001
-0.2458767
0.49559906
0.78741294
-2.9937408
-1.0176358
-0.8000258
-0.28346455
3.4606442
-0.7416911
0.33074862
0.7199788
0.40304315
-4.3222194
-3.3745463
1.8476753
0.5024817
-1.0452589
1.714869
1.2776881
1.2182113
-1.9479703
-1.4825995
0.81546146
-2.5054662
1.3300805
-2.7821198
1.7105643
2.3615701
0.54621536
-0.0197986
-0.6236078
0.27139637
3.8013272
1.475006
-1.1046801
-0.7487023
-2.138093
-0.8295754
-0.7060102
2.2482905
-1.0442904
2.5053031
-0.19617891
-0.8660714
-1.5920969
0.17302898
0.89245
0.4178173
-1.5205611
5.9760184
-1.744255
-2.077034
0.03444667
-0.36593065
2.0504472
-2.1517897
-3.9652019
-2.357053
2.9045286
-2.7069976
-0.7970975
2.7259057
-5.2145553
-0.08157204
-1.0191648
1.1470875
-2.0626934
0.022910908
0.63881713
-2.789935
0.11413511
3.355042
0.98087066
1.672879
-0.74214596
-0.42820212
2.7111702
-4.0752954
-0.2217842
1.3483807
3.3180077
1.4907678
-2.8610146
0.63947666
1.1112658
-1.5765514
-2.2179158
-4.4073453
-3.7425127
-1.6077819
2.1305664
1.6205279
-3.60087
-2.2585917
0.035110317
0.60608363
-0.52076894
-3.0749378
1.4739835
-0.9262134
0.9478189
0.5377711
-1.2881587
-0.58424777
0.94187033
1.6917714
-2.219154
1.7415375
-0.6518987
-2.9084353
0.44410414
-0.7564059
0.9734252
-3.562668
1.499552
-4.542217
-1.9045169
-1.117356
-2.0625648
1.4906907
1.9585097
2.050719
-1.0339552
-1.9450208
-2.3980637
1.2631973
0.02148395
-0.73842525
0.05810835
0.28642362
2.3754325
-1.7217625
1.6779375
0.68610084
-2.7876472
-1.9412954
0.5714129
0.13658874
-2.3547328
2.2215638
1.9279714
0.43369335
-0.30213112
0.17365812
-1.0863698
0.046455774
-0.69327444
-0.12332729
2.8697689
-1.3077956
-1.1440978
1.852041
2.1786425
-0.34608352
-1.1738348
0.23851168
-3.4626474
-3.5500312
-2.3482027
-0.14663792
-0.051368847
-1.1636399
-1.8895274
2.9946406
1.3788304
0.87545294
-2.6084006
1.7285643
-1.2622361
0.61763144
0.24320292
-2.1262782
1.2117722
0.6006381
2.436624
-3.3170152
-2.3642428
3.7231638
3.0478675
0.661816
2.225634
-0.018793218
0.68803006
2.13725
-1.1152822
2.9514422
0.0054595396
-1.6603416
-1.0777302
-1.4780524
-0.26672208
3.1995192
0.85185134
1.2665207
2.8092096
1.8481827
1.0082742
0.5398757
1.4660034
-2.802289
0.8210178
-1.8586628
1.2281303
6.8382816
1.7659688
1.3189521
-0.110766895
1.4889733
-2.4278066
-2.1283505
1.746667
-0.39499003
0.5283003
-2.5250483
1.314473
-3.2060537
-0.5893489
-1.6063564
2.1881812
-2.6162581
2.3332093
0.74070936
3.4639132
1.5141056
3.5872653
4.2124124
0.86524135
-0.95977205
-0.106482334
-1.1486309
1.8538828
0.8317313
-3.630466
3.1308582
-3.4186952
-0.00809145
2.042382
0.9754292
2.691184
-0.19599873
-0.24164891
1.7150153
2.6727052
1.1355429
-1.659754
0.7526278
2.629418
-0.39789522
-0.91505295
2.416122
2.0319445
-0.5767235
-3.4209652
0.62885565
1.1108193
1.5277066
0.24442902
-4.1111016
0.18977126
-0.6175664
0.38912103
0.9027902
-1.0810941
-0.9077129
1.0310633
2.7184904
-0.021666348
-4.3040547
0.19263387
0.026988968
-0.10776619
1.5549275
0.2062807
1.9360505
1.6382188
1.478054
-4.457395
-0.34611294
2.7000654
-4.0152392
-0.08187747
2.174346
2.0941288
-0.6566446
-2.7333455
1.6301988
-4.008004
2.4256127
2.007151
2.125328
-0.34484804
-1.7662941
1.1317626
-2.3323445
-0.8858394
-0.46926692
-2.852119
-2.0594018
0.6699666
-2.1482193
3.3549614
0.077601604
2.4695296
0.86083806
0.045696866
-2.9911757
-0.31482542
0.74655795
-0.24880047
0.32546848
1.5681227
-1.5525845
-1.5134535
-2.4983056
0.6689029
0.28191617
1.8013126
0.23087022
0.726537
0.18741392
-2.5308423
-0.95940566
-1.9255124
-0.059061714
1.5023528
0.3890288
1.6865902
-0.0334941
0.8663394
1.1814996
-0.2512995
-0.6456029
0.6386944
-0.5523725
1.7200699
1.4493363
-0.31601003
-3.4925244
2.1236157
-2.7416701
1.283608
-1.628373
0.2698906
-0.30510622
-3.7334063
0.8942562
-1.5529193
-1.6335529
2.1234221
-0.21461411
-0.26725325
-1.1727408
-2.6893349
0.50566334
0.16674702
-3.1621356
3.7179346
1.8189209
0.7033941
-0.8644346
-0.30665725
-2.5401459
1.7267096
-1.9402045
0.19898292
-0.5763455
-1.4981143
-2.1880627
-0.5032589
1.3781625
2.6532598
-1.1817596
0.005331397
0.48963636
2.1338317
-0.8312767
1.0503312
0.76217747
-0.30165905
-3.6770194
-0.2945048
-1.6329322
-1.7034713
-2.291519
-1.230286
1.3640552
-1.2276062
-0.6009101
-0.68626755
2.7828848
-1.0795037
0.7608044
1.4186535
-0.1411758
-3.8118563
-1.31464
-1.2202507
-2.2523053
-3.996576
-2.48623
0.28102115
0.75447416
-0.23605701
-0.89560986
-2.971682
1.4412885
-1.4554278
1.2879814
2.894255
0.10436113
-0.8755268
-1.842354
-0.47213978
0.5538925
-0.6956172
-0.4337688
1.546487
1.6761005
3.3621824
2.0621421
1.3113681
0.04612308
-1.1735251
-3.7272475
-1.7690734
0.081942335
0.54927313
0.66710657
1.2918453
0.43556997
0.09830656
-1.9682931
3.5525136
0.98149717
2.2871706
0.51203555
-2.1706705
0.19117492
1.4311246
-2.6902661
-1.9731027
-3.0139554
-1.280266
-3.931075
2.179936
-0.7035884
-0.25778282
-1.3457317
1.80807
-0.80260557
1.3322601
0.09977557
2.8190506
-4.3723097
0.5066422
-0.79057133
-1.9113506
0.59885114
0.24572968
-2.1569583
1.2537583
-1.1790849
1.9984628
5.29916
-2.1134472
0.3983894
-2.8243232
3.8623304
-1.1003307
1.8432828
0.104287915
-1.5535578
-1.3144668
-2.5546155
1.5960565
0.57364655
0.26598823
1.6897918
-0.107983194
1.2790782
-0.90880007
-1.2321545
0.8621099
-2.8803349
-2.3142102
-2.2707815
0.12006126
-0.54360783
0.9705086
2.712281
-0.56931406
-1.591111
2.9085214
2.39922
-2.1207135
-1.641126
-3.1152487
0.028495044
-0.6676515
1.4484694
-4.5861826
-0.28550404
1.3447069
-0.5243506
-1.7972558
-1.7887295
-0.65761435
-4.6751356
2.848796
-1.6886268
3.3513432
0.5428653
-3.5215333
-0.75424385
0.5021202
-2.24795
-1.8875171
1.4045545
-1.4208347
1.0162435
-2.3785505
-1.4550042
-0.9999793
7.329214
1.1174301
-0.71148235
-0.61191016
-0.13937762
-1.9509773
1.7791009
0.9876169
1.6575927
0.24745384
-1.4358811
3.553274
1.9755069
-0.17541382
3.4250145
1.9004018
0.28063053
-0.81567806
-3.133893
-0.564839
-0.7221625
-3.0838492
1.5957696
2.7005882
-0.17728141
-1.8584605
1.0198947
-1.4340318
-1.9798816
0.65766245
-3.636162
0.73352605
-0.8592663
-0.27131397
1.0362308
0.32168698
0.35444346
0.81502116
-2.1414883
1.020493
1.117211
2.5834002
0.9670352
-0.1704032
0.6430093
-0.9168451
0.6373501
2.894002
-3.5712306
0.790203
2.155711
-2.7086728
-0.413736
-1.5279529
-5.176458
-0.98050445
4.9928393
2.6889198
0.084633045
-1.1706731
-0.07266451
0.101779625
1.1175549
0.34516618
-1.7395494
2.132512
-0.5543262
-0.10568732
0.865728
2.967969
-2.1453795
1.3287135
0.9844465
-0.4163541
2.7400877
-0.21750486
0.5238089
2.7308223
-2.4089448
1.8876762
1.1914964
-3.499867
-2.2481153
1.3433849
-0.5014671
-3.9609468
2.1182554
2.0989356
-0.74656653
0.44108298
1.628538
-2.244657
-4.2523885
0.9841671
1.5197306
-0.3433943
-0.76899076
1.6698881
1.4158134
2.2564156
-0.51440406
0.35124552
0.22063437
0.6276187
-0.97727966
-5.7417145
1.4709243
-0.8181782
-0.13610858
1.3974482
2.2526069
1.2332345
1.4660604
0.81176025
-0.9428118
2.5744996
-2.7355828
-1.1787411
-1.7986802
-3.3468668
4.3893814
2.878642
0.86598086
0.5813606
-2.5188413
-0.14000754
-2.3720422
-2.0174842
-3.5313442
2.0198932
1.662939
-1.7850404
1.7879441
-1.0460627
-1.4475745
1.3620424
3.9823956
0.24804202
1.4717629
1.7779075
0.113209516
-1.8904034
-0.13640398
-1.3693944
-1.64706
1.3448141
-1.9147184
0.8788859
0.55049866
-1.0251087
-2.6991017
-2.33667
-3.5264006
2.2345333
2.608576
-3.813459
-2.4699357
-0.021775268
1.0549283
1.4739615
2.4827292
0.029425338
-0.49379975
-2.3029487
3.4516473
-1.1229401
2.5141082
-0.44751936
-2.2085366
-2.3248773
0.59191984
1.1837726
-2.893488
-1.0260674
-0.30323982
-0.27217647
-2.1441367
0.13473642
0.68898636
-3.1612947
1.5686123
0.39138532
0.5259699
-1.2097626
0.26217782
0.049715187
-2.906318
-1.5879943
-2.5358238
2.5567298
2.1557648
-0.48098174
1.4774997
0.16894928
-0.9223845
0.11031889
-0.5972014
0.05791021
0.04114844
-2.5040796
2.4283323
0.16628566
-1.9345237
1.5517116
4.0294147
-1.2931203
-0.6175362
-0.39756534
-1.6356431
0.35501558
0.14577001
0.75514495
-1.0701771
-3.9383209
1.2860721
1.2677982
0.118210256
1.3760906
1.3828416
0.24055228
0.3808904
-1.6722481
1.7199062
-1.015081
3.5719028
3.3369286
-2.4181871
1.2137396
-1.4488326
-3.1822462
0.25967696
-1.276826
-5.3437905
1.849078
2.4287136
0.5801252
3.538897
0.8353536
-0.07340728
1.3869834
-4.380187
0.66716546
-0.24041325
0.6916237
-0.67680234
-1.718813
-1.9168801
-4.0674996
-3.2717795
-2.3234098
1.6685834
-3.1136487
4.6831446
1.3067805
-2.3338823
2.8463955
-0.65553284
1.2923069
-1.427087
1.4550537
-1.8344561
-1.0118285
0.25432256
1.9657565
0.07461636
2.2503664
-2.38576
0.027947865
1.0983406
0.14977391
-0.81512326
0.18106765
0.76026857
2.9802616
0.8721158
1.1325002
-2.206534
-0.012365125
1.3400548
-3.76399
-0.56422246
-0.8244714
0.67778724
3.8085794
-0.1101282
0.3933003
2.5334659
-0.18565401
3.8786268
3.0574448
-0.8633924
0.65489465
-0.33458203
0.7374495
1.7720542
1.3809633
2.6015143
-0.9623321
-1.2384984
1.2801299
-1.2353615
0.6534516
-2.1239595
1.8502173
-0.20402959
-1.2959731
0.3714022
0.62893313
-1.6371458
0.81260365
-2.737125
-2.7216961
-2.566893
-3.6681511
-3.1033578
1.1756977
-2.010674
-1.5650432
-1.734983
1.3015975
-0.93686354
-2.8499274
0.28419018
3.1789193
2.14958
1.9189061
-0.7134794
0.030244231
-2.3293426
0.83529127
-0.6620233
-0.67647594
-0.2689736
-2.256833
2.6010325
1.693153
-3.7837946
-0.7832775
-3.0966263
1.175401
-3.46693
2.5383573
0.8428698
0.4004453
0.84097695
-0.5539472
2.0911434
-4.223087
-1.0899807
-1.2951959
0.63185966
-1.597984
0.45952308
1.8615249
3.3179305
-0.5973892
-0.74116987
-4.028685
2.9189065
-3.331335
-0.61159796
0.9698943
-0.12001293
2.5890634
4.379548
-1.7110562
0.51931816
1.7582746
-3.8226132
-0.26598623
1.5973538
2.2766042
1.0304981
2.0419686
-1.5620284
1.1855046
-0.3392181
-0.28986764
0.2937657
0.5904537
1.537155
2.9610364
-1.2267303
0.5918481
1.4602392
0.7090433
1.3775446
-1.250288
0.3119468
-0.525445
-0.43069845
0.9652309
2.42165
0.13722011
0.38202357
-1.0009345
2.6631994
0.32547092
3.140762
0.97181785
0.3628741
-3.265862
-1.1819181
0.73445547
-1.8382511
-2.029001
-0.67777926
-0.3213772
-0.42412642
0.83387923
-1.0982382
-0.2971208
-3.8788342
-2.358762
0.034908645
1.3045585
-1.6776938
1.4127895
-1.0153868
-2.8822494
-0.45634362
-2.735708
-0.72904444
0.4239784
0.23790617
-1.2816782
-1.2629603
-2.1090662
1.6769347
-0.83864796
-0.7611212
-1.2637049
-2.367865
1.1601542
1.8464712
-0.07788265
0.5612608
1.5739454
-0.12579301
-1.1235563
2.784425
1.1779088
-1.1946182
-1.9626575
-1.1026472
-2.5560904
-2.0114248
-1.8909687
-1.4864213
1.4867786
-0.9676645
-0.19160709
2.674835
1.1607271
2.9485552
0.26227403
-2.0144033
-0.3297697
0.474084
1.6507059
1.0032828
3.8443315
-0.3302265
0.6825716
1.713428
1.4523655
1.8881387
3.325443
-2.0944154
3.678279
0.25211078
1.4924457
-1.2092664
1.3801585
0.23371023
3.8751209
-0.5234155
0.30280274
3.6197772
1.7499727
2.4972408
-0.9639705
-2.092762
1.8578596
0.6736798
-1.4707872
-0.45592552
-0.2948476
2.5259895
-3.0484116
0.46827778
-2.257745
0.37267846
-0.89097965
-2.3119917
0.86806333
1.7068269
1.3208865
-1.3320303
-0.99227595
-1.2439636
0.43912053
-1.2249595
-1.4956055
-0.15993473
-0.7720349
1.7737403
0.92613685
1.9475662
0.9923821
-1.8633081
-0.19522077
0.5221565
-3.3266664
0.9473503
-3.6320486
1.1830478
-1.9370986
-4.720496
-1.7960778
0.6986105
-1.4363104
0.5340783
0.4143624
2.5282059
-1.1930798
-1.3097758
0.45979717
2.9464674
0.6516601
-1.5821685
-0.545751
-1.543972
4.7836633
0.15785483
-0.80896574
0.49657547
0.8912645
0.18136033
-3.5205638
-2.308277
0.95189244
1.8995245
3.4531002
-1.1540794
-1.2179705
-0.63241214
2.5795538
0.26486945
-0.7815431
3.4217563
1.5315824
1.7849623
4.1966863
-3.023543
1.1577036
1.583956
-2.3735068
-1.0140499
-0.4213422
0.841534
-0.49680945
0.9243931
0.330542
0.07770463
-0.10123497
1.0709264
0.66023976
-2.05562
-0.7706262
1.1085861
-0.2656379
2.457265
-0.5478699
-1.3954564
2.5590253
-0.72229004
0.75313175
-0.21541598
0.4471181
-0.30041537
2.0171056
-0.25624794
1.2702035
2.2029085
0.07208259
-0.123911835
-0.9098786
1.07096
0.55565345
-0.10805811
-3.083406
-0.33880925
3.09971
2.155354
5.828814
1.1380315
1.2187648
-1.0025613
0.68681985
0.39119744
-0.46282923
-0.7896434
-0.56752825
4.9074697
-0.90179336
0.96874183
0.016454592
-0.73791647
2.1380558
0.028821275
-0.7193436
1.5852555
1.1270438
-1.617411
0.018968984
-1.7945118
1.5882694
-2.2068753
4.481573
1.5602127
-0.018612102
-0.89704233
-0.7620403
0.9973581
0.40788633
1.5467818
-2.826421
2.1821542
0.2731751
-3.7488089
-2.6184323
0.6051131
2.7020628
-1.0972611
0.33037
0.47504175
1.1824896
-0.4519533
0.21222764
-2.83364
-1.2770785
1.2864345
1.9864478
0.14808086
1.3707192
0.15019453
0.9960179
-0.4204639
-0.92034066
3.3948302
-0.94328177
-1.2429702
-2.0613909
0.7208545
-0.58429885
0.03914217
1.3024511
3.1042075
-0.40729392
1.6048971
0.95883185
-3.5410426
-1.9384468
-2.7804813
0.27798238
0.20408633
-3.2154624
-1.4882638
-0.30711967
-1.203426
-0.4152837
-0.8586984
-1.7169415
1.340747
-1.5782665
-0.41417387
-1.3370417
-1.1600657
-2.286994
3.6641245
-0.2780664
-1.5330032
2.6703713
-0.46307188
-0.94086987
-0.018056069
0.8189495
-1.0374999
-3.5328116
2.5010045
2.0766923
1.1824931
1.1600869
-1.0935707
-0.29120946
-0.6468406
-0.3510423
0.8704914
1.5893308
-5.581007
1.9981071
4.5027027
2.5129662
-1.0365084
-0.28956744
0.7048097
2.7188587
2.2750847
3.425159
-4.050927
0.91444254
0.029854193
0.052061222
1.8175164
1.8217832
-0.48933324
-0.8329033
-1.2700295
1.5214083
2.4312024
0.3410121
-0.45504332
0.6709694
-2.5774977
0.2171421
4.926526
1.3899014
-2.5620627
1.3767006
-5.677207
0.08535269
-2.6845
-1.9450254
1.2753643
2.9149625
0.5214146
-2.7836921
0.069362685
-0.95212877
2.0808733
1.5824971
0.41177702
-1.2621946
-0.079711534
0.5223664
2.6249502
-0.07976241
-1.030541
4.7822933
1.2841753
0.50954056
-0.22919352
-0.8213156
0.21977866
-3.3739812
1.8998163
0.8607863
-0.62434727
0.15226576
-0.8896703
0.5511352
0.042250425
0.6828583
0.47136715
-0.10708229
-1.7368089
-0.3206298
-3.974235
0.13725334
0.068844415
0.019817159
1.7954443
-0.2912661
1.9311434
1.5759268
-2.3138158
-0.38471574
-2.3883507
-3.7365332
-0.15133956
-0.04037857
-1.3990577
-0.39603215
-1.1401124
-0.05981619
-2.3022807
-1.5488944
-2.4312904
-1.0407801
-0.8435749
-0.51406723
-2.6477532
-0.2229074
0.5977227
2.833405
0.4360659
-0.6962039
-0.19394144
1.8685398
1.0296066
-0.6236245
1.9373685
3.3869889
0.44473243
-1.8119047
-0.26046515
1.7854162
-3.9815435
1.7591091
-2.8615036
-0.42582154
1.8283346
-2.4235737
0.92111105
-2.7711358
0.51727545
0.17532477
3.4745922
2.1236622
-1.261468
3.1347315
-0.9602827
0.05994901
-2.9056532
1.179464
1.6441425
-1.2239038
-1.6147033
1.4133599
1.7098464
-3.3206534
-1.9088819
-1.5878673
0.52511173
0.41836146
2.6630745
0.7799592
1.4591454
-0.32241422
-0.32589257
1.4869119
-2.2097225
-1.5198861
-1.9866688
2.4132798
-4.4992094
-1.7002826
-2.4679375
-1.6796883
-1.1354896
-3.4498832
0.38919762
-0.9590659
-1.9753733
-1.9778936
-0.13769764
3.1740851
-0.46832928
-1.7268643
1.3985459
5.5382447
2.008748
0.5102643
0.969141
0.2557597
0.726699
-0.3055363
-1.1507229
-1.1537915
2.9512954
-0.97146595
2.3327565
0.15942796
-0.31259462
-0.5332612
0.35007805
2.1018023
0.06776622
1.9611174
-0.94724876
0.05479145
-3.2103238
0.40395686
2.1470094
0.0039871857
3.1558914
1.1275148
-0.78055376
-3.3337846
0.015054893
-0.93059224
-3.6933525
1.2429662
0.054594792
-0.41512963
3.7989383
-0.18604392
2.284916
4.148566
2.7304673
-3.5554652
2.3156204
-0.07914952
1.4473866
-0.3208182
-3.3281066
0.66916883
1.723227
0.4670391
-1.1551051
3.720601
1.8593519
2.9092848
2.3635874
0.2911847
-1.4512954
3.5725412
2.4117
2.8763816
0.54336625
0.1642215
-2.589551
-0.64309424
-3.8976681
-1.9653611
-0.47917324
0.35902563
-0.06941194
-1.0827565
-1.7951357
-1.5157301
-2.4092727
4.06343
-1.7956702
1.8653553
0.5599161
1.6019952
0.47425705
-1.7769736
-0.9750798
4.674775
2.6649814
0.07153905
-1.6587592
0.15335241
1.0159948
0.030264035
0.7070227
1.6313125
-2.4274776
0.3426955
0.36072597
-1.175632
-0.50045645
-0.78893274
-0.1525192
-0.89969045
-1.6675472
0.192442
-0.27323654
-2.2468162
-2.20756
-0.14410824
5.382454
-1.3170905
0.91508216
-0.97644705
0.93527377
-1.8708746
-0.3166991
0.27182797
-1.1895989
-4.2124705
-0.40003365
2.1487153
-0.8706585
-0.6382036
1.2892168
-2.1309018
-0.69193983
1.2478255
-0.2469968
-0.2755763
-4.0767903
-0.67284966
0.22136514
-1.1809413
-0.8738816
1.7492235
0.68862176
-1.7597084
0.23441133
1.8479075
1.4896225
-0.24483113
-1.7853956
-1.5084503
0.6614853
2.6324577
-3.5513303
-0.009830102
-1.5009466
0.096202925
-0.84040153
0.13303596
-1.6181883
-0.9465572
1.522878
-2.010925
1.7005167
0.70418644
1.2807693
1.7575009
-0.97485185
-0.2730444
1.8251053
-0.45334533
2.8527694
3.5029871
3.3118875
0.13775487
2.0576072
0.6685566
0.54133815
-0.9962511
-0.011157982
2.228135
-5.7130265
0.85766566
-2.0013394
4.7168984
3.698086
-0.9698095
-1.3038664
2.0836558
3.3128457
0.39508414
0.989881
1.0544914
-0.5798336
0.8241015
-0.1586258
-1.5347877
1.1515093
4.1535525
-2.668855
-0.42403105
1.0424602
2.1750433
0.06845961
3.5288177
-0.37041634
-1.599163
1.4128423
-1.7202039
-1.9602222
-0.18108842
-1.6921309
-1.8836594
0.8664798
1.6852472
1.4134266
-4.0306315
-3.0083208
0.66593975
-1.7987169
0.5595503
1.0127541
2.1197443
-0.84877324
-0.6474463
-0.71553004
0.8082972
1.8791463
0.2833805
-2.7062833
-0.92236334
0.5787248
-0.14783919
-1.2149434
-2.051567
-1.2725096
3.4732168
-0.83929276
-4.2486715
-0.029175375
1.3856765
0.54612315
0.3061353
0.8032163
-1.7029351
-3.6278462
0.48293385
0.9813275
2.117101
-2.47798
-4.066596
0.5571046
3.6662736
-0.41395485
-3.8553286
0.07065257
-1.9395294
-1.8391615
0.3710794
0.88898563
0.1221519
2.320748
-0.12798667
-0.027058985
-2.0478199
-1.3218921
2.3764002
2.737316
2.2334266
3.4609623
1.1344273
2.891734
-3.4399536
1.8958884
-3.5444963
1.2939242
2.1144273
-3.2366474
-0.17820983
1.2542763
-1.7196248
0.8619351
0.6342245
-0.728206
-0.49074626
-0.22331291
-0.1369786
-1.3224243
0.5028729
3.1615186
-3.9143207
-2.8182793
2.0721989
-0.01634577
-0.9671567
0.5317821
-1.3129692
1.0375487
-0.9148068
-3.033591
-0.10134868
-0.20616797
0.31709284
0.32878703
1.4235196
2.1140897
-3.5820453
-3.2868834
-2.2172678
-0.98413503
-0.76651305
1.4249971
-5.153692
-1.0968021
1.0963916
1.9695649
2.360285
2.89032
-2.3208864
1.1671803
1.0352031
-4.582438
0.24937466
0.18904102
0.5729036
-2.6535635
-3.0653565
2.006018
-0.80607986
2.0278776
-1.502633
1.5823733
1.2702385
2.00699
-3.1832292
-2.7909145
-2.2211287
-2.2313464
3.172594
4.1861854
-1.9240565
-1.7250836
0.72473276
1.390189
-3.1796184
-3.4281807
-0.83217233
-0.6457081
-2.7750912
-1.7914672
-3.7677612
0.8444346
-0.5181213
-0.14706191
-1.4569982
-0.09465092
2.3896556
-0.43117824
1.512114
1.1689723
-1.1843224
1.0239657
0.34695822
-0.04776603
0.6960916
0.90888095
-2.1710918
-1.6330835
3.0771542
-0.5036262
-1.5350989
0.7689158
2.2107968
1.1745273
1.606175
-0.1794996
0.74663264
-2.4096925
0.91022193
-2.0939815
-3.3062744
1.0462166
-1.2401794
1.2634237
-3.6424284
1.4273207
-1.8228612
-1.8647344
1.1950896
-1.9967078
-2.4198081
0.24389061
0.9318265
-2.3210602
-1.5372192
-2.8825905
-0.06974262
-0.16074228
0.42194235
3.5408602
-2.647747
-2.1609986
-1.507829
-0.64991397
1.6161636
-1.5300316
0.9805226
-0.34626737
-0.6033999
2.1361625
2.6886582
2.0945635
1.118834
0.17317268
1.282219
-0.87021285
-1.2031698
3.367013
-1.637718
-3.3477516
1.1336952
2.5236893
3.8887246
-0.72541976
-3.2938223
-1.5362922
2.3020148
-0.65675265
1.6691923
-0.67975676
0.7933601
-1.1014973
-0.5006471
0.0819903
1.3439537
0.29734147
-0.05531579
2.0990117
-1.202558
-1.4808905
1.275727
0.28298926
1.61372
0.34971654
-3.4745905
1.4130379
-2.8932347
0.5355756
-4.7201624
-1.1306196
0.70763665
2.5165775
0.29620576
-0.41886908
2.7714252
0.024101779
1.7589121
3.068493
0.5440775
-0.17404795
-2.230779
-1.1115894
0.95894545
-0.46718636
2.0016234
-2.1914248
4.132868
-0.16428182
-0.86210924
1.6111732
-2.559065
1.5195228
0.7361871
-1.5702609
-2.6405528
3.7258344
-2.2099705
1.9002309
1.8796535
-5.0989203
0.84356606
0.14131993
-2.182168
5.9059772
-1.1527383
-0.8273462
-1.9511635
-0.36013287
-4.607035
-1.5985318
0.5330692
1.2770965
-0.4541174
-1.7748282
0.03712184
-0.87998927
-1.0868961
2.942652
-0.9394967
1.6993955
1.5885804
-0.23750123
0.21187861
1.6478282
-2.3303432
-0.68677384
-0.7280001
0.3254536
1.8739114
3.1175075
-2.328926
-0.9927856
-2.638361
-0.20665768
1.0082198
4.239963
0.29374173
0.42308515
-2.6929336
1.2175962
-1.621888
0.6571554
2.094151
0.7683228
-1.1008193
-2.6459043
-1.5078049
-2.5953565
-1.4769799
-1.4279641
0.9621315
-2.3943644
-0.59112674
0.92391264
1.459421
-1.2822584
1.2918591
1.4906344
-0.5076263
1.0273819
2.2578604
-2.5608397
3.1419082
1.0114352
-0.8968985
-2.8236213
0.9891558
-2.0320106
-0.26216978
-0.24606115
3.238179
-0.8296049
-0.27763402
-2.4622612
-2.7280211
-1.6868321
2.3916056
-1.4098595
1.5986798
-0.021060929
1.3973945
-2.3139122
0.19513121
-3.032948
-1.1086075
-1.6987624
-0.1885978
-3.9639373
0.006806433
0.34278286
3.8446069
1.9438198
-1.9555007
1.6908436
-2.0608833
0.9430392
-1.3850831
2.118336
-1.075274
4.130564
-1.0808078
-2.2154965
1.1348647
-0.8049358
1.3759187
-2.6969676
2.657175
1.8625964
-1.1251076
-1.6012294
-0.9682283
0.042089246
0.27466533
2.984107
-0.4624796
-1.0118856
-0.8431867
0.7600332
-3.547133
0.41587603
0.30477965
1.693176
-0.45551026
-3.5279357
-0.46071863
-0.15393758
-0.020982504
2.8919268
1.820132
2.0570092
1.0944781
-1.5397223
1.0545038
1.7880095
0.036272652
1.2294257
-1.1907092
2.7179816
-1.1725343
-2.0361335
2.2760966
-2.0097384
2.2293813
-0.091654375
0.39090115
-0.00788717
0.24203783
3.3776815
4.341515
-2.861573
0.36101156
-0.59694546
-2.1308842
-2.3843534
0.20322374
0.90146184
2.5745287
-2.352464
2.327775
-1.1767462
1.3766581
0.82362896
2.3964536
-4.4378667
-2.4358943
-2.8054767
-2.1730843
4.231297
0.336537
-0.905941
-1.8574119
-0.73044705
0.13637528
-0.5707962
0.55830824
-0.07357654
0.14531945
0.97614866
-2.519007
0.030651815
-0.7933134
0.5891041
-0.92246073
2.6132371
-1.7104337
0.12538414
-1.8321159
-1.5812589
-0.88385785
0.975594
-0.7724175
2.2867897
-2.1774926
3.2946124
-1.7311269
0.652223
2.3173463
2.344321
0.4554761
1.1864492
-0.47807953
0.22609189
0.2569525
1.2039435
-0.7417045
-1.726679
-0.6464526
0.74065673
1.6450243
-1.0793256
1.7466918
-0.8753531
-1.6522831
-1.5659362
-1.6538901
0.7932059
-3.7457795
0.997837
0.4696306
-0.06751029
0.8481484
-0.88183653
-1.4992986
3.192376
-0.8513927
-0.84249294
0.30476332
-1.4326658
4.367398
2.5859237
-0.41075432
2.5185966
1.0674267
-1.0824958
-1.714134
1.0385256
1.629524
-1.1126231
0.5462346
0.36519623
-3.080898
-1.4476134
-0.50166816
-1.4630599
-1.1877663
-2.3387141
-0.7489189
-1.3928384
-2.2511494
-0.78573656
2.8993046
-0.94822335
5.5070834
1.282865
-1.1558253
1.9965183
2.7845612
-0.72771686
-3.3429253
0.14816388
-1.6779578
2.4668589
-1.3557384
2.6144598
-2.155796
2.537027
-1.8204767
-0.25273192
-2.386207
0.49843776
0.8109058
-2.335497
-2.1889675
2.3354576
2.161674
-0.6317034
-1.4360679
1.1360625
2.9181042
0.05970582
4.516023
2.0183368
1.7609303
-1.0395417
2.9006238
-2.5465949
-3.1370287
-1.3383639
-1.2270681
-0.99384695
0.7306754
-2.3198113
0.74826485
1.4131815
-2.341992
-1.0999036
-0.01350905
-3.3746958
0.19974661
1.2582515
-0.3243876
-1.7295532
-0.37725073
1.9464473
1.1479987
1.5967873
0.65833855
-0.47533745
-1.580315
1.9788954
0.5339408
1.6519845
-2.1785932
-1.7042847
-0.054653212
4.5735793
3.5563538
-0.0075632557
-1.4949431
3.3038738
0.5955278
-1.8078797
-0.6049215
0.56372476
0.26810077
1.4757706
-0.46903843
1.2788885
2.2339134
-3.854578
-1.0279988
1.5299152
2.5758348
-0.73553014
-0.2757833
3.0865583
-0.52869034
-4.251327
-0.51750416
1.1235017
-1.7687521
1.9464735
-1.3220254
2.443293
-1.7650424
-0.30909774
-2.4224243
0.83370024
3.5409806
-1.2184416
-0.68595296
-3.328556
-3.4534273
-3.2481413
1.0052
0.4892276
-0.96610004
4.7772555
1.7928431
2.084425
2.3795834
1.2822393
1.4610145
3.1166942
1.7786039
2.3609948
0.99992484
-0.27488828
2.239153
-2.7429318
-2.3336122
0.72557604
0.18386471
1.0564497
-2.3182983
0.05925253
-1.6884362
0.6693494
4.167723
0.8901894
-1.9689091
1.4056388
1.6349503
1.2169359
-0.99641573
-0.6834338
-0.26977628
2.937408
-1.8625703
1.5815465
-2.2524166
-0.32887238
0.2175909
2.4027133
-0.8115106
2.6773658
2.135011
1.7903476
-0.09266504
-4.104596
1.4019204
0.5316171
1.1555879
0.8524475
-0.6442369
-2.0749242
-3.5484917
3.0839307
1.8173081
0.62079895
-1.9379601
-1.3350062
-1.6097776
0.69412535
3.3424144
0.84608823
-2.7786756
0.6806503
0.7892878
2.0560298
-0.403107
-0.21819383
2.7328029
0.54732925
-1.1173388
0.07265782
0.060606033
-2.2432337
-1.1988739
0.522103
6.9125524
1.8601369
0.24624538
0.5390256
0.93830335
3.3391175
-0.6562936
1.9007618
-4.198169
0.93685764
-0.068432674
0.53920764
-0.34966737
-2.1753373
4.0506797
-0.3775624
-1.3004863
1.8405594
0.9912232
2.5015025
-3.8316476
0.32124868
0.42833644
-0.30182377
-0.062391713
2.150585
-0.93559545
-0.67153627
0.81903183
0.022689171
2.0906596
1.289142
-0.25146914
0.21807417
3.5365093
0.121737525
0.372314
2.1658874
-0.47918943
0.4936532
-0.09798934
1.7310172
0.4133956
-4.422723
-2.5453362
3.5479257
0.141494
1.8405215
-2.5849364
0.891886
-1.4385474
0.88727486
1.1108692
-4.9107976
-1.0112766
-1.4235227
-2.2624724
0.5970252
-1.318283
-1.6269087
1.1815839
-0.036722608
0.4182632
-0.5656548
0.20968497
1.5329461
2.3893814
-1.6755437
-0.45148295
-2.832201
-1.8011248
0.418851
1.3572134
2.276655
0.50758487
-0.98941576
2.6926656
1.8399644
1.4526579
-0.096251324
3.2333484
1.7077042
2.3593776
-2.571553
2.0711076
0.3991682
-3.6264799
-0.5245108
0.16415465
-1.3619796
1.2997336
-1.4950838
-1.5351317
2.1688154
1.6642501
0.4402652
0.08659463
-2.7688866
1.3366263
-0.90302694
-0.47832415
-0.38071498
1.5213398
-0.57647955
-1.7175611
-1.0148754
2.4396417
-1.2630072
-4.326362
2.8706577
0.7994532
-2.0479379
0.7856137
-0.25985664
-2.1973317
-4.600913
-0.6798044
1.9419097
0.50769573
0.7396111
-1.0875281
-1.1308144
-0.8437435
-0.14692843
0.49907947
-1.0108577
-0.005163692
-4.248415
-0.7249646
-1.000426
-3.7156248
-0.43895245
2.173876
-0.043671772
-1.635814
0.926484
-2.5553904
0.6050371
1.9734
-3.516335
0.378771
4.8285923
1.0732851
-1.8897879
1.3054326
-0.43759596
0.42709646
0.14714855
-0.8773264
-2.9509723
-3.099201
1.3598037
2.1875484
1.121648
-0.32890844
-2.820613
-3.9560168
1.0152081
-1.1485128
-1.8658919
3.6509914
0.5534414
-1.6657389
0.7549264
-3.3567882
-1.3822509
0.81785357
3.4933
2.674415
-1.0210572
-0.06031757
-6.3330464
-1.3677697
-1.7768341
0.4342117
-0.65990233
0.8465773
-0.24384439
-0.95996916
-0.8412627
-2.3995662
1.2263573
-0.046291694
3.1698549
1.587768
1.5209926
-0.11336582
1.4957509
-0.83078426
3.228535
1.2376451
-0.79298097
2.0170202
-2.386576
2.7746549
-1.933815
2.8032598
-2.2188938
-0.24620244
-2.156323
0.44817284
1.522209
1.7389654
-0.3622934
-3.054188
3.4093068
-0.39685217
3.0531845
2.3111153
0.91449106
0.17639881
-1.048345
-2.2759557
-0.9969322
-1.4043454
-0.6007608
0.13773617
2.1434174
3.3723218
-0.112994514
2.292161
-1.7938261
-3.2349534
0.45978647
0.34386632
0.19348514
-0.5810558
-0.26348138
-0.27367198
-0.5810873
-1.5063128
-0.42438918
-2.1362267
1.2001258
-2.619393
0.25128686
1.1967016
1.2808386
2.2284381
-2.541396
-0.64367115
0.59382594
-3.2167273
-0.21892911
1.454781
-2.0131803
2.7683055
-3.1257732
-0.67231756
-2.6014154
0.4037862
3.1288168
1.2376938
-0.6484815
-2.3565629
2.369537
-1.6668148
-1.7172427
2.7060256
-0.5853877
-0.21176127
-0.2528097
3.3224165
1.5909257
1.6137799
-0.5509422
0.25515795
-2.7959225
0.86055136
-2.5608976
-0.5357196
-0.49154598
-0.6106344
-0.0067091733
-1.2674469
1.7031372
-3.654287
0.8608456
2.385685
0.35657474
-4.81618
-0.65852803
0.34548274
2.4592605
-1.6110803
-0.41036984
-1.5420876
-2.4592302
-0.27743697
-1.4586601
0.54299873
1.326515
1.0777743
1.7696006
-1.5987774
1.1881994
5.2392287
1.2377043
-0.36643896
4.6905293
-2.3872743
-1.8153139
2.9431925
1.5756955
0.45210811
1.7818528
0.122914426
-0.8639746
2.527484
-0.16155231
0.86546963
1.2217243
0.23071621
-2.4571588
-0.5657774
-2.9942472
0.20682731
-1.1876352
2.2048807
-0.62120014
-0.2985952
1.5196103
0.91275465
-0.2746272
-1.9013867
-0.4575545
-2.6732235
1.3268285
0.60908014
1.9337044
1.5829493
1.7447453
-3.3687217
4.687292
1.6997423
0.03955064
0.55927885
1.6366067
-0.0870895
0.53236866
-3.0577295
-1.0503756
0.8791853
0.13294989
-3.8642886
-0.3045426
-0.34203896
-2.1874676
0.89339143
4.5207524
5.4594183
-0.81243765
-1.898415
-1.0109719
3.147973
1.1947688
-0.5455734
-0.57079685
-1.9623908
-1.479337
1.6288189
-1.2427782
0.1355976
0.31646445
-0.41981846
2.766348
0.45704642
2.174259
0.07744048
-1.2296939
1.9494637
1.2892212
-1.288724
-0.8331834
0.51970637
0.8199259
1.1476684
-1.2200283
1.8339323
0.69763803
-1.1416646
-2.564135
0.64818895
-1.2634476
0.6064925
-2.4286351
-0.6574277
1.3266909
-1.0638752
0.24550259
0.9551238
-0.5413575
-2.777965
-1.5201677
-0.22695647
-5.337468
-1.8507035
-0.58019966
0.9887527
-0.9319704
-0.34001914
-4.731045
-1.1485953
2.0538015
-0.17407593
-1.0333185
2.8355355
-0.091820456
-0.98533577
-0.49129507
1.0927405
-1.6360233
-2.256991
-1.1048594
2.4770436
2.0893433
0.084784955
-1.4143951
2.6445668
0.3681311
3.5310986
-0.24144119
-1.5218729
1.7599803
3.050102
0.15545309
0.6390494
2.1561499
2.4140937
3.283184
0.5149757
3.811732
-1.6311641
1.2648154
0.13812834
0.9437141
0.99576265
0.70652133
-0.6152641
0.85633284
1.497719
0.10264296
-1.5470196
-1.9376036
-2.8187747
-2.3256204
1.9282968
-2.188355
0.5292212
-0.9274596
1.7102946
-0.3666678
1.1006505
-2.5400982
4.3970146
-3.6754973
-0.8509648
-0.4417586
-2.7283332
0.40803355
1.9637794
2.8425496
-1.2110181
2.67828
-2.4091299
0.6179176
-1.1353347
1.1127635
-0.865451
0.6165646
-0.5793818
3.3057013
-0.16746989
0.17990372
-0.12784004
-0.6885392
1.3498843
0.57311875
2.4619513
-1.9977236
0.22018218
-1.6455816
-0.74896544
0.9378894
0.23174955
-0.6785782
2.2452748
-1.6438739
2.9833844
-1.724918
0.22184546
-1.0870731
0.6721845
0.8078613
-0.01750803
0.4138927
1.4522245
0.6957233
1.8240318
1.6142985
-0.8939439
1.0479016
1.492485
-2.6264708
2.3144424
-0.086748056
1.1861771
-1.4100224
-5.9563336
1.2773367
-1.4787058
1.9976085
4.038008
2.8904524
0.21453121
-1.1743984
-0.16530354
3.0614743
3.831953
-2.2352383
0.805677
0.06208711
0.12620646
-1.8648881
2.3540082
-0.59111434
-1.0503563
1.5955821
2.6154191
2.170776
-0.80883384
-3.9013233
2.1092777
-3.3072731
0.011102121
4.0117226
-2.907203
1.4903878
1.3859985
0.72325695
-3.0129528
-2.0404117
0.78961265
-1.9190694
-3.6441698
2.5235374
-3.5597677
1.1454436
1.4661348
-3.146634
3.6463974
-2.571926
1.754683
2.307089
-0.6624715
1.7574896
0.27075526
0.75904334
-3.7022216
-3.60622
-3.385496
4.4717174
-0.26744738
2.247816
0.11476072
3.9620357
2.2293818
0.37134695
-2.5178754
3.1524
-0.80036956
-2.1153977
-0.26478806
-1.003676
0.7838711
1.8741442
-0.50432277
-1.3949654
-1.0139062
0.23646826
-0.4929497
-0.48883653
3.1459208
0.8035532
0.76459587
2.6983018
-0.40732977
-0.3202392
-0.058198474
0.68759614
2.5706067
1.0949169
0.09719567
1.0600699
-2.7011552
-0.6779795
2.4254684
-2.4431963
-2.2274625
-3.362849
1.546215
0.9572724
-5.259715
-2.2603679
0.7187388
0.6140989
0.59127486
0.48765984
2.1271663
0.49424466
-0.18934761
-1.7110215
0.170494
1.889175
0.9761384
3.6710057
-0.29457346
7.128877
-3.307382
0.91375047
0.2880493
-1.9768423
-0.011001866
2.5232701
-0.0992245
-3.1715133
0.8744989
2.1728916
-2.0545788
1.2115698
-3.956358
0.7151824
1.3653611
-2.4356625
1.2812879
0.83363223
-1.7288119
3.4067345
0.9660744
1.096519
-2.0098739
2.7586768
0.23340073
1.0894297
2.842719
0.9133496
-2.2132099
0.8528453
-1.027686
-1.8210759
2.6467218
0.8384704
-3.7841074
1.4167765
-1.3741268
-4.1903176
-2.7908375
0.9947553
0.38534006
-2.2785203
3.6432073
0.41035026
-1.4455397
1.7270147
-0.12660375
4.0920744
3.0583537
0.24866015
-0.83217
-1.1802884
-2.1774347
0.9598424
-1.5043235
-1.0819991
-0.38956004
-0.90538925
0.40823415
1.3902166
1.7249643
0.83699274
0.93881035
2.2813857
-0.92147315
0.69606
2.0457602
-0.20825146
-2.7312198
2.6393292
0.48576334
3.5449798
1.8097032
3.3941276
-0.4944129
-1.3443358
-0.2784434
0.42767093
-0.38185394
-4.3482556
0.95108837
-0.74609154
4.554323
0.00889523
-1.5976081
0.54320604
-2.514707
-0.6095309
0.8519819
0.5801166
-1.029091
1.6705272
0.56938046
2.3719642
-5.2981014
-2.3054261
-3.8014717
-2.056813
-1.9258547
-0.25210696
3.2305825
-0.7340268
-0.0001322478
-0.37902617
-1.6244708
0.86771643
-0.54402715
-0.7946933
2.7521
1.5171845
-0.9125668
1.4634452
0.65249413
-1.9788096
0.95040447
-0.55356926
-0.3290311
2.3432155
-0.19681998
0.09393036
1.4368936
2.7300806
1.7353259
-3.8507462
0.22401363
-1.8454165
2.2648482
-5.2452927
-2.0375226
-2.103195
0.24956219
0.2326856
-0.34035367
-0.44982576
-1.7639861
-2.6803982
5.1269903
-1.6691204
0.43360835
1.199188
0.68814737
1.2359095
0.6182044
-0.29288813
2.4183278
-3.0537243
1.8050967
-1.3412981
-2.332675
2.185853
3.105487
-1.6076356
1.2334274
0.83301944
0.48154235
2.9224036
-1.5549494
0.34218007
0.3260488
-0.63321227
0.82271105
-0.81497043
-2.6310759
-1.9021493
3.4748988
2.629679
-3.432329
-0.32427904
0.32701528
-2.5767603
-1.5473942
1.1520764
-2.1160638
-2.6733823
1.3868221
-1.954615
-1.1762033
-0.76757085
3.5518022
-0.5146027
-1.0523207
1.4848616
2.1289513
-1.6704867
1.0409333
1.9653645
1.156118
-2.5956442
1.8455398
-1.9340119
2.3588052
2.3186743
-0.57212186
1.8852153
1.1478862
-0.023105748
-2.8661308
0.87104744
1.4040744
1.8848205
-0.42986378
0.89442116
0.031070098
-0.40536192
-1.1883299
-4.35586
-0.51296186
-0.20875913
-0.87009895
0.36923194
3.4232707
-0.17203659
1.1641316
-2.63275
-0.7157982
-0.59350616
1.5286945
-0.5953903
-1.9638733
1.6386015
-0.5988208
0.09031574
-0.9948478
-2.2726288
0.9856278
-0.63011426
0.36238474
1.4912246
0.8285543
0.43027374
0.18513288
0.864925
0.17840624
-0.9223462
0.13217497
-0.3697809
-2.3076584
-0.40743133
1.095395
-1.1760974
-1.5932862
0.46362352
2.0909808
-0.48780352
-0.8329711
-4.6000013
-2.2276454
-0.18212152
3.648584
0.046191297
-3.9685564
-1.6231214
2.1650403
-2.2028608
-0.5619765
0.29721892
2.4445338
1.7625972
0.27788627
-1.209562
3.1178634
-1.100261
-0.96486735
0.060754236
-2.2535975
0.12836388
0.7401343
-3.2323878
-3.9678137
-1.8061205
1.8190432
0.05706119
-0.8576166
-2.6810412
1.9855214
-3.2906368
-1.6362898
2.3842332
-2.810598
-3.7299137
0.6298157
1.7781981
-2.0527158
0.7503844
0.20547433
-0.8770794
1.3904916
1.589759
1.3975718
-2.234075
0.20373479
-2.1885524
0.9043023
-0.4910403
-1.1791034
-1.9912273
0.57888514
1.5554844
3.0770614
-3.2242258
1.2544754
-4.4778934
-2.525573
0.8422913
2.3368855
1.0652868
0.25367692
-1.9753369
1.5602022
-0.3516586
-2.4165387
-1.7866735
0.00097203255
0.64771456
-2.4213905
0.6954494
-0.91758525
3.2837543
0.8749005
-3.3613887
1.5916274
0.6911661
-0.006856963
1.217362
1.6749964
-0.10460589
-3.7018602
-1.1685493
-0.5331662
2.514031
-0.6320347
2.6629095
-2.0041552
-1.4201372
-3.9519062
2.8228183
1.624529
-5.9186716
-0.58434284
-0.41764852
1.4027648
-1.9725091
1.0144329
-2.8661041
0.576379
-2.1499438
-0.69887567
2.3109558
3.6918197
1.2683462
0.7586459
1.9325296
5.99588
-1.4088266
-1.8540655
0.8379964
3.9054203
1.9425212
-0.7431272
2.2542207
5.781503
-2.842505
0.63406795
-0.57992923
-0.67082095
2.0890434
-0.52607507
-1.5959752
-0.5981442
-1.7713898
-1.9610562
5.195315
3.1798577
-1.7482604
0.33930105
-1.1435896
-1.7337979
2.7128634
0.6551693
-0.5144029
1.1654373
-0.26361334
3.8770707
1.373943
2.307817
0.14329462
0.05408962
0.54798204
2.4697425
0.6432777
-2.3076503
0.23610154
-3.2696261
0.7540729
4.285382
-2.368961
-0.54313797
-0.8562988
-0.10474827
0.21901299
-0.6241586
1.5678982
0.7137617
-0.27354982
-0.53923905
-1.4527346
-2.3910575
0.31613055
0.73554665
-2.7160687
1.7715864
0.31371176
1.1463432
-3.3906088
-1.0034934
0.61529905
0.27645236
0.20035559
-3.782561
2.3652241
3.129296
0.4800297
-0.23501274
-2.39261
1.088065
-3.346441
4.4911213
2.449919
0.4717881
2.6915083
2.7157326
1.6754451
-0.21077862
1.013489
2.163989
-0.8008848
-0.77561426
-0.81964266
5.0763373
0.3435716
-1.391117
-2.2096906
-1.1627388
0.16360626
-0.7489843
-0.0943894
-1.8028032
0.10879308
-2.3070593
-0.2265518
-1.2995938
0.836397
-1.7326127
-2.0654464
-4.0442886
3.1720915
2.7089605
-1.2243664
1.6977667
0.46930403
1.3975047
-0.0897501
1.1562177
-1.8576642
0.42166936
0.6769285
-0.76276773
3.4910681
0.14895111
2.333586
-0.6208318
1.9552323
-1.9365294
-1.6519026
-0.7971761
-1.9282373
1.0147226
0.7812299
-0.9689711
-0.061181806
-2.5909767
0.26449627
0.7043294
2.3601458
2.0763016
-1.4922576
-1.2351878
1.3990625
-0.9114705
-0.6879138
2.3987837
-0.7950324
-0.5162365
4.028187
3.6981027
-2.016777
-0.91068953
2.9156628
1.0094786
2.6258864
-2.4831095
0.04493296
1.7577174
1.625369
-0.6201347
-1.5842478
2.8545566
0.026552375
-2.0872695
-2.58723
-1.3855128
-0.032249197
-2.7677302
0.41117123
-0.51175535
-2.9656832
-1.8024482
-1.7115551
-0.79357344
1.3651927
1.0245674
0.3211468
2.4326012
1.1750752
-1.7578096
-0.81614465
1.0179921
-1.2412566
-0.3730608
-1.5323514
0.20807898
0.408458
3.055792
1.437928
-0.9427322
0.035467777
0.42604965
-3.5654883
-1.5100768
2.9515316
2.0684938
-1.4875617
0.5645516
-0.23599637
-1.8773974
-1.2833511
-1.4616332
0.3679511
-1.8132259
-0.87282014
-1.6248171
0.8664099
0.9894314
-3.7263882
-1.7735138
-3.9240804
0.55650985
0.20062447
4.952291
-2.6121035
-2.7278693
2.1209917
-1.3357924
-0.26810664
-1.834952
-3.4431918
-0.40260965
0.23098817
2.593806
-0.37762535
-2.7360997
-1.0276138
-1.1557184
1.7150182
0.35571018
-2.4315662
1.9716401
-0.6314623
1.3390107
-1.8549829
0.491379
-1.8026408
-1.2009268
-1.0911826
-5.3785734
0.48546237
0.18567812
1.193187
-3.0804214
1.745686
-2.9335265
-2.6201332
-2.3185031
-0.09680096
0.9918143
0.11529884
-0.025891855
1.9338714
-1.2979203
1.7181836
0.073187456
0.8604358
0.9472199
0.06960478
-0.17612463
1.6027334
-1.3320494
-2.0434756
-0.21100289
-1.629789
2.6623664
-1.9050858
2.7141652
-1.089751
1.6769398
1.3152238
-2.7447293
1.5570784
-1.1904515
0.31797057
2.625136
-0.19041595
1.4118476
3.6353428
1.1890662
1.1537842
0.67393565
-3.3423898
0.37540957
1.1033397
-1.6827518
-0.10397403
-1.1257129
0.17035282
0.5928139
-1.0163903
2.427313
1.7873383
4.896828
-1.8455402
1.3192343
1.8430961
-2.7577348
-2.2791753
0.16379441
0.880813
-2.7283502
-0.43131232
-0.4999038
-1.5736992
-1.1677798
1.059139
0.78845066
-0.2535854
-1.5834587
-0.34170303
-4.05165
1.4341341
2.1118987
-2.3884563
1.4418241
1.3660262
4.3536725
1.0828717
-3.5790882
-4.89006
-2.2514298
-1.9660536
-3.7538555
-1.7314173
1.7279552
-1.6582614
-2.6935415
1.3667097
0.89451337
0.16529417
-2.2868147
0.8487104
0.116816185
2.8178544
-1.0034255
0.5219138
0.27877954
1.7018834
-1.7323371
-3.0629492
2.1123343
-0.5166826
-1.7358253
1.239549
-3.696212
-0.22034821
-0.69985753
2.80021
1.8458829
-1.1414226
-1.3370485
-0.8419435
2.1800792
1.1821207
-1.1349708
0.41978034
1.8516498
0.076978356
-2.4548082
-0.17700097
-2.1107152
0.00039166212
-2.3173022
1.0446283
-1.191943
0.26205206
-0.06027051
-0.82399696
-1.7440709
-1.1728842
1.0072088
-3.2193406
3.9538348
-0.07440169
0.93598557
0.11025087
0.8864893
-1.1979897
2.8397784
1.9310384
0.6776649
-0.27806962
-0.20720913
2.086267
-0.6579263
-1.4294521
2.5319045
2.8782437
0.038740467
-0.06279428
-3.1467724
0.6396994
-2.090539
1.1576151
1.0624642
-4.303236
-1.082373
4.0621233
1.2896742
-1.1047775
1.5904697
-1.194053
1.7792257
1.6000208
-4.301229
-1.193134
-1.0558417
-3.7776558
1.6086996
-0.22215551
0.03041891
-0.32586473
3.6386313
2.560003
0.08501143
1.184809
-0.0023399405
0.7686909
1.6722249
0.5557242
0.2996276
3.2928338
-1.2231787
-2.8226771
0.9930642
1.2616917
-0.15070216
0.37683257
-0.38626406
1.5183655
-0.584636
-2.3533432
0.7775587
-0.5887176
-0.9904933
2.6069224
0.97838914
-0.39885354
-2.325832
-0.47824085
-1.3411161
0.028619219
-0.40114135
2.337045
-1.2130187
1.5975484
0.11003153
-1.7185647
2.631699
0.7633217
0.9370024
2.3047388
0.16306832
-1.4699523
-0.4974422
-0.12935841
-0.6542573
2.2356312
-1.2418058
1.684137
-2.4659202
-0.3418864
-0.70258677
0.47160617
-0.4242114
-0.35773715
-0.33411676
1.8965358
3.1993911
-0.573681
1.4786967
-2.1349797
-1.6917214
-3.2393656
1.252482
0.969628
2.1969156
-1.4567323
-2.052032
3.0787423
0.94036824
-1.6792461
0.5203979
-3.017784
-0.4829534
1.5223938
-0.79015726
-1.666464
-0.2933189
-1.298377
-3.7577574
-0.4006237
-0.02233427
-1.6273203
1.3858384
1.3627483
0.63367593
-0.4340475
0.7725657
0.7341197
2.0370545
3.0705805
-0.48001072
-1.8939114
1.3617488
0.5533636
-0.52339655
3.2668097
-0.6543099
-1.1131939
-3.0673406
2.675189
0.42950824
-3.0661297
-0.6860962
0.082123525
0.15250394
1.8431168
-3.2090867
-0.9679086
-0.55075705
-1.9312617
1.3911862
2.122504
2.2875566
-3.02629
-1.4385073
0.26575533
0.62877464
3.826651
-2.1538603
-2.7101135
-1.8133371
-0.21623188
-2.6829147
2.2755842
0.4683865
1.677846
0.20277214
2.2429397
0.1381608
-1.081985
1.0409223
-1.1149533
-0.45919764
-2.06821
0.86851555
-0.40746486
2.1976514
-0.27186403
1.6497434
-3.8603487
-1.3131893
0.0011238754
-1.7808502
2.8904545
0.13670838
5.728044
3.2599802
-1.485922
1.5134345
-2.0602958
-0.2467807
2.9038563
1.3551768
-0.20518133
1.4859987
1.548162
0.5835563
1.2178247
0.81838566
-1.4172862
-0.56761056
-4.2649937
1.685858
-1.2465097
-0.5185782
-1.6692045
-1.8399705
3.3298833
1.1592646
0.8225208
-0.5503841
3.2679746
-0.010506891
-1.1645683
1.4836254
-1.0695369
0.3507505
-1.1280006
2.9631293
-0.83053935
-1.9286473
1.1106163
-1.3386561
-1.7849782
-2.8752646
1.9381479
-1.7015404
0.69863623
-0.40336066
-0.23284614
0.41890943
0.08865551
-0.9187283
1.0696744
-0.48504075
-5.0693274
-1.799943
0.06614438
1.0494937
0.82283425
-1.9025583
0.5665223
-0.24003986
-1.8100641
-0.015584804
-2.3304753
0.92338204
-0.13312468
-1.3689481
-0.3433822
0.07130634
2.2007275
-0.77611583
-0.7292165
-0.45267224
-1.3268931
-0.9982515
1.4545605
-3.7945476
3.319489
-4.924335
-0.86930674
0.017144248
2.9595437
0.23622218
-2.7164726
-0.9907092
0.6509063
0.45471054
-3.9418085
-1.5715741
-1.1687059
2.2380488
2.349824
0.3826875
2.0121806
2.6028333
1.937295
-1.743353
-2.3408012
0.77904004
1.4818035
-0.27754298
1.0467614
2.1469994
1.0099192
-0.39208382
-0.10593113
1.1244359
0.3060581
1.3161381
-2.9353068
-4.977191
0.14631152
0.90658
1.301042
0.443507
-0.31504324
-2.7146573
-2.105743
3.4907126
-0.33449194
0.43273002
3.642341
0.061050594
1.46667
2.8128963
-0.09654426
-3.89941
0.1368262
-1.11322
1.3695827
2.7571275
5.1243916
-2.400636
-0.683983
0.29843473
-1.5567333
-1.6810285
1.7834891
-0.4190626
-3.266709
2.3267071
-0.79775935
-1.4995509
-0.47769678
-0.88217974
-1.3484201
-1.9545388
-2.7994375
-1.8404423
-1.0630131
2.0208206
0.28216764
2.8364458
-3.2740715
0.19176483
0.63895506
-0.71262103
0.7548009
0.4449883
-0.058502663
-1.4143105
0.935632
2.3696597
3.2864249
-0.8918136
-0.19637278
1.2812612
-3.1531465
-2.8478463
3.0704017
-0.70122474
-1.7709178
0.28987783
0.15453456
-4.6880417
-2.8358605
-0.9017831
-2.2489088
-0.9773403
-1.1648982
1.420134
-0.20454833
-1.6792237
0.99814624
4.3913293
0.32722324
-1.1877878
-5.277679
0.089529395
-0.5088948
1.3861177
0.74521923
0.36999357
-0.4118899
-2.429261
-0.46165732
-2.421672
1.4715538
1.2769699
-0.9200968
-0.20061634
-1.1208092
-1.6934962
2.0367384
0.15120795
1.5192149
2.1437354
0.68811935
2.6361065
-3.354524
0.92844087
-0.5364388
-1.2174199
1.1997612
-0.5603247
-0.46047407
-2.6451964
0.6423255
0.07445401
-0.39913607
-0.7093783
2.2074168
0.5822075
3.1712642
0.4466308
-1.3489823
3.3550673
-0.6034573
-2.3212328
3.4403195
5.2892904
-1.9335021
0.68698084
4.942853
0.21041372
2.1235814
0.6305833
-0.5179906
-2.966775
-3.206218
1.6183485
0.008591995
-1.6002691
-1.3291324
1.1754117
-2.958751
-0.14674385
3.1063986
-0.98267454
2.355546
1.4579109
2.921707
-1.1102741
0.92119783
-2.3370054
2.004904
0.39646086
3.4398658
1.408862
0.6732898
-1.1954689
1.4088624
-2.3886764
0.33220312
-2.854731
-2.266878
2.691575
-1.1991657
1.5179064
-1.889415
-0.8917129
-1.488286
0.35891622
0.64342403
-0.98030984
0.07388853
-1.2792834
0.5431129
-0.10033252
1.1748729
1.9666122
-0.12200215
0.1724107
-1.4499588
-3.7468433
2.8811362
1.920607
0.19160634
-3.15413
0.8738467
0.6917461
-2.2811615
1.1269041
-2.2033992
1.2847447
-2.0628443
0.91221005
1.6929051
0.67293936
-2.0831406
-1.2086138
0.46115988
2.079661
3.8405287
0.8598235
0.98494166
-1.4949541
-1.9020498
0.42657018
1.0968399
4.916625
0.6354264
0.54280996
0.5922034
0.5795073
0.053243555
2.7546184
2.9919538
-2.8530693
-0.07865149
-1.828845
-1.2607043
1.4899155
4.407342
-1.9586679
-1.3693339
1.0732402
-0.94654864
-0.9663192
0.5876184
-0.4496993
-3.0061874
-1.6755954
-2.1145926
1.7692801
0.5541733
0.8234392
-0.8822031
-1.2999674
-2.5500264
0.71379423
-3.724846
3.1727474
0.5495019
1.2669479
0.7056425
-0.7676687
-0.3271526
-1.4960253
-1.7155434
-3.9623616
-0.8761117
0.18413317
1.3162907
0.7773317
1.8588442
-2.9949255
-0.31453916
-1.3130188
0.57074875
-0.11919905
3.704055
0.38568354
-3.5347672
0.14767405
-2.384233
-0.52567244
-3.848699
2.232535
2.6955497
0.6478988
-2.816741
-0.7778156
-1.4329709
1.8303069
-2.0073113
-2.16132
0.7527426
-1.2719148
0.5385677
-1.1319016
-0.6092658
6.29642
-0.7422303
-0.26642147
-2.196449
1.3878304
3.7524376
0.055425797
-1.9002452
-2.9074621
-3.0228062
-1.1431648
-0.87627476
1.6176232
-2.0863733
-0.7413389
0.36302507
2.2755873
2.5740874
1.3492025
-0.45883054
-1.1802871
1.6287731
-1.0090806
-0.71027696
-2.4836805
-0.5072542
1.9211982
-0.7672786
0.62316567
0.0057401583
-3.315258
-0.44605595
1.3577337
0.50803095
-2.6810164
-2.7726724
-1.5615015
-0.8611053
2.460008
0.9697307
2.452947
-1.7620181
1.3101352
-1.2174096
1.4354941
4.216087
-1.4302751
0.8447082
-0.5644458
2.5287364
4.451126
0.53171885
0.7754052
-2.1875913
-3.1450286
0.20353884
-0.6000066
1.7327532
0.57450134
-0.6857882
2.1328208
1.0873101
1.4675469
1.5031374
1.7512094
-0.4872858
2.0335238
-0.98577464
-3.098743
-1.1314894
0.2269595
1.3570952
-0.19003552
0.6632604
0.22825004
-3.8547297
-0.3368892
-1.4481593
0.41319677
-0.49400184
1.597479
-3.3295035
2.3610852
-0.009691559
1.6969763
1.0564988
0.5560935
-0.028398912
-0.33169138
-0.4243548
0.2784408
3.6148658
-0.23081768
3.6883266
1.9122114
-2.1586065
-2.1594965
-0.47904277
-0.75010586
0.9020628
3.6462193
-0.030784056
-1.0306311
4.0680537
-0.4567222
-0.44458982
4.4029026
0.6639731
-0.3825562
0.7371688
-0.5913113
-1.1868796
1.1228747
2.4368842
1.967377
-1.4393811
-1.7291166
0.7262644
0.30183077
0.6326534
-0.102118686
1.1326897
-4.1323185
1.0088128
0.37839633
3.0627294
1.7548878
-0.23695275
0.94664
-2.0219877
0.9301248
4.0688863
-0.06392921
-1.3116497
0.13427742
1.2273386
2.3236933
1.2512144
0.739893
-0.04781366
-0.0065012164
-1.1207156
2.448759
-3.7889128
-0.58822095
-1.4682306
2.4288623
0.32587793
-0.21283956
1.857779
-2.006891
-1.430876
-0.9934125
0.778999
1.4789329
2.5378785
-2.1779282
0.46198153
-1.062822
-2.0501623
-0.8221021
-0.64735734
-0.2903252
0.66833824
0.90444744
-2.5843623
-3.3990834
0.22201511
-1.0849137
0.60317045
-1.1358662
-0.65241915
2.0733907
0.60204434
3.3884535
-2.0161228
1.006419
0.19272894
-1.1451494
1.2025193
1.4399903
3.7742822
-0.37137857
1.3421422
-3.0284042
-1.9282736
3.8930655
0.64057344
0.8081314
-5.572624
-1.6623231
-0.30319005
0.8435777
0.46821433
1.0558555
2.5285685
-0.98486584
-0.079492405
0.4387873
0.011303611
0.54099226
-2.6898804
1.1524849
0.86129284
4.248478
-0.21664011
-0.53808916
3.7100115
-2.107996
-0.70455736
-1.3210915
0.53710115
1.578894
1.9670736
3.1249278
0.96171594
2.2397845
1.2202244
5.8463016
-0.7970264
0.6716715
-0.9106913
0.26073903
0.9904617
-0.80161476
-2.3836725
-0.46346653
-2.3806622
-0.512484
-0.53527963
-0.9816277
0.95929897
-2.5680234
1.0051965
1.3238885
-2.1188993
-2.3018465
0.97627246
1.1710441
0.104239225
1.4339206
1.3533685
-1.1044668
-1.0735066
1.3206362
1.8439857
-0.30194578
3.6755238
-1.3550516
0.14223565
0.143606
-1.8617982
-3.4273229
-0.6114945
1.8737025
0.8121698
0.8784836
4.074431
1.96533
2.0129354
-2.3611982
-0.27063155
0.19867566
-2.9333177
-2.9467428
1.6687207
-0.78469276
1.0093457
-0.96739537
-4.5489554
-3.07416
-3.9334726
-4.0821705
-2.822315
-3.1743944
3.1291463
-0.5683904
-2.6747072
5.141225
2.9783475
4.03328
0.033664618
2.6573417
-2.578636
1.6207544
0.69685364
0.30464843
-0.30192977
1.2611282
1.1808611
-0.8286775
-2.2432425
1.6731794
1.700211
-1.6752715
2.513738
1.2110864
1.2248167
2.3969865
-1.9325738
-1.1954621
-0.35511768
1.281096
-3.4459226
0.50733066
-0.70678544
-1.1232611
-1.657324
-1.335689
-3.128344
-0.5358504
-0.20011953
0.8932207
-1.7332962
0.5462832
2.031965
1.7018344
2.831608
4.727279
-0.05097559
1.245714
3.3933587
2.1342072
0.66935277
0.101926096
0.41640052
-1.4763982
-2.4563746
1.1185014
1.8927131
-0.52596223
4.7665462
0.5990931
1.4004245
-1.3923014
-2.1534832
-0.78272074
-0.39296448
1.7025863
-2.7675238
5.259549
-1.4601821
-0.40991557
1.4567745
0.8411474
0.38181904
-3.7101471
2.5594134
3.786812
0.27133343
-1.8287818
-1.8312163
0.12208
1.8274398
-1.2178032
1.1891526
1.5193707
-0.3498503
1.1402843
-0.83643436
0.8230558
-0.055304512
0.15377545
2.614107
-1.334104
1.8135762
-0.028254356
-0.72567236
1.3503792
-0.719134
-0.06520751
-2.1789284
0.74809086
0.0858597
2.322586
-1.1278012
1.547982
-0.8212869
0.573153
-0.84480923
0.66350037
-0.43263263
0.0027228445
-0.7119322
0.30959982
-2.1577673
3.4763892
1.3933505
0.9536587
-0.61308736
-0.15722203
1.6129254
-0.05103488
-3.4776807
-0.0018194765
-1.2021202
-2.293627
-2.1535707
-0.7568296
-1.8576106
-1.9876541
-0.8514554
-3.9492435
1.8849616
4.756444
2.0950925
-0.8339599
0.71952194
-5.9366374
0.9360771
0.41988233
1.9400892
-3.2408946
3.800678
0.11654379
1.2386531
-1.2968597
0.18838653
3.5322022
-0.03698945
-1.5136648
1.3419017
1.5325315
-0.18945195
0.82475626
-0.5247136
0.44756612
1.386648
-1.2221504
-0.44430494
1.6293274
0.08325285
-0.5232628
-2.9795356
0.85311687
1.1444124
-0.41460377
3.5331113
-0.23630613
2.6212397
-0.54761106
-0.99710244
-1.4220994
-2.2121828
1.2506027
-2.799805
0.682415
0.7558709
-3.1328063
-0.7277207
1.591555
0.31646135
-1.2879592
1.4150488
0.15952313
-2.5164003
3.7747462
-1.5768095
0.0407175
-0.66838545
-2.117332
-2.910499
-2.4773052
-2.1203823
2.3138814
-0.90486634
-0.113101654
-2.2878764
3.5681758
-2.2015166
-0.7363147
-0.48699522
-2.9849946
0.30332583
0.1990698
-1.6099647
0.54710793
1.6279854
0.44790062
0.8845428
1.1913337
-1.0791503
3.1688657
-1.4219844
1.1229072
-0.176102
0.5473658
-1.7629912
1.4297048
0.49857962
1.2481446
1.5265661
0.5317082
0.8016225
1.6280595
-5.234504
-0.9291857
-0.77084523
1.0738353
0.6444212
1.3718318
-1.121179
0.73531663
-1.9339772
-1.2039106
1.655614
-1.0604815
1.2487395
-3.4728723
-0.18546318
-0.20247519
-2.9911678
0.6517786
2.653861
-0.020155665
-1.5052407
-1.2552775
-3.071889
2.6057951
2.3091803
0.6086597
-0.43957174
-1.5602285
-3.0815144
-0.03781023
1.2557048
2.8744648
-0.5972156
2.6340957
0.6503609
1.3663231
0.9900794
-0.8376192
-0.4834382
-2.2215292
-2.8667102
0.21724194
-1.7555064
-0.023714311
4.3596463
4.32816
-2.8483822
-0.6505361
0.16347308
-0.8618404
-0.75359774
0.21247491
0.043476917
-3.7664213
-1.6360312
-1.9880291
-0.7043328
-3.571726
-3.2673392
-0.31831867
-3.0298455
2.3020377
3.6328373
2.6972303
0.9525316
-1.7764305
1.7065942
2.4252152
-0.5630039
-2.8005931
2.7691636
1.1220753
1.8507771
1.1481922
-2.1216807
2.5051036
-1.9067438
-3.3588958
1.5137037
-0.23332179
-0.49543366
0.21819837
0.24344704
1.3888776
-1.2465898
3.1982927
4.0031905
-1.8463242
0.24072784
0.01355733
-1.7185645
-0.37632757
-0.4809893
1.7482827
1.5145711
-1.9606273
2.881669
1.3803521
1.3177099
2.6617184
0.8800254
-1.9274759
3.81577
-3.2067723
1.7176768
-3.021238
-0.23371741
-1.2498792
0.48311403
-1.5917697
-0.13440382
2.5623796
-2.3879719
-2.0809524
-0.47686815
-0.22935283
1.5613523
1.5008256
-0.572386
0.002165027
1.2953023
-0.30087662
0.16402963
0.12690273
3.0329404
0.56178224
-0.57830876
-3.0935578
-0.43387845
-2.8478217
-1.2722943
0.29468596
-2.0037107
1.0689788
-0.07148887
1.8056287
3.2139287
2.4195821
0.75408703
-0.5676762
-2.7138968
0.12515667
2.6471689
0.43930724
-0.07286021
0.539546
-3.042557
0.40712675
1.1232702
0.079400025
3.1044054
0.9143194
-2.919479
-4.873158
-0.8072319
1.4865366
-3.4710567
-1.5550601
0.27675346
-1.803315
0.32487702
-0.72652054
1.8672029
1.8175191
-1.0857335
1.4843253
0.30133766
1.0890317
0.31119138
-3.0494761
1.1294125
-2.6868906
0.3830068
-0.5848461
-1.3914081
3.077292
-0.22878137
-2.2641368
-1.6983943
-1.5941894
-2.3613951
-0.17854425
0.57161283
-0.23444524
-2.6612685
-0.34164014
2.5951223
-2.416761
-0.63384646
0.0970551
-2.5025506
0.051526286
1.1757241
-0.5327463
-1.4728687
-2.9466155
2.4591806
-1.0971498
0.81729966
-0.9485497
2.6364639
1.270048
1.8405358
0.45366877
0.8436854
1.5217834
3.1775517
-1.7540962
0.4906658
-1.3617531
-4.064459
-4.3108716
-0.46471652
-0.74088454
-0.8974459
1.9573493
-4.2511616
-0.29736036
1.0002258
-1.4414778
0.33819243
-2.5259554
-0.020191878
0.845951
-0.32804024
0.5280858
-1.0359918
0.8612601
0.8975367
1.7683228
3.3548143
0.20343514
-1.0579349
-4.640462
-2.890276
0.047427803
-0.14532769
-2.1787617
1.6794504
-1.755554
0.15230918
2.089226
3.447453
-2.4198759
-1.6232276
0.54279023
-4.3199334
0.7227258
2.509619
0.20114484
3.3275366
-1.912825
-0.023691766
-1.9581628
0.72762793
-0.067261934
-2.964002
-2.2089355
-0.43790764
-2.2165608
-0.19131702
1.3433399
-0.23884481
-2.0911684
2.774934
1.6258913
-0.71061647
4.338896
-3.1424453
-3.0760212
-4.0753074
2.16578
-1.5986271
0.7857902
1.1564146
1.2860833
-2.2050064
-1.3493228
-0.3999816
-0.058308065
-1.0400256
-0.41900232
-0.38462162
1.0609207
1.9043659
-0.5700798
2.6816838
-0.46142763
-1.9008929
-0.8322776
-0.055574406
0.10897061
-1.892298
1.5740188
1.3922141
0.56874883
1.6070002
-0.33357856
-0.8338838
-0.5564779
-0.89492697
0.14920685
0.7882368
-0.1414321
-2.5857418
0.8000231
2.178363
2.4712634
1.3332868
-2.139759
2.2852154
0.10226558
0.8150512
-0.34018925
0.58960944
-1.7362114
-1.6761425
1.5360183
2.135554
-1.1630772
-0.84224886
1.277451
1.082384
-2.1225708
0.45976508
2.8401368
-2.0783134
1.7409118
-2.0013256
-2.4559784
-1.14976
-1.2492013
1.366133
1.7125652
2.7193882
-1.4909192
-2.8298635
2.713159
-1.2003844
-2.8316872
-1.7988725
3.3031015
1.3707783
-1.4879851
0.34584433
2.9275002
-0.95484954
1.608622
-0.37958616
0.23239973
0.06200493
-0.99807465
-1.8802257
1.6419275
0.03929156
3.141628
-1.8294636
1.0577043
-2.19125
-1.1011091
-2.5580769
1.8574442
-0.67327315
-0.35715207
-1.4582727
-2.6648605
-1.8810083
0.77118814
-2.9876194
0.6503345
0.41128445
-0.42685738
3.4214807
0.7734395
2.7550592
-0.47313163
-0.3316748
-1.1718936
0.32892966
0.81856215
1.2696323
0.059042793
-0.43067217
2.2817352
-0.031543564
-0.11623043
1.9912113
2.4346402
-0.14500257
-1.7956998
-0.44197258
-2.5384738
0.30482402
-4.4353123
0.31383935
3.739009
0.17550586
1.5336499
2.050361
0.42168936
-2.4297874
2.6318357
-3.3452547
4.102091
0.6055303
-1.5961819
1.6085647
0.7356649
0.43017715
2.8625398
0.617083
-0.49486223
-2.040528
1.4384108
1.8227333
-0.61211216
2.7616913
-0.94352293
1.2177286
-0.6733798
-0.06449289
4.2530956
0.7214787
-2.8970213
-1.9501919
0.26702246
0.37378508
2.7446597
1.493394
2.1929972
2.661412
-0.44910568
-1.2329811
-0.96880525
2.8460772
0.30080402
-3.0394225
3.3001227
-1.4601485
-2.6453366
1.1747788
-0.5553332
2.5523152
-0.05068767
-3.1663926
-4.304257
0.4488438
-0.5130364
-0.084557325
0.27047628
1.7854143
4.0087986
0.0909397
0.028926872
-1.4739766
4.7320495
1.2280009
-0.014514793
0.26326463
-2.5745184
2.213519
0.584853
-4.0560474
-3.0805168
-2.8874047
2.175234
3.923329
0.32816344
-0.5113221
2.4775124
-1.0173737
1.9968079
-0.13372062
-2.8280065
-1.424289
1.8652774
-0.69447577
4.121017
3.4354131
1.7256693
2.868101
1.6540563
1.4995201
0.78530973
-1.6724243
-1.09523
-2.1723151
1.1475977
1.3108317
1.9682938
-2.809208
0.21411091
2.0766485
-0.7992228
-2.508093
1.2132218
0.9149271
1.2761378
-0.34692153
-2.0695744
0.091763854
2.2417645
-0.6843426
-0.13376474
-1.0970926
1.0858413
-0.019509256
2.801165
1.8593972
1.0987784
1.9994172
-1.8710806
0.9157651
-0.8033854
0.33961865
0.5096623
-1.8649118
3.642184