Spaomar
0
0.31548986
-3.0698812
-0.5859107
-2.7731264
-2.0291734
-2.451275
2.5080116
3.370103
1.7097752
-0.6013522
-0.04034222
-0.5231772
-0.48772806
-0.9438189
-0.12762599
2.7743812
1.5377222
1.8190801
-0.6692685
-2.1851063
0.8633752
1.1064174
-0.97054255
1.0421382
1.5868406
1.513186
-1.8010378
0.2776026
0.21767959
0.5714894
0.27482152
-0.40319362
1.5565162
-0.11970289
3.6995316
0.009821504
2.2625434
-0.5541711
-1.2519275
-1.3320568
-2.6149442
-0.034132127
0.98569775
2.3054607
-3.5085342
0.61586607
0.79480815
0.88949895
1.6785235
0.46008256
2.2759557
-2.2358296
-2.075925
1.0823059
0.5226651
-0.22560775
1.1963171
0.30178154
-0.1009293
-1.6226466
2.6760826
-3.293041
1.5472045
-0.37935072
-1.5406386
3.2552726
-3.45882
2.347818
-2.7611027
-1.8966483
0.5100848
-0.45480478
-0.99270403
0.88117474
-3.2833195
0.57394123
2.7333667
1.2973365
-0.20010632
3.7204738
-2.1773405
-2.5822191
2.897074
1.714858
-1.4089793
1.0564163
1.5037134
-3.6940985
1.6132616
-1.5010055
-0.88922155
-0.09454784
-1.1701047
0.29799435
-1.6612043
-2.7765746
-5.2825303
2.1486697
-1.9641752
-0.8296136
0.6496647
0.73062074
-1.7264111
-1.0642399
-2.9084928
0.860059
-0.6822277
2.440325
1.7244786
2.7651103
2.081253
-0.89012766
-0.11424231
-2.1050494
-4.65693
-0.59072286
0.2915977
2.889711
1.8912457
1.6797997
1.3304406
-0.71052456
1.0084478
0.110576406
0.36074272
-0.72429806
1.8994086
4.36998
-0.42175686
-0.24304941
-0.59358764
1.0871347
0.20428604
-0.75428236
2.705062
0.31602016
-2.0232656
0.6460789
0.2609039
-1.8052889
0.63468456
1.335714
-0.32692274
0.6442584
0.67389625
0.03009887
-0.35625178
0.9037424
-3.1890109
-3.111472
-4.757238
0.1455558
-0.6024723
-0.06429557
-1.5372803
0.63620895
-0.028366834
1.8443912
4.586862
-0.7459174
0.05943217
-2.0314136
-2.7673328
1.3354696
-2.5202646
3.0150008
-1.1103693
0.1554003
-1.160458
-0.36093664
-2.7076669
4.2576528
-1.4853733
-3.981631
1.5179367
-2.0838034
1.0662168
1.52107
-0.8911318
0.46912012
0.4040736
1.5471947
1.4115474
-0.5919353
1.1710703
0.6618732
0.66518646
-6.0959954
1.8356814
-0.67319
-2.1950974
-2.2965467
-0.6374442
5.044704
-1.8194739
-0.2619795
-0.745777
-0.53753567
-0.5123118
0.09408975
-0.48019972
0.033487827
4.2168717
-1.4366235
1.5004532
1.6201766
-3.851002
-1.3035119
-0.9693867
2.8829255
-3.0531664
-3.1599605
-0.8390678
-0.09719521
-2.9084587
0.6953546
-1.1971519
-1.735807
-1.3892043
0.3370595
-3.345265
-2.1576834
-0.9289441
1.8542229
2.4402516
-1.0717555
2.5387657
-0.30641732
1.1297122
-3.5306568
-0.9567625
2.108849
1.5330145
-2.0371726
2.9883351
2.1214087
1.313974
-0.014234975
0.2963403
-1.4572997
-0.44177562
1.6682917
-3.2857103
-0.96764493
-3.314735
5.5352836
3.7286494
2.0919614
1.9732395
2.3522508
0.78361803
1.3594136
-0.4596821
-0.82743853
2.6501205
-0.501489
-3.1361122
2.301424
-0.07651691
-4.1428876
-1.6002586
0.4966816
1.561291
2.1443899
2.891017
-0.82442546
-1.8833032
-2.220168
-0.1897031
2.0113003
-0.20758957
-0.7087847
3.808099
1.1455388
1.7919937
4.2464037
-0.29264435
0.12768586
-0.048646837
3.1352777
-6.565127
-3.065918
-1.371407
2.1793666
-2.4231977
-1.0736609
-0.5605459
-0.5178043
1.5333941
0.76302373
-0.47237054
-1.379924
0.6570245
0.5705447
1.7009523
2.2691875
-1.6636182
3.1495636
2.8548796
1.960043
0.77926725
2.9424903
-1.0933436
2.5354686
0.04478627
1.5923282
0.5612577
-0.9490787
-2.9722517
0.39910746
1.0402354
-1.0433803
2.4162786
2.3402054
3.5411205
-1.6809455
1.2767214
-0.44947103
2.0266657
3.0120668
0.8081453
-0.8197145
-0.054785848
0.7371877
2.9342527
-1.0016464
2.5315185
2.6710958
-0.6610202
-0.2880502
0.45022348
0.8866801
0.691209
-0.8898978
0.41571224
-0.0012208223
0.42873815
-0.22337401
-0.14711699
-0.0197507
3.4299822
2.9852624
0.7119062
-0.75614214
-4.511787
2.2788587
1.2784303
3.654365
1.1755409
1.1608937
-2.1296449
-1.5189501
-1.4190266
-0.6596623
0.89328444
2.6554904
-2.696487
1.0470656
-1.0959228
-2.003799
-1.6497115
2.377105
0.4334139
1.8263036
0.58755535
-1.3643441
1.1923169
-2.147685
1.6803634
2.0809736
2.5835948
0.61120486
2.5267813
1.4268237
2.4004893
-1.3649136
0.4040154
0.75186336
-1.6385065
2.9902985
-0.19793397
0.174265
1.8087009
1.7049805
1.5308988
2.5394096
-0.381282
-0.37654307
1.9840585
0.55488425
1.2742779
-0.4003716
0.1144271
-0.45274785
0.18959033
2.0102444
-1.589777
3.1208231
0.3025112
-1.8008507
-1.3040162
2.4270148
-2.1635344
-0.23862565
0.077173136
0.27731597
1.918123
2.5747313
-0.15475202
-1.6671354
1.6579865
-1.0307844
1.7408979
2.8675487
0.3383638
1.2587498
1.0459015
4.9022336
4.0032196
-1.9258491
-0.28992763
-1.8001306
-1.3894683
2.152762
3.1760986
4.9731455
0.68393093
-0.078487866
3.8772035
-1.1747334
-0.9728984
-3.9175599
0.5975462
0.79499733
-1.4626206
2.6817162
1.0276238
3.5534456
-0.61824316
-2.1687784
-1.3566166
-1.0255576
-1.3887306
-0.44566104
-0.23046818
2.2386446
3.8314106
-1.5675584
-1.0454838
0.09927627
0.96257526
1.3726863
1.254881
-1.5157937
1.8946784
0.5659317
-1.8650001
1.9585211
-3.9297605
-0.8083
0.5569954
-0.87325346
0.1839123
-0.027368616
-1.2054384
1.1894444
1.7635655
-1.6139203
1.2284405
0.25042033
2.701639
-3.8606668
0.59591234
-1.6774354
-1.1642197
0.30072302
-2.3322308
-0.38347343
-1.490847
2.8631842
-1.4777507
0.16581668
5.898834
-1.0086564
0.90064126
1.1308625
1.0606079
-1.261099
1.1138172
-0.50540066
0.6104126
5.0356297
-0.01013932
0.65692717
-0.68533367
2.3412476
0.48962992
1.9334943
-0.8334949
-3.449912
0.66069216
1.3894391
-0.78522897
0.6345006
-0.7253965
1.7498724
0.011416338
-1.0427065
2.4464846
-2.1427202
1.049103
1.5086521
0.28353778
-2.505526
-2.2995872
0.027203083
-1.4869565
0.67312336
-0.53242373
0.5468749
-1.7808856
3.0960855
-1.4189103
-2.0792847
-0.8179013
3.588044
0.7015354
0.46640354
1.2404716
-0.5853353
-2.3527193
-0.14202759
-0.64633095
-1.5265186
2.831516
-0.29473582
0.7977552
0.49066442
-1.4258484
-0.18953684
-1.2025449
-3.9358208
-0.35398132
0.3102926
2.377774
-0.21460909
2.0133424
-0.6613695
-0.6762001
0.8185401
-0.515462
-2.0266333
2.6958635
-1.985901
1.8578796
0.66163
-1.7684225
-0.63657045
0.64731103
-1.1631767
-2.1549237
-2.155004
1.459809
0.5860577
-1.6927073
1.9454733
-2.4553068
0.81709665
-1.727456
-0.18883564
-2.9387283
-0.44441515
0.51854914
3.192038
3.9994872
1.5742877
0.0671612
-2.4542701
1.3991969
0.9626183
-2.6936507
3.1172383
-1.4837595
0.3333295
-0.11122274
-0.098203614
-1.1525236
0.053759057
-0.26675805
4.891283
-2.1152112
1.5223391
1.4297807
-3.4144664
-1.0015703
-0.48655277
1.5220736
2.3620703
-1.6750398
2.5659447
-1.1599139
0.6700441
-3.073813
2.0514257
0.29427958
2.4493115
2.2311144
4.069097
-1.4908875
1.6150926
-2.439285
2.7159855
0.026110388
-0.6321175
0.5466388
0.66405094
2.2064853
-3.2708378
1.2928574
0.25645527
-3.1020737
-0.94831043
3.0731957
0.99900645
1.4153211
-0.014199473
1.6156096
1.3399721
0.12802532
-0.4721732
1.1025541
3.169184
1.1887043
0.047068365
2.11142
1.5839214
1.5098219
-2.04991
-1.0287665
0.66110706
-0.9747309
2.3886201
0.13273889
-1.4173254
2.3607948
0.1892368
0.931874
0.4456454
1.930374
3.2983718
1.1600182
0.5117353
-1.3146875
2.0865555
-3.0362253
2.655472
1.363607
-1.4205168
-0.7028058
-0.44740173
-1.4892919
0.5312933
0.9015521
-4.7984858
-1.0836515
2.6126933
-1.4222809
1.8416424
-2.4151871
1.628218
-1.5471442
1.1344295
2.7339883
-0.29655063
1.0618362
0.5529089
-0.17164035
-1.3933027
0.2703179
-0.72944486
4.9828134
-0.08340339
4.96964
-0.64786893
0.8220084
1.4213843
-1.9484631
5.0577784
1.5396936
-1.3016832
1.8245202
-0.68764764
0.65557
3.612279
0.75292176
-4.1720514
-1.7925173
-2.0462132
-0.5214107
-0.9158257
-0.58860123
1.4941975
-1.2971333
-2.0060887
-3.7241952
4.254775
-1.0234077
2.9328394
-1.5730702
-0.9519724
3.1177065
0.60482466
-1.4834921
2.4373102
-0.5166405
2.0427492
-1.1922961
0.96540856
0.23534405
-2.0152113
0.20901683
0.028658472
-0.51589954
1.6846851
1.4321222
-0.60080016
-0.8068321
-0.46669722
-0.6449689
-0.30699292
-0.2628392
0.49107313
-1.0717268
-3.3202262
3.0298953
1.6774058
-1.9450169
-2.600577
-0.82327884
-2.7388372
-1.4033836
0.3195715
1.8913894
0.24406286
-0.23085979
1.3502126
2.1259775
3.7926118
0.8092763
-2.7001004
2.8849707
2.0069218
2.7462797
-2.355755
1.3095675
1.2552369
0.43829912
0.466615
1.131107
1.5558437
-1.7779417
-0.42027074
3.5990705
0.78608114
-6.467067
3.2165337
3.5035663
0.8510857
-0.3199027
-1.5695401
-1.1462828
-2.2950583
-1.8498713
-5.0723987
0.10775758
1.516254
0.12806247
-1.4021794
3.3454485
2.160396
0.0422815
-0.4006609
-1.0630379
-1.9248822
-2.701107
4.004879
-1.0250261
3.171355
1.3296589
-0.29098266
-1.0028992
-1.3546584
0.13181406
1.2584735
2.258263
1.1191603
-0.9636471
-0.20902121
0.97668916
-2.1399012
-1.8241707
-1.6055387
1.5033097
-1.7583117
-2.2301114
2.8473804
0.48444447
0.22996356
0.9596026
-1.093676
-1.624963
0.8144189
-1.1147553
-0.9909226
-2.1956165
-0.30496007
3.7701511
-0.35675618
-3.4304578
-3.1883032
0.3364017
1.8543835
-0.13898134
1.874153
-0.029432178
-1.5062026
1.838209
-1.2637233
0.18574971
-2.2964585
2.7599506
0.380014
0.67866904
0.7931415
-0.33536226
-3.1105695
-0.6086631
1.0175999
0.70434237
-2.9210985
0.76137245
-2.3439198
-1.1420577
-2.5862062
-1.1926711
0.08792886
-2.496463
1.8174028
0.27680996
-0.65859944
-1.4809474
3.2236824
-3.1154654
-0.84561926
1.237944
0.6296325
-0.44281906
-1.5597754
0.48257184
3.4393408
-2.2350593
-1.3513402
2.458193
-0.10260238
-1.0101746
-1.564655
0.20186943
3.1712995
1.2591313
0.9610799
-1.3634008
1.430728
2.1083336
-0.31300333
-2.0351944
1.924279
-1.7225727
2.6480565
0.83152026
-2.9710395
0.14188075
3.2453651
0.7483889
1.3085634
-2.307526
1.337774
0.47974503
-0.55295646
-0.8230332
-0.2630662
-0.30774015
2.6240258
-2.9886107
-0.26745757
1.4284914
3.4584677
1.9001615
-2.7550645
-0.3294814
3.0194879
2.8604248
-0.067497484
-1.9632709
-3.749703
-2.387703
1.3976148
-1.6413082
1.6693202
-1.4440911
1.4042542
2.0843947
0.04690628
0.70775986
0.50682956
-3.1548278
-1.0129272
-0.89236087
-0.5512302
0.08774636
1.8339894
1.0374733
-3.4468865
-1.9203202
-1.403804
1.970092
2.6795068
-2.8501391
-1.2780977
0.6145369
-3.3148968
0.8740943
1.9002379
-0.1336123
-0.047352567
2.9124808
0.9012251
-0.20656596
2.8086495
-0.0035408586
1.4263527
-3.6171203
-0.6204109
2.9559326
-0.69188356
0.76427346
3.7669382
4.369083
1.2493572
-0.110202946
3.4357843
-2.2807066
0.30735573
-0.8231049
-0.43845004
-1.7201271
-1.9036313
0.48758256
3.365067
0.34069166
-0.42550066
0.7347403
0.03528724
-0.6425239
-1.5287422
-1.3818475
-0.96078926
-0.5379555
-1.501038
2.0576077
0.49754044
0.11681444
1.712361
-0.57465017
6.704888
-0.8454867
-0.60842866
0.5671208
-1.3803234
1.1356874
-3.1187646
0.2865882
1.2627767
0.59490913
0.43779474
1.6816721
-1.6992135
-2.1737678
-0.5258077
1.5082836
1.622854
0.49365076
3.6492646
-1.2622017
-0.5298593
-0.66245484
3.0415697
-0.6715879
-0.7450401
1.5598204
-1.2009854
-0.9362741
-1.3098184
1.0281444
0.59051955
0.06120628
3.3811493
-1.5952705
1.0738636
1.8529918
-2.4429018
1.1808838
-0.25433534
-2.3949518
1.372722
-2.5186427
-0.3471216
-0.96940774
2.6604133
-1.6692274
-1.6630868
1.0814837
0.13942337
-3.710033
0.7822219
-2.1541831
0.19258039
2.7544062
0.03837905
-0.4751845
-1.4283053
-0.28115967
2.1073937
-1.2585119
-1.1223282
1.8986182
-1.19403
-1.0094204
-1.0364695
-0.26568955
-2.7527637
-3.5168211
1.088278
-0.4185714
-0.013969947
-1.2744517
0.44227284
1.1570704
2.0738502
-1.6983224
1.1457042
-0.2054585
0.9303078
-2.3631678
-2.9895031
-4.8419046
2.0647662
-1.207231
-0.7340957
1.4031508
0.88618857
1.2520472
-2.8491888
1.2679065
-1.0888598
-0.73148084
3.5197892
-3.511595
-0.49946207
-0.055233523
-1.3373573
4.3691835
0.6425458
-1.1576673
-2.2149668
0.75639606
-1.1261541
2.420002
2.3002107
-0.520112
1.1427368
0.019770987
-0.33966702
-0.83486474
1.5531442
-1.4817758
-3.982213
-1.1092201
-0.95948046
0.7763473
1.5185118
0.21782744
0.7220651
-1.7776328
0.24868445
-2.026166
0.57848775
0.34869564
-0.9071607
-0.31771997
-1.6058761
-3.1233277
-2.2201762
-0.23894197
2.0776165
0.023303106
-0.49623153
-0.5565964
-3.3929596
-0.51963687
-5.3990827
-0.998137
1.4410268
-2.0512724
-0.124545656
1.067949
-2.8550346
-3.641732
-0.09822725
2.9646437
-3.61478
0.5429105
0.940036
-3.0043175
2.480098
2.6605775
-2.155444
3.2202353
1.0289549
-0.6131031
4.0612082
0.9232039
-0.66133666
2.2405524
1.6616145
-1.5520976
0.9558844
2.706801
0.46348703
-1.1539947
3.9225545
0.9762928
2.7776814
0.40473872
-0.04893394
0.70490265
-0.3036782
-0.15326235
1.2703519
-2.0722594
0.23011062
-0.2604459
2.3647056
0.7590349
1.4759345
-3.2006292
0.23687528
-0.4466129
0.44210035
1.9572886
1.1780077
-0.7247903
-2.448824
-2.4515574
-0.8207239
0.98705935
0.8989528
-0.8168621
-0.8500049
-2.1106327
-0.32977092
0.57221174
0.4670789
-0.5316609
-2.2597995
-2.1783638
5.401348
-2.9809241
0.1924122
2.571276
3.0229943
-0.72683156
0.10298841
0.6957067
1.2288431
1.1868873
0.57196593
-0.051009245
1.156748
-2.4791489
-0.68013245
1.4494114
-2.3373845
-1.106808
-2.5528314
-0.52975607
-2.0050993
0.3831111
-2.0213108
-0.15819168
0.5230604
3.0571306
1.2163956
1.5475507
1.7912337
1.6015428
0.12135729
0.55110586
2.441746
1.1759208
-2.0886493
0.56476825
0.57469064
0.44506502
1.3202795
1.2505262
-1.3670634
1.3389276
-0.6185452
-1.0943506
1.1364672
1.1401763
-0.086901106
0.78861856
-2.779591
1.9673971
-2.9329383
1.9391539
1.3448192
-0.1338236
1.0465506
3.4488645
1.0081775
0.8540379
-2.7247748
0.96380126
-1.2686406
-1.2142439
1.4645847
1.6599305
1.1644906
-0.38244137
0.3745669
-3.4369073
1.7272197
-2.966918
-4.3676944
-0.82063776
0.4209222
-3.6518958
1.4934509
-1.196622
3.2180882
0.25336626
-0.32625827
-3.68062
-0.6833716
-0.6531077
-0.62671256
-0.09566936
-0.84622926
0.4148095
0.71410704
1.8924631
-0.031264804
0.13845602
-0.17472728
-2.3763642
1.7816066
0.67710614
-1.3381159
1.7838315
0.3652109
-6.004937
3.6179795
1.6356252
-3.7563856
3.1236312
-2.3286176
-3.9192107
1.7231523
-2.0718594
1.4000303
0.3074102
0.048167318
-2.3690672
-0.9424284
2.0440357
-0.16429514
1.8670946
-0.12568799
-1.816331
-2.6663914
-1.4356086
0.73270035
1.0271745
-0.5915212
1.4152706
0.2641132
-3.0594475
-0.29739493
-1.2241879
1.7950838
2.5751867
-0.9916117
1.3252133
-0.073477216
-1.6794736
3.3927622
2.3191094
-0.6215971
0.56197745
-4.2863164
-1.5856189
-0.17367727
-0.8463313
-3.205894
-0.32095227
-0.011245698
0.6429486
0.4543069
3.0637205
-1.3609614
-1.2660433
-1.1204154
-2.573075
0.021084532
-1.2547314
2.0384476
-1.6565984
-2.715327
0.8522125
-1.9767562
-2.2752755
1.4626817
3.093688
-0.3987651
-3.5425289
-0.8695641
0.13501848
1.4750763
-1.8709416
-0.5933023
4.69738
4.758127
1.6755314
-0.44893575
-1.1119841
5.2943397
2.0439985
-0.31885397
-2.3180008
2.3977256
-3.393837
-0.6709808
-0.56834877
0.24877906
1.5664682
-0.17663367
-1.3175738
0.6975007
0.7954486
-1.3604724
-3.0971038
0.52812743
2.7916079
-0.60873324
-1.2664622
0.31201804
-1.4079053
1.7185044
0.96530503
-2.0276387
3.7013574
-1.5913806
2.4912443
-2.4755676
-0.25597215
1.6696209
0.8161678
-1.3766167
-1.5452952
-1.688246
-0.6497481
3.381596
-1.2745618
-0.3573221
-0.06958645
0.4769406
0.35782638
0.51120824
-3.6014264
-4.242667
-1.592729
1.3058225
-0.54392153
1.0952388
0.21434951
-0.6654101
0.2280264
-1.2431407
-0.6233965
1.0514908
-0.2604443
-0.7324753
-0.63682634
1.6165894
-0.9561004
2.1771026
1.4016846
-1.336018
1.5724056
-2.82235
-0.6549221
-0.036486313
-0.93124366
0.20500082
-1.1321162
1.8815998
-0.5016564
-4.14427
-2.5097404
0.6138236
0.9863397
1.2270099
1.7722753
1.391625
0.99627495
-3.7378645
-0.5531514
3.4081795
-0.6034424
-0.5664657
3.3199093
-1.5304515
-0.16307741
-3.551926
-0.78792346
-0.10054353
0.4691195
-0.27092972
-3.3165855
-1.8494476
3.7741828
0.21216437
0.5581464
-0.52692455
-2.312468
-0.37479174
-0.35194826
-0.33246967
-0.9204237
-1.3492094
-0.14245972
1.708169
-4.023569
-1.607925
0.81519854
0.83475286
2.8785973
-0.98683524
1.5806333
-1.8436242
1.3551763
0.1947392
-3.8838432
0.59320396
2.7860513
1.4498144
-1.3763295
0.6536786
0.51042265
0.7356343
0.45404565
-0.7977213
0.98824036
-1.0975367
-2.0492036
0.16542682
-0.48065144
0.6716281
-0.057659138
-0.4501059
2.8337674
1.7340143
-4.6482196
-2.275187
-2.1755352
0.7436503
2.5056214
0.40228203
-2.0928776
-2.9396884
1.2323102
0.16479912
-0.36793578
2.530786
2.5772545
1.1849154
1.5812005
-2.1076016
5.4557934
-0.7560326
-1.0974228
4.484483
-0.19942115
3.8295488
-0.61041284
-1.2338607
0.796962
2.6255414
0.6411408
1.5306908
1.0700808
-1.0886806
2.8175757
-1.5964028
-2.17206
3.5737088
-0.59651685
-4.4125423
-2.1109645
1.0536222
-0.447181
1.910006
2.097
-0.014326148
-1.0843083
1.1242795
-0.9917746
2.0183783
3.3977466
-3.086364
1.1812555
0.36236885
1.6593249
2.6583803
-2.3579895
0.25346634
-0.54785824
-1.898565
-2.398122
-2.5355525
-3.0134773
0.938434
1.1854258
-0.69547844
-0.55941135
1.9404327
0.70252925
-0.5970606
-2.5867312
-0.441914
-2.0755339
2.1487784
0.19283287
-1.0781955
-1.6336441
1.7751181
1.4483472
0.06663594
0.68015414
-0.04706724
4.1457796
-2.305309
2.646098
2.957804
2.8471525
-2.996361
-2.280359
1.7011958
-0.41568047
2.8129802
-1.5722253
0.52833843
-0.59047717
1.3359951
0.40043715
-0.5490578
-1.1840639
0.26021832
0.751813
-1.3330139
2.7146082
-0.8414572
1.7833185
-0.27863464
-1.3612168
1.4974155
-0.6015974
1.7790061
-3.6127858
0.6408098
-0.37998787
-0.27197197
1.8330392
1.9488692
-0.506614
3.9230313
1.3099747
1.8119605
1.7170526
-1.1902117
2.7855637
-0.5184417
1.9004265
0.72770876
-2.329977
1.2311779
-3.864163
0.41658074
1.1477765
-0.9677112
2.8498273
-2.0594854
0.40672168
4.3209925
0.8523915
0.711434
0.037100263
-0.25249976
-1.8644557
0.5404799
-2.8037858
-0.2519677
1.0885526
2.3548152
-1.1290311
-5.520777
-0.25722194
3.1095748
0.1499721
-0.49327207
0.10204621
0.48412964
3.9843364
0.09268043
2.152453
1.1955516
-2.941433
-0.85949004
2.747142
-0.365667
2.1761024
-2.5674446
2.826084
0.30876112
0.90304774
-0.66734785
1.8352729
-0.29703066
-3.563281
-2.007487
-1.2778779
-0.36791384
-0.77432114
0.49871323
0.47206497
-0.32351354
-0.11627969
0.24229226
-0.96828806
0.32077035
-3.7103896
-0.6695309
4.602729
1.5531614
1.2298887
-0.503626
-1.3661848
-0.114984155
0.18091813
2.8603687
-1.0723323
1.0367938
1.3240389
-2.9922867
1.0075139
1.706159
0.16462822
0.07466521
1.338366
0.93858576
-1.5162994
2.787614
2.3638039
0.5273058
0.33214992
2.5185852
1.7017685
-4.1811748
2.6650758
0.045200966
0.23669952
2.2157495
1.7445809
1.2077863
1.2262266
-0.940352
-1.5560325
-0.96733105
1.2675915
-0.23515353
1.2041984
1.26646
-2.259495
-1.717158
1.5063767
-0.49601427
2.4300144
-0.33658487
-1.1725181
2.9188004
-3.1887894
-0.6312133
-0.9565898
2.0620859
0.31166866
-3.6615582
1.9376637
-2.0601397
-0.39004397
-4.200526
1.8856913
-0.66746175
0.19650757
-1.9436136
2.8216658
-0.3178827
3.4025512
-0.1611439
3.7310784
-1.1367351
-0.99795514
1.4999886
0.27190137
0.5942134
1.1928055
-3.7209036
-0.3204711
1.1821707
-1.3522999
0.4219438
0.6372409
-2.2980695
2.1042557
0.79236263
-3.0718517
-0.20935556
1.0106896
-0.81546277
-1.5281174
3.9865556
2.0440166
3.7199953
3.694022
0.71774703
1.0251449
-1.6634617
-2.8599586
1.7697768
-0.83543825
2.6815493
0.02513155
-3.2211106
0.5183451
-1.509244
-2.1446712
2.6430542
-0.7759645
3.863891
0.94149894
-1.4633765
-2.186662
-0.32078323
-1.5467765
1.524468
-0.3686755
-2.5328174
-0.28003407
2.2712498
-4.3318124
1.0171725
0.019054867
-1.328743
1.4542884
1.5193324
0.0225681
2.2384272
0.6712565
1.5453483
0.7609674
2.2701929
2.7365336
-1.4795856
-4.3547735
-0.75399435
-0.94060546
-1.4759299
-0.64824593
2.6238809
1.7677433
1.2194906
1.9232806
-0.3361476
0.9617042
2.1040692
3.0015125
-1.1233729
0.34914866
-2.429738
-0.6442304
0.3281436
2.2419295
1.4745603
-5.6792197
2.22484
0.8069021
-1.861608
2.26252
-1.4936087
2.9541626
1.5820242
-0.07122975
-0.02728863
0.7713292
0.648189
1.5629237
0.3867102
3.44722
-0.60631365
0.9494244
-1.853338
0.5019701
-1.8066657
-0.8744265
-0.8641643
-3.0222535
0.17797634
-2.098507
4.378501
-0.96185476
-2.219465
1.0780886
-3.1005204
0.72109663
0.59905916
-0.11416957
-1.1360906
3.0438123
-1.14342
-0.8443509
-1.6332978
-2.0636384
3.1750712
-1.215674
-2.4585845
-1.1427313
-0.4150312
2.488183
-0.8666209
-0.583258
0.1968059
1.0418725
-0.91585577
1.9167053
-4.5360856
1.2394804
0.1803866
0.1057623
0.07656945
-0.9939993
-3.2955754
0.8262839
3.3771224
-0.5145821
-2.999123
1.7465633
-1.93202
3.22754
-0.022716809
0.9935328
1.3221313
0.43222803
1.3487978
0.061850287
3.4355237
-0.9702761
1.8152587
-2.1535645
-0.917264
-2.888012
0.66384256
-0.099820904
1.0169088
-0.08769677
0.8502262
1.0749818
1.2818949
0.23310724
-1.2763501
-0.8921303
0.6396525
-2.182865
1.0271789
-0.2712801
0.91470313
1.9579756
0.31542206
-0.68956983
0.7649277
0.40355757
1.1835432
1.6515521
1.1351295
-1.2344593
2.342748
-2.8262749
-0.59023845
-1.8158414
-0.61748457
1.938183
-0.92832786
1.134972
-2.057668
3.7112012
5.523781
2.2809544
-0.051156998
0.5638787
0.4474384
-0.0427617
2.6313765
-0.58425444
-0.5145954
1.4822068
-1.6644775
0.18615729
0.9052337
-0.7429982
-1.3822109
-0.28169522
2.2687845
2.9672964
-0.15132186
-0.14353514
2.4614346
-3.802305
-0.023018215
0.75419563
2.177579
2.1347375
2.7617247
0.8054409
0.32366604
0.33944502
-0.88844144
1.171533
0.06225717
0.2812563
2.7256541
3.4413743
-1.0204992
-0.019472219
-0.6329119
0.8993791
-3.0892723
-2.2338805
0.09101391
-0.41929668
0.84595704
-1.1808678
-1.1519433
1.1427342
-2.377623
-1.1576531
1.423102
3.1535199
4.2728095
-3.6726193
-1.4650564
-3.0186255
1.8022506
3.607596
1.8721718
-0.32483575
0.057775006
-1.1505758
-1.0560386
-1.0937088
-1.0620158
-2.2821925
-0.502003
-2.0091026
-1.4521863
1.3717802
3.6034203
2.4133909
-0.27470246
-0.12843305
-2.3993871
1.8833802
4.2586265
-0.15483508
1.6185263
-0.87727904
-3.8959582
-0.5161593
-1.9430897
0.032681406
-1.8700829
0.088790186
-2.0972307
-2.2101803
-2.8413472
0.56433815
2.2485375
-0.014747918
3.710517
1.4487133
1.0313402
-0.48251095
-1.5957398
4.8031387
-3.4812663
0.83564717
0.34107298
0.03423469
-1.2051452
-0.47491908
-3.195745
-1.882074
1.3182169
0.22200248
-1.044251
0.089751884
1.8488313
-2.194622
-1.8716702
2.578266
-1.1510569
0.14139739
0.36198872
1.1593627
-0.80025154
-3.0332513
0.47585857
-3.0620954
1.4499278
0.026452128
2.3147264
-2.3490248
0.51181436
-1.2149112
-0.5974157
3.2919576
-2.2963758
-3.2459886
2.5617738
-0.6166618
0.8761946
-0.24815816
0.114594705
0.69649416
-2.6840115
-0.9562316
-3.4489772
0.7076627
0.47366148
-1.358593
-3.0207021
4.66708
-0.47611368
-0.06893152
0.6896673
0.7448988
0.48661658
0.41711757
-2.3006275
-2.1496682
-0.47812185
-1.2631925
1.2493428
0.4483379
-1.1114848
-2.9354987
0.9606598
0.84521836
-1.3855088
0.1695875
2.1715558
1.911529
0.30526987
0.5758067
-0.02729635
-0.15823458
0.80194396
0.887479
0.43686125
1.819455
-0.54953593
-1.6067972
2.646305
4.279407
0.720487
-1.9584278
-0.8439113
1.5280992
2.1323333
-0.026253972
0.74175984
-1.5401487
0.87250245
1.8672754
3.0105228
-2.0512788
0.999967
-0.3064907
3.7189214
3.5321305
1.0150349
1.0794108
-2.1477957
2.831161
-0.07851248
-0.05728697
-0.0035494976
0.72018814
0.03700658
1.0788289
-1.9318557
1.035855
-8.56126
-0.7494754
3.3733416
-0.36411718
-6.029509
-0.57483596
-0.5908101
2.0765367
-0.905774
-1.6425408
2.2633376
-2.6728444
1.0363082
0.5385896
-3.7544944
-4.9550257
-0.12562712
-0.61983544
1.8193259
-3.0125346
-0.22282386
-0.85174185
0.68495876
2.5582278
2.5791895
-0.84372705
-1.4941134
-0.7919612
-1.8257371
-0.11883679
1.3134054
2.283942
0.9809501
1.7910926
-1.0719498
-0.4786434
0.032069813
-0.3980403
2.8828812
-1.2124208
1.3309835
-0.64509183
0.62299776
-1.2154001
1.9624113
-0.29136035
1.9004078
1.1254392
-5.4412766
-2.429208
0.9201171
1.3488055
0.011508055
-0.82426906
1.202353
-2.5829854
1.4395301
-0.13907498
2.238158
1.3754452
0.71042657
-1.4550635
2.3675678
-0.78695256
-0.1095575
-3.406957
-0.4986524
-0.12943311
2.968341
-0.6338318
-2.5390341
-0.30416435
-0.048941363
-2.6676047
-1.0391345
-1.9054959
0.7073677
3.5483632
-0.77595025
-2.2742934
0.59488285
-0.894271
-1.4729697
1.3725085
0.94904065
2.0416489
0.9335063
-0.40804917
1.8029251
1.8303609
-2.067434
1.4593443
1.6569055
1.5614086
2.7478623
2.4471717
0.505417
-0.082835935
-1.0504198
1.2142296
4.5904865
-1.2705634
3.621333
-3.2704036
2.0803533
-0.6313653
1.0703999
-1.8315139
0.56876266
-0.52688617
-0.7349082
0.0554329
2.0715234
-1.7159575
1.1974452
2.7695026
-1.0753127
1.5451887
-0.18311541
3.3703256
1.8317591
-1.4128672
-3.5124884
2.0145116
0.7733762
0.07413479
0.6837885
1.8713568
-0.78508776
-0.12550798
-2.1990967
-2.3122005
2.47898
2.8443038
1.1646125
-1.3979836
-1.8365135
2.0515542
-0.88363004
-1.6157148
1.1018121
1.6077019
1.1662195
1.8072405
0.0025266036
1.7554355
-2.5199273
2.5881982
-2.8837945
1.2521423
-0.57177913
0.9295731
0.6338893
-1.0855328
-0.20101589
-2.0740495
-3.443489
-0.5825153
0.3389224
-1.2245139
-0.09278958
0.24938397
0.28991705
-0.8676428
-0.95754343
-0.61343175
-3.005409
0.44026822
-0.37399188
3.9246082
0.54401255
2.913126
-0.24175331
0.5467284
1.5765293
-0.27310807
-1.158964
-0.6625153
0.90873116
1.4482455
1.8806046
-4.0296144
-3.8612332
1.4619995
2.0515661
-1.7152282
2.1828282
1.3216654
-0.8782503
-3.237422
2.780752
-2.0283365
-0.060457252
1.1305741
-0.2120688
-0.9888303
3.739772
0.78358245
-0.35171098
-2.2389846
-3.2438025
-2.6313095
4.9644313
-3.2421105
-0.22429822
0.1885136
-1.8863777
1.1881392
-2.6068404
1.2065029
-1.3506722
0.91525793
3.2569275
-1.7275847
3.9910328
0.64312357
0.49507135
-0.720228
-1.6785054
1.3069977
2.346915
0.70137393
-3.5278614
0.92085075
-0.9794594
-0.22955209
-1.152297
-0.1477809
1.2400777
-2.4890554
-1.2679458
-1.6199464
0.56682914
4.040829
0.33459434
0.7069478
2.1820126
0.5697047
-7.0042105
-2.3211784
2.2540414
-1.4145886
-1.4958307
-0.0475169
3.1276488
2.684763
-2.0087125
-1.7816471
-1.167066
-1.7313517
0.1610463
-0.45042387
2.3511631
3.833501
0.6916131
-2.2112958
-0.8177584
-0.5184802
3.9896774
0.95262945
-1.7488956
-1.0066271
-0.68186295
-1.7351352
-0.6756006
0.51469094
-0.4511066
3.2216496
-0.54408664
-0.24851814
-2.7957673
-0.026397698
1.4128876
1.4701436
-1.3445531
5.481276
-0.7757019
-2.304943
-0.38889274
-0.33023947
1.5075214
-0.86652094
-4.1981897
-0.652834
1.4022846
-3.1654737
-0.35358608
-0.48138347
-2.3762906
0.6600493
-1.9801399
1.0517105
-0.77407277
-1.9615349
2.277661
-1.6983727
-0.44519597
3.4203477
-0.3059386
0.957199
-0.93876684
2.1378727
2.4463491
-3.8542671
-0.2634218
0.06491468
2.3647609
-0.7211633
-0.6897677
1.4022722
1.4701108
-2.331613
-1.0725986
-2.572725
-2.125679
-0.5186113
1.5500206
1.2465198
-2.963113
0.37068748
-0.93642765
0.38497174
-0.52418715
-2.012177
0.98223907
-1.1388919
-0.03878764
1.1345598
-1.1752063
-1.8062155
-0.9979382
1.5880344
-0.9248672
3.6885695
-0.16473451
-3.358498
-1.6937358
-0.7341011
0.52326405
-2.1473794
2.0916812
-3.2352161
-3.1108422
-1.371739
-2.3009248
0.40321416
3.104476
0.5416537
-2.099969
0.12858272
-3.7829213
1.0505991
1.0017614
-1.6562003
-1.3741333
0.382273
1.5198631
-3.074686
1.3084576
2.8228095
-4.5755606
-2.5400453
-0.41326395
1.5095263
-1.8572167
2.0703728
-0.9201949
-0.12906393
0.3991811
-1.850098
-1.879703
0.9354263
-0.9507196
-0.74750775
2.3477352
-2.5754375
-0.89839005
0.62818384
1.9838994
-0.42133594
-0.89602727
-2.359017
-4.1569695
-2.057284
-2.0988686
-1.1703221
-0.32026306
-1.9450145
-2.7267683
2.5283267
0.8092305
0.17225718
-3.1479533
1.6656773
-1.6527334
1.2135649
-1.275477
-0.8988356
2.1826346
-0.19899678
3.4559407
-2.9529421
-2.7853794
0.88233775
3.488753
-0.29685375
0.6596346
-0.32588664
-0.1665783
2.7630804
-1.0245767
2.8342888
0.8154693
-0.76894146
-0.6157188
-1.8125132
2.4535902
3.661835
1.842106
1.9936514
1.0488399
2.1423218
1.583455
1.2627563
0.8012385
-2.8816445
0.56454283
-1.3796762
1.6060381
7.8069654
-0.3824927
0.48816502
0.3463679
0.54137504
-3.8987246
-1.716442
2.062074
1.9321249
0.5336456
-1.6713648
0.11464335
-2.6592817
-0.7048849
-3.379797
2.9887054
-2.5516675
0.5156974
2.8364286
1.4336644
0.1046204
3.7556384
2.1930487
2.6524642
0.028391339
-0.45596972
-1.1886702
-0.110691756
1.5005798
-3.51534
1.1444516
-3.210414
-1.9517466
2.106545
1.8861842
4.39642
-1.2080597
-0.12919667
0.17291
-0.9252999
0.30605504
-2.5842028
-0.41240132
2.0098956
-1.3582217
1.9598653
2.092866
2.066051
-0.34319162
-3.1956747
3.4463515
1.764401
1.5352296
-0.03433927
-2.5875394
-1.0871418
0.4916347
0.6432816
1.3994508
-0.3894827
-2.131223
1.1391815
2.654362
-1.6144229
-4.013956
0.51659995
0.034496255
0.05038569
1.647106
0.51556337
2.206064
1.4377916
0.13807318
-3.517159
0.17219841
1.5476357
-2.3780956
-0.253388
0.6315246
0.6529833
0.28988242
-1.6291002
1.9230976
-1.4274381
2.3760307
1.3308363
3.4170477
-2.5478413
1.1731457
0.9004068
-1.8973169
-0.668451
-0.43166232
-4.2014194
-2.5243344
1.0752707
-2.3979907
1.2718139
-0.85151297
1.5396423
0.3165949
-0.25495833
-1.1364846
0.38918
0.08590774
0.27702156
0.7896625
-1.257016
-3.5452926
-1.6907073
-3.499999
0.13685627
-0.59530026
1.9193981
0.39582714
-0.57368636
-0.0055687726
-1.0930415
-1.0800172
-1.7580737
-1.8005556
-0.12913883
0.7858649
1.7224154
0.17514077
0.6159484
0.89927536
-0.20231763
0.38048726
0.6967022
0.37936956
1.5709012
0.4087572
1.3653026
-2.4800951
1.245668
-1.4845645
0.43920758
-1.2005829
1.7393003
0.75991154
-0.52442664
0.20166098
-0.4922193
-2.8805654
4.115393
0.21839628
-0.6709767
-0.29200715
-4.688959
0.17111078
0.66031796
-3.9649358
3.744494
1.8770607
-0.5267049
-0.029688053
0.32195562
-2.5096836
4.16749
-1.9592751
0.3707168
0.17824623
-0.58271605
-2.66455
-1.0830863
2.0739057
3.2345283
-1.4188848
-0.66357195
0.77572274
0.036857896
-1.2740518
2.2014344
1.7846864
-0.47225434
-3.744788
-0.56503344
-3.562992
-1.8222406
-0.7288969
-1.2118145
-0.14724532
-1.23663
-1.1770381
-0.75649875
2.5351079
0.06040892
0.70646274
3.1368394
-0.52568907
-0.61997086
-1.0944216
-1.3117781
-2.168718
-4.241845
-5.4871187
1.0255502
-1.0551759
-2.98695
-0.13306469
-3.8258789
1.6558075
-1.2161021
1.5379535
2.4053407
-1.339765
0.28118858
-3.9507892
0.06433602
0.5494381
1.2896706
0.029192567
2.7731192
2.9329696
2.430629
-0.051982038
1.6438389
-1.2534119
0.113594644
-3.705388
-1.6703517
0.15552917
0.08914623
1.799506
0.93363535
1.5991024
0.4144511
-1.665671
2.488478
0.17494205
2.5892034
0.5991062
-2.7289515
0.49740952
0.45991996
-1.3422666
-0.25138748
-2.748568
-0.054242186
-4.0737114
2.9413552
-0.23869133
2.4412444
-0.5939303
-0.8447418
0.13223752
0.8773097
0.28063935
1.1876526
-2.5969276
0.019413669
-2.7329159
-2.3408573
1.2408408
-0.7161415
-0.50857747
0.46517095
-1.1490309
3.3540165
3.5342853
-2.1176264
0.29650846
-4.5713353
2.2002792
-1.8876528
0.33001283
-0.26570058
-0.42242974
-0.27526382
-1.9797153
1.5201331
0.5316415
0.2873746
1.488537
-0.93699294
2.5666118
-1.1537385
0.6632215
0.77897286
-2.7300763
-3.6497598
-0.83445776
1.2078109
0.54497683
1.7455816
2.262661
0.4388324
-2.4405277
1.5346446
1.1636771
-1.0460564
-0.5052373
-2.1551936
-0.8655232
0.27827847
1.0999604
-5.0104513
-1.6677206
1.80736
-1.5916162
-3.4965713
-1.2585133
-0.085759796
-3.2937086
1.9654887
-0.842682
2.0381866
1.1757959
-1.319537
0.62009764
-0.08680583
-0.6039484
-2.1713548
0.56630266
0.0024886876
1.000316
-1.6025704
0.15300813
-1.133023
4.4102135
2.0074139
1.3315349
-0.48854882
2.8435884
1.3979846
2.0056636
2.336711
0.4492693
-0.124758504
-1.0547098
2.6423383
2.5589633
-1.9797927
1.8304883
0.0044846237
1.4451581
-2.2393618
-2.1706612
-0.23360899
-1.1696504
-3.8013992
-1.1584129
1.1525164
0.17221752
-1.1828893
-0.62719506
-0.10827563
-1.663827
-0.851658
-3.3582008
1.630991
-1.4792011
1.4125267
3.2000575
1.1351616
0.25751743
-0.5555998
-1.7785935
2.1381292
1.1517359
1.613731
0.80707276
0.4574948
0.9044846
1.0664873
1.466246
2.7622173
-2.953076
0.17008075
-0.45804825
-1.9347061
-1.0036199
-0.0033199526
-3.8414955
-2.8706326
5.2805037
0.29237387
0.6048958
-0.058844652
1.2680662
-2.3257792
1.6162678
1.0500138
-3.881738
1.6241214
-0.8493765
-1.1761075
1.7121692
2.3929193
-1.3835902
2.2096817
1.3223252
0.4919239
0.46563697
-0.6164209
-0.3653085
3.4498222
0.08323243
3.9414022
0.52598876
-2.539577
-3.3658926
1.779522
1.0588748
-4.792577
1.7022111
0.73446083
0.44268015
0.12359129
1.8012099
-1.09336
-4.0290933
0.15960282
2.4042737
-1.48749
-0.2735454
-0.29061073
2.3377416
1.5271158
-0.1410178
-0.7365446
-0.72334445
-0.43216026
-0.46925193
-3.0983975
0.42405882
0.63142914
-0.814162
-0.29017872
1.5807533
-1.0329806
1.0285771
1.9052991
-1.0700793
2.3380327
-1.0014688
-2.5245085
-0.1026229
-2.096215
2.625268
1.3725953
-0.27714187
-0.25148717
-0.9467948
1.0501453
-2.0194545
-2.365886
-0.52822363
1.35391
1.5443094
-0.78850955
1.0629233
-0.40744597
-2.602425
2.54665
2.18178
-0.39041856
0.8131101
1.4642304
0.532562
-1.2722847
1.0410168
-2.0004435
-3.6497152
0.468604
-0.93136436
0.35142875
-0.28841618
-0.97002214
-2.0314968
-1.0381216
-5.1344213
1.9527569
-0.027557693
-4.429241
-3.6031349
-1.4956927
0.9318308
1.0072128
0.78293115
0.899496
-1.2206285
-2.1432695
0.6295568
-2.0227928
4.2151003
-0.47059077
-2.3295634
-3.4096673
-0.6153209
2.291984
-2.4101093
-2.1388888
0.19879723
2.9856339
-1.1249012
0.0877395
-0.44413912
-3.0342257
0.34836444
-1.160383
0.5831713
-0.76155114
1.3079997
0.5251884
-2.60816
-1.1349729
-1.7389901
3.685549
0.69654036
-0.6850147
1.0499017
0.5176437
-1.4469714
0.7879436
-1.7844031
-0.15373366
-1.6286161
-1.8098572
1.6383927
0.17371751
-1.3677574
1.8550564
4.460774
-1.7116077
-1.7846905
-0.4126471
-0.6535869
0.9911579
-1.7039614
-0.081183836
1.61434
-4.345744
1.223197
0.8674467
-0.24068663
0.40295786
1.6658969
2.16122
-2.0637386
-1.6188781
0.45541006
-1.8707157
4.8855615
3.0361362
-0.65737176
1.3587618
-1.1641133
-3.8842876
2.6547441
-2.0218549
-2.8665557
2.2106242
1.5895541
-0.60000056
2.210741
0.6218252
-0.27898452
0.42912427
-2.6592607
2.7217555
-1.2421049
1.9696777
-1.2604089
-1.3541943
-1.0277323
-3.6386876
-4.695949
0.42292047
3.1369517
-0.9110044
3.9096627
0.4720297
-3.7225037
2.155014
-1.751872
0.9097044
-1.9930634
1.638944
-1.5437933
-0.41772786
-0.05613766
3.3681686
-0.11180464
2.61498
-1.7286766
0.02939751
2.792378
1.5766778
-1.3067515
1.1644553
1.6295934
1.5183557
1.7404413
2.408411
-3.0628474
-0.6945732
1.5725337
-1.9060209
-0.96294624
-1.0012945
0.76036334
2.968869
0.72279936
1.1917987
3.625957
1.0533332
2.905147
4.9470267
0.05492218
1.4780983
-0.7171726
-0.22791517
2.4829147
0.44424623
3.837712
0.31216246
0.6207417
-1.4226073
-0.74991375
0.0793854
-3.579893
0.4073143
-0.7204125
-2.9477377
0.48018664
-0.79674655
-3.3927963
0.10888613
-4.0640717
-2.0269482
-1.6920416
-2.7153273
0.5860896
-1.4534768
-1.3146032
-1.8721745
1.4122511
0.03366758
-0.913666
-0.23418027
0.8420428
3.4136517
1.1583412
2.1256247
-3.3381407
0.7526328
-1.1907053
-1.025692
0.29027715
0.33770743
-0.38725188
-1.5330288
3.0448463
3.1732304
-1.8247389
-1.7478083
-5.020553
0.13279586
-3.8830252
3.0430071
1.4136285
1.1825804
0.3783086
1.5654725
1.882998
-3.9921649
-1.1145394
-2.2637882
-0.22073188
-2.110256
1.8438085
0.34161296
2.7315612
0.5300266
-0.9602378
-3.311519
3.656707
-5.1634254
-1.4142919
0.84227586
-0.16472502
4.366947
4.2136765
-2.4907386
1.3611922
0.8941991
-3.0497124
-0.9768818
3.6124656
2.758243
4.5865254
1.6527785
-2.9367764
0.89635986
-1.6168368
1.3612735
-1.4720823
0.35609272
-1.0754807
3.0916846
-2.8476498
2.5460353
1.11044
0.652296
2.005881
-3.8763833
-0.6088761
1.0042377
-0.9370296
0.24823973
0.70653784
-0.9822091
1.7843755
-2.6526694
3.7999306
-0.2560467
2.844322
0.26079506
-1.9843184
-0.89400303
0.16299385
-0.20266367
-2.8695297
-3.3032825
1.1508824
1.3253967
-0.9996066
0.70204926
-1.9192016
0.15145725
-1.5655901
-0.9533313
2.148048
1.206632
-1.1476728
2.0631385
0.18704963
-0.14052618
0.17091729
-3.1530702
2.5456429
1.8990602
-1.4288297
-0.8275605
-3.2300687
-0.7557116
0.8344297
-1.1435121
0.6092251
0.024083763
-2.8323486
1.5640187
1.090722
0.71191025
1.4361494
1.1329271
0.43279192
-2.3246832
1.9378506
1.2006631
-2.5023077
0.79566246
-1.6442751
-2.4208806
-3.3179986
-0.8394244
-1.317989
0.62347597
-1.2359598
-1.8717792
1.9298911
-0.44636297
0.8521244
-0.14353117
-0.3358863
0.042395502
0.9060074
2.100064
-0.14706112
6.3209853
0.46328142
-1.5808909
1.6201695
0.94644034
1.8771006
3.5487761
-1.5307165
2.0570455
-1.1434373
0.6473713
-0.36082596
2.5620944
-0.8948251
2.2458863
-1.0293287
-0.4146937
4.109802
1.723964
2.2701766
-1.5625159
-0.3086074
1.7790749
0.53738403
-3.8856106
-0.46393088
-0.87162584
1.1569544
0.18383291
-0.2356139
-4.218898
-0.9725939
-0.1946514
-3.0777023
0.5598595
0.39507124
0.3354329
-1.2585313
-0.23978713
-1.8775383
2.7608154
1.7163594
-1.165435
1.1045356
-1.9916621
0.21154353
-0.031412706
1.75229
1.7646071
-2.1333325
-0.36914337
0.8741745
-1.2184289
-1.646095
-2.7892962
1.3238447
-1.4619751
-4.6822495
-4.1568174
0.8693659
-1.8903503
-0.16399485
0.2855337
2.3001704
-1.4307054
-2.6213815
-0.09735129
3.8999145
-0.55386966
0.099178895
0.7628971
-1.1443187
5.0304637
-0.35450092
-0.51079065
-1.5850749
0.031862512
-0.7128874
-2.5443206
-1.6086633
-0.053757146
2.2097642
2.6242294
-0.830754
-0.82971346
-1.5551193
3.5336256
1.1519171
-0.7663518
3.1944969
1.3744093
1.829147
3.1326041
-3.7324965
0.27822423
0.33500433
-1.7226865
-1.4908305
-0.7966403
-0.8330023
-0.714809
-0.35610807
0.8063505
-0.72166413
-1.2882509
-0.91902906
-0.7689016
-1.7852834
-0.8529315
1.844706
0.87295175
0.96689725
-0.019083276
-1.0542843
2.1912005
1.6133446
0.60080385
0.9201022
-1.5806962
-0.77921146
0.9974842
-1.4785442
-0.01291991
0.60685575
2.296835
1.1690878
0.10681643
0.3131265
1.3729285
-0.49738243
-2.1012673
0.6993331
2.6917622
2.760873
5.8223014
1.1161141
1.5864816
-0.95892215
2.5414698
1.4352512
-0.8710466
-1.1913308
-0.98717666
5.4704094
-1.8888279
3.0395439
-0.4265738
-1.6550415
-1.744407
-1.2259885
-2.4380274
2.2167783
2.031146
-0.9217206
-1.1360679
-1.749994
2.956972
-0.57999516
2.9069877
-0.33783817
1.6196175
-2.6907833
0.14232317
-0.16394407
1.20705
1.0397825
-2.5241487
2.1911163
-0.33709103
-3.55868
-3.8828998
0.96378255
2.4780219
-0.6200078
0.2539441
-0.47497725
1.0959686
0.05634415
0.5333649
-1.7107172
-0.7549446
0.6004316
0.8034458
1.0371275
0.62221664
1.7961451
-0.15106082
0.2951441
-2.1802583
0.96085113
-0.87568885
-1.2176532
-1.6864475
1.6419407
-0.07243152
0.013566442
0.5083897
1.9916135
-1.5017459
1.3371158
3.1063673
-2.733578
-2.9930632
-0.42421192
-0.37777978
0.36218113
-1.979296
-1.9536564
0.90948564
0.21022761
-0.6856129
-0.564766
0.037736192
3.940861
-2.077212
-0.68059593
-0.74100375
-1.2201126
-1.4941474
2.905168
0.6526116
-1.2058572
2.0306225
-0.3576889
-1.8582299
-0.7857593
-0.61248136
-2.2357845
-2.3416865
3.358545
3.3940659
-1.3285877
3.1941745
-0.13535039
-0.11784431
-1.3730572
-0.19035554
0.5587215
2.6220193
-3.803953
2.8538287
1.2782875
1.5218761
-2.0637217
-2.462242
-0.30074602
3.7936406
2.9853203
3.3158016
-2.0002491
-0.5512475
0.30186602
-0.39304692
0.860194
3.7299905
0.33290958
-0.87752783
0.4697344
0.6874312
3.162874
-1.1446673
1.0143801
1.134105
-3.1363156
-1.8621247
2.2894979
1.1875771
-2.5885422
0.30387604
-5.4853663
-0.08506635
-0.7016163
-2.5073836
-0.081910454
3.4588776
-0.8083806
-3.0189426
0.7281608
-1.0381429
-0.7839776
0.5709873
1.9286836
-2.024544
1.1601746
1.5512389
0.5564753
0.21382324
-0.75292695
5.3917665
0.91432667
-0.15408152
0.7595246
1.4192553
1.8225322
-3.9679134
0.80153733
1.1431396
1.68663
1.504209
-0.09059031
2.0582972
1.156495
1.9653945
1.4368691
-0.6168832
-1.6141006
0.07139863
-3.410911
1.0657945
-0.3540408
1.8217273
1.2856963
0.6623327
1.1776509
-0.35759532
-1.8739618
-1.8660262
-0.38883775
-4.455235
1.341512
0.62422013
-3.7403033
0.34948063
-2.784264
0.0535708
-0.4720452
-0.480937
-0.2183486
-2.8962681
-1.2982019
3.9188082
-1.8916627
-1.386698
0.9163476
2.2039492
2.5285146
-0.5892705
0.021216553
1.160698
0.10381388
-0.014168903
5.1776733
2.829087
1.8002156
-0.6091185
-0.8599136
1.3299222
-4.501524
-0.06445597
-2.6085873
-1.2904878
0.27785456
-0.5119142
2.0736175
-1.9323651
1.1187022
-0.8102439
3.08294
0.0050905496
0.06843707
2.8076384
-0.8792627
-0.5674818
-2.891282
1.5448928
0.043361157
-0.5823518
-1.9792424
1.6715446
1.3055952
-2.4253557
-2.8630564
-2.1697934
0.23448993
2.0238898
1.3747733
2.4821327
2.6721952
0.16438769
0.93911487
0.61558414
-3.465048
-0.4966177
-2.9317598
2.075681
-4.0106993
0.42893767
-1.9063786
-2.2934046
-1.7468067
-3.6389902
0.7306399
-2.0802488
-1.1618173
-2.2805703
0.6870418
0.5773766
0.6465095
-0.5181876
0.29099157
4.6743145
2.7555082
0.446482
0.021256216
0.45252347
2.9573011
-0.49227518
-0.516652
-0.724237
4.5066376
-2.0155816
0.54761153
1.9279208
1.3043828
-1.154332
-0.016031284
0.47849786
-0.0834881
2.6588585
0.23475838
0.531191
-2.5164204
0.10916607
-0.21211065
0.2938945
3.3753822
1.4019266
0.09988992
-1.6496274
1.2784381
-2.258715
-3.069537
0.53235066
1.5073941
-0.17065474
5.673778
-0.41859332
2.0139084
4.432636
1.7641035
-2.9012122
3.3402991
-1.4017909
1.2700524
-0.6252685
-1.1599838
-0.7504893
2.0019648
-0.5532299
-1.4582511
2.393679
1.2103596
1.320945
2.7322698
0.8340072
-3.9594877
4.2690973
1.1079668
1.5479441
1.0314327
-1.7217836
-0.8437689
-0.81449735
-3.9453788
0.5143173
1.6421323
1.0003265
-0.79774106
0.57774204
0.13556093
-1.877122
-0.40541312
4.5227466
-1.9910758
1.8293529
-0.6166062
2.094934
0.5252392
-1.0214092
-2.1839483
4.2091794
3.8987637
1.5767775
-0.28703094
-0.34055886
2.769348
1.1337686
-1.1819887
2.3568926
-2.2256095
-0.5470111
-0.53207
-0.56191105
0.0038410127
0.08448859
2.137716
-1.5578994
-0.0006593317
-0.18903059
-1.5505112
-0.44625527
-0.34952113
-2.0401149
4.891613
-1.0364358
2.8557415
-2.8668258
1.4462072
-1.2817069
-2.1387675
-0.3487187
-2.4477198
-3.5191252
1.366561
2.6954324
-0.14519387
-0.9483146
0.67661214
-3.2202265
0.24791008
0.90745693
-1.3010733
1.4121053
-1.7219132
-2.3157423
-0.18072718
-0.29485476
-0.4890229
0.7175485
1.181509
-5.96235
-0.5329181
2.33449
0.57223195
-0.9243182
-0.4893425
0.48644575
-0.2267089
1.2266184
-2.5893319
0.20002763
-1.7087586
-0.08999791
-1.5610217
0.14303118
-2.060174
-0.23880848
1.7838128
-1.6287143
0.48535115
-0.47179663
1.0524249
0.36219543
-1.7503175
-0.9302655
1.0195796
0.5656465
1.0974891
2.452875
4.190025
-0.79884464
1.2319776
-0.11867508
0.4299333
-0.406769
1.66734
2.3045506
-2.6527836
1.2262313
1.5984279
3.1325088
2.902416
-1.0036933
-0.16670516
1.3769546
3.2405627
0.67649233
-0.40410972
1.1138561
-0.5060828
0.027036324
-1.7457725
-3.7096796
0.19428992
4.0785074
-2.4710655
0.7432665
0.9479309
0.7913562
-0.4859698
4.3811483
-0.11938625
-2.1887956
-0.5159066
-2.7348208
-1.1546919
0.6133502
-1.9383328
-1.7253709
1.1066332
3.4822414
-0.4065077
-3.2924204
-1.2169576
0.8977417
-1.3509724
-0.13815957
-1.6762426
0.19237211
-1.7291515
-1.3635671
-2.696267
2.0751681
2.8546264
-1.7082175
-3.0207825
-2.145357
-0.18404815
1.6545286
-1.8096762
-1.4842985
-1.464762
2.7132242
-1.3628157
-4.700934
-1.9257241
0.86307
1.3360317
-0.93244666
1.4684399
-1.1456307
-3.1944938
-0.8904396
0.19731334
2.9034593
-0.6467822
-3.988776
0.70714486
2.4038959
0.117897294
-4.164717
0.7917906
-1.788632
-1.9094628
0.2246986
1.8172148
-0.5641502
3.2833772
0.7244443
-1.46807
-1.9787962
-0.7972604
1.493989
3.4201992
2.041281
4.145831
-1.7277097
2.8305702
-3.43897
1.6220089
-1.337785
1.5900052
-0.32836753
-0.48851562
-1.5847766
-0.018715076
-0.8724086
0.93266225
0.12905794
0.69840604
0.43182695
-1.0950752
-0.6255498
-0.9976899
-2.4139855
1.7924321
-4.358934
-2.8566954
2.363346
-0.11860552
0.38587654
1.2788556
-1.1304935
-0.5917453
0.31292796
-1.2357062
1.6609083
-1.0511231
1.4230833
1.0405492
0.62455213
1.5798935
-1.8837622
-3.0858545
-1.8896041
-0.3877437
0.8246699
3.230693
-3.8832147
-1.775664
0.34747273
2.337453
2.0796163
3.289332
-3.2182019
0.5184995
0.28089756
-3.308107
-1.0389313
0.6081616
-1.8969249
-2.7078803
-5.0667315
2.4476883
-1.0393578
1.3242809
0.6921231
2.7749877
-0.42171842
1.9802631
-4.1242666
-1.9778775
-1.0845671
0.65887505
2.3777034
5.051205
-1.2887102
-2.9356644
-1.0461974
0.34112072
-2.8510427
-2.2739727
-2.5356667
-1.4386498
-1.499643
-1.0932418
-1.907911
1.2928118
-0.6579947
1.9713798
-0.43526608
0.72345966
0.72355074
-1.1960322
2.0405347
-0.120440684
-1.2925423
0.22914009
-0.21292427
-0.6464233
0.65096337
1.4617976
-1.2355944
-0.5421351
5.1510773
-1.5713556
-2.9011757
1.869109
2.129071
1.0122983
2.7650151
1.5992732
0.53655756
-3.1344702
-0.45059764
-0.7804251
-2.9940536
-0.6481847
-0.8826882
0.33637935
-3.284355
0.6348349
-1.4382744
-0.36193952
-0.654313
-1.9257059
-1.8303775
0.6956133
-0.36588627
-1.2979946
0.26602268
-3.4892242
0.5871156
-1.4268229
0.5195093
1.5275533
-3.4145217
-2.6573272
-1.3987416
-0.74211454
1.1714318
-1.4234749
0.87966263
-0.14009666
-0.052671924
1.4621124
2.1197932
1.747188
2.8286083
-1.0384526
0.3568515
-1.0562655
-2.183126
2.0109024
-1.4737313
-3.4126983
2.102231
1.5609596
3.6857677
-2.1195533
-2.2862139
-1.1780851
1.3817737
-1.710456
2.6461565
1.7440398
1.0138665
-0.96238136
0.31301954
-2.0303218
1.0438993
0.21273305
-1.5218045
1.8137509
0.24459955
-0.07642958
2.254988
1.2724437
1.7665485
1.7532842
-4.081233
1.2949924
-0.76951164
-0.07779887
-3.8136756
0.62455976
1.3233526
1.1092945
0.65209424
-1.1156758
0.46734348
0.098780274
0.98180765
3.378466
1.1375996
-0.5363276
-1.6837813
0.3022591
1.8559818
0.53615415
2.1337175
-0.07394149
2.988377
-1.1470333
0.27368864
1.0598547
-3.5189693
1.5361869
1.3050795
1.4359943
-1.5426981
2.1456878
-3.5881798
0.648138
2.8746192
-4.7878366
0.19716716
0.39076033
-0.9821731
5.2397637
-1.4184452
-0.22140473
-3.685641
0.8500401
-3.868735
0.5348656
1.5839328
0.4391379
-1.6570343
-0.3823408
1.3626404
-2.7915256
-0.42704776
2.0360844
-0.3771244
1.6687216
2.9333885
1.0115867
1.3635807
-0.05691433
-1.7801822
-1.12795
2.1042774
-0.5543374
2.1065662
2.185197
-3.9570234
-1.4489815
-2.2856894
0.47718012
-1.2707958
3.2653773
0.1651666
0.6412783
-0.27508968
-0.3716394
-2.2794938
0.057186335
0.10614263
-1.3929
-1.3836244
-2.1256673
-2.471511
-3.2302513
-0.20347059
-0.051318727
0.07356478
-0.39640614
-0.7302496
-0.023693409
0.6389856
0.50126034
2.5083423
-0.3080054
-0.64676297
-0.5164751
-0.09882489
-2.8933082
2.9422743
2.0049675
-0.8405668
-1.3422076
1.9166707
-3.1032863
0.40548813
-1.1025087
2.1296105
-1.9319661
-0.35901773
-2.43284
-1.0896145
-0.9008865
2.5026984
-1.021634
1.294503
-0.1363105
0.4637394
-1.3286991
-0.15299037
-1.4886864
-0.8222877
-0.8854288
0.012906916
-4.504532
-0.5937571
1.6299125
2.6212692
0.38285482
-3.7402704
2.019446
-4.1575704
0.5502454
-2.9999774
2.1165104
-0.50829375
1.649513
-0.8100471
-3.88523
0.97989637
-3.080142
-2.1347456
-3.0922966
4.0418534
3.1241784
0.1712709
-2.008119
-1.4809611
-1.6446586
0.3563243
2.7089486
-1.2830805
-1.3827387
-0.75885856
-1.2741009
-5.5793552
1.2053
0.31525493
-0.9531264
-1.4753554
-2.2169483
-0.687741
-0.6888277
-0.29274634
1.679897
-0.15369163
1.6655246
0.101035416
-0.49580133
-0.6221689
3.1269386
0.11118978
0.22460362
-0.8205179
0.6858393
-0.6235669
-0.7588515
1.7271862
0.11155646
0.45867085
0.94382036
1.2474966
-1.1319057
-0.183159
2.9714031
3.0705314
-1.6554544
0.12815899
-0.6965641
-2.431103
-2.7958748
-0.63055
0.23207664
3.4911585
-2.6704116
3.6485627
0.06063296
2.3615954
1.1541463
0.7875822
-2.5953777
-1.2499214
-3.1357207
-0.8423201
3.6113226
-1.7446451
-0.2336654
-1.6760298
1.2594411
-0.4077253
-0.2890994
-0.36938918
-1.0793668
0.15031448
0.40824395
-0.4321597
0.89307153
0.17277294
-1.0193801
-0.7224808
1.2304455
-0.7310367
0.912231
-0.41958833
-2.0289202
-0.8809458
2.102975
-1.4501268
1.3758522
-0.8734892
2.7103693
-2.015668
0.65640426
0.92839646
1.156319
0.75534916
1.5462512
-1.3371187
1.5901031
0.41019323
-0.026526503
0.5319264
-0.56262136
-0.42606768
0.9136382
1.939026
-0.97409797
0.05176743
-2.255858
-3.5269077
-3.601528
-1.3381466
0.1795227
-4.5639625
-0.039078034
1.335799
-0.5679754
0.40500453
-0.53846216
-1.3717108
2.8452294
-0.8852449
-0.38570884
1.4967238
0.4992429
3.9361038
2.7028344
0.5076831
1.5985788
1.4229773
-0.603757
-1.3584937
0.67043614
0.8815476
-1.5274698
0.8555109
1.6202925
-1.3893037
0.03791713
1.8680176
-3.0366693
-2.0979464
1.451597
-2.1100488
0.63858384
-0.7176907
-0.43287563
3.125615
0.96913725
6.101961
-1.5500382
-0.4146672
1.7348678
4.8106065
0.81288046
-1.4504851
-1.0083474
-0.80167437
1.0315695
-0.8987095
1.5293542
-0.039199766
1.4179108
0.15729699
-3.447469
-0.5950392
2.7632413
0.9027706
-4.26507
-1.2628165
1.5264915
-0.2525522
-0.37328395
-2.4844677
1.4537386
3.2771764
-0.3789869
2.5809565
1.4730979
1.557866
0.8977107
1.84253
-2.3600552
-0.08151833
1.2464589
-0.5837137
-0.24508792
-0.37585774
-1.5165055
1.7582525
2.8116434
-1.1129637
-2.0846403
-1.6313761
-3.870489
-0.39056557
0.59898746
1.031328
-1.274396
-0.7771434
1.3152146
1.535912
3.3671322
2.7523038
1.0878446
-3.568327
1.9039913
1.0556189
2.5559888
-0.55035293
0.2307708
-2.663451
5.899462
2.5643854
-0.952899
-1.4152883
2.6937273
0.68410456
-1.3664376
1.1576204
0.5646673
0.5979092
2.0155718
0.70635045
1.1994774
1.2495295
-3.636665
0.19892275
0.60755664
4.2542267
-2.0452788
0.29598886
1.9944813
0.1053967
-2.9956222
-3.1416123
-0.27383223
-2.4725647
3.007908
1.2231524
2.5832016
-2.1865785
0.062379494
-2.936085
-0.17485648
1.3916831
-1.543368
-1.0417411
-2.550601
-1.8772316
-1.7233202
-2.0590672
-0.63373834
-0.781215
5.463466
1.0939534
1.7757015
-0.51726407
2.4362376
-0.15553607
2.4735625
3.1294332
2.4823685
-1.5539395
-1.508059
2.5354383
-2.780864
-1.6015879
-0.68225324
-1.9453362
-0.41911063
-1.2608794
-0.3666649
-1.742811
0.7179994
4.242059
0.85390544
-2.7063189
0.7508382
2.765408
3.2889965
-0.9538348
-0.8626004
0.30377913
1.326946
-0.82432294
1.4527168
0.64650744
0.7640479
0.6343766
1.317336
1.904422
1.8103536
2.090006
0.62123847
1.6762247
-2.5774078
0.4146862
1.5392715
2.049083
0.15925047
-1.1061379
0.27939355
-0.6160433
3.4021883
0.48932683
0.16250539
-1.2097839
-0.4822991
0.1742523
1.27637
1.7789305
-0.76453394
-3.0459518
-0.17461629
1.5066483
1.4687976
0.7987166
-2.7529063
1.3120522
0.94186145
1.7842267
1.722111
-1.7598871
-3.7933059
-1.1852077
0.012285948
6.639042
1.6287022
-0.55804265
-0.29978663
1.2627687
3.79892
-0.7469778
0.45966524
-3.1350782
1.4188422
1.3812748
0.53619105
-0.0835597
-0.9032552
3.5350661
2.5371819
-2.0006971
-0.8911589
0.2986479
0.9565153
-1.5245396
0.7021308
1.0144192
-1.2225682
-1.7481145
3.0227094
0.035232622
-1.391872
-2.5935302
-0.9383274
1.2253742
0.25992188
-0.13739711
0.995931
2.9836822
1.8613982
-2.5179145
3.7402792
-1.9897447
1.0947529
2.273285
2.0316474
-1.5599262
-3.556739
-2.81479
2.0013404
2.766053
1.5077482
-0.4489899
-1.7721218
-1.6119667
1.397037
0.073434696
-4.773998
-0.44880944
-0.31372213
-0.9119237
0.7346739
-2.4619045
-3.2998595
1.7724528
-1.0851598
0.16683742
0.54106754
0.6522374
0.6477147
1.6504571
-2.6794612
-0.9468758
-2.9370413
-1.154516
-1.0902506
1.2738022
2.9614377
1.7272389
-1.8416494
1.2616587
1.9139286
0.75188804
-0.22487283
3.5778682
0.12869456
2.8518925
-2.402447
2.5246234
-0.15038049
-3.2698743
-0.2789723
0.40833187
-1.2175655
1.7491505
-0.05518853
-0.55434376
0.85332316
2.6424387
-0.5965069
0.59780085
-2.8922477
2.079789
-2.216927
-0.4811117
1.7905804
1.9287758
-0.47821522
-3.9582982
0.37967065
2.1902664
-2.130601
-1.4598482
4.1339293
1.1597699
-2.069969
-0.46321204
-0.4884804
-1.8002334
-3.614154
0.49539843
2.000256
-0.18782474
0.8434185
-2.031102
-1.320972
0.000599131
0.83841455
-0.56674296
-1.6343634
-0.794787
-4.1619163
1.8367996
-0.32754913
-2.2529352
-1.2133824
3.0479996
2.0346856
-1.1580974
-0.61968076
-1.1226392
1.5952666
2.6523743
-1.714533
-0.4596664
2.1874242
0.5626626
-2.7901413
0.4741977
0.40623602
0.9417173
-0.44730338
-0.604111
-0.39779702
-3.430397
1.8120335
1.5285165
-0.79940003
-1.5003258
-1.135049
-4.0271883
0.18588802
-2.8128903
-0.70714945
3.0730047
-0.91019267
-0.8793161
0.933322
-3.6550167
-0.56388533
-0.41873324
3.3459423
1.2768009
-0.92337537
-0.7475029
-4.0300117
-0.79903936
-1.660029
1.805714
-0.22807899
0.971445
-0.21556178
-1.7631804
-3.385725
-2.280745
-0.1536256
-1.9863449
2.86036
2.4829507
-1.3758003
0.26846758
1.5925955
-1.5301844
2.6924973
1.168584
-1.1623199
0.917737
-1.7160703
2.1855326
-1.5689621
1.9301076
-0.79999423
0.5748325
-0.3455965
-0.35116765
0.9949178
1.4913203
-0.74157584
-2.4309518
1.1186887
0.4919884
1.2961477
2.4221618
2.1439102
-0.61726373
-1.3368453
-0.9417152
-0.9318297
-1.3388925
0.14877504
-1.6484361
1.3751522
2.3750365
-1.949452
3.4533398
1.1834848
-2.1005006
0.06844702
-1.4119003
0.93620056
-0.26599324
0.35384265
0.55995446
-0.12206635
-1.3559039
-3.48924
-1.4491911
2.3797636
-2.570981
-0.15118629
1.6721147
1.4844851
-0.74447054
-0.5679592
-2.703965
0.03191728
-2.577396
0.91450495
0.30130476
-1.0550567
2.0422876
-2.81249
-1.4529881
-2.8455243
-0.099810965
2.3421133
0.2959253
-0.21774781
0.60900784
2.6253238
-1.378565
-1.4841518
1.593526
-2.291619
-1.0719421
0.91111666
3.6109731
0.6389041
0.9311025
-0.73250526
2.2924986
-1.4824084
2.8931234
-1.3855816
0.2614818
-0.031920522
-0.5292304
3.3442783
-0.70099497
3.412849
-2.2489169
0.8337374
1.3035585
-0.36155242
-1.6260846
-1.9068148
-2.4161968
2.9278722
-0.61339533
-0.39582294
-0.3989221
-4.217771
0.061429203
-1.7506182
1.0346446
2.145552
0.77893263
0.64602536
-0.082962275
2.581516
4.401953
0.3667776
-0.52655196
2.677336
-2.3239954
-3.253331
3.793528
3.4548178
0.6068197
3.3017302
-0.86590046
-1.7007164
2.787366
0.12807554
-0.021236021
1.2346523
0.45297882
-1.1698732
-0.11531504
-0.7106706
-0.5429057
-1.1828592
0.66523826
-0.288808
-0.6150016
0.2302888
1.7303956
-1.7211756
-1.6292117
-1.9102404
-2.4306374
-1.154605
0.86851704
1.4878327
0.77241963
1.6214888
-2.5725818
4.5708
-0.19839671
-0.3392407
-0.15707067
0.75163364
0.70802784
0.8679639
-5.1661005
-1.0392423
1.9505956
-0.14845215
-2.0262976
0.54266596
-0.08797115
-1.9770541
1.3809992
4.777353
3.0068207
2.1419725
-2.3789134
-1.2550647
2.18327
0.045407496
1.1938717
-1.3644594
-1.545662
-0.39439365
1.9855877
-0.5290459
0.870952
1.2378716
0.44299832
1.9823362
-2.221673
2.736409
-0.42116547
-2.45654
1.3949845
-1.6116068
-0.88210386
-0.7174027
-0.17880885
1.0800141
1.7558495
-2.0804205
0.985184
1.560691
-1.4717195
-1.0351439
-0.8983942
-0.6254823
0.6597127
-1.3627639
0.46422324
2.2270052
-0.78047293
1.9185905
1.9706305
-0.4613163
-1.4747251
0.5916437
0.68208784
-3.9047823
-1.167573
0.0022542626
0.254691
-1.3148806
0.35951483
-3.9778776
-1.3630447
2.5623882
-1.1168242
-2.5307865
3.3572905
-0.56169283
-0.89411044
-0.20246245
-0.99507606
0.4567733
-1.7062476
0.08087314
4.4219007
-0.91719013
0.1712651
-1.4822419
2.3990707
0.45373306
1.5971113
-1.810186
-0.1826905
1.0526626
2.181182
0.041805394
0.94828117
1.7742317
-0.118636675
2.2782369
-0.19926298
2.5325603
-0.74286246
1.3011628
0.49333
2.4951212
0.7734859
1.5131916
-0.68994105
-0.09249661
0.79741985
1.1968483
-2.8929222
-2.0518603
-3.4046772
-1.7786976
2.6313558
-0.24998674
1.0286207
3.0878081
-0.69897646
-2.019012
1.675789
-2.0327594
3.7320702
-1.6727064
-2.8359907
-1.0091035
-3.4500003
1.589168
2.1454473
1.9009359
-0.7224555
2.5489223
-1.7158884
0.6936634
-0.43160087
1.7710348
-0.36419603
0.32569623
-1.0764828
2.5042906
-0.2176132
-3.0099187
-0.15898612
0.007448405
0.7169655
1.3680196
1.4505496
-0.8505517
0.22228357
-3.7051299
1.126355
0.6704805
-0.8353121
0.0786375
2.8064907
0.11122622
1.4760802
-1.8836282
-1.5190712
-0.6185587
-0.03687936
-0.010677658
-0.9179851
-1.7795544
2.0352933
1.3583268
1.1243714
2.8295035
-2.1085207
2.0203257
2.3037071
-2.2903678
1.6540221
-1.8020331
-0.60268605
0.72601026
-5.4537945
0.54590124
-1.8972698
0.37309375
2.9658813
1.4291258
1.4567145
-0.32752195
-0.025099676
2.3904173
2.4334192
-1.4509807
-0.031509683
2.078279
-0.07748777
-3.1299
2.1662393
-1.1651192
1.325034
2.5595498
1.1866251
1.8355274
-1.2378118
-1.7721914
3.257079
-0.37787846
-0.59855896
3.6913633
-4.452747
1.5332788
-1.6482197
1.3603412
-4.7631073
-4.543163
0.43266523
-0.6991098
-2.3612287
1.5805017
-4.134204
0.3999131
-0.045237742
-3.9002504
3.8981278
-2.1006289
2.1939485
1.92798
-0.29851297
2.653281
-3.0116463
0.249844
-4.074071
-4.179943
-3.1464515
2.7117908
-0.8178011
3.069286
1.3214848
2.426008
1.4526378
0.7032879
-1.7636083
2.1595669
-1.285616
-1.9835354
0.37889263
-1.0231888
1.7417533
2.5013523
-2.2132652
-0.45308098
-0.6408753
1.5950118
-1.6951392
0.49776453
1.3948704
0.6353943
1.4053689
3.194399
-0.25320256
1.327868
-0.9395149
1.2532926
1.8642223
-0.64579225
1.0975575
0.4481053
-2.1500173
-1.7308688
1.488545
-1.4166867
-1.7718861
-1.4072242
0.2356694
2.4194646
-6.193183
-3.365661
1.5029981
-0.97299445
1.5841699
0.12189453
2.3820124
0.38865715
-0.40253758
-1.7667853
-1.1860617
2.3637443
0.19243255
2.6658094
-0.31005448
6.686727
-2.4666188
0.2000309
-0.9502053
-0.33004856
0.11778839
1.7625854
0.3707649
-3.0962524
0.86306936
0.90067524
-2.4896417
0.31993526
-3.2065644
-1.8368818
-0.4323422
-3.0421464
2.0877452
0.47764885
-1.5600437
3.0195515
1.1969275
-0.04501942
-0.9252802
2.2688446
1.3245599
-0.01647032
2.205105
0.17813477
-3.4545093
-1.4039017
-0.3392175
-4.1589417
2.4911048
0.2561987
-5.0226626
0.36006635
-0.89112365
-3.427321
-3.4339435
-0.01756268
-1.2476636
-2.309308
3.1769052
1.110707
-1.0405024
2.1421416
2.38016
0.63424367
2.5449002
1.1914271
-2.569425
-1.4559984
-0.5814969
-0.3383638
-3.0464814
2.23887
-0.47374794
-0.5288981
-1.183425
2.3758583
1.821202
1.0982574
2.121514
1.3630296
-1.420592
-0.25729832
1.5433345
1.1724898
-0.65508264
3.814361
0.94074035
4.4910846
4.6747665
4.1567054
0.09563363
-2.1123838
-0.22458902
0.018351614
-1.4756049
-2.6378727
2.0782475
-1.1469693
2.8777013
-0.78395987
0.59873205
2.115112
-0.43644845
0.47480434
0.8604004
2.039516
-1.0039474
-0.3808427
1.4201268
2.4214416
-2.8579013
-0.83071303
-2.5174336
-0.5612246
-0.3926949
-1.6252974
3.548271
0.22614434
-0.52826655
-0.06882611
-2.9087358
1.1364542
-1.3445399
-0.49010733
1.7456373
2.440586
-1.2528985
0.3068049
2.334084
-0.7216281
0.97034603
-1.434169
0.41592473
0.9754686
1.3210088
-0.8974933
0.27790138
1.5175167
2.418557
-2.5998325
-0.67335534
-1.3535926
1.5618494
-4.5480766
-2.1588783
-1.5621923
-0.21423398
1.4852659
0.47845703
0.6382052
-1.2753829
0.08404939
2.919002
-0.53317684
1.7903947
0.2438333
-0.92847145
2.0475204
0.53164643
-3.2388077
-0.41571072
-3.0157468
1.1064739
-1.5869609
-3.5434413
2.6296504
4.5901027
-0.14502743
-0.17785522
1.578753
0.34671795
3.2608109
-0.25170952
-1.3511252
1.7181202
-0.5996803
-0.9342716
-1.4916544
-3.4127507
-2.4822943
2.894157
1.7807045
-3.6640875
-1.3854202
0.8360424
-1.783126
-2.439823
0.16557695
-1.961046
-2.8499618
1.467505
-1.0677705
-2.5501328
0.06256427
4.4839134
-0.11680442
-1.5668033
1.2637602
1.7621552
0.3999489
0.41255385
1.07677
3.625515
-1.8310378
0.25929543
-2.750249
2.7819605
-0.43877134
0.7947748
0.42257473
2.409546
0.12123051
-4.4007225
1.3909485
0.09468619
0.013155624
-2.1104498
-0.08385696
2.4843667
0.60173917
-0.4126622
-4.6108484
-0.2908281
-0.5449096
0.306441
0.37513196
2.2862093
-1.2080246
0.07902204
-1.9829296
-0.54535174
0.45677793
0.30552608
-0.37442484
-0.63818604
3.0210624
0.45890886
-1.1100104
-0.60870093
-2.3418229
-0.8575187
-1.3058469
-0.6783202
3.2130072
2.2789953
1.3213636
0.3424846
0.71330196
1.4906335
0.2951295
1.3328031
1.0743942
-0.12864977
2.7432544
0.8254684
-0.71544045
-2.8323865
-1.4945828
-0.12427409
-0.1398015
-1.2898716
-3.1237142
-1.1675209
-0.38243353
1.289305
1.3161266
-5.5654655
0.4909369
1.6396185
-0.6812757
-1.9363053
-1.6742799
1.0433761
1.5971262
-0.10296966
1.3011892
3.5170689
-0.21819597
-0.5577841
-0.95611376
-4.081527
-1.6074194
0.86822253
-0.51542807
0.28420624
-3.8882573
0.5468612
1.1947087
-1.9655379
-2.66547
2.1455586
-2.8550315
-1.4757446
1.941704
-2.978508
-3.3858156
-2.0776515
1.5755782
-1.6966076
1.4486824
-0.65232164
-1.4169713
2.04338
1.4299376
0.08755339
-1.8861735
-1.725037
-2.9777055
1.9012564
0.7201426
-1.3337346
-1.5155153
2.37626
1.873798
2.483194
-4.557031
1.6500884
-0.7308845
-3.6912832
1.6388252
4.1858006
-0.27501318
1.0659145
-2.5044684
-1.1195707
1.5346943
-2.1615727
-1.6849754
1.3605186
0.7904708
-2.4575162
0.19066568
-0.39064133
3.07963
1.0714035
-2.6825552
1.5954815
0.2411342
-0.16841301
0.86586374
3.182274
-1.0556581
-1.0185716
0.5968168
-0.18157715
4.912031
0.54842615
2.556802
-2.0641947
-1.9430221
-3.8438349
1.8077227
0.38190454
-3.5142477
-1.932645
-0.43606818
-1.108887
-1.2582351
1.3611507
-3.2514195
-0.38571092
-3.1336184
-1.4632313
-0.42178988
3.86755
0.7978191
3.1448362
0.1497096
5.217905
-0.5413083
-1.0658352
0.6042659
3.5438745
1.0936941
-0.3472439
1.1959754
4.025333
-2.2330434
0.27334997
0.64705336
-0.5137547
1.9042418
-0.08041384
-0.6963533
-0.34049523
-2.140783
0.14985365
5.9927707
0.7477625
-1.2235932
0.74690354
-3.0716012
-1.8850249
2.607546
1.2650588
1.2645643
0.48290104
0.14870346
1.5382951
0.5555613
-0.44712165
1.7132906
0.7442972
0.4863475
4.5386925
0.07357952
-0.85258657
-0.24549651
-1.8866173
1.7331674
4.273303
-3.2025142
2.2566876
-0.6821846
-0.4454599
-1.110371
-1.4999428
1.2478867
-2.7808278
0.3959524
1.3801426
-1.2794523
-1.3696946
0.87799025
1.1350003
-2.112309
3.3556144
2.886826
2.1124444
-2.2961473
0.6809667
1.0897024
1.4636115
-0.6026072
-3.0570989
1.835286
3.6444097
-0.12850283
1.1782677
-2.579147
-0.95288324
-2.6192892
2.496196
2.0110428
1.2074969
2.8711307
2.437219
1.4947772
-1.4681911
1.7952803
2.7942905
-2.212697
-1.9335766
1.325779
3.9148211
2.6632593
-2.862127
0.5686185
-1.2330372
-0.6455212
-0.64770955
-0.19400644
-2.1624084
-1.802559
-2.4208026
-0.29922765
-0.18346696
2.5203226
-3.4794261
-2.7463274
-4.238444
1.7977233
2.0842187
1.4042593
3.3057334
1.578519
2.1136177
-1.6569755
0.12209278
-0.84335005
0.3006528
0.25428334
-2.2320461
1.8976039
0.64245355
1.4710416
0.9984416
-0.32190633
-2.8197107
-1.4987423
-0.22558881
-0.15971687
-0.075944915
0.86557007
1.3164845
-1.9534749
-1.1661515
0.5408523
1.0856043
1.8843534
2.9619472
-2.1258078
-1.2252957
-0.90060514
-0.41194856
-1.2316375
2.7081804
-1.4167023
-1.0628743
5.194201
5.3072567
-0.20543846
-2.3849835
3.4900265
0.91843987
1.9985905
-2.9026327
-0.23238087
1.2365601
0.5864161
-0.34210232
-0.23136097
2.3416038
0.7946422
-0.7272059
-1.744437
-3.238276
-0.14328483
-3.00727
-1.0828525
-1.8546271
-1.8023759
-2.2126737
-2.2990954
-1.0655681
1.0136002
-0.025685579
0.055737544
3.6844144
1.4827244
-1.2825338
-1.6417927
-0.8484704
-1.192586
-1.0780885
-1.04043
-1.2372085
-0.25821936
1.9081414
0.5305411
-0.76885635
-0.27322158
0.51457155
-3.237892
-1.4864897
1.5646259
1.6361679
-0.55409366
-0.053770233
1.9376242
-1.9545693
-0.6547931
-1.6018087
-0.4895358
-2.351944
-0.3032488
-1.6066637
-1.9576935
1.8080114
-4.569937
0.8523845
-2.9734771
-0.94189584
1.2937088
2.633951
-4.4511294
-2.1480508
1.6996865
-3.9331617
1.0790361
-1.0403535
-5.8632565
-2.5821326
-0.04098984
2.3086362
0.10818505
-0.8580773
-0.46707314
-1.4761345
0.111499235
-0.25834024
-1.2449299
2.4135356
-1.0166011
1.5266577
-2.1155634
1.4048742
-0.0076903254
0.2540198
-0.45701408
-6.3136487
1.0013498
1.1426821
0.8926039
-1.998367
1.453766
-1.126736
-1.2575712
-0.8280699
1.5618782
0.5163084
-0.036508
-0.14440086
0.58360094
-3.5829191
1.1806344
0.4041169
1.9257811
1.4965587
-1.429893
-0.75872815
2.3229377
-1.3852377
-1.4961392
0.07298536
-4.0022545
2.5433073
-2.7813346
1.786996
0.21882752
0.7519247
1.4487486
-4.068509
2.0059688
-1.5050153
0.024103694
1.2903812
-1.2925545
3.499034
1.5519205
1.1884074
2.2984378
-0.5066692
-2.7618797
2.0155904
1.0884966
-0.45059538
-0.73661584
-2.861955
-1.2652624
0.7123061
0.541593
2.5540588
1.4238294
4.9077196
0.99947447
0.028044235
2.230073
-3.5006294
-3.2009442
1.7782695
1.6112934
-3.193597
-1.7895385
-0.03692147
-1.7149147
-0.43022293
-0.93919903
-0.2694682
-2.3072786
-2.352186
-0.12795752
-5.4382634
0.7098334
-0.50411046
-2.0098352
1.1277509
1.560029
6.2449512
-0.06109353
-2.6389964
-3.43719
-1.9883531
-2.2523773
-4.112566
-2.4819624
2.0906315
-3.9892924
-3.6679838
1.0236399
2.0914898
-0.6591995
-2.3561654
3.0069134
-0.51693225
1.8633573
-4.022781
-1.1611382
1.1545035
1.1417611
-1.2967649
-2.98712
3.3379214
1.4953784
-0.895759
2.1951275
-2.2696898
-1.8607969
-1.1692219
2.2394676
1.5557578
-0.90064406
-1.712739
-1.7436652
3.295694
1.9554543
-1.1584834
-1.0818187
1.2176973
0.89060575
-2.1529636
3.0395532
0.6162993
1.1741717
-2.438065
0.16743714
-3.0818768
0.43300644
-0.8895871
-0.9775907
-0.98261094
-0.09987504
1.4448167
-1.3798676
2.0908043
0.22847652
-0.2596451
-0.6238056
0.7029775
-0.5465506
1.7903781
1.8790206
-1.4937774
-1.7694055
1.6886412
1.9408481
1.4063497
-2.3269227
1.9743706
3.6160166
0.256558
2.0910306
-1.3896519
-0.7198152
-2.1527574
1.544044
2.274319
-4.652713
1.1831032
4.453146
0.6410125
-0.8767493
1.2161051
-1.9698156
3.306822
-0.76674575
-1.9550954
-1.2081978
-0.45025176
-2.9661386
1.6904399
-0.88417274
0.50344247
1.2671062
4.011693
-0.01141388
0.7545874
2.0626616
0.14159301
0.75075316
1.176106
-0.73748213
-0.252231
1.8994112
-1.5923475
-1.2369622
0.03033106
0.31698257
0.6113957
-2.7059126
-1.0599089
-0.5199459
1.3381629
-4.433912
0.88086593
-0.23060396
-1.6291454
2.4390078
0.3947866
2.0625775
-1.9547952
-0.5135371
-0.7129323
0.45762706
-0.8338461
1.0750134
-1.5588192
1.6990303
0.38968915
-2.641053
2.2416308
0.3086787
3.04825
2.0981708
-0.12214637
0.34706125
-1.0468976
-0.8527003
1.6723019
2.5245974
-0.18645212
2.283005
-0.7265783
1.1780522
0.5013085
-0.009575687
-0.8908012
-3.2072554
-0.7817137
1.8736527
1.8023263
-2.4687207
-0.040300366
-0.12683241
-2.7970972
-3.8688807
0.9026883
-0.4154947
1.3063195
-2.2351532
-1.3333073
2.8312683
-0.73956746
-1.4077767
1.1187713
-1.6301751
-0.3701898
1.9281418
-0.59179807
0.38372305
0.92040104
0.12095967
-4.0643053
-0.5368842
-0.039900094
-0.8005951
2.8025284
2.827519
-0.31528032
-2.1271486
1.7584057
0.24607095
1.1552289
2.9139178
-1.0766236
-1.2860099
2.8235142
-1.175705
-0.4743737
3.4345691
-0.7448472
-1.2747941
-3.0066576
1.5295534
0.556494
-3.7753565
-0.4602435
-0.87859964
0.29541406
0.7077469
-1.5078384
0.200345
-0.8679818
-2.783764
1.9888003
0.644451
2.982251
-2.5851586
-0.85555536
0.598833
0.028255321
1.0433811
-0.5115474
-3.587999
-1.5227119
0.5052218
-2.776893
1.8985641
1.8611029
1.171481
1.6522061
3.590196
-0.5319964
-0.32545942
2.6659849
-0.3385344
-1.9536583
-0.93259925
0.5193228
0.4611044
1.3437815
0.4172984
0.5975892
-3.401547
-2.39289
-0.18150383
-1.5816535
0.10542189
0.019985422
4.5665216
3.6147456
1.1825087
0.7082526
-3.3834133
-0.5521225
0.05013793
2.0221436
-0.5821041
0.6121781
2.4187198
-1.9650573
2.415368
-0.17526795
-2.6205335
0.13389514
-3.2340405
1.8963795
-0.9402004
-0.4260791
-0.6807799
-0.07649083
0.5167678
1.3018517
-0.24527888
-0.39627147
2.325811
2.748691
1.338261
-0.075344294
-1.3742927
0.5696876
-2.7452292
1.9132439
-1.5592896
-1.2316606
-0.37060285
-1.1043975
-1.8038104
-0.86673284
1.0953386
-1.7070085
2.269633
-2.405641
1.1779367
0.86071855
0.6039255
-3.4552252
2.5980003
-0.6241878
-3.838504
-1.3200821
-0.54189074
2.61422
-1.003303
-2.0312295
0.38818693
-2.0076895
-1.6561731
0.2766423
-3.418348
2.0653105
-0.72834027
-1.3342385
0.16452536
-0.21298671
2.9721398
-0.7115584
-1.8995675
-0.7014656
0.009535052
-0.52496225
0.85961145
-2.0927637
0.7506207
-3.8389504
-1.3443865
-0.5378431
4.339406
-0.66901284
-2.9497254
-0.6783273
1.3941729
1.3003823
-3.4186895
-1.6453458
-0.08488715
0.68860096
2.27835
0.7051384
0.68202305
0.49098086
0.7323743
0.42583027
-3.6969762
-0.14006338
0.74345386
-0.44596142
0.3029554
2.4199693
2.2731895
1.5113786
-0.5541007
0.53630054
0.96028095
0.5528004
-4.2503614
-4.8414392
-1.4784192
1.5401103
-1.3377464
0.44218263
-0.08058519
-2.6819453
-0.89086956
4.7661285
1.0861555
-1.910169
2.552577
1.5698634
0.41751435
3.7129352
0.4412101
-2.8264556
0.46435878
-0.6316469
2.7901118
1.3332388
4.585511
-1.773191
-0.26531887
-0.8163583
0.08267891
-1.3019309
2.3929162
0.3653207
-1.7152872
3.0063357
-0.5428276
-0.87646437
1.0652542
-1.2672225
-0.7041415
-2.1000001
-2.9511914
-2.139026
-3.6664877
1.8342597
-0.8442335
3.9312332
-1.6012032
1.6999761
-0.6854292
0.33508292
0.30090073
-0.5460578
-0.9024361
-3.2752748
-0.47039923
-0.5285027
1.7338614
0.5078257
0.46232215
0.29496986
-3.2642264
-3.2631297
2.2514815
-0.89221376
-0.27925465
-1.1639632
-0.08611914
-5.5880256
-2.6582854
-1.0252111
-3.6903734
-1.5662564
-1.4561927
1.4828227
-2.1872957
-0.947701
1.9724901
4.8354297
0.7153988
-0.40921584
-1.9717678
1.1931328
0.08485346
1.9909595
0.1897617
-0.7331521
0.31979042
-2.3201015
-1.232396
-1.9420192
-0.012931436
0.7087168
-0.6846529
0.9092048
-0.5286047
-0.81229556
0.3197598
-2.1186342
1.9610966
-0.52511066
2.2076595
1.6826735
-4.5310025
2.064322
0.53761715
0.69949305
1.9827783
0.026016273
-1.0539218
-1.0616262
0.7715236
-0.5270071
-2.2660248
-1.5794412
1.7771553
1.6032244
2.0557535
0.7513423
-0.7853527
3.3716443
-0.06532257
-1.5171541
3.2040777
6.1738625
-2.2198057
1.9125828
5.121026
1.147294
2.4109917
0.8683353
-0.5883898
-1.9085702
-3.7548215
2.1879487
-1.1126485
-1.2348449
0.21192886
-0.063380376
-1.010849
-1.5149872
3.110902
-2.3280213
-0.303757
2.2528691
2.6273642
-1.8477651
0.6519788
-1.0537661
0.3491774
0.29173082
2.4902396
1.217704
1.4440868
-0.869939
0.81950563
-2.440139
3.2237892
-1.812328
-2.585157
1.8734189
-3.0952082
-0.5159624
-1.7278934
-2.0658877
-0.79104996
-0.64563954
-0.46071142
0.5046575
3.1346073
-3.5807157
0.2148506
-0.29560703
0.3926975
2.0706103
-0.31394282
-0.9445195
-0.64611566
-1.7970128
4.1132617
3.009707
0.46665066
-1.4545227
-0.31812817
-1.3888619
-3.0153112
0.90657073
-1.2147137
1.2793537
0.1903389
1.1618756
2.015396
1.6671158
-2.620893
-1.1326146
-0.13715169
2.6457179
2.2191374
1.3588134
1.8382384
-0.2946504
-1.4211117
2.2079163
0.51189506
5.981292
-0.1631616
-0.99296445
0.27740005
2.393444
1.7871193
1.9443796
2.2342918
-2.3494298
1.0992264
-2.1127763
0.39942968
-1.1880763
4.9717417
-1.6752287
-1.0940495
1.3348399
-0.7073019
-1.5405904
0.1090194
-1.3934332
-3.4616416
-0.6813295
-3.1774416
3.9583232
0.5304456
0.49482438
-0.54955083
-1.0172572
-1.1143812
0.3261597
-2.365232
2.88907
-0.16291672
1.2854948
0.04577616
-0.06257748
-2.468633
-2.7942417
-0.8513532
-2.7782588
0.82251954
-0.32922447
2.4231415
1.9079235
1.5174843
-1.2623912
1.6001219
-0.08272439
-0.98451555
-0.4440926
3.0364885
0.0568757
-3.4658258
0.8169146
-2.8526227
0.32929188
-2.4209547
1.1529075
4.2091413
0.9362734
-2.7230036
-1.1075778
-0.8631748
0.5534383
-2.0254414
0.09994897
0.39069703
-0.6309972
0.19478303
-3.196613
-0.16879125
5.2014947
0.83983094
-0.7995001
-2.0230107
2.265073
1.1216758
1.1846597
-1.5742495
-1.9964927
-3.251048
0.046232775
0.6230435
1.7894073
-4.173649
-0.57976156
2.2501755
2.9221785
3.3741136
0.2433355
1.4179513
-0.7082706
3.6470845
0.046151623
-1.0732018
-1.8582555
0.46443677
1.8059597
-1.8291482
1.4351342
0.027869686
-1.8580873
-0.7537176
0.9413667
-1.2097311
-2.0213003
-0.9021728
0.93118477
0.830862
1.3764073
0.8932314
2.0668895
0.12990817
0.9337937
0.38922682
1.2000365
2.7775002
-2.252285
0.3244494
-1.1032107
3.0776937
4.224175
1.1465313
1.2241473
-2.7687778
-2.2035923
0.57176125
0.3131923
1.2957193
1.2720041
0.48498607
0.40553832
-0.02627714
1.8024305
0.36316314
0.73494375
-0.92797107
1.7768517
0.7843697
-1.6609057
-2.231437
-2.0520654
1.8267713
-1.2104431
-1.3246912
0.93204725
-3.908413
0.2565287
-1.070213
0.09894993
-2.0727854
2.2351265
-1.0018371
0.8913366
-0.803249
2.5737252
-1.3426565
1.6769662
2.361373
-1.9494653
1.1117742
0.3848316
3.8385522
-0.8540141
3.66864
1.3594451
-1.4977102
-3.1410964
-2.824656
-1.2366221
0.17064896
3.1930819
-1.2203482
0.024983577
4.9926085
1.6601999
0.2847815
3.5040727
2.442079
-0.90264004
1.052203
-1.1832743
-0.9505023
0.531873
0.59517473
2.072985
-2.430982
-2.0110984
-1.1550326
2.7557342
-0.5735445
0.43877542
1.0377483
-4.7081656
1.8752848
0.82209337
4.623542
2.8549862
-1.2127775
0.8000647
-3.0961154
2.0115974
3.3314714
0.30980536
-1.3110507
1.2636498
0.16178724
2.753167
0.46182847
1.2352992
-1.0134553
-0.11519163
-0.049721025
1.364921
-3.535598
-0.19670466
-0.71690583
2.673479
-0.6135376
-1.8372511
1.8879163
-2.3804348
-0.66457874
0.15289214
3.6422868
2.2982535
2.572004
-1.3584377
-0.2568406
-1.3438394
-1.8351954
-2.184353
0.6428464
1.6780933
1.4560364
1.2901316
-1.7325345
-1.0214692
1.2362068
-2.5069213
0.87192065
-0.70686704
-2.22917
1.3318256
-1.5748156
4.4319134
-2.0659614
1.2799175
-1.6383171
-1.627341
-0.7905156
3.8263018
3.520807
-0.36241886
3.5576584
-3.4102626
-2.2426481
1.4721498
2.3387332
2.0481272
-4.8005266
-2.7637546
0.7420687
-0.5634923
-1.1442453
1.8103437
1.140889
-1.5452142
-0.84266436
0.45567107
1.7717184
1.2192312
-0.96029073
2.4848382
1.4989038
3.0073075
-1.2083148
-1.6420699
3.438269
-3.2126
0.4608061
-0.89860463
0.5608481
0.59139085
1.421173
3.0534647
1.6199589
1.1339575
-0.18763548
6.126297
-1.3939567
2.1405017
-0.040385604
0.74414355
-1.1056491
-0.91414607
-1.9763368
-1.2417803
-1.0759528
-1.2884812
1.2689694
-1.0037012
0.14801395
-2.0843434
1.2581753
1.9445126
-2.5042374
-3.6908207
1.5582025
1.5714729
-0.5163839
1.001985
1.1384583
-0.9475525
-2.3796587
-0.4773362
1.1311834
-1.0274333
4.4440565
-0.6424761
-1.0574363
1.4100091
0.61259985
-2.870898
-0.9858941
2.550016
1.0548189
-0.6250476
5.0377336
1.3096501
2.179468
-2.2470927
-1.7854517
0.7335023
-2.4933844
-1.1309199
1.1319082
-0.6152587
-0.17531991
0.7911086
-4.024195
-2.647237
-0.7273314
-3.3386948
-2.1924837
-3.1248975
2.6079164
-1.7541934
-2.3416905
3.7558625
2.4090278
0.82257843
0.9915132
0.92872757
-3.9987712
2.3582137
1.8662511
2.504505
-0.009263203
1.5893546
0.5540614
-1.6112086
-1.4799136
1.0935416
1.5634224
-0.21962371
0.1874839
1.7872921
1.8900657
1.7262685
-1.5562282
-0.75022376
-1.372535
0.6538463
-4.806667
-0.43494087
-2.0547636
-2.1521642
-3.1913419
-1.0946754
-0.9043874
-0.72379357
-1.3878161
1.9764684
-0.35843974
0.5964108
3.746361
1.3213567
1.4460729
4.597599
0.8070721
1.685242
1.0762769
2.6753256
-0.1169812
-1.8499188
-0.7437762
-0.15508673
0.20148155
-0.5268452
1.4489647
-1.2717102
2.6354167
2.1759756
0.42347315
-0.51644504
-0.43109763
-0.014721587
-1.0561904
2.687912
-2.5960462
5.266124
-0.29555815
1.2610369
3.5945842
0.39295268
-0.57912666
-2.6484587
3.8499992
5.466455
0.1270837
-1.0732259
-1.0772575
-1.1745204
0.54394686
0.1485886
0.54208994
1.6062734
0.530772
-0.122869655
-0.74647886
0.85840976
1.023638
0.70118207
3.4258451
-2.2663
3.4158177
1.7975224
-0.41444737
1.3415323
-2.1186335
-0.3713827
-0.91725534
1.0760889
1.5353642
-0.279945
0.7752043
0.43647546
-2.6194983
-0.21936253
-2.0606487
1.1059452
-1.79953
0.020685613
0.007068876
0.11108403
-3.595147
4.397997
0.26587898
0.86188805
-0.76159316
0.24060106
1.2032821
-0.26441243
-3.150217
-1.3995348
-1.9412082
-0.5332338
-0.7800499
-1.1908386
-0.75020283
-2.2051342
0.20106377
-4.7993865
0.03124201
3.2579694
1.7654097
0.6817014
-0.116801605
-3.9187434
0.10817334
0.6672453
4.9679465
-1.9848461
1.8357671
-0.070594914
0.35287154
-1.0709686
1.4553703
2.3239625
-0.120928176
-0.5533831
1.0492162
1.9006275
0.05151306
0.76852685
0.17537743
-0.45041704
-0.044168968
0.4789883
0.52410096
1.2539922
-1.5692159
-0.18549532
-2.2222407
4.167739
-0.35036805
0.81952494
2.8785577
0.045387924
2.1195922
-0.8349054
0.20326626
-1.7632191
-2.5049274
0.4891245
0.26972246
0.16004437
1.950604
-2.6796749
-1.1829147
-0.0588144
1.9945952
1.2338125
1.10174
-0.968875
-1.713547
5.883713
-1.8276564
1.1325921
0.7864367
-3.3754025
-3.2392445
0.19635984
-1.7770611
2.7720692
-0.067088544
-0.96974385
-0.9923377
0.9661149
-1.3217208
-1.938768
-4.287568
-4.7673345
-0.8411365
-1.3231016
-2.1591349
1.2297838
-0.9066251
0.6807864
0.5096891
-1.2429914
-0.47390708
3.418967
-2.653585
0.76563936
-2.1086109
-0.5813807
-1.8385886
0.61857074
-1.4737201
1.8342679
3.6938355
0.46434656
1.4895513
1.5235052
-4.0716686
-1.3480806
-2.5602725
2.2423947
1.574962
1.3253372
-0.22088042
-2.6302226
-1.0106856
-0.79623485
-0.55225074
-3.106733
0.2704996
-2.1000981
-3.770916
-0.5736058
-1.5356499
-0.24681133
1.5782676
-2.959855
0.3714822
-0.75802743
-2.8869147
3.3662274
2.7472994
-1.0801641
-1.1603435
-3.6954107
-3.2750475
2.3601227
0.017395023
1.7086642
-2.0453153
1.9140086
2.509145
0.1084244
1.0034237
-1.1821948
0.5187985
-0.9590711
-2.8943923
0.27299252
-2.8796785
-2.1561654
1.8617646
2.7660313
-2.3693602
-0.8748668
-2.2527282
0.62871337
-1.5641818
1.2257525
-0.6818553
-3.9228225
-1.9080763
-1.6598858
-0.26594585
-3.993496
-2.0098178
-0.3549685
-1.4966711
2.4854004
3.1874797
2.5510914
-0.3674419
-1.6967095
-0.10481798
1.6410514
-0.026999984
-3.047225
2.035748
1.2417854
0.6667572
1.4587191
0.050467834
1.6842299
-2.0678663
-2.4724624
0.47645777
0.8801613
-0.50781983
1.9568869
0.39904615
1.7484686
-2.3550193
4.7838273
2.7256937
-0.93492186
0.0109375715
-1.812604
-2.8006895
0.6471527
-0.82234037
0.72923446
2.0781856
-0.41927633
2.1258986
-1.5886129
3.453415
1.4396048
0.28115737
-3.1272092
1.4326591
-0.8251743
1.2597753
-3.478829
-1.3813254
0.2455791
0.7806933
-3.1014354
-0.4304731
2.6352627
-1.6909198
-3.3762574
-1.1004149
0.028225377
0.7870221
4.054232
-0.94843
-1.7533691
0.6084564
0.15750739
1.1706825
-1.6762316
1.1415118
-1.0822229
-1.0125853
-3.0296106
-0.59840053
-1.1887426
-2.104286
1.7137824
-1.6917447
-0.3850983
-1.0648068
0.56605923
2.9809937
1.4813156
0.06323483
0.34362096
-1.4558048
1.0894387
1.4360257
2.011352
1.1379303
1.953265
-3.7176933
0.36518973
1.0750312
0.05500827
3.68557
0.3706782
-0.5554697
-3.9250517
-0.53018266
2.8788936
-4.2029796
-1.9860744
-0.6219592
-0.97942924
0.08340968
-1.6918418
1.9800457
3.1175663
0.05881191
0.8791052
-0.40122354
0.4271307
-0.39100498
-1.8235481
1.4241601
-2.48561
-0.3455475
-1.0382038
0.70644444
0.5107853
0.09991807
-2.040761
-2.69764
-0.48516822
-2.524241
-1.6843493
2.2983239
-0.47105005
-2.7995658
-0.7147542
1.8875113
-0.722692
0.09413553
0.7024846
-3.4360616
1.5735477
0.62061554
0.45691663
-2.0928679
-3.174302
2.1830022
-1.8473525
0.9982049
-1.8910614
4.4738703
3.3163848
1.9722631
1.933453
2.0432312
1.4130713
0.8507732
-0.6009161
0.29925174
-0.99518204
-2.1960328
-4.7752
-0.30341786
-1.0452726
-0.5111387
3.7068312
-2.1435392
0.45506206
3.6198845
-1.6493174
-0.2516367
-2.7969
-0.045113154
1.1499696
0.9477322
-1.274293
-1.4272871
0.71433085
0.7966855
0.54042214
4.097782
0.008493669
-1.3007078
-5.044321
-2.994103
2.0145612
-0.77937853
-1.360542
1.0208874
-0.583686
3.0389867
1.4902815
1.5639725
-3.2295594
-0.009410273
-0.37491024
-2.9469604
1.255487
1.2277073
-0.4773893
0.7706574
-0.79491997
0.97235036
-3.223784
0.11550065
0.60660434
-2.7910473
0.44372264
-0.91761947
-0.7278249
0.06765203
-0.17953129
-0.7067355
-2.6103504
1.6038944
-0.868204
-3.3936245
3.13456
-4.010632
-2.2322621
-3.8730745
-0.12056627
0.46787497
0.15709385
3.3313243
3.0669718
-1.6417077
-0.6673856
-0.7828289
0.011297405
0.8782753
-1.858923
-0.07422298
2.1279986
0.54425544
-0.7903274
1.1888297
-0.17206487
-1.8011796
-1.1187675
-1.3023163
1.318914
-1.4423534
3.2242994
1.7632011
-0.1575297
2.519491
-0.21910504
-0.42152014
-1.5203202
0.04525786
-0.28443435
-0.15641624
-0.57899535
-2.3959043
1.2723752
1.6017632
1.7368907
1.2756234
-1.605629
2.1811314
0.66491556
0.96336097
-1.1428277
1.4940513
-1.7448971
-2.684715
1.593703
2.7674909
-2.2079597
0.41601455
1.7353246
-1.2242024
-3.3545048
0.011347853
2.2643776
-1.716751
2.6090765
-2.0754936
-2.60852
-1.8871582
-1.269116
0.7906364
2.3554318
2.1217053
-0.102148645
-1.8467951
1.9514501
0.9291843
-4.7138042
-0.94951487
3.1238246
2.5904188
-0.95508856
-1.2108853
2.7485547
0.06226858
2.7044747
-2.1564856
2.8966851
3.103535
-0.83757204
0.7491654
-0.6658083
-0.91817224
4.4709325
-0.4446897
2.0141191
-3.3390746
-2.1078544
-1.2268424
1.0061134
-0.17882462
-0.81665903
-0.6565895
-1.4749482
0.08666961
0.062605925
-1.3102158
1.1728643
-0.85237163
0.8100115
2.8405323
1.3699863
2.4456584
-0.07566699
-0.52604854
-2.5158753
-0.624712
-0.88728404
0.10604281
0.21482061
-0.077252686
0.41643304
-1.0752895
1.0500526
2.5074115
1.8579247
1.9873778
0.043273978
-1.8671651
-1.0067347
1.324679
-3.6878514
2.4751954
3.172467
2.8729038
-0.040361285
1.6879303
-0.15643342
-4.0399585
1.5332192
-2.5518224
4.615853
-0.46233684
-1.87761
3.624145
0.12717688
0.44918257
0.5722928
0.034657493
-0.85540724
-0.88902485
0.9564095
3.343776
-0.08779215
1.2995476
-2.7962933
1.7409595
0.09413582
-2.7217495
3.1954954
1.96041
-2.5785801
0.9920968
-0.3519147
1.0168738
3.8519318
2.8688495
2.725424
1.4379305
-0.5943859
-1.7275794
0.5183599
2.0834672
0.65954643
-3.784913
0.888838
0.10324433
-0.87184423
1.783278
0.55142486
1.8108331
0.42006332
-2.103208
-1.8054076
2.544794
0.9744067
2.6170397
1.2966379
1.849719
0.89595366
-1.4856637
-1.5216831
-1.1648059
4.227545
1.4301131
0.6833778
-1.8550783
-1.9007593
2.8876443
0.8884849
-3.6658885
-2.1715064
-2.7023416
3.9110832
3.3670878
0.35780615
-0.39181376
2.52273
-1.6049705
3.9050887
-1.6741976
-2.411269
-1.269826
1.691376
-1.9893575
2.8669376
3.9816535
0.5451448
3.4128478
1.1320257
1.9498008
1.1911503
-1.7711049
-0.48559943
-2.38409
0.67767036
0.06942596
2.3368382
-3.07551
1.5307571
2.6371124
-2.1573422
-3.7244713
0.61504424
-0.6766203
1.7693161
1.5209129
-2.6087153
-0.18453918
0.18504605
-1.2437134
-0.07217237
-0.90021574
0.8308502
-0.95370317
2.7118297
0.8021008
0.8257908
1.5437393
-1.2700622
1.5719885
-1.5367191
0.45284796
0.4038871
-1.6767505
2.56119