Sparus
0
-0.34407455
-1.4704723
-1.195143
-1.8231982
-0.39405358
-0.9118094
2.1223137
4.5509233
0.52387285
-2.0057018
-0.95284504
-0.6876755
0.14177503
-0.06099382
0.8706221
1.4092879
0.020560838
2.9950428
-1.2195559
-0.3275561
-0.5029865
0.46292433
-0.5415944
1.6840512
0.41101772
-0.41931713
-1.0177929
-0.8186428
0.84571266
-0.7791338
-0.8457502
0.95749426
0.22799915
1.0959094
3.7024453
-2.1678612
2.74668
-0.00075561553
-0.41241762
-1.7164391
-3.5627544
-0.06073164
0.15351757
2.7703328
-3.60224
0.9889274
-0.6658797
1.5069181
1.1257546
-0.6535214
-0.10462054
-0.12136664
-1.6618571
0.28978384
1.9225594
-1.4768649
1.5665907
-0.9784421
-1.1021763
-0.8774807
1.3890266
-2.2943296
1.5150583
0.09101634
-1.6125621
3.6691236
-2.4306428
2.0817719
-1.6937534
-0.8702204
-0.8673235
-0.072353624
-0.76379335
-0.28468433
-4.6460037
-0.6309008
1.0954976
0.732219
-0.1335358
5.188318
-1.1048926
-4.6755085
1.4042825
1.713994
-1.5126307
-1.4077059
1.9050349
-2.1764328
2.7744138
0.0030317008
-0.71003795
0.27068135
-1.2352526
-1.354271
-0.070923544
-2.2246995
-4.887167
1.2451063
-4.264322
0.042717036
1.1129168
0.04918806
-1.6155456
-0.6929454
-1.8849233
0.13499403
-1.0502093
0.248821
1.3556324
1.9105607
2.6820438
0.19966055
-0.8805782
-0.25436118
-3.7763977
0.7674919
-1.1996286
3.8821564
3.6073976
1.7269095
1.9153159
0.6274227
0.697849
-1.1870208
-0.2959735
0.8753876
0.71284777
3.888658
-0.39961419
-0.9693253
-1.6857135
0.8048667
0.3772411
-0.013739437
2.211074
0.5134808
-3.7207184
0.7749601
0.7419702
-1.3270072
-1.1186877
2.2684665
1.3185772
-0.2545955
-0.3573687
1.3381658
-1.7850016
0.57390934
-3.1650743
-3.9865086
-3.8832307
-2.8109095
-1.5707183
-0.12233181
-1.4038358
-0.79547507
0.44634238
1.6311219
2.823732
-1.6085664
0.6385639
-0.26570758
-0.27983004
1.168573
-2.3276913
3.6854432
-0.16661185
-0.49533746
-0.39410657
-2.0182593
-2.6432903
1.4724132
-1.8574705
-3.5620253
1.408009
-2.732458
-0.6996049
1.5825249
-0.96061915
-0.41081634
0.45658994
1.2994267
2.1056356
-1.4801353
-1.3504761
-0.1817329
1.3168262
-5.1893773
-0.15173334
-1.4092829
-4.355554
1.7713314
-1.193618
3.958704
-0.94014955
0.20239618
0.5725053
-3.7712688
0.11470476
2.1147575
-1.3955451
0.38734794
1.7228966
-2.7204244
0.8123257
0.46013188
-3.7134595
-1.7866225
-2.079636
2.430038
-2.8802
-2.3464377
-1.366977
-0.5121404
-4.0465755
1.8959334
-1.09338
-0.24277607
-0.36349317
-0.56849164
-4.8679223
-0.23627552
-0.9882919
2.2918928
2.5268385
0.4259666
3.3177328
0.69078267
1.72947
-1.7195338
-1.4166919
1.7469989
1.5226973
-2.1728473
3.262167
4.1575866
1.618169
1.3824266
1.3602555
-0.5805807
-1.0436921
1.0386962
-2.9941719
1.7751093
-1.244085
5.368741
3.9686005
0.60236496
2.8305492
1.0987794
0.70354146
-0.92917436
-0.25797254
-0.3763446
1.0416611
-0.8663789
-2.2426326
1.5298799
-0.5866463
-4.5146365
0.29583955
2.1900737
2.8382094
0.45176637
2.0049498
-2.2065356
0.38064218
-1.0006483
-0.5986677
1.6802586
-0.6947584
-0.98808426
4.1810837
1.4053227
2.694471
3.731786
-0.89490825
-0.2593137
-0.7492493
2.1152658
-6.5852447
-2.7425456
0.19777389
1.7171274
-2.161723
0.028240494
1.3778903
-0.35628363
0.21945573
-0.41153327
-0.35952756
-0.38439268
0.88800997
-0.730811
3.20398
-0.00760689
-3.5426788
3.3690503
1.9532374
3.552948
0.015593652
2.495093
-0.48883405
1.8879502
1.0917993
1.0217332
0.50242007
-0.73139995
-3.0907202
-1.3577172
-0.116096884
-1.2802287
3.8521562
0.19830652
2.7380073
-1.3304995
1.4746661
0.539438
2.0407534
4.8799415
1.968121
0.78783166
0.22287732
1.4594831
3.9700017
1.0347784
2.068944
1.7462028
-1.2949466
-1.6534559
0.31471902
-0.13994691
2.488184
0.5290301
1.1094797
-0.5675226
1.552184
0.8342013
-0.5907044
0.099270515
3.2269523
2.1574137
0.41126928
1.4947426
-4.2319455
1.3419033
3.0001078
2.9432843
0.3812228
1.0782303
-3.051586
-1.8766651
-1.7599384
-0.6253521
-0.33069456
2.278135
-2.3688128
2.0112822
-0.095227525
-1.0209223
-1.4413929
3.5382636
0.9438646
2.214389
0.9165982
-1.5435504
3.005852
-2.5555844
0.9506879
0.8367261
1.9439648
1.4986632
2.9345095
0.18790855
1.517324
-0.7176776
0.8803744
0.6267335
-1.217087
2.543764
-2.3680701
2.7815952
2.0793061
1.0060451
1.2248507
0.7901909
-0.61047053
-1.767446
0.3882347
0.2733261
0.6515107
0.19015479
0.96793574
0.81801605
-0.685213
1.5361621
-0.14923853
2.316598
0.91798675
-2.4823673
-0.0054041594
3.9148831
1.477495
-0.9006759
1.1978316
-1.0170392
0.966106
2.988545
-0.40287542
0.5416673
1.7269444
-1.0534092
3.9243696
4.6949162
2.082332
0.45274058
-0.20732659
4.3220363
2.7563937
-1.5558114
0.7695223
-0.7293828
-0.19583213
2.3095734
3.0797794
2.2537658
-1.6792034
-2.1621547
4.1603656
-1.1029774
-1.0025653
-2.6982849
-0.5594513
1.7552466
-2.9515672
5.0987244
0.6611653
3.7967231
0.44307166
-1.3628055
0.7849158
-0.8804692
-2.138343
-1.182351
0.11469332
1.802012
1.7603492
-0.8771845
-0.71960825
1.2686064
1.2822375
0.22509006
-0.08946961
0.21984358
-0.24908996
1.2973
-0.7515235
2.677684
-1.7279401
0.8533542
-0.6870277
1.3650382
-1.7294523
-0.46109447
-1.2775462
-1.0541612
1.2421824
-0.5712882
1.5134019
0.86930007
1.6935989
-3.3790233
0.12433885
-3.7359362
-1.9836328
0.85796267
-2.3231
0.39303827
-1.4216093
1.5788788
-1.7266076
0.9387427
4.026957
-1.466371
2.4074879
0.024938166
-0.2742781
-2.3309622
1.2064388
-0.21678793
-0.4289644
4.985252
0.4056344
0.77408963
-0.38106474
2.9157958
-0.39940447
2.0474117
-2.100344
-2.5510979
3.394687
1.4605479
1.2805476
0.86346006
-1.0487336
4.2423224
-1.7312084
0.13002059
2.371893
-2.0449507
2.1806874
-0.8679815
1.6883312
0.018686071
-1.5261902
-1.0211656
-2.4480417
1.6262511
-0.3647835
0.41442734
-0.86121184
2.2574677
1.355401
-2.4568996
-2.4577713
5.2849717
-0.8375474
2.231825
3.1188526
-0.47398928
-1.3352615
-0.107784055
-0.22246733
-1.0702989
0.9374178
-0.34276643
-1.683279
-1.1947192
0.6053662
-0.14947593
-3.1537426
-3.9985356
-0.8131479
1.3950461
3.562165
-1.1502242
3.8963988
2.672875
-0.1626327
2.8864207
-0.29605776
-3.4199195
0.4920341
-2.8540273
1.5628729
1.7494317
-2.2959464
0.4063149
0.6503606
-1.4890124
-0.04475669
-1.4575584
0.51187736
1.2156664
-3.650448
1.4280119
-1.1745977
1.1587136
-1.1697301
-0.076216705
-3.4497914
-1.3388582
0.72593653
0.8472311
1.635883
0.2850059
-0.31199148
-3.6754231
1.8979667
0.38886893
-3.203265
3.4287035
0.7357385
-0.08525003
-1.0812058
2.2884722
0.5908486
1.5114669
-0.85162765
4.151588
-2.6450515
0.6592266
2.0021691
-4.6235123
-0.40762714
0.55930007
0.23125024
2.196054
-2.868418
0.8222637
-1.6117923
1.6515336
-2.8256664
1.1863226
0.25424007
3.2850661
2.2347484
2.40449
-1.7799271
0.22836566
-2.22589
1.7203181
-0.9195596
-0.51916826
-1.7946491
-1.1851623
1.9292458
-3.6423073
2.2787955
-1.1450521
-2.5089135
-0.4974919
2.217174
1.1767601
1.2984226
-2.0346613
2.9132335
1.5274042
-0.31023848
-0.6046429
3.436728
2.1540947
2.2800865
1.162825
0.1922141
0.24269618
2.871305
-2.1891456
-2.0850384
-0.55065787
-1.3814173
1.9473124
-0.25020888
-1.219226
-0.28774443
0.8917803
0.15695076
-0.28337812
1.4527005
2.9523406
1.4920511
1.3393879
-0.750585
1.7611756
-2.8314087
3.132252
1.0918239
0.31246632
-0.60433817
0.30114883
-0.21115327
0.04236372
1.0717759
-3.638623
-3.026132
1.9814359
0.634926
-0.6648285
-1.8983853
0.8382741
-2.9222932
1.4629712
3.3772914
0.777793
2.010972
-1.1053157
0.91009253
-4.2188244
0.0866437
0.34858617
5.18654
-0.8831811
4.2306504
-2.2748547
1.7983472
1.1140376
-2.5444412
2.8532379
0.860522
-1.5704608
0.6894095
-0.78106594
2.1848698
3.8128357
-0.058639403
-2.6014104
-1.5632031
-0.6628376
-0.71060574
-1.1063098
-1.4208677
1.8923863
-0.27007157
0.121679224
-4.194701
2.0037374
-1.1579967
0.5031968
-0.76980096
-2.4534183
2.4714203
0.119585626
1.1460133
-0.39697218
1.4016078
0.46894866
-0.86904484
3.4474826
-0.01662872
-2.3429415
0.61978835
0.58552825
1.9299407
2.1679935
2.0104926
-3.81335
-1.7714754
-2.1155834
-1.7110294
-2.3662927
0.1941143
1.514854
-2.069294
-1.93458
2.2385583
1.1981448
-2.7844555
-0.80814147
-1.0966494
-1.2364489
0.15000302
-0.87292576
1.6613458
-0.9571415
0.6787422
1.2736821
2.8635356
3.0920038
2.9676473
-1.5512471
2.1536374
2.0576816
2.3671567
-0.4638604
0.71413857
2.037573
1.4637462
-0.7132926
-1.4854618
2.4168997
-1.8721809
0.26303294
3.2438548
1.2386206
-5.7714276
2.603231
2.2545314
1.2179654
-0.9567215
-1.5248511
-0.8574684
-4.2819004
-0.37601313
-3.4592667
0.8675301
1.4723408
-1.58443
-1.9526327
2.2906473
1.1455536
-0.22800407
-0.8543548
-2.27942
-1.8790916
-2.8123295
2.5681434
-1.9823236
1.2185872
-0.53195035
0.48205748
-1.345376
-0.8927398
0.80024743
-1.6278856
1.242191
2.334738
-2.0744505
1.0136364
0.823892
-2.0987134
-1.1321975
-2.3116894
0.39794427
-1.3854773
0.1939933
0.30707523
2.1284316
-0.3151624
1.7177403
2.148338
-1.6462148
1.9456513
-0.38917118
-1.6253573
-0.86943835
-0.5043001
2.4284794
-1.9433247
-2.8205287
-2.8264313
1.0347134
1.0327148
-0.68495
-0.07540202
0.18509386
-1.2395067
2.707314
-1.2683254
-1.9361765
-2.337159
2.513868
1.3798647
0.9551173
1.7786463
1.3060167
-4.0208654
-0.91152346
1.1173639
-0.13848136
-1.946639
0.049585335
-3.410314
0.87080574
-1.5026091
-0.43854952
0.55160123
-2.0321043
2.8927116
0.14665444
-1.2755921
0.19527546
1.5625526
-0.80874676
-0.30382046
0.45026746
1.1734165
-1.1184767
1.0449407
1.6712531
2.4892764
-2.8114038
-1.3646853
2.5904064
-1.2815163
-1.0335971
1.4581153
0.6561463
2.9741683
1.3630747
0.48349172
-0.6373544
0.88107085
2.44017
0.26263234
-1.9546682
2.1130881
-0.9789455
2.4615023
-0.17173201
-1.5076197
-0.35686788
1.8288826
0.35094935
1.6923586
-2.2388978
-1.2050395
1.2205651
-1.7675784
1.2332602
-2.3624704
-0.7733157
-0.45652986
-2.565747
1.5402937
1.0730495
2.8731475
1.4426695
-0.8175232
-2.1026988
1.0222622
2.8527186
-0.33909827
-5.3116827
-2.1985073
-1.5593352
-1.8168544
-2.2866302
1.4889607
-1.0191693
0.6112163
3.7230277
-0.988237
0.13283387
0.27576727
-1.9388714
-0.4209833
0.08424255
-1.0874635
0.73377275
1.5756322
0.7129172
-0.42908013
-2.7775233
-0.07639884
1.8895391
2.4148903
-2.5034456
-1.4245255
1.0043076
-5.959604
-0.5170329
2.1333392
-0.55648524
-1.2232058
3.9301085
2.6195107
-1.9235584
1.7059021
-0.73589796
1.6629199
-3.1239986
-2.5748048
1.9058676
-3.652346
-0.79949
1.9993637
2.0664797
0.94812
0.40934512
0.4663282
-2.3497138
1.4782996
1.1346506
-0.27934152
-1.35923
-2.1867654
1.1845001
2.6759334
1.2022967
-0.033795126
-0.44396257
0.4919704
0.4047596
-0.6523329
-1.8875874
-0.60758907
0.060805805
-2.6934836
0.40999195
-1.1742069
2.1802552
4.042649
0.3384414
4.4717355
-2.243026
-1.9309083
0.37229118
-0.8535414
0.7682588
-3.9642186
2.129786
-0.21234709
1.3211586
-1.0476149
0.7460556
-3.9210675
-1.7523152
-1.6637316
3.736983
1.907903
-0.3345558
2.1064305
-0.3205908
0.9594133
-0.11711211
3.1647627
-1.3069066
-1.0888329
1.5876927
-2.5029573
0.084019035
0.05968412
0.74203116
1.9869509
0.3343218
3.265867
0.6235765
1.8836813
0.13529845
-3.109573
0.8756846
-0.9948906
-1.3726959
2.5214803
-2.7692297
-0.6529116
-0.2229189
1.3298608
0.78556985
-0.7290584
0.5705368
-0.24517518
-2.5568867
0.47843975
-0.4872021
1.0198048
1.1999624
1.4686004
-1.7947019
0.73164076
-2.339898
1.5111505
-1.0362563
1.0823854
2.9325764
-3.2955642
-0.2863954
1.1969174
-1.1013423
-3.7802796
-2.9083788
2.0415068
0.9938407
1.8568511
0.29296032
0.30140582
1.4383973
1.5481476
-0.9010181
2.284066
0.07456833
0.41429958
-1.12902
-2.4068453
-3.8365273
1.0662613
-0.88472784
-0.19108313
1.6317617
0.5223508
-1.1557782
-1.1129978
0.86544126
-0.7301892
-0.80428725
1.9233948
-3.2632408
-0.5173802
0.3671761
-0.7211566
3.7047362
0.2912317
0.09736498
-0.6351396
-0.32862383
-1.0195816
0.8130589
4.0621214
-0.023162246
0.4999071
2.3908997
0.40565228
-1.5652424
2.7014177
0.084767185
-3.7450938
-1.1958172
-1.4207821
-0.3199057
1.7499572
-0.77664757
0.02331838
-1.064767
-0.27175504
-1.1243446
0.63215137
0.84417325
0.6223676
0.9424093
-0.834255
-3.144805
-1.2813089
2.180005
1.3909985
-0.40028036
-1.8465071
-0.2941008
-1.4546186
-0.16308755
-4.591037
-0.24570465
1.77132
-1.7052248
-0.7913559
-0.85554206
-1.2161278
-2.790925
-0.47962496
1.6977568
-2.8107862
0.7659904
-0.95099425
-0.5357111
2.3763473
3.616194
-2.8970993
3.21377
-0.1136818
-2.236716
1.3985348
1.976832
-0.21874449
1.7230275
1.741629
-2.2197738
-0.8128056
3.9703279
-0.716402
-0.80718315
2.808234
1.6917638
4.828994
1.9915777
1.8860991
-2.7120533
-2.3657143
-1.6755362
1.4882773
-3.6564162
-0.9270335
0.43237272
0.77637064
2.135531
2.581862
-3.418854
-0.895673
-0.735562
0.7484777
2.9010403
2.11349
-1.7248826
-2.6636634
-2.406317
-0.005185336
0.75022846
0.5663562
-2.2379634
1.363699
-1.4269118
-0.52268946
-0.17933515
3.2332711
-2.0225742
-1.165781
-0.72519565
5.8331223
-2.2335994
-0.2546301
1.7747495
5.7314
-1.4676365
0.49023288
0.3563413
0.6003904
1.0547277
-0.27519438
-0.7671347
-0.61741906
-1.8575132
-0.7729832
2.1038482
-2.2453225
-0.63785857
-1.059585
0.19480905
-2.5975425
2.877292
0.7409795
2.0180216
1.8778807
0.38334292
1.9202421
0.87018174
0.654221
1.4972007
-1.0454133
-0.25006738
2.1442611
3.505182
-2.0197082
0.57939863
-1.8824759
0.7183294
1.6833916
1.5034515
0.26976582
-0.12101387
-0.15189216
0.9582554
1.4723353
3.480505
-0.46419013
-1.2430329
-2.6787648
3.155629
-1.1652709
0.9192147
3.8231695
0.3206748
2.2790623
3.175216
1.1623949
-0.5815673
-1.0321988
-0.43891773
-0.67381215
-1.0975078
1.1119753
1.541313
1.3677227
0.061142877
2.1092796
-2.8338108
1.7584722
-1.2660483
-4.6745515
1.6025764
1.5536687
-3.0219228
-0.73325706
-1.6041335
3.500185
1.0760996
-1.3429433
-3.8901932
-0.40748528
0.35324138
0.30841666
-0.032534145
0.60798746
-0.2037952
-1.4752645
2.5166101
-0.40498775
0.1629606
-1.0722951
0.38281992
-0.21363503
0.670109
0.064336956
1.3538942
0.1284436
-5.285137
5.0157743
0.6258516
-1.5626898
1.8631746
-1.4979302
-1.9055787
1.5956575
-1.1489198
2.2437239
2.4546351
-0.21757425
-2.8022914
-2.129116
1.2734421
1.1984912
-0.3460933
0.8490909
-2.3977907
-0.38599828
-1.6090739
1.206155
0.5231137
-0.13130477
0.58707863
1.1157172
-3.9040225
0.48116747
-0.66915715
0.77975947
1.6403651
-2.5468497
1.5223957
0.32358205
-2.3593383
5.0501704
1.4002366
-2.1883283
0.48539594
-5.388598
-0.54916537
-2.13456
-0.06937577
-2.6564717
-0.29527625
-0.097240664
0.8554035
-0.50349396
0.16707091
-0.4778934
-1.6138235
-0.49987724
-1.0991418
0.10248602
1.2329407
2.1751153
-2.6381307
-1.8203741
0.8022907
-1.0278848
-1.4191393
1.5045027
2.1542025
1.515764
-3.6213388
-0.64073634
-0.90074307
-0.1416057
-1.9092357
-0.7795283
5.0333943
5.160168
0.6703309
0.84754
-1.767714
2.8880522
1.7169255
-0.3072836
-2.8323116
1.4670739
-5.5167146
-0.35173714
-1.0337694
1.7603073
-1.1267484
-0.9041615
-0.81281054
1.1826307
-0.6497252
1.3035637
-2.2673032
0.26145616
2.9475276
-1.0685669
1.427892
1.0941184
2.5663981
2.324301
1.3777716
-3.2801733
1.7454516
-1.9140415
1.3516638
-1.3710561
1.905677
2.1788507
-0.16111813
-2.5115561
-1.6698884
-0.55428535
0.6228561
1.404174
-0.3315794
0.4472288
-1.837636
-0.31842214
0.42708763
-0.9666755
-3.7442546
-4.158489
-1.8002326
3.1744432
0.37816218
1.2658399
-2.1492445
-0.51885307
1.7461449
-2.3539593
1.0509715
-0.036351398
1.2397107
-0.36247545
-0.2760589
2.7944603
-0.9160351
1.991162
-0.70712316
-2.3303006
-0.07907625
-1.5986267
-1.9685628
-1.081814
-0.69143516
0.372458
0.6910265
1.7332304
-0.19743547
-4.1532454
-3.0021887
1.1379874
0.44941804
0.149178
1.6014034
0.6433989
-0.11284013
-2.9265702
-0.8099361
2.416285
-0.53116703
1.7271603
2.1327026
-2.5927637
1.0529884
-1.843815
-2.3773403
-0.24814391
2.7736628
1.5216094
-0.89998317
-1.4815693
2.7117596
0.10379779
-1.0435536
-1.7076113
-0.58956534
0.49008888
-0.8207953
1.6752033
-0.2666252
0.3643504
1.4054819
0.6583606
-3.128284
-1.9414798
0.34064883
1.0672567
2.3614142
0.21562639
2.7636778
-1.2706178
2.8586059
0.3119524
-3.3403666
0.7285562
4.9382596
0.5287691
0.7008099
1.025846
2.5343788
-0.2756588
0.9867609
-0.4277889
-1.9760835
-0.94822943
-0.48071477
-1.1082641
-1.5399026
-1.7043252
-0.14901593
0.83238703
0.8181832
1.8968896
-3.695502
-2.795617
0.3228135
-1.1849738
2.295956
2.5735555
-1.2389305
-5.630932
-1.2089483
1.373716
-1.7820363
2.5089784
1.5744071
1.6724615
2.4359827
-3.558499
5.832378
0.13943198
-0.56126845
2.650087
-0.19652346
2.1457663
1.8142462
-2.801429
1.221493
4.881851
-0.5636102
1.3128155
-1.6039269
-1.0466567
1.5514147
-1.3038421
-0.541054
2.4652777
-0.845542
-3.0187502
-0.5852377
-0.9327607
-0.9047412
2.286344
2.3930705
-0.12507051
-2.815243
1.3679127
-1.4120623
3.2547774
0.88324636
-1.6458406
2.2551317
-1.7696681
3.5635493
2.3751132
-1.6371113
1.3433825
1.9018607
-1.2523135
-3.5977378
-1.2613829
-4.959663
0.1027577
1.0996324
-0.08020489
0.9952775
1.7363979
0.06017857
-0.84275454
-0.71320236
1.2176627
-1.7770805
3.8044422
1.9530706
-1.61169
0.7601496
0.4692228
0.8733411
-0.37403342
-0.6476891
1.6078342
1.5655715
-2.5153508
2.4197054
1.3208232
2.1407828
-1.9913871
-4.24733
4.2551084
3.7001069
3.851035
-3.4937923
-0.4731137
-1.074087
0.33284745
1.5494478
0.24472652
-1.3071485
-1.8995564
-0.047217883
0.1753691
3.2645953
0.4412399
-0.3847509
-0.92922443
-0.6362843
1.3781307
0.23500207
0.3888657
-4.3317075
1.228756
0.8659892
2.0110447
-0.049585
0.40796843
1.2827196
2.8484702
-1.0779811
1.0395808
1.6292325
-0.08349541
1.6342154
0.5390304
3.5112462
0.5578638
-2.7198458
0.8121527
-3.1791618
-0.3806
1.7252659
1.2994636
2.4667616
-0.109424405
-1.1177714
4.356241
2.0937223
0.21418414
-2.9425855
-1.0730048
-0.33105996
-0.02475427
-3.4870334
-0.49306265
-0.09845955
2.9524922
0.7743193
-3.3010316
0.2509618
2.5121074
-1.7998109
-0.65311545
0.4588831
0.6635397
5.330828
-0.41554445
2.6429784
2.5759096
-3.1530135
-0.51012737
0.68881387
0.58189785
2.8047416
0.05596283
2.4673014
-0.57028395
1.0504316
-0.52637637
0.93022454
-0.97194463
-4.0138497
0.28961238
-1.3195317
-0.48971996
-1.0425897
0.71327716
1.4853591
-1.9933175
0.5852431
0.54976416
-1.7775702
0.25086963
-2.5925615
-0.98308784
3.0845811
0.6355731
2.291589
-0.11693894
-2.1599596
-2.1666284
-1.0273252
3.5037196
-1.229136
2.9977791
0.63823456
-1.7775578
-1.0934741
1.4871252
1.2369512
-0.35796088
0.046332587
0.8929569
0.2436204
2.5156145
0.5727116
0.5879988
0.01585868
3.5376837
0.024816774
-2.808794
3.03381
1.6080478
-0.13391714
1.3216945
2.0395637
2.6523376
1.1242535
-0.058627717
-1.5849973
1.8140401
-0.3489795
0.16739973
0.36136067
0.08171663
-2.8175993
-0.62385637
0.1522078
0.98077047
3.0501356
1.8426139
-0.95991874
1.7571164
-1.2916014
1.8718078
-3.7255764
-0.61463654
0.4426722
-2.9720197
-0.82642883
-1.3349556
-0.28665152
-3.7645817
2.2003388
0.56141454
2.0025043
-1.2385172
1.9656705
-0.6205241
0.06858667
-0.62805706
3.2935257
-0.3557532
-1.0928655
0.72505176
-1.599637
0.052288502
0.56077135
-0.7014435
-2.3446393
2.2565184
-1.4914265
0.9682622
1.8342092
-1.2433871
1.9132996
-0.70448387
-3.6656983
-0.033592224
2.2066984
-2.6676147
-1.5232818
4.4213133
1.3975294
2.968478
4.9932227
-0.21383949
0.24817267
-2.636819
-3.4639003
1.5896305
-0.3324716
2.7720513
0.4990297
-2.809186
0.07661055
-1.0158314
-0.99750954
2.001018
-1.7439117
1.8887706
-0.5133205
-0.7012909
-3.4788055
-1.2105963
-2.8863175
0.23889956
0.59863806
-3.7904077
-1.0779802
2.267867
-3.297391
1.2223226
-0.00005618483
-0.75383854
-0.6573544
0.43086404
1.5278679
2.8392086
0.73667973
1.2213335
0.40292513
1.7364064
2.5942564
-0.24684185
-4.081608
1.1227949
-0.040566854
-1.1807557
-0.14317262
1.3935941
-0.20874298
1.0108188
2.2959893
0.35034516
1.1299231
1.9902302
2.8077269
-0.974687
-1.6501967
-2.0088813
0.4375167
0.2698155
4.1266794
0.9093985
-5.1702275
2.509616
-0.5972207
-2.3580317
1.6164379
-1.8173573
0.38551536
-0.32138437
0.22560337
-0.41686395
-0.6170283
0.8753734
2.0417323
0.50316876
0.371145
0.77149904
1.2438554
-1.6530768
-0.4233468
-0.79496616
-1.2843051
-3.861003
-3.1592772
-0.21636644
-0.6858804
2.0611324
-0.8460771
-1.378422
0.3708375
-1.7526274
1.9207891
1.0456126
1.4212193
-2.9845805
4.499349
0.15042934
-1.6197833
0.72609216
-1.7900017
2.0752232
0.57305646
-1.6332643
-2.2452314
0.28494656
1.6607064
-1.2125733
-0.07562187
-0.35348395
0.5902074
0.09715186
3.8496287
-4.6853595
0.9482534
-0.025483698
0.7151647
-1.403404
-0.37650675
-0.9667359
1.816699
1.8555497
-0.7188552
-2.8543015
2.1934547
-1.1580774
3.1679838
-0.53542644
1.5649945
1.4652139
0.93265283
1.5219028
2.0713139
1.0794177
-1.1843085
-2.0754166
-3.3025594
-0.6400838
-2.935762
-0.11539822
-0.55342513
1.4351333
0.34306222
0.048464876
0.861246
2.375507
-1.1522462
-2.3713017
-2.5774598
-0.37472925
-2.2217014
1.6758089
0.60435057
2.2518148
1.449767
0.28491294
-0.89848715
0.050960723
0.46509093
0.45334765
3.2382777
0.72877675
-2.3196604
2.0379117
-3.5890548
-0.9540769
-0.32828727
0.6753179
2.1343842
-1.5504973
2.398811
-0.91613704
2.2592516
5.903728
2.245084
-1.0734031
0.07330415
-0.9651143
0.23370525
0.75254065
-1.1779445
-0.017969228
0.5915261
-0.8818276
-0.32858533
0.8811968
-0.8715613
-2.1281457
-0.38757658
2.2823262
0.7883287
1.9069767
-0.38082448
2.6044652
-3.2504354
-0.8471677
0.9927187
5.3181753
3.3914971
2.1362946
0.71214706
0.13053395
2.0051386
1.2417405
2.185126
-0.9594487
0.6093343
3.326286
3.9364278
-3.4083807
0.757777
-1.1506093
-0.06636766
-1.8911688
-2.2080107
-1.4347068
0.48090932
0.44384685
-0.8266213
-2.036095
2.1188164
-1.1923282
-3.1925468
2.0770655
1.2962912
1.6631371
-2.5782561
-1.6932397
-1.5998676
0.5964487
1.1613019
0.8258536
0.8117898
1.9644792
-1.0900449
-0.3410106
0.16510603
-0.6611027
-2.8379622
0.015741177
-3.0843127
-1.9237164
0.8271683
1.6169045
4.640156
0.5920156
0.7606623
-0.623422
2.2531276
3.6524184
0.9559669
1.3164771
-0.46435028
-3.8523934
0.6881201
-1.9216719
0.9649631
-0.9925243
0.1968521
-1.5417193
-0.41632313
-3.6145093
1.9864234
2.1178596
-0.75112116
3.922614
2.187082
0.15378988
-0.41194642
-1.483084
2.997798
-3.487774
0.68537796
0.9749423
-0.58633447
-1.1175697
-0.70414007
-5.182241
-0.06467552
-0.69546866
-0.8837439
-0.15086249
-0.1354384
2.0362775
-2.6446965
-2.974436
3.0663393
-1.9631016
0.2508038
0.4707821
4.1883955
0.35767624
-2.1015677
0.055281706
-1.2415506
2.0297496
-1.206603
2.9764104
-4.140871
0.47077677
-1.193536
1.1162097
2.2453258
-1.1407635
-2.777601
1.5211713
0.5265967
3.2285173
-0.98684835
0.49861506
-0.79322696
-3.2184875
-1.5729254
-1.4589481
-0.12356722
1.7689302
-2.5288928
-2.963269
4.235812
-0.457296
-2.0830758
-0.2715973
1.204363
-1.6615294
-0.112171315
-1.1279156
-2.2174022
-1.0463101
-1.9484901
2.40206
0.7032621
-0.7684862
-1.4035345
0.557439
1.5691215
-1.8395995
-0.29995954
1.9403493
1.3489977
2.759924
1.3034372
0.35495892
-0.45932847
-0.13563868
0.19331506
1.291708
0.24487233
0.10317627
-0.8572736
1.5275438
3.9644458
0.9619321
-0.1038515
-0.27716404
1.2817522
0.7690447
1.2942532
1.2839195
-1.1801844
0.81323546
1.7179607
2.9399018
-0.45869052
-0.50052893
-0.97950596
2.9562416
4.834458
0.7930447
-0.40169552
-1.6020027
2.360025
0.5857505
-1.0310009
1.8318305
1.1192074
1.7260655
2.237522
-4.0727873
1.7156262
-6.1099463
-1.1491696
2.8303857
0.121628605
-4.8584986
0.7692681
-1.2951586
2.9395132
-1.3659606
-0.12093192
2.4270864
-3.725679
0.36678857
2.6610205
-4.974707
-4.0554748
-1.141278
1.7464652
0.5319543
-2.4010851
-0.6636172
-1.3501041
-0.80615336
3.155147
1.3160441
-2.0861616
-3.2765377
-0.8017896
-0.2056604
1.5295355
1.9645725
3.111993
0.8126003
0.98226804
-1.7077154
-0.15639117
0.6816976
-2.370757
3.3519897
-1.3329701
0.8066653
-0.67552686
2.7661407
0.13389738
0.8761826
0.06435053
2.0761425
2.6362715
-4.0910773
-1.8431326
0.3351087
0.34138757
-0.31581372
-1.5666454
0.58384776
-2.5536964
3.6601312
0.1558809
1.7962961
2.067619
-0.7184823
-2.1660378
2.9517162
-0.68506724
-0.81825083
-5.035657
-1.4845777
0.02574566
4.2547307
-1.2806779
-0.15081435
0.22406521
-1.2965155
-1.6690376
0.4175707
-0.2706219
2.209613
4.4251437
-3.1161711
-3.5180788
1.0135853
-1.6849586
-0.28343052
1.2449259
2.4150803
1.7603998
-1.5236499
1.6094383
0.97978044
2.9343114
-0.9745752
2.4875019
1.6877745
0.040476315
0.4590695
0.3909716
1.9042683
-0.46763068
-0.95329785
2.1730561
1.5512608
-2.5800812
1.1485615
-4.130232
1.2830716
-1.141326
1.3240426
-1.34636
1.6401811
-0.23924665
-1.8884343
0.5352522
2.3273444
-1.4886659
-0.22524771
2.165452
0.80273694
2.1668932
-0.4572116
0.7353035
-1.1270725
-1.5514559
-2.7856421
0.24337816
1.283533
-0.03766665
-1.2192012
0.43501055
-0.2863287
-0.1264398
-0.77757365
-2.639856
0.60116553
0.60773927
1.5513033
-0.7290068
0.34856015
3.4988635
0.02592533
-1.9528915
0.46927086
3.0001206
2.0569694
2.1588514
-1.3391473
0.063315816
-2.4877472
3.1819775
-3.0485115
0.9200883
-0.7618164
1.6635934
1.4224252
-3.233101
0.5334608
0.05779563
-0.69359607
-0.8735143
0.5897719
0.48556882
-0.9429193
-1.2270951
-0.48082685
0.34632403
-0.6138215
-2.3164992
-3.3172698
-1.1057433
-0.7873689
2.3642926
-0.52467656
1.5430034
-2.2714975
0.3790248
0.8929462
-1.1806892
-2.0269253
0.4343822
1.5198623
2.3403702
0.4522506
-3.2610133
-3.1519678
1.4092051
2.6921256
-0.6188907
2.4697108
2.3924036
0.5067194
-1.3289721
2.857448
-2.184158
-1.2245439
1.3019462
-0.6182179
-0.73855895
1.1463842
0.38273638
-0.82607645
-0.9918683
-2.3651083
-4.2164826
5.279731
-1.3651575
0.925352
-0.974046
-2.4786656
-0.50185776
-2.5481474
1.7057592
1.7845092
0.8156241
3.0249813
-3.1753092
3.602786
0.2672311
0.70688695
0.87320185
-1.906851
0.23085648
1.2207365
0.8289756
-3.9268699
0.02697207
-0.19122663
1.4709535
0.054688342
0.59740525
1.2672702
-3.6051724
-0.7348186
-1.5426542
-1.0019569
3.0440454
0.17787245
0.69031286
0.6839929
0.4465231
-4.3192806
-3.568462
1.288415
-0.3513576
-0.8392088
2.6222265
1.0859979
1.3002208
-1.5028341
-1.09849
0.5919208
-1.5691462
1.6234311
-2.2245257
2.3101423
2.500887
0.5304054
-0.39741057
-0.5481875
0.28500873
3.5478895
2.0806596
-1.3926154
-0.8955568
-2.1112738
0.12860519
-0.4136107
1.7131176
-1.0317439
2.3094828
0.067235924
0.21304196
-1.3880739
-0.4019698
0.53674024
1.4005877
-0.97390246
5.968548
-0.7960059
-1.7193702
-0.43893278
-0.25758126
2.3489568
-1.7945622
-4.700537
-1.4893523
2.90412
-2.2160692
-1.0278199
2.4760978
-5.0289187
0.091912046
-1.1673137
1.278806
-2.5429416
-0.7113256
1.5222621
-2.8487122
0.9103917
3.1717696
0.5446486
2.4742615
-0.7122768
-1.642824
3.5573866
-4.3139267
-0.4441321
0.1479789
3.5285687
0.9390105
-2.2916603
0.07967097
0.76287746
-1.4260134
-1.8037043
-3.733089
-3.0823097
-1.4532808
1.87546
1.2743324
-3.5136244
-1.6540595
0.33165547
0.7136799
-0.42966765
-2.9477828
0.7659249
-1.9222058
1.6658242
0.08218316
-0.10246295
-1.0206206
1.1394926
2.5211136
-1.883616
1.2460029
-0.2951484
-2.38563
-0.017881036
-1.2402514
1.3713251
-2.7198374
1.5343624
-4.473919
-2.3334053
-1.3902456
-2.1163664
1.6271611
1.4414371
2.2361846
-0.79569477
-0.43069598
-2.3563013
1.1713891
0.39966694
-1.049607
-0.7461665
0.80759364
1.7636327
-1.5281025
1.0221406
0.8881232
-2.1838925
-1.7030151
0.7192628
-0.08492789
-2.5430272
2.0707457
2.0406275
0.18198872
0.5387169
0.38018715
-1.2327224
0.5079874
-0.47353864
-0.08999882
2.6755023
-1.0413862
-1.6755061
1.6771877
2.4865916
-0.061682455
-0.9821328
-0.5390695
-3.7360172
-3.4887547
-0.8605357
-1.0145189
-0.061474938
-1.5967454
-1.5812985
2.3166816
1.5860777
1.3382593
-1.920671
2.0685263
-1.674482
0.27031052
0.5091246
-1.98251
1.8359606
0.56466186
3.0192864
-3.4352703
-1.9529659
4.097253
3.3399065
0.8325692
2.0033898
0.48315805
0.6031124
1.4003938
-0.9225713
2.2430587
-0.62691545
-1.057259
-1.3639349
-1.2815981
0.5184557
3.5267794
0.4972503
1.4321842
1.8771086
1.4787384
0.10798512
0.12380957
1.7672011
-2.6020014
1.3885981
-1.2027556
1.0224591
7.3934913
1.7903656
2.1666703
0.21265085
0.9883176
-2.229024
-1.4179375
1.3433156
0.69210535
0.7588188
-1.9090768
2.283827
-3.8469968
-0.6618387
-1.4703906
2.1564107
-2.9538107
2.975912
1.3301646
3.7258043
1.8763751
3.3914719
4.8985457
0.7670861
-0.54694813
-0.75377536
-1.8468642
2.1832724
0.5841649
-3.3950539
3.1815345
-3.517622
-0.51780075
1.5522393
1.1588566
3.0445917
-0.28160304
-0.3456176
1.9906247
2.2380705
1.6391243
-1.2281286
1.2837679
1.5374278
-0.27247888
-0.46832052
2.1035771
2.4416394
-0.41082478
-3.164368
0.5757982
2.3147178
0.8562137
0.78870034
-4.097137
-0.8775717
-0.60550535
1.1443928
0.9096398
-0.011124872
-0.5070201
1.1235648
2.8829026
-1.1834979
-4.0511293
0.6102535
-0.19137141
0.6182246
2.1223428
0.14514217
2.3344579
0.9160797
1.3434474
-4.0743394
0.1743387
1.370447
-3.4656584
0.2782133
1.8793567
1.4660444
0.25978178
-2.467434
2.1211646
-3.2819407
2.9600317
1.6971471
1.9581466
-1.6605514
-1.7565278
1.1726586
-2.2186484
-1.2556055
-0.010422595
-2.990835
-2.3969462
0.3983429
-2.3774223
4.1313276
0.09716265
2.491022
1.2794688
0.4953995
-2.6059039
-1.2920321
0.7054254
-0.26659495
0.19516036
0.7710006
-1.792936
-1.6675763
-3.5471416
-0.21958508
0.09100887
1.7674643
0.16237733
1.3390065
0.3747867
-1.6530633
-0.84502107
-1.3941665
-0.2521434
1.8002433
0.71076816
1.6895795
-0.20168075
1.2841027
0.65336585
-1.2389773
-0.5011362
0.3183358
-1.2072179
1.6907928
1.7759156
-0.045349367
-3.1203854
1.4880021
-2.3260705
1.4998944
-1.1771693
0.046815366
-0.58556443
-4.402131
0.6793014
-1.6128792
-1.2632903
2.8004546
0.055787258
0.04206255
-0.3140625
-3.1690168
0.43085837
1.2383782
-3.2908187
4.3374467
1.7269202
1.3096251
-1.3836699
-0.49219102
-1.7765745
2.4898524
-1.3439131
0.23035818
-0.6442645
-1.7771981
-2.1084113
-2.0075233
0.62949413
2.790938
-1.6395621
0.17592524
0.3711927
1.5019492
-0.9322775
1.3396728
0.72639227
-0.079974
-3.7316868
-0.22517705
-2.187156
-1.8377439
-1.5566856
-1.588697
1.4048492
-0.7895559
-0.07801837
-0.7857578
2.9052494
-0.12255093
0.4013008
1.7983594
-0.68720543
-3.4192932
-1.2341526
-1.1023567
-1.9790608
-3.3372118
-2.7286181
-0.24697472
0.6110775
-0.69727564
-1.046927
-3.1030784
1.0700705
-1.8731402
0.5770001
1.9651366
-0.44553316
-0.29219127
-2.8698328
-0.89350766
0.644769
-0.32707545
0.65334773
2.1394737
1.5511868
2.1124682
1.9769906
1.4635025
-0.27628338
-1.1903296
-4.2174563
-1.6880885
0.15172118
1.2345039
2.0558763
0.69647336
0.36545795
0.4181313
-2.5611207
4.0487657
0.2025646
2.393378
-0.05060111
-2.591887
-0.8000407
1.5921948
-2.358554
-1.8349162
-3.1427002
-0.42565998
-3.934234
1.6470647
-1.6427214
-0.46214783
-1.1631511
1.4698797
-0.8961838
2.0429893
0.6823878
2.6905756
-4.797213
1.0458688
-1.1986002
-1.5730337
1.6540078
-0.39625192
-1.309647
1.261843
-1.6526631
1.8713161
4.856891
-1.9810234
0.31529
-2.9798925
3.6315954
-1.1430665
1.2706469
-0.040052764
-1.093427
-0.72998947
-1.83417
1.168033
0.87022907
0.033468753
2.5153298
-0.4408304
0.78914726
-1.1134971
-1.5580806
0.99536556
-2.8439932
-2.8420167
-2.3109
0.57638013
-0.2849767
0.87390167
2.300859
-0.4107092
-1.0372912
2.4273326
1.7593329
-2.1207285
-1.6056727
-2.6861567
-0.80861753
0.072432734
1.1452035
-4.4201155
-0.2296386
2.8592634
-0.7976185
-3.099864
-1.1271563
-0.30772346
-4.8142204
2.571027
-1.3324699
3.1182625
0.7349644
-3.2723122
-0.35211176
-0.43797883
-2.0757394
-1.9911032
1.3331581
-0.9248967
0.37828988
-1.343865
-0.91817915
-1.4991587
7.006435
0.6763989
-0.77907395
-0.11085203
1.2104155
-1.4579881
2.0282369
0.73725647
2.051232
0.57038045
-1.2043822
3.568613
3.184519
-0.26369503
2.4138498
1.8767921
0.15019043
-0.7817031
-3.8083332
-0.12564471
-0.17253523
-3.2565804
1.4079146
3.2416923
-0.31691498
-2.2014263
1.4444609
-1.5034657
-2.5546374
0.5516999
-3.4894516
0.16137642
-1.3828381
0.08963213
1.1619563
0.36658442
-0.09241549
0.6712415
-1.6967931
0.7437523
1.2246193
2.8087578
1.0941881
0.11228173
0.44090205
0.090909585
0.79539996
2.5567064
-3.6008492
0.48432624
1.3094335
-3.0704083
-0.57719666
-0.5235816
-4.797926
-1.6133684
3.9672744
3.0539265
0.02609507
-0.07152512
-0.3774217
0.23321933
1.1017343
0.8348006
-2.2204268
2.0778723
-0.3180192
-0.45820576
1.1360931
3.1549006
-1.2326902
1.436229
0.4103561
-0.4563399
2.1945934
-0.55383277
0.5531302
2.5597744
-2.1701894
1.9263973
1.715946
-3.397815
-2.3283994
1.6353503
-0.48739094
-4.272627
3.0676253
2.3096502
0.19583046
0.555607
1.9131682
-1.627281
-4.2733693
1.0435466
1.5292063
-0.45317695
-1.0857573
0.7937511
1.8311468
2.2442288
-0.6935224
-0.7158931
0.19856292
0.92451954
-0.59355175
-5.9909587
1.4208508
-0.4536644
-0.3785069
1.6554872
1.9353921
0.51318574
0.7420096
0.65774375
-0.7045724
2.4527397
-2.5039153
-1.4198955
-1.3502787
-3.9112551
4.405601
2.9847438
0.6321715
0.104056485
-1.9706097
-0.72401965
-1.991558
-1.8597187
-2.5845518
1.3889656
1.3071957
-1.4391153
0.9636103
-0.9156211
-1.4096863
1.8784508
3.9198356
0.36429715
1.6616797
1.3547766
-0.30897126
-2.0524194
0.3083297
-0.65496784
-1.3801181
1.1750672
-0.9986822
0.049603164
0.21149832
-1.5106076
-3.209491
-2.6959753
-3.34838
2.1318421
2.306767
-3.777614
-3.202409
0.23528898
0.77127254
0.46174774
3.1294472
-0.569703
-0.5906384
-2.7412164
2.995857
-2.4030774
2.5044136
-0.299516
-1.6514697
-1.8341688
-0.82002234
1.6942543
-2.993333
-1.6130849
-0.6155457
0.16783905
-2.2403245
0.8342086
0.3473978
-3.625202
2.0819285
-0.60123116
0.42346495
-1.7332441
-0.32235137
0.25236943
-2.6039677
-1.0762734
-1.8679413
1.7035712
1.3822051
-0.75510687
1.6846545
0.46671236
-1.3885285
0.677821
-1.5953306
-0.37472397
-1.1342646
-3.023451
2.190504
0.38295192
-2.6529665
1.5259737
3.8822548
-1.1930784
-0.6785167
-0.21327817
-1.5864297
0.740314
-0.08719861
0.055055216
-1.862598
-4.315652
1.020147
0.59802246
-0.07499572
0.7976643
2.0025713
-0.7813087
-0.3328566
-1.1591693
1.0003982
-1.6975665
2.8419845
3.0710807
-2.0822618
1.0343415
-0.5247929
-2.9541142
0.21268612
-1.0577886
-5.3523517
2.555668
2.4133527
-0.007415198
2.6568885
0.20021743
0.2636519
2.064638
-3.7310936
0.6050603
-0.52827114
1.1524712
-0.84832865
-0.9856173
-1.3280516
-3.7480342
-3.8818033
-1.9200002
1.2173558
-2.7712295
4.4161634
1.2146364
-2.2604964
2.8119135
-0.11417885
2.322184
-2.098066
2.6072037
-2.1438906
-0.745857
0.07994679
1.9419627
0.5086833
2.0599782
-1.9559636
0.6100366
1.3980192
0.80416036
0.034026407
0.3284853
1.0542288
2.8763168
1.3380635
0.90261143
-2.0414839
-0.22240952
1.3631057
-4.2564015
-0.5524545
-0.7711889
0.9999015
3.3257973
-0.059294377
0.4345918
3.017569
0.64387184
4.2037945
2.9658287
-0.38321006
1.159502
-0.6178116
0.7983677
0.8894451
1.6362401
4.021574
-0.7718994
-0.5962669
0.56325924
-1.5513381
0.5414084
-1.6369275
1.8131374
0.19930626
-1.3205588
-0.6454418
-0.050600015
-2.6213255
1.0315839
-3.8028574
-3.0644073
-2.1844244
-3.1630557
-3.0806613
1.4369584
-2.1809726
-1.7606518
-1.3939764
1.1570096
-0.9731664
-3.1133187
-0.24855807
1.9131491
2.3835819
2.60811
-1.2868042
-0.17851736
-2.4148393
1.1461172
-0.13316509
-0.68394613
-0.8910943
-3.183398
4.3315597
2.5553684
-3.4252336
-1.9226034
-3.2617214
1.7270708
-4.5608644
3.6686049
0.60033274
0.46638584
0.5297014
-0.81561744
1.8936299
-4.5277987
0.05455459
-0.89433277
0.019761749
-1.028516
0.67135304
1.3088075
2.0969596
-0.44573593
-0.31590623
-4.183593
2.9529052
-4.0226173
-1.0514396
0.94817686
-0.3349731
2.1915963
4.2146635
-0.9793811
0.26477662
1.7462348
-4.019578
-1.1974639
1.5193634
3.2006292
0.95004296
1.6661645
-0.6791592
0.4522276
0.12414129
0.23367864
-0.6911441
0.8540796
1.0443718
2.122937
-1.6683503
0.3799711
1.8997843
0.4496185
1.1185505
-1.542869
-0.32331452
-1.2159212
-0.27538076
0.8008373
2.6154518
0.42987853
-0.3842323
-0.7037032
2.6926756
0.11980827
3.367853
0.6499713
-0.21646069
-3.244931
-1.209434
0.24001439
-2.0534785
-1.3701761
-1.0498362
-0.5522571
-0.36678076
0.7477812
-0.26249623
-1.2533793
-2.2718084
-2.52859
-0.50931895
1.2215827
-1.9421738
1.0462179
-1.4185433
-3.5495017
0.26610184
-2.3242059
-0.18019423
0.84010464
0.63971144
-1.1986611
-0.93727964
-2.2752352
1.6633737
-0.62169147
-0.27997404
-0.5887563
-2.6012015
1.0265181
1.2740477
0.40056723
0.9111143
1.0018514
-0.9414973
-1.4784162
2.2812433
1.6852174
-1.1011161
-1.491317
-1.3486646
-1.9149542
-2.225749
-1.304102
-1.0274055
1.6026384
-0.46674627
0.4671684
2.607442
0.48622507
2.4703598
0.35837626
-1.252472
-0.5220433
0.7181159
1.081521
0.8115158
3.1748724
0.04727443
0.6117358
1.773143
1.4907006
1.2110243
3.2136972
-2.146696
4.2658834
-0.57613015
1.7125974
-1.2679807
0.9755653
0.11039729
3.6115339
0.0043975897
-0.67515075
3.795013
1.6909877
2.9006364
-1.3774476
-2.160077
1.6665974
1.0996419
-1.3649421
-0.20866597
-0.18799156
2.2954092
-2.20857
0.76989883
-2.5442824
-0.30543575
-1.6136773
-2.380704
1.2828157
1.9215298
1.5060052
-2.1916037
-0.49926078
-0.06978833
0.37183833
-0.14232111
-1.6216291
0.7942086
-0.48777887
0.28448567
0.10121507
1.7725154
1.2256197
-2.4485552
-0.7864701
0.37124765
-3.713705
0.5582925
-3.4895148
1.2946457
-1.5962747
-4.5848823
-2.5383635
0.19928321
-2.1970038
1.1159747
0.42519695
2.222632
-1.0098473
-1.5440485
0.29412004
3.5927672
1.2260747
-1.6959485
-0.2041753
-1.0827588
5.4464955
0.42774165
-1.0375385
1.1020725
1.0656978
0.26709998
-3.8616927
-1.3534135
0.3433338
1.2616917
3.7075434
-0.9960326
-1.4886814
-1.1404929
2.5337698
1.0414878
-0.39888012
3.1708155
0.9663266
1.2398372
3.420232
-3.0050056
1.0505594
1.9174061
-2.528197
-0.75900847
-0.21986127
0.5310141
-0.50057554
0.42741156
0.5477149
1.3581471
0.5048732
1.9192843
0.6952003
-2.5072336
-0.47909194
0.8267788
0.24568343
2.286817
0.4292866
-2.0971227
1.9118148
-0.8702359
1.0165809
0.5260306
0.17629135
-0.1937561
1.4805503
-0.35073477
0.69350535
1.8186176
0.48426664
-0.5065812
-0.9235238
0.76782626
0.7110419
0.3353578
-3.423824
-0.8410962
2.8828995
2.853471
5.759653
1.5928036
1.0416858
-1.6517977
0.53608286
0.27980816
-0.21703687
-1.6549749
-1.5524374
4.625647
-1.0179977
1.427076
0.03398066
-0.5606281
1.4064041
-0.8673846
-0.49803776
1.6936439
0.9925774
-2.1492434
-0.88839936
-1.9537075
1.1410195
-1.6015625
4.521912
1.1346416
0.9355452
-1.331878
-0.75975895
0.8517755
-0.14358176
1.0641648
-1.9837179
2.085433
0.4376536
-3.9954438
-2.7641826
0.8819679
2.9157333
-1.2425464
0.42359656
0.0034820512
1.9474355
-1.389547
1.041926
-3.7786148
-0.9651408
0.27445248
0.5603042
-0.38454574
1.3447989
0.34545437
0.97919196
0.20431504
-0.7542022
3.4402854
-1.0179241
-1.6125706
-2.329383
0.69098926
-0.24502823
-0.43715566
0.73353285
2.6478894
-0.07391787
1.2931969
0.839468
-3.368264
-2.017751
-2.5304067
-0.08546131
-0.48416615
-3.3121629
-2.1882956
-0.16690087
-0.2997249
-0.16142386
-0.4426593
-0.7848127
2.221081
-0.7563788
-0.44128302
-1.5215752
-0.95141894
-2.2341502
3.6274006
0.021491833
-1.4466687
1.9301727
-0.014108945
-0.84017247
-0.924092
-0.03273645
-2.0629435
-3.2877135
2.671584
2.2921321
1.0228137
1.0892442
-1.0544683
-0.48847333
0.80586517
-0.39726615
0.6987303
1.6627635
-4.7523317
1.3088462
5.1455517
2.1818085
-0.6571811
0.20428972
0.6756987
3.2032137
2.41988
3.0217602
-4.676254
1.284409
-0.4139442
0.5929858
1.8368721
2.2747357
-0.7096512
-0.9066203
-1.160822
0.7239164
2.5847092
-0.24029204
0.15283698
0.124263816
-3.1054485
-0.009655088
4.907656
1.3591318
-2.0896263
1.2574681
-5.18194
0.010663878
-3.8051171
-1.7408726
0.53175825
2.418122
0.58994836
-2.975849
1.1016505
-1.5658402
1.3590814
1.6652972
0.14770907
-0.9070483
0.3345
0.41947886
2.3867807
0.112243116
-1.1389616
4.718807
0.8519256
0.02324742
-0.1443649
-0.36604577
-0.013829313
-3.3656309
1.4070469
1.3993933
-0.025746584
-0.112190865
-0.8987868
0.30784985
0.5195865
-0.13030502
0.05554052
0.3130786
-0.8610072
-0.5147184
-3.3089623
0.27792358
0.46237883
0.67612636
1.8811799
-0.30005738
2.7978952
1.4077152
-2.5104115
-0.21138908
-2.1612453
-3.5790753
0.33215043
0.4642597
-1.571508
-0.52774704
-1.7000965
0.35687414
-1.9123963
-2.0704916
-1.4594498
-0.061305836
-1.4161515
-0.58741385
-2.0658488
-1.0670383
0.545364
2.47389
1.1951106
-0.48285356
-1.3044714
2.245313
0.12991008
0.1157079
2.669681
4.142341
0.088268906
-1.2077777
-0.10416452
2.0386622
-4.0776253
1.1477517
-3.4751034
-0.12912309
1.334451
-2.6290977
0.5959963
-2.6870358
-0.8918215
-0.5043658
3.4158235
1.7391106
-0.8964371
1.7727298
-0.87120223
-1.2387387
-2.414017
1.2127707
1.0479512
-1.0541147
-2.022275
1.9540979
2.458421
-2.8929818
-1.0650384
-1.9452205
-0.0241725
0.20087296
3.2977135
0.67762214
1.6565611
-0.20617662
0.57161933
1.3996544
-2.357749
-1.6021389
-2.6575875
2.125819
-4.691011
-1.2257589
-2.8820026
-2.8157432
-0.19397455
-3.6355367
-0.89490694
-0.9464247
-2.6126022
-1.2582728
-0.09107361
2.4204915
-0.34263864
-1.2473592
1.3426872
5.735922
3.4670768
0.90225005
1.251957
-0.59766936
0.3368025
-0.9230646
-0.6622128
-0.99104726
3.3910656
-0.4987135
2.8027885
0.21475902
-0.1437343
-0.64830196
-0.2190654
1.7654605
0.420872
2.4361188
-1.3379239
0.026180588
-3.1532826
0.23819193
2.0602126
0.59142995
3.8243814
1.5654378
-0.5209133
-2.9373236
-0.23123452
-1.2861314
-3.1037369
0.60404086
0.09265226
-0.17293233
3.5699143
0.25717792
2.2867632
4.234905
2.1624076
-2.715031
2.7728245
-0.72811174
1.7032048
0.15071052
-2.6643832
0.69362926
1.2782786
0.056640297
-1.3455323
4.1183796
1.6572464
2.6203392
2.7575643
-0.16088824
-1.7098888
3.9628294
2.0031977
3.2831328
0.4273658
0.10201088
-2.0663548
-0.90409046
-3.894504
-1.579224
-0.09949344
0.17948298
-0.16762397
-1.1280416
-1.8380579
-1.3158975
-1.4848623
3.6314201
-1.6896725
3.000949
-0.19885674
1.5550473
0.9980691
-1.7277282
-1.1394092
3.9745224
3.311976
-0.61570185
-0.59614176
1.0823745
0.46310848
0.0049913973
0.39763576
0.87672544
-2.3091755
-0.31240523
-0.6682624
-1.5383986
-1.0326089
-0.057896122
-0.54526275
-1.050347
-1.4357909
-0.7094393
-0.115379475
-1.96832
-1.8624209
-0.6762801
5.318039
-1.1009469
1.541495
-1.8345596
1.615601
-1.5212073
-0.622203
1.3770498
-1.0695124
-4.1032043
-0.1099235
2.5148938
-1.1599063
-0.6707812
0.96817684
-2.5965447
-0.6207118
1.0031692
-0.10871615
-0.5727817
-2.9733677
-1.2704337
0.5243405
-0.5224689
-1.0532757
2.1726913
0.9110665
-1.4603499
1.2571439
1.9531636
0.9429761
-0.5492249
-1.4125316
-1.8104795
1.0326266
3.1487906
-3.700644
-0.912233
-1.7737858
-0.06365676
-0.704691
0.18685964
-1.6369407
-1.3257788
1.8499854
-2.2053685
1.640513
0.9851784
1.2949064
1.3483261
-0.7747183
-1.5188327
1.8882227
-0.17762303
2.568062
3.2508037
2.1819031
-0.6174147
2.0977964
0.2749014
0.5462032
-0.97560763
-0.434221
1.0764965
-5.589927
1.0966619
-2.2906423
4.5248294
3.7003262
-0.5927367
-0.7951997
2.6134748
2.4229186
-0.47664616
0.9017228
0.6180041
-0.52091116
-0.1574682
-0.8338033
-1.8072138
1.2727376
5.0645614
-3.1058593
-0.27194262
1.6960135
1.5954298
0.00045636296
3.887694
-0.15841076
-2.3928494
1.7537004
-2.5240285
-1.8627226
-0.9594369
-2.8230987
-0.9453161
0.9474396
2.2264347
1.4419817
-4.150683
-3.2056959
-0.110018924
-1.6060884
0.6470576
0.33132505
1.6382817
-0.69513047
-0.94166714
-1.1824249
1.0786581
2.1255846
0.54077804
-2.462347
-0.6168867
0.8887171
-0.01682482
-0.547214
-2.7736974
-1.4917917
3.2802532
-0.24533816
-4.4943995
-0.10856129
1.6481385
0.85841095
0.37664455
0.8630394
-1.0391172
-2.712001
0.68038696
1.2593144
1.9034649
-1.6994096
-3.5741398
-0.10588875
3.7029757
-0.321673
-4.2614713
0.26422575
-1.8011842
-1.0043161
0.44163316
0.2874816
0.03931982
2.4290466
-0.49652222
-0.72911155
-2.1223521
-1.3297844
1.5853746
2.5199244
2.6441505
3.4764562
0.71331245
2.2313519
-3.6340632
1.2521453
-3.522466
1.2015517
1.304518
-2.5105953
-0.2925506
2.0092318
-2.0353417
0.54504114
1.118573
-0.4176194
-0.75509095
-0.26017547
-0.52192533
-0.86578983
0.2732306
2.6478329
-3.730923
-3.0465288
1.9542657
0.18069187
-1.0076098
0.8571756
-1.4540466
1.6406037
-1.264893
-2.8952522
0.12847261
-1.6293498
0.75821394
0.16084564
1.6062946
2.2477362
-4.1245837
-3.5926492
-2.106831
-1.5723042
-0.79751617
1.5633686
-5.771948
-1.2379316
0.9927242
2.0332189
2.7745082
2.1692014
-3.0984848
0.8363253
0.49888664
-3.0127745
-0.20688888
-0.23249853
0.20990092
-2.50281
-3.8740993
2.2820854
-1.2107234
1.0547742
-2.3741224
0.992311
0.0014917701
2.4842422
-2.9118733
-2.0334976
-2.2830396
-2.8425786
3.220368
4.737107
-1.9106486
-1.8583891
0.8947288
1.2606871
-3.2500272
-2.9636786
-0.9209252
-0.41151664
-2.142101
-2.6446462
-3.6041427
0.63752097
-0.4915247
-0.2672644
-1.991241
-0.6905968
1.8328173
-0.28373474
1.5166056
0.6350172
-1.570124
0.83114946
1.0547165
0.5427669
0.2929575
0.96404123
-1.9592378
-1.1414365
2.8895838
-0.2994
-2.2829812
1.2335516
2.03101
0.928396
1.2014118
-0.52906305
1.0777187
-2.9560294
1.6369984
-2.694991
-3.58265
0.34845516
-1.0262645
1.0210129
-4.161249
0.90800405
-1.0865663
-2.0658832
2.1079013
-2.0761867
-1.1317123
0.15786791
0.8639904
-2.1189344
-2.1249785
-2.4923158
-0.09914826
-0.015077747
0.25691766
3.205741
-3.0474179
-2.5614634
-1.4179927
-0.21987943
1.512897
-0.9754504
0.76049364
-0.014894366
-0.620286
2.3384664
3.3611996
1.8796997
1.6383653
0.55194944
1.1666812
-1.1540644
-1.3579073
2.5412192
-1.2965091
-3.832006
1.4713653
1.9219693
3.4050407
-0.63533133
-2.8695602
-1.4121237
2.904166
-1.1532203
1.842006
-0.5001116
1.1293225
-1.6944928
-0.19178785
-0.09986659
1.4270486
0.7476537
-0.16262087
2.1156237
-0.8360134
-2.1976624
2.1915379
0.5583029
0.8961659
0.33338195
-3.4754238
1.8780044
-2.863054
0.6496969
-4.0916853
-0.60576504
-0.46003845
2.357356
0.06306031
-0.060211487
3.1467915
0.16899036
1.0800266
3.4623547
1.4192456
0.6302095
-1.7811841
-0.88012844
1.0333477
-0.29412138
3.345175
-2.2192423
4.143988
-0.16494696
-1.1403712
2.201702
-3.0334616
1.3758072
-0.1536029
-0.95503795
-1.9433817
3.138338
-1.6749843
1.9544808
1.7449307
-5.361431
-0.19310877
-0.27486813
-1.98536
5.9322486
-0.48454455
-0.96467054
-2.095314
0.5327698
-4.2291155
-0.8779307
0.77990115
1.3356462
-1.561811
-1.6772655
-0.020271026
-1.95133
-1.829089
3.1822731
-0.9149856
1.2222478
1.9070216
-0.6414224
-0.11764103
0.76241505
-2.1207287
-0.12035575
0.33579615
0.5977453
2.1552927
3.8042872
-3.2867293
-1.1884444
-3.1870646
-0.9294501
0.38533923
4.4365854
0.11480686
0.4782926
-2.0737178
1.1635386
-2.6772008
0.54581946
0.5438157
0.92750555
-1.7409278
-2.619037
-1.0584898
-1.7976004
-1.9822685
-0.6760975
0.59370035
-1.2836808
-0.5290383
1.2449687
1.7364571
-1.4575663
0.798029
1.0382545
-0.7338341
0.068017386
0.6495517
-2.974062
3.6469555
1.3019483
-1.1165681
-3.1869495
0.9525338
-2.0602467
0.26297098
-1.1722677
2.8277662
-0.33453968
-0.35260832
-2.1878667
-2.160192
-2.2945404
1.5676723
-1.5468638
1.186607
-0.15697852
1.6076488
-2.457128
0.11921084
-2.8163602
-0.96188706
-0.74355215
-0.64245665
-3.4250145
0.9389768
1.5488919
3.4300237
1.1811233
-2.20898
2.136709
-1.477765
0.54521674
-1.6267793
2.1946213
-1.06005
3.7223628
-1.1475922
-1.9525741
1.0198145
-2.027739
0.7268344
-2.3952703
2.4945788
1.8898714
-1.0834945
-1.531152
-0.56701124
-0.3073373
0.629253
3.2527661
-0.46700698
-0.17242575
-0.18535271
1.1925751
-4.390923
0.6922631
-0.018478245
1.56446
0.1384033
-3.5113068
-0.3124081
0.056204677
0.10609307
2.445859
1.7532504
2.285711
1.7089615
-1.2351761
1.533529
1.831291
-0.117668875
0.7249754
-1.6193324
2.9451766
-1.6794106
-2.2905324
2.5504916
-3.0645773
1.9407022
-0.027841594
-0.37348256
-0.3290857
0.24342111
3.2721977
4.8196416
-3.759243
0.26292008
-0.4996289
-3.2205956
-3.038609
0.36240533
1.3359776
2.1793845
-2.226
2.070809
-1.8579576
1.3342022
0.39423686
2.4828281
-3.926012
-2.4044557
-1.5027457
-1.5368274
3.728942
0.018893689
-1.3590684
-2.1193266
-0.6493502
-0.050422274
-0.8088864
0.91670007
-0.008933224
0.847169
0.31121674
-2.8543417
0.06857951
-0.7095685
0.3947343
-0.7265299
2.4216719
-1.3378503
0.22344595
-2.0674615
-1.1914784
-1.2131586
-0.053363092
-1.4289029
2.847916
-2.007217
3.67926
-1.9959307
0.94071686
1.624425
1.9239072
0.44449028
1.8288479
-0.67238677
0.40349987
0.5674733
0.86408776
-1.084021
-2.1324916
-0.9127571
0.60106903
1.6234288
-1.0144521
1.9224206
-1.2301246
-1.4670475
-2.0568256
-1.6921217
0.833296
-4.2564497
0.71367085
0.8091544
-0.28884178
-0.12453823
-0.48370183
-1.4976141
3.3666475
-0.71493274
-1.0911703
0.3636742
-1.3200533
3.8323157
3.4464116
-0.12353346
2.51051
0.3783617
0.4118569
-1.0743889
-0.097284734
1.7131971
-1.435523
0.6543883
0.10459908
-3.0039291
-1.2535444
0.031620763
-1.8311436
-1.4976038
-3.087507
-0.9056415
-1.5633371
-2.3560565
-0.03797678
3.1973586
-1.6185856
5.5806766
0.7788112
-1.2238172
2.55396
2.6722777
-0.31194046
-2.6673853
0.25706732
-1.8444194
2.8409295
-1.0309207
2.454481
-2.3174155
1.8407406
-1.9555377
-0.57302964
-2.1271944
0.9156284
0.4749497
-1.7256154
-1.6236787
1.6251044
1.3937083
-0.78954554
-1.6030135
1.041912
2.6725054
-0.10120844
4.7357893
1.9099712
0.67352283
-1.428501
3.1363685
-2.232502
-2.5499268
-0.5966159
-1.4227991
-0.91200984
0.43540412
-3.4009995
0.24672435
0.9061931
-1.9738903
-1.8078246
0.2919172
-3.5386033
0.63099486
1.1013062
-0.06413237
-2.1408615
-0.62716
1.3525592
0.94774866
1.2555779
1.284082
-0.14839718
-1.0719345
1.1381458
0.88922215
1.8609484
-2.7940664
-2.5645025
-0.27288514
4.955131
3.483971
-0.40671724
-0.9160876
2.5142064
0.8601007
-2.3857684
-1.0129521
0.005814422
0.92663693
1.0606987
-0.845625
1.0441191
2.0220292
-4.069935
-0.9278271
1.5240098
3.7870262
-0.54744875
-0.16700205
3.4386075
-0.32661787
-5.0694904
0.0005754307
1.0009443
-1.6074153
1.1734781
-0.90731424
1.6620268
-2.3791196
-0.2616813
-2.034475
1.0229386
2.700616
-1.9814694
-0.41739506
-3.7176642
-3.488078
-3.6196396
0.628704
-0.18619572
-0.9170836
4.282702
2.3526888
1.8925102
2.7767742
1.6200507
2.06987
2.4694371
1.583184
2.5692377
1.2757299
0.16642135
2.6977298
-2.0451472
-1.8552537
1.6206685
0.14695258
0.8289514
-1.888834
0.24880046
-1.3509052
1.8465126
4.205554
-0.015740994
-2.0795105
1.9700693
1.1502402
2.0844095
-0.82425505
-1.435595
-0.07123239
2.045124
-2.0231037
1.3937278
-2.6882482
-0.9176502
-0.13152151
1.6244829
-0.58580697
2.65598
2.564163
1.7238266
-0.22998828
-3.120783
0.57372624
0.815662
1.6030934
0.678131
-1.059627
-1.7025794
-4.1981406
2.4816492
1.2298743
1.5661434
-1.581948
-1.3812757
-1.0408967
1.020527
3.9812634
-0.00047991425
-2.580132
0.3290654
1.9859161
1.2809836
0.50476116
0.20570636
2.9989414
0.41284677
-0.096377656
0.56913483
-0.921827
-2.313087
-1.6173646
0.5774623
6.018712
1.7674221
-0.49796465
0.5443732
0.5536207
2.7203403
-1.234884
2.103709
-4.1847277
0.36558625
0.6285003
0.4685642
-0.73061323
-1.7034442
4.1726418
0.06628427
-1.4129466
1.1579235
0.9801272
2.2974365
-3.9426568
0.8052551
0.67048174
0.10324292
-0.23992449
1.8638626
-1.8545283
-1.4477208
0.9625393
-0.04010275
2.7122636
1.3436553
0.3808807
0.002094023
3.866998
1.4181975
0.7934741
2.7647564
-1.681351
0.6873562
-0.4847902
1.8714511
-0.64719236
-4.825982
-3.2154818
2.814399
0.955004
1.3878913
-2.9799473
1.5079349
-2.4256155
1.011276
1.4520385
-4.886431
0.08287981
-1.5284498
-1.8426131
1.2738224
-1.418047
-1.3447952
1.3880217
-0.00332997
0.18588069
-0.3117958
0.7831671
0.90715486
2.5534961
-2.0029304
-1.4228348
-2.714962
-2.393421
0.30511063
1.2141703
2.46747
-0.087730244
-0.65731835
2.0110886
2.1684253
1.619834
-0.59145904
3.2051983
1.9882911
1.3900459
-2.9791305
2.2650037
-0.03004802
-3.6595745
-0.50535566
1.2865255
-1.7895176
1.0535014
-1.4084512
-1.7460876
1.544525
1.655697
0.68326634
-0.67602473
-3.8492756
1.3956115
-0.83858263
-1.0179971
-1.0702796
1.9542819
-0.34593767
-2.954175
-1.1186291
2.258984
-1.794097
-4.4200954
3.246733
0.76035696
-1.0094036
1.0862556
-0.31914952
-2.210469
-5.05481
-0.20105657
1.7259266
0.5146668
0.7485515
-1.8088101
-2.0208035
-0.98061293
0.62942696
0.3665535
-1.567836
0.033262156
-4.929082
-1.4140228
-1.5626404
-4.1672807
-1.2257935
2.422727
0.48111635
-2.092589
1.2463225
-1.9855293
0.85201436
2.3205378
-2.8887677
1.3130202
4.5220985
0.99197435
-1.9541335
1.915185
0.01569511
-0.0004739426
-0.040932126
0.32473278
-2.8023298
-3.2291634
1.2493852
2.1440475
1.1004177
-0.19302002
-2.7138662
-3.864376
0.5915034
-1.4917079
-1.7923543
4.4360204
0.79078484
-0.87401456
0.19104037
-3.8631322
-0.5371412
0.41595313
3.0321708
2.2619438
-0.3805664
0.050153576
-5.777366
-2.3225136
-2.2846773
1.1946273
-0.373481
0.6672157
-1.095106
-1.2077905
-0.8134832
-2.9202752
0.8163296
-0.4313999
2.715302
1.0463747
1.6051197
-0.263515
1.7806224
-0.5135962
3.1539786
1.0922737
-0.33327404
1.4632301
-2.954709
3.1496525
-1.3610884
3.185165
-1.8816011
-0.816829
-2.1041093
1.14829
1.5473384
2.1416278
-1.1919597
-3.2687254
3.2147582
-1.1381582
2.5114574
1.9614521
1.9167572
0.6450653
-1.6482955
-2.093214
-0.7864508
-0.8999346
-0.63645315
-0.2832427
2.2797897
3.7606459
0.29490227
2.1160054
-1.823965
-2.3913186
0.78843254
0.6811102
-0.100226395
-0.45855483
0.32081878
0.027687177
-1.1423326
-1.8068565
-0.8579058
-2.4127297
1.4155593
-1.8420174
0.57790935
0.9847442
1.0033867
1.5768824
-3.4622064
-0.96322995
0.30428877
-2.6693795
-1.4180984
1.8584232
-2.2429056
2.9630518
-2.8502572
-0.8025582
-2.560347
0.35416993
3.6922464
1.0135663
-1.0389411
-1.466587
2.4183998
-1.6786187
-2.6137125
3.0179977
-1.2234352
-0.55110407
-0.47998098
3.0202103
1.1923935
0.77998406
-0.24641128
-0.45394453
-2.053163
0.54393715
-2.9387562
-0.47550443
-1.2825936
-0.6343132
0.9016061
-1.4786906
1.652454
-4.1885667
0.23239928
2.3147314
-0.39245063
-4.780011
-0.22668275
-0.21364571
2.1185415
-2.4991672
-0.27195308
-0.77326554
-2.2370462
-0.39837858
-1.6954134
0.6926311
1.5883876
1.1657072
2.0654392
-1.621998
1.2323725
4.8676186
1.6184636
0.29330805
5.33899
-2.6061325
-1.1917015
3.3005579
1.2198341
1.2031672
2.5194852
0.8425994
-1.3526083
2.6811101
-0.42638177
1.3679552
0.8811729
-0.28915077
-1.0433737
-0.9329833
-3.2806292
0.45687714
-0.29428717
2.6373258
-0.72503525
-0.7518533
1.5190812
0.9699104
-0.24550155
-1.3879138
-0.26397976
-2.3476062
1.8476346
0.385128
1.7983912
2.1636794
2.6121023
-3.5415034
4.2958183
1.6483862
-0.6773611
0.43128946
1.1983807
0.3977519
0.5342643
-2.863165
-0.9974724
0.7019716
0.5061752
-3.2501924
-1.2753904
0.014252327
-2.8097954
-0.025574312
3.4662232
5.1910405
-0.14430074
-1.9749037
-1.1130595
2.1087997
1.1572095
-0.3993368
-0.68380135
-1.7919173
-1.5359155
1.8783697
-1.5642297
-0.13451052
0.16779158
0.06040506
1.5501931
0.4149115
2.8570712
0.276883
-1.4408156
2.0285969
1.6438986
-0.23443194
-1.1571887
0.6179025
0.5600617
1.3089594
-1.2154514
1.6533486
1.490104
-0.66645813
-3.3337839
0.5532923
-0.6650003
0.7432751
-2.1562011
-0.9498881
1.0570818
-0.32796973
0.4655721
1.3603468
-0.9258413
-2.8111575
-1.5908006
0.6901815
-5.1566114
-0.84289116
-0.609801
0.76187116
-1.1624786
-0.43524387
-4.8661017
-1.6868325
1.9452803
-0.2632809
-1.4489172
2.4890862
-0.5382371
-1.505544
-0.8500063
0.29099804
-1.5445513
-3.4058552
-1.2538844
2.1178076
1.8774971
0.31752372
-0.8209344
3.3653624
0.27849895
3.8613708
0.38266343
-0.8941644
0.8621471
2.369724
-0.72777396
0.5191933
2.660903
2.6117077
3.2118232
0.2012862
3.9154253
-1.7215276
1.1001201
0.74115986
1.2474004
-0.051912583
0.9300917
-1.1437194
0.5870595
1.3375393
0.58989346
-2.0108109
-1.9142787
-2.06091
-2.2539277
1.3532505
-1.9921147
0.7225192
-0.1776731
1.2323073
-0.7372579
1.1513011
-2.5030804
4.0023165
-3.4394207
-0.97905535
-0.09298334
-3.2741008
0.47549102
1.6496626
2.4576845
-2.033995
3.100207
-2.2185526
0.271657
-1.2632495
1.271029
-1.2992297
0.7481075
-0.6269601
3.2783504
-1.5665703
-0.11360668
-0.10721602
0.16126758
1.1288872
0.48242396
2.6702929
-1.6031055
-0.47131532
-1.7858126
-0.6112556
0.665868
0.11218937
-0.4650783
1.7288685
-0.94972265
3.120673
-2.2888696
-0.3483147
-1.7528396
1.132786
0.1699365
-0.09585121
0.28462875
1.17262
0.94469064
1.7114097
1.9149004
-0.8824491
0.90160054
1.2953514
-2.6042354
2.6597462
0.44305006
0.99814355
-0.84701425
-5.697197
0.63435304
-1.792813
2.0064116
3.9142964
3.2033648
0.48610577
-0.8537264
-0.2881476
3.0723531
3.951558
-2.7980144
0.48023283
0.019091502
-0.61478615
-1.5116633
2.3618035
-1.2913227
-0.6555406
2.0639608
3.2766166
3.1064076
-0.34356305
-3.7592733
1.9574146
-2.7468214
0.2638719
3.5710583
-3.3939402
1.9820951
1.8344954
0.6992438
-2.4890707
-2.1672194
1.3358878
-2.0543675
-3.7518485
2.3386788
-3.905589
0.51060426
0.8498419
-3.2613857
3.5027344
-2.0329165
1.7126466
2.915472
-0.86656713
1.8263518
-0.115699135
1.6406653
-3.7951176
-3.7717147
-3.8291109
4.6661797
-0.529734
1.7715628
0.757836
3.9243026
1.764344
0.393986
-2.3576884
2.9921725
-1.4843974
-2.1009037
-0.58763486
-1.1099133
-0.0990879
3.0072489
0.50789446
-1.2860653
-0.6606527
0.60891587
-0.94676197
-0.4358216
3.5073407
0.4929663
0.7827736
3.1452663
-1.3738948
-0.8165763
-0.54119587
0.11514734
3.6226878
1.0834084
0.25142044
1.6897626
-2.4930894
-0.11593067
2.3166134
-3.8209887
-1.285302
-2.8509285
1.0992416
0.98636955
-6.2688484
-2.055678
1.4250549
1.2087685
1.3135625
-0.13324481
2.6567068
1.1364633
-0.17605668
-1.3156947
-0.006529607
2.1475883
0.59844357
3.8861873
0.13481177
7.1652083
-2.950607
1.1095902
-0.13131833
-1.7774004
-0.35172445
2.2339566
-0.08947279
-2.476247
0.097239144
1.997761
-2.6440337
0.22510542
-3.8023016
0.34408504
2.3539705
-2.5625935
0.9812037
0.9158013
-2.1081274
2.9954112
1.1697799
0.37426448
-1.7222865
2.8948102
-0.22959772
1.4927958
3.23393
1.7710254
-1.9650414
0.0813344
-0.6787042
-2.58491
1.6101034
1.7276546
-4.0847588
0.22006339
-1.7227248
-3.812369
-2.0168796
1.659491
0.7813112
-2.2670302
3.6445997
-0.20073587
-0.68123615
2.309229
0.6199607
3.0400105
2.1387112
0.20222265
-1.1891043
-1.4757642
-3.097576
0.06411452
-1.1078799
-1.2013735
-0.6009137
-0.7970519
0.8780266
1.1637353
1.8260626
0.9944158
1.1884696
2.0894065
-0.5724345
0.20732522
1.3892347
0.5356248
-2.9980416
2.766584
1.6094669
4.303469
2.3951962
3.4615517
-1.3802191
-1.2821361
-0.1599597
-0.43814912
-0.35113665
-3.2211316
0.95656824
-0.3296819
4.7922306
-0.20562445
-1.4194291
0.9067722
-2.1407466
-0.18328664
1.6933821
1.1206644
-1.9868304
2.0197744
0.9100842
2.2792554
-5.0071516
-1.949838
-3.5018587
-2.244724
-1.8603204
-0.26005003
4.078962
-0.7833649
0.5517254
0.115737036
-3.031876
0.94315493
-0.09159312
-0.3183496
2.8093135
0.8249949
-1.2296954
0.9658021
0.7473413
-1.7304566
1.8841825
-0.52797526
0.27208823
2.183478
-0.14150861
-0.018802077
0.56762993
2.5534787
1.0172827
-4.4547796
0.049696676
-1.7539883
2.5011446
-4.284608
-1.8482679
-1.4514772
-0.09481497
0.17394069
0.1366689
0.2641803
-1.7032137
-2.1690366
4.6307592
-1.6436001
0.77183795
1.069351
0.16207838
0.76231325
0.57201856
-0.7993448
1.8749427
-3.00416
1.0982049
-0.9180864
-2.378368
2.2935872
4.241894
-1.8957311
1.7925645
1.4624109
0.5232044
2.4272432
-0.43277708
0.28642777
-0.21478507
-0.63616323
0.55478925
-1.9730992
-4.219746
-2.2409873
4.117629
3.6509075
-3.694954
-0.59266895
0.7768961
-2.4661207
-1.4902955
1.504418
-3.4536202
-3.2188525
1.7556492
-1.2394258
-1.0482274
-1.3742558
3.6911874
-0.09435604
-1.9191824
1.279347
1.5679845
-0.09049082
1.2413114
2.762042
1.100711
-2.9818394
1.0170072
-1.6448094
2.0830157
2.2970054
0.10609205
1.2273527
1.2440313
0.09097709
-2.4233105
1.829547
1.7448962
1.6019936
-0.67586577
1.5353925
0.15571268
0.4569944
-0.70011765
-4.354975
-0.12924117
-0.010655142
-0.9563193
0.47852957
3.8251386
-0.53740907
0.74820095
-2.728888
-0.8913244
-0.22711857
1.3011886
-1.1962471
-2.039214
1.3673803
-0.44279304
-0.060169153
-1.6412141
-2.793028
0.6027026
-0.71355283
-0.14575133
1.662877
0.49787664
0.9656652
0.10604596
0.31461242
-0.05104547
-1.1117377
0.2699627
0.22938228
-1.3746158
0.53317595
1.1171082
-0.5152817
-2.2768192
-0.08454417
2.0082326
-1.620484
-0.649894
-4.973951
-1.9477142
0.9651563
3.5844338
0.082410514
-3.7065763
-1.6409827
1.6266916
-1.2712952
0.11658276
0.5942846
2.4716134
1.6894147
-0.09531866
-1.3838401
2.6182795
-0.056960225
-1.3498058
-0.58920527
-2.716564
0.022238776
0.32927084
-2.6750975
-4.0128865
-2.010871
2.2293031
-0.1502904
-0.85480666
-2.9779751
3.5875154
-3.0751836
-2.8050148
1.4563067
-3.0391462
-3.4790058
-0.008344397
1.3435987
-2.326351
0.301788
-0.32631403
-1.29149
0.71639985
1.7918274
1.3773409
-0.8754121
0.56950164
-4.2535753
0.6434881
-0.7903349
-1.112421
-1.172697
0.17671072
0.7206264
2.2656775
-3.5051281
0.969288
-3.821514
-2.0658374
1.4421319
2.1974182
1.0718181
1.4186056
-2.2594543
1.2479159
-0.2925296
-2.4836485
-1.4044806
0.19124925
1.4280343
-2.8889766
-0.14215043
-1.4699423
2.7156875
1.2536292
-2.450932
1.8672715
0.35851648
0.050170526
0.9254755
1.6598926
-0.17975082
-3.433306
-1.476192
0.03951468
2.8005052
-0.8047271
3.5943024
-1.4733282
-1.5301541
-3.3680334
2.0763693
1.3270236
-5.996448
-0.63819915
-1.3477927
1.012092
-2.3938284
1.0715767
-3.5367746
1.1055431
-1.6424645
-1.0727463
2.8686748
3.5144079
0.7553126
0.44431898
1.6981393
6.2777834
-0.69150084
-2.088581
1.2293072
3.4834836
2.1303487
-1.6913044
1.7985562
5.2073455
-2.7260077
0.21582192
-0.5209366
-0.006695725
2.3378785
-0.42594445
-1.4006429
-0.20904812
-1.7566115
-1.829797
5.0744424
2.926766
-2.1534207
0.009921342
-0.9796898
-2.0550075
2.492392
0.30774814
-0.37948465
1.1615037
-0.05996918
3.7675884
1.4208347
1.8749473
0.3711315
-0.06582602
0.40026775
2.7222116
1.3446591
-2.3664365
-0.41395485
-3.3379202
0.5403549
5.049443
-2.5854723
-0.41375995
-0.7566549
-0.3304942
-0.24636471
-0.80655086
1.6256461
0.2728141
0.00064116716
-1.1836287
-1.5912632
-1.9728749
0.4148139
0.6856148
-3.138794
1.0101758
-0.20906588
2.1503356
-2.8626864
-1.4290473
0.774941
1.1678942
0.74575335
-4.086462
3.057144
3.907908
0.41614568
0.16423026
-2.9290757
0.7470416
-2.8379955
3.9202776
2.4552383
1.3994911
2.2829714
2.189699
1.3637297
0.06406452
0.83933413
2.392756
-0.566074
-0.6564479
-0.85314924
5.785183
0.38818014
-1.5622818
-1.5974038
-1.190795
0.12468098
-0.93610305
-0.93584144
-2.1791005
-0.63016677
-2.322107
-0.7223568
-0.49626398
0.8846926
-1.3556457
-2.1694794
-4.844313
3.3863273
2.8123827
-0.98387736
1.1488082
0.7474721
1.7596694
-0.045998473
1.7825646
-1.8446366
1.0526156
1.0948178
-0.6473931
3.6075368
0.267349
2.7106295
-0.3094477
2.0674434
-0.7355448
-1.6494222
-0.02025542
-1.2109139
0.3927662
0.7576669
-1.6340895
-0.35444498
-2.0560317
0.17113927
-0.20056367
2.6736677
1.3578612
-1.3454847
-1.2715575
0.70073193
-0.5053642
-0.5430427
2.7699378
-0.63673306
-0.30520305
3.31839
3.8655162
-1.9773209
-0.32510567
2.4575326
1.3136889
3.2381537
-2.3515673
-0.8719415
2.0212126
1.2004637
-1.502904
-1.4895364
3.496051
1.2178564
-1.9509249
-2.3610973
-1.1323364
-0.09434752
-2.4785454
-0.08169278
-0.028370678
-3.2966833
-1.5815364
-2.524334
-0.3722165
1.7133204
0.38804597
-0.037340418
3.4423645
1.233752
-0.41241348
-0.65383565
1.5059162
-1.8022791
-1.4504164
-1.6565856
-0.3466463
0.3842466
2.2210248
1.2605128
-1.3473455
-0.011072382
0.84542817
-3.957695
-1.4050479
2.622183
1.5811162
-1.0797843
0.21718502
-1.0252948
-0.96584225
-0.6759711
-1.32859
0.33961973
-1.5725032
-0.54759747
-2.3185794
1.0239803
1.7034427
-3.459677
-1.2282217
-4.0152855
0.09262681
-0.5913425
4.2386312
-3.4090042
-2.2451358
1.8261951
-0.93045497
0.056069463
-1.3543484
-2.8605254
-0.38441774
0.1891705
2.1393616
-0.6900499
-1.9731966
-0.8951263
-1.0424718
0.85292363
0.9938051
-1.7614912
2.2539566
-1.2720892
1.835664
-1.4655099
0.44338256
-1.2467351
-1.5335239
-0.9059304
-5.187049
0.8829639
-0.6382855
0.97438014
-2.6345286
2.3585832
-2.0948684
-2.6460876
-2.9264972
-0.13856417
0.58609957
-0.706744
-0.04870594
1.7615978
-1.4435977
2.0304265
-0.5165661
1.5713145
1.6497457
0.45738903
-1.48444
1.3781346
-1.0867778
-2.515176
-0.13133678
-1.2396746
2.3419907
-1.45252
2.7930803
-0.5890618
1.8069782
1.4753556
-2.2025883
2.0648456
-1.1537458
0.96654445
2.3363748
0.28475115
1.3500122
3.4706645
1.3683308
1.8995312
0.3668598
-2.970476
0.014183439
1.2696362
-1.689777
-0.2207399
-0.84328026
0.9285668
1.6171197
-0.07729594
1.9429061
0.9519141
4.7864933
-2.5439405
1.750698
2.7174103
-3.0023766
-2.8742313
0.44195518
1.9299165
-1.865727
-0.82336366
-0.2599686
-2.5174818
-0.80166835
1.0565867
0.72814876
-1.0348663
-0.7972921
-0.242221
-4.834119
1.4833138
1.5098612
-2.1767223
1.0152858
1.2248496
4.492934
0.88926303
-2.5619159
-4.7806983
-1.8291823
-1.3607626
-3.736285
-1.8933961
1.9891988
-1.8714703
-2.6279964
1.9143027
0.96228987
-0.6484456
-2.4220176
1.1410668
-0.09496441
2.3250513
-0.9969008
0.4557451
-0.11172379
1.3892647
-1.8764691
-2.7268877
2.6107144
-0.8970103
-1.4184163
2.0790434
-4.0162497
-1.0795441
-1.1039075
2.7804542
1.5044447
-1.5803466
-0.5284358
-0.5369909
3.2080147
1.9563729
-0.30607203
0.29502073
2.4948325
0.69910187
-2.210157
0.22628209
-2.2677522
0.14246869
-1.8123622
0.527136
-0.29321128
0.25113463
0.4794578
-2.3253868
-1.1910217
-2.1572986
1.1840783
-2.1115675
3.6190038
0.03322134
0.15942763
-1.0083766
1.186987
-1.0480341
2.1417484
2.1819842
0.4611957
-1.5473092
0.13296904
2.3784568
-1.6650647
-1.8910525
2.5297227
1.7546388
-0.17157507
0.8241077
-2.5313156
0.44537497
-1.6646698
0.30651867
1.2892984
-4.354177
-1.3566712
3.765766
2.4909801
-0.8020995
0.6097095
-0.8160247
2.2729254
1.4255124
-2.7873645
-1.5407568
-0.815382
-3.9437187
1.402325
-0.51945513
-0.7413886
0.30971655
2.6550055
1.6774626
-0.042333886
0.78628063
-1.1769677
0.72878456
1.8942313
0.6212695
0.3234325
2.2891364
-1.8137776
-1.5947635
0.80371773
2.0545301
-0.46051794
-0.4734024
-0.5907412
1.4995899
0.4135976
-1.7806009
1.7102168
-0.48417634
-1.1311647
2.06597
1.9127314
0.24340293
-1.3872482
-0.692245
-0.39805704
0.25114754
-0.8165502
3.1742144
-1.5939965
2.0685782
0.20385742
-3.0573776
2.236764
-0.02793881
1.3724207
2.2668564
0.408802
-0.9014524
-0.7084994
1.0947049
-0.6597857
3.1936285
-1.7805043
2.7076764
-1.6284602
-1.4628166
-0.1954941
0.114844225
-0.6567617
-0.56078416
-0.40705734
1.4886444
1.8613027
-0.39703673
1.7834734
-1.8624614
-1.8228892
-2.4635134
0.41908473
0.9795024
1.0913537
-1.9863045
-0.8510868
3.1812246
0.25401688
-0.7386354
0.5661957
-2.9070265
-0.51257324
1.2750434
0.22649688
-0.6792691
-0.060705796
-1.8160036
-3.6815662
-0.7919457
0.022539392
-1.8168355
2.0213208
1.6208837
-0.12689522
-1.504233
0.8894361
0.61678314
1.0491252
2.6373956
-0.050785508
-2.594064
1.1406071
1.1319109
0.14064601
3.846527
-1.4187498
-0.79830974
-3.8595417
2.5284917
0.44396612
-2.7602699
-0.63086617
-0.8971571
0.37561566
2.6196303
-3.647289
-0.9020003
-1.2136192
-1.3865572
2.012608
2.0360014
2.8577473
-2.5584517
-1.5642661
0.29286107
0.44804242
3.9241717
-1.5600028
-2.2607608
-1.2690837
-0.019728355
-2.1702433
1.5912893
0.2226544
2.2351062
0.123036936
3.1119506
0.2662659
-1.1719277
0.89478105
-0.8566893
-0.13734666
-1.8770661
1.029144
-0.17246512
2.4959037
0.3014499
1.7967829
-3.3471456
-1.5563171
0.23204896
-2.0921245
2.6524127
-0.381854
4.959728
2.6372035
-1.6178077
1.8531848
-2.056449
-1.637415
1.8686299
1.4568983
-0.59273094
1.5690031
0.80383885
0.94434893
1.1977507
0.6559222
-1.6175439
0.539391
-4.4938
2.4699156
-1.2179377
-0.67168075
-1.813174
-2.0186005
2.958315
1.9079509
-0.30140275
-0.23208453
2.9209995
0.35970587
-0.44773296
1.4428794
-1.105864
0.14737573
-0.40815213
3.191375
-0.59560794
-2.0658107
1.3029165
-1.4521681
-1.036642
-2.5105875
2.2846544
-2.1722534
0.81725687
0.38452587
-0.19278091
0.51279587
0.16210653
-1.9362139
0.542641
-1.6935467
-4.991612
-1.1887069
0.10011684
1.5497499
0.6371432
-1.9022301
0.34984925
-0.06263267
-2.0946274
0.56229824
-2.4997709
0.3273444
-0.8027442
-0.916376
-0.59360516
0.5442153
3.1779356
0.23384315
0.07495537
0.10165332
-2.1910675
-0.3555408
2.2388785
-2.9599688
2.6926894
-4.771432
0.02925846
-0.7938189
2.8950272
0.71552324
-3.2509928
-0.48160458
0.98667336
0.60269594
-3.1270108
-1.2331296
-1.4081489
2.0286498
1.4009563
0.6057972
1.5675169
2.457904
1.4386593
-1.8771491
-2.8574553
0.5667239
1.301323
-0.3798756
0.4522564
2.6492007
1.2686106
-0.54662716
-0.42025587
0.95762944
0.72338414
1.5564967
-2.622502
-4.4380774
-0.6626042
1.6863866
1.6160581
0.8927054
-0.5563935
-3.1412168
-1.5971701
4.2437887
0.11914326
0.6944805
4.20879
0.13330474
0.99340785
3.277223
-0.18852618
-3.473167
0.16391748
-1.1697129
1.8976732
2.427534
3.9775224
-2.5406213
-1.3014151
0.040997528
-1.8226563
-1.767408
1.7683575
-0.6665185
-3.9281836
2.362344
-0.4596313
-1.1178421
-1.0288614
-0.71883905
-0.63299316
-0.8838682
-2.730234
-1.6753471
-1.270834
2.461668
0.57875746
2.7586834
-2.9466836
0.11648736
0.4984462
-0.32679334
0.90266657
0.79471046
-0.00033420324
-1.2938151
0.28378356
1.7257947
3.4653583
-0.8908142
1.508346
1.4221522
-3.5038402
-3.0759628
3.2018473
-0.40987882
-1.5192753
-0.15852582
0.202488
-4.224604
-2.8295045
-0.88014394
-3.235127
-1.1831331
-0.77717984
0.8810896
-0.018119462
-1.159389
1.0004715
4.373497
1.135423
-0.102432095
-5.68731
-0.4803491
-0.23575895
0.8144678
0.71667594
0.43977076
-1.4189655
-1.8988851
-0.1596114
-1.7199471
1.1288176
1.6960517
-1.1633192
-0.75233257
-0.93749547
-1.32197
1.3608384
0.1327574
1.4263936
2.1089132
1.1731687
2.3208265
-2.7316492
0.4024806
-0.6039458
-1.1695592
1.2916254
-0.80356
-0.22781722
-3.8671317
0.22934222
0.6584882
-0.563421
-1.1501235
2.5170536
0.760893
2.698004
0.47032714
-2.529961
3.709749
-0.43620762
-2.2935653
4.447603
5.292982
-2.3911653
0.3810502
4.666718
0.12684613
1.8601955
0.74866444
-0.71932495
-3.0742388
-2.9048617
2.6587906
0.51657075
-1.7041072
-1.5591503
0.14673054
-3.120994
0.79832196
2.9455466
-1.4842128
1.7785496
1.7412887
2.8402839
-0.93967396
0.6510882
-2.8416774
1.1407077
0.5335931
2.8835244
1.1703694
0.49432218
-1.4816353
1.7022247
-1.8244413
0.12749629
-3.1483505
-2.6095185
2.5594165
-0.8704349
1.371801
-1.2889049
-0.8770131
-2.669817
1.0907599
1.4881394
-1.1721056
0.7196688
-2.0364807
0.22690645
-0.74483484
0.6006178
2.4386709
-0.83628017
0.9763177
-0.7718123
-3.4163544
3.118778
1.4797381
-0.045883156
-2.7502356
0.68217444
-0.03132284
-2.9084742
1.7400384
-2.223711
1.1712831
-2.245274
0.07967733
2.1786814
1.2800411
-1.1505975
-0.38923225
0.51928544
2.5457747
3.6513062
1.284354
0.15628436
-1.1479682
-1.4461094
0.48511285
0.08691702
5.341176
0.494616
0.6618383
0.061717942
-0.21559021
0.8162834
2.9086888
2.8560753
-2.3587618
0.5395959
-2.1399908
-1.1626747
0.80585843
4.426811
-2.3820887
-0.7502604
1.0192254
-0.8062692
-1.6637754
1.1249535
-0.6835524
-2.673529
-2.0674798
-2.0130677
2.314818
0.7114365
-0.35314515
-1.3838269
-1.7280089
-2.0148551
0.69647
-3.0729022
2.4419723
0.719168
1.400468
0.56332725
-0.14159524
-0.43441612
-2.2868009
-1.42607
-2.791019
-0.46443814
0.17280033
1.6440725
1.0166509
1.5407534
-3.001701
-0.5751128
-0.55116916
0.9444791
-0.26519102
4.0275865
0.08794584
-3.8208103
0.5989798
-2.7676687
-0.6320195
-3.159538
2.4609208
1.4641854
0.47905496
-2.483382
-0.70428026
-0.9764393
2.691041
-2.3193061
-2.069318
1.2498698
-0.6781492
-0.35658756
-1.460465
0.17735848
5.271632
0.005378034
-0.49069732
-0.9459058
1.7223876
2.8505588
-0.03275653
-1.9498987
-2.3486693
-2.8209982
-1.5568197
-0.8131569
1.3805234
-1.9317373
-1.0459243
0.5694165
2.9843533
2.1518922
1.8351765
0.29199225
-1.7313151
1.395043
-0.4674371
0.10007621
-3.2528105
-0.4984575
2.2308402
-0.5736846
1.7919972
0.33179998
-3.1158578
-0.90336686
1.3959821
-0.86265147
-2.3713896
-2.6783597
-0.75029683
-1.378243
3.60888
0.4649264
2.3929482
-1.761575
1.2728385
0.02467477
1.592635
3.8379123
-0.90353185
0.36952162
-0.37173247
2.357545
3.796825
0.40424627
0.7310608
-2.1534252
-2.4698324
1.4260782
-1.4081367
1.4437727
0.20029151
0.2743594
2.0119598
1.1748194
0.7098789
0.5031079
1.0046808
-0.41414073
1.8076255
-1.3789153
-3.0617871
-0.9250257
-0.07640337
1.5332026
-0.35538378
0.6594724
0.7644948
-4.042103
0.2507056
-1.7464769
-0.5821792
-0.34920052
2.5821154
-2.4848754
2.133347
0.19250266
2.233948
0.42697406
0.49203342
0.0074788854
-0.1291238
-1.006544
-0.1000743
3.5720203
-0.3205619
2.401713
1.6572844
-1.3860421
-2.1952298
-1.0049001
-1.102426
0.07216665
3.7771554
-0.8313341
-1.2314103
4.264074
-0.11866505
-0.35225254
4.6540494
0.7649632
-0.15787354
0.48928517
-0.73045415
-0.8523308
0.16494933
2.041065
1.9743444
-1.151849
-0.73487663
0.39042684
0.45249212
1.3068103
0.19681422
1.6350633
-3.2996054
1.0296769
1.5891036
2.7984235
1.5073011
-1.0238551
1.0098686
-1.3399037
1.2472453
3.271842
-0.033419527
-1.5351949
0.14825553
1.5331041
2.5444946
1.2505493
0.8507007
0.64995897
0.8285336
-0.7783013
2.4399755
-3.9600687
-0.31179407
-1.742342
2.541664
0.21614784
0.9114365
2.307528
-0.9608765
-0.96969163
-0.95940614
0.6922419
0.55371535
2.1992567
-2.523094
0.9024685
-1.2141405
-1.6329342
-1.3669853
-0.8764309
-0.5895916
0.8069822
0.7740743
-1.7270731
-3.1685052
0.83768904
-1.1977713
1.4003124
-0.9356038
-0.50981724
1.235935
0.03988523
3.1910436
-1.7822356
1.5255994
-0.57367575
-0.8033342
-0.27619767
1.8143625
2.9533951
-0.5793979
1.434202
-2.8196201
-1.5318424
3.8809748
0.8908942
1.1506803
-5.389247
-1.8252083
-0.18795514
0.14951442
-0.005186811
1.705644
2.5790546
-0.896639
-1.3462125
0.14620972
-0.7194527
0.42164627
-2.6276588
0.5302963
-0.0843449
3.4125788
-0.0028857887
-0.39309818
3.8166413
-2.4557605
-0.81363094
-1.58271
1.0891141
1.4477218
2.1142972
3.8899322
1.0498575
2.2481828
1.5304052
4.9415126
-0.89506674
1.5031016
-0.817219
0.2461381
1.0537835
-0.86415994
-2.5859082
-0.26864368
-1.9463172
-0.9678041
-0.9683055
-1.8844587
0.6558711
-2.4515424
0.4327352
1.2056351
-2.6139963
-1.2444528
0.7483865
0.39909703
-0.5548426
1.3108327
1.9427882
-1.2341106
-1.2566513
1.3499559
2.271561
-0.2864975
4.1521435
-0.86019
-0.1793598
0.862882
-2.6382046
-2.9425862
-0.8018327
2.5029821
1.0615819
0.51821303
4.820384
1.5999686
2.061638
-1.5877676
-0.62934583
0.3048631
-2.388369
-3.4078465
1.468212
-1.3492193
0.676985
-0.8007329
-4.5520277
-2.5536618
-3.3586247
-3.8471704
-3.0706286
-3.1529336
3.2460802
-1.6481347
-2.2238562
5.2173166
2.488387
3.8526762
-0.099159025
2.5475805
-3.105417
1.2861658
1.3338349
0.42931587
-0.22075352
0.87548417
0.7209045
-1.2884127
-1.5318342
0.7675146
1.3774893
-1.4113853
2.1909354
1.7067821
1.5853508
2.5352938
-2.3583152
-1.148152
0.47095975
1.4704121
-3.4568312
-0.403074
-0.3671236
-0.62495255
-2.5729444
-0.6520006
-2.0129926
-0.9861065
0.11848427
1.4692624
-2.2277555
0.19008185
2.665359
0.90634185
2.4534643
5.0163903
0.029014483
1.1020149
2.2259934
2.7505214
0.3339419
0.05700794
0.6579364
-1.4914322
-2.6229239
1.1382867
1.9313601
-1.0956365
4.374347
0.18270239
1.0822563
-1.5818073
-0.9464453
-0.4494081
-0.9952406
2.9077992
-2.5052404
4.494421
-2.2124429
-0.17085025
1.8721489
1.3072308
1.6481227
-3.4296565
3.4084675
3.1992476
0.07967188
-0.6370754
-3.4317346
0.07303162
1.5842769
-1.2430634
0.7361291
0.8625821
-0.014552064
0.61910325
-1.4833996
0.36229867
0.33075768
0.22591452
2.7951682
-2.1794586
1.9554433
-0.023339845
-1.1675686
1.447773
-0.8240627
0.20249611
-1.6661644
0.1387335
1.1554193
2.0248861
-0.6065494
1.1663979
-0.6780115
-0.373402
-0.92531484
0.38939342
-0.7716455
-0.528431
0.026920367
0.5883786
-2.2134497
4.1069374
1.5339459
1.0756052
-0.9696371
0.74269754
1.6675597
-0.078621596
-3.0823338
-0.40369615
-1.7469296
-2.5721767
-1.6950824
-1.3643903
-1.5281496
-1.7727404
-0.49456814
-3.9639106
1.6308378
4.3817406
2.5047836
-1.208917
0.3992079
-5.5194902
0.75580704
0.83168507
2.3560414
-3.1755261
2.5323098
0.11565335
0.98361105
-1.6373193
0.10357575
4.0619073
0.46393394
-1.491815
0.48931426
1.5545477
-0.9916111
1.4296755
0.23112476
0.57160485
0.30365804
-0.30689883
-1.1252238
1.7824353
0.41628855
-0.45167747
-1.8188816
0.9412023
0.5128974
-0.50507045
4.5052876
0.20906445
2.2046378
-1.8763403
-0.584855
-1.8030939
-2.3840868
0.8976731
-2.6246839
0.8391038
-0.2592389
-2.6946497
-0.6917746
1.7863487
-0.5249125
-1.024246
1.7731097
-0.04930634
-2.771618
3.5185921
-2.6148326
0.34693676
-0.8086554
-2.883941
-2.6475198
-2.475493
-1.9016489
2.3293931
0.08388181
0.28458786
-1.8445157
2.9063296
-2.1868138
-1.2920353
-1.7160043
-3.3787847
0.38323778
-0.25046614
-1.2798557
0.411938
2.286095
1.2424366
0.94837993
1.0906482
-0.22609974
3.3557649
-2.4898221
0.6833758
-0.2809726
-0.055912033
-1.7170575
1.5332605
0.43464324
0.85145694
1.1439434
0.50239086
1.1499405
1.2901725
-5.466338
-0.81146455
-1.4356484
1.6010687
0.28055224
1.19221
-0.9186492
0.5388431
-1.7690806
-0.6156062
1.1372821
-1.458943
1.1090235
-3.0310986
0.1010907
-0.4704378
-3.0249147
1.4726807
2.0871258
-0.3084413
-1.7520514
-2.2056816
-3.0659091
2.0598466
2.914935
0.22230767
-0.87010217
-1.6584618
-3.462873
0.7038836
0.71072316
2.4373457
-0.87132597
1.9469267
1.1366806
1.2826248
0.53806436
-0.1371206
0.6477964
-2.491903
-2.2794762
0.08028674
-1.893444
0.010192975
4.1724887
5.0091743
-3.0319967
-0.7144695
-0.7648847
-0.9273906
-0.59080046
0.2873108
0.06251525
-4.562136
-1.2053769
-1.2006397
-0.34404993
-3.5759995
-3.0208895
-0.8502504
-2.5222504
3.3425713
2.929027
3.1652362
1.4537522
-2.109932
1.5219655
2.278374
-0.71853083
-3.4601364
2.718005
1.1603259
1.7006191
1.1192008
-2.1226125
2.9615417
-1.7347658
-3.5973258
1.9732265
-0.6549954
-1.0834503
0.18479666
0.6520585
1.2535194
-1.8109741
3.4483993
4.203224
-2.0164475
0.28058836
-0.3016937
-2.4091547
-0.7663124
-0.69143146
2.4004161
1.6903685
-1.4335165
2.5426364
0.78372186
1.5663384
2.2732446
0.47443363
-1.5087498
4.037236
-3.2097514
1.273064
-3.7739081
-0.39490157
-1.5252593
0.5135811
-1.4922141
-0.39569637
3.1858082
-2.576446
-2.5968347
-0.8695964
-0.15792888
2.3241775
1.7643195
-0.60942894
0.20514643
1.3342423
-0.5267431
-0.18899429
-0.3602908
2.0672843
0.24733162
-1.0698351
-2.5504236
-0.74122536
-2.686553
-1.4185563
0.46060246
-2.0365558
0.19693327
0.22986042
2.4673622
3.9489422
2.600688
0.8138617
-0.93581975
-2.8897626
0.022836853
2.4132004
0.70088404
0.39027864
-0.016299777
-2.1877208
0.6315858
1.8303642
-0.7499372
3.0232542
0.6749172
-3.1143787
-4.3942995
-0.3095343
1.030189
-2.3755658
-1.7585543
-1.1490384
-1.3752159
0.75564045
-1.2401602
1.6488594
1.8777746
-1.1143681
1.3115808
0.47782278
1.7773446
0.72399646
-3.042133
1.7128905
-3.2558935
0.8850231
-0.5461608
-0.39869708
3.6517236
-0.07868408
-2.0359411
-2.092998
-2.0940979
-2.1900935
-0.22255403
0.76190233
-0.21234672
-2.055915
-0.6468955
2.8472614
-2.4290714
-1.5188227
-0.9870943
-2.0519247
0.68561184
1.2266618
-0.7975822
-1.1952332
-3.3972692
1.8286636
-1.5294806
-0.18416907
-1.579535
2.8465984
1.0895879
2.772708
0.7965499
1.3755996
1.5019058
2.732969
-2.5131197
0.70372456
-1.7188038
-3.5643334
-3.9055517
0.2632154
-1.7299037
-1.0411539
1.9999701
-3.2376833
-0.44313025
0.8693749
-1.7983248
0.29650593
-3.4110816
0.44949615
1.6109942
-0.40612686
0.30896026
-1.1938337
2.255327
0.33602774
1.9995917
3.8815606
-0.21713233
-0.2927327
-4.974116
-3.379692
0.5525962
0.63183737
-2.8782692
2.6589048
-1.6943806
0.6101768
2.370212
2.52064
-2.641734
-1.3981344
0.8667048
-4.651997
0.83969617
2.6237345
0.5027354
3.0075366
-1.600974
0.21314588
-2.0210903
-0.8315341
0.30435097
-2.847097
-1.9064538
-1.113989
-2.1677637
0.5289819
1.7631263
-0.2732451
-2.8699455
2.5179899
1.7855572
-0.92892253
4.1309295
-2.583799
-3.0042372
-4.5779963
2.0315561
-1.7506186
1.2251475
1.3689072
1.7081778
-1.5237982
-0.33287528
-0.7542682
-0.15972704
-1.3275797
-0.7532991
-0.5824723
1.5452943
1.4411302
0.24181297
3.188457
-0.26145366
-1.5139194
-0.7397587
0.1729835
0.46519893
-1.1823376
2.1693792
1.3287305
-0.07834627
0.8806539
-0.40129536
-1.0698348
0.38784888
-0.6180423
1.3983308
0.9292808
-0.4460083
-2.841101
0.8523096
2.2822063
2.7181706
0.99548066
-2.5650437
1.8149785
0.47898287
0.7981528
-1.1854471
0.8247332
-2.844695
-1.9846125
2.2678378
1.3680482
-0.7175842
-1.6276551
1.4488982
1.0612211
-2.8865979
-0.28471857
1.8686451
-2.1238527
2.1507287
-2.5529919
-2.9074259
-1.2103031
-0.7787619
1.456037
2.0843534
2.479457
-0.603737
-2.5548294
2.8849137
-1.0372018
-2.9668243
-1.2837627
3.1597128
1.6336814
-1.5739952
0.3899932
2.3347108
-1.7833471
1.873626
-0.51018167
0.84958035
0.38029087
-1.214183
-1.4698268
1.3919659
0.6494654
3.8626647
-2.0823288
1.0664517
-2.433407
-0.6869744
-3.1686773
1.6978576
-1.2622751
-0.19568555
-0.43960312
-2.2148678
-1.6209629
0.9921398
-2.7250247
0.35176763
0.20069401
-0.6393188
3.4882686
1.7622099
2.2498596
0.116483204
0.39644516
-0.50670964
0.30469608
0.53610814
1.1663253
-0.10946312
-1.0404432
1.8385559
0.3527587
-0.21598229
0.9398298
3.0791435
-0.0641584
-1.9953293
-0.09256325
-2.339881
0.09246882
-4.174469
1.4576535
4.256523
0.35825524
1.4598408
2.3887045
0.85056895
-2.4445767
3.565328
-3.196144
3.905935
-0.16341805
-0.6467798
2.7949812
1.245277
1.0216162
4.171783
0.9906843
0.00863228
-2.0630398
1.7745373
1.2096418
0.19924936
3.2217894
-1.3796551
0.53995395
-0.6432936
-0.18662274
4.402751
0.9262162
-3.2634175
-1.5014703
0.13759443
0.70036995
2.3468535
2.6392336
1.4607128
3.0045578
-0.30448508
-0.89847445
-0.77757907
3.0931883
1.1715462
-2.9810457
3.1570125
-1.4776636
-2.4471822
0.84232205
0.041635357
2.596498
-0.12526995
-2.6204522
-3.5463026
0.7722563
-0.82774794
0.99048185
-0.041500054
1.2559174
3.3173351
-0.32357684
0.2896286
-2.3102539
4.6860337
0.70722157
0.07562672
0.16579828
-2.2337275
1.8013132
0.7812736
-5.093354
-3.3579335
-2.4246478
2.0886383
3.7721298
1.2751161
0.0026614368
2.4819667
-1.4838516
1.105454
1.1484437
-3.422257
-1.1885198
1.9118179
-1.3033628
4.358822
3.4631853
1.893282
2.5261695
1.8372756
2.2069092
-0.12689969
-1.2334666
-1.7308568
-2.2188363
0.99466836
0.6279002
1.7768393
-2.6943083
0.45893535
1.8899734
-0.40591258
-2.0155382
1.7771477
1.2219541
0.81303984
0.15233523
-0.95064473
-0.35436234
2.2134347
-0.50146073
-0.2334655
-0.78813034
1.000232
-0.2711307
2.9198594
1.6647724
0.74575174
1.125268
-1.6646398
1.6597335
-1.8137991
-0.47830003
0.45636925
-2.660501
4.3814907