Sparar
0
-0.33460507
-1.6781192
-0.59911805
-1.743591
-1.9131242
0.6016648
2.4460268
4.7797375
0.7790594
1.162405
-0.83244646
-1.1480882
-0.8545044
-0.8861732
-1.4599941
1.1413814
1.200961
2.069136
-0.023048177
-0.85326463
1.1441628
-1.2392467
-0.5286343
1.0696738
-0.9647259
0.7698565
0.53341067
-0.27563527
0.78174514
-1.0807457
-1.6188805
2.6415994
2.9734974
0.089855686
3.9081182
-2.5581944
2.254351
0.7153443
-0.51664984
-2.6178958
-2.9411473
-1.4125881
0.24417377
2.032125
-2.2290876
-0.31127343
0.022478804
0.9905209
1.484777
-0.94777644
-0.7105651
-0.5749896
-3.4993792
0.40967047
0.8720799
-0.057746194
1.6467097
-1.6639903
0.07497405
-0.3184158
3.2609496
-3.5925052
0.7537043
1.5003903
-1.1390694
2.1972349
-3.5290322
2.286531
-2.0253541
-1.900399
0.761671
-0.33168894
-1.5610325
0.9436878
-4.9225383
0.10727076
0.6202966
0.5220745
-0.8087827
4.200068
-1.4385767
-3.7042046
1.947467
0.8822595
-0.32896265
-0.67753905
2.4097054
-2.1827521
1.4373853
-0.46529472
-0.5462632
1.7227736
-1.5014604
-1.6524107
0.4100089
-2.663021
-4.822743
1.8086524
-2.9778724
-1.7022192
2.254232
0.7647845
-1.9446892
-0.874446
0.18732867
-0.058268342
0.09746308
0.8331389
1.0019152
1.0943027
2.3996582
0.17004308
-1.5711206
-0.71934605
-4.2867527
-0.03837373
-0.9685589
3.6750665
2.5557518
2.8948944
1.1518921
0.11353034
2.2553587
-0.47914508
-1.041852
-0.90244365
0.20290175
4.902975
-0.7912395
-0.92354316
0.1334872
-1.3692818
0.79882
-1.7954137
3.2246041
0.21443477
-3.1445296
0.33146384
-0.3829732
-0.557681
0.09061402
3.8562303
0.48877475
-0.6428144
0.15427071
2.1467383
-1.5159845
1.3814099
-3.1096036
-1.7178435
-4.1236663
-2.8040664
-0.86532134
0.4610152
-1.577386
0.9545281
1.3312259
1.3906186
4.818568
-0.93236554
0.10271463
-0.48181874
-1.4704919
-0.06422004
-1.8803858
1.7397817
-1.0038167
-0.513864
-1.4311984
-0.4397673
-2.8289301
3.0904171
-0.64416236
-3.5211616
1.9906752
-1.4047557
0.28524116
0.6491361
0.1194202
0.9587204
0.9824424
-0.16685711
1.9529884
-2.303647
-0.5874319
-0.0041965246
3.1465368
-6.559483
1.8332305
-0.94704676
-3.2885642
-0.43180755
-1.5452034
4.46118
-0.26408222
-0.1109136
-0.18151224
-1.7975345
0.56506157
1.3064203
-0.6539197
0.5949103
3.9623666
-2.9518092
1.6838816
1.5494593
-3.3983064
-3.1799734
-1.8326402
2.5050642
-2.9888718
-1.9814053
-0.38405228
0.5005658
-4.1027713
1.4125595
-0.03897757
0.0022706687
-1.8114262
-0.41960627
-3.9426413
-1.7207329
-1.1639621
2.6108594
2.7542484
-0.29134727
2.632082
-1.4926224
2.6262963
-2.2500498
0.32270256
3.1834414
2.0628107
-1.6939529
1.7808614
2.6520631
1.0058337
-0.04088401
1.6926655
-0.80625963
-2.7713394
0.94877225
-4.5552816
1.1047138
-1.0922033
3.5607266
4.7857895
1.59905
1.6372321
0.72056115
0.4377225
-1.3703307
-1.4979969
-1.2067844
2.3915641
0.96483284
-1.6003895
3.1701715
-0.9116857
-4.501323
-2.204431
2.2726405
1.2639225
0.16022879
2.1156764
-1.3707976
-1.1013894
-1.5212693
-0.19947466
3.3049643
-0.01125592
-0.7723876
3.965699
1.1909853
1.593628
3.8502877
0.2851598
-0.915006
-0.21616173
2.3628526
-6.01636
-2.8156936
0.51724327
2.3353925
-1.9567069
-0.34308517
2.5426552
0.05822947
0.9304049
1.2340564
-0.46048954
-0.5895123
0.52741724
0.13169332
1.9179281
0.98763144
-2.9026523
1.9989455
3.6534824
0.96172535
-1.2198814
1.373076
-1.6061811
2.5997384
0.8334527
2.6928966
-0.24952427
-1.9026814
-2.5574675
-2.085537
-1.9091644
-1.0080996
2.3061287
-0.35483742
3.1084
-2.3926494
2.77719
1.6298561
0.102522716
2.4747503
1.2342875
-0.43818152
0.38250166
1.7908963
3.7084963
-1.3375546
2.1252902
0.8364851
-1.3524337
-0.3659394
-0.45333606
-1.4089732
1.2471156
0.29503748
-0.07502905
0.9810488
0.30817747
2.2527711
-1.7830358
-2.2626119
3.8530166
2.8821323
-0.3473776
0.87603
-3.4138901
0.40218884
1.7016171
4.3405905
0.5606318
0.72082686
-3.3476357
-2.2028728
0.42273986
-2.4462223
-0.38146666
1.741221
-0.76982003
0.6243351
0.92234856
-1.969518
0.1171097
2.7068748
0.3004056
2.9485564
1.1369249
-3.610299
1.2160244
-1.243611
1.0570738
1.4270821
2.0715277
-0.18642664
0.6105936
2.725875
0.21027625
-0.015648387
0.599376
-0.0025179833
-0.2980603
-0.8118917
-1.9177299
1.5832508
1.2455105
1.394394
0.330042
-0.5703398
1.5013715
-0.9617553
2.0464873
0.75407267
0.36888254
0.3838088
1.1741047
0.3004903
-1.0196086
1.8212119
-1.6190251
1.662625
-0.16356409
-1.8255917
0.81324446
3.1470659
-1.4694034
-0.82687885
0.035176814
-0.6242184
3.061302
3.2467434
0.3002857
1.1259508
0.4119458
-1.2522576
2.670936
3.3071718
2.1029952
-0.82995635
-0.4901753
5.387595
4.45154
-2.0044425
-0.54440343
-1.0810921
0.6224466
2.3801482
2.9592707
4.291167
1.0526323
-0.72131425
4.6312127
0.09208852
-1.3170066
-3.6158588
0.4605599
-0.4372037
-1.7096758
2.6558788
-0.8738958
4.289415
-0.77629995
-3.0241048
-1.149028
-3.1758142
-1.2161589
-2.1912065
-1.462745
1.7053096
5.0796747
0.34960234
0.6842818
0.87426555
2.0587983
0.20747668
0.6270619
0.90916705
0.6294061
0.1689198
-1.4872104
2.1831954
-2.4245167
1.573755
-0.49695262
-0.17700495
0.32032773
0.37625128
-2.9235754
-0.282768
3.6147463
-0.46158946
1.5495363
0.026833963
2.982026
-1.4657958
1.7419294
-3.0409358
-2.251307
0.42392594
-1.6433744
-0.48672682
-4.0922194
1.7371411
-1.3705841
1.3684144
4.3273244
-1.3681012
1.0624416
-1.4926924
-0.83203965
-2.9034224
2.6909776
-0.93326426
0.98953116
5.173432
-0.86034316
-0.14732012
-0.55798465
4.1320243
0.593697
1.6708658
-1.7066263
-1.7582262
0.77618986
0.8497763
-0.39072752
0.88995767
0.10160791
2.0752504
-1.3637311
1.4919187
0.9353873
-4.133908
0.98454696
0.73519695
-0.5130844
-1.8807441
-2.0724452
-2.4218373
-2.5090523
2.5477295
-0.8118124
-2.102375
-0.31308797
3.546881
-0.84442616
-1.7872174
-0.8839061
2.6902554
-1.3053247
1.7871855
0.49774745
-0.50837076
-1.21043
1.1899352
0.14390284
-0.4940794
1.1924491
-0.46477112
-0.21976353
0.45349333
-0.16837803
-0.67280096
-1.6248267
-5.3774943
-1.5984455
-0.78660786
2.9114277
-2.310276
4.362593
-0.09479577
0.10256053
3.2997923
-1.8229674
-1.5328611
1.7911868
-2.1526983
2.2137733
2.408195
-0.5595074
0.57688993
0.41167533
-0.8008743
0.2839226
-2.5427809
2.9423718
2.1494203
-0.5492924
1.1140772
-2.2513483
-0.42757475
-0.97705686
1.0948465
-2.454117
-0.8916967
1.4821088
2.408348
4.9358783
-0.23335922
0.94242495
-2.792291
1.540317
0.0146526545
-3.534344
2.266218
1.1419412
-0.06759445
-1.3460357
0.40000993
0.6968195
0.041313227
-0.07631274
3.197141
-0.9379485
2.2269053
1.0998856
-1.9619396
0.9326817
-0.78992647
-1.3776088
4.549808
-0.99680996
2.3282962
-1.2615134
1.6347661
-3.4806545
1.8379288
0.78492314
3.5986617
1.0248032
3.768912
-1.4310167
-0.040660966
0.11436813
0.8992843
-0.8786295
-1.031254
0.6494564
0.2721199
1.972433
-3.0082855
-0.6289958
-0.72053033
-2.940446
-0.22490674
3.6200244
-0.7098181
0.55890465
-1.1544043
2.540559
0.14991954
0.5996663
-1.241085
2.8842223
2.3261828
2.5423565
-0.07614875
0.23098549
0.5837776
2.6483984
-0.7294342
-0.62066644
0.4333527
0.539743
1.1510994
0.087622166
-1.6619973
0.71160764
0.19323151
1.5774558
-1.1193359
1.0054885
2.87254
0.35269523
0.13758633
-1.3862588
2.1454198
-2.7983818
0.7376382
1.0859567
-0.9266512
-0.23844281
0.32990345
-1.1614683
0.18305892
1.920137
-3.7308574
-1.7342374
2.7357278
-0.48711264
1.1231194
-2.7847228
2.6585088
-2.7025762
1.5653192
2.048723
0.41851985
0.46367633
0.04925885
0.71214825
-2.3893871
0.22450966
-0.7096455
4.769185
-0.80264455
4.1313615
-1.5340971
0.3509982
1.8997798
-3.637354
4.651651
-0.26958573
-0.19097084
2.3788424
-1.0804436
0.97314614
4.288516
-0.22455025
-2.6100798
0.0030036122
-2.9245064
0.07478885
-0.758884
-0.67573714
1.8569925
0.48166975
-2.3461478
-3.2954865
2.2639709
-1.6222756
1.8616518
-1.5202302
-1.140509
2.3752036
0.46112218
-0.58729196
1.9006279
0.1371743
2.277675
-0.33405545
0.9020865
0.19151421
-0.9561126
0.66379774
0.4739015
0.5135315
1.190704
-0.6724434
-2.0927281
-3.0355985
-0.7295831
-0.6012387
0.8184558
0.28149414
-0.8664814
-2.7908309
-2.1782103
2.6045332
0.70455027
-1.3319603
-2.3293722
-1.3750896
-0.79567707
-0.04760638
0.47159147
1.1150346
-0.12611419
2.2795496
1.0617104
1.2308228
3.022611
3.2850661
-2.7520711
3.5322092
0.26977813
3.881459
0.47900158
2.0201395
1.8086389
0.62229013
1.3763311
0.53061223
3.3875082
-0.74577034
-0.25730374
4.1761866
1.163932
-4.1188383
1.2082045
1.9176059
1.0982001
0.7616322
-2.9658957
-1.3444533
-2.2277844
-2.3581498
-5.2949047
-1.0962429
1.1842239
-1.4277494
1.0629206
3.3759317
1.7297989
0.90827954
-2.1729817
-2.171079
-1.0339248
-1.6057311
1.0093526
-1.7840364
1.8417494
0.27403516
-0.0071072727
-1.1209699
1.7770103
1.0322957
-0.75150895
0.9891393
1.5625199
-1.6894937
-1.6164237
1.7783266
-0.86084807
0.4944989
-2.580225
0.97371495
-1.9420785
-0.45538515
1.9865243
-0.99876326
-0.44087407
2.8375337
0.62661517
-2.8698862
2.5900607
-1.5758731
-1.0674579
0.6852474
0.6181808
2.9561694
-1.443176
-1.9779657
-1.6615926
0.85149896
1.0784516
-0.12164203
1.309881
-0.04834047
-1.2667893
0.87235045
-2.3209798
1.295047
-2.7625878
2.3319523
0.68375397
1.5754794
0.7053264
2.0521448
-2.4966395
-1.4157075
0.04171603
-1.1350405
-3.41393
0.6085773
-4.596265
0.79880387
-2.3793848
-1.7740171
1.1820371
-4.1798673
3.5987158
-0.13184139
0.174635
0.89664036
2.1120968
-2.463153
-1.4206247
1.6318597
0.4019498
-1.0384189
0.415959
1.0389608
1.5257608
-1.7631251
-1.9082477
1.9824463
-0.32172853
-0.50279236
-1.0361158
-0.5509963
3.009099
0.48961502
0.1007054
0.22612818
0.4361276
2.0061805
-1.0108689
-1.8520997
1.5530878
-1.3349233
2.3583102
-0.37890762
-2.6410506
-0.02528213
3.0878713
0.010443736
0.77379525
-0.9480424
0.48057267
-0.27292234
-1.9129272
-0.5657398
-1.8353268
0.5187986
0.6514759
-3.6032865
0.5333639
2.0023794
2.0772343
0.24798453
-1.3120996
-0.18798035
1.8682959
2.852367
0.62120354
-4.7302747
-2.4933362
-3.5165377
-0.034170136
-1.9661583
1.6976428
-1.7025065
3.1572428
2.54016
0.70632935
1.1802604
0.64683175
-2.9049625
0.14329687
-0.17223111
-2.1182027
1.6319686
2.1927998
1.9836552
-1.0955995
-3.0591233
-3.2149434
1.5957338
3.02255
-2.1958163
-1.5457412
-0.42891186
-3.360749
-0.7168571
2.1971793
0.052682776
-1.8794641
3.1431305
1.9765152
-2.29297
1.4854121
-0.10792995
1.4904741
-3.1257749
-2.109268
2.8562794
-0.6254034
0.67237073
3.2175272
2.4618354
0.42387897
1.020041
2.0027947
-2.1628883
1.2714614
-1.3090384
-0.10061802
-2.520817
-2.2283251
-0.29426453
3.4304297
0.9461457
-1.4161905
-0.0731061
0.34935275
-0.1906668
-0.11893072
-0.84541106
0.0054772347
-0.9218054
-3.733101
1.1008432
-0.7505312
1.2827106
3.7280428
-0.73738164
4.9912124
-2.8761492
-0.7932393
0.9362986
-2.518631
0.19484107
-2.6245234
0.3798591
0.28159428
0.41697818
0.12646496
1.1187176
-3.060087
-0.87833196
1.2264683
-0.12675425
0.55686164
-1.9570283
3.4066105
-0.9432944
1.4700739
-1.2040764
2.6443427
-1.3951066
-0.037625507
1.5565882
-1.8913896
-0.99913824
-0.7332741
0.12475219
2.0653825
1.064703
4.8855534
-0.19795951
1.1733621
1.7998207
-3.4047403
3.402114
0.1547378
-1.9717327
2.2989087
-5.399464
-0.84523076
-1.0326494
1.1034167
-1.0417457
-0.15622483
1.9001803
1.8079965
-3.683512
0.123399004
-3.1697342
1.4795974
1.56193
0.5315232
-0.5368712
0.3547164
0.09297018
1.6051227
-1.7796271
-2.4090257
4.5444646
0.4042979
-1.2551737
0.4907906
-0.5414212
-0.66796213
-1.9353812
2.404283
1.7552013
0.5416351
-0.35222396
-1.0191967
1.3091093
-0.15259734
0.18988621
2.872443
1.8168533
1.634031
-0.9057111
-3.4001415
-3.152746
0.580846
0.14793462
1.1426364
0.22961375
-0.17727871
1.2317724
-2.4479163
0.97269064
-0.9336055
-0.6716093
2.7116182
-4.3127937
-0.27282697
-0.0027200915
-1.432326
4.1828065
-0.039915286
1.4473326
-1.5192412
-1.4094193
-0.6690802
2.4460523
3.9451733
0.49694145
0.48095593
1.0402375
-2.2247348
-1.2078624
1.9234428
0.07814814
-4.8209515
-0.70214623
-0.5958011
-1.9298751
2.0766444
-0.8084946
0.8541976
-2.0051494
0.15195486
-2.0878747
0.22080976
-1.7472769
-1.0132127
0.28127587
-0.8588881
-4.1963367
-0.74405414
-1.5753974
1.3815331
0.74836296
-3.1767104
-1.6886569
-0.33766714
0.11391377
-2.6312037
-1.5398418
0.63256735
-1.4899956
-1.0945156
0.8858677
-1.6726215
-1.5668055
1.5871648
2.619673
-3.570151
-0.25667104
-0.45718494
-1.5438639
1.3186231
1.0413532
-0.79334
2.5262468
3.1020522
-1.1060463
2.5323842
0.24928269
-0.9438445
0.8981157
1.4365644
-1.7463776
2.3525732
2.7756248
2.077492
-0.4476782
3.3315682
0.79389673
3.7090435
0.710141
1.8528771
-0.46691746
-0.75595605
-1.7148907
2.3313415
-2.4017441
-0.8691017
0.7052666
2.7401836
1.7026418
2.5206976
-3.3876257
-0.12709497
-1.192016
-0.41471288
3.4628284
1.3648577
-1.830222
-3.2522354
-2.447031
0.6538068
0.3809027
1.3506911
-1.3376745
0.44588903
-2.2690744
-0.27884892
-0.1646235
0.74800396
-0.07410999
-3.286431
-2.0278468
6.359433
-2.4190338
-1.5838274
1.0180026
2.5686684
-1.3568364
-0.1318008
0.674814
0.8526623
-0.3879866
-0.10716574
-0.38542768
-0.061119568
-2.979331
-0.85117894
-1.1232604
-1.4022443
-0.7222572
-0.8470706
-0.16830614
-1.9804213
0.40012735
-0.8781793
0.4548257
1.4342229
2.3210568
-0.060593233
0.3776543
1.7140164
1.6432757
-0.7898384
1.2226775
1.1238983
1.6756613
-1.8868058
-0.58856
-1.4485432
0.3849065
1.3254793
1.93974
0.61292994
0.5334834
-0.5509024
-1.4599973
2.1770444
2.747122
-0.2218863
0.28029448
-3.2264206
0.75906414
-1.774583
2.4902577
3.276155
0.44150943
0.84967667
2.4947996
1.626587
-0.860794
-2.5553389
0.5130934
-1.476224
-1.0398328
0.91045463
3.7765782
1.3306453
-2.3086908
0.1430804
-3.0250509
1.9498957
-1.7950047
-4.5738916
0.4800826
1.1276308
-1.962872
-0.039772548
-2.59071
5.5484986
1.9294894
-1.6668563
-5.2085414
-0.8132801
-1.5725415
-0.71453816
-0.05204451
0.17925067
0.05394421
-1.8887122
2.3119323
0.06732199
-0.73529166
-1.0778714
-2.3861299
1.4650397
-0.7738008
-0.9448057
0.11965436
0.054140568
-6.0134845
3.750126
2.0146942
-2.8262768
1.4440652
-2.6978564
-3.937169
2.7031257
-0.9431265
0.6954112
0.048526473
0.8209566
-4.57698
-1.9711691
3.003094
-0.068879746
1.2405225
-0.42966765
-2.6250725
-0.6952934
-2.1818721
1.478145
1.7222488
1.3418913
1.0258743
1.4072611
-2.7535574
1.917083
0.5166535
0.79780215
1.9896178
-2.2668822
2.1584077
-1.4134837
-1.0860486
3.9577792
3.5260801
-0.9298006
1.5170542
-5.539067
2.2377615
0.27597082
-2.4803963
-2.6122282
-1.3045928
0.50911266
0.9122227
2.2655246
0.4292796
0.72690517
-2.399382
-1.6965871
-0.9579997
-1.1785849
1.5072747
1.9326934
-1.9206108
-2.2544692
0.3266867
-2.5372822
-1.9300404
1.4893183
3.2591496
2.4492166
-3.8649118
1.1884543
0.7363126
0.26746792
-1.0186425
-0.44363105
3.622978
4.414225
0.9944155
1.1287589
-2.9564562
4.168498
-0.42673033
0.6120626
-2.7557135
0.5982541
-3.419001
0.1614628
0.031744517
-0.84025556
-1.2747236
-2.1714442
-0.56401205
0.7206057
0.31502882
1.6838853
-2.6960433
-1.1932932
3.636515
0.551841
-0.17873615
0.25652608
1.8658329
0.90480477
0.7116665
-2.3546143
3.7399936
-0.46499828
1.7986495
-3.5963087
-0.11483485
1.1047797
0.90605825
0.42823923
-2.3681984
-1.2247423
-0.8813664
2.7512052
-1.4777629
0.74093264
0.01019565
-0.6018365
-1.4042361
0.3497182
-3.9035552
-3.5341012
-2.0181704
-0.5990586
-2.2387986
0.5497294
1.9491127
0.8759575
-0.6662505
-1.39995
1.202369
0.06457732
0.7330576
-1.7024026
-0.56985915
1.7554666
-1.2154489
3.0389903
0.25929946
-1.0704962
0.6934709
-0.8951247
-0.8452854
-0.40666333
1.1388052
-0.7332785
-0.50659066
2.0012631
-0.1388104
-5.3477464
-2.0776577
0.8449344
0.531252
1.0700619
0.86020243
1.2024271
0.4431163
-2.6437092
-0.86908585
4.4934864
-1.3430322
-0.61487144
3.7244234
-0.4974826
0.3198466
-3.0768247
-0.6696912
0.6578743
3.2712336
0.5620687
-0.9017741
-1.5444841
2.9551208
-0.29010692
0.8523656
-1.9186163
-1.8058945
0.0970041
-2.194167
2.4686577
0.5005924
-0.28270897
-0.8511102
1.9410448
-2.0960577
-2.6440327
0.23687658
1.817087
3.7528803
-0.32558903
3.915654
-2.7251158
3.0996041
1.857745
-2.207257
0.56617934
2.816421
-0.42423373
-0.4060006
0.9232279
1.216013
0.32872525
-0.44034517
0.66483355
-1.7240566
-0.23962432
-2.165693
-1.7745887
-1.4205971
-2.3603954
0.14512774
-0.63079405
3.1815102
2.8690717
-3.3836899
-1.852266
-1.5311111
-0.77112633
4.607677
2.2200477
-2.7355013
-3.0141957
-0.29604512
1.3038439
-1.8400358
3.4823773
-0.5201322
2.0180085
1.7017732
-3.2661517
5.439755
-0.1712156
-1.8668597
2.0503929
-0.18943802
3.0793512
-0.41243386
-3.1702776
1.5490907
4.861939
2.7826033
0.7824303
0.15238798
-1.61994
1.2697664
-2.9541135
-1.0033935
-0.014981851
0.26749843
-3.4167786
-1.3598734
0.837757
-2.0115976
1.811167
1.761502
0.10822558
-1.9304094
-0.09457011
-1.8786522
5.056161
3.7237542
-1.8865398
2.074771
0.38754722
1.9137543
1.6493361
-3.6771102
1.9903442
-1.3127449
-1.3998132
-3.5122974
-1.5033904
-3.8931253
-0.7005974
1.6718218
-0.15653351
-1.1772752
2.3864305
1.0260679
-0.4649764
-2.2805178
1.1753683
-2.730049
1.9618099
-0.54486006
-2.503463
-1.0209907
2.0391002
1.1874832
-0.7804361
1.6916368
-0.8067549
3.3935294
-1.5241057
1.8786342
3.2065713
1.1041766
-1.8661822
-2.9191766
2.6913397
1.2161195
3.015154
-2.3231633
-0.14977667
-1.1727334
1.0635304
1.3047044
0.62013316
-1.5854105
-0.5366516
-1.1671801
-2.5437238
1.2156616
1.3234608
0.9104483
-1.69099
-0.49617594
0.9908252
-0.27632645
3.0941703
-4.1557345
0.21303812
-1.3441235
-2.1452742
0.15871978
1.5113367
0.4704947
3.8145766
-0.4207368
0.27183384
2.2364044
0.25228274
3.738972
1.7324407
2.5842576
1.4835424
-3.2512853
1.7399834
-3.9675827
2.8098865
1.626676
-0.9676869
2.231122
-0.2401284
-0.4313536
1.9497825
1.3376441
-0.15852338
-0.3457257
-0.8056819
-0.90927166
0.40532497
-2.9556594
-0.6376488
2.3939836
3.9430037
-1.1188431
-3.636749
-0.040336773
2.561446
-1.0700425
-0.4816278
2.859152
0.41404828
6.1115313
0.79630065
3.0136461
1.7825022
-3.8202055
-1.1058005
-0.11543133
0.9746573
2.754187
-0.97351485
4.4838314
0.18015696
-0.20590912
0.2108368
2.5496392
-1.9604558
-5.8471856
0.6124949
-0.78471875
0.062651895
-0.5225474
0.6477672
1.4497972
-1.5409359
0.8617083
0.27887043
-2.1671262
0.27259535
-2.1775439
-2.1230056
3.17488
1.2858354
0.527402
-1.4324964
-1.2873015
-1.0528083
0.62520695
4.257263
-0.38488093
1.7787131
2.5785165
-1.1722507
0.41376796
1.3553278
2.2396793
-0.4476415
1.078077
-1.0605785
-0.24580722
1.5459394
1.0600476
-0.5963562
-0.7511493
3.7761993
-0.64517415
-4.9060087
2.3701096
1.5014362
1.0168674
2.0513794
1.0788628
2.843028
1.9930671
-0.89117754
0.234669
0.062888965
-0.7377731
1.893779
-0.58961
2.2314527
-0.6150518
-1.1017483
1.452122
0.1639723
2.2880678
-0.16314083
-2.5013487
1.4284841
-2.5771205
0.090641774
-1.0352826
0.47811297
0.5160836
-3.2541816
-0.12157725
-1.0907911
-0.3462279
-2.8888166
2.9697664
-0.7369782
-0.057416394
-0.31971228
1.9969915
-0.075184084
0.8355625
0.9273133
3.0916328
0.08008598
-0.9644834
1.5042919
1.63782
1.4958467
-0.20245478
-2.8822112
-0.41995746
1.3047534
0.46242756
0.16357642
0.25665697
-2.133093
1.8982002
0.23320955
-3.40227
2.0454807
2.1845644
-0.83480483
-1.6038496
2.4248934
1.0639118
2.4389322
2.9076014
0.7700351
0.28948057
-1.6615222
-3.5033326
0.4664699
-1.5251726
5.0555778
0.05707805
-2.2714896
-0.35795647
-1.9749755
-4.3253675
1.4659458
0.43758604
1.158755
-0.8737397
0.6394736
-2.125992
0.8807404
-2.7763572
1.7255212
-1.2942088
-1.5940944
-2.1307464
1.9952393
-4.258769
1.3575941
-0.372988
-1.2900912
1.2622564
0.8886114
0.75630707
2.465403
-0.5935674
0.779141
1.0050739
1.36869
2.1413362
-1.5300502
-3.612742
-1.7649778
-0.47621265
-1.3857611
-0.135899
0.5379849
0.25644094
0.21532321
1.8739032
1.2938577
0.1144263
2.9587357
1.7623771
-0.7167732
-0.8747663
-1.8244576
-2.8675625
1.2441273
2.2072618
0.30245402
-5.2967916
3.7247407
-0.38484818
-1.1474972
1.2958648
-1.813239
2.3956916
0.09000313
0.019045457
-1.031009
-1.022127
-0.018913887
-0.52005434
-0.5859964
1.8766935
-0.5966007
2.5614552
-2.93962
-0.60358626
-1.5243263
-0.40412137
-3.1154828
-2.7541475
-0.16203196
-0.8162959
2.1538312
-0.82792956
-2.4453638
0.9081584
-1.6973977
2.425733
0.8454536
1.3284042
-3.6027677
3.696373
0.7366764
-2.6928995
-1.2923957
-2.5510733
2.7622526
-1.1661767
-1.288083
0.016631484
-1.4202543
1.7929364
-1.4331489
0.95460457
-0.15617973
-0.32131338
-1.9444289
1.5638398
-2.734739
0.75878423
0.25859684
1.9245576
-0.008098934
-0.8319453
-1.2802652
1.1696819
3.2460008
-0.018094473
-1.0058564
1.7295794
-1.9696368
2.0399177
-2.4216363
1.7797871
0.71493226
2.3224585
1.3207059
0.7992375
0.64412594
-2.7222707
0.4297422
-1.808512
-0.480052
-2.7762973
1.2127773
-2.1006958
0.22044013
-0.4482181
-0.61879706
-0.23738512
1.0686985
0.60167503
-0.9565283
-2.550487
0.3164866
-3.4390638
1.1117771
-1.5885409
1.3438966
2.041129
-1.1798532
-2.2766886
-0.4735306
1.1846243
-0.19650164
2.4296453
0.21297096
-3.7258554
1.1017478
-4.3657475
0.24367185
1.1728712
-0.024365425
2.4504333
-2.4994626
0.69429517
-1.3614295
2.962932
6.138159
3.8824782
0.3561988
0.92780626
-0.79941064
0.16200013
1.0470991
-0.16072877
-0.16190466
1.5825835
-1.4971222
0.0015001819
-0.084276296
-0.56705594
-0.5573433
-0.8532
2.0830722
3.5784721
2.6373012
-1.0063297
2.9946988
-2.7314
-1.1558461
0.575831
3.08601
3.4546316
0.46018174
-0.3248477
-0.13067415
0.7930577
-2.7138891
0.33893657
-1.7269113
0.020973533
2.0999124
4.3604355
-0.8408797
-1.8908253
0.19544256
1.4554101
-1.7793231
-2.8156621
-1.8446441
0.71938103
2.4372733
-0.7084261
-2.3472624
0.55047524
-0.94951236
-1.8037267
1.2941365
0.24806452
3.8902578
-2.976264
-0.42347038
-2.4877353
1.5151129
0.2914055
0.74070066
0.32578915
1.4245288
-3.0661156
0.42257217
0.06655265
-1.4881834
-2.9171329
0.018175442
-1.9955817
-0.01414188
1.456864
2.7942934
2.6382298
-0.042384587
1.1082674
-0.47851464
0.96885395
4.684184
-0.34889698
1.0992422
-1.3233345
-2.370549
-1.7672697
-1.8889406
2.2353156
-2.2943592
1.9621893
-1.2267451
-0.038964845
-4.517398
1.5563686
1.9903941
1.3969219
3.754859
0.36931014
1.4167973
0.83891505
-0.17927656
1.9077439
-4.053236
2.2494378
1.9990336
-0.6213456
-1.5336903
-1.349741
-2.47173
-0.79761535
-0.05051792
-2.4870758
-1.0241169
1.9184055
1.2462175
-2.441897
-1.5695015
1.3722967
0.6235156
-0.13449794
0.22924227
3.116187
-0.48965114
-2.0900416
1.7705101
-2.83576
0.83175707
0.31086993
4.412183
-3.9210987
-1.1277972
-1.9392148
-0.85925525
2.5604053
-0.94067484
-2.088404
4.2961035
-2.2247834
1.5624883
-0.96460426
-1.3555708
-0.9429409
-0.7735844
-2.3349648
-2.9096577
0.11120942
1.2239276
-0.46861345
-0.31311652
3.29919
-1.7757941
-0.79662275
2.1182837
0.75756824
-1.79043
-1.1072608
-2.2015605
-2.8951182
-1.0703977
-2.789264
3.1809034
1.5607979
-1.9420081
-0.8880072
0.05426339
1.7885176
0.76409066
-0.7565969
2.1946406
1.2124938
4.1026273
-0.64097315
1.4321675
-0.47776935
0.40778297
0.5843498
0.34574223
0.67375827
-0.71163654
-1.1347829
4.5065923
2.9781232
0.2546208
-1.0847684
-0.5924096
3.2408066
1.7556462
2.0914392
-0.30560663
-1.1829209
0.40811297
2.4727411
2.1299458
-0.8714592
1.4606633
-0.48906156
3.9374285
1.6814377
1.0691171
1.1975365
-1.4690765
1.8776289
-0.32519394
-1.3983499
-0.30764002
-0.2844071
-0.8251076
0.19008653
-3.422317
0.4029185
-6.9983335
-0.20834544
1.5300708
-0.61778903
-5.5719743
-0.9447235
-1.7456839
2.652879
-0.9878953
-1.1660523
5.139372
-2.5054364
1.0567449
3.488033
-4.672259
-4.0037446
-1.4658151
1.396462
0.5543955
-2.539994
0.43477535
0.5977505
-0.7751149
2.7331252
2.2812696
0.77674854
-0.7405152
0.12501231
-0.9548338
2.2615452
1.4274985
1.0421579
0.82926834
1.5668334
-1.0416793
-1.4582633
-0.7582763
0.10785208
2.270598
-1.7601159
0.77841604
-1.3461064
1.1589901
0.17412625
1.992915
-0.084245406
2.056982
1.9773455
-4.72529
-2.4483736
-1.4737403
1.2428749
-0.15407157
-0.868419
0.38945302
-0.7123376
1.4668196
0.120201774
1.2652045
1.2563983
0.15548941
-0.9647951
2.5726829
1.7380662
0.44336066
-3.746694
0.71200925
-0.99922955
4.28861
-1.6906991
-1.5598601
0.24981293
-1.8948658
-4.1338716
-1.3594837
-2.7678823
1.6225985
4.666941
-1.1982999
-1.7214234
0.21611246
1.2875981
0.7646711
0.3136852
3.289814
2.3359385
1.0406548
0.5209877
2.558937
0.2698201
-0.77553743
4.6075625
1.1184096
0.64324534
0.6787727
1.1133915
0.7659163
-0.9066046
-0.2200498
2.5989125
1.2713089
-1.8853675
1.781189
-5.1851106
1.6791711
-0.35685438
1.7575415
-3.1077611
0.65557855
0.40438634
-1.1587162
0.6502332
3.092745
-0.4809087
-1.2600366
2.4829957
1.3396935
0.027069457
-0.79484755
3.0363083
2.0743113
-0.14843315
-3.2061253
1.5142429
2.3116562
-2.029233
-0.68834114
0.7403673
1.7924072
-0.30916667
-1.7053478
-2.8417795
3.7329276
2.2206216
1.4166923
-0.13384122
-1.8629802
3.1451068
0.07134869
-1.6690959
-0.2986485
0.6714988
1.0801948
0.75716454
0.64287806
0.06822684
-2.600815
3.139895
-2.0430667
0.6858121
0.03246571
1.9111305
0.8583595
-2.1295412
1.5217836
-1.0824981
-1.8697797
-2.0235639
0.19272506
-1.2401261
-1.2929329
-0.6473017
-0.38900778
1.4047904
-1.417196
-1.2625397
-2.528094
1.0792772
-0.2963882
3.0727315
1.1346713
3.287021
0.005111955
0.79120916
-0.005525492
-1.3549017
-2.414169
-0.47397092
0.7636112
1.5997244
0.9464901
-3.7778156
-3.7126062
-0.21890423
2.9045925
-2.0550635
2.6048198
1.0975404
-0.23769191
-1.5947528
3.2371879
-2.2199306
-0.40228155
1.5251089
0.75537133
-0.6592278
1.2329584
0.9426861
0.23268297
-1.8992634
-2.7607203
-1.2309538
5.1167493
-1.7523936
0.7422241
-1.0597242
-3.556436
0.26239693
-2.8560255
1.9398011
-0.3578093
0.5627756
4.1859426
-2.6630867
0.7911459
-0.1728647
0.9580003
-0.7281048
-2.2670953
0.388575
0.9841386
1.6343027
-5.5039506
-0.34647313
-1.4795104
-0.20722649
1.0782825
-0.47956008
2.511514
-2.0750046
-0.14394788
-1.4087456
0.6620658
3.966137
2.026674
-0.66393256
0.74382013
0.584684
-3.412717
-2.4221146
1.3415442
-0.97657144
-1.2199391
1.0438828
0.6118551
1.5125567
-2.838805
-2.0774574
-0.4141314
-2.5040202
-0.21824585
-0.3644282
2.5417197
2.9498234
2.6683104
-1.9208783
-0.5538282
0.1394356
4.397994
-0.781165
-1.505244
-2.6035762
-2.6539636
-1.7488112
0.6827464
2.2764895
-0.37724328
3.7778301
1.3403639
1.1488049
-2.1127057
-0.47345972
1.2961193
0.77439165
-1.8936379
5.7027864
-1.2268199
-0.6610074
0.8791861
-2.5752974
3.013044
-1.2245721
-4.5962505
-0.64223343
1.6861959
-1.4401381
-2.4269238
1.5972106
-1.6871313
1.2656713
-2.17664
0.71745735
-0.77462
-1.8971215
1.2672383
-2.8634744
0.51557213
4.622842
0.5809043
-0.15848923
-1.337739
-0.48774272
1.0929246
-4.7290387
0.4278682
0.4506562
2.7720118
1.827511
-1.870124
-0.5954586
-0.75923955
-2.3703785
-2.6765192
-3.9180732
-1.0447122
-0.6451979
2.2307808
-0.49821723
-3.762131
-0.15004343
-1.0205598
1.1721323
-0.4966281
-1.7437357
1.9049361
-1.7163228
0.5387679
0.1381535
0.28337407
-1.729912
-0.7091873
0.6961081
-2.5012007
1.9902564
0.47638744
-2.9587572
-0.80100375
0.95639855
1.4514272
-1.2889262
2.927754
-3.5781767
-1.247482
-1.971371
-0.83680266
1.7468758
4.51628
1.0496143
-0.32857087
-0.78376096
-3.458328
0.36066315
0.7621477
-3.2395818
-0.5369169
0.96454805
0.91878974
-3.2745223
0.9727672
1.8627402
-2.9371324
-1.8814083
-0.7906967
-0.32630786
-1.7861062
2.5492887
1.737281
-0.35208297
0.51995337
-0.22637743
-1.4270197
0.44115695
-2.3088157
-1.4363438
1.8323901
-1.5339067
-0.85465944
0.71218175
1.4560412
-3.4950652
0.5651958
-0.70002866
-1.8135257
-4.0885873
-0.8669523
-0.65724826
-0.7252983
-0.12662038
-3.6964276
3.3286755
1.9846333
-0.58094007
-2.540882
0.20637406
-2.0667667
0.28682977
-0.34862313
-0.20354694
0.9434367
0.8446362
2.3292105
-2.0808675
-1.0304352
3.0102131
4.4896946
-0.008477002
2.0382524
-0.2542843
-0.82099986
3.8945978
-0.45341834
1.4795529
0.9963653
-0.38690475
0.5261982
-1.8126299
1.8069628
4.8885703
1.163584
0.9290185
2.069124
-0.3734704
-0.6931466
0.779037
2.0038433
-3.6286666
0.47467905
-1.3287958
1.5761797
8.933432
-0.48680225
2.591239
0.016472623
0.5856185
-2.5303304
-2.984259
0.99046355
0.2831945
-0.16988969
-0.4471988
0.4553512
-3.396628
0.98012215
-0.5476854
2.7926593
-2.7080965
1.946343
2.21955
3.981537
-1.1799777
2.9500296
3.7652004
0.74926174
-1.2275367
-0.972827
-0.94520414
0.030616827
1.1670772
-3.6420588
-0.06291514
-3.2104738
-1.4822688
2.7710216
0.49216974
3.5545385
0.113442056
-0.49752307
2.2686927
-1.6301204
1.9705094
-1.3767864
1.4490392
0.9584306
2.2625453
-0.5600222
2.4693112
3.8106983
-1.1116798
-3.322886
1.3675565
0.6434731
1.035174
-0.21634634
-2.3558242
0.28413963
-0.13139868
0.6270044
0.31499717
-0.87254447
-1.3192248
1.1959724
3.403757
0.1499722
-2.9493635
0.12896514
1.0048018
-0.38251555
2.1704812
1.2184652
1.0062665
1.3664765
1.8705659
-3.621313
-1.196641
2.2940023
-3.4330676
1.7419646
1.1121851
2.2290766
1.4218144
-1.0013582
0.47088617
-2.7844005
2.1624987
1.3282026
2.96633
-1.6740317
-0.7836338
1.1971142
-1.7648107
-1.2320005
-1.5243788
-2.7520704
-4.7588687
0.6671245
-1.794938
2.5858269
-1.3420445
1.8093387
1.6378027
2.346823
-2.373639
1.2899277
0.19793889
1.2209384
-0.028958
-1.1560228
-3.835322
0.14357921
-2.3895173
0.97245693
-0.8711746
1.9546484
0.88793725
0.2509794
-0.4092254
0.18393064
-1.5667866
-0.078625314
-0.7959928
0.06756185
0.044760417
2.268633
-1.0545163
1.7527208
3.0223606
-0.5730341
-2.3122244
-1.4322613
-0.7565317
0.45743236
0.41003495
0.51701903
-2.7835045
1.7009331
-0.77806
0.65024966
-1.3204944
1.1400428
0.04871551
-1.7619666
-0.15794216
-1.1553046
-2.4962344
3.6306682
3.6298122
-0.32125732
0.7928504
-3.5486119
0.7605646
-0.0049355775
-3.107571
2.9356635
1.6183667
0.03753633
-0.1052697
-0.6233807
-1.3826165
3.4805675
-1.3429842
-0.528249
-1.790879
-1.1302686
-0.81637406
-1.2556351
0.5543805
2.0836966
-2.0218642
-0.006214291
-0.6232439
0.46144545
0.5519234
1.3781301
2.0717869
-0.004006725
-2.9252553
0.405576
-1.8134298
-2.965595
-1.8816998
-2.43402
1.395176
-1.1502659
-1.7654983
-0.22492668
1.3563734
0.39634797
1.7265625
2.2358718
-1.0147375
-4.1118827
-2.02149
-0.65568715
-2.790709
-5.4853954
-0.6749018
-0.63423854
0.15128782
1.1086706
0.2847748
-3.5703182
2.5108855
-1.0314764
0.48299128
1.8025727
2.7554433
-0.5971862
-1.8905927
-2.314598
0.8737037
-0.30961362
1.1591384
1.6340189
1.519851
1.5781243
1.5523416
1.6200899
-0.34357816
-1.9370939
-3.6529722
-0.6702251
1.5923325
0.107987285
1.3828349
0.64354104
0.59148794
1.0202055
-1.8471622
2.4557145
0.6162256
3.8030066
1.4386578
-2.4550743
-0.037844144
0.7227639
-0.60011953
-1.4248018
-3.6646438
-0.6412953
-3.7907841
2.213047
0.7973062
1.3181106
-1.6432037
1.4441924
-0.32975143
0.60901594
-0.03381966
0.9624366
-3.1178732
0.8976589
-1.0329849
-1.5742826
0.51456714
-1.0426961
-0.78323865
1.2432725
-1.0660973
3.5041132
4.026071
-1.9174306
-0.8255004
-3.6080384
3.3079932
-0.16189376
0.70636135
-3.1782677
-0.82263565
0.11688442
-2.3657687
-0.16484731
0.2230643
-0.6707416
0.37969145
0.34113213
-0.59218097
-2.3108277
-1.030364
-0.052627943
0.42800403
-5.9088926
-1.1752567
1.7594159
-0.06283578
2.269679
2.0397842
0.7300164
-1.9942592
2.011378
2.0928397
-2.3266954
-1.2196345
-1.3966562
0.75891215
0.432092
2.158013
-5.6054792
0.7549466
3.0089035
-1.8206387
-1.6797962
-0.45595792
0.99258304
-2.8046546
3.3368127
-1.7993131
1.3325586
0.18972626
-2.2350945
0.2053574
-0.9032339
-0.14126287
-1.73184
-0.2827723
-0.3970996
1.650834
-1.7117817
0.95066273
-0.48432973
4.693642
1.4101328
-0.8708546
-1.6698061
2.9622352
-0.18634976
1.8555943
1.2876799
0.25332114
-0.7017254
-1.8230208
2.043938
1.1723374
-0.71408325
2.637174
1.1080253
1.163496
-1.640442
-2.402502
-1.0046383
-2.0840921
-3.322987
0.82170814
1.9235803
-0.47118318
-1.8811618
0.46616808
-1.2251257
-1.2926918
0.022696733
-2.6477616
1.7166333
-0.19924185
1.2925925
1.4151464
2.0792263
-0.06978334
-0.05681862
-1.3557434
2.3156874
0.92522705
0.9765539
1.6573228
0.4779821
-0.58768463
0.44654176
1.4461986
2.0311332
-2.2502346
1.2338104
0.40945476
-3.116552
-1.7466063
1.7218934
-4.316312
-2.8802352
5.2764573
2.324176
1.0992258
-1.2586504
0.42589155
-1.899834
2.42682
-0.49051055
-3.365939
4.083081
-1.1908118
-1.4465985
0.43659505
0.88918114
-1.7810034
3.4001088
1.1911085
0.35981068
0.6803148
-0.59028095
-1.224396
3.2393825
-1.5390815
2.5606122
0.96336687
-3.1602929
-0.6220556
2.5046282
-0.48837167
-3.8275995
3.0719492
1.5504285
-0.26775253
-0.7025868
1.210577
-2.52628
-3.93143
0.25806087
2.718196
-1.9900658
-0.06352356
0.42659268
0.11347246
1.9692241
-0.063002996
0.62583417
0.8983988
0.85764235
-1.1189494
-4.4798603
0.20150077
0.15657237
-1.3591313
0.8316292
2.0396843
-0.39119962
0.62010914
0.23250408
-1.4510307
2.3026307
-0.91889745
-2.6458287
-0.2845934
-2.2250617
2.982625
2.544871
1.6493477
-1.7377213
0.12996805
0.08838806
-2.0341086
-2.4676275
-0.9722924
0.24944657
1.2630008
-1.0630003
2.832307
-0.37843478
-1.2235577
2.9427369
3.7556589
0.045413032
1.9656289
2.0979114
-1.3833542
-1.0481688
0.46970358
0.6094443
-1.2536745
1.8997678
-2.0398602
0.6155372
0.3413189
-2.314084
-3.3956785
-1.2234322
-4.864127
1.4183767
-0.60841054
-1.8187202
-3.4092107
-1.1942091
1.0564072
-0.7927237
2.165788
-0.36345965
-1.6429076
-3.5748317
3.0402043
-3.8652253
3.6173956
-2.2492445
-3.4703808
-3.6015308
-0.028385848
1.3760468
-3.3368301
-2.7685049
-0.15984173
1.0508848
-4.323977
0.45126346
-1.1077106
-1.072082
1.3336208
-0.29350552
0.5133025
0.41795784
0.84605205
-0.06592419
-2.9155345
-0.4776848
-3.9080455
1.5438651
2.4340951
-3.4065945
-0.120967634
1.2038924
-0.440411
1.9019228
-1.7887971
1.6272801
-0.77151847
-3.2592583
0.7606534
0.30948377
-4.132786
0.9272307
3.2824724
-2.3010223
-2.0185416
-0.99761856
-0.94634366
0.018974997
0.6401795
0.82355756
-0.17503585
-4.915873
1.8584573
1.5445627
0.024842545
1.502486
2.0549657
1.2971247
-1.357131
-2.189014
0.47068274
-1.3808466
2.9624393
1.7545673
0.05376661
0.55107844
-0.89465034
-3.0654814
1.2991868
-1.9607812
-5.4846945
-0.03575617
2.351546
1.557819
2.405
2.0883904
-1.9187388
1.2113885
-2.4246447
2.789032
0.42536777
2.2116559
0.69071776
-1.0322806
-0.040372476
-2.611377
-2.4012084
-0.897206
1.4081261
-1.2975842
4.0424004
0.6076949
-2.115221
1.8243206
-0.54377997
1.4895928
-0.31023818
2.3361943
-1.3924054
-1.3062228
-0.17862833
1.119946
-0.32398593
-0.04439209
-2.0305498
-0.6138898
-0.57557195
0.111552246
-0.13851008
0.52739125
2.5417256
1.6499684
1.3045067
1.8057584
-2.0571241
0.32994315
3.03266
-2.8446093
-0.18290645
0.7736206
1.1360593
3.7774444
1.6833795
1.5159377
4.661606
-0.67555684
2.3657632
4.1753855
-1.4379063
1.7787088
-0.828278
1.3517973
1.1548173
1.8267269
3.4534714
-0.6887455
0.8797963
-0.7973878
-1.6643062
-1.3450785
-1.0798
0.48065937
-0.34878534
-2.6309745
0.39636725
-0.47166723
-4.782144
0.787911
-4.0369835
-2.023047
-0.15771255
-2.6341093
-1.2694651
-0.2270951
-2.5269275
-0.42852134
-0.55584985
0.07430541
-1.0289614
-1.5781547
-0.5332042
1.8123039
1.3726205
2.3064034
-1.5524025
-0.06379064
-2.6847882
-1.3226292
-0.5493698
1.9580084
-1.9363875
-2.8242683
2.6874955
2.2157385
-3.2494323
-2.8307722
-3.613078
0.9361778
-4.0863853
1.2119019
2.3876817
0.5035912
0.5343335
-0.25647724
4.341188
-3.5002058
-1.9643923
-2.0269008
0.9924667
-1.9875835
0.089765996
0.13052136
4.409904
-0.05236715
-0.028780721
-3.8504221
3.9054778
-3.4926128
-0.7189345
0.1786262
2.0282102
3.498332
4.5456
-2.3360028
1.1963614
0.14156473
-3.9146001
-1.364067
2.343794
4.1728144
2.3818653
1.1411296
-2.0428782
0.31826532
-1.3486463
-0.5736552
-1.5571717
2.3918772
-0.7710339
4.2748294
-1.7882867
-0.027650923
2.6855206
-0.040629067
2.9400373
-2.7806506
-0.85564655
-1.1744809
-0.14079826
0.16906264
0.8723808
-0.32258344
2.672487
0.5678647
3.0781126
-0.80309814
2.9085162
1.0371946
-2.0731153
-1.2563658
-0.1734783
-0.29436666
-3.483195
-2.0604024
-0.030634299
2.3877547
-1.0995336
0.4791723
-1.0653872
1.2602664
-1.3586625
0.24613386
-0.46945494
-0.0060271025
-3.1571734
2.8631887
-1.1640996
-1.9582434
-0.7405105
-1.775242
3.3477533
0.8780032
-0.81912875
-0.90741825
-2.0253875
-1.4253908
0.017921306
-2.1795142
-1.1586621
-0.4198122
-1.1729853
0.7977587
0.9522502
0.20940432
1.602558
0.86841387
-1.1609286
-0.40774128
1.3534095
1.7290331
-2.13615
-2.625948
-0.3439103
-1.7437953
-1.4175452
-1.2089968
-1.3844621
-1.3125659
-0.7381578
-1.3968911
2.7133443
-1.055011
2.2729557
-1.1583319
-1.240741
1.1530522
1.5400105
1.0377458
0.21244441
5.531822
-0.06103868
-0.9118237
2.249525
-0.4592892
2.5089037
2.1896067
-3.3519003
3.0084467
-1.1700143
1.4526845
-0.5382382
0.27823228
-1.6991775
3.6180007
0.7299643
0.12533018
2.498121
1.5789964
1.6525346
-0.11381892
-2.2986748
-0.057205476
0.76849085
-1.9821984
2.198814
0.250221
0.33904505
-3.9623296
2.6633546
-3.2904243
-0.61792517
-0.25964823
-0.59925497
0.1820198
1.7956021
0.45897275
-0.847654
-1.4414322
0.57435083
0.8596798
0.6458774
-2.0685287
0.6637786
-1.5327412
0.7041068
0.52580965
0.24535541
-0.8175231
-3.014123
-1.7425668
1.7363548
-1.4672148
-2.7659953
-3.1273706
1.257418
-2.2482886
-2.2707608
-3.1831872
0.21690837
-2.3655791
1.5598905
-0.12634927
3.2055612
-3.497008
-2.549776
0.3773161
3.5729165
-0.76771
-0.52581
0.20335624
-1.2379894
4.626036
-0.4073599
0.64656395
-0.94280005
0.6279717
-1.6989415
-4.358468
-0.9558327
-1.4959438
3.6168716
2.8457549
-0.84859097
0.21418533
0.9965166
2.4920712
-0.033374436
0.20652339
2.8482196
-0.80667156
0.36180115
2.6845748
-4.5386295
1.6104236
0.87297106
-3.2645695
-1.5007024
0.22692516
0.31705436
-2.675688
-0.38341406
0.625518
0.59997475
-0.016386144
-0.21063083
-0.53234583
-1.813503
-0.3808089
-0.434107
0.4617707
2.5416033
-0.8645775
-0.80897653
2.4576728
0.19176716
0.5306111
0.5988379
-1.534854
-2.3962317
-0.6762938
-1.7895895
0.302501
2.6270328
2.3378978
0.8539619
0.27451316
0.93524253
2.1552567
1.4054275
-3.3730855
-0.49708998
3.0081048
1.4570832
5.998499
1.2791493
1.5786183
0.006127812
2.086963
0.6305659
0.3894481
-0.21108532
-1.533519
5.6086025
-1.3055727
0.93727267
-2.3111231
-0.5974424
0.86601746
-2.3298044
-0.9035877
1.8438451
1.2426412
-1.3469493
-0.11696817
-2.7459188
1.0416806
-1.5532576
4.0174646
0.2734765
1.1526961
-1.4325728
-0.6976838
0.8392944
0.12767512
0.9830276
-2.6551254
0.99646246
-0.7109732
-3.8837073
-3.2944176
0.7912232
2.1252508
-0.14244278
0.13059656
-2.0842395
-0.31791773
-0.51193607
-0.29924023
-2.8774135
-1.2612505
1.1611996
-0.8860874
-0.29355073
2.4425616
-1.4838455
1.1449541
-0.059947707
-2.275017
2.7296517
-2.8643596
-1.9151814
-1.8572147
0.68586844
-1.1898364
-0.007280167
0.20047301
2.1850019
-1.3352789
1.6075345
3.162148
-4.5240164
-3.1432223
-2.932387
-0.77085334
-0.4770835
-2.1909423
-2.3476818
-1.6737216
-1.1461285
-0.21493998
-0.61352515
-0.55606794
2.6427004
-2.2185056
0.17260389
-0.6054459
-0.10105984
-2.6366987
4.3075113
-0.36549044
-2.4619105
0.16810824
2.2798426
-2.7268054
0.38999608
-0.34713486
-3.7029278
-0.6275235
3.06847
4.0991936
-0.58172834
2.5116832
-0.7557624
0.07232294
-1.2722641
-1.0695006
0.47658172
1.7098539
-4.145514
1.5208942
3.3042035
1.9971396
-2.571617
-2.690239
0.48474926
4.3250566
3.12699
1.9094532
-1.7619904
1.0803559
0.7393584
0.074206114
1.7026657
3.5991874
0.9163643
-1.1307254
-0.268877
0.1022896
4.5732694
0.99970406
-0.07268789
0.052482083
-3.2636523
-2.608488
5.053425
1.8353522
-2.67263
2.560687
-4.405174
0.3493826
0.13907546
-3.2887385
0.076042786
2.442416
-0.9872786
-4.081388
0.6740837
-0.6696726
1.4348563
0.8775076
3.0004058
-0.52139646
0.10044667
-0.660853
1.3958321
-0.49285823
-0.596908
5.257687
0.99482155
0.8266473
-0.36712837
-0.5096432
1.857999
-3.8397927
1.3518775
1.8942448
-0.85165477
2.3881378
-1.2594749
1.4876719
-0.4142202
2.2997005
0.6690325
0.94763255
-1.7432761
0.2885721
-4.830005
0.5559707
0.025959183
-0.0316641
0.9314572
-0.059811264
2.5530615
0.47792575
-1.35427
-1.5801194
-0.8233384
-5.0920124
0.1731187
-1.1928542
-1.4542077
-0.86375296
-1.1583967
0.9001714
-1.2623864
0.122659646
-0.4824851
-1.3817204
-1.6526753
1.7018852
-2.5141141
0.057306066
1.6429082
3.5711222
1.4494903
-0.70106417
-0.00027373433
0.9690149
-0.29301262
0.21843565
3.429722
3.962941
0.53692824
0.5888768
0.06693637
1.7264903
-1.4268645
0.35743716
-2.9858623
-3.2004642
3.8926792
-2.3400147
0.6700817
-2.5926766
0.48255727
-1.3500133
3.28744
1.9475226
0.33139864
2.249209
0.42846718
-0.70339084
-2.630171
2.7149327
1.2922473
-0.4995321
-0.6076308
1.71825
1.5603589
-1.6747553
-4.0728526
0.30150095
0.6684637
-0.64761215
2.8431566
3.5650616
1.2929306
-0.37207443
1.8611352
0.069143414
-2.332593
-2.3727956
-1.435753
3.1435292
-3.5483391
-0.28650483
-2.7425478
-2.0208797
-0.5330725
-2.5539165
-0.3178689
-0.41462636
0.18027988
-1.2512732
0.6197106
0.66417634
-0.2218667
-2.141222
1.9084129
4.9126487
2.2167838
1.1959428
-0.5641963
0.42654166
2.2146623
-1.4809188
-0.41925925
-2.254267
3.1841593
-0.94832
0.7377771
0.40385702
1.0203402
-0.8193369
-0.65901595
1.6087507
-0.5485747
2.3054852
-0.866873
-0.028070338
-3.8964677
-0.3580902
1.586976
0.46355164
1.7432096
1.4985086
0.2610076
-2.708165
1.3207306
-1.292986
-3.5144677
-0.40822166
0.30128115
-0.53205746
5.1777782
-1.2499492
1.9999162
5.1077347
3.743108
-3.2886438
3.4993792
-0.4867562
1.4497346
-0.8611708
-1.5277274
0.05372233
1.4993008
-0.19011536
0.681673
4.373075
1.9929314
2.3040078
2.3645158
1.7668043
-2.567523
4.570895
3.4683433
2.6377563
-1.9131436
-0.9116508
-1.7254741
-0.3479514
-4.3873377
0.21507685
-1.3468366
0.6319629
0.3696673
0.032137726
0.91433525
-2.5778496
-0.18443063
2.4082253
-0.82898235
1.1999727
1.003434
1.2925951
-0.36993128
-2.4162383
-0.757832
3.656416
4.4584093
0.9385491
-1.4434913
-0.52890015
1.865075
1.652402
-0.19848564
1.4637433
-3.1262214
-1.378451
-0.5224393
-0.4437281
0.12469001
-1.8247888
0.6322712
0.9585408
-1.5420554
-1.0323099
-1.7776611
-2.460207
-0.42154965
-0.76775175
5.208733
-0.76682276
1.4680724
-2.1165102
0.8774885
-3.1770418
-1.1907821
0.27100012
-3.1736414
-6.1228986
-0.99658847
2.6578946
-0.88173085
-1.0520692
1.5077003
-2.883194
0.68356913
1.3958818
-0.7810802
-0.0885126
-2.9054487
-2.577471
0.34019202
0.19529796
-0.6435079
1.3314165
0.3593377
-5.702638
-0.95079505
1.5304664
2.5800362
-0.65254813
-0.34541482
-1.4740058
0.6983961
2.839465
-3.9706316
-0.49507758
-0.8379792
0.6950447
-1.1724551
-0.25639862
-3.513872
-1.142674
1.1894081
-0.8852104
1.1726197
-0.99252266
0.668126
-0.6450492
-0.96619517
0.5835446
0.62538004
-0.42755926
0.90213853
1.8954687
2.9965606
-0.9718274
0.93224645
-0.614993
1.6666975
0.5631249
0.68172795
0.548095
-4.6464815
1.2625095
0.5432628
3.5608764
2.3670778
-1.005606
-0.35328642
0.32074437
3.5383043
-0.943346
-1.8211622
2.1609006
-1.0323348
0.7194428
-1.0706049
-2.628636
-0.99629176
5.4711933
-1.8909123
0.32208988
2.393993
1.9736024
0.008872122
0.8012515
-1.1277906
-2.6985028
1.3227646
-2.1864564
-0.43536267
1.0033139
-1.4294989
-0.8502987
2.4956827
3.3180563
-0.5062515
-2.298483
-2.8873243
1.081275
-0.85837346
0.84340715
-1.1141573
1.933428
-0.7493234
-0.4937642
-1.8180612
2.6267128
2.7368076
-0.5075879
-3.9926383
-1.9040095
2.0522308
0.26453897
-1.0615168
-1.3307925
-2.3029435
4.011064
-1.5573012
-2.634908
-0.72378093
1.4600154
-0.3005318
-0.19949126
-0.29484737
-2.0214274
-1.8906764
0.23784009
0.95801663
2.944819
-1.1154788
-4.4844146
-0.8526566
3.880587
0.060810983
-3.8152921
1.5207357
-3.4502928
-2.6059642
0.9927334
0.78434664
-0.22623387
2.445907
0.523429
-1.6975334
-2.794695
-1.2055486
0.7177701
3.5576725
2.8845658
3.0408177
0.59650916
1.1669682
-4.1179852
1.554608
-2.1473422
-0.07370478
2.5690649
-1.0397639
-1.9245448
0.7929294
-2.475553
-0.45967683
0.7100472
-0.39764735
-0.850966
1.1103681
0.06631781
-1.4988755
-2.426004
3.3956525
-2.26829
-2.1488185
1.6972561
-0.7677786
0.5661136
2.6236877
-1.6009321
0.6270172
0.19778377
-2.0928962
0.93303657
-2.6832123
-0.090081505
-0.66418403
1.0124129
1.5390334
-3.4232006
-1.3897192
-1.8917251
0.39984018
0.5152451
2.2597184
-4.2062216
-1.6057146
0.76417875
1.9761598
3.0388923
2.3337107
-2.6557603
2.5850108
0.69643176
-3.306314
-1.0227745
1.1439898
-1.4065878
-1.3443097
-4.276081
1.0789597
-0.84235996
0.20345777
-0.84865505
1.2720834
-0.606929
1.2684107
-3.928247
-1.8352875
-3.6308143
0.3387766
0.53021425
4.608559
-0.7368757
-2.2398546
0.112450674
0.73971105
-4.8104258
-2.0019739
-1.0310122
-0.24000561
-2.5008755
-2.6606638
-1.7952315
0.16703303
-0.761512
-0.6270634
-1.7598143
0.5808013
0.50884956
-0.91229546
2.1361423
0.33017612
-1.3593389
1.5738358
0.7027021
-0.56213325
2.1558795
1.602301
1.3404305
-0.0013053268
4.067017
-1.7301754
-3.3836358
1.7309431
2.344363
1.3105469
3.2685359
0.6091575
0.43068266
-2.9923766
-0.83784413
-1.8533604
-2.0412881
-0.3249676
-2.7609766
0.4294217
-3.3306956
1.0871934
-0.8413943
0.3944275
2.3974812
-2.3872287
0.45983675
0.34043765
0.4028138
-1.6978531
-0.2499108
-2.751732
0.8411185
-1.9601291
-0.40460476
3.5837839
-2.849899
-1.7107718
-1.5249091
-1.8163756
1.2878462
-2.933737
1.4569732
-0.54924953
-0.9152371
1.3280256
0.83891517
2.6494348
2.5008132
-0.99657065
0.14754939
-0.3304053
-0.69236004
3.042567
-0.7556983
-1.1085714
2.7748716
1.7514868
2.9198225
-0.77211756
-3.3940642
-0.104329534
3.987747
0.37618482
0.46681994
0.35933077
0.7956679
-1.9866802
-0.78042054
-2.436557
3.1613753
-1.0655134
-0.08094125
2.7707214
-0.978565
-2.7664015
0.9821809
-0.13390091
1.4652395
1.0153991
-4.1871433
1.2590969
-1.193771
1.7827256
-3.024252
0.7503984
0.09494392
0.48274952
0.4082156
-0.17007646
1.2193052
-1.070363
1.039018
2.178036
2.8768377
-0.06697737
-2.5053017
2.0048637
1.2189947
0.72122085
2.974546
1.3463984
3.0947294
0.118854344
-0.4768719
1.6751035
-1.849753
1.3265347
1.3261297
1.1892112
-2.9230497
3.2797515
-2.634696
3.2494535
1.5251253
-6.5878286
2.2271545
-0.5113523
-2.322123
3.8299425
-2.1041713
-1.8794217
-3.4811656
-1.4708369
-4.856918
0.2480078
3.3013637
1.4649736
-1.0211263
-1.7873708
-0.117855586
-3.2379367
0.08212512
2.5455613
-1.5922793
1.9329706
1.1968106
-0.76816964
-0.28693026
0.45804918
-1.7657572
1.3681529
0.55735385
-1.3157272
2.840205
2.3750744
-5.284832
-0.8555901
-1.588447
0.4386833
-1.025813
1.6247244
-1.4176202
0.01666554
-2.5228646
0.7609958
-0.3782109
1.2145061
-0.46903318
-1.8073791
-0.34294987
-2.0367603
-2.8813362
-1.6753522
-1.3923625
0.607406
1.2949978
-0.31342697
-3.4828444
-0.21928416
-0.86018825
-0.082527004
0.81709075
0.66369355
-0.9173122
0.3984892
0.034120586
-2.7007227
2.6776443
2.4983406
0.03488531
-2.163489
0.49943915
-1.7312678
-0.30215183
-1.2793504
1.468867
-0.2808078
-1.6556158
-3.1287289
-0.8493296
-1.7290152
3.6574955
-1.0604618
0.15977801
-2.0734336
1.2010697
-3.2780647
-0.18553913
-1.8100415
-0.25745887
-0.7714244
0.75801843
-4.2274523
-0.36459303
2.3607082
3.3734794
0.007532038
-3.0574398
3.6027138
-2.5688186
0.6852777
-3.7438614
0.7884215
-0.8800511
3.6888506
-0.7581399
-3.7311902
0.9533345
-1.7752918
-1.5634791
-2.267904
3.684176
2.2991228
1.4715186
-1.0306795
-1.1964123
0.144811
1.308071
3.1929023
0.93329126
0.17341001
-1.2763643
0.16090451
-5.249365
1.677017
0.5170537
-1.2531147
1.0020683
-3.1672375
-0.045923702
-0.2049332
-0.85504586
1.2195959
0.47784194
2.5645268
-0.120132275
-0.9297007
0.7181213
0.57277876
-2.078504
0.6306915
-0.08996717
2.6589103
-2.0442808
-2.8869371
0.7109118
-2.31403
0.9787417
1.3614208
1.4397359
-1.2006671
0.73841155
2.305382
4.4630966
-4.503998
0.8796946
-1.7133037
-2.9338274
-3.268706
-0.72046375
2.0971437
2.5152953
-0.8901145
3.1162045
-0.35139802
1.637872
-0.54374605
0.90438247
-5.091927
-1.7815418
-2.7827854
-2.4470665
5.375388
0.048804883
-0.035531722
-0.9919598
0.75353855
-0.5297759
-0.0028962344
2.3932054
-0.49491963
0.4162932
0.36748743
-0.84824544
1.0935466
-0.064966716
-0.0043648705
0.8968596
2.046079
1.0647004
-0.0500487
-2.6759486
-0.8892497
-2.5189614
0.56544554
-0.8886846
1.9319831
-0.37952828
2.9272406
-1.902536
1.263862
-0.12532263
0.9845194
0.5119754
1.8968179
-0.7857089
0.17522879
-1.135589
-1.1094302
-0.679587
-0.18042737
-1.1671526
-0.14352638
1.9971014
-1.1663584
1.0743346
-2.1875162
-3.4373908
-3.8099966
-0.5900585
0.37664482
-3.470871
-1.4604334
0.57851946
-0.065153144
-0.4085381
-0.37961775
0.50815827
3.044829
-2.1413116
0.6072438
1.8608978
0.100988075
4.401811
1.5562341
-0.62480587
2.4714015
-0.0048516095
-0.43842378
-0.16367404
1.9766272
0.9342988
-0.9922289
1.4642152
1.0021275
-2.1455097
0.19958171
2.3338697
-0.7283395
-1.7367103
0.22547424
-1.5335357
-0.56703126
-2.5250738
0.97824913
1.9136497
-0.55796707
5.789754
-1.1394424
-2.168153
0.5753968
1.822776
0.109214395
-3.0742998
0.3761051
-0.3355093
1.5194396
-2.7880893
1.6526843
-1.0332721
0.9884236
-1.5189282
-2.0056615
0.9093239
1.785018
-0.45682698
-3.589816
-2.2791786
1.843641
0.5115822
0.4797186
-1.05233
1.6858428
2.8735793
0.7832025
3.1968448
0.43676162
1.2058085
-1.8048016
2.8597286
-1.9574696
-1.8591938
1.0053757
-0.27763766
-0.76698226
-0.6502648
-1.8461463
-1.0636708
2.6492946
-2.5911348
-2.0489016
-1.0739444
-2.9460378
0.8089658
-0.12545222
-0.60261923
-2.17731
-0.31671283
0.55716616
-0.30996913
-1.9297863
1.3683907
0.043155324
-2.5132465
0.81019837
1.2533127
3.9988017
-2.3769448
-0.36812997
-0.9292835
5.369877
3.1172178
0.5665163
0.3976636
3.3297298
1.2177804
0.29553527
-0.43032193
1.1953808
0.753488
2.0954363
0.9984491
2.0530689
1.609957
-4.3469014
1.7389679
-0.08070173
3.8374133
-0.98938996
-0.8488016
4.6403513
1.0415289
-2.4982624
-0.5756764
-1.2166568
-1.9263475
3.2675514
-1.0376757
1.9120214
-3.577563
-0.490669
-3.662755
0.89260876
2.8021946
-1.6349102
-2.7375429
-2.1300297
-1.8216699
-4.1778283
-1.3480061
0.0049163476
0.53219634
3.9509146
1.5288824
0.90342903
1.1743585
3.8792577
0.9429709
1.8732207
2.9788892
1.7491399
-1.144413
-0.9539054
1.959943
-3.1874816
-0.6451966
0.17217147
-0.6175434
-0.33053604
-1.3159002
-0.07444777
-2.2030385
1.7958035
3.845876
0.43956032
-2.5348258
1.4582667
2.0178068
2.3906732
-0.3789878
-1.8659745
-1.4063312
-0.2745135
-1.7436936
1.8272408
-0.23952127
-0.8517664
0.56135815
1.8608586
0.19897321
3.1562793
0.4501646
1.0515548
0.8786537
-2.281211
0.4627345
-0.07732821
2.4882953
1.0999445
-2.0669937
-0.9641709
0.093453266
0.9998972
-1.3801428
-1.6471765
-3.5304265
-1.3376712
0.26709408
0.92985594
2.5987477
0.594355
-1.5797187
1.3291261
2.4577546
1.7192274
-0.47403732
-1.2712446
2.982818
-0.9819293
-1.0396116
0.124164835
-0.13815275
-0.42608228
-2.41444
0.30982196
7.1188684
1.2789478
-1.1051279
1.6122103
-0.5321575
3.573125
-0.49010938
0.64883125
-2.8240879
0.45299914
1.771932
2.7503626
0.27236968
-1.0574297
3.5306625
0.3151887
-1.4775504
0.74160546
-2.3371935
3.563085
-2.1836433
2.2676797
-0.008509837
0.9602118
-0.28994465
1.4966209
-0.20989263
0.5858611
-0.56102824
-0.88852817
1.0200598
2.3120193
0.7373794
-0.75449854
2.7758288
0.7984963
-1.3154655
0.8803749
-1.0361911
0.44807985
1.9181826
4.273537
-0.78766704
-2.9796085
-4.049882
2.998705
0.30353108
0.9122655
-1.0358424
-1.4284129
-1.4126384
1.4682807
1.0526601
-4.5811987
-0.6331437
-0.70843416
-0.3356604
1.5416027
-1.2343277
-2.0086408
1.8548726
-1.5634285
1.1644341
0.6761288
1.6481882
0.52676845
0.69765896
-1.0686837
-1.0857868
-2.3065808
-0.74434614
-1.0044546
0.30284098
2.7894194
1.3306638
-1.088776
1.8799587
2.1789317
1.0541608
-0.903861
2.1893892
0.5438278
0.7538343
0.2864799
3.6292713
-1.1241127
-2.4257147
-0.32560793
0.80484474
-1.525116
1.3810773
-0.93074757
-0.41763306
-0.6384449
2.2317507
1.0495435
1.418177
-3.827115
-0.8083731
-1.666133
-0.6655367
1.141333
2.0246017
0.07433024
-1.7882808
-1.0667989
0.843859
0.066064164
-2.421464
3.6885107
0.36372828
-2.3967936
0.4943816
-0.7299086
-1.3598554
-5.3106904
0.43126452
1.480788
0.653391
3.051864
-1.8281742
-1.6965282
0.99275494
-0.010775194
0.2047736
-1.2584201
0.49751642
-3.9366562
0.46990016
-0.15039796
-3.0034692
-2.1180916
2.2186458
-0.44488
-2.0538101
-0.117155544
-2.0479105
0.4472823
-0.09814352
-1.3286779
0.4602277
2.7071948
1.4554543
-1.8216414
-1.2538227
1.3756918
-0.46640357
0.6674404
-0.30502743
0.10304582
-3.26979
0.0024052858
0.2594797
0.8361125
-0.9556339
-2.015084
-4.6619496
1.3406475
-1.8496714
-0.4244092
3.943739
0.779931
1.9237901
0.66778886
-2.7473445
-0.984975
-0.65842247
4.4992957
0.86963445
-1.0625067
1.4212502
-4.137889
0.34063792
-1.3407933
0.64250827
0.50558233
0.49461567
-0.85369736
-1.7847415
-1.04599
-2.756059
0.7220424
0.13071421
3.3850007
0.92527723
0.14197177
0.14034754
-0.13185948
0.19159675
1.6297954
3.610704
-1.503451
1.77419
-2.4055161
1.0205067
-0.42282984
1.3722734
-3.1265483
0.1670977
-0.6249602
0.14983532
0.84879524
-0.27489787
-2.0830448
-2.650857
1.8214536
-0.369854
2.4982443
1.8981025
3.4032948
1.5123528
-1.5468948
-0.9622049
-0.07033824
-0.80766875
0.37863618
-1.9329311
3.8952835
2.0756474
-0.1510463
2.5801585
0.2847896
-3.481006
1.7354182
-0.8731453
0.6891684
1.5804441
1.3793396
0.20170449
-1.176675
-1.5444055
-3.0750406
-1.3260909
1.6002767
-5.4742584
-0.26167464
2.3590393
0.5917985
0.8236131
-1.9128703
-1.5727974
-0.38977185
-2.029833
0.77224374
0.8778193
-2.142536
2.3857005
-3.1479495
1.0110193
-1.1887505
-0.051714405
1.9824129
1.1895124
3.097329
-0.24164489
4.023844
-1.7806907
-3.0382423
3.4716835
-0.64407825
-0.5672016
1.0782187
3.5903332
0.7583299
-0.09293792
0.21691081
1.5216954
-1.71395
2.1860113
-3.4768298
-1.3423724
-2.3932776
-0.0051909797
0.8542156
-0.610276
3.9411447
-0.40422645
0.13508749
3.2051022
-1.1088531
-2.9635875
-0.45705092
-0.61180866
3.5566902
-2.008126
0.24196441
-0.84883726
-3.20141
1.0048097
-2.8828871
0.38087514
3.3565798
0.5237244
2.4833536
-0.95178455
1.6973925
3.4148273
0.60339075
-0.3624797
4.2750163
-1.654468
-1.4720706
3.6927443
0.24134031
1.0694835
1.9811262
-0.21050389
-2.5945914
1.1545819
0.92124784
1.4403642
1.1936231
-0.492651
-2.8617895
0.46640548
-1.0945257
-1.1469939
0.4621477
1.7206959
2.2974179
-0.06801176
0.072178036
0.22115093
-1.8413793
-1.7823981
-0.6872001
-1.6617517
-0.57341456
0.5067799
0.02719092
-0.020964455
0.9332206
-4.4854064
3.5511174
0.11521002
-0.032904446
-1.3617685
1.010728
-0.29602566
-0.81721437
-4.283363
-1.6277351
2.3725517
-1.2259977
-1.5754974
-1.5330441
-0.12070192
-4.0954065
-0.17237441
3.4748893
2.3092744
0.7467231
-2.02424
-0.34041694
2.1207888
1.4087082
0.3278614
0.5090992
-2.272113
-0.6633265
3.111559
-1.8028206
-1.4087186
-0.7966448
-0.710681
1.716786
0.6453484
2.4608603
0.90995556
-1.7108817
2.269703
-1.1204447
0.18383215
-1.183676
-0.5283953
-0.022688925
0.4893367
-1.7586241
-0.0776863
1.6638281
-0.62609243
-0.8744087
2.2607665
-1.9514564
0.3416703
-2.1325388
-0.97189087
3.0078797
-0.47087118
1.7971636
2.277437
-0.8441968
-3.1550333
-0.24655712
1.5955168
-4.378875
-2.5662026
0.93026423
1.2901032
-1.1419662
-0.11709141
-4.2039576
-2.3556228
2.3679678
-0.25888908
-1.5180247
1.9573983
0.5061327
-0.5509437
-0.42911685
-1.3619392
-0.0937997
-1.3644648
0.12260745
2.4545588
1.1859918
0.7735964
-2.280563
3.4970543
-0.106029145
2.4861603
0.62872183
-0.12043408
1.4484042
0.8484433
0.177955
-0.026217148
1.0913048
1.295466
3.6283565
0.7396757
2.6261425
1.8874537
1.0663006
0.23138201
1.0416954
1.2779505
1.7983044
-0.7638722
1.8817773
2.0746198
0.4585119
-0.019681662
-2.2531033
-4.2142496
-3.935325
2.5671158
-2.3441205
0.6095333
-0.47361952
0.18266417
-0.41952145
2.6161036
-1.7588623
4.9461694
-2.3937435
-1.624718
-1.570069
-2.7042165
0.6805308
2.5689435
1.6219512
-0.08186921
3.4350095
-2.7573586
-0.6928057
-1.3643336
0.067865565
-0.26771164
3.4403522
-0.7073493
2.860938
-0.6673795
-0.48821396
-1.4860357
-0.62951154
0.7764848
0.69205165
2.461936
-0.66599107
0.98853743
-2.8643618
0.42383182
0.73465276
0.08575275
0.057828072
1.73485
-1.270956
1.6705201
-1.4413087
-1.6830399
-0.19013628
0.93777084
0.6631115
-0.96960694
0.33140182
1.566177
0.37392524
2.927485
3.5564938
0.8798966
1.4417068
2.0418932
-1.201231
2.6851656
-1.9445012
0.728353
-0.1658741
-4.7416916
1.1380448
-1.9765949
1.7225556
1.6705644
0.20080462
0.83820516
-1.0073199
0.25402188
1.8667132
3.0359573
-1.929759
0.05389749
0.5917413
0.005909119
-2.5700376
2.5241096
-0.47478217
0.4800496
2.921327
1.2620177
1.0953399
-0.07676605
-2.2390954
2.3783615
-0.6724183
0.71134824
3.071612
-3.7899687
2.3093667
-1.2374225
1.517554
-3.3163486
-2.982305
-0.57561886
-1.5421442
-3.6016421
3.282345
-5.29111
1.4951268
-0.9118711
-2.5019834
3.5909982
-1.1345189
1.510575
2.816912
0.03937672
1.8321167
-0.9851349
0.9532722
-3.3427317
-3.7917912
-2.2964594
2.8501585
-2.3438115
0.80698997
-0.173895
1.4378475
1.0760837
-0.8555757
-3.6867037
1.3978223
-1.1505656
-3.400487
0.062060297
-0.9261547
-0.86620265
2.144111
-2.7194521
-2.9325812
-0.5963879
1.1571459
1.0985605
-0.6885024
2.422085
0.2004283
0.10694751
2.6313846
-0.8622556
0.1945569
-1.382668
2.5784001
2.6137843
0.77728194
0.8455452
1.0058348
-0.51818395
-1.6823345
1.6458728
-0.70668536
-2.6726518
-1.238533
1.2613957
-0.27981302
-6.4231105
-1.8167862
2.1586401
0.06662302
1.4204375
0.38133073
2.6996057
-0.74655324
-0.13460961
-1.2044392
-2.6524646
2.173277
-0.88215923
2.9678905
0.82900715
6.528648
-3.4265943
-0.553709
-0.5048885
-0.7338727
-0.52951795
1.7481647
1.6823741
-2.8306022
0.8116279
2.3002775
-0.43564594
1.5476102
-1.4542783
-0.90337384
0.8264715
-2.2463243
0.1526759
-1.5812161
-1.3857286
2.3084748
2.0382996
0.44985557
-1.7465799
2.8560905
2.2809825
1.4128968
1.8000014
1.2790763
-2.0386288
-0.19937572
-2.0840552
-2.6300282
4.249451
0.9952517
-4.5440807
-0.14984459
-2.0064707
-1.2908465
-1.9146467
-0.6686137
0.05106069
-1.8554171
3.1153708
-0.0664487
0.37516633
3.1878526
1.572611
1.7168686
2.3464308
0.116127186
-1.0232111
-0.7074731
-2.660537
0.33542794
-0.60880554
0.61166024
1.284868
-0.0020196736
0.005934596
1.9491692
1.5413108
1.5362877
1.380251
1.6554921
-2.542401
-0.122581415
-0.010125235
-0.00076137483
-2.1458044
3.8971276
0.5147534
3.7338095
3.9030194
4.686065
-1.2076269
-0.8880704
-2.2354126
-0.76592904
1.7406515
-1.6586095
0.71916026
0.16821219
4.5025344
0.26321608
-0.34641817
2.2401667
-1.06889
-0.5530143
2.9431674
0.549643
-0.2868431
1.18057
-0.34674263
1.9855891
-2.9087603
-0.38592786
-2.6611655
-2.2028418
0.032308605
0.218399
4.5308948
0.46563163
-0.50289357
-0.18305108
-3.3964145
1.7611538
-0.40291524
-0.36881632
1.288299
2.0899875
0.11451605
1.6597422
2.3956406
-1.2782433
1.9469198
0.0352273
1.0148673
1.8382022
1.3210101
-0.92473537
2.3004067
2.3623683
1.3737977
-1.4361705
-0.4618488
-3.3923912
0.1926631
-4.138326
-1.5822237
-1.3078591
0.70610934
0.45706645
0.20337947
-1.5737886
-1.9399314
-1.0687319
2.6574461
-0.3691147
2.5748818
-0.27746445
1.2342885
0.8621664
1.41407
-1.9750046
1.7363096
-2.4475582
0.79418266
-0.36278746
-2.3256295
1.853535
2.2375603
-0.24573433
-0.012546752
0.55049455
-0.22883269
4.0246205
-1.0116951
0.98516476
-0.891923
-0.28945777
0.43355054
-0.6666229
-3.467047
-2.0651784
4.5762744
1.8452541
-4.888518
-2.0624835
0.20437163
-0.5309688
-2.7799122
1.6402115
-1.7530891
-1.3625962
1.6156671
-0.10188001
-0.97821665
-0.24423486
2.7024188
0.7292358
-0.38554102
0.76309997
1.3638355
-0.34078738
-0.057697013
1.7736285
1.2373934
-2.3991392
1.0042151
-2.2326396
0.74454993
-0.6006772
-0.35999542
0.10536686
2.8643193
-0.92392576
-3.6839986
0.763316
1.2550172
0.61164427
-1.2405951
-0.6744708
2.596967
-0.38450864
-1.825164
-4.4251013
-0.45690835
-0.55162394
-1.2401699
0.62376547
3.8334484
0.15588471
-0.1274826
-2.2730124
-0.6020177
1.2319348
-0.7176868
-0.40812987
-1.4264464
3.9376693
-0.5166192
-0.6116041
-2.4225187
-3.3232665
0.2918903
-2.7555327
1.5950947
2.3740778
2.651675
2.590589
0.2865396
0.011699818
-0.7848049
-1.0204141
1.8899647
3.0936828
-0.29822907
1.8732933
-0.014157657
-2.4543822
-2.207004
-0.34806973
1.456622
-1.0194771
-0.1004946
-4.921207
-1.3925033
-0.08239496
2.8483238
0.70937467
-4.1677847
0.18712288
2.2660081
-0.6426594
-0.2558967
0.38083208
0.31986395
1.6100779
1.2643082
0.6682452
4.1078196
1.0554373
-0.18608335
-0.96385354
-3.208661
-1.1889677
1.9140891
-2.8486555
-1.2342157
-2.278889
1.3516465
-0.46828496
-1.0575507
-3.9738743
2.1790538
-2.8987672
-1.0069311
-0.28008926
-1.9057251
-4.952936
-1.0971009
1.1298372
-2.779362
1.5426222
-1.2954257
-2.3848681
-0.07702892
0.8168538
2.1747992
-1.8171704
-0.3764204
-2.152477
2.0684195
-0.19680135
-0.25016913
-2.189267
2.410359
-0.4271941
3.2659895
-2.9526849
0.38833767
-3.373
-0.83269805
1.2158018
2.993952
0.2720454
-0.048345815
-3.4639833
0.7101105
-0.87515813
-1.8831338
-1.7045976
0.8242328
0.045829877
-2.0192208
2.0292673
-0.8118616
2.8786693
0.7612821
-2.2660978
0.79326326
1.2786555
-1.3291298
2.4144044
2.2406485
-0.69379264
-0.42213112
-0.052024357
1.3498609
3.011322
1.3590912
1.7731991
-3.3186965
-0.7588211
-4.591746
0.5232685
0.88480204
-3.0167649
-1.7793139
-0.50311714
-0.8083434
-1.6516259
0.49783903
-3.0107813
1.4068776
-0.5468715
-0.32803637
2.2217586
4.163711
0.36342266
2.5884902
0.13515899
4.358402
-0.38254917
-0.9398696
0.39863637
3.3852868
3.05522
-1.8233552
0.44778085
3.8717997
-3.181999
0.6429894
1.2898425
0.654802
2.1272292
-0.7241267
-0.8668671
-0.99723786
-1.2140524
-3.3549511
4.171373
1.2452093
-1.4403963
-0.42630944
-0.4561258
-1.9268445
1.2043319
-0.42287418
-1.3211677
0.39679056
1.9145212
1.9164582
1.0556222
0.94855356
1.7923568
-0.3785857
-0.39945891
2.6140614
-1.2959967
-1.7852328
0.43031225
-1.505634
1.5774783
3.9870234
-2.602184
2.6694283
-1.3827496
0.56195766
-2.2810588
-0.4507155
1.2686388
-0.18338934
-0.2365557
-0.56845963
-2.0566838
-0.2688296
1.3283236
1.1142632
-1.553364
1.3261942
1.7350966
2.2895374
-2.434809
0.59617794
1.0764313
1.4456286
-0.15198943
-2.0414314
2.8575182
3.4059408
0.46588776
0.64646363
-2.8818824
-0.02203957
-2.1301503
1.5947462
1.2459131
0.5342427
1.8436006
0.78793937
3.155381
-0.754122
1.7694365
1.91954
0.30721778
-1.1416774
-0.023224823
6.3136916
1.241236
-2.6645682
-1.6880372
-0.85207146
0.28618145
-0.4235891
-1.2066811
-2.3536313
-0.82558274
-2.45323
-1.1125566
0.13331726
2.311185
-2.74502
-2.2322807
-4.359503
1.2331654
1.3871223
0.6436197
1.4657303
0.20051754
2.5587122
-1.1721541
-0.5965127
1.4155424
0.04273902
0.53858244
-1.3061622
1.889908
0.15563455
0.6202526
0.4802613
2.703418
-1.4844987
-1.5795707
-0.66358405
-1.3552169
0.4398105
0.506984
-0.06006014
-2.1499772
-1.6386367
-1.5331658
0.793054
2.4129598
2.6340623
-1.0266832
-0.51151717
-1.4129517
-2.1609845
-1.2252939
2.4680052
-0.43181792
-1.226408
4.980673
2.7049534
-1.2843984
-2.4257655
3.3088486
0.9616531
1.3871952
-1.9918753
-1.1170342
2.1237516
1.0907347
-0.36477092
-1.3825065
2.240389
1.3702577
-1.9236314
-3.8351398
-2.296342
-0.33375433
-2.7485125
-0.1435481
0.5421859
-3.1335158
-1.45168
-1.5142083
-0.46089464
2.7787
1.655448
-0.45257825
2.7789888
1.2226167
-2.5036244
-0.7081435
0.86111355
-1.5541966
-1.8997631
-2.3245323
0.24999562
1.4174501
2.0974762
1.6970874
-0.5169495
-0.49568754
0.91654617
-3.3497276
-0.11715945
1.2695035
0.094039194
-1.3472087
0.6115544
0.5136279
-2.3200905
-0.72468823
-0.79741216
1.0638981
-4.1348906
-0.6194985
-0.4397543
-0.014231104
1.3732252
-4.4621534
-0.12980604
-4.306407
-0.2661769
-0.9449072
3.6550467
-3.8154683
-0.3894815
1.6633474
-1.7737069
0.047443688
-1.5034958
-3.8385766
-1.1983606
1.8165561
0.5329982
0.31827444
-1.6376055
0.010071382
-2.6761441
0.31035239
0.6688549
-0.50940937
1.4111408
-1.5283084
2.0444932
-2.5353
2.5276742
-1.3465118
-1.0659308
-1.1474395
-6.14795
-0.0337933
-0.79817414
1.4029468
-1.6807227
2.8768365
-2.0820737
-2.246815
-1.1783724
0.208558
2.9181955
0.46839347
-0.4682355
1.818996
-2.217028
0.3888532
-1.0675026
0.9752344
1.3137248
-0.48112413
-1.4388609
4.5078554
-0.5575128
-0.7612942
-0.5978183
-4.4881077
2.926002
-1.684364
1.8367853
0.23651801
0.7464881
1.3001797
-3.2973745
0.8794707
-1.1819804
1.3086481
0.54366034
-0.111066274
2.4012694
2.4095976
1.7524346
1.623157
0.703455
-1.9073648
2.1408281
1.075983
-1.017934
-0.81306964
-1.840236
-2.5987325
1.2639074
-1.1354035
0.98939884
1.2826788
4.6570034
0.8847329
0.33190444
1.4051037
-2.8997102
-3.4282598
4.194444
1.6929926
-3.2916083
-0.31606507
-0.1326459
-2.4196746
-0.5160175
0.67089134
-0.45882288
-0.46920592
-1.0317929
0.37038895
-4.0828214
-0.30495661
0.25869337
-2.8643694
0.48591587
1.6717172
4.0096235
0.5019032
0.67058796
-3.6069908
-2.5903728
-1.4940288
-4.563032
-0.61562103
0.56256163
0.86504775
-3.344297
2.6655488
1.347215
-1.5612895
-3.11619
2.2806342
0.84446603
2.444285
-2.1963427
0.63289976
0.9831543
1.0248662
-2.869421
-3.6682005
0.986838
0.2310144
-1.7262782
1.7593786
-0.82760423
-0.046065878
-0.3777914
1.6922768
0.74330014
-2.8482199
-1.3373308
-0.8662897
5.1105494
2.2530904
-1.166976
-0.4081782
2.9947622
-0.50007784
-3.3965328
-0.27269164
-1.8983799
1.4435999
-3.2572188
0.94910645
-2.136958
0.33662364
-2.255455
-2.1120691
-0.6895958
-0.0067591444
0.58043003
-1.4636507
1.4883175
2.783673
0.062601455
1.0991603
1.8250948
-0.7203691
2.7236338
3.4495757
-0.2950644
-0.9443094
1.3780214
1.6049397
1.1947882
-3.2831097
2.2272751
2.7830877
-0.62282187
1.1725869
-1.8326663
-0.0531163
-0.8603064
1.4901118
1.1985483
-5.4093757
-0.6810751
2.884456
1.4762746
-2.5448318
0.9179223
-0.72433394
1.6028414
1.3684535
-2.6291378
0.1353975
-2.2549496
-4.804409
2.8254693
-0.32943702
-1.0886358
-1.173334
3.7278488
1.749358
0.079395026
1.750473
0.365706
-0.5112879
0.92603016
1.4368378
-0.819671
3.3927517
-0.38999206
-1.8731004
0.006362848
0.25394297
1.0124378
-1.2927316
-0.08635411
-1.5917113
0.8326367
-2.783526
0.20958066
-1.4577552
-1.6298711
2.023688
0.26948434
-0.53801906
-1.8222617
-1.6335465
-0.50421894
-0.6899277
-0.8612593
-0.5844783
-1.6249863
-0.78929526
0.8896377
-0.7401443
1.056629
-0.8338108
1.1951522
1.4617162
0.34306824
-1.9232391
-0.64420414
-1.7189653
-1.1557469
1.8009546
-0.80311626
0.40470213
-0.6657825
-0.14573807
-0.029861294
-0.48985213
-1.2249767
-2.6749976
-1.0985106
0.22630435
2.2529423
-1.3108516
1.9822825
-0.17065805
-1.3579273
-2.033442
1.2656732
0.12439117
2.3106773
-0.8823575
-1.2815669
2.9872713
-2.1202834
-0.18726963
0.23796271
-1.9245558
-0.65236485
0.3662261
-0.9646847
-0.23103108
0.47653335
-0.047567725
-3.4687433
-0.7729023
-0.036803253
-1.2747765
0.7037748
2.0179994
0.3224116
-1.3855009
1.3331656
0.42946973
2.3856611
5.349512
0.6652049
-1.3328409
3.2638128
1.1739929
0.7067598
3.048587
-1.0425385
-1.7089008
-4.380406
1.5133244
-1.3301094
-3.1645734
0.9124939
-1.3346273
0.9309677
2.1228905
-3.0625012
-0.8021246
-0.7553982
-0.09167642
1.4764293
-0.1211498
2.337275
-2.5980098
-1.3782638
-0.89223367
0.9171155
3.2619057
-1.977195
-2.7312055
-1.4700063
-0.28472668
-2.8681216
1.8165544
-0.54457915
2.297513
2.601462
2.2419744
-1.421826
1.144647
1.0855186
-0.52937907
-1.3412868
-0.37117293
1.2140551
0.6704353
1.0856112
-0.226484
0.56512874
-4.0627117
-1.1495463
-1.2316799
-0.69128513
0.86971706
-0.99782753
4.529222
2.6537616
0.42442605
1.4722255
-3.3788846
-1.9702768
0.12561008
3.4323707
1.4680074
0.043068327
0.45898777
-0.7155484
2.1741626
-1.1603249
-1.2135037
1.126498
-3.6049364
3.2466092
-1.3329234
0.3843367
-1.0848567
-1.6120147
2.4000711
0.81677485
-0.1564298
0.44083828
1.370124
-0.40922704
0.2027034
0.23614569
-3.5732157
-1.121889
-2.0598266
2.8401988
-0.4003144
-2.2390742
-0.9123911
-1.605532
-0.83733565
-2.9205973
2.1143112
-2.2673588
2.0972278
-0.59511656
2.0655625
0.46473953
0.05388014
-1.5095406
1.2743478
-2.5142527
-5.122802
-0.63541806
-1.730784
0.76696986
0.6850818
-0.95335484
2.0128496
-2.552055
-1.9306456
0.68826026
-4.101976
0.34716815
-0.008964345
-1.377842
-1.422879
-0.19383137
3.0698166
-1.2516118
-0.90249264
-1.043129
-1.2324679
0.12267156
0.9833452
-2.9935403
0.58031523
-5.004908
-0.5785991
-1.5631778
2.25373
-1.7777774
-2.0229602
1.023671
2.8282318
1.7353916
-3.787122
-4.085627
0.13265914
0.8785511
1.6203829
1.0147535
0.2327193
2.4533026
0.6267984
-1.2683882
-2.3362405
1.1468073
0.72358525
0.37549475
1.1418716
2.3208363
0.06610093
-0.117179506
-1.475336
0.43407005
-1.2374477
1.0347245
-4.546225
-4.3084435
0.75659126
-0.47332406
-0.5836446
-0.2709222
-0.64658314
-3.1559339
-1.4549724
3.7560647
1.1835644
-2.6163006
4.072215
-0.20059362
0.4138065
2.554037
0.63052946
-4.1765313
-0.5368155
-1.8065183
1.0420974
2.9298186
4.53479
-2.7300556
-0.89559835
0.49071673
-2.2062895
-2.0745275
2.392702
-0.58399487
-3.5594358
3.270727
-0.013375338
-1.6155589
-0.49799967
-1.5216718
0.40229127
-0.47458383
-1.6531211
-2.8293126
-2.1146817
2.214006
-1.8282869
3.6769674
-1.8676311
0.43148518
-1.0753584
-0.014748123
-0.15070468
-0.05737014
-0.1946502
-1.988802
0.4434314
1.619997
0.0824578
0.5626624
0.8062888
1.0520328
-2.8023667
-0.64694756
1.4349413
-0.5651295
-1.2922053
-0.69031245
-0.35438058
-3.0323746
-2.480988
-1.6737379
-3.362637
-1.2552861
-2.1717556
2.1439672
-0.4016009
-1.1639227
0.9613537
4.803907
2.3283916
-1.5849501
-2.7447286
0.19616401
-0.3716143
2.5899246
-0.20599309
1.1158078
0.5693337
-1.5850459
-1.4829799
-2.9763653
-0.7212352
2.2018893
-0.37937292
0.9243472
-2.0005686
-1.2612243
-0.056856915
-2.83711
2.1087995
1.2829193
2.0784075
2.260924
-3.8812683
1.8036311
-1.7363584
0.46463463
1.9986583
-1.7459428
0.30697
-3.5284643
0.37203544
1.7814162
-1.740244
-1.8774104
1.1606029
2.018432
3.0192192
-0.71667194
-0.26563463
4.327368
-2.3086607
-1.9231492
3.6117997
6.0108447
-1.7949793
0.788125
3.939411
1.0476929
3.659746
1.8291643
-1.5991845
-1.1380326
-2.0696745
2.6637735
0.19619071
0.6948441
-0.6870266
0.21303722
-1.5203826
-0.4734553
1.9545921
-2.3984516
1.6743441
1.7661257
2.0045369
-3.5317268
-0.8025011
-0.88702655
-0.26064298
0.22766149
4.8356323
0.033769593
0.7785991
0.47803426
1.3505582
-1.4069195
1.4882611
-2.8962717
-1.1664808
1.7202927
-3.4278615
-0.17736274
-0.8623413
-1.5464826
-1.1244996
-0.17222297
0.46369153
-0.71239454
1.6576796
-2.0975761
0.26786652
-0.36315092
0.5099579
2.1160054
-0.23546699
-0.7781686
-1.2507764
-3.4791977
2.5670567
2.5900724
-0.23383325
-0.9254935
0.6833422
-0.20622484
-3.8699987
-0.014276121
-3.0341666
1.0257099
-1.3470901
2.031541
2.7592335
0.084072486
-1.1826997
-2.9496007
0.24492702
2.313365
3.762836
0.3008632
2.598384
-1.0851587
-0.97802234
1.3096052
0.6212818
6.4099836
-2.2334616
1.339655
0.25494328
0.0461085
0.723242
1.8920003
2.371639
-1.6324984
0.67449176
-1.8363323
-0.3960539
-0.38820255
4.313369
-3.4654691
-1.683945
1.6699109
-0.791183
-1.9477173
-0.29493505
-0.27913025
-1.2006634
0.22226611
-2.557967
0.57777554
2.1220007
2.8583362
-1.646775
-1.0345277
-1.6640933
-0.6772322
-2.107617
3.4560192
0.26591638
0.98654944
1.0492083
-0.3051238
0.50002694
-2.9768403
-1.5495723
-2.3678896
1.4840269
-0.85726666
1.9233261
1.0838045
3.0275147
-2.6889114
1.9140477
0.083381526
1.213944
-1.8212135
1.7125772
-1.3162086
-3.2445564
0.39959624
-2.1337223
0.6876426
-1.676218
2.9519732
3.9300888
0.086191505
-1.6024809
-1.133886
-0.6311957
0.6718236
-1.9591709
-1.4396889
1.4832939
-0.8268295
-0.6781076
-3.1004105
0.0479173
4.1312337
0.1993188
-2.3587945
-2.191597
0.9817363
2.6753745
0.31519812
-0.2592924
-3.5964947
-2.6001482
-2.108419
-0.49555978
2.7632012
-2.9730618
-1.1724772
1.1023319
2.212547
3.8814409
0.8917383
1.0014652
-1.1195924
1.522587
-0.9856587
-0.08547621
-1.823845
-1.2611566
1.9537817
1.0970074
0.299148
-0.11572955
-0.4927704
-3.2401652
1.1583376
-1.0151821
-2.8634925
-1.9645182
2.282074
0.042660326
1.6513422
-0.7491382
2.4827874
-2.052515
1.4260049
-0.49344945
0.42766082
1.5177374
-1.3141041
1.2122085
-0.40899622
2.5210595
3.1146986
0.3673779
0.6557419
-0.7602694
-2.51495
0.6745979
-0.8049693
1.0322541
0.8341177
-0.374776
0.8099801
1.1707605
2.3610451
3.3692856
0.8056725
-1.0532172
1.1929806
-0.299535
-3.6880972
-1.4820871
-0.16885425
1.9410467
-0.8517935
0.383008
0.6654506
-3.1569302
0.4974826
-1.2413533
0.5966375
-0.15518822
3.5298896
-1.9266392
0.8109032
-1.658062
1.9365101
-0.74977005
2.0857418
1.5711553
-0.6425658
-0.9760363
0.2245505
2.6414433
-1.0949945
2.5446393
0.64669573
-1.2886405
-2.6321402
-1.5773445
-1.8493457
-0.49142212
3.0425284
-0.84738785
-0.38945758
6.1392155
-0.3867864
1.1414907
3.3709252
1.1659569
-0.2550108
1.1005951
-0.7511406
-2.0081933
0.515325
-0.06713697
2.4369822
-4.5356364
-2.4247692
0.094231695
2.7187638
-1.5083035
1.890294
1.4683305
-5.420732
2.4375775
1.6340188
2.1503563
1.577354
-0.2343412
0.06013953
0.66779256
-1.0950409
3.6863823
1.1218055
-1.214198
-0.6440506
0.48318726
1.4106356
0.47566098
-1.2868425
-0.77699536
0.2924141
-0.49487668
1.3290159
-4.0593143
-1.6582009
-0.40248623
2.5403092
-0.5005363
-1.5371125
0.584081
0.09310244
0.09302849
-0.5256602
1.6529995
-0.3091529
1.4017568
-2.9474251
-0.74612063
-1.4075404
-2.175525
-1.6410091
0.661114
-0.29716352
0.48735034
-1.0137355
-2.1887982
-0.19149236
0.78591585
-1.9776906
2.2091427
-0.21340817
-1.1611849
1.8074907
-0.7475557
2.717128
-1.2596782
-0.06474916
0.34946278
-1.308901
0.5581315
1.6707917
3.0686457
0.20585948
2.4920783
-4.459522
-1.213657
1.4696928
1.9159371
1.7048808
-5.8998046
-1.655044
1.230237
-0.19675764
-0.7528052
1.5698179
1.6705091
-1.4615146
-2.1941967
-0.5419831
1.2338312
-0.0020330884
-2.6366742
1.704527
1.3350068
2.9825034
0.098726526
-2.581132
2.4479244
-2.1421099
-0.48000115
-0.8207734
1.5538684
1.5758318
2.5273845
2.7655785
1.631969
2.0845778
0.4376418
5.4918995
-0.58790004
1.800545
-1.7947326
-0.7730828
1.1516948
-0.4376852
-3.6555285
0.05572229
-2.224008
-0.942761
0.3486847
-0.24108809
-0.7325207
-1.5501738
-0.028543092
5.1630144
-2.6468616
-2.4183755
0.99564713
1.1408775
-0.1013703
1.1232494
2.7411947
-0.3996528
0.53414327
2.7686136
-0.34278056
-0.5090222
2.586755
-1.3388256
-1.0717177
0.29784885
-1.2099217
-2.0191398
-1.9781159
2.9827757
1.9662038
0.2747042
4.390414
1.6641021
1.8593386
-0.8022401
-0.6658749
1.2907997
-2.2209716
-0.6872873
0.7673878
-0.35143334
-0.14718285
-1.0271026
-2.9943223
-2.4246507
-3.4932404
-3.0614088
-0.5064215
-2.8166835
3.4966455
-0.6410876
-2.6899745
3.8754554
3.4160702
0.96083015
1.8396293
0.64378524
-2.9586408
1.4146901
2.806847
1.3771328
-0.4423561
1.0489651
1.8465277
-0.45005953
-1.2706978
0.919589
2.406642
-3.2865336
-0.6029915
0.46024522
1.2749606
2.3886335
-1.955898
-1.8432844
-0.6737007
0.19582513
-5.301019
-0.13191572
-2.0880153
-0.52309144
-3.336223
-1.5979928
-2.7363582
0.45809728
0.5230952
1.8372273
-0.92675805
-0.806486
3.2563584
0.9474116
2.856571
2.7004743
1.12553
0.5701668
2.776332
2.0999923
-1.5766088
0.25999168
0.8290958
-0.64872634
-3.3352897
0.3089112
1.4672874
-0.7220027
4.736465
0.7276364
0.45122245
1.024736
-0.6929427
-1.7909117
-1.7554214
1.4834633
-2.4370236
3.0167608
-2.1345737
1.3775395
3.1877403
1.085662
0.9877593
-2.7759123
2.7997022
4.729537
-0.536589
-2.8234148
-1.3999842
-0.09381758
-0.76802284
-0.31532824
0.758549
1.3902117
0.7352814
0.21246505
-2.1005602
1.954894
0.118934855
-0.4485358
2.4303715
-2.2846005
1.3525401
0.46667525
0.13943723
2.8493407
-0.4549338
-1.0826474
-2.1095173
-0.36337838
1.6998442
1.8202789
-0.32855636
1.1074184
-1.3823946
0.38074332
-2.0761402
0.44030732
-0.4639348
0.30107442
-0.3120332
0.5420048
-3.0312376
2.6539488
1.2239935
-0.043833792
0.26336408
-0.24630198
0.3881972
-0.46642113
-4.2328725
-0.8580665
-1.2909166
-2.9914832
0.52115226
-0.7860509
-1.0058885
-1.8602841
-0.8430311
-2.2182305
0.9568558
3.4258852
3.127539
0.8458068
0.08379589
-5.7624645
0.29743165
0.44357967
3.5883164
1.5977503
0.42749858
0.79756117
0.66635257
-1.2660292
1.4372504
1.6821198
1.6871257
-0.18480629
-0.63502383
1.0586383
-0.82884794
2.135006
-1.9684722
0.104855925
-0.30346632
1.0902059
1.9675006
0.23021024
-0.55591017
-1.0681592
-1.6784348
1.3187448
0.23477994
1.2524588
2.4439263
1.270793
3.0442846
-1.135368
-0.6429084
-3.628907
-4.980646
0.5730787
-1.9696411
-0.2839764
0.7965722
-3.2327566
0.20292914
1.7083937
0.7965257
0.7566615
0.9437209
1.3637075
-1.5561692
4.2753644
-1.0645006
1.6323336
-0.7785426
-2.0216684
-0.0466547
0.6817321
-1.9281422
2.6839542
0.13062453
-0.8803725
-1.8401523
0.18652645
-1.5436788
-1.957925
-2.7951162
-4.111421
-0.55216
0.12076486
-2.652941
1.472854
-0.33739582
0.7205882
0.37104654
2.3113902
-0.48570257
2.5559015
0.08743347
0.8050545
-1.3464878
2.0649965
-0.36781156
1.1867892
-1.3550503
2.3464732
-0.062877595
0.57615644
1.2095833
1.4201459
-4.0519423
0.3795654
-2.8764687
0.27307934
1.1305429
0.7292869
-0.49132377
-0.4473176
-2.7568696
-0.8211485
-0.29809454
-0.7329189
2.7124567
-4.5475383
-2.3557909
-1.7118962
-1.7780577
-0.23813681
2.5980444
-0.8145742
-0.33995903
-0.8471358
-2.0807338
3.7268062
1.437689
-1.4060707
-0.6429687
-3.5772455
-2.1044645
0.5174873
0.4957663
1.9959924
-0.3891488
0.38007823
0.8336697
0.8326395
1.8771966
-0.53075147
-0.42077118
-1.3082787
-2.6746068
-0.16883144
-4.5783677
-0.20333216
3.3863304
3.2362933
-3.7736113
-0.5350114
-0.6558825
1.071456
-2.1245322
1.337944
-1.3244002
-3.294259
-1.5242107
-0.47527596
-1.2446591
-2.8113797
-2.3873222
-0.27205452
-4.023463
3.4370782
2.9150283
1.9688693
-0.5727679
-1.9250257
0.2919601
2.7823062
-1.3032508
-1.8959925
3.0932748
1.1539803
1.7710546
1.4006093
0.50297236
2.6429024
-2.0222745
-3.1812305
1.1685684
-0.036425654
-1.5516623
-1.1226671
-0.3132444
1.6675601
-1.7767326
3.711508
3.2750561
0.14042825
0.043861605
0.2602929
-2.4367342
-0.12823215
-2.3501842
0.88137317
2.498088
-0.8611018
1.6654276
1.2467428
0.452693
2.1692607
0.30615556
-3.3469286
2.9963722
-0.6805858
2.5205503
-0.97016937
-1.3995305
-0.7674134
0.2986394
-1.6568153
0.84355354
2.344563
-1.3330039
-3.1337938
-1.917972
0.31986403
1.0635395
1.8800706
-0.7609255
-0.79094756
3.8205287
-1.4321795
0.039065957
-0.72322714
1.256999
-0.8596383
-0.6567372
-3.4442873
1.8448405
-3.9332905
-2.5264704
-0.16704634
-1.3690188
-1.2632053
-1.1798314
0.23686795
4.6957626
4.3322825
1.4600192
-1.3474814
-2.018906
1.8183806
1.0561001
-0.2966511
0.17113203
0.19031763
-1.9269005
-0.3092325
1.286966
-0.027239565
3.789154
0.6854617
0.28123605
-4.0327315
-1.79693
2.5586574
-4.231064
-0.8856251
-1.8475251
-1.9477266
1.4648031
-0.24771993
0.46232152
5.2560716
-2.517895
0.4909983
0.37631226
1.1135495
1.0925231
-2.037437
0.06388262
-1.6182617
-0.617046
-1.1265224
-0.96637315
1.519097
-0.57557553
-0.7306764
-1.538495
-2.0458126
-1.615546
-1.5211449
0.3756259
-1.1418959
-1.6612933
0.41760942
1.6301005
-1.0621307
0.4977212
1.1493417
-3.1340108
1.6011046
0.60116106
0.6220719
-0.08617025
-3.1664271
1.9350865
-1.8228652
0.8907835
-1.3514987
0.96642876
1.2604337
1.514779
0.12224934
0.9452145
0.37180704
2.8358507
-1.9462907
-0.5610639
-0.9091781
-3.5170877
-4.3918653
-0.56553775
-1.508259
-1.2523619
2.5766833
-2.1103003
1.2229195
3.4755344
-1.3010747
-1.1091068
-2.1497126
0.71446687
1.438015
0.7515004
-0.8172205
-2.092765
1.5189185
-0.93873185
0.7363373
1.3492982
0.7939182
-0.45112216
-2.5749745
-3.0571709
-0.30186954
-2.987076
-2.818462
0.34693602
1.3399159
3.0391939
2.2883906
3.7158675
-3.283088
0.11613474
1.1875794
-2.5138834
0.39579523
1.7454704
-0.18843272
2.90494
-1.0626675
1.9945216
-1.0004401
0.80503273
-0.5831693
-1.7621917
-0.022294883
-1.6515027
-0.8486353
0.031007867
0.45319203
-2.1271262
-2.7235637
2.3952634
-2.2249467
-1.4586596
2.9886074
-3.274166
-1.4391198
-2.7572021
0.7300326
0.64971757
-0.3305305
3.5326822
3.2805383
-2.545586
-0.6082902
-1.0633599
0.43229458
-0.20108408
-0.39756396
-0.11420447
0.48971233
2.2739282
1.6131116
-0.109626815
-1.0186881
0.43853667
-0.46081254
-2.4163165
2.8060253
-1.8794836
1.7431937
1.3044612
0.02635964
1.5636524
-1.3171988
0.9176877
-0.60615224
0.40659204
-1.2945234
0.61601365
1.0893589
-4.0417576
2.080861
1.4176648
3.6696172
2.0530374
-2.5511434
1.3552545
-1.2149246
-0.4129728
-0.5025036
2.1103933
-1.2072108
-1.2333097
3.1313043
0.037140574
-2.8998995
-0.22031572
0.5385558
-1.8747877
-2.7039146
-0.84039944
2.7737675
-1.1320429
2.5583363
-3.6001406
-3.488319
-1.1042333
-1.0064809
-0.6475318
1.5481517
0.96035606
1.5866517
-1.9471709
1.267047
1.0617892
-3.3909795
-2.7533677
2.0265632
3.7982497
-1.0052359
0.009023219
2.5323262
-1.1444362
1.5967244
-1.4136384
1.0696176
2.0096726
-1.6186439
-1.564145
0.14598647
0.64121294
4.8197513
-0.9101715
4.0723906
-1.3433384
-1.39683
-2.2043474
-0.16254753
1.1319243
-0.42589915
0.5659341
-1.5562865
-1.5162591
-0.9803084
-2.6641755
1.668774
-1.5062357
-1.2088974
2.2736776
3.711523
2.3137698
1.6124504
0.07043012
-1.4691733
-0.89571893
-0.5590778
2.70495
-0.24042122
-0.27249748
1.1237131
0.786748
-0.65045017
0.3207403
2.9607446
1.1540581
-0.41446638
0.06482162
0.32150966
-0.9140149
-1.7500489
0.78846854
4.309504
1.9530524
0.54486346
-0.033197187
0.50053674
-2.7485957
0.3536664
-3.1244035
4.237185
0.25140077
-1.8540674
3.706032
1.3123776
1.5202836
1.6600984
1.505156
0.60256124
-2.8711534
2.0292113
3.3173523
-1.4262381
1.5871174
-2.558169
-0.5257327
1.0260082
-2.3255124
2.4672732
0.206489
-1.9447817
0.14874937
-0.64798737
0.33927193
1.9021596
1.0450803
2.1293013
1.8547844
-1.8899149
-1.7173957
-0.2805939
2.1667726
0.5016547
-2.768287
-0.7290388
-2.440084
-1.5029504
3.1217837
0.72587514
1.9893141
-0.020492237
-3.2154388
-2.3588886
1.8584907
-0.0732254
0.851912
-0.26719627
1.7269412
2.842758
-0.6075904
0.10957032
-1.6056643
4.091949
0.35486212
1.4968275
-0.33933926
-4.0063214
1.7967077
0.18558347
-2.1736913
-3.1593394
-3.721019
2.1551301
2.2490208
-1.4383929
-0.89600134
4.210762
-0.43827528
3.1495214
-1.7236624
-0.69851226
-1.2640179
0.32627007
-1.3692636
1.9828453
3.6911833
0.15532279
2.7296796
1.9929401
1.8618165
0.31326762
-1.8672762
-1.5685962
-2.558133
1.1666838
2.6632953
2.8550065
-3.390728
1.2171733
4.1535654
-0.101393186
-4.590987
0.424609
-0.46401277
2.5360885
-0.6288032
-4.14224
0.064205706
1.2437133
-0.93838745
-0.81002235
-1.9845607
1.1792701
-0.8212148
2.538976
0.0914193
-0.8087544
-0.40019965
-2.8318398
1.0108862
-1.5107422
-0.40369922
-0.8374239
-2.0989318
1.6147894