Spara
2
-0.9639622
-3.2467892
-0.5910158
-2.794902
-1.8770719
-2.0073953
1.5042704
3.61009
1.1669252
-0.26558888
-0.5960186
-0.14039482
-0.012086362
-0.5442456
-0.0076429993
2.3237736
0.48844928
1.8931388
-1.01251
-2.5425944
1.1890683
0.8899117
-0.8507122
0.79211164
1.540368
1.5047843
-1.8080988
0.5969639
0.4906568
0.32706618
0.25007975
-0.7833607
1.5654318
0.2883748
3.2469826
0.13406754
2.4094763
-0.96128064
-0.6249792
-1.3700587
-2.8361754
-0.8431561
0.77152824
2.030405
-3.1590393
-0.39842162
0.7817229
1.0877653
2.2578454
1.0466591
1.7260329
-1.480776
-2.2343109
1.4062047
0.4632529
-0.2789438
1.3467829
-0.0043023303
-0.37150204
-1.2672626
2.4977953
-2.4097953
1.226262
-0.70230687
-1.5871171
2.8615963
-3.5725188
1.7198898
-2.672885
-2.6072016
0.4752497
0.38565984
-0.9492828
0.45462614
-3.4173381
0.7663881
2.370907
1.3893814
-0.3270548
4.0153737
-2.3355148
-3.3865619
2.0945303
1.7213031
-1.8380594
0.8363548
1.62856
-2.8845296
1.5779016
-1.520919
-0.84356755
0.0072656646
-0.57960635
0.329553
-1.4356004
-2.5941617
-5.800724
1.7891784
-2.7453854
-0.2818315
0.77162385
0.6596364
-2.1343038
-0.20834929
-2.9263346
0.2706023
-1.3186368
2.3465471
1.8327242
3.112441
2.25909
-0.5987168
-0.5802957
-0.95652044
-4.670353
-1.146781
-0.53288794
2.6602392
2.5585384
2.4585614
1.2809746
-0.6240271
1.2938648
0.4747429
0.11765065
-1.1818422
0.85880584
4.4984856
-0.08154293
0.5542177
0.07669914
1.0253292
0.9832527
-0.2962286
3.0524035
-0.09332096
-1.8733637
0.9543993
-0.029649794
-1.8012232
1.6702794
2.1177444
-0.48497176
0.6202964
0.9693196
-0.3877877
-0.51863134
1.0983396
-3.9971032
-3.2707396
-5.025641
-0.4716698
-0.84219235
0.39828312
-1.7528563
0.374912
-0.5938388
1.1595542
4.9635572
-0.89504397
-0.14225802
-2.2489538
-2.662131
0.4345418
-2.226599
2.7478893
-1.1586002
0.28419212
-1.5949309
-0.6839842
-2.7900972
3.4038186
-1.3748696
-4.283294
1.6156535
-2.0418913
1.5067347
1.1066165
-0.89443994
0.20720139
0.9405546
1.5640188
1.3582358
-0.8696783
0.63536817
0.6385369
1.1874928
-5.9467907
1.2295334
-0.55811733
-2.330463
-1.6031843
-0.28637737
4.7108727
-1.2589997
-0.70927966
-0.28396264
-0.8958845
-1.0809274
-0.61492735
-0.71980184
-0.13507886
4.5426226
-1.3444767
0.7959737
1.5884726
-3.5099764
-1.1671063
-1.8460784
2.061621
-2.84249
-2.2500873
-1.1709573
-0.028157312
-2.3603244
1.099421
-1.2218289
-1.4810513
-1.2370129
0.116555065
-3.2931087
-2.143517
-0.594111
1.7875284
3.6688704
-1.5997707
2.2044795
-0.7895773
0.9511823
-3.283745
-1.2733902
2.8910322
1.870912
-2.1935546
2.0575266
2.076354
1.5205986
0.33405617
0.39961213
-0.757469
-1.0235789
1.3074813
-3.7087646
-0.70162714
-2.939024
4.992052
3.2367847
1.7848277
1.9230149
1.6621219
0.82588416
0.982769
-0.8390522
-0.5014074
2.5175376
-0.32334724
-1.7009084
2.440963
-0.2916735
-3.9984474
-1.8514384
0.9247183
1.7577472
1.1580374
2.7294273
-1.7581694
-1.4716464
-1.3794472
-0.15507574
2.4967046
-0.25343233
-0.10520058
4.3296547
1.5800105
1.5641989
4.835056
-0.21136543
0.0032515675
-0.44031772
2.6399558
-6.073645
-2.8297346
-1.1936474
2.669548
-2.6289892
-1.1696813
-0.056856327
-0.3187732
0.7116768
1.1170648
-0.48308367
-0.9074922
1.2937353
0.117141046
1.4732052
1.112994
-1.3838075
3.328855
2.9725053
1.8968194
1.2484503
3.532151
-0.064225696
2.752843
-0.65077287
2.074201
0.69409424
-1.2937831
-2.582742
0.059673414
0.92480946
-0.8193952
2.397057
2.5259047
3.9364297
-1.6322641
1.4859208
-0.38782254
1.9599063
3.4247167
0.7861411
-0.4165209
-0.17063326
0.6068384
2.491082
-1.6075717
2.8853698
1.8977044
-0.97015655
-0.55886585
0.40121886
0.8580419
0.5714759
-0.4959708
0.6835025
0.15708655
1.1113715
-0.20904376
-1.1919718
-0.7043839
3.7713885
2.5401182
-0.22661307
-0.3859697
-4.5782285
1.415996
1.1277401
3.7965367
0.92021304
1.6076926
-3.1303604
-1.2978971
-1.2237524
-1.2444878
0.40198696
2.3095698
-2.7162
0.7425092
-0.68611926
-1.5625418
-1.8462458
2.213567
-0.4818138
1.8258504
1.1208862
-1.2996901
2.0695415
-2.0249553
1.340888
1.6230717
2.2842412
0.44969472
2.072616
1.19499
2.7455013
-1.1255288
1.0124515
0.82457834
-1.8726398
2.7610428
-0.7090219
0.26179123
2.207739
1.6855369
0.97606236
2.1869218
-0.9461156
0.42137516
1.4006565
1.248185
0.48032057
-0.47633356
0.57815814
-0.4988374
0.49034292
1.6257752
-1.7846162
1.8709539
-0.61462414
-2.736536
-0.7299013
1.5360625
-2.478949
-0.4051178
-0.0036065802
-0.15708637
2.306857
2.2999518
0.67990386
-1.0455372
1.5050699
-0.8206543
1.883583
2.9551432
0.08725174
0.76574194
0.75979525
4.166736
3.9055042
-2.041221
0.24795517
-1.7881359
-0.87063706
2.3336675
3.0977519
4.755849
0.77650416
-0.62575704
3.869614
-0.84695435
-1.3313792
-4.0223374
0.39374214
0.1890061
-1.5211815
3.293378
0.49937227
3.1957667
-0.12037826
-1.8511513
-1.4417653
-1.659703
-1.3216891
-0.7204527
-0.33272403
2.5153823
3.83487
-2.0520518
-2.08348
0.27960202
1.7660062
0.48894334
1.3003863
-1.2260915
1.9193804
0.08039662
-1.5660396
1.871214
-4.0358024
-0.8114883
0.31564254
-1.0622512
0.7035371
-0.25008386
-1.4656198
1.4504787
0.65055597
-1.2472283
0.9882834
0.22054261
2.022029
-3.995357
1.116141
-2.1275148
-0.56526333
0.9050048
-2.6284559
0.320676
-1.2505993
2.6661668
-1.5148623
0.21269661
5.787294
-1.1923807
0.97479033
1.128743
0.3401276
-1.0688516
1.2567145
0.08479653
0.36127996
4.6820574
1.1947252
0.25719896
0.27326894
2.4627032
-0.4270096
1.8371876
-1.6100765
-3.3441122
0.24971852
1.9172564
-0.72946835
0.60806245
-0.0017393976
1.7143078
-0.25836083
-0.63955164
2.224402
-1.8598062
0.7638951
1.0795493
0.31676292
-2.3516006
-2.488497
-0.25616348
-1.820641
0.82908344
-0.32500982
0.16262916
-2.0437274
3.6580667
-1.7414474
-2.3745878
-0.49925998
3.122773
1.3842455
0.7735162
1.6048222
-0.46368152
-1.8849312
0.33419
-0.8431464
-1.6037693
2.1825223
-0.69695044
0.00956881
1.1774368
-0.9697976
-0.4891296
-1.8714781
-3.4389205
0.03193146
0.5119095
3.5158904
-0.85755867
1.934733
-0.10826757
-0.21234602
2.1826444
-1.8753374
-1.6753017
2.3306491
-2.7585447
1.7284786
-0.27292
-1.0924026
-0.7467191
0.9667257
-1.4372863
-1.8206341
-2.155811
0.8375149
1.5985364
-1.7983258
2.0034544
-1.8777679
1.3612576
-1.5285858
-0.5818337
-2.965311
-0.76669055
-0.058391675
3.1522903
3.7925434
1.4325429
-0.22350737
-2.2012696
1.2556969
0.8584662
-2.2973187
3.4305406
-2.1219258
0.504163
-0.32508707
-0.028191172
-0.9222747
0.09891693
0.027191117
4.4584856
-2.194764
1.4228568
0.7168426
-3.1869807
-1.1677771
-0.67794085
1.5627974
2.8075309
-1.8073921
2.4408345
-1.3256665
0.7197962
-2.7622037
1.7228868
0.32023868
2.0175107
2.6724796
3.9484515
-1.9247048
1.5709561
-1.916671
2.340335
-0.98212326
-0.15235639
0.028226733
1.2068293
1.7522672
-3.6689665
1.6861571
-0.24845228
-2.6410084
-1.3816624
3.3478823
0.94346625
1.3435755
0.601573
2.0197406
1.3879414
-0.2972571
0.027434845
1.6745851
3.552904
1.0762843
0.46578228
2.3185852
2.142329
1.2720395
-2.0803454
-1.1794604
0.9380771
-0.5787105
2.238739
0.31792536
-1.761389
1.8663045
0.28411177
1.6591262
0.052954122
2.1098437
3.4058404
2.0489085
1.0746365
-1.5481172
2.472029
-2.8036056
2.7709503
2.1177201
-1.2739906
-0.112247564
-0.65149593
-0.86881644
0.4617284
1.3095931
-5.2860837
-1.9165032
2.2560992
-0.66991764
1.4164156
-2.203809
1.4479442
-1.790636
1.3077769
2.6014993
-0.2996273
0.7865773
0.8879493
0.26416644
-2.1078322
0.67003495
-0.6943682
4.7267685
-0.34598517
4.406301
-0.68146574
1.5552428
0.9077119
-1.1867609
5.213759
1.8249501
-1.1068964
1.4965903
-1.2816367
0.9768621
3.8420494
0.48003748
-3.9733772
-1.6490158
-2.3978064
-0.7751048
-0.14460248
0.024472937
1.6177684
0.03168059
-1.7279241
-3.7201858
3.6073985
-0.7822535
3.7287073
-1.0097255
-1.5215033
2.8084407
-0.64154863
-1.1982576
2.5309396
-0.057732947
2.005378
-0.7748043
1.1734213
0.11855407
-2.387234
0.3809362
0.3975948
0.033748522
1.8843225
1.1697497
-1.2315948
-1.3087944
-1.5781543
-1.4090074
-0.053045698
-0.7521058
0.2965447
-1.6570967
-2.867879
3.0219212
1.1311218
-3.1267076
-2.90303
-0.51608187
-2.1530077
-1.4642128
0.1863609
1.4952168
0.33116212
-0.7872426
1.2313403
2.8581724
3.5534263
0.90202767
-2.2885594
2.6586359
1.9324409
2.2604294
-2.2959847
0.36487648
1.4123834
0.60321534
1.2365302
0.8761772
1.1040779
-1.6886177
-0.34721664
3.3554482
0.9069238
-5.9888797
3.6906567
2.4871328
0.87167126
0.48383307
-0.6828409
-1.660923
-1.9178265
-1.9284607
-5.115029
-0.007847041
0.90331924
0.071907476
-1.3136605
3.0781646
1.9217879
-0.050770186
-0.42347756
-0.858473
-2.3379595
-2.442237
3.4386344
-1.4108458
2.6982868
0.7151543
0.015778445
-0.8679448
-1.1415718
-0.10316372
0.69044024
2.6390052
1.0923738
-0.38475874
0.29653156
1.3100389
-2.5112467
-1.6030561
-1.4326093
1.8158801
-1.3434455
-2.639042
2.7604713
0.75929487
0.005359888
0.27711606
-1.0547872
-1.6966398
0.52958876
-1.9561898
-1.3205705
-2.1964033
-0.8560436
2.9749267
-0.30800128
-2.466313
-2.7483702
-0.03342185
1.6329049
-0.74903524
1.6958828
0.3145482
-2.2384007
1.7077179
-0.92029
-0.1527702
-2.0042167
2.4420981
0.53885597
0.7836682
0.19505575
0.43287787
-1.863861
-0.7225519
1.5542954
1.0560929
-3.485552
0.2606871
-2.687316
-1.2703009
-2.5610485
-0.44243848
0.20484579
-2.2950869
1.9545555
-0.10530168
-0.6385593
-0.79196733
3.6844766
-3.4369137
-0.36988372
0.80037004
0.9029625
0.03373906
-1.1108708
0.40777212
2.3950741
-2.9717536
-1.5234523
2.2820277
-0.9906975
-1.8479283
-1.7830087
-0.38991034
3.8317168
1.8702058
0.69342566
-1.5122095
1.2950516
2.9334495
0.13132069
-1.3796936
2.3963013
-2.3140545
2.675244
0.75770146
-2.200262
0.3422309
2.6835797
1.429842
1.6412928
-2.1542482
1.2493253
1.1072048
-0.7005851
-1.3114552
-0.10760988
-0.05696068
2.3794444
-2.669862
0.21123248
2.1662233
3.4678948
0.7311317
-2.7012722
0.20474485
3.2064567
2.1258702
0.066047646
-3.0171204
-3.5836484
-1.6254267
0.47488302
-1.2729217
1.7075857
-1.2349367
2.25844
2.692023
0.1725283
1.1537423
0.6663847
-2.936461
-0.22054172
-1.7660762
-0.83105445
1.4708288
1.7901322
0.6494821
-3.2443745
-2.0154037
-0.92510766
1.5411342
2.7913954
-3.491189
-1.246115
0.6331999
-2.9641647
1.0276396
1.8825673
0.42799622
0.36931965
2.2738187
0.5847608
-1.3429637
2.2241173
-0.08244514
1.2354747
-3.5500612
-0.2925043
3.1139245
-1.051689
0.30542496
3.640738
3.9167788
1.550085
0.97933203
3.0464852
-2.0869486
0.21868211
-0.515953
-0.491719
-2.3535347
-2.4278657
0.64620024
3.2645588
-0.06429389
-0.26755247
0.44867772
0.7681665
-0.46430868
-1.2648038
-1.1902431
-0.58267534
-0.88002247
-2.176127
2.3998268
0.416435
0.3220979
1.4533386
0.55493265
6.565475
-0.9557748
-0.28727508
0.92046046
-1.41214
0.85431474
-2.878426
0.22512981
1.3572499
0.30158508
0.0028883144
2.2643535
-2.1510186
-2.51906
-0.52179
1.3029394
1.3405914
0.15090615
3.0031774
-1.121912
-0.8276876
-0.37225533
2.7317488
-0.15907526
-0.4503561
1.2751969
-1.7081332
0.1406067
-1.4914429
0.58079296
1.0367271
0.35476655
3.8484445
-2.4894023
0.75792414
1.6066267
-2.3158839
1.0331076
0.27850905
-2.5755594
1.6955363
-3.4886785
-0.40066242
-1.0963095
1.9501829
-1.0218945
-2.5556862
0.91550165
0.13527063
-3.5017133
0.45291376
-2.0873346
-0.4021394
2.430311
0.6579814
-0.73439074
-1.2379162
-0.5430311
1.7065785
-1.3441411
-1.3689266
1.5529283
-2.2429888
-0.71316016
-0.5030317
-0.7584541
-2.1359022
-3.327448
1.3646479
-0.6324171
-0.3250602
-1.4163809
0.013560817
1.1082304
2.0410607
-2.037845
1.4402008
0.7181222
0.51865363
-2.05007
-3.198831
-4.386358
2.442107
-1.0816088
-0.581094
1.3548452
0.23613235
0.54627526
-2.5283754
2.1980324
-0.3968802
-0.6812527
4.541452
-2.971265
-0.6137003
-0.47987136
-1.267965
4.016547
0.21250564
-0.8745638
-2.2363613
0.75556535
-1.3172703
2.1532867
2.7866318
-0.9424244
0.8892166
-0.49856588
-0.8410904
-0.67314935
1.073916
-0.92259413
-4.5550513
-1.6674113
-0.86927366
-0.3693515
1.8708509
0.9499281
0.980452
-1.5585862
0.6299646
-1.6953794
-0.08383748
0.6834189
-0.71609086
-0.07571267
-1.1984304
-3.4567714
-2.8727336
-0.6229748
1.8361566
-0.09070846
-1.2711911
-1.1142642
-2.922446
-0.3426211
-5.2290635
-0.48537844
0.5772046
-2.0792952
-1.0114931
0.22803421
-2.264162
-3.7385898
0.20160948
3.0728123
-4.2628226
0.7287752
1.0982857
-2.8623152
3.1673226
3.0275278
-3.2140703
2.4064453
1.2903515
-1.1479572
3.565194
1.7730372
-1.6679734
2.1993952
1.4059743
-0.7914198
1.2588034
2.4106286
0.48166782
-1.8148997
3.2674084
1.1201353
2.2353656
1.4629989
-0.05653487
0.638824
-0.5054947
0.47911382
0.8178053
-1.8866608
0.13967541
-0.5769939
2.725885
0.5853982
1.1298983
-3.0370867
1.3476175
-0.49031124
0.8072608
2.550963
1.601786
-1.300514
-1.772073
-3.2996871
-0.935869
0.4719972
0.25662854
-2.0131173
-0.37011847
-1.7742057
-0.33747646
-0.33620918
-0.059062332
0.026070587
-2.2714353
-1.89124
5.6412306
-2.610079
-0.100752145
2.7316616
3.1087751
-1.3233981
0.76505774
0.56710666
0.7480473
0.40099502
0.966717
-0.67684495
0.6981775
-2.7164178
-0.34243304
1.765799
-2.319937
-1.6678205
-1.9709649
-0.61323667
-2.5350573
0.3071887
-2.0601344
-0.37404042
1.5746268
2.760504
1.3970854
1.7764165
1.8753068
1.7219418
-0.2808489
1.0194446
2.5181296
0.018838003
-2.3538954
1.396977
0.51287514
0.502776
1.2755613
0.9859415
-1.5171787
0.85645556
-0.40723738
-1.1440557
0.7601026
0.9120954
-0.8662053
0.91717046
-2.230716
2.378353
-2.6965363
1.6703397
1.0220976
-0.038124673
0.4369284
3.0852487
0.6648679
0.5338318
-1.7580879
0.22049248
-1.6577195
-0.6630635
1.8914253
1.887591
1.2962877
-0.46515203
1.0481373
-2.737666
1.197189
-2.8087542
-4.3548737
-0.19594622
0.6955592
-3.900222
1.3322046
-0.93434584
3.149518
0.6046714
0.17278054
-3.1836526
-0.9896281
-0.20612696
-0.8024133
0.04054302
-1.0879745
-0.042992868
2.011259
1.7337925
-0.50387734
-0.6337177
-0.57348365
-2.766996
1.842132
0.44842163
-1.1665088
1.3142729
0.32621285
-5.6967745
3.3557398
1.3624339
-2.798138
2.742397
-2.2475424
-3.3302517
1.7744664
-2.112748
0.8737317
0.02620139
-0.1383575
-2.3727074
-1.0055642
1.6764802
-0.3158846
2.4544344
0.087087534
-2.623208
-2.6207192
-0.8287682
1.3222998
0.8319116
-0.6152049
1.3267695
-0.5928612
-2.8183486
-0.34358606
-1.0685586
1.2622542
2.641784
-1.2092463
1.70085
0.5307028
-0.7893009
2.8954344
2.530627
-0.7911159
1.1288371
-5.562496
-1.4859656
-0.43295395
-1.9831514
-3.4346335
-0.61178887
0.13816345
0.08585853
0.51144195
2.7956698
-0.82240367
-1.2440283
-1.251115
-3.1249967
0.44538167
-0.85894
1.9704435
-1.5203583
-2.8110538
0.5125832
-1.8690877
-2.269153
1.9188502
3.2859497
-0.613515
-3.3828597
-0.9427527
0.039805114
0.8513523
-2.3472795
-0.2861573
4.4705596
4.5422864
1.155211
0.2821529
-1.900831
4.230455
1.916994
-0.7196712
-2.245398
2.0065434
-3.4023037
-0.444158
-1.1798967
-0.40616804
1.091769
-0.32353836
-1.345889
1.2925916
-0.5991224
-0.014262542
-2.891425
-0.13893676
2.8502374
-0.22309875
-0.52310354
0.26121646
-1.5014046
1.6433797
0.47308278
-1.5987368
3.416112
-1.0835899
2.8771172
-1.5657324
0.11654262
1.6677971
1.0538489
-1.0043789
-1.5491447
-2.0171
-1.4433824
3.6153972
-1.0231115
-0.19371334
-0.03293188
0.33592263
-0.024890408
0.28525499
-2.9019072
-3.494006
-2.2891345
1.3730352
-0.46043465
1.3401035
0.6556987
-0.41626805
0.32427445
-0.60723126
-0.8105487
1.8326927
-0.7590047
-0.78809196
-0.79691184
1.8165247
-1.568739
2.7978854
1.2307705
-1.7773119
1.6265054
-2.7175908
-1.3112901
0.37042612
-1.3682635
-0.23403293
-1.5467328
1.7351038
-0.11171472
-4.0247903
-2.865372
1.2847613
1.0761057
1.2957845
1.3447223
1.4909717
1.3001432
-3.7836742
-0.5977721
3.4435096
-0.90189296
-0.43917668
3.085929
-0.38684493
-0.18763539
-3.3677406
-0.65152276
-0.3827442
0.8884153
-0.091255315
-2.6002343
-1.4271559
4.261563
-0.094498895
0.7369002
-0.8980048
-2.0483718
0.74741244
-0.16740713
-0.7560948
-0.9546539
-1.9026401
-1.2428559
0.9175344
-3.7726822
-1.796622
0.5617533
1.5125108
2.7036054
-0.086774595
2.0604763
-1.310191
0.85377854
-0.122069396
-3.455053
0.05557412
2.348789
1.2045225
-0.9849369
0.43144697
0.67087936
1.1382895
0.6653394
-1.0841553
0.90252095
-0.69946754
-1.5393766
-0.2866068
-0.46990612
1.1576667
0.11297782
-0.8427756
2.893074
1.4866573
-4.374299
-2.408655
-2.3138137
0.5445607
2.1945856
0.6180283
-2.9993632
-2.3295343
1.5518627
0.21606424
-0.8430982
2.6664577
2.4977667
1.9718281
1.72366
-2.4999752
5.341213
-1.4704006
-1.3919232
4.1032753
-0.8060716
3.4546525
-1.0476753
-1.7444445
1.2463081
2.9807127
0.9512671
1.7375948
1.3098034
-0.47787404
2.538915
-1.8827442
-1.8423035
3.2026207
-0.21000762
-4.1483216
-1.4717324
1.2640674
-0.16383311
1.11336
2.4286866
-0.26679513
-0.42876744
1.2920436
-0.43226656
2.2508636
2.5986142
-3.0007172
1.319923
-0.23512372
2.0524597
1.9918898
-1.6222457
0.36320052
-1.3052042
-2.4715667
-2.775034
-1.8868428
-2.7082384
1.1705966
1.1823069
-0.822426
-0.160375
2.068956
0.31857246
-0.83180374
-1.4487277
0.12823805
-2.218735
1.7347921
1.4742224
-1.3932612
-1.337955
2.6394768
1.1270059
-0.06921621
0.11436777
0.16912763
3.7425942
-2.136575
2.2897768
3.0166109
2.4765456
-2.1746776
-2.958677
2.335701
0.2591115
2.9786005
-1.5844321
0.27951777
-0.024386693
1.9943892
-0.24638622
-0.58687824
-0.48421493
1.0637122
0.50639856
-1.253978
2.8949983
-0.4487362
1.940697
0.40932336
-0.97089154
0.94171715
-0.24235004
1.2757077
-3.727994
0.7583674
-0.49168292
-0.6455588
1.8042595
1.0159608
-0.32657906
3.6382258
1.8835818
1.5102284
1.4824127
-0.44957736
2.4100983
-0.8714562
1.4030828
1.672957
-1.8952304
1.6720953
-4.9749074
0.43547454
1.7553719
-0.5465512
2.1165097
-0.7778616
0.22590728
4.211926
1.8079877
0.02956758
-0.046002075
-0.04543625
-1.4160305
1.3308144
-2.8726861
0.39514604
0.5113601
2.6723232
-1.0264468
-4.8827553
0.108258575
2.9160457
-0.29380685
-0.78403455
0.44501832
0.4567701
4.6894274
0.3790368
2.5912511
0.9561406
-2.6414773
0.07935977
1.0905241
0.5085884
2.202773
-2.4337833
3.4967206
1.2050077
0.97524464
-0.6412106
1.8228006
-1.1298515
-3.9792607
-2.36103
-0.70284116
-0.4445204
-1.3495822
0.03446134
0.7336327
-0.49493176
-0.3136599
1.2865738
-0.5335913
0.30652747
-3.569055
-0.8438047
4.320875
1.9864616
0.84121305
-0.73050225
-1.6454836
0.6134525
-0.09034397
2.646755
-1.2839736
2.8021216
1.51827
-2.562782
0.49927962
1.550724
-0.08089223
-0.15704767
0.9130004
1.1539706
-2.1473584
2.474328
2.430638
0.95319325
1.1094894
2.0110278
1.986123
-4.197498
2.5250711
1.0445244
0.23597555
2.8312063
1.5281343
1.4442937
1.1088417
-0.68040293
-0.9837718
-1.2472808
1.2576566
-0.20705013
0.8245932
1.2835982
-2.3672662
-1.8020332
1.1396216
-0.21137413
2.053222
-0.46417332
-0.6275932
1.6783454
-3.006513
-1.2805108
-0.6058649
2.2184765
0.11505747
-2.9894228
0.883436
-1.5710335
-0.5253589
-3.9771986
1.2938409
-0.46308535
-0.2799497
-1.4191136
2.6633995
-1.0789202
3.6461549
-0.65650064
3.984312
-0.9310442
-1.2851579
1.1064731
0.120977424
0.2694236
1.1530104
-3.6270726
-0.9483264
0.69276166
-0.65441364
-0.28197718
0.27260515
-2.2591233
1.9580421
1.0028955
-3.2235336
-0.2568041
0.8571489
-1.0748761
-1.7461427
3.7427845
1.2558435
4.2274413
3.145986
0.48401755
0.19345348
-1.7164878
-2.311154
1.1961247
-0.5222397
3.2768211
0.13179451
-3.1197245
0.680194
-1.517974
-1.5231242
2.1786988
-1.044424
2.7496243
0.9558911
-1.2202648
-2.5769079
0.0039200634
-1.1553453
1.7974681
-0.9802976
-2.4758165
-0.29725158
2.3693998
-4.3049145
0.22408213
-0.24125966
-0.88186044
1.1779513
1.6089376
-0.025195599
2.232284
0.2103622
1.4367588
1.0286893
2.1387343
1.8788064
-0.16155186
-4.3149366
-0.23872331
-1.5927525
-1.3822402
-0.20230505
2.9581895
2.5296698
1.3703676
0.49285322
0.021011785
0.610005
2.2029803
2.6441314
-1.2771273
-0.14164999
-2.7005637
-0.08771812
-0.26597565
2.5383153
1.5035253
-5.75658
1.7727386
0.56163627
-2.3558733
2.1661325
-1.5225725
2.36767
0.3793214
0.36019197
-0.15275368
0.3585631
1.3191105
1.9000769
0.39456353
2.8797624
-0.16000175
1.1768647
-2.4400575
-0.26036048
-1.4176859
-1.2199603
-1.5723526
-2.8874092
0.5732887
-1.9863057
4.8946543
-1.0507387
-2.4383075
1.0647233
-2.956995
0.7127377
-0.21866405
0.18730374
-1.3953041
3.1754503
-0.7603644
-1.00503
-1.8019867
-2.0002518
2.6264431
-0.9649572
-2.4322298
-1.0427508
-0.60514927
1.6022427
-1.5318173
-0.55956846
0.14029163
0.7675546
-0.98459274
2.870274
-4.5079417
1.0121132
-0.6175162
0.4364829
-0.80141306
-1.2068744
-3.5898514
0.26023483
3.3388517
-0.45633763
-2.4017758
1.4771081
-2.0440037
3.2035344
-0.52042466
1.5830066
0.8446178
0.078081556
0.31929597
0.3360997
3.5318763
-0.103742234
1.6788789
-2.7560263
-1.0477642
-2.6679323
0.35376224
-0.061531857
1.1371652
-0.42789087
0.6525741
1.0104331
1.9242091
0.49611595
-1.3160356
-1.2207049
0.046649456
-2.0960011
1.3691237
-0.33887786
1.0734066
1.7082675
0.61316234
-1.0212536
0.61687684
0.087315194
1.4840413
1.8959943
1.1837991
-1.566432
2.8475165
-3.181988
-0.6820808
-1.0790133
-0.47720218
1.6734858
-0.58874846
1.2346877
-0.9474517
3.261222
4.7427034
2.390654
-0.5068214
0.98184603
1.0220295
-0.5273191
2.4937758
-0.64003533
-0.2037122
1.5252401
-1.9952031
0.35833856
0.6890925
-0.9293778
-0.9430944
-0.82280403
2.8110874
2.2188923
-0.44823846
-1.056744
3.3511882
-3.4036689
-0.6818498
0.9418029
1.721845
2.0837061
2.5026975
0.99080575
0.7815506
0.5395269
-0.2298001
1.56459
-0.10540918
0.39856192
2.4936068
3.654061
-0.956022
0.09569418
-0.48903188
0.6049388
-2.9926302
-1.7554417
-0.892289
-0.43714628
1.0052902
-0.68834436
-1.5000795
1.2202626
-2.2860575
-1.0878539
0.79730296
2.38241
3.7638736
-3.2835505
-0.8656463
-3.119615
1.7260718
3.6578798
0.29635233
-0.9589645
0.1784417
-1.0787102
-0.75057775
-0.9377241
-1.0297501
-2.1042194
-0.7148424
-1.9763175
-2.2633538
1.3554498
3.0661056
2.3486803
-0.19224289
0.017304197
-2.2497485
1.7392372
4.0178823
0.139228
1.1261743
-1.0216422
-3.5545897
-1.1921434
-2.656029
0.5425067
-1.6265997
0.31953293
-2.1782815
-2.1170714
-3.0688128
0.99663025
3.1305282
-0.27977976
3.6702547
1.3900372
1.4229292
-0.47953266
-1.1723671
5.0737743
-3.0444405
0.7722796
0.83318365
-1.0902505
-1.8258663
-0.7025205
-3.508945
-1.7387012
1.1500974
-0.20229773
-1.2338669
0.6765169
0.9560017
-1.6331751
-1.8181223
2.9274507
0.078196056
0.30200458
-0.0125299245
1.570608
-0.79182553
-2.3743048
0.18208015
-2.9790766
0.16543408
-0.22090946
2.8386157
-1.9924779
0.5136429
-0.791079
-0.68165964
3.3356645
-2.5938203
-2.8301375
2.1741693
-0.1321514
1.2822589
-1.0306249
0.2734319
-0.15447864
-3.1533258
-1.1486205
-3.7908273
0.69466203
0.51764345
-1.3408742
-2.2023706
4.889225
-0.2838456
0.55906737
0.48199207
1.244956
-0.4092151
0.84203374
-1.419724
-2.183272
-1.1072351
-1.5721285
2.041432
1.5633479
-1.330441
-3.5493107
0.6381196
1.3925272
-1.2364643
0.07809328
1.6124746
1.4058888
0.6609206
0.3183685
-0.12781936
0.2711212
0.91162884
1.065347
0.09194794
1.5815079
-0.9428273
-2.0426683
2.415631
3.6693783
0.8492351
-1.9300073
-0.6905387
1.7047828
2.3350496
0.75995547
0.79147935
-0.84387696
1.0133163
1.8921338
3.3029227
-1.9498779
1.2952569
-0.14089304
4.092416
4.310415
0.639246
0.9089008
-2.1773903
2.180211
0.42380786
-0.17950082
0.21111366
0.23260137
0.43851817
2.153476
-2.5043712
1.4542829
-8.125007
-1.7834435
3.3857074
-0.69616026
-6.0306854
-0.5362874
-1.4985224
1.6627914
-0.37676567
-1.9924095
1.5887443
-3.2451298
1.3463414
0.9532464
-4.6445026
-4.8680825
-0.11580741
-0.2110582
0.77622736
-2.985983
0.21114953
-0.89101934
-0.08064141
1.8153986
3.1334267
-1.1723226
-2.0215385
0.20159361
-1.5909019
0.274782
0.8398795
1.7798839
1.0896891
2.0649176
-1.4624999
-0.44609013
-0.6842847
-0.22969127
3.035749
-0.8250519
1.25092
0.444161
1.0587056
-0.523039
2.7561562
-0.18994088
2.1719067
0.8892316
-5.464169
-1.9831004
1.4180977
0.7767696
0.04899943
-2.2878883
1.143595
-3.0731466
2.2848263
0.16994485
1.473528
1.6358193
1.0594511
-0.96069586
2.9066794
-0.020499378
-0.338965
-3.8733644
-0.20619422
0.39673513
2.387125
-0.4067356
-2.0528288
-0.56376046
0.2572676
-2.6667063
-1.8169585
-2.091949
1.1701734
3.3033004
-0.7393486
-2.3347018
0.3049121
-0.4556977
-1.408213
1.9388393
1.8540279
1.9441241
0.46039975
-1.1002028
2.1249468
2.1395605
-1.4999549
1.6957635
1.8482317
1.6140504
2.6952696
2.6435869
0.8555927
-0.76697767
-1.1427869
1.3028451
4.277114
-1.8927752
3.4720447
-3.1778567
1.7640958
-0.5062965
1.9252152
-2.1815863
1.2645997
-0.35392308
-1.182122
0.4237972
1.0405318
-1.6390017
0.8052499
3.0416079
-1.3022878
1.4340714
-0.34491324
3.2495186
1.8148401
-1.3250569
-3.16797
2.3189762
0.8508666
-0.62145823
0.42464334
1.0684881
-0.89563704
-0.060940318
-2.602084
-1.9359387
3.0332103
1.8728863
0.6464343
-1.1714365
-1.9498639
2.1571267
-1.7689117
-1.6491059
0.6265714
1.3666277
0.4345559
1.4602948
0.2443729
1.0856669
-2.952876
2.385861
-2.8078613
0.6731204
-0.6079766
0.5140324
0.60883105
-1.1188586
-0.14498733
-2.064885
-3.3901734
-1.0806106
1.2386695
-0.9424982
0.46000817
-0.45454544
0.7341537
-1.1791161
0.4789368
-1.1215967
-2.9442728
0.21371326
-0.12116421
3.9371357
1.376793
3.2688293
-0.7799507
0.9741123
0.833995
-0.10773689
-1.3425035
-1.2501222
1.3979253
1.4276475
1.314329
-4.175502
-3.3250282
1.452608
1.6680803
-1.8924878
1.6989169
1.1865518
-0.9569926
-3.1479504
2.2069147
-2.4505675
-0.30863416
0.70622647
-0.5953988
-1.2401893
3.1869254
0.97298694
0.18922965
-3.0685658
-2.586457
-3.2424588
5.196364
-3.0637336
-0.3761968
0.6120942
-1.1094409
1.4599569
-2.0658817
1.3934413
-1.3163183
0.7530581
3.6292508
-2.7355297
4.485364
0.9491518
0.4507614
-1.5342244
-1.1786495
1.5011798
2.2041366
1.10901
-3.7175198
1.1064745
-1.7394425
0.008720636
-1.542997
0.39446425
0.9813622
-2.7343507
-1.4531648
-1.3228543
0.48576578
4.3150277
-0.3379112
0.29553822
2.0132926
0.98078
-6.59
-2.8784997
2.0998297
-0.9762272
-1.3041413
0.30002493
3.4187722
2.878782
-2.105776
-1.7021546
-1.6197144
-1.3693447
-0.25451335
-0.8006434
2.2635384
4.279148
0.26801378
-2.1274004
-0.69406545
-0.83829
4.3424234
0.95062053
-1.7998452
-1.357739
-1.2814462
-2.5009158
-0.27472687
0.8795578
-0.26875612
3.0768836
-0.4540619
-0.61892605
-2.780869
0.3180642
1.1228311
1.9516305
-1.3629844
4.725776
-0.7942798
-1.7269934
-0.5886707
-0.61288875
1.8497516
-0.810661
-4.543033
-0.0027149841
1.7350588
-3.1843975
-0.7576952
-0.36918634
-2.2313874
1.2172744
-1.8203421
1.2850529
-0.85782987
-2.4553204
1.9591198
-1.5011857
0.69607043
4.155046
-0.003631305
0.97493964
-1.4449662
1.3813459
2.7422643
-4.025518
0.15410204
0.28266823
2.2730656
0.41531533
-1.2860289
0.49310803
1.3543973
-2.761955
-0.7692706
-2.5324872
-1.5399802
-0.47337282
1.7333745
2.0825026
-3.8565679
0.09465097
-1.0803733
-0.07770946
0.02815871
-1.6860567
0.8588388
-0.83249724
-0.031154417
0.5211422
-0.57981783
-2.5366266
-0.23173012
2.091799
-0.5641113
4.1876764
0.44599968
-3.7664304
-1.4340804
-0.38970667
1.3542145
-2.5297918
2.2628098
-3.887182
-3.4566658
-2.1255279
-1.7954416
0.52308315
3.3718326
0.72839046
-1.8733587
-0.5631063
-3.4765818
0.859767
0.7480829
-1.9338114
-1.5951962
0.16672114
1.7544758
-2.7386372
1.4704349
3.4849703
-4.9088864
-2.7639298
-0.21166149
1.859004
-1.3869188
1.4468862
-0.4568994
-0.49615052
0.10660814
-1.9383857
-2.1529179
0.6743932
-0.94506174
-1.0077971
2.1063917
-2.1325672
-1.2486564
0.7250882
1.9642043
0.16030897
-1.2197533
-2.0337307
-4.44757
-2.2068422
-1.2685133
-1.5702171
-0.119251244
-1.6920136
-2.7104874
3.2166958
1.6493927
0.41395772
-3.43624
1.2886076
-2.0201213
0.6375665
-0.82424235
-0.2864624
2.1953664
0.2576458
2.9634724
-2.9895918
-2.544469
0.21875715
4.05274
-0.29798526
0.8007798
-1.3532109
0.42708904
1.9268986
-1.501982
1.52406
1.0766698
-0.9394543
-1.8349702
-1.9486455
2.0609806
3.8215663
2.0167775
1.4522296
0.92831475
2.3410952
1.4790744
0.51489186
0.7147932
-3.4785643
0.51944095
-0.93862957
1.8407747
8.058338
0.17561135
0.7403729
0.8393492
-0.12075008
-3.6396334
-1.3878818
2.03429
1.8929967
0.46817014
-1.440356
0.16784541
-2.013187
-0.73054534
-4.0377736
2.3633854
-2.5617344
0.2049772
2.2967677
0.62812585
0.44850895
3.9520664
2.4668207
2.58731
0.64022434
-0.40300474
-1.2923918
0.6108743
0.99236965
-3.5525296
1.5213288
-2.1810424
-1.5242692
1.9968624
1.4044875
4.0083437
-1.4923135
-0.40793067
0.04044441
-0.3535916
0.7245524
-2.6828876
-0.38586152
1.8636231
-0.9468568
2.218874
2.3352785
2.8757353
-0.15470812
-3.2229977
3.39176
2.4399595
1.1421379
-0.16646335
-2.740602
-1.2352512
0.22084865
1.0286673
1.4254137
0.26880336
-1.0957756
0.8850324
2.673067
-0.7947134
-4.269035
0.3998646
-0.19250116
-0.5798189
1.3872843
1.1225213
2.6419394
2.035967
0.77399313
-3.190043
-0.2833062
2.5158198
-2.7964075
0.3903136
0.9935639
0.56152964
-0.26327115
-2.231196
2.0526826
-1.6785077
2.3218951
1.2497481
3.128132
-2.247055
1.0049282
1.3664013
-2.411485
-1.2894173
-0.23812446
-3.386021
-2.4768374
0.5668934
-2.6525378
1.9437085
-1.1044892
1.011929
0.7618187
-0.39215666
-1.5747757
-0.15414177
-0.47941807
0.40406883
0.0051714815
-1.3223649
-2.8129873
-2.487297
-3.3268058
0.26125443
-0.64496386
1.7561698
0.36949956
-0.30886936
0.37650546
-1.6042137
-0.70273125
-1.2188901
-1.6095892
-0.10007287
0.6788749
1.244533
-0.275801
0.93108857
0.9563152
-0.43327755
-0.13843898
0.8691824
0.38695762
1.3408364
0.94889873
1.5188237
-2.8844337
1.2531728
-0.8922335
0.58822656
-1.7415057
1.199205
-0.112865694
-0.8095586
0.15402523
-1.0241996
-2.8808742
3.8741255
0.22634397
-0.6669138
0.30213982
-5.1146774
-0.64382267
0.3640663
-3.9098976
3.0441377
2.3149233
-0.24910071
0.3779927
0.341987
-2.2859583
3.5205176
-1.8135183
-0.034076855
0.5975293
-1.0379581
-2.4253845
-0.3570039
1.9477544
2.4906304
-1.3440429
-1.0566376
0.9625033
0.23888023
-0.8011717
2.70758
1.1060959
-0.09389683
-3.598909
0.3716557
-3.2315629
-1.8333817
-0.6115823
-1.5001367
-0.0021408275
-1.4471364
-0.87915254
-0.7783906
2.0346708
-0.5303032
1.0103725
3.0308733
-0.47163442
-0.9502191
-1.6484722
-1.3152003
-1.9201461
-3.5807729
-5.515629
1.3018563
-1.1641182
-3.058969
0.8212135
-3.7041
1.6043688
-1.4855425
1.3112936
2.4026783
-1.0051876
-0.02404534
-3.9393675
0.28260928
0.027145274
1.3502146
0.6974058
3.0052483
2.7265275
2.5656881
-0.4530872
2.1579573
-0.22399428
0.24294731
-3.86434
-1.504263
0.24727315
0.20247088
1.6355683
0.6604022
0.90215915
0.11126599
-2.231037
2.710178
0.42210492
2.6308088
-0.48703283
-1.750476
0.3609695
1.0080303
-1.1224786
-0.65090495
-2.2355704
0.75631267
-2.621744
3.2857301
-0.45420963
2.7352407
-0.49716437
-0.43358567
0.020229094
1.5999831
0.8031114
1.1724274
-2.3590417
0.40099657
-2.2078335
-2.7718434
1.6311136
-0.73345244
-0.31995785
0.36579323
-0.72681767
3.2850792
3.1683044
-1.9870569
-0.10978255
-5.0645795
2.9345706
-1.9306191
0.014320128
-0.77197015
0.05854441
-0.74769443
-2.674713
1.3091967
0.6528207
0.4382883
0.7430215
-0.9380413
1.1245683
-1.5474452
0.08623032
0.8986989
-2.0833068
-3.531825
-1.817208
1.4159073
0.25895733
1.4209931
2.2023215
0.8569611
-2.1094804
1.5139093
1.5609425
-0.9400732
0.23230161
-1.7525083
-0.60285515
0.537978
1.4904467
-4.9380946
-1.1669639
1.663702
-1.1344788
-2.8219411
-0.6516102
0.05351496
-3.3176315
2.8838222
-1.2235725
2.0573761
0.57128876
-0.7148482
-0.88399816
-0.30478966
-0.82539636
-1.8106779
0.53293127
0.4622517
1.1955694
-1.6447595
-0.40815133
-1.5474577
5.4047494
1.8866761
1.0976871
-0.3862462
2.5398805
0.7335728
1.969571
2.2349508
0.62030786
-0.3684818
-0.89868146
2.7589092
2.6847289
-0.65615726
1.6439317
0.2735004
1.0642458
-2.0166936
-3.0327325
-0.20620531
-1.0235046
-4.3085155
-1.6689113
2.0320687
0.53414196
-1.3979076
-0.65279555
-0.196029
-0.7811503
-0.9816239
-3.6111379
1.477353
-1.952256
1.5906593
2.4309556
1.458457
0.50466937
-1.5087284
-1.5631409
1.7112808
1.1517682
1.8075603
0.8602916
0.77291596
0.5808356
0.9857144
1.5575106
3.4146438
-3.608602
0.5932848
-0.45571142
-2.6768641
-0.90169233
-0.2291511
-3.7708044
-3.310669
4.752427
1.0879596
0.86686987
0.11851742
1.9254401
-1.8587973
1.6411015
1.1827321
-3.5131755
1.6238413
0.35868123
-1.2083229
2.0783775
2.4963622
-1.4215059
2.2175784
1.3047956
1.0802844
0.76612806
-0.6039542
-1.2043751
2.735418
-0.34971842
3.4391613
0.36211783
-2.8657308
-3.2790596
2.197711
0.8469953
-4.8711076
0.78067017
0.88694465
0.80064124
0.1559524
1.6944741
-1.185048
-3.9903758
0.43026567
2.4604344
-1.867594
-0.3648263
0.21738392
2.3783133
0.9998062
-0.30321524
-0.05040735
-0.5668403
0.16280311
-0.15755263
-3.142985
-0.01208625
0.36705688
-1.3913325
0.37884453
1.7050927
-1.2228363
1.1554197
2.3097334
-1.1096723
2.2235792
-1.4057819
-2.6220348
-0.0065147206
-2.4137578
3.2547302
1.452728
-0.64188725
-0.3061014
-0.7265216
0.47611406
-1.968142
-2.1478052
-0.72543335
1.8371352
1.1963127
-0.4779501
1.8177502
-0.40645838
-2.126375
2.2713008
2.429495
0.38547373
1.2156323
1.3473331
0.42300302
-1.4567024
0.7624977
-1.5944674
-3.2961168
0.20407878
-0.84690964
-0.12720644
-0.31801903
-0.9565172
-2.401362
-0.65129375
-4.959729
2.037969
-0.67919195
-3.7935758
-3.8947296
-1.8063157
0.51367307
0.8272846
0.8883302
0.30082226
0.08455221
-3.0302403
0.5601521
-1.6765944
4.036315
-0.534304
-2.4245584
-4.297207
-0.8706557
2.4020467
-2.8901987
-1.3533561
-0.11004508
3.0407887
-1.2969832
-0.3692216
-0.062808774
-3.249743
-0.030405417
-1.3665493
0.9780757
-0.83581245
0.83661026
0.6449345
-1.917242
-0.9287462
-1.5042046
3.836245
0.64603597
-0.9864943
0.34449312
0.81800497
-1.755734
1.103034
-1.3122814
-0.029526442
-0.72558475
-1.7237453
1.7267095
0.74446476
-1.2102568
1.2642704
4.3302617
-2.4053986
-1.3432834
-0.08021675
-0.65607035
1.0737021
-1.7820156
0.26236036
1.423901
-4.488632
1.310064
0.2715246
-0.66741586
0.69806916
1.8966969
1.774414
-2.9394493
-1.1621109
0.18392155
-1.7645246
4.4330425
2.6398218
-0.14462194
1.3800272
-0.9711709
-3.1479776
2.6762176
-1.876705
-2.7347274
2.313046
1.0203806
-0.41230577
2.2974265
1.4038923
-0.81702924
1.4910022
-2.4518795
2.187533
-1.1632645
1.7860888
-1.7447498
-2.2592747
-1.4447955
-3.8445065
-4.0902967
0.06107527
3.6246765
-0.63324326
4.4121556
0.116561286
-4.8922863
2.3133266
-1.500428
0.7907231
-2.1374898
1.5523616
-1.4133693
-0.64890283
0.36742398
4.1840134
0.15172315
2.3641303
-1.8610799
-0.19773614
2.633207
1.4504726
-0.5033457
1.7850353
1.5471005
1.3742385
1.5730286
1.7492626
-4.269723
-0.24246383
1.3166219
-2.2895563
-1.3499664
-1.0396669
0.71056473
3.0346143
0.63791555
1.0520962
2.687332
1.6184067
2.8322883
5.178994
0.9128994
2.5359619
-0.7835746
-0.35002363
1.8938795
-0.48210922
3.535
0.26115426
0.30608588
-1.2845142
-0.7911156
-0.07545895
-3.4466248
0.8060988
-0.3339491
-3.205864
0.8278096
-1.088187
-3.7454064
-0.35404414
-4.481196
-1.7827319
-1.7555723
-2.6835682
0.98444206
-1.5989014
-1.2142129
-1.5608659
0.8125616
-0.3435654
-0.40413246
-0.2958457
0.6599841
3.8799193
1.7017767
2.1738346
-2.9014175
0.42664048
-0.4780804
-0.930833
-0.14735587
0.21418586
-0.4953217
-0.6376261
2.471047
3.0446768
-1.6655524
-1.5213699
-4.686218
-0.21385153
-3.8688715
3.4720976
2.2604718
1.537105
1.1687967
0.77308035
1.8529824
-4.1939306
-1.4865704
-2.1442587
-0.19223857
-1.637859
1.9425672
0.56356674
2.7010565
0.5636867
-1.7112715
-3.3415008
3.4298847
-5.196139
-0.31173307
1.2307937
-0.28655893
3.628299
3.9608276
-2.042803
1.5719953
0.9379986
-3.0824234
-0.78417546
3.1962345
3.3248684
3.997818
1.9255736
-2.4279993
0.7197512
-1.5655847
1.3057333
-1.0363523
-0.01907219
-0.5916246
3.267125
-1.8322403
2.076402
1.404582
-0.5084019
2.4020326
-4.2846417
-1.1573862
0.4925903
-1.1070968
-0.3895023
0.89521617
-0.7632352
1.863887
-2.985785
3.0214539
-0.47462243
2.841549
-0.07654726
-2.0036724
-0.9046947
0.02060067
-0.14507152
-2.317888
-4.004297
0.41689378
2.3813424
-1.3195909
0.642302
-2.2320926
0.50461596
-2.1804848
-0.37892547
1.195019
0.8137384
-1.966934
1.7352915
-0.18153733
0.47993445
0.46427518
-2.4944305
2.6193535
1.5021077
-1.1491776
-0.13631299
-3.2343118
-0.3870708
0.21236105
-1.1609857
0.10543295
-0.24442014
-2.3938193
1.6587094
1.4608791
0.99534726
1.5486063
1.2543662
0.055937096
-2.4358861
1.5939364
1.0859818
-2.3528242
0.33215976
-1.5558248
-2.844646
-2.6121776
-0.63548684
-0.75054896
0.03239838
-1.1786569
-2.9151633
2.4202347
-0.38494435
1.6350302
-0.37268278
-0.8391475
-0.24974388
0.33849293
1.8327181
0.85020405
6.4391375
0.3082278
-1.6042786
1.7632444
0.78354603
1.2945454
3.1957371
-1.8006705
2.0362463
-0.46924433
0.8931791
-0.8596606
2.5143654
-1.1801997
2.6869833
-1.0318316
0.004983306
3.437675
0.5810145
1.9924669
-1.6487824
-0.7603432
1.4032326
0.54873496
-3.5018966
-0.17981282
-0.7119479
1.8291808
0.3293263
0.02903641
-4.4892178
-0.7430647
-0.081280045
-2.8044446
0.6156927
0.070633054
0.2762184
-1.5314248
-0.57475287
-1.4659781
2.167963
1.1956596
-1.3368585
1.3734324
-1.5753758
0.0649428
-0.46332526
1.5491164
0.90165937
-1.6746644
-0.05005216
0.31879386
-1.0483758
-0.55650973
-2.749353
1.8837124
-2.6373572
-4.9256496
-3.5913844
1.1384715
-1.2862735
0.46071094
-0.41133323
2.2137136
-1.1929284
-2.3685389
-0.42151535
3.6698263
-0.46158773
0.0689208
0.948206
-0.8656379
4.7266355
-0.5448945
-0.032276478
-1.5197053
0.16829622
-0.24771202
-3.300813
-2.222019
0.09753826
2.6808617
2.1427197
-0.5982823
-0.771644
-1.6214113
3.4495444
0.8941906
-0.7596789
3.235079
1.3317251
2.2432883
2.8486097
-3.5450873
0.075465925
0.740115
-2.5593374
-1.9127299
-0.78769165
-0.3522806
-0.9832477
-0.0042376257
0.432615
-0.4662462
-0.7696205
-0.12903993
-0.8259117
-2.691824
-0.67973274
1.1388389
-0.015646856
1.1220673
-0.8199183
-0.7456568
2.3944824
1.1255656
2.1072237
0.81561375
-1.6774608
-1.4582809
1.3485632
-0.9103181
0.06502681
0.87932575
2.3229952
1.6463562
0.02168512
0.04400167
2.009243
-0.61858565
-2.5243556
0.5816556
2.1429005
3.1240158
6.622218
1.1974152
1.6417493
-0.993647
2.3357437
1.4485118
-1.0274234
-1.2145064
-0.27588624
5.97077
-2.3012004
2.608887
-0.3991275
-1.0926312
-1.2754427
-0.4806123
-1.8077344
1.3201383
2.219793
-1.1594782
-1.5347756
-1.5644932
2.200815
-0.9443751
2.9172714
-0.39060372
1.3318152
-2.2340899
-0.66054046
0.33637977
1.0380155
0.69211286
-2.878295
2.015018
0.3022359
-2.5269287
-4.022746
1.7431803
2.477045
-1.5157796
0.4922825
-0.21514416
1.1290723
-0.484897
0.46582037
-1.7060207
-0.8095126
-0.051941305
1.2208188
1.1731998
0.7215144
1.3584299
0.46079135
0.9226082
-2.6312625
1.1797359
-1.340512
-2.034375
-1.3984722
1.6126701
0.06888848
0.025572527
0.99773324
1.3770815
-1.6510447
2.1966345
2.9044528
-2.933198
-2.5771713
-0.75101155
-0.32881206
-0.6126251
-1.7220638
-1.5980144
0.15352622
0.2604262
0.26819465
-0.44048154
-0.002162449
3.4979584
-1.6826367
-1.058195
-0.701868
-1.266068
-1.8206017
3.6378713
0.92657685
-2.084576
1.768601
-0.99362373
-1.0618625
-0.45168343
-1.1860267
-2.0473573
-2.141267
3.9170406
3.8962622
-1.0075715
2.615185
-0.71927613
0.23476273
-0.68535405
-0.53599775
0.33175796
2.378369
-3.2841036
2.7345963
1.534549
1.5140617
-2.3366385
-2.3607523
-0.2523103
4.099296
2.710406
3.6447768
-2.9875388
-0.25690487
-0.30842835
0.23801228
0.9083518
3.3177097
-1.0214138
-0.52081037
0.82772106
0.96482235
2.445976
-1.7912762
1.1046004
1.098308
-2.823757
-1.4733654
2.8493342
1.2700189
-2.7868953
-0.2711199
-4.9715343
0.11366262
-0.7833285
-2.7911189
-0.5324704
3.197324
-1.2612078
-3.9089072
0.5779895
-0.7585421
0.19480202
0.36583307
1.7377224
-1.5229923
0.37003806
1.3510852
1.1858635
0.2603834
-0.5731534
5.241515
1.0025619
-0.3723241
0.42008877
0.38403252
1.6033772
-4.5377383
1.3458447
1.9433773
2.092793
1.6207211
-0.007982627
1.1738462
0.5188887
2.2698674
1.0415667
-0.30802587
-1.6526387
-0.098364316
-3.6062531
0.7662511
0.2814287
1.6454377
1.6481851
1.3327662
2.002153
-0.6275184
-2.2117488
-1.2493672
-0.3311133
-4.945382
0.8313147
0.104493394
-4.0352488
0.08849498
-2.1198103
-0.09334812
0.2039095
-0.2895713
-0.28067264
-2.8723207
-1.0729554
3.6659205
-1.6105816
-1.151017
0.8251587
3.0575948
1.9969909
-1.0679955
-0.46015847
1.4039118
0.22152269
-0.11447301
5.174777
3.043829
0.60049915
-0.55360126
-0.30228058
2.2074783
-4.237455
-0.63304585
-2.0882583
-0.7333314
0.34876716
-0.57035565
1.980235
-1.8801954
1.0590876
-0.43653268
3.2073627
0.25486588
-0.983572
3.1786497
-1.332862
-1.1558989
-2.019332
1.3937578
-0.13689959
-1.6794999
-2.3095722
1.5691124
1.4881134
-2.785607
-3.0680785
-2.5635858
0.43475726
1.0507026
1.6316578
2.402798
1.7619852
0.0791053
0.37257284
1.740181
-3.562964
-0.22930065
-2.9678664
1.1842637
-3.5893564
0.5835335
-1.8736713
-2.9617462
-1.4727376
-3.7569344
0.3018742
-2.0909457
-1.4200717
-1.6666026
0.7559117
0.65349525
-0.20817307
-1.0624187
0.5034747
4.877935
2.5569053
0.710372
-0.59369224
0.64007455
3.0179098
-0.11695621
-0.5630798
-1.1298724
3.9262185
-1.3975458
0.57912457
1.8450431
1.6601624
-0.13513136
-0.24139708
0.64773375
-0.20544472
2.587589
-0.10749414
-0.18594438
-2.2716928
0.080971226
-0.6259036
-0.3565407
3.3507745
2.3370755
-0.11300462
-2.6043115
0.65663564
-1.8199534
-2.6706905
0.39290243
1.5187548
0.18124676
6.049836
-0.3065927
1.3532284
4.066227
1.6006088
-3.5423813
2.7865868
-0.939262
1.692196
-0.24161702
-1.4559554
-0.5510864
1.2744598
-0.09824688
-1.032507
3.431883
1.7352239
1.5912454
2.5688832
0.7769705
-3.6810343
4.256252
1.0836471
1.0158267
0.3814627
-1.0603976
-0.97603977
-1.4212999
-3.325765
-0.14316908
1.453456
0.81505096
-0.669529
0.44708055
-0.40129927
-2.0337822
-0.17070958
4.4672728
-2.0228662
1.2356814
-0.41265783
2.6684859
0.47182256
-1.5260898
-1.860304
4.589295
3.6221662
1.713538
-0.7797219
-0.7388886
2.7877128
0.7088266
-1.2174948
2.4895406
-2.1575227
-0.32378227
-0.3353934
-0.07439641
0.74721926
-0.22978735
1.265995
-0.44102645
-0.8070576
-0.010686219
-1.7390786
-0.44066772
-0.55780303
-2.5319622
4.913092
-0.49268407
2.3817143
-2.1942112
1.9321047
-1.3018162
-2.160712
-0.040785894
-1.951843
-4.1432843
0.5785304
2.7082436
-0.08653436
-1.4239287
0.69142103
-3.6337972
0.35866785
0.9505602
-1.719326
1.2037907
-1.924365
-1.9113737
-0.15012346
-0.43369085
-0.35720035
1.7545434
1.1089107
-4.855339
-0.12044655
1.6133949
0.01369527
-1.0324054
-0.2831385
-0.22508326
-0.60571516
1.3991503
-2.5036867
-0.3216339
-1.5987346
-0.923514
-1.5135114
-0.4877481
-2.6908975
0.0027441606
2.007919
-2.3277473
0.026376165
0.018919915
1.0305231
0.75876635
-2.8525212
-1.2942488
1.2164313
0.36193156
0.30391988
1.6141858
3.7250605
-0.8374948
1.1245401
0.37524065
0.7767063
0.0015471987
1.2887254
1.4917932
-3.2839515
1.8890074
1.3278108
2.2375896
2.7168398
-1.0503389
0.060206212
1.1022065
3.6364968
0.4398813
-0.6502861
0.6150454
-0.0063196197
-0.65587
-1.531541
-4.001738
-0.053450882
4.25408
-2.0807443
0.60694087
1.0443763
0.5144959
-0.8731523
4.205424
0.10486848
-2.5478942
-0.31766248
-2.4997709
-1.282198
0.05350054
-1.6846671
-0.98760885
1.5966965
3.2276852
0.44831318
-3.8075764
-1.3433316
-0.13812165
-0.59682107
-0.74357873
-1.4897953
0.4620548
-2.0198069
-1.4826248
-2.6526208
1.530492
2.7619734
-1.88258
-3.7300553
-1.9499723
0.4664624
1.0408205
-0.3945869
-1.708338
-2.3229113
3.7462184
-0.8185966
-4.150146
-1.0974042
1.1076242
1.2750494
-0.99950546
1.6817337
-1.473059
-2.4537058
-0.41386405
-0.25808468
2.339933
-0.28232247
-4.3798876
0.5928123
2.6350384
-0.32848775
-3.8094413
0.59887826
-2.0559886
-1.8519748
-0.35817334
1.402307
-0.5430833
2.6533172
0.8558605
-1.9008614
-2.2769296
-0.61957103
0.78767926
2.4798858
1.9865751
3.953665
-0.77497697
3.1256855
-3.1014657
1.9460425
-1.9963137
0.9813643
-0.33052024
-0.5874289
-0.52513576
0.37412703
-1.0495927
0.36460623
0.06303141
0.40478906
-0.09192822
-0.82416403
-0.13323738
-1.6431718
-2.7906148
2.2359657
-3.3819718
-3.4071133
2.6907792
0.44705334
0.32337728
1.7895312
-1.3558125
-0.09699122
0.41846767
-1.8424708
1.8363124
-0.458849
1.3178757
0.7899207
-0.027194966
1.4396678
-2.3719335
-2.2371242
-1.073616
-0.6785136
0.3171302
3.2454665
-4.005407
-1.5941672
0.21167633
3.0311532
2.4263384
2.4793122
-2.95684
0.94411415
0.5716818
-2.1817284
-0.18441081
0.7281664
-1.2073994
-2.5469546
-5.3074856
2.6168191
-0.8899817
0.91462123
0.55605835
2.0331807
-0.9119195
1.3539768
-3.6027632
-1.8824027
-1.5790088
0.14996049
2.8802567
4.2560353
-0.9409121
-2.587325
-0.86743414
0.590652
-2.2596009
-1.7644637
-2.005966
-1.6862586
-1.5381864
-1.5913538
-1.7120948
1.1439648
-0.9991443
1.6247398
-0.4513263
0.79919195
0.6720838
-1.5904928
2.099465
-0.13753673
-1.1455427
0.6540152
-0.21691838
-0.32014167
0.15844166
1.5529075
-1.4240565
-0.8706486
5.266254
-1.1092643
-3.0411208
2.248431
1.9497545
-0.13693628
3.4196491
2.2627923
-0.099156864
-3.2451432
-0.3018523
-1.1622084
-2.9675128
-0.3299961
-0.68879443
0.4409883
-3.89991
0.34143853
-1.5418725
-1.0864058
-0.76788634
-1.2134886
-1.1977621
0.6115259
0.14989668
-1.1443168
0.3044062
-4.180217
0.9048914
-1.0209633
-0.3179387
1.1478179
-3.1133895
-2.5016246
-1.8017546
-0.55443007
0.49845064
-2.318512
1.1211096
0.3535521
-0.017279968
1.3606886
2.4322348
1.5205364
2.3945649
0.3348404
0.3968253
-1.2238644
-1.6602597
1.8627476
-1.9001347
-3.1058729
1.4343084
1.2387923
2.6784828
-1.4246204
-3.1292467
-0.33996427
1.2596294
-1.3328961
2.9097502
0.91191673
0.8034839
-1.7975339
0.31631744
-1.9977984
0.5206507
0.14936337
-1.4848884
1.8045849
-0.1801643
0.3700701
1.9041424
0.3043544
1.5621443
1.1692529
-4.323095
0.11375126
-1.0599625
-0.49676782
-4.062829
1.6843523
1.2048597
-0.12988585
1.0818915
-0.9660945
1.0151827
0.0072139427
0.65077794
3.4293365
0.9851132
-0.35671085
-1.6659148
-0.1611053
1.3793617
0.05204171
2.8134575
-0.2475888
3.2095366
-0.7054196
-0.20804065
0.58573663
-3.0685658
1.3500266
1.4005153
0.72651273
-1.7875707
1.9833277
-3.2606564
1.2839509
2.8272355
-4.762317
0.6108404
0.5599819
-1.4300961
5.248921
-1.4803867
-0.10634769
-3.562767
0.7735501
-4.216505
0.17921424
1.5164106
-0.316466
-1.4391565
-0.39356318
1.0252376
-2.536803
0.25499177
2.4807124
0.78780144
0.9356572
2.7944279
0.76786214
0.6442804
0.6605682
-1.6361157
-0.8720812
1.6319404
0.05047524
1.8520138
2.3160608
-4.6104326
-1.5508728
-2.4943979
0.25908685
-1.3876172
3.208911
-0.05331073
1.1923636
-0.5359392
-0.4613434
-2.7149706
-0.22215834
-0.42334348
-1.2121367
-0.6417721
-1.7892505
-2.054807
-3.025112
0.23145582
0.11577092
-0.36425695
-0.967952
-0.522407
0.24197629
1.507223
-0.2434749
2.5539892
-1.0179925
-0.59252316
-0.29946628
0.4597435
-2.7107668
2.8510559
1.9194483
-1.1437738
-1.0612411
1.729985
-3.1616225
0.8007203
-1.2485777
3.0013304
-1.2552658
0.4018016
-2.4389756
-1.3756635
-1.3493202
2.046572
-2.0346231
1.2264993
-0.8126413
0.17617038
-1.50016
-0.6957253
-1.1777451
-1.0830506
-0.88114053
-0.16641858
-3.1621096
-0.58486557
1.0925612
3.0168235
0.7754875
-2.9605513
1.7160702
-3.3732774
1.0208073
-2.6202123
2.2010658
-0.72778547
2.732823
-1.0513808
-3.6539824
1.359417
-3.6628723
-2.2264605
-2.5727546
3.660881
2.6669855
0.5192535
-1.6424239
-1.6988999
-1.6771342
-0.56478655
2.020053
-1.7394634
-1.1432672
-0.9590613
-1.3734182
-6.069116
0.3953858
0.41139385
-1.0070169
-0.631468
-1.4093221
-1.274613
-0.5604124
-0.3140344
1.0391066
0.62548745
1.8978095
0.35095167
-0.6047699
-0.37529567
2.2757556
-0.2875763
0.3835461
-0.8028129
0.62974644
-1.470528
-0.25555927
2.1769614
-0.51571935
0.16367406
0.6190313
1.2309093
-1.2545084
-0.034902178
3.071841
2.942938
-2.2480104
0.9689639
-1.2091821
-2.0008962
-2.5387394
-0.53986526
0.42887494
2.3721259
-2.179164
3.5366971
0.07585226
2.2111533
0.99067944
0.8341164
-3.1953511
-1.3474711
-3.8802087
-1.62912
4.041875
-1.5910995
-0.6069056
-1.8304694
0.84153396
0.20326312
-0.8279366
0.2736033
-0.73552525
0.7289906
0.46811837
0.18516438
0.43616867
0.0015207976
-0.5601095
-0.8609176
1.2496839
-0.8379535
0.8482012
-0.08364903
-1.578913
-0.8547173
1.7197003
-1.5364952
1.3010216
-0.81046754
3.041507
-1.9121027
1.5641563
0.3210968
1.4201794
0.8225504
2.1692
-1.1028008
1.2158555
0.040040404
-0.7718943
0.014928333
-1.5171577
-0.09404523
-0.050132073
1.8998832
-0.5202344
0.5184338
-2.6078439
-3.6336727
-3.8612328
-0.9716072
0.2818731
-4.495601
-0.29300267
0.97566116
-1.1391307
0.6407761
-0.40343997
-0.20667964
3.1989572
-1.4028898
-0.27740178
1.5330106
0.8202651
3.5252066
2.6658645
0.39448023
1.2367337
1.0576613
-1.0283111
-0.45292693
0.96712714
0.9477346
-0.9299691
1.6121488
1.8631567
-1.8406303
0.0994583
1.2836597
-3.2182722
-1.8415582
0.6124459
-1.924476
0.61156046
-0.85643774
-0.43193233
2.218572
1.0988842
6.587811
-1.7425908
-0.5451258
1.4192709
3.9619415
0.07034988
-1.4926618
-1.625135
-1.4583343
1.3271341
-1.2485582
1.3821967
0.22960393
1.1558925
-0.17745742
-2.6349063
-0.416117
2.9078078
0.92970365
-3.881897
-1.5079169
1.5210793
-0.6380962
-0.45896798
-1.8824358
1.8027076
2.3918319
-0.333373
2.394646
1.3153996
1.637487
0.6281782
1.9231398
-2.8286972
-0.93807787
2.1285374
-0.7725782
0.16991183
0.52894706
-1.2370758
1.485954
3.1802666
-0.7778834
-2.1967962
-1.6097128
-4.425321
-0.42268157
1.4985737
0.58818126
-0.8525818
-1.6100428
1.734478
1.1497197
2.6282344
2.6800523
0.8160993
-3.1458821
3.007689
0.971531
2.785207
-0.9672599
-0.7505255
-2.11879
6.476367
3.0991473
-1.031252
-1.8159636
3.3684995
0.3007804
-0.8874209
1.029821
1.0045884
0.44737536
1.7072612
0.7841073
1.6955796
1.5697203
-3.2331915
1.5138162
0.15840456
3.241078
-1.8604976
0.3184961
2.3424108
0.69659805
-2.417299
-3.007036
-0.8972976
-2.476427
2.8772254
0.987608
2.7728035
-2.17612
-0.49164265
-3.151627
-0.5975496
1.9423076
-1.6454283
-0.73949766
-2.6923375
-2.112615
-1.4084759
-2.0956993
0.45972013
-0.69553465
5.5466757
1.6473581
1.8506004
0.4799744
2.7292051
0.16140062
2.9171007
3.862884
2.4897878
-0.67246395
-0.8679769
2.363476
-3.454109
-1.2240596
-0.7552048
-1.9911683
-0.25803593
-1.1478511
-1.2465641
-1.6331496
0.63929796
3.9205952
0.9342381
-3.5451734
0.529518
2.9225876
2.527236
-1.0682529
-0.7198652
0.75544554
0.8452875
-1.2025465
1.9033189
0.08657487
0.7857806
0.5610536
1.88987
1.7211881
1.3700585
2.243192
0.596245
1.8626292
-2.8095188
0.8365399
1.634236
2.527084
-0.5211986
-0.6954528
0.45779335
-0.22930187
3.4149165
-0.03000556
-0.28920496
-0.4415957
-1.0900021
0.108441725
0.9508093
2.2725213
-0.48832357
-3.1227577
-0.364202
1.0128988
1.0880631
1.2440023
-2.482661
1.0260797
1.8238885
1.299556
1.567092
-1.1407934
-3.5153835
-1.2879863
0.4190086
5.7985096
0.95807445
-0.25872326
-0.52353346
1.3457044
3.5397875
-0.64852756
1.6711606
-3.1873448
0.82016325
1.554259
1.0018092
-0.7917484
-0.72782433
3.4704683
2.4202423
-1.990816
-0.7171935
-0.35292616
1.428475
-2.2693691
0.51172405
0.6048885
-0.7669801
-1.1109413
2.634536
-0.48959985
-1.4657005
-2.4165447
-1.4792577
1.1499017
0.4627877
-0.106373295
1.1729034
2.467041
2.3308027
-1.8581178
4.270975
-1.1978909
0.515277
2.042692
2.8571575
-1.1779194
-3.4450045
-3.623198
2.8181484
3.0007687
1.1330916
-1.1301847
-1.1165013
-1.4587188
1.3710825
0.42496926
-4.5238276
0.10305202
0.3597495
-1.4387393
0.96069366
-1.9447123
-2.8283463
1.2491313
-1.7239752
0.19040763
0.25178015
1.0245478
0.5831127
1.7952161
-2.4115665
-0.94245076
-2.8766232
-0.8561428
-1.2237794
1.06243
1.8934166
1.0815843
-1.2014942
1.3447495
1.6559678
0.3408634
0.9703609
3.64118
0.28868535
2.4982634
-2.5065336
1.8063262
0.1850299
-3.469003
-0.000311248
0.3289355
-0.7602463
1.7794881
-0.100918956
-1.426267
1.278899
2.267385
0.23908038
0.63640815
-2.805199
2.3854084
-1.8677595
0.6465938
1.3459657
2.1705241
-0.50251526
-4.022913
0.33773553
2.1306145
-2.4140613
-1.7516894
4.955252
1.3431925
-2.634436
-0.57030755
-1.3323958
-1.6174902
-4.2256804
0.45879942
2.4262269
0.5944322
0.638517
-2.0081701
-2.121421
0.50544304
0.88397336
-0.9468793
-1.1770055
-0.7774938
-3.7098863
2.0252087
-0.09719883
-1.8627006
-1.7674885
2.4957497
1.4893773
-1.0479536
-0.59179604
-0.7887817
0.4312469
2.6822393
-1.7236114
-0.4796967
2.9614336
0.66677475
-2.696623
0.033414654
-0.27722484
1.2795024
-0.21818599
-0.21695614
-0.98580563
-2.9965756
1.0889986
2.2973254
-0.72232467
-1.0483551
-1.6267613
-4.5937767
0.21198094
-2.3645082
-0.2317721
2.749381
-1.3052703
-0.7623158
1.7808882
-3.9652998
-0.13912469
-0.769217
2.7061486
0.95268077
-0.12573986
0.13057816
-4.5136747
-1.3692824
-1.9007132
0.642892
0.7991338
0.1231717
-0.18124449
-2.160613
-3.7034802
-2.4586635
-0.52690655
-1.8998047
2.1109066
2.9050665
-0.4371786
-0.18585569
1.3671433
-1.1146071
3.2906501
1.3522996
-1.0322208
0.7049783
-2.5347884
1.7271628
-1.5098536
1.8305595
-0.14994234
0.02308559
-0.34795254
-0.22614202
1.2967137
0.56083906
-0.9122591
-2.3013701
1.0156366
-0.18708289
1.9299679
2.70259
2.2025733
-0.6962127
-1.6193856
-1.4419302
-0.50477606
-1.4527537
-0.19222623
-1.0235318
1.2759253
1.2941
-1.3163157
4.0798426
1.2206087
-2.473864
-0.09206022
-1.1026819
0.65036815
-0.07926608
0.45293576
0.77734476
-0.6275403
-1.4152607
-3.1944156
-1.0306051
2.276509
-2.1034393
0.009588912
1.2095382
1.5398121
-0.7383168
-0.41209006
-2.0708606
0.06208542
-1.6361378
0.74237335
0.05999317
-0.5107651
2.2854974
-2.47802
-1.0478171
-2.548213
-0.14098457
2.5622537
0.96730113
0.2582037
0.96752495
3.6230834
-1.4622681
-1.6360687
1.7007039
-1.4098581
-0.9385968
0.8769207
3.573492
0.099883266
0.08649065
-1.0176376
2.422372
-1.0019628
2.1336331
-1.7491211
-0.42153794
-0.8371584
-0.58307326
2.9437635
-0.5236749
3.7221127
-2.3835611
1.0435293
1.8359153
0.3589014
-1.3114694
-2.3527327
-2.048846
2.6641955
-0.31468338
-1.4409097
-1.0456283
-3.3955197
-0.414131
-1.4475791
0.9231552
2.38273
0.85214466
0.6313154
-0.17768562
2.106132
3.793322
0.18747813
-0.18509077
3.609925
-1.0842912
-2.6806314
4.4880095
2.354668
0.07139475
3.4759874
-0.61574364
-1.0778408
1.9456819
0.13829792
0.16714862
1.871824
0.24780461
-0.91166496
-0.6205861
-0.019769132
-0.2462456
-1.4361714
-0.032370403
0.42353314
-0.5507592
1.117233
2.037861
-0.75046724
-1.1623572
-2.0521462
-2.316539
-0.19858828
1.0487666
1.2718004
0.53126985
1.5267851
-2.8453584
4.7706084
-0.05913747
-0.5052419
-0.30372903
0.55959594
-0.44858548
1.5378128
-4.976726
-0.7345742
2.3017051
-0.48948705
-1.4956971
-0.22092095
0.2599855
-2.0365162
0.6840773
5.355717
2.9500766
1.8723066
-2.3579495
-1.50768
2.901529
0.13916615
0.37895197
-1.4231013
-1.2621742
-0.7119796
2.66509
0.7300681
-0.047911067
0.4415993
0.6927217
1.803966
-2.1626217
2.7441611
-1.0040424
-1.6066624
1.1806266
-1.1960926
-0.20482908
0.13263327
0.79878455
1.2057605
2.3226306
-2.4473772
0.97650987
2.0393736
-1.7468005
-1.0405606
-1.1373391
-0.48761234
-0.3095186
-1.1320152
0.5112577
1.3693497
-1.4714962
1.6429907
1.8644724
-0.3233018
-1.7191414
0.6784948
0.9415966
-3.9220376
-1.9585232
-0.33248124
0.2855192
-0.6100935
0.22748277
-4.4882708
-1.6762217
2.6862504
-1.4232452
-1.845567
2.9302914
-0.26866898
-1.032957
-0.63145465
-1.0382283
0.3980967
-2.2662551
-0.021952912
4.8641143
-1.0614206
0.28029895
-1.1131757
2.3894534
0.63371205
1.6649898
-1.3936821
-0.77589387
0.88795656
1.9907724
0.13058613
0.3332721
1.597205
0.16169974
2.0386965
-0.29611585
1.5765688
-0.60667545
1.117029
0.8110668
1.6883361
1.0043006
1.5609947
-0.059797682
0.25538754
0.4236502
1.7388848
-1.9341055
-2.1530263
-3.2113576
-2.090992
2.1625729
-0.68184435
1.1437575
2.6397374
-0.6166226
-1.8562257
1.4037374
-0.955481
3.7057915
-2.42799
-3.2952697
-1.4357505
-3.7631361
0.7238185
1.2973052
1.8177441
-1.5504138
2.6380243
-1.4222628
0.76002985
-0.77338254
1.1096646
-0.33416197
0.6631675
-1.5323547
2.5975153
0.32068038
-3.0249178
-0.2772631
0.40373325
1.6936173
1.6397326
0.70443416
-0.66962737
0.27598527
-4.187927
1.087344
1.285599
-1.0193776
-0.4215824
2.5506876
-0.47241363
0.85406196
-2.7423882
-1.409608
-0.20721501
0.18010607
0.58367485
-0.81538534
-1.4850855
1.770876
1.5296216
1.4421705
2.0039253
-2.8806694
1.550025
2.4039137
-2.3128166
1.9283233
-1.1942105
-1.1769773
0.35297257
-4.6982684
0.59801894
-1.8454987
-0.9207821
2.9070349
1.547005
1.2285078
0.3424918
-1.1592531
1.8528187
3.641054
-0.9654701
0.7346579
2.1641986
-0.42927188
-3.201332
1.6115305
-1.3392977
1.2876219
2.8474536
0.8356099
1.5584882
-0.70955837
-2.2276661
2.7338398
-1.0062709
-1.2486968
4.06273
-5.471311
1.2430724
-1.6002641
1.2944907
-4.5132685
-4.433157
0.61855567
-0.50901526
-2.487066
1.0424105
-4.2408614
-0.13304791
0.5933083
-3.888896
4.2972617
-2.1982558
2.2229779
2.0968852
-0.55320835
1.8526045
-2.8497014
0.43360975
-4.477341
-3.8959618
-3.528529
2.7545743
-1.0802226
3.1005514
0.9370278
2.8196785
1.7359376
0.36503267
-2.4127166
1.9839685
-2.3495474
-1.6451459
0.30116802
-0.93364865
1.2062591
2.3079894
-2.2419183
-0.26250044
-0.7497479
1.8174006
-1.5756308
0.07979924
1.7467375
0.8096061
1.197298
2.4950743
-0.14528173
1.5040773
-0.5434202
1.0606724
2.0240915
-0.3906838
0.535779
0.49248868
-2.3493032
-1.6551111
1.6229011
-1.7869811
-1.2293907
-1.3618674
0.7200935
2.5388546
-6.202074
-3.3763266
0.934597
-1.2874589
1.8312953
-0.8689496
1.6249722
0.35487363
-0.81227446
-1.6515583
-0.9734583
2.4231665
0.1507916
1.8232524
0.2682975
6.0908937
-2.5870943
-0.3161928
-0.5725911
-0.5669644
-0.12285935
2.328166
1.2232428
-2.9755645
1.1417131
2.0783195
-2.27684
0.20240323
-3.4799986
-1.3998579
0.06511935
-3.120422
1.3828169
0.6731062
-1.5216954
3.3669434
0.8677602
0.2186212
-1.6278734
1.9706007
1.4000095
0.45600048
1.7778627
1.0759865
-3.7659576
-0.82787484
-0.6383985
-4.3544707
2.1716213
0.5722679
-5.211979
0.15805893
-0.9779773
-3.144886
-2.3098273
0.017215759
-1.2842261
-2.0432663
2.713339
1.02005
-1.2123177
1.672835
1.7181323
0.76719433
2.0508032
0.9734599
-1.9185051
-1.5674973
-1.0789423
-0.2750559
-3.0974371
2.052056
-0.40201432
-0.2556242
-0.5049958
2.60353
2.0945537
1.1326905
2.3076565
1.0644752
-1.9791304
-0.3403569
1.5279952
0.88355935
-0.80358124
3.54411
-0.26371306
4.4490056
4.3281145
3.8343418
-0.036210313
-2.80881
0.10558543
0.23764044
-0.6877162
-2.6508403
1.9652146
-1.0373461
3.5213428
-0.60720193
0.86522347
1.5594773
-0.6471007
1.2088735
1.0604368
1.5092891
-0.6430666
-0.6500825
1.0805324
2.7044709
-3.4531555
-0.16646937
-2.53846
-0.8370215
0.6004807
-1.3502626
3.3338528
0.029137902
-0.7925278
0.18525341
-2.7466946
0.7423023
-1.5369264
-0.4090749
1.8125615
1.7130022
-1.3019202
0.103763014
2.292716
-0.24408159
0.64430344
-1.2408079
0.44719824
0.867047
1.0852432
0.023668446
0.038909018
1.7618159
2.0436678
-2.7459722
0.15325776
-1.5499367
2.016585
-4.3018165
-2.397866
-1.2377803
0.040721603
1.3684332
0.6486839
0.6331626
-1.2423633
-0.27990168
3.1690986
-0.5902872
1.7453872
0.2899547
-0.7352256
2.2103086
-0.039165217
-3.2015407
-0.05736562
-3.3902967
0.2185741
-1.4846785
-2.9550579
1.962299
4.3882003
-0.2776484
0.19823898
1.2689674
0.09818135
2.885159
-0.49930656
-0.44950753
2.005351
-0.46324155
-0.67551243
-2.484255
-3.50412
-2.7263944
3.2752357
2.3554444
-3.8345435
-1.2761072
0.9413906
-1.4219544
-3.085392
0.15545103
-2.2709322
-3.626423
1.6585045
-0.76373166
-2.6697729
-0.09269093
4.3108892
-0.67650527
-2.068454
0.72546184
1.4892856
0.52297205
0.30294913
0.45496178
3.186696
-1.4071704
0.11627199
-2.511954
2.6990376
0.17861795
0.33128607
0.4159642
1.9282756
-0.06917039
-4.5431466
1.1330578
0.23156641
0.10479163
-1.5333316
-0.2821801
2.8910444
0.83934563
-0.710551
-5.1303134
-0.39813387
-0.50304466
-0.23602307
0.27314463
2.5130582
-0.5708857
0.20834346
-2.288147
0.15803273
0.5100789
1.3617048
-0.53587407
-1.6863761
2.5048187
0.37242812
-0.3746553
-0.6949965
-3.212475
-1.2533011
-1.0376767
-0.760756
2.502662
2.5780053
1.3860368
0.17989355
0.7331871
1.4404768
0.42268825
1.3160821
1.6453663
-0.20830326
2.534027
0.5400645
-0.8035586
-3.472927
-1.7775153
-0.11042729
-0.3976209
-0.81930834
-3.34058
-2.02994
-0.12884
1.2345537
0.7948678
-5.291094
0.6367593
1.6020055
-1.0654123
-1.9769092
-1.0261458
0.81597304
0.6838091
-0.045124367
1.7498397
2.452018
-0.030980706
-0.58460164
-0.7684108
-3.5485208
-1.5969938
0.7636247
-1.4220768
-0.70818466
-3.334618
0.8073833
0.5765308
-2.0217826
-2.3702657
1.8118339
-2.878686
-1.8215572
2.029186
-2.9375544
-2.813606
-1.9986475
1.4234195
-1.7706243
1.4137486
-0.7534777
-1.282732
1.5698465
1.6549278
0.30106127
-2.7224774
-0.77112305
-2.2454417
1.4640182
-0.19784012
-1.1958773
-0.74492645
2.4791493
1.8233985
2.2138577
-3.9194129
1.7291452
-0.70770437
-3.551227
1.6568382
3.5709155
-0.3088135
0.30907315
-2.126339
-0.4826554
1.3417207
-2.7396147
-1.2265052
1.1838049
-0.08922441
-2.0018032
0.5112116
-0.2583682
3.0524223
2.2442179
-2.3170493
2.105056
0.22351062
-0.2252407
1.1927234
3.2641015
-1.1181788
-0.5666071
1.2173448
-0.2811873
4.896465
-0.8500078
3.0356746
-2.239651
-2.3804836
-3.179406
0.84919226
0.44061378
-4.2560697
-1.8891474
-1.3054317
-0.9173316
-1.1157016
1.363978
-3.2533095
0.00007403642
-3.1607435
-1.1749457
-0.40079772
2.7959082
1.2613794
3.0046802
0.17137903
4.5142083
-0.80041677
-1.2363347
0.7365455
4.2209845
1.828994
-0.5591935
0.7361768
4.7222624
-1.7669659
0.02270566
0.10343502
0.13613702
1.9195418
-0.22365257
-1.3928511
-0.23374116
-1.4381173
-0.20828217
6.032849
0.6706688
-1.8677158
1.1687092
-2.6139433
-1.8417705
2.7584708
0.29481784
1.2077787
0.31992128
0.3800568
0.71088356
1.093003
-0.42865634
2.3624232
0.34366965
0.023605734
4.427974
0.1275113
-1.1515983
-0.47833923
-2.5288613
1.4552552
4.847335
-2.9003074
2.1565654
-0.8358003
-0.4110026
-0.9775015
-1.1877118
1.3155432
-1.7675198
0.21730117
0.7363102
-1.1126523
-1.6279328
1.0858158
0.809012
-1.6371702
3.1017215
2.1635244
1.7073026
-1.9499418
1.4982885
1.6269642
1.4342936
-0.78379196
-3.2664971
2.1717727
4.0682354
-0.05455225
0.86144626
-2.1028485
-1.0937749
-2.4395027
2.060329
1.9558572
1.422362
3.0853915
1.9651823
1.4879732
-2.0397003
1.454428
3.6779132
-2.4548178
-2.340722
0.70259076
5.0128098
2.4884732
-2.65919
0.2933706
-0.9258781
-0.7990936
-0.51587087
-0.7619861
-1.9906303
-1.7550036
-2.702321
-1.0442033
-0.16460049
2.1978755
-3.7017019
-2.7196815
-4.3926616
1.7791806
2.4586396
1.1335918
2.895155
1.8643978
2.0001938
-1.573874
0.2608703
-0.78768736
-0.089776345
0.40915644
-1.3721765
2.418447
0.79811305
1.5531126
1.5183569
-0.08340913
-3.1198711
-1.7420986
-0.11093279
-0.9635466
0.81030434
-0.38247827
1.7046628
-1.4662038
-1.0167912
-0.13318492
1.4183477
2.5831614
3.5270073
-1.7265245
-0.9579367
-0.43538618
-0.28116375
-0.31423983
3.4153092
-1.2082522
-1.1889887
5.2708335
5.0190926
0.27260783
-1.4508357
3.3292115
0.3639655
2.465903
-2.827839
-0.369212
1.550304
0.8627901
0.20117295
-0.7256942
2.6151907
1.7587132
-0.9521761
-2.2797747
-3.222795
-0.08677067
-2.6272535
-0.44671947
-1.660145
-1.4569111
-2.275438
-1.5154723
-0.37942922
1.1137297
0.0663574
1.459011
4.0735846
1.8428344
-0.9083775
-1.8111665
-0.62905097
-1.620925
-1.0120746
-1.0194076
-1.5409245
-0.3113534
1.9558202
-0.12158785
0.31484517
-0.87944484
0.89162505
-2.811505
-1.4168952
1.1541523
1.5161184
-0.814653
-0.4297225
1.8947407
-1.9324598
-0.70775783
-2.3771865
-0.465361
-2.8483582
-1.0959096
-1.2968804
-1.7193466
2.1014965
-4.0662394
0.8981625
-3.2671547
-0.7350205
0.19169046
2.4628704
-4.1928163
-3.2358356
1.7582209
-3.5314782
0.64517003
-0.70685184
-4.8494
-1.7132177
0.12715101
2.241485
0.42970896
-0.3049421
-0.92128843
-1.4876121
-0.020556808
0.1949043
-1.3030115
2.4858897
-1.101868
1.2854022
-2.2610013
0.8607733
-0.5369087
0.8950274
-0.8420651
-6.079731
0.9671469
0.9291957
1.1550399
-1.1588552
0.91024387
-0.4942167
-0.96482825
-0.62137157
1.0243129
1.0167317
0.28370312
-0.5612191
0.51106507
-2.6978421
2.0087023
0.81662285
2.5887055
2.1075265
-0.8355879
-0.46687546
2.214499
-1.7521486
-1.2501152
0.098864704
-3.5410802
2.1724977
-2.4738252
1.6258729
0.419746
0.7098426
1.2531115
-4.4560947
0.9720204
-1.543326
0.54352784
1.6497567
-1.3530773
2.35028
2.5089731
0.8733221
2.585033
-0.05968047
-2.7808137
2.1509314
0.79655993
-0.32421172
-0.19760343
-2.9434073
-1.3190345
0.17150952
0.17630474
1.8166362
1.0315331
3.9658794
0.4768621
0.98739487
1.9510118
-3.7443974
-2.7299042
1.9475944
1.0354456
-2.5477777
-1.7557273
0.37648633
-1.8471469
-0.27459985
-1.4796827
-0.6034544
-2.3651032
-1.7633536
0.6206612
-5.177726
0.86409116
0.4572532
-2.5715947
0.7306203
1.4338671
5.584979
0.18589744
-2.1715617
-3.719397
-2.828975
-1.9566162
-3.891393
-2.287831
2.5259893
-3.8311384
-2.8016877
1.1321672
2.437412
-0.45824024
-2.1551046
3.4439118
-0.28541237
1.7697552
-3.485728
-0.83517945
1.3481939
0.33382726
-0.3186965
-3.4395304
2.7402303
1.8988675
-1.4048467
2.450083
-2.2195847
-2.018585
-0.52471244
1.8152167
1.1366601
-1.4367537
-1.9308046
-1.8434076
3.2698107
1.771946
-1.0816623
-1.4868408
1.911877
0.5894953
-2.9748902
2.7466106
-0.8805116
1.1816984
-2.5435588
-0.18748581
-3.7651265
0.5560564
-0.62791395
-1.4678376
-1.0937064
-0.1770812
1.2497764
-0.59205097
2.1434631
0.9431042
-0.3444348
-1.1061876
1.0111536
-0.25829566
1.8994417
2.1267445
-0.9864169
-1.8679975
1.9033672
2.3776956
1.4248674
-1.817162
2.312607
3.1957068
0.01573275
2.1860194
-2.140434
-0.28572485
-2.4190502
2.487538
1.6743926
-4.6959414
1.6219419
4.299708
0.61275864
-1.4698844
0.9257734
-2.3071527
2.381018
-0.025888741
-1.7908273
-0.7007043
-1.3375598
-2.8318706
1.5940306
-1.0008998
0.6020649
0.40279317
3.3436394
-0.9548589
0.8340983
1.5392648
-0.047672406
1.1042011
1.8626517
-0.780098
-0.8166471
2.275051
-1.1979835
-1.2227949
-0.006987922
0.7109126
-0.29225755
-2.3933105
-0.46539676
-0.6768639
1.5228004
-4.3495145
1.1366426
0.34020746
-1.3980796
2.8453288
0.9099545
1.932095
-1.6176006
-0.24288008
-0.63153285
-0.09563723
-0.76468414
0.8712421
-1.1844269
2.0162144
0.6567533
-2.248085
2.2350695
-0.09849719
2.7279894
2.3382168
0.09402353
0.09355198
-1.1870114
-0.8935199
1.8414174
2.4233491
0.2243205
1.85855
-0.47149163
0.89197594
0.5766609
-0.5197447
-0.71742326
-3.3107243
-0.49756867
3.0165231
2.7538664
-2.10021
0.08121883
0.5685237
-3.0149548
-3.6975179
0.19992396
-0.25126457
1.258854
-2.746333
-1.552518
3.177213
-0.55134207
-0.20399928
2.0523987
-1.5897679
-0.6281326
1.899613
-0.95364577
0.36262167
0.5580251
0.3023407
-4.022042
-0.7039516
-0.22219148
-1.2782376
3.0502715
2.6959934
0.10222639
-1.4056152
1.2874411
0.18727157
1.7302455
3.1199074
-0.5329323
-1.0625081
2.2540183
-0.9602231
0.32434526
3.7170439
-1.2437198
-0.9407673
-2.5619128
1.5649642
0.93439233
-3.681972
-0.5715467
-0.33084947
0.82902026
0.8463741
-2.0053172
-0.79867965
-0.5809161
-1.9651402
2.6279583
1.2825627
3.329207
-1.9768957
-0.9633049
1.2224947
-0.70672226
1.4829923
-0.45094073
-4.011404
-1.1782039
0.013428658
-2.829734
2.2689807
1.8513241
0.918611
1.816164
3.4719176
-0.3395167
0.3521405
2.7657375
-1.1162484
-2.1767647
-0.7430872
0.4645855
0.5817825
1.6024296
-0.18199162
1.0037544
-4.1739006
-2.7935162
-0.37532973
-1.5462725
0.4268335
-0.61422956
5.3479247
3.7039447
0.7832367
1.9353055
-2.740557
-1.1192017
0.5567282
2.4112825
-0.17126653
1.3054506
2.023625
-1.5982378
1.7341855
0.028908022
-2.7034733
1.1754988
-3.8003266
2.3457541
-1.4423448
-0.88801914
-0.10045851
-0.160716
0.42815477
1.4643769
-0.92673963
0.18227477
2.0011213
2.0493443
0.9491951
0.44878572
-1.0123944
1.4939028
-1.8073586
2.0503402
-0.9659651
-1.2424229
-0.7311791
-0.003445372
-2.0824304
-1.8217973
0.7515107
-1.9276243
1.3973988
-2.5500543
0.92411685
0.8874958
0.43677357
-3.0532982
3.2134678
-0.7408022
-3.6308484
-0.5223197
-0.1803383
3.4646034
-0.6942628
-1.9041616
-0.20882803
-2.2304704
-1.6872257
0.9011771
-3.4949675
1.487869
-0.22536358
-1.3569698
0.5710162
-0.5225621
3.0374916
-0.61825687
-1.4142277
-0.15145549
-0.32889813
-0.14027183
1.1072276
-2.4839578
0.41743034
-3.201038
-2.0132143
-1.0208925
3.731097
0.20902792
-3.1862829
-1.0563911
2.2387815
1.5498294
-3.6217813
-1.2038114
-0.34015185
1.4431378
2.579805
0.6710516
0.67607385
0.763278
1.7735282
0.068342194
-3.4157474
-0.25588414
1.0473208
-1.2707559
-0.57704145
2.8650079
1.69088
1.4423916
-0.26489693
0.57424587
0.60687983
0.7133112
-3.9606764
-4.281229
-1.7908943
1.1331369
-1.4817715
0.310165
-0.21109942
-2.3097796
-0.9888867
5.4168615
0.2489757
-1.3732879
3.3737328
1.7557627
-0.19956061
3.9810655
0.23140934
-2.9983685
-0.4283132
-0.6416231
2.8511977
1.6383265
3.595819
-2.3220491
0.10757181
-0.2709638
-0.46212965
-1.6554439
2.331026
0.15018123
-1.8936346
2.9479628
-0.21920395
-1.0536568
1.1775551
-0.8426212
-0.5705302
-1.2824411
-3.3498347
-1.7534604
-3.3252313
1.6877896
-1.1537824
3.332091
-1.3465374
2.0240211
-0.565527
0.8256525
1.0388118
0.30204138
-0.8631377
-2.3554516
0.13470393
-0.34534198
2.360342
1.0071892
0.71288526
0.49812412
-3.5924158
-3.251566
2.8545742
-0.41096687
-0.16038293
-0.9548402
-0.5540347
-5.317003
-2.6244428
-0.93871236
-3.618768
-0.6132738
-1.4203048
1.7233809
-1.44977
-1.1378454
1.6656514
5.6588078
1.049135
0.4735921
-1.745981
0.816119
0.27456662
2.3993912
0.76708144
-0.121525384
0.090630785
-1.9808705
-1.7305514
-1.8050095
0.17447826
1.0524855
-0.69653076
1.3066974
-0.19929367
-0.7805394
0.9479394
-2.3767538
2.3650088
-0.25842628
2.1087294
2.171058
-4.7271304
2.3331888
0.8461351
0.020625621
1.5452601
-0.18499449
-0.93952936
-0.89073837
0.91587436
-0.38122255
-1.915657
-1.0784589
1.8287868
2.2673864
1.8098911
0.016813017
-1.2626522
2.8719778
-0.527937
-2.1455097
4.2593136
5.851614
-2.347424
2.3282192
5.1350317
0.5685921
2.6520832
0.9476453
-1.2036598
-2.1454942
-4.129484
2.0086713
-0.88089484
-1.1484187
0.41615826
-0.082915306
-1.8428717
-0.9241122
2.5747025
-2.300217
-0.40540704
2.1572206
2.9224358
-1.7471817
0.5281114
-1.0918105
-0.028507233
0.5457556
2.501938
0.72911406
1.319225
-0.45667374
1.0701828
-2.822987
3.0222366
-1.9911262
-2.3036675
1.156634
-2.3996367
0.05953282
-1.4738151
-3.0501237
-1.2982603
-0.4360095
-0.45741814
0.19523442
3.0647898
-2.7945392
0.24817237
-0.12741831
0.36300355
2.2011783
-0.07437233
-1.7642493
-0.8165991
-2.0875416
3.7574153
3.120771
-0.025968112
-1.6345295
-0.08828349
-1.1984289
-2.7739077
0.81939584
-0.5683966
1.7398946
0.15178597
0.3588717
2.3198466
1.743787
-2.3322182
-0.78057754
0.072962776
2.613831
2.749731
1.0783004
1.5733311
-0.6647293
-1.1977643
1.8921305
0.95572084
6.045486
-0.50673467
-0.25953826
1.2212992
1.990408
1.2932774
2.3882148
1.7538121
-2.2413087
1.8663425
-2.0214715
-0.0731951
-0.5014956
5.448332
-1.3751212
-0.9465878
1.1223503
-0.5305675
-2.2551851
0.5316143
-0.8462914
-3.4567013
-1.5389334
-2.4823318
3.2403834
0.25296962
0.09328714
-1.3612576
-0.800709
-0.9773203
0.88303524
-2.2207227
2.6038725
0.38529584
1.0999737
-0.14614983
-0.33289403
-0.93923867
-2.3774934
-1.3238555
-2.9925094
0.9144073
-0.5117318
2.5705142
1.4267163
1.8174583
-1.0267615
1.0087907
-0.45777348
-0.6279333
-0.772605
3.405326
-0.25979316
-3.852989
0.5567195
-2.8976994
0.008742932
-1.336197
1.4606769
3.837847
0.4587866
-2.3096948
-0.9843559
-0.41138878
0.09398588
-1.6501584
0.3726185
0.2943455
-1.0267664
-0.1288948
-3.2701836
0.20068806
4.801358
0.6978666
-0.54272395
-2.0717149
2.187162
1.4059082
0.8099434
-1.4190496
-1.4062253
-3.031769
-0.24441999
0.75427246
1.430688
-4.538909
-0.40434453
2.075685
2.71914
3.3729181
0.20281008
1.6098052
-2.0744214
3.921528
0.44138032
-1.8140613
-2.2489922
0.81671464
1.6520553
-1.8036183
1.1328405
-0.5197681
-2.0459151
-1.2365482
1.3954217
-1.1688143
-1.5842011
-1.3318422
0.91835165
0.8027578
2.3253374
0.5020456
2.5879989
-0.49680054
0.7743522
0.76342493
0.89537644
2.9431505
-2.3003979
1.0538133
-1.2865204
3.2131772
4.461521
1.0230979
1.0329292
-2.3601358
-2.0356715
0.52146375
-0.17476347
1.4004369
0.5069153
0.1031874
0.15966016
0.37053657
2.1184356
1.557691
1.5363191
-0.7450726
1.5582734
0.42774895
-1.2932904
-1.7508636
-1.4177132
1.4877527
-1.8350775
-0.93514574
-0.066468805
-3.7413945
-0.32620144
-0.093831494
0.11521414
-2.1145327
1.7189769
-1.4176286
0.6848714
-0.49495947
2.0163724
-0.9716064
1.8263915
3.137863
-1.2583426
0.79936206
0.014341615
4.444767
-1.085203
2.9094117
1.4080536
-1.3432829
-3.0112662
-2.22455
-1.8999876
0.029703557
4.299674
-0.45272726
0.41991416
4.3776584
0.7676205
-0.21073048
4.3188157
1.7905037
-1.3035705
0.9976936
-1.0719789
-0.68236697
0.6883733
0.29602525
0.92302287
-2.5823827
-2.4246433
-0.9190475
2.125174
-0.6597797
-0.18679501
1.3850901
-3.6326163
1.5135552
0.58581096
4.809837
3.805749
-1.6899569
0.9286676
-3.1666648
1.6801591
3.6976984
-0.52440757
-1.4884238
0.26662242
0.30007857
2.3117583
0.60619974
0.90180683
-0.7960509
0.1525144
0.7637711
1.5323025
-3.1450713
0.75386655
-0.35597548
3.4912472
-0.6917507
-2.297524
1.3172376
-2.4817164
-0.4467577
0.46741894
3.1049452
3.3692665
2.4565756
-1.4153429
0.4457583
-0.65319186
-2.3093672
-2.021681
0.23187256
1.9395299
1.614076
0.6295857
-1.6011596
-1.7427529
1.2442063
-2.8143778
1.155452
-0.7280002
-2.304434
1.101659
-1.4285349
4.8288455
-1.847496
1.309077
-1.0241613
-1.0415791
-1.1464542
2.7797475
3.6179092
-0.31472206
3.3152454
-2.891519
-1.8691497
2.4889941
2.180228
1.6780698
-4.6535153
-2.6276474
0.8312107
-0.7662118
-0.7388998
1.2809263
1.5623621
-0.90524983
-1.3297074
0.7087749
1.3368112
1.6615788
-0.65601665
1.8066806
1.5948639
3.2469583
-1.2304823
-2.0058682
3.1601892
-2.9696069
0.6057159
-0.31606245
0.53271365
0.5356368
1.7723681
2.296745
1.3656058
1.0265117
0.15753686
6.477635
-1.658325
1.9576675
-0.019843824
0.45725292
-1.1918063
-1.482926
-2.9931366
-1.4386241
-0.98059624
-0.82100713
1.4825244
-1.025727
0.23634739
-2.4790912
1.88208
2.5229056
-3.1177225
-3.7929165
2.1996927
1.1162523
-0.43771678
0.6784754
0.5256388
-0.65305334
-1.8101885
-0.2306976
0.964332
-1.5832165
4.138266
-0.7433104
-1.5720673
1.4158834
0.6235154
-2.2776704
-0.7108137
2.653526
1.2337413
-0.15248546
5.135859
0.99243325
1.6068814
-2.0924835
-1.0641589
0.41912103
-2.2920747
-0.8725441
1.1184324
-0.8869663
-1.1069578
0.22281703
-3.5839822
-2.4159095
-1.5143398
-3.9282591
-1.817633
-2.3010597
2.0215695
-1.9678594
-2.6687846
3.8328912
2.3443825
1.1279082
1.1781646
1.9994364
-3.9733558
2.6077852
1.2568455
2.1858196
0.028249003
1.7741675
0.18250114
-0.96742004
-1.773939
0.6711051
1.9039981
0.17375371
0.05801568
2.0566087
1.6803516
1.6685435
-1.9134319
-0.514925
-2.2363899
0.9794809
-4.1742005
-1.0109572
-1.7641323
-2.0993788
-3.930697
-0.82252276
-1.6522212
-1.0033697
-1.4348515
1.0902741
-1.1886209
0.46677735
4.394854
1.4288568
0.94199944
4.176688
0.020366222
2.162479
1.3886681
3.1058955
-0.23929709
-0.8286449
-0.645473
-0.80321103
-0.19982535
-0.91565734
1.2789782
-1.0196534
3.0760527
2.1129065
0.12679735
0.17323953
-0.19404463
-0.15220252
-0.74951655
3.0405087
-2.7034051
4.4774036
-0.41603437
0.81171334
2.7789524
0.58831847
-0.6032818
-2.8473213
3.598424
5.4625883
0.4734996
-1.1562709
-0.8022154
-0.975865
0.64183086
0.017641716
0.9234253
1.0445933
0.8836963
0.45229754
-1.3329142
0.60072964
0.47892824
0.65919983
3.8638825
-1.5858356
3.2130775
1.0147638
0.4584349
0.79655325
-1.7436168
0.16657054
-0.92909414
1.020627
0.73924196
-0.23052852
0.31502107
0.59517354
-3.0017717
-0.14170347
-2.0490274
0.97715694
-1.5396739
0.8228672
0.34993297
0.79771954
-3.6846206
4.8464313
0.5538448
0.83900595
0.09506388
-0.12001321
0.87235945
-0.49651745
-2.1858606
-1.4614339
-2.290866
-1.6421673
-0.72988415
-1.6510147
-0.5301408
-2.1504304
0.35173294
-5.0249968
0.1794478
4.0662236
1.626765
0.41099548
0.42548972
-4.3590903
0.3442962
0.3898992
5.1380186
-1.2566217
2.236269
0.1842691
-0.120686695
-1.076841
1.2134956
1.7288316
0.2808708
-0.15672112
0.78936017
0.9018246
-0.5397479
0.049239226
0.31710505
-0.65796816
0.5662383
0.053820863
0.5093414
0.85532653
-1.1035563
-0.84937185
-1.9006966
4.2515144
0.06275422
0.5285821
3.3002243
0.35997304
2.0977805
-0.6486021
0.4552496
-1.8138051
-2.9206762
0.43839726
-0.3665526
0.08531778
2.8130548
-2.4507408
-1.169532
0.42577067
1.4401196
0.1620723
1.0468769
-0.19699544
-1.5155315
5.5894213
-1.5658863
1.735394
1.1684248
-3.4769912
-3.1071644
0.48893648
-1.494833
2.2211337
-0.52192926
-0.88720053
-1.2855986
1.3279142
-1.2080724
-2.2924137
-3.504154
-4.2239695
0.0688775
-1.2114846
-2.223337
1.7206111
-0.49368283
0.74879336
0.20463827
-1.6378313
-0.5380118
3.4625099
-2.3082442
-0.21438435
-2.1109052
-0.16148958
-1.7464038
0.9383857
-1.0904783
0.935779
3.1376436
0.30125782
1.9707947
1.6074398
-4.1982017
-1.8228779
-3.1351724
1.6545048
2.1344252
1.8981991
-0.47650087
-2.0598347
-1.4690001
-1.1411296
-1.2674226
-3.6735008
0.42695588
-2.1216807
-3.542275
-0.021120839
-1.2770066
-0.8824142
1.5188463
-2.3128455
0.33142358
-0.6186087
-3.2964807
2.480205
3.6923487
-0.35346115
-2.1216753
-3.5818064
-2.8338919
2.05101
0.011734173
1.84978
-2.4035974
1.3838314
3.0904238
0.38109887
0.9393729
-1.3101209
0.7285641
-0.8888309
-2.8350732
0.45835534
-2.427142
-2.3990083
2.0155237
2.90982
-3.0777643
-1.6475511
-1.7173969
0.84619695
-1.7553749
0.8230353
-0.00698258
-3.6674418
-1.3405769
-1.0991595
0.021956854
-4.3500834
-1.6737084
-1.1475458
-0.96637744
3.0875604
2.8150022
2.0467176
0.04419387
-1.0430076
0.3696882
2.249538
-0.67808104
-2.6417954
1.7122712
1.4731708
0.1763092
1.8412485
0.49318343
1.3245039
-1.8545277
-3.8302765
1.109577
0.61775696
-0.13179141
1.4969542
0.30444407
2.1599834
-2.2427092
4.5662904
2.1432874
-1.2104292
-0.76721585
-1.3015862
-2.0627356
1.190792
-0.9432861
1.3014383
2.5995843
-0.74429387
2.055733
-0.8214751
3.1641173
1.4875035
-0.14505766
-2.7081838
1.4014372
-1.0203332
0.7860536
-4.04483
-1.5808148
0.2379044
0.5409468
-2.7953312
-0.37029773
2.713438
-1.7357804
-2.2669933
0.103322364
0.7702103
0.717304
3.619636
-1.1765639
-1.4991305
1.172499
-0.04243742
1.469122
-1.7451136
0.8558622
-0.9059003
-1.26746
-2.4070005
-0.17368782
-0.59277755
-2.5360072
2.042912
-2.0502374
0.06943541
-1.7168754
0.49168214
2.8391652
0.99171305
0.5980841
0.37489152
-1.4521172
1.3095144
1.4319026
1.2896247
1.1811821
1.7270172
-4.056009
1.1225934
0.9747138
0.25602335
3.4497762
0.52397126
-1.0931733
-4.3043613
0.53366584
3.6605136
-4.651075
-2.1741529
-0.3617712
-1.7366636
0.06888685
-1.878195
1.9081279
3.2256527
0.2175368
0.5761436
-0.17126401
0.9265995
-1.3758714
-1.7214167
1.2126704
-2.5427723
-0.33686912
-0.7004463
0.6246565
0.5358558
-0.00006071478
-1.1027856
-2.4805067
-1.2447019
-3.1320767
-1.4074539
2.52079
-0.47971827
-2.4906182
-0.6167623
1.8098257
-0.79645157
-0.8818696
1.2891775
-3.5563006
1.5523028
0.7762584
0.77468026
-2.1572561
-3.8632092
2.0793989
-2.0858095
0.83779323
-2.1791458
4.7473145
2.7824054
1.8761547
1.684852
1.0586354
1.6044148
1.3832784
-0.79040587
0.012775674
-0.33462766
-2.51966
-4.4451203
0.28279513
-1.2539867
-0.5005372
3.8149574
-2.4413354
-0.0023070797
3.342613
-1.2892156
-0.33083344
-1.9373024
-0.5355754
1.5518868
0.8229313
-1.5750481
-1.5344937
0.70205575
0.45143107
1.649691
4.120372
-0.04346095
-0.737228
-4.373127
-2.6602569
1.6386724
-0.8376203
-1.6268917
1.2681525
-0.50711465
2.9210532
1.4146912
1.3961947
-2.9123878
0.24105561
-0.27717403
-2.795157
1.1401323
1.1959994
-0.8945046
1.3254817
-1.0109907
0.5616145
-2.4576337
-0.47538874
-0.37365118
-3.0737185
0.3933387
-0.68523943
-0.66176736
-0.08804104
-0.13910097
-0.8395177
-2.317098
1.9753473
-0.3722452
-3.0702085
3.1332932
-4.270656
-2.8782554
-3.2571168
0.59359527
0.23934531
0.30530515
2.6988487
3.0328596
-1.9127043
-1.0886083
-0.72540677
-0.11765391
1.1669091
-1.7735934
0.15300372
1.5551428
1.5795404
-0.0433971
1.0580862
0.09004453
-1.8105786
-0.067031
-0.54365826
1.3185765
-1.4254246
3.05151
1.4263663
-0.41604078
2.7230709
-0.6165769
-0.050921403
-1.1733707
-0.027781054
-0.6048137
-0.5615292
-0.40066433
-2.429937
1.2469742
1.6976255
1.5899552
1.57634
-1.7628767
2.0224679
0.052524954
0.7508925
-0.92885387
0.82416826
-1.1650547
-2.428311
2.0379488
2.7675877
-2.2944129
0.2799829
1.2178057
-1.5756655
-2.7427518
-0.51313376
3.267923
-1.8948256
2.2955823
-2.223495
-2.1859417
-1.4056934
-0.85848165
1.2884406
1.6320105
1.8730412
-0.18173075
-2.427475
1.6006101
1.482343
-3.8384445
-0.8630002
3.0466936
2.4790814
-0.7579596
-1.3532882
2.9169755
0.00426279
2.7867894
-1.6374316
3.7059228
3.1363916
-0.7094505
0.7141194
-0.81612086
-1.7131371
4.2767477
-1.0711721
1.5583735
-3.1093755
-2.09227
-1.5427043
0.77514684
-0.63680756
-0.45133966
-0.71800727
-1.0839525
0.08019614
0.6460748
-1.601943
1.3849784
-1.5154274
0.7171015
3.5555694
1.6231804
1.8266494
-0.6738595
-0.72892654
-1.4250013
-0.6857977
-0.2522654
0.041731454
1.2089307
-0.71856266
0.60271347
-0.21377042
0.52213323
1.9914743
2.3877268
1.7662072
0.24487597
-1.2783308
-1.1727465
1.026299
-3.2508225
2.471705
3.2260618
2.2752619
-0.34165707
2.4885132
0.22542086
-3.9203758
1.1599368
-2.7371888
4.773096
-1.3699116
-1.7173747
3.283646
0.3105983
0.2848605
1.0422156
0.39095318
-0.75166714
-0.8835242
0.8224798
2.829291
-0.11726481
1.3253068
-2.644291
1.7713556
-0.22550279
-2.9818773
3.462964
2.2109344
-2.78165
1.737704
-0.6882225
0.9863244
3.850476
2.775455
1.6948673
2.1038291
-0.27684826
-1.316302
0.34580603
1.9025668
0.42945123
-3.515852
0.9468231
-0.110272095
-0.24791151
1.8791026
1.2473545
1.7648112
0.8792634
-1.841534
-1.7673341
2.175748
1.6870795
2.7457993
1.0962875
1.8123206
0.6729172
-1.4510341
-1.0640092
-0.31844348
3.762249
1.2809033
0.62021697
-1.5216898
-2.2503464
2.4033198
0.1781537
-3.416054
-2.3267014
-3.4977982
4.5397987
3.7126462
0.62130594
-0.09728028
2.7996235
-2.0035748
4.197415
-1.210282
-1.9310082
-1.0321375
0.75520647
-1.8425634
3.1353078
4.1247654
1.394819
3.6478014
1.2044003
1.8125426
0.7302661
-1.4279575
-0.93094707
-2.8062737
0.8649428
0.093558535
2.3379226
-2.760936
2.0427961
3.0418615
-1.255939
-3.8350015
0.52053034
-0.95751184
2.1127264
0.8254386
-2.4631684
-0.6912517
-0.08340699
-1.5157413
0.47575307
-1.3687471
1.2943131
-1.1015004
2.5318534
1.2059532
0.30415517
1.4994922
-0.5994106
1.0385407
-1.0398388
0.6788331
0.041105926
-2.2680676
1.7907138