Spasa
0
-0.994176
-3.3402143
-0.6035575
-2.8032832
-2.1327946
-2.27755
1.7001482
3.0720654
1.1805487
-0.19077322
-0.31581956
-0.0008453354
-0.2656207
-0.6698553
-0.13063374
2.1837897
0.90380454
1.7626296
-0.88904905
-2.5997453
1.240356
0.6311135
-0.79089236
0.48130828
1.5202999
1.3498775
-1.9840736
0.27236468
1.0208442
0.5809588
0.19182622
-0.35082054
1.7315456
0.29944682
3.4912791
-0.261447
2.5748763
-0.81025296
-0.5092755
-1.5717082
-2.4787743
-1.0841373
0.6027594
2.0337632
-3.1421242
-0.6635829
0.71881676
1.169243
2.321467
1.0767536
1.9518067
-2.1672716
-2.3113117
1.2838417
0.7767537
-0.013747908
1.2286401
0.08045952
0.11607465
-1.0704204
2.7076166
-2.5437882
1.488963
-1.0322104
-1.2647501
3.1206129
-3.6232169
2.4303744
-2.6037881
-2.0754776
0.3990687
0.29174048
-0.64963734
0.76992655
-3.6953447
0.481757
2.3627574
1.0963587
-0.39289287
3.81463
-2.1237936
-3.5631406
2.3680143
1.8108156
-1.7724407
0.88448936
1.6421099
-3.1992311
1.5780398
-1.4190506
-1.1169646
-0.5813795
-0.62905264
0.35289425
-1.3350918
-2.2609377
-5.633841
2.026697
-2.8160517
-0.48639575
0.4226874
0.30156934
-2.0882285
-1.053826
-3.2200658
0.35503435
-1.3593593
2.4540033
1.8320407
3.1191144
2.510993
-0.9754088
-0.48638207
-0.6018898
-4.6477385
-1.2376146
-0.3457715
3.382683
2.0090506
2.3051023
1.1251665
-1.154076
1.646887
0.3649481
-0.407004
-1.2843771
0.7609989
4.7117095
-0.147625
0.99163353
0.060559236
1.5089192
0.92744404
0.024663337
2.6139503
-0.20285892
-1.8895757
0.9035107
0.14960219
-1.457363
1.2590504
1.7472655
0.3650356
0.6150744
0.8667742
-0.103352495
-0.8824941
0.71704924
-3.6494668
-3.143371
-4.642908
-0.03420354
-0.44010362
0.32243598
-1.9770293
1.1083847
-0.70173967
0.9896084
4.863188
-0.59758174
-0.31530684
-1.6066018
-2.981186
0.44112462
-2.344523
2.5729308
-0.9579192
0.53335917
-2.179614
-0.36271495
-2.7508798
3.2424564
-1.5631167
-4.533363
1.6869202
-1.8924887
1.7682991
1.3361564
-1.105145
0.1541949
0.5782369
1.4098289
1.6558508
-0.6218748
0.37601095
0.446631
1.4203376
-5.820116
1.2094544
-0.64253646
-2.5256157
-1.8764564
-0.2090098
4.991369
-1.3643721
-0.46649486
-0.88180524
-0.26423734
-0.96485525
-0.4673267
-0.820233
-0.006641887
4.9020863
-0.8087558
0.6898233
1.6197331
-3.3991506
-1.3246728
-1.3266697
1.7866809
-3.336492
-2.3665805
-1.4739779
0.6848531
-2.769018
1.16835
-1.6607604
-1.2598584
-1.3174213
0.22858456
-2.973906
-2.5794232
-0.9218698
1.6732643
3.2745917
-1.9772773
2.6207318
-0.58595926
1.3121736
-3.5637348
-1.6653104
2.7347872
1.4870764
-3.1666238
2.0332873
2.2920675
1.1279166
0.044904146
0.5635524
-0.97586274
-0.8246409
1.5431727
-3.6258917
-0.5878611
-2.7157345
4.938586
2.9802265
1.3959266
1.3982087
1.8289509
0.50878274
1.0896633
-0.45377466
-0.9385686
2.5066779
-0.5189467
-1.7678052
2.3296528
-0.8098046
-3.6287467
-2.066179
1.235661
1.9569006
1.1477994
3.0332375
-1.8237584
-1.2845807
-1.8898965
-0.2008136
2.7684097
-0.28223312
-0.23877087
4.539477
1.3309758
1.384698
4.6065445
-0.015486695
-0.38302153
0.2297125
2.8782804
-6.744966
-3.115095
-1.6775267
3.0212173
-2.108713
-0.9336737
-0.3594392
-0.15169355
0.24394093
1.5062168
-0.48111606
-0.47783592
1.4518313
-0.16719857
1.2934027
0.99616635
-0.9581395
3.3129263
2.7786586
2.230049
1.7598414
3.5585506
-0.41532874
2.7808526
-0.34413588
1.6171805
1.0310978
-1.3263067
-2.497706
0.41031042
1.2925072
-0.9771781
2.7710261
2.396119
3.754363
-1.6636742
1.1141275
-0.2899088
1.9619658
3.4079137
0.8283944
-0.29751074
-0.079240225
0.7494328
2.6697135
-1.316907
3.5931919
2.1675847
-1.6789339
-0.44245836
0.5011256
1.2074281
0.5104819
-0.35938412
0.86660886
0.24337208
0.65624243
-0.25176135
-1.4446931
-0.9662188
3.8970811
2.6538815
-0.3427974
0.047441814
-5.0443883
1.4435776
1.0136105
3.7434516
0.555903
1.6581471
-2.9721487
-1.2542186
-1.6755466
-0.9830706
-0.015881717
2.4155834
-2.8187075
1.1223196
-0.9201766
-1.2614962
-1.897583
2.0035756
-0.4665907
2.4040785
1.0116662
-1.7883259
1.7165647
-2.6585996
1.4056833
1.4930103
2.337776
0.030013517
2.1497037
1.9155728
2.7729213
-1.7541744
1.0375412
0.78584313
-1.4184989
2.5914419
-0.8940302
-0.40911746
2.5851362
1.3216261
0.85650253
2.0390384
-0.9346891
-0.07530175
2.0622165
1.073356
0.49531096
-0.12953085
0.38493136
-0.114991195
0.3315503
1.756675
-1.7572502
2.1185563
-0.7112182
-2.501944
-0.72969246
1.764345
-2.3625035
-0.1372442
-0.1091805
-0.31574917
2.3657727
2.4262383
0.9339636
-1.6200733
1.9499401
-1.4594254
2.3100007
3.7175114
-0.09460102
0.7580863
0.41761255
4.128651
3.846653
-1.8341546
-0.19151247
-1.8272073
-1.3010335
2.4062736
2.940511
5.0998206
0.96642524
-0.38759103
3.5604475
-0.7569418
-1.3375349
-3.5137522
-0.23327473
0.48287717
-1.7017502
2.8461006
0.21929705
3.3206983
0.015045084
-1.9398074
-1.8014828
-1.4766128
-1.5719471
-0.52381504
-0.68867314
1.9554085
4.1667514
-2.1608741
-1.417958
0.32088423
1.235237
0.6805556
1.17223
-1.8740357
1.4856576
0.5703336
-1.6881152
2.0195136
-4.009464
-0.74198365
0.31781197
-1.0094107
0.628082
-0.46341142
-0.6621689
1.2203772
0.4927867
-1.2030696
1.1939167
1.2293987
1.9450089
-3.963231
1.0978807
-2.120408
-0.50094765
0.6414037
-2.5696635
0.5650127
-0.9711869
2.299641
-1.6583506
0.30948868
5.202284
-1.3671484
1.1989577
0.66595435
0.9197565
-0.83573854
1.5930572
0.3395356
0.46969756
4.4870195
1.4759065
-0.32423946
0.049395457
2.5788434
0.08971564
1.7365249
-1.7451934
-3.793466
0.49279457
1.6345584
-1.2452877
0.37265348
-0.36081007
1.8963226
-0.99460423
-0.6594187
2.1637213
-2.1012473
0.19512731
1.7205243
0.14428954
-2.6414895
-1.7849056
-0.19246802
-1.8877273
1.4251238
-0.2904768
0.10578661
-1.6462181
3.483765
-1.7058418
-2.4684246
0.24851958
3.3486693
0.7816642
1.1383141
1.9228772
-0.31930554
-2.091946
0.5968282
-1.1000614
-1.6792732
2.0765336
-0.93342537
-0.34838772
1.3502845
-1.4852502
-0.17504558
-2.411463
-3.354724
0.07630402
0.3748829
3.479378
-0.811699
2.2365508
-0.359538
0.047598846
1.9325092
-1.333049
-1.5234534
2.4900403
-2.6210022
1.1988503
0.027252868
-1.1662614
-0.24705017
0.80754566
-1.0896292
-2.099277
-2.4969296
0.26380748
1.2730693
-1.1934136
2.0597079
-2.1637518
1.9827373
-1.203327
-0.6591089
-3.4652407
-1.4243015
0.2847861
3.175568
4.008933
2.1952722
-0.2654515
-2.1811433
1.1668334
1.0764518
-2.1417985
3.1215775
-1.8896621
0.76782835
-0.7326208
-0.2215223
-1.360526
0.30423045
-0.041067928
4.4009457
-2.0044284
1.1338118
1.0025588
-2.7327263
-1.3308623
-0.1426582
1.4836024
2.7126906
-1.7967755
2.446142
-0.91506374
1.2437085
-2.6858702
2.0617385
0.3900378
2.2680342
2.8501053
4.133981
-1.866797
1.8149652
-1.8704885
2.1996853
-0.87154704
-0.19484514
0.01264818
1.2216737
1.9726766
-3.6900878
1.8672576
-0.12682924
-2.1886098
-1.7153786
3.2494884
0.7066796
1.648612
0.40749326
2.2195654
0.8998083
-0.5056817
-0.39591038
1.5894223
3.0045748
0.86063576
0.39667338
2.3430529
1.8827854
1.263661
-1.880069
-0.9621385
1.2854818
-0.3918407
2.0764852
0.3836508
-1.2724488
1.9446946
-0.0050073266
1.7471355
0.0041453764
2.1981554
3.2485993
1.1241837
0.90037984
-1.6869547
2.2313483
-3.0384383
2.634638
1.5248739
-1.1750337
-0.6999084
-0.15416054
-0.86577773
0.5958344
1.2382282
-5.626007
-2.173448
2.2801237
-1.2578287
1.5973332
-1.9906284
1.8949221
-1.880478
1.7297539
2.7155187
-0.2098591
0.96205986
0.43312073
0.24953651
-1.7400923
0.60957336
-1.0905125
5.459905
-0.35842898
4.295875
-0.75366277
1.2903907
1.7817013
-1.2342883
4.6689186
1.9471728
-0.97807133
1.9412984
-1.0708078
0.9614981
4.1979327
0.29674193
-4.1323123
-1.6320043
-1.7059457
-0.21557137
-0.17067811
-0.21941157
1.0426763
0.12340086
-1.819982
-3.000597
3.2632725
-1.0352483
2.9274323
-1.0706661
-1.5597359
2.4080396
0.015436735
-1.7283655
2.2158134
0.0013190731
1.7642716
-0.93249595
1.1403375
0.30857834
-2.244964
0.18678322
0.16889015
-0.14946496
1.5900307
1.1835083
-1.0731395
-1.6282991
-0.6846357
-1.1705178
-0.4017076
0.0028056353
0.54463875
-1.8185964
-2.6874921
2.495913
1.059231
-2.8685005
-2.85755
-1.1102548
-2.4261553
-1.484038
0.15947337
2.015676
-0.09032344
-0.7220192
0.7265785
2.3391483
3.6563125
0.8335008
-2.922376
2.0133278
2.0422208
1.7439563
-2.6912181
0.44788644
1.6261116
0.61499745
1.234439
0.7352741
1.0644186
-2.098346
0.084453434
2.836634
1.0536478
-5.6246753
3.7353234
1.7020705
0.4946381
0.50611
-1.1424155
-1.4681873
-2.1730525
-1.8868124
-4.708216
-0.20293844
0.51232946
0.38771722
-1.0352864
2.9694414
2.2880688
-0.13486317
-0.38925275
-1.2711623
-2.5028415
-2.3697672
3.2580986
-1.144668
2.5374985
0.61779374
-0.5015927
-0.6490922
-0.92110837
0.068216816
0.9859846
2.2983055
1.0492604
-0.79851896
0.25375822
0.46431106
-2.3856108
-1.5370326
-1.7221884
1.6519195
-1.5120847
-2.8770409
2.3722053
0.01650796
-0.11019047
0.5938697
-1.0016494
-1.6373372
0.45161837
-1.8515594
-1.3474134
-2.145981
-0.8522581
3.2799382
-0.25453624
-2.6293938
-2.9725773
-0.5308228
1.6271802
-1.209422
1.7603253
0.11421223
-2.4454806
1.5123501
-1.2353791
0.036209032
-1.7858907
2.4380896
0.46541503
0.8830682
0.7847515
0.16043046
-2.2004995
-0.623603
1.3539028
1.0515025
-3.4902334
0.26172522
-2.4437883
-1.2941712
-2.989668
-0.3793755
0.08247489
-1.9791402
2.2537658
-0.11844479
-1.141105
-0.76525575
3.20922
-3.6943746
-0.57207954
0.9681287
0.07944633
-0.17470129
-1.2934875
0.4501051
2.847956
-3.187334
-1.5527003
2.8573914
-0.7956116
-1.7938482
-1.0850202
-0.4317974
3.5606499
1.7392856
0.92854625
-1.5986607
1.5669979
2.9825938
-0.122297496
-1.365301
2.187245
-2.8718262
3.2490256
0.93817556
-2.8243866
0.67746216
2.5725386
1.201051
1.2683867
-2.5992296
1.3096997
1.0126376
-0.80693746
-1.2568655
-0.2793669
-0.18081309
1.9386485
-2.7696311
0.109151706
2.4859653
3.4231904
1.428378
-3.0689616
0.08194585
2.6377563
2.3357875
-0.0019228533
-2.9757564
-3.1559165
-1.3766342
0.24335518
-1.2985058
2.2230995
-0.7406674
1.8830825
2.5325854
0.64042985
0.8807306
0.3589826
-2.925011
-0.3175154
-1.827265
-0.96480733
0.9321974
1.7365785
0.6324906
-3.0530114
-2.502604
-0.8018427
1.7284893
3.1436996
-3.5506902
-1.0162531
0.5357483
-2.6959672
1.0731554
1.9630964
0.29380766
0.51768804
2.1838605
0.40340805
-1.6971581
3.119982
0.207131
1.4041078
-3.1595209
-0.6936934
2.976495
-1.1170052
0.23888145
3.897096
4.400655
1.6581995
0.63392216
3.2330267
-2.189591
0.5070431
-0.61448395
0.09453825
-2.39463
-2.3692992
0.59070075
3.2505534
-0.037670717
-0.32404625
0.17499119
0.8313969
-0.6887646
-1.5664154
-1.2578912
-0.18347225
-0.39798683
-1.7104902
2.4896595
0.82764083
-0.1442123
1.3792704
0.13269977
6.639741
-1.4141941
-0.7946238
1.3552504
-0.997867
0.85723704
-3.335387
0.24220818
1.66126
0.39235893
0.14882295
1.8259733
-1.819935
-1.9480374
-0.40069535
1.3314811
1.3676052
0.4545167
3.1023479
-0.99203646
-0.92408663
-0.52707845
2.9245472
-0.24757874
-0.24732101
1.3700911
-1.8152604
0.19980568
-1.5964149
0.28729284
1.0336055
0.42240155
3.706034
-1.9453021
0.6421206
1.4348894
-2.1687403
1.4192477
0.43843102
-2.5882788
1.8130974
-2.9209423
-0.38256815
-1.2066522
2.374982
-0.58395857
-2.5409892
0.9700944
-0.22563773
-3.3268528
0.5837145
-2.1561816
-0.3523788
1.8971903
0.61258835
-0.8379797
-1.4461863
-1.1184882
1.8510747
-1.9355965
-1.3447505
1.4148474
-1.977481
-1.0515122
-0.6615968
-0.68425757
-2.1018972
-3.4725385
1.6578534
-0.3095045
-0.7019358
-1.8015597
0.058701232
0.6399615
2.4867337
-1.7781391
1.3558421
0.08123456
0.9505677
-1.9490155
-3.0858295
-4.5899625
2.2475183
-0.7924219
-0.44808066
1.7651317
-0.088713266
0.5925869
-2.0048788
2.3590107
-0.9947273
-1.4370165
4.4907827
-3.4796507
-0.46392345
-0.36437854
-1.2746451
3.738142
0.27770862
-0.9600318
-1.9921428
0.905337
-1.2202778
2.4167478
2.421578
-0.84858555
1.6644233
-0.38458902
-1.0242553
-0.6000639
1.0134053
-1.0453589
-4.411107
-1.5071193
-0.94941556
-0.034935854
1.7687432
0.90294045
0.8808252
-1.6512882
0.6771374
-1.620835
-0.1417526
0.34141117
-0.88307476
-0.18976237
-1.4434215
-3.14552
-2.8880012
-0.3317238
1.9830999
-0.21153015
-0.9191509
-1.08821
-2.8756542
-0.84426343
-5.284005
-0.74013084
0.90838873
-2.187721
-1.244822
0.57129526
-2.4934409
-3.8470864
0.023913212
3.5435786
-4.9517007
0.9238972
0.8916012
-3.1642015
3.434427
2.9552872
-3.016719
1.8826834
1.0598696
-0.79366696
3.614416
1.9496772
-1.6345152
2.4071336
1.884506
-0.6267535
0.8322095
2.563399
0.3952104
-1.8695725
3.3267624
0.96774435
2.364677
1.6625525
-0.20235531
0.6743045
-0.15177599
0.584032
0.22419983
-1.8680204
0.2719079
-0.44371265
2.9896278
0.74050856
1.2861837
-2.6000247
0.7313983
-0.64021593
0.52283597
2.4244175
1.1392226
-1.2190992
-1.9149972
-3.1692576
-1.1648251
0.41415137
0.43115497
-1.0859715
-0.3403051
-2.0858932
-0.7998355
0.5004325
0.2536763
0.55347294
-2.0312667
-1.8251015
6.024983
-2.5495098
-0.27364346
2.3763866
2.791655
-1.6743181
0.39315033
0.46616146
0.80283993
0.66808975
1.028788
-0.6533546
1.3119395
-2.6340816
-0.17667666
1.3763851
-1.958069
-1.5690717
-1.9880831
-0.6279554
-2.9944599
0.07255754
-1.9723357
-0.6129569
1.5640581
2.662221
1.617212
1.6447505
2.4024584
2.21534
-0.47609818
0.481498
2.5307808
0.4772834
-2.3721604
1.9680014
0.8140422
0.9306867
1.4879131
0.69515425
-1.4415299
0.9203782
-0.7437874
-1.4021256
0.2939893
1.4589328
-0.3512658
0.58916104
-2.6230524
1.9933534
-2.9900866
2.0235329
1.4319339
0.028952934
0.41744742
3.779663
0.31651938
0.800095
-1.6580971
0.5644669
-1.3330369
-1.2228366
1.9962099
2.20415
1.5676371
-0.9737049
0.8646856
-3.0511649
1.3716183
-2.1216507
-3.881826
-0.04020249
1.1253409
-3.9108553
1.0853344
-0.81379753
2.5135431
1.0074291
0.0736813
-2.6826901
-1.3385801
0.20641887
-0.9713676
-0.30830413
-1.5147195
0.18364403
1.4422296
1.9711256
-0.5119732
-1.0478922
-0.26644343
-2.902267
1.4920284
1.0193664
-1.6851021
1.0410241
0.50344133
-6.0253596
3.0332663
1.3635485
-2.7544024
2.68915
-2.1012146
-3.4852598
1.8171057
-2.578445
1.3147779
-0.094763204
-0.364339
-2.3774917
-1.0182593
2.0142715
0.5786741
2.8038325
-0.1986317
-2.5406609
-2.6969953
-0.84860855
1.3110714
1.1415726
-0.3375965
1.2496727
-0.64184606
-2.8655446
-0.27018562
-0.8984863
2.0826523
2.4207494
-1.4522697
1.6862704
0.07224603
-1.2794456
3.0765607
2.70931
-0.9209272
0.8979737
-5.4321694
-1.4259095
0.07644935
-1.4570271
-4.010555
-0.97488517
-0.10460138
0.85657454
0.13692133
2.808569
-0.828685
-1.4280186
-1.2214793
-2.9847486
0.47889248
-0.9183943
1.4755521
-1.9189
-2.9030285
0.77600944
-1.8149129
-1.8782585
2.1703584
3.8303964
0.24781138
-3.5917473
-1.0155433
0.011916745
0.9520885
-2.0280397
-0.3359901
4.5875244
3.7588344
0.98575443
0.13270296
-1.3867016
4.4614015
2.0700483
-0.4076677
-2.0698266
2.2099154
-3.7391622
-0.43821228
-1.5467778
-0.58777994
1.4610951
0.050885975
-1.5599535
1.6560398
-0.86231804
-0.53076375
-2.405615
-0.31261188
2.9378567
-0.55489886
-0.41468367
0.21097255
-1.522221
1.4717717
0.42715806
-2.0378911
3.6600516
-0.6154325
2.538024
-1.8301259
-0.018961288
1.5690258
0.9615741
-1.2104918
-1.5706397
-1.5790868
-1.352147
3.762576
-1.3299621
-0.5240021
-0.43087116
0.25867316
0.08122457
0.43187663
-3.3023012
-3.7765627
-2.2531898
1.0071789
-0.26395428
0.65876925
0.42948124
-0.49990654
0.3107177
-0.74531144
-0.9446852
1.4493146
-0.8957343
-1.2349818
-1.0185032
1.4252168
-1.8310503
2.9998708
1.0118676
-0.9547428
1.471325
-2.9950557
-0.9346025
0.014692016
-1.3770382
-0.43319646
-1.3061441
1.9237087
0.24661767
-4.1072063
-2.5502646
1.0963674
0.8610978
1.4973594
1.3098475
1.3809093
1.3024017
-3.548509
-0.16855758
3.2327979
-0.3416348
-0.6309726
3.1261778
-0.84727776
-0.2103421
-3.4426877
-0.7797675
-0.5468163
0.62453043
-0.068242125
-2.8937979
-1.6140953
4.298105
-0.5325525
0.45213944
-0.95316094
-2.3634405
0.685012
-0.43830213
-0.6809939
-1.3252025
-1.4422915
-0.76699126
1.20923
-3.0171099
-1.8381864
0.73111916
1.1547807
3.307272
-0.45620888
1.9440492
-1.0373404
0.45555288
-0.11888445
-3.2035484
-0.15419465
2.6242352
1.063168
-1.6133327
0.7461337
0.5883456
1.2560402
0.89662313
-0.78570384
1.0430179
-0.46825868
-1.2362394
-0.096808165
-0.26088592
0.90437055
0.4020981
-1.2673479
1.9195329
1.4474963
-4.1502886
-2.2277274
-2.1591156
0.44070685
1.8251724
0.6595212
-2.572013
-2.1345334
1.0534735
0.16502878
-0.900674
3.0055373
2.1861916
1.6696432
1.5134356
-2.2439706
5.5205927
-1.4385273
-0.88196295
4.7068057
-0.31598192
3.5417209
-0.7895796
-1.8395715
1.0152194
2.8707006
0.85270053
1.743232
1.4686339
-0.50440174
3.0884535
-2.1266465
-1.605436
3.137699
-0.41078496
-4.3777456
-1.9059657
1.1699177
-0.16203558
1.0504203
2.778303
-0.40675977
-0.5680673
0.79489774
0.099189594
2.4043787
2.6093252
-2.36478
1.5145193
-0.5789768
2.1069884
2.4561949
-1.6614821
0.11675783
-0.645527
-2.4884331
-2.5355475
-1.9033382
-3.3927133
0.6894802
1.1966118
-1.1769485
-0.11620579
2.080005
0.012385413
-1.0057564
-1.4593883
0.2126134
-2.1292343
1.4159064
1.0312191
-1.6513314
-1.570334
2.368241
1.181905
-0.020672634
0.15186338
0.0059107766
4.1821184
-2.6711063
1.9531271
2.6444802
2.3837934
-2.159382
-2.9179864
2.37802
0.34608352
2.4661283
-1.1691334
0.42981258
-0.44247848
2.077255
-0.41906926
-0.79052794
-0.82794696
0.50019383
0.89870137
-1.2726011
2.2454677
-0.12231984
1.7600964
0.23059066
-0.51973456
1.1680019
-0.340616
1.1424439
-3.363628
0.89095324
-0.536455
-0.31036404
1.5813783
1.5077306
0.091684856
3.5437965
1.8265033
1.8853413
1.7132775
0.0077195615
2.3035288
-0.9198522
1.4316014
1.9796698
-2.19663
1.1443645
-4.6045594
0.1296258
1.6835529
-0.6832943
2.3954794
-1.1555748
0.33519313
4.1934376
1.6987652
0.11643729
-0.11230742
-0.0012742132
-1.0408716
1.3895651
-2.6669793
0.45448953
0.8597012
2.5585678
-1.2236258
-5.576606
-0.20629814
2.7923915
-0.5742588
-1.0547515
0.193696
0.5354083
5.01949
0.68393266
2.3297238
0.66079247
-2.775745
-0.122853816
1.403766
0.74927515
2.0278547
-2.9386327
4.0105915
1.348938
0.9383317
-1.1408098
1.4199759
-0.9667518
-3.7305741
-1.9782066
-0.0038163662
-0.041507557
-0.9582301
0.31231347
0.5408867
-0.3361909
-0.34378278
1.1078265
-0.35961354
0.8600358
-3.3004234
-0.6286182
4.6385317
1.9989477
1.2415984
-0.3315734
-1.7695501
0.30924717
0.84048575
2.656412
-1.5843785
2.6986258
1.7571864
-2.399947
0.7186075
2.0038981
-0.025722697
0.4576201
1.5234784
0.9509817
-2.1393461
2.770058
2.5791678
0.46952805
0.69297796
1.6771652
2.4134047
-3.903541
2.6276257
0.47233003
0.35783416
2.2742584
1.9254485
1.5104213
1.1150893
-0.96288794
-1.3546317
-0.83978975
1.019805
0.0028700456
0.9336881
1.2320734
-2.659433
-1.3293825
1.3191684
-0.70462024
2.2576623
-0.38211423
-0.32579392
2.3844967
-3.0208194
-0.8944527
-1.0982171
2.179896
0.37158114
-3.2716322
0.4410616
-2.0246902
-0.31780824
-3.5021884
1.9423758
-0.7738691
0.43251002
-2.243747
2.3141117
-1.0809163
3.5361009
-0.9407158
3.7605863
-1.0749333
-1.849387
1.1497201
-0.2320584
0.71032345
1.0142978
-3.794248
-0.71501434
0.9699473
-0.6551789
0.22316591
0.7207952
-2.5251427
2.1193538
0.75310755
-3.0923307
-0.22611499
0.82136625
-1.2381918
-1.8498976
4.0813355
1.7611889
4.0475397
3.5159483
0.58120275
0.4697774
-1.6395198
-2.4196596
1.3270847
-0.78360325
2.9986355
-0.21566334
-3.436728
0.8509652
-1.6969179
-1.8927001
1.7474514
-0.9883074
2.5270298
1.1848419
-0.9222771
-3.07342
-0.6495753
-1.4245291
2.029955
-0.41785845
-2.5331304
0.20488909
2.7641332
-4.199926
0.3052452
-1.040981
-0.4948475
2.0775714
1.915539
-0.03384874
1.818803
0.2486487
1.330485
0.88132507
1.8826584
1.7756956
-0.61997294
-4.2326164
-0.14442655
-1.8346257
-1.5566914
-0.80687416
3.0261128
1.9898247
0.42777184
1.2670563
0.31452742
0.5255598
1.9937845
2.8967712
-1.6236545
0.17919552
-2.503911
-0.15686041
-0.123527735
2.4395397
1.9643686
-5.428425
1.9724343
0.6317598
-2.1852434
2.8417547
-1.5194985
2.0307753
0.6138461
0.35754016
-0.5681766
0.91939414
1.0664581
1.5833206
-0.045687214
2.883673
-0.5182831
0.80695486
-2.46219
0.22467649
-1.6686639
-1.2118387
-1.3784008
-2.795911
0.4683639
-1.4012952
4.640282
-1.2765845
-2.4208932
1.3839356
-2.8226864
0.5179037
-0.15532854
0.15336752
-1.3228288
2.9235752
-1.0938907
-1.0449989
-1.4892875
-2.6416461
2.6006017
-0.8157873
-2.4131489
-0.81959575
-0.82922673
1.8503878
-1.4325122
-0.485932
0.15901366
0.7083866
-0.6843439
2.7578928
-4.6788626
0.971507
-0.6637495
0.13300118
-0.8507326
-1.1692442
-3.567668
0.11820916
3.2475061
-0.4755817
-2.601121
0.8977229
-1.7523891
3.280178
-0.599906
1.1341195
0.8598957
0.23514745
0.37030518
0.27812627
3.6949456
-0.625834
1.127824
-2.5665867
-1.0167391
-2.741588
0.22893998
0.11820456
1.5098778
-0.117166206
0.40379795
1.3047181
2.1086714
0.4803292
-1.2042851
-0.8547361
0.33643273
-2.8229566
1.6073612
0.16116808
1.3348509
1.8584026
0.046720304
-0.7450519
0.667618
-0.026415959
1.392003
2.0840828
1.4382766
-1.585859
2.8671343
-2.8351088
-0.36292464
-0.9692372
-0.7343489
1.7835723
-0.6582477
1.6969188
-1.6718878
3.1858265
5.183185
2.4605446
-0.032438267
0.45561087
1.3766692
-0.79865974
2.174833
-0.7691582
-0.9314973
1.2969993
-2.0481663
0.022396326
0.63592905
-1.0145439
-0.92520016
-0.62044334
3.621137
2.2129164
-0.5151126
-0.85979885
3.0947511
-3.5569541
-0.25731835
0.61273885
1.7531441
2.2835462
2.2637224
0.8142074
0.5011217
0.60408795
-0.56268305
1.3575425
-0.46655416
0.7968283
2.476394
3.6170242
-0.59850377
-0.22795291
-0.68579215
0.8772644
-3.2153566
-2.1490936
-0.60530573
-0.25221518
0.9765475
-1.1341909
-0.92184985
1.33315
-2.5376425
-0.8133537
1.1959465
1.8895521
3.7643595
-3.0367775
-1.3098519
-3.6586463
1.783035
3.384098
0.4982227
-0.45400134
0.31955755
-0.7815497
-0.8150585
-0.7003616
-1.2173547
-1.9158387
-0.6970403
-2.2334433
-1.679868
1.0231695
3.0947063
2.4955256
-0.14310387
-0.25752726
-2.0012753
1.4713526
3.8470836
0.10872646
1.3967185
-1.0360849
-3.6564665
-1.2376896
-2.3906806
0.7463487
-1.6184182
-0.09907599
-1.7917975
-2.3730779
-2.9817882
0.81771004
2.3695452
-0.40878642
3.7218947
1.4271735
1.2930532
-0.08068881
-0.84660697
4.316231
-2.433387
0.5132346
0.75480413
-0.58291066
-1.1833124
-0.14656445
-3.20705
-1.9238739
1.1933345
0.33421543
-0.81734115
0.24854003
1.3882706
-1.5661544
-2.0269253
3.1694326
-0.29226464
0.4104105
0.08821965
1.6614487
-0.98429614
-2.0547717
0.5364924
-3.56568
0.98063385
-0.30047682
2.332754
-2.285589
0.3334545
-0.6973338
-0.5614739
3.7343457
-2.4761958
-2.835352
2.1201138
0.109566286
1.7446647
-0.9486711
0.122485206
-0.19139746
-2.9722376
-1.4124851
-3.0392532
0.32757187
0.833032
-1.3743756
-2.6246052
5.081071
-0.0722312
0.36756715
-0.01023671
0.88104445
0.065674014
0.42312455
-1.266838
-2.6228058
-0.6491731
-1.3797848
1.7860985
1.2356782
-1.3383672
-3.285295
1.1441956
1.7296146
-1.2091637
-0.15999028
1.6364275
1.6014372
1.0204583
0.80680156
0.057105836
0.6294854
0.8758921
1.2774167
0.23440701
1.2768693
-0.47073528
-1.6860359
2.457765
3.7387986
0.8878446
-1.9726851
-1.1445838
1.4067769
2.4814546
0.8790188
0.6630945
-1.0941515
1.0957532
1.8504624
3.6209092
-2.0660474
1.3814657
-0.6437908
4.248408
4.1117964
1.2373962
0.7639031
-1.6848933
2.711317
0.0864401
-0.89452374
0.045043528
0.29897672
0.19059375
2.5166752
-2.5757496
1.1797961
-8.0081835
-1.5890783
3.1133528
0.38029572
-6.8907537
-0.503231
-1.2250354
1.9507191
-0.57566243
-2.1086683
1.469195
-2.890663
1.417557
0.5892665
-4.555453
-4.8846602
-0.046250314
-0.13229112
0.94231397
-2.8092093
0.29251242
-0.68582565
-0.15487441
2.4166205
3.2591033
-0.7341006
-2.1841507
0.15013137
-1.5691766
0.2914968
1.086858
1.4848684
1.5673155
2.5197494
-1.3258097
-0.2592777
-0.37991908
-0.39376855
3.0312066
-1.0202802
1.664187
0.6010647
0.95544565
-0.45757943
2.422116
0.26566765
1.6454904
0.846639
-5.0670733
-1.8407968
1.4874381
0.60943484
0.4210455
-1.728818
1.1757948
-3.1149704
1.6587365
0.14540997
1.577915
1.83641
1.4957743
-1.2051677
2.9923317
-0.5725547
-0.5625364
-3.6823819
0.026703045
-0.13404407
1.6422886
-0.5478957
-2.69675
-0.5757524
-0.28090236
-3.2453969
-1.9258242
-2.141637
1.3491966
3.2323742
-0.99573654
-2.3329384
0.78613675
-0.7168075
-1.2012068
1.9563422
2.300065
2.386209
0.23155853
-0.98531485
2.3371804
2.1485581
-1.9207625
1.5601797
1.6446166
1.999753
2.736754
2.4845397
0.7942522
-0.55025625
-1.1670926
1.1576787
3.6939354
-1.8691481
3.224946
-2.9111335
1.8764777
-0.6267718
1.6479684
-2.3371806
0.76211596
-0.27709225
-0.9208497
0.363569
0.9777356
-1.9373714
0.6347566
2.4279654
-1.2533361
1.2701963
-0.1561346
3.02047
1.961398
-1.6427519
-3.5608788
1.4799198
1.2056996
-0.6222716
0.42587757
1.2197286
-0.55609435
-0.28133306
-2.0794895
-1.8751179
2.5380645
2.0606236
0.80046225
-1.7136725
-1.7156073
2.0868683
-1.6227226
-1.9278625
0.8338847
1.054016
0.48314953
1.4020092
-0.25683385
1.1279774
-2.6878712
2.7065835
-2.4989412
0.4584519
-0.6174206
0.5261752
0.92311287
-1.319773
-0.2443946
-1.8991555
-3.6892002
-1.4695951
0.6949262
-0.67551506
-0.110852055
-0.2694805
0.7557609
-0.95156157
0.51803076
-1.427203
-3.1253958
-0.20974228
-0.21337014
3.859458
0.8980615
3.3548994
-0.8596154
1.4561307
1.2474947
-0.19245851
-1.3865591
-1.246734
0.79414004
1.3818446
1.0571194
-4.5524044
-3.7760856
1.086693
1.7354059
-1.800171
1.3073428
0.78375447
-0.99197984
-2.7713356
2.8849323
-2.2147985
-0.5418651
0.29718837
0.063867405
-1.2033896
3.2818146
1.0451611
0.22985798
-2.750934
-3.0352123
-2.8333414
5.1320686
-3.1201549
-0.53124404
0.18170422
-1.3592371
2.159449
-2.1913042
1.428266
-1.1233659
0.81315994
4.016865
-2.1661582
4.0102577
0.9973814
0.9175726
-1.2835509
-1.0219909
1.1369858
1.9675744
1.0552509
-3.8357575
0.71645254
-1.814793
-0.17868975
-1.4778646
0.24907951
1.1546643
-2.024424
-1.355221
-1.3961496
0.50844896
3.837962
0.25815687
0.21987137
2.3346908
0.6858434
-6.5818806
-2.9683232
1.431977
-1.0347447
-0.9959467
0.34991044
3.3554733
3.128376
-2.067059
-2.023493
-1.8539699
-1.6791146
-0.63371646
-0.76754266
2.2958682
4.056351
0.17226246
-2.0728655
-0.6440332
-0.59783274
4.5047784
1.1244465
-1.7685537
-1.5226407
-0.5846821
-2.030029
-0.051849805
1.085376
-0.054533392
3.7433543
-1.0139508
-0.5226857
-2.9841063
0.14455801
0.663855
1.4890889
-1.2879606
4.9330015
-1.0200771
-1.9797031
-0.16766188
-0.72295326
1.8157691
-0.8868329
-3.8337917
-0.3397819
2.2133136
-3.5219
-0.34139097
-0.49814278
-2.364364
1.4396617
-2.3798864
1.3131348
-0.71164304
-1.7502908
2.1409585
-1.3403196
0.40622696
4.0945206
0.098422185
0.87064147
-1.2676972
1.091527
2.3936028
-3.5866618
-0.033899225
-0.102966666
2.488778
0.22021985
-1.4364296
0.72831386
1.1633829
-3.050102
-1.3883357
-2.498509
-1.1659389
-0.66150874
1.1369629
1.2266341
-3.727939
0.22823614
-1.1509678
0.22730559
-0.43183318
-1.3492278
0.83476365
-1.2456303
0.36703116
0.8064413
-0.9145739
-2.5679936
-0.2664363
2.014875
-0.55552363
4.0473275
-0.06924616
-3.868382
-1.6531515
-0.7089928
0.999613
-3.1229255
2.0886905
-3.9107478
-3.3355951
-2.0984857
-1.6045918
0.6742259
3.0630364
0.74680185
-1.9159225
-0.39563817
-3.2339776
0.8577569
1.5937266
-1.8692014
-1.4020809
-0.22294918
1.9283905
-3.2818964
1.4037461
2.9246366
-4.43296
-3.1973097
-0.34834093
2.2653086
-1.3554449
1.6132405
-0.32532704
-0.27832457
0.21278466
-2.0264056
-1.8643934
0.5257617
-0.5880593
-1.0691429
2.3101966
-2.2354014
-1.7151607
0.5806686
2.3591678
0.18754454
-1.5462776
-1.8331891
-4.70195
-2.291824
-1.0174742
-1.440006
-0.51612383
-1.6954048
-2.544481
3.0995595
0.99834174
0.56247115
-3.0232294
1.3883505
-1.9548104
1.0408168
-0.6765897
-0.46021765
1.7701669
-0.20222786
2.824344
-2.749858
-2.2160182
0.119857825
3.6230423
-0.83443785
0.57112753
-1.2816991
0.6554985
1.9114777
-1.0439035
1.5408915
1.3424739
-0.30629823
-1.0758728
-1.6357467
2.0722423
3.8615236
2.1579478
1.3415626
1.0874888
1.7514524
1.3188051
0.81647974
0.34909436
-3.7108366
0.22796899
-0.91082436
1.7850156
8.010172
-0.22306809
0.3763362
0.30675206
0.54371864
-3.7706075
-1.5695316
2.0039523
1.8417745
-0.008507736
-1.5476879
0.4500273
-2.343014
-0.8392388
-3.6983957
2.1254303
-2.1534152
0.5408657
2.0749373
0.5603053
-0.33850747
3.8975644
2.8197763
2.7771444
0.77243906
-0.42046103
-1.6466506
0.26188105
1.2771113
-3.5208833
1.2217329
-2.3329566
-1.3988817
2.0439718
1.4562092
4.326091
-1.1037139
-0.5182025
0.18005197
-0.41085246
0.910883
-2.4472098
-0.6010888
1.8876361
-0.7894161
1.9098735
2.181156
2.779129
-0.007340979
-3.1107903
2.7377818
2.1616035
1.3861972
0.31822205
-2.626687
-0.98817855
0.1291599
1.215592
1.181919
0.38257825
-1.3378062
1.2400538
2.563961
-0.8318745
-4.2281604
0.8184835
-0.45185456
0.461074
1.5689374
0.3923592
2.4398246
1.9313738
0.65628946
-3.5606675
-0.21124172
2.5978737
-2.4659472
0.5261113
0.98139787
0.72254634
-0.0786712
-2.4805734
2.184546
-2.340008
2.732884
1.0774935
3.41012
-2.4066112
1.4702249
1.8008189
-2.3863022
-1.1212027
-0.48437393
-3.4979558
-2.000573
0.45289788
-2.7182903
1.334188
-0.7761959
0.6477121
0.84059393
-0.32776487
-1.7017511
-0.08482027
-0.2961619
0.33983272
0.5441969
-1.315146
-3.0094182
-1.9554567
-2.965048
0.1769584
-0.34668738
1.5055928
0.13696158
-0.43013063
0.36800802
-0.8707635
-1.0769174
-1.4624377
-2.103736
0.28853703
0.28984135
1.4266021
-0.04606954
1.0858808
1.2484077
-1.3222964
0.16186842
0.5292172
0.67620045
1.1918511
0.74229366
1.011149
-3.0475252
1.4377143
-0.75135446
0.5704048
-1.1308064
0.88630563
-0.00020496547
-1.2624118
0.4157246
-0.63660884
-2.4977617
4.1544414
0.7867151
-0.49567163
0.32321677
-4.9055457
0.01205463
0.38006335
-3.9280624
3.4759002
2.6986868
-0.36006132
-0.25048438
0.5243317
-2.5314844
3.7973464
-1.9042828
0.27573302
0.8320712
-0.9035879
-2.5158713
-0.23804471
1.8359704
2.5570734
-1.0868504
-0.26346275
0.7870239
-0.0950091
-0.92115664
2.673313
0.7861524
0.11811999
-3.7252762
0.6425651
-2.8941405
-1.7328305
-0.9204773
-1.2319357
0.18626076
-1.462772
-0.95303327
-0.84118825
2.1092772
-0.5496292
1.2706981
3.3584945
-0.5443335
-0.41866195
-1.1521531
-1.5239487
-1.6247844
-3.1305327
-5.983737
1.3789388
-1.250972
-3.4054487
0.73653245
-4.1931877
1.5272466
-1.07437
1.8782579
2.9803789
-1.1451362
0.014016096
-3.5606809
0.5548392
0.10899783
2.1280024
0.91633904
2.8398244
2.6333287
2.625216
-0.5341299
1.5316856
-0.6020437
-0.16826794
-3.7613432
-1.4638782
0.18851876
0.2318038
2.1251023
0.7067832
0.721146
0.29416457
-1.7986878
2.820088
-0.081132956
2.492669
-0.29493216
-1.5256572
0.049332105
0.7856158
-1.0424271
-0.34024066
-2.683675
0.40990946
-3.184979
3.01578
-0.03176351
2.022609
-0.38974974
0.18153036
-0.34522218
1.260386
0.8160998
1.385811
-2.4516954
0.34741
-2.4649267
-2.2974005
1.4839033
-0.7882241
-0.5934316
0.6446442
-0.6203392
3.1709285
2.9693878
-1.7586308
-0.29775304
-5.1918197
2.997275
-1.6686516
0.14075162
-1.1782771
0.03301379
-0.74392813
-2.345877
1.2192584
0.33796886
-0.30746606
1.3782529
-1.2603254
1.4765697
-1.222391
0.1763994
0.7202457
-1.889209
-3.2911558
-1.536506
1.5826194
0.6906971
1.3000126
2.6047025
0.99856234
-2.153755
1.2073051
1.1666734
-0.9071598
-0.61569625
-1.8938452
-0.25334543
0.4417378
1.5511206
-4.8651075
-1.2366506
1.7710067
-1.2453945
-3.0313804
-0.6075851
0.3292998
-3.5255861
3.1359282
-1.6007129
1.6284635
0.32714602
-0.46798772
-0.8296317
-0.817858
-0.7231577
-2.4820268
0.5179294
0.27259105
0.9248853
-1.9311976
-1.1129652
-1.4186119
5.683189
2.2090082
0.80453956
-0.6405924
2.396954
0.85882884
1.928645
2.0595148
0.37128782
0.07747054
-0.606943
2.794383
2.486935
-0.40569168
0.93102276
0.4908628
1.0113505
-2.30455
-3.0715795
-0.27422753
-1.0557318
-4.4921217
-1.9540995
1.924092
0.6152631
-1.4904025
-0.98146534
-0.65933764
-1.0764592
-0.95913553
-3.1561077
1.6017227
-1.7952842
1.7569367
2.4651809
1.4803854
0.61929536
-1.6155984
-2.0621057
2.2712073
1.2854769
1.8709922
0.7114229
0.43158382
0.54012746
0.9353915
1.2491431
2.7418118
-3.5887787
-0.24910076
-0.45484665
-2.7329342
-0.58349293
-0.2671385
-4.1429024
-2.907602
4.469301
1.4231402
0.8982335
-0.07547329
1.5971525
-1.8807843
1.1831875
0.9289091
-3.4619696
1.8345711
0.44325435
-0.8928004
2.0947335
2.3442786
-1.6261836
2.0249145
1.3921669
1.0815006
0.797658
0.058685735
-1.1976318
3.2139142
0.5484499
2.8056846
0.69105935
-2.8366945
-3.229394
1.837407
1.167444
-4.91435
1.0409241
0.7476036
0.52715933
-0.2098988
1.976095
-1.4440918
-3.7078016
0.07553168
3.0023236
-1.9528724
0.21034515
-0.08749193
2.3861492
0.7970385
-0.14047593
0.12947452
-0.96187216
0.3065765
-0.47242472
-2.638957
-0.0465168
0.47038597
-1.2349254
0.3077142
1.4394829
-1.2457961
0.6767649
1.7905272
-1.1941285
2.5453498
-1.3642921
-2.3965223
-0.3622907
-2.862428
2.9903965
1.1267791
-0.39959136
-0.36875212
-0.72875696
0.7572608
-2.2879262
-2.486322
-0.65742296
1.4576089
1.4818482
-0.20974317
1.7656758
-0.36315855
-1.6899258
2.469116
2.342221
0.22362371
1.0784318
1.1124923
0.38659894
-1.6149178
0.4646327
-1.1983804
-3.2239428
1.068677
-0.688885
-0.07426836
-0.31670237
-0.76348907
-2.7075827
-0.25797608
-4.7942147
2.0464659
-0.5373872
-4.0477448
-3.999022
-1.4059976
0.7088694
0.9197907
0.8591944
0.17540613
0.10447813
-3.0038586
0.6098798
-1.7743042
3.4600246
-0.46075636
-2.8444705
-3.7315357
-0.49608943
2.1908119
-2.785059
-1.2488692
0.084344715
2.9694822
-1.1396867
-0.44069505
-0.3581556
-2.9638603
0.041675717
-1.3509891
0.6447662
-0.81314456
1.244507
0.1790739
-2.5570087
-0.9017334
-1.7446301
3.2423916
0.28190336
-1.3539836
0.81344527
0.4647253
-1.5779384
0.81663287
-1.0444576
-0.48543763
-1.1574861
-2.033479
1.1160543
0.73816943
-1.426312
1.2528582
4.5847173
-1.9133898
-1.2916433
0.0012174174
-0.6793016
0.8488354
-1.3680452
-0.35999495
1.5129129
-4.921334
1.4456224
0.05616171
-0.4036898
0.6836578
2.2199242
1.6951079
-2.5499232
-0.9685152
0.121513635
-2.1316934
4.0162954
2.389494
-0.6356268
0.9027771
-0.47290024
-2.9092445
3.2354817
-1.8199615
-2.2497
2.422512
1.216188
-0.022818502
2.4451392
1.2285256
-0.6943614
1.1614082
-3.1101415
2.4002285
-1.492307
1.9584527
-1.6620597
-2.352642
-1.440084
-3.604975
-4.081767
-0.31460324
3.5426793
-0.57853884
4.343862
0.015202202
-4.8846416
2.4601374
-0.9124998
0.40141338
-1.7892952
1.3282667
-1.1013117
-0.036766343
0.17552984
3.6880982
0.13754767
2.5674446
-1.7885377
-0.005531825
2.2545142
1.6126324
-0.36729208
1.1270449
1.2212659
1.2550366
1.4694703
1.9317403
-3.7720356
-0.6490491
1.2068473
-1.8510652
-1.5081702
-0.7763428
0.98926574
2.8011067
0.9728443
1.5422447
2.7082584
1.3403724
3.6835291
5.355819
0.022541955
1.9828812
-0.9030632
-0.7738213
1.4244912
0.6044851
3.712242
-0.046690654
0.018106833
-1.2226965
-1.161684
-0.2719831
-3.0838468
0.6095399
-0.088231444
-3.3793917
0.4805625
-1.3804595
-3.3544655
-0.11341295
-4.645441
-1.9189565
-1.1136729
-2.7474155
0.5269353
-1.2291971
-1.0983695
-1.7756958
1.4591196
-0.4800833
-0.54330295
-0.57406485
0.73014146
3.4979067
1.7882942
2.7696779
-3.0416145
0.85646
-0.5320078
-0.91190386
-0.07153469
0.16469686
-0.91651577
-0.9865949
2.5650911
2.3520324
-2.2635276
-1.316194
-4.746717
0.5351174
-4.4072337
3.3192177
2.1592846
1.8781765
0.5901789
1.2938652
2.215171
-4.291334
-1.0681466
-1.8344373
-0.0050054938
-1.6738803
2.440165
0.90695024
2.7244177
0.46674636
-1.6140627
-2.9901004
3.6124418
-5.3514495
-0.6002933
0.9043205
-0.09496922
3.6296487
4.029918
-2.289967
1.3519785
0.9151789
-3.3423965
-1.0914187
3.4717007
2.886544
3.9806173
2.0218737
-2.6092198
1.7048609
-1.4877635
1.4713795
-0.87958544
0.35750255
-1.3763828
2.8558102
-2.3409822
2.1704652
1.7494723
-0.4350144
2.4565377
-4.328689
-0.9961737
0.66659296
-1.065114
-0.23167047
0.92336726
-1.019503
2.206007
-2.3171005
3.3321075
-0.57659143
2.705414
0.22914353
-2.0460503
-0.5870149
0.37817806
-0.59985816
-1.8476436
-4.0926085
0.66279376
2.3093913
-1.0758877
0.9601219
-2.1470442
0.42722005
-1.1049201
-0.33432803
1.3046404
0.87471193
-1.7377223
1.7370024
0.18848619
0.1707328
0.17158398
-3.0390625
2.9079068
1.499393
-1.0037867
-0.18858129
-3.3656175
-0.3075121
0.7021775
-1.0579888
0.12343711
-0.97841465
-2.6508472
1.864099
1.3944615
0.85409826
1.3704363
1.1312518
-0.33488166
-2.3568742
1.4987367
1.1816201
-1.9908541
0.21760309
-1.0448993
-3.1261697
-2.7820919
-0.7568805
-0.37235475
0.30669862
-0.71010405
-1.9971153
2.7054982
-0.435808
1.2309492
-0.495467
-0.8238949
-0.43945405
-0.010181304
2.0011292
1.125686
6.301674
0.71051514
-2.3346343
1.2089065
0.9764588
1.4083095
2.989746
-1.8671659
2.4103036
-0.2253539
0.70192116
-0.5305641
2.4249547
-1.4771818
2.455482
-0.89927834
-0.07079486
3.7397606
0.8392328
2.3455877
-1.8909317
-0.6854863
1.7108669
0.54622185
-3.9918997
-0.6869609
-1.2037963
1.9931935
1.0128499
-0.23411709
-4.463673
-0.53552914
-0.253981
-2.9910176
0.10862495
0.4098912
0.6424894
-1.2588887
-0.9684859
-1.5917264
2.6111
0.82338756
-1.4115067
1.2250443
-1.5506846
0.3234702
-0.8793596
1.7139854
0.52458
-1.6973772
0.016960666
1.1132256
-1.1937448
-0.9818012
-3.1504302
2.143305
-2.4676366
-4.778441
-3.6891527
1.5885862
-1.1068459
-0.14008784
-0.13168794
2.1012726
-0.8828045
-2.422947
0.114707865
3.8300066
-0.19932616
0.24784406
1.1745569
-0.60186917
4.557843
-0.48068452
-0.15788661
-1.4358237
0.011671849
-0.63840467
-3.5568585
-1.999439
0.12007933
1.7709427
2.7553034
-0.3278463
-0.74074435
-1.8439606
2.9561603
0.6464105
-0.71678406
3.4499831
0.5653339
2.308609
3.225371
-3.3214715
-0.1088956
0.8922749
-2.600541
-1.9364024
-0.8410605
-0.8500219
-1.2574335
-0.2688814
1.0455501
-0.3605663
-1.077802
-0.1758303
-0.62850785
-2.3677382
-1.1686753
1.5612819
-0.25333732
0.8181216
-0.90243113
-0.68983775
2.7553022
1.0217857
2.069607
1.3769135
-1.6409869
-1.6380061
1.5340654
-0.76602364
0.41102782
0.5713193
2.4678063
1.7296913
0.8612916
-0.13225737
2.0913177
-0.69677544
-2.5995224
0.19736147
2.120904
2.6356847
6.332701
1.5169097
1.8146076
-1.0265396
2.569486
1.0116842
-0.73529536
-0.75283885
-0.37638173
5.6252213
-2.3457544
3.156626
-0.9144676
-1.3781565
-1.6543165
-0.5302004
-1.8293892
1.8389462
2.3459923
-0.30216238
-1.4268012
-1.496337
2.15258
-0.41182682
2.8100386
-0.17354502
0.79058635
-2.315918
-0.48372072
0.18906191
1.2405705
0.83125955
-2.8553631
1.6132895
0.24065137
-3.1278365
-4.192782
1.6618111
1.9769698
-1.0496202
-0.2002615
-0.8494417
0.949041
-0.21343552
0.4484862
-2.1532526
-1.18909
-0.29132998
1.4080689
1.4153355
0.3629765
1.1192023
-0.34605044
0.9932663
-2.7305899
1.5426313
-0.7615709
-1.6505297
-1.507082
1.160404
0.5278241
-0.20145638
0.5096489
1.3487133
-1.7461711
2.5542195
3.167126
-2.1546998
-2.3595908
-0.488582
0.053687297
-0.74118996
-1.7729067
-1.5872074
0.61289966
0.70218706
0.10001141
-0.5621995
0.60753137
3.8950267
-2.0156279
-0.90921205
-0.13242805
-1.4998072
-1.6858052
3.825941
0.6829641
-2.1817079
2.1019745
-0.46901423
-1.0613923
-0.7460719
-1.117431
-1.5544965
-2.399748
3.9919226
3.7955067
-1.2233549
2.9759462
-1.1664966
0.37427944
-0.90615916
-0.5910493
0.6076745
2.6856241
-3.218864
2.9249516
2.0981064
1.1018816
-2.1707683
-2.0740738
-0.16617689
4.113278
2.413864
3.3632815
-2.5923734
-0.24313922
0.2133697
-0.45385924
1.0332409
3.5327406
-0.9068065
-0.7183423
1.5383435
0.9569644
2.6349664
-1.2459177
0.5895091
1.8086225
-3.0754995
-1.431957
2.7024102
1.3741474
-2.879105
-0.52918583
-5.395244
0.2533478
-0.9529673
-2.7370243
-0.66355294
3.3255904
-1.2427744
-3.4824197
0.9839262
-0.9701067
-0.48020512
0.4011717
1.2798457
-1.6612325
0.88993955
1.4571321
1.5806429
-0.27280128
-0.72405404
5.572142
0.3255223
-0.13946965
0.33337635
0.46988073
1.054019
-4.0585914
1.5073361
1.3878863
1.5598152
1.8067849
-0.20706585
1.0826117
0.65796506
2.5615683
1.8100827
-0.21262857
-2.0973728
0.23080462
-4.1125526
0.7999073
0.3092128
1.9182329
1.058621
1.4420037
1.6344794
-0.92286485
-2.1697922
-1.198545
-0.090003155
-4.658058
0.6616992
0.057495266
-3.6478121
-0.33703458
-1.8930109
0.10331322
0.029574834
-0.32199076
0.2281419
-3.136501
-1.1791893
4.068979
-1.7922865
-0.8679638
1.2377292
2.3910842
2.1610138
-0.69412464
-0.59650505
1.2682145
0.5034364
-0.1912835
4.481474
2.8798575
1.342484
-0.6588553
-0.901198
1.8173106
-4.3174524
-0.26035032
-1.6912299
-0.6568107
0.59088814
-1.0656397
1.5913056
-1.9679308
1.3599308
-0.43577617
2.8726685
0.40118146
-1.194178
3.3359659
-0.9095715
-1.0280609
-1.8239543
1.5984147
0.3402781
-0.88342744
-2.3367727
1.1338207
1.3596911
-2.4066577
-3.3801067
-2.0010934
0.6056205
1.3663737
1.4340205
2.1672668
1.2868749
0.2192877
0.19977358
1.4400871
-2.9851756
-0.49737874
-2.932677
1.2099184
-3.5275328
1.0248344
-1.8640736
-2.546428
-1.2942144
-3.4977753
0.29155007
-1.812929
-1.3606149
-1.5389184
1.0303935
0.54609686
-0.33354387
-0.7665366
0.15287964
4.949003
2.2197185
0.8711593
-0.5282985
0.6051374
3.3338947
-0.51510644
-0.4697886
-0.88699263
4.508421
-1.6785715
1.1335691
1.7418718
1.5961734
-0.12829202
-0.16472088
0.42962775
-0.37750188
2.1987045
-0.31813642
-0.5547001
-1.952852
0.09435508
-0.8876799
-0.12433564
3.4004104
2.6282818
-0.1609006
-2.7242622
0.99926627
-1.859224
-2.7187967
0.76930714
1.834188
0.44361466
6.2341127
-0.028172009
1.439994
4.1862173
1.956797
-3.0308313
3.5615287
-0.952547
1.7532556
-0.83353734
-2.073136
-0.8282447
1.6667427
-0.10442383
-0.7274066
2.4390984
1.7881935
1.80613
2.851873
0.44809222
-4.0841737
4.1605296
0.44933793
1.0690863
0.394791
-1.1594872
-0.5800526
-1.4886785
-3.5035548
0.085771784
1.5673618
0.66875684
-0.19350702
0.41399747
-0.2821681
-2.142641
-0.13341698
4.439001
-2.3020945
0.9473286
0.06504345
2.7554564
0.5798872
-1.2627447
-1.686403
4.4902363
3.823732
1.0416999
-0.45838478
-0.41607523
2.7234633
0.26662567
-0.9743655
2.5642736
-1.9542656
-0.66488063
-0.1146274
-0.04712738
0.72360736
0.12886271
1.7195374
-0.39737797
-0.5154914
0.118929446
-1.8438119
-0.47133493
-0.5448495
-2.6305056
5.134616
-0.71877706
2.539559
-1.7197248
2.5148332
-1.6167449
-2.218686
-0.025325298
-1.8726809
-4.2432804
0.87196606
2.2743602
-0.25426525
-1.3851808
0.8001358
-3.7011583
0.213046
1.4915618
-1.6357825
1.254382
-1.2548746
-1.8875028
-0.14855015
-0.39433965
-0.68980134
1.5114064
0.7412061
-4.7669563
-0.5474959
1.9461645
-0.20265362
-0.86189246
-0.124177314
0.13290012
-0.81604046
1.2207525
-2.2491164
-0.08313597
-2.2271895
-1.0677583
-1.8599951
-0.39323673
-2.6822996
0.18016142
2.0580397
-1.9649086
-0.11972902
-0.11384962
1.0556879
0.585874
-2.715161
-1.2816637
0.7336779
0.22203892
0.28983116
1.9647286
3.761634
-0.70676035
1.3898358
0.47460008
0.8629182
0.59710777
1.4002959
1.2686828
-3.1662457
1.0286955
1.6784385
2.3163965
2.5696254
-1.5576773
-0.074866176
0.86549044
3.8285103
0.18654045
-0.89184093
0.83761805
-0.15208423
-0.7031808
-1.6822721
-3.9002006
0.0723445
4.464015
-2.268958
0.7366474
1.2748425
0.6397435
-0.8080572
4.0625057
0.22859865
-1.8314829
-0.3453641
-2.66339
-1.5140932
-0.1069823
-2.214537
-1.5884717
1.294485
3.6214132
0.7339666
-3.3732605
-1.0254356
-0.24353191
-0.58551073
-0.71311855
-2.0392172
0.34314457
-2.2530162
-1.7832209
-2.8737466
1.7115217
2.9283705
-1.7642148
-3.3072977
-1.8829956
-0.068253845
1.2135085
-0.5218475
-1.9259328
-2.0021276
2.965285
-0.63561714
-4.279022
-1.075245
1.1474687
0.6832888
-0.50501496
1.5128064
-1.4421595
-2.7473392
-0.5710644
-0.01564189
2.576393
0.122050986
-4.344965
0.4230021
2.4439554
-0.42795983
-4.139096
1.1272907
-2.349395
-1.4766918
-0.25932267
1.5575938
-0.6214293
3.040091
0.9950998
-2.0784576
-1.8371744
-0.86165017
1.1095413
2.652127
1.5598669
3.5256946
-0.91142595
3.0944777
-3.4029286
1.6248338
-2.0406406
1.2084517
-0.40040854
-0.6661921
-0.53764135
0.29283348
-1.3844649
-0.32692513
-0.056721196
-0.14535674
-0.1519444
-0.6226946
-0.34568053
-1.3618798
-3.1297064
1.6457205
-3.5117555
-4.0706897
2.73598
0.25473133
0.54406446
1.8660971
-1.7334923
0.043248963
0.8821277
-1.5574065
2.66973
-0.24158031
0.96296984
1.2396108
-0.43619376
1.2965901
-2.2895563
-2.5376048
-1.1852003
-0.44573358
0.19571027
2.7331634
-3.637071
-1.246408
0.87860876
2.8456905
2.5595767
2.384084
-3.0187933
1.2066684
0.19613716
-2.002001
-0.3768746
1.0484756
-1.1656705
-2.445723
-4.929977
2.5225778
-0.5549819
1.4209074
0.90354925
2.1086037
-0.7831308
1.8864892
-3.294745
-1.8913536
-1.8073903
0.44398254
2.2196703
4.5980597
-1.2373849
-2.5102203
-0.9573444
0.32874048
-2.3605337
-2.0775619
-1.9144102
-1.816146
-1.5795401
-1.6304035
-1.6829914
1.3738834
-0.9972912
1.7219783
-0.022764035
1.0324862
0.817462
-1.896509
2.4610984
-0.68324065
-0.7187837
0.16842036
-0.07351175
-0.15880796
-0.5919115
1.1662892
-1.2042373
-0.3460841
5.1753244
-1.0957586
-2.961557
1.9562415
1.8812282
0.36402172
3.119709
1.512485
-0.025243513
-2.9732082
-0.14597657
-0.8498699
-3.0216172
-0.0051581264
-0.44600335
0.85320413
-3.6519566
-0.22591212
-2.0080497
-0.62913924
-0.7665851
-1.2167213
-1.6306591
0.7739489
0.48325837
-1.4625608
0.20533612
-3.6105313
0.8999321
-1.6583253
-0.1804572
1.1829269
-3.3465054
-2.1984625
-1.3923011
-0.7539358
0.4786588
-1.9226419
1.0673848
0.6051152
-0.25434262
1.3629177
2.9140036
0.7782875
3.01739
0.18201442
0.15506293
-1.4847454
-1.557247
1.9715067
-1.3959217
-3.2157338
1.909866
0.7994453
3.0486495
-1.5118499
-3.152162
-0.86444986
1.1920626
-1.5196705
2.656
0.82334465
0.85751057
-1.4955535
0.42897475
-2.5750582
0.86858803
0.51441723
-1.3120595
1.7942148
-0.1739489
-0.23953927
1.7117158
0.5632978
1.1892841
1.1902305
-4.417472
0.34145847
-0.7344005
-0.5510549
-3.95888
1.4081376
1.3764504
0.45799574
0.99882066
-0.9698674
0.80466217
0.22889799
0.8119425
3.12223
1.1558684
0.111960895
-1.8979316
-0.25110587
1.4958644
0.12374554
3.1772985
0.50745213
3.4837887
-0.70796216
-0.2394033
0.95952564
-3.1693234
1.3208553
0.93114305
0.90029716
-1.4970943
2.3843164
-3.522793
0.60243386
2.989831
-4.921029
0.58898747
0.45190296
-1.2872707
5.0280185
-1.4908049
-0.16608256
-3.159773
0.9879773
-4.8370967
-0.2885578
1.9046814
-0.5771301
-1.5808806
-0.58832216
1.1440734
-2.6725838
0.27012396
2.2191548
0.4272955
1.2612947
3.1097414
0.4422322
1.3584502
0.3431629
-2.2623146
-1.0919291
1.4960155
0.22578788
1.727593
2.188385
-4.5234623
-0.8306612
-2.3093028
0.2776277
-0.9668869
3.7243474
-0.114213176
0.9432911
-1.077854
-0.7928483
-2.940727
-0.54749477
-0.38350794
-0.37102333
-0.777998
-2.051889
-1.6888337
-3.421462
0.33452183
-0.026294738
-0.51050806
-0.90608746
-0.6426576
0.051764116
1.049937
-0.63495487
2.352639
-0.40141982
-0.7180583
-0.4491745
0.8626364
-2.9057472
3.4064739
1.8567364
-1.0673307
-1.2521374
1.9382617
-3.419849
0.62204456
-1.2531316
2.8727765
-1.6957655
-0.0050428547
-2.2917333
-1.6840966
-1.3972746
2.139463
-1.7575009
1.3892103
-0.32494107
-0.13244161
-1.3410715
-0.98949456
-0.9914912
-0.63063174
-0.8631871
0.3620877
-3.3419092
-0.46900928
0.8473758
3.1462643
1.1374857
-3.1593988
1.9644262
-3.6765513
0.6116263
-2.9237876
1.9168442
-0.5461965
2.8817444
-0.8098196
-3.7540934
1.0536433
-3.3375642
-2.2368016
-2.2633014
3.5740047
3.4469368
0.6607853
-1.313604
-1.780319
-1.8503783
0.010175206
2.1140823
-1.260705
-1.5158572
-0.9891029
-1.8999074
-5.781401
-0.183443
0.46708474
-1.454972
-1.2587641
-1.8807884
-1.1760209
-0.47933686
-0.2974999
1.2310922
0.24299985
1.7524213
0.19092445
-0.3857276
-0.3673054
2.3331618
-0.72094285
0.57594275
-0.76362485
1.1887957
-0.975244
-1.0596651
2.048746
-0.1045739
0.33593804
0.91630393
1.0677733
-0.9398693
-0.11961765
2.7580059
3.1742635
-1.9024798
1.1527781
-0.8448358
-1.9832157
-2.6436172
-0.34407064
0.21146786
2.6723166
-2.3628623
3.1978202
-0.13887674
2.1215284
0.82440853
-0.03435368
-3.1722336
-1.0888141
-3.5745392
-1.8870355
4.377465
-1.705845
-0.55900973
-1.6044209
0.74495894
0.1911988
-0.04362341
0.2797168
-0.6536125
0.3972459
0.46887583
0.103813395
0.7641674
0.4310525
-0.47262457
-0.9639543
1.2392212
-0.885532
1.0230001
-0.54285395
-1.575909
-0.90555644
1.8003103
-1.304451
1.7181072
-0.97466314
2.7437284
-1.7046772
0.8013253
0.10202535
0.7556478
0.86069596
2.2360854
-1.4121959
1.7906054
0.3195764
-0.8461913
-0.062247157
-1.2367848
-0.60291916
0.04749438
2.0126555
-0.7309857
0.75776625
-2.8670266
-3.8364303
-3.8406825
-1.4095736
0.49507454
-3.905332
0.2568425
1.1086899
-0.94111425
0.42715782
-0.14682713
-0.13875183
3.342131
-1.5111316
0.15938886
1.2870032
0.91691387
3.1430044
2.7778141
0.5214723
1.8785837
1.6252807
-0.4684204
-0.26618764
0.6151765
1.0297241
-1.5569357
1.2094362
1.4460537
-1.4404129
0.06387839
1.4017918
-2.406351
-2.0202134
1.1368598
-1.6805958
0.86968905
-0.44785675
-0.6801977
2.3047962
1.6631376
6.724506
-1.5480282
-0.3182641
1.3219991
4.2353644
0.086224884
-1.2209967
-1.4298729
-0.8021023
1.5043119
-1.1436597
0.99417585
0.11961462
1.4364012
-0.13922659
-3.1086133
-0.70096225
3.0230267
0.6894897
-3.6555476
-0.92397773
1.4939411
-0.26023734
-0.15680829
-2.0136976
1.6675959
2.7487183
-0.80306065
2.7926824
1.4857805
1.492792
0.5138356
1.9856377
-2.6131876
-0.917334
2.4582279
-1.4747826
-0.18584794
-0.009087987
-1.1726599
1.4394274
2.9912834
-0.95192003
-1.8901354
-1.0644748
-4.4376807
-0.25166094
0.82364947
0.3186596
-1.2478206
-0.78499615
1.906075
1.1831193
2.9440103
2.8483205
0.7922203
-3.2650504
2.5943108
1.0016274
2.4057252
-0.9366244
-0.53729296
-1.872808
6.223659
2.7795155
-1.1774564
-1.5371923
3.479982
0.16152737
-0.8982836
1.5981896
0.7812451
0.28655118
1.7864456
1.187487
1.7058927
2.097792
-3.5140035
1.1345565
0.286503
3.878943
-2.408805
-0.04588002
2.5631225
0.898086
-2.1525445
-2.418784
-0.8991618
-2.9067965
2.9107156
1.0152613
2.145074
-1.5141382
-0.030543242
-3.3511844
-0.47493756
2.0956786
-1.8163239
-0.79088503
-3.2095797
-1.9508725
-1.8225386
-2.5007524
0.667271
-1.0871385
4.969261
1.7845196
1.5555307
-0.13397121
2.9341424
0.41864252
2.8422453
3.5906296
2.4178066
-0.73465616
-1.4265082
3.1262615
-3.5665705
-1.0585085
-0.53773636
-2.234952
-0.39587033
-0.87857527
-1.2386343
-1.4915732
0.6818207
4.0863905
0.48623228
-3.7438726
0.6848342
2.7139368
2.8215895
-0.9895773
-0.22992614
0.56342417
1.0523944
-1.5653402
2.422989
0.62794703
0.9643694
0.4951436
1.8174706
1.60436
1.9660478
2.180573
0.36357716
1.8645353
-3.1886904
0.863474
1.5119572
1.7357558
-0.47902828
-0.18977123
0.53023905
-0.41036725
3.5023112
0.29366836
-0.7216731
-0.71041113
-1.0649458
-0.26663217
0.98937213
2.1720665
-0.9319292
-3.0063148
-0.3353367
0.8385891
0.60193586
1.0867878
-2.3148875
0.9927294
1.6893872
1.2692891
1.5112149
-1.2854886
-3.2858872
-0.97419757
-0.076399796
6.1228123
1.0759374
-0.20748657
-0.5641015
1.3320899
3.6540508
-0.9138901
1.5227069
-3.6796415
1.0092252
1.2705398
1.1975267
-0.74928916
-0.85074127
3.169097
2.3016262
-1.7138506
-0.6391971
-0.69346017
1.2648797
-2.3083737
0.607714
0.57429177
-0.4236753
-0.87891597
2.2274904
-0.5094143
-1.352526
-2.7249098
-1.7853602
1.5066104
0.82605773
0.41679388
1.4814154
2.6841614
2.464809
-1.3237954
4.1406527
-1.3570278
0.7508102
1.8666042
3.3168938
-1.0311309
-3.380461
-3.1030293
2.5022135
3.0466843
1.2594465
-0.9876253
-1.0308653
-1.9036565
1.3811078
0.06573431
-4.284257
-0.1277714
0.024367824
-1.6346418
1.1229545
-2.5708518
-2.8235672
1.018518
-1.4020987
0.29596782
-0.35069868
1.1487164
0.6137107
1.6011806
-3.0467381
-0.66417617
-3.2228699
-0.9798879
-1.1617421
1.1723161
2.1003194
1.3876445
-0.8146543
2.3055656
1.5772778
0.4763177
0.40608367
3.8926466
0.010665245
2.5174387
-2.2634625
1.7676172
0.5822262
-3.5614173
-0.22932151
1.0408646
-0.80996525
1.9650255
0.17619613
-1.0513269
1.3557472
2.4237463
-0.0549813
0.64622736
-3.2668314
1.7887863
-2.2246556
0.45045894
1.6296728
2.3321395
-0.42262053
-3.5093524
0.40158796
2.1602108
-2.101029
-1.9510119
4.27877
0.47548354
-2.780436
-0.92962986
-1.3702841
-1.6588778
-3.8236313
0.1287173
2.4984484
0.8193935
1.161608
-2.073498
-2.5536573
0.6483722
0.9826208
-0.9896358
-1.4152683
-0.906536
-4.035819
2.037042
-0.11087157
-2.1851459
-1.6565884
2.655961
1.5268651
-1.3214003
-0.8821019
-1.0544034
0.10177999
2.9939213
-1.4083533
-0.38715988
3.316982
0.28577226
-2.5334125
0.19480425
0.43694633
1.1628699
-0.21954279
-0.15383986
-1.0088756
-3.1175542
1.2306292
1.778011
0.21723014
-1.6612562
-1.023236
-4.690278
0.018091314
-2.2096407
-0.103460394
3.3177457
-0.7592141
-0.48227605
1.7537396
-3.874479
-0.26027268
-0.8817039
3.2850456
1.1362163
-0.29779458
0.41924813
-4.3912425
-1.4015533
-1.6750214
1.4946301
0.24611495
0.30353203
0.11190075
-2.289392
-4.0320644
-2.8239875
-0.8989631
-1.4723645
2.1088228
2.802743
-0.46105337
0.16248494
1.8726618
-1.5935442
3.162417
0.83861744
-1.0892953
1.0638137
-2.2489848
2.2058072
-1.905899
1.7640795
-0.18169004
0.39554486
-0.28704634
0.12408449
1.6864109
0.40316594
-0.97904587
-1.9772745
0.8529043
0.119203925
2.1571958
2.614805
2.2210455
-0.5494687
-1.5318503
-1.3335475
-1.2714471
-1.4029555
-0.5032231
-0.74553764
1.8187555
1.5041962
-1.4303026
4.0064664
1.3904104
-2.5796723
0.301619
-1.0867386
0.45524898
0.5118201
0.28406203
0.22789338
-0.00985533
-1.5850897
-3.4446151
-1.1102258
2.237715
-2.4370327
0.112209715
1.0060564
1.5738478
-0.5714503
-1.0591077
-1.8001758
0.22380185
-1.5709813
0.91126007
0.19178483
-0.7405489
2.5290618
-2.8187246
-1.2965537
-3.0101473
0.0005256012
2.847694
1.2884096
0.5211755
0.8395545
3.6886718
-1.9655588
-2.140892
1.6922338
-1.6724848
-1.0745727
0.64966416
3.810745
0.22390354
0.60582197
-0.6681485
2.3403192
-0.9971214
2.2552445
-1.889734
0.17810655
-0.61763144
-0.86810553
2.829765
-0.6990944
3.5929685
-2.1246703
1.1543909
2.227569
0.027680948
-1.4620748
-2.2932339
-1.892418
2.704095
-0.30506176
-1.4691458
-0.8831665
-3.8876996
-0.42740482
-1.537785
0.87866586
2.1573627
0.9759327
0.58855724
0.012007192
1.8114011
4.0256476
0.46073717
-0.39139783
3.2969708
-0.9152286
-3.1001358
3.753802
2.5104485
0.32726073
3.6195052
-0.063790835
-1.0086089
2.1220336
-0.5221552
0.5501582
1.5060847
0.3452719
-0.8960478
-0.68144417
-0.28178024
-0.7782074
-1.8327055
0.32661557
0.601202
-0.947968
1.0397273
2.2296116
-1.2285497
-1.8073335
-2.12034
-1.986913
-0.38714954
1.1259836
0.8030563
1.021679
1.7136024
-3.1142888
4.08188
-0.02244939
-0.25629452
-0.4909564
0.36664718
-0.32940564
1.0207047
-5.276064
-0.47191697
2.0798018
-0.58300817
-1.9077405
-0.5193808
0.49233732
-1.5403484
0.6381636
5.1562214
2.7827706
2.0668008
-2.942305
-1.2879645
2.4403894
0.3123251
0.4669698
-1.5628612
-1.1463279
-1.0344784
2.3137906
0.4620404
0.056730494
0.3687017
0.36160234
1.5547783
-2.1309924
2.2484086
-0.89320374
-1.9069
1.5986342
-1.3266468
-0.37265688
-0.38053942
0.43321007
1.2319005
1.91209
-2.2090774
0.8217701
1.8710692
-1.3424269
-1.0720752
-0.61061764
-0.831575
0.4635607
-1.2626517
0.95093775
1.9264388
-1.6046593
1.240919
2.646208
-0.2506549
-2.1542268
0.24707091
1.0703417
-4.2531796
-2.2572308
-0.29450154
0.33974487
-0.5623444
0.8259775
-3.8489754
-1.9209615
2.7268336
-1.4860612
-2.4448907
3.313174
-0.12022293
-0.8525425
-0.545271
-1.347969
-0.053342417
-3.1204686
0.50953096
4.872751
-1.0372616
0.6369311
-1.5931077
2.7708638
0.71545285
1.3371255
-1.2894993
-0.62798125
1.0408251
2.0230844
-0.20934254
0.34292868
2.0529184
-0.23793745
1.690752
-0.107412286
1.7857046
-0.79626083
1.5604295
1.0486321
2.2155592
1.2283486
1.5576938
-0.63300145
-0.12668091
0.26956192
1.6054686
-2.0806603
-1.7501328
-3.525908
-2.1317945
2.0341835
-0.47352716
1.4946499
2.830186
-0.0030664727
-1.5333984
2.123791
-0.66608727
3.4426792
-2.5102136
-2.8667111
-0.9817307
-3.5000153
0.9684301
1.5119594
1.6597627
-1.855007
2.7595913
-1.5870893
0.1917759
-0.6888805
1.0428753
-0.7535342
0.32593468
-0.93284976
2.6736674
0.18424371
-3.0810564
-0.5595223
0.01357352
1.3259585
1.41619
0.8254397
-0.8574125
0.34791976
-3.7678676
1.0594016
1.0441113
-1.1756281
-0.40629077
2.3198426
-0.7304176
1.0277872
-2.531823
-1.8588076
-0.36873734
0.006369792
0.14678028
-0.760435
-1.9149824
1.4882402
1.5543665
1.1198213
2.3711693
-2.2944257
1.4233359
2.1270583
-2.315279
1.5219536
-1.5901378
-1.0644492
0.7570054
-4.900011
0.09369344
-1.7374852
-0.6028211
2.7407162
1.5969996
1.3051139
0.45983022
-1.1027262
1.7911892
3.9547281
-1.4604857
-0.03515075
2.2852104
-0.6785819
-2.9668446
1.8355771
-1.0468771
1.2266036
2.9285946
0.99012053
2.0048583
-1.1750708
-1.9664766
3.1115644
-0.9972635
-1.3313642
4.242126
-5.279716
2.5222526
-1.2843769
1.1028398
-3.9939344
-4.666402
0.13637859
-0.5677914
-2.9310248
1.2995439
-4.3656173
0.2172809
0.27503318
-3.8315432
4.288777
-2.0154057
2.4268293
1.7246155
-0.3733008
1.5078481
-2.687307
0.62150586
-4.506058
-3.8198462
-4.2543726
3.0525112
-1.152792
3.1363733
1.4477307
3.0965402
1.4178355
0.6600002
-2.8276167
2.0346906
-2.4188569
-1.9058489
0.70175374
-0.7888925
1.3083676
1.9217548
-2.043609
-0.09392469
-0.67901015
2.223282
-1.2926143
-0.29371405
1.8147621
1.1252551
1.1343758
2.8381023
0.2590503
1.1325686
-0.13607189
1.3595239
2.433519
-0.5563581
0.31383127
0.7895719
-2.5267642
-1.9536886
1.5301492
-1.5993676
-1.3644013
-1.614731
0.7325838
1.9387376
-6.075598
-3.6992583
1.1111566
-1.4187834
2.041066
-0.60960644
2.2342174
0.24318278
-0.58222145
-1.50397
-0.97625273
2.516285
0.3157794
2.030378
0.080195025
5.9238367
-2.348089
-0.15076962
-0.645001
-0.18834378
0.3110154
2.3675306
0.7614807
-3.1260848
1.0873543
1.8508105
-1.8086575
0.5621902
-4.0662107
-1.6765981
-0.10551082
-3.0894377
2.2470162
0.82083917
-1.674677
3.3093312
0.69973713
0.015877426
-1.32131
2.3163557
1.5986428
0.23103943
1.485422
0.27483046
-3.5577762
-1.0199692
0.036420383
-4.3390265
2.339128
0.4159084
-5.3341136
0.008126959
-0.9023054
-2.5345497
-2.0571935
-0.36916566
-1.181218
-2.537172
2.8578649
1.5440961
-1.1028397
1.9553163
2.0136714
1.1105912
2.2005227
0.2661706
-1.6256787
-1.6851283
-1.0754611
-0.53061587
-3.303067
1.6976804
0.08190945
-0.52164936
-0.5448807
2.570682
2.4084342
1.0729698
1.9945807
0.8456876
-1.3815849
-0.45038483
1.6782053
0.656009
-0.5532714
3.9349294
-0.36794978
4.363945
4.8502483
4.1865535
0.023585964
-3.0396073
-0.42464462
0.09989869
-0.70775956
-2.3143246
2.0725021
-0.4440292
3.0663517
-0.53768545
0.2920655
1.6350455
-0.86464036
0.4736361
1.3711452
1.2252727
-0.5121556
-0.24381447
0.7783472
2.5476952
-3.497997
-0.4981081
-2.7289493
-0.64315766
0.12881902
-1.3117557
3.3862262
-0.32764202
-0.545085
0.22585082
-2.6512806
0.4454666
-1.272199
-0.350891
1.8557127
2.051717
-0.80973405
-0.17115201
2.042756
-0.50918883
0.12039853
-0.7783321
-0.14838846
0.82364833
0.97327816
-0.07698556
-0.07987937
1.6768591
3.1485844
-3.1959867
0.18668109
-1.6221966
1.9504533
-4.723642
-2.5696163
-1.4977143
0.5975291
1.0076047
1.1494141
0.40419894
-1.4346969
0.17787005
3.4516137
-0.4341713
1.6236229
0.66811424
-0.5418192
2.1692011
0.13793181
-3.2406366
-0.24157953
-2.803215
0.22558804
-1.2621629
-3.3995209
2.26699
4.3877726
-0.30906588
0.10369997
1.5172923
0.09124191
3.1936452
-0.5218785
-1.147194
1.8722696
-0.74607396
-0.59610516
-2.1189032
-3.9335866
-2.6864133
3.625409
2.1648784
-3.7537026
-1.3167096
1.0535002
-0.92417073
-3.3613112
0.8709073
-1.9636201
-2.6211603
1.2822027
-0.568106
-3.0920637
-0.4024396
4.175576
-0.54337007
-1.6930474
1.0845493
1.3535688
0.4332252
0.44242212
0.7477975
2.9195817
-1.7178044
0.38950884
-2.459513
2.7166264
0.29913962
0.6979356
0.23702183
1.638311
0.087872334
-4.496709
1.1303896
0.4591439
0.17887191
-1.2154756
-0.42727858
2.515031
0.4754151
-0.66518426
-4.907986
-0.22105628
-0.6422899
0.03327588
0.5561713
2.3687868
-0.8436591
-0.33537564
-2.5342011
0.35698888
0.32411084
1.708753
-0.50456285
-1.6441606
2.7789564
-0.00945444
-1.389027
-0.810846
-2.799218
-0.6618503
-1.0050583
-0.6683937
3.1583455
2.3403258
1.479862
0.4823046
0.5924515
1.680795
0.09474765
1.0910952
1.5963455
-0.0785592
2.5986035
0.6996353
-0.83707714
-3.764241
-1.9189619
0.22456026
-0.4545244
-0.92888844
-3.573527
-1.6069583
-0.57387793
1.3237538
0.56098056
-5.18659
0.6068235
1.6318256
-0.65760183
-1.8205578
-0.8661342
1.0619218
0.14221406
0.22840485
1.8079263
3.314048
-0.0659648
-0.38270688
-0.7047593
-3.8183491
-1.2433616
0.883318
-0.8570868
-0.8484387
-3.7622912
0.8923507
0.57239276
-2.4852524
-2.9691825
2.066112
-2.9551008
-1.8391088
1.7579949
-2.671465
-3.26762
-2.258524
1.3410943
-1.844607
1.2064556
-0.9747745
-0.91143423
1.4141871
2.1609077
-0.15900338
-2.5393195
-0.42983967
-2.3598382
1.5233535
-0.12844954
-1.6606839
-0.72325695
2.417661
1.8923827
1.5800555
-4.0089335
1.9126384
-1.3765651
-3.4664671
1.660439
3.426788
-0.20141792
0.7273115
-2.2562613
-0.69878787
1.1635337
-2.7045915
-1.016717
1.7223158
0.056555048
-2.1967685
1.3011721
-0.40208793
3.5031598
1.5168471
-2.2721112
2.0106866
0.47255266
-0.68967086
0.8016123
2.9900024
-1.3209468
-1.0107663
1.3684936
-0.11952532
4.5941887
-0.940576
3.2609656
-2.3516474
-2.911984
-3.5913482
1.0016669
0.686063
-4.202589
-2.0209084
-0.91066927
-1.077853
-0.565811
1.0206252
-2.6439688
-0.12737173
-2.8791661
-1.3882406
-0.8187387
3.4217813
0.509928
3.3280401
0.37260333
5.0701895
-0.6293091
-1.3935081
0.8686373
4.7851334
1.5461837
0.18148318
1.2323629
4.984759
-1.9931674
0.41905057
0.28980383
-0.03469959
1.6417482
0.12661321
-1.0398974
-0.23221835
-1.1582102
-0.083026625
6.0074396
0.56871873
-2.1505573
0.94947654
-2.375331
-2.049192
2.9167428
0.008569676
0.88838756
0.29030657
0.7107014
0.5408059
1.2577496
-0.62297827
2.2620203
0.10996566
0.11287977
4.7193127
-0.28287998
-1.2123545
-0.33791643
-2.4386759
2.3242223
4.4746976
-2.468973
2.2466624
-0.37013525
-0.8158055
-1.338374
-0.9638233
0.984776
-2.2620916
0.3639605
0.44402036
-1.5909503
-1.1479446
1.2058868
0.7664869
-1.881662
3.6199846
2.2557273
1.7728833
-1.8785986
1.0923407
2.0136776
1.2729834
-0.13311204
-3.4992645
2.2961707
4.589887
0.476822
1.0750338
-1.6648273
-1.1807817
-2.1533968
1.9071941
2.276162
1.4709759
2.8322203
2.3236187
1.4421954
-2.1116836
1.0233492
3.9729583
-2.2320514
-2.7210646
0.41061264
4.9268637
2.3761451
-2.8306224
0.29883495
-1.2140199
-0.6242285
-0.8022864
-0.8018962
-1.9635803
-1.8921708
-2.8847213
-1.1751645
0.05215957
2.2504764
-3.7359083
-2.920625
-4.634985
1.8043633
2.4369824
1.3024122
2.8445468
1.4848359
2.1357462
-1.2553734
0.24236088
-0.88219947
0.13734856
0.089541115
-1.1574355
1.9779923
0.7915114
1.3377082
1.1782229
0.12682265
-3.191509
-1.8780371
-0.083229
-0.6940197
0.61254203
-0.63522935
1.9043896
-1.7634981
-0.8924596
1.1422673
2.2161915
2.1349227
3.6776428
-1.5520158
-1.2592956
-0.8814091
-0.43741068
-0.50142264
4.0578494
-1.3003174
-1.034257
5.447587
5.2528477
-0.34095433
-1.6046956
3.2042701
0.11890705
2.3809702
-3.1455853
-0.46569872
1.6204398
1.4121603
-0.25312293
-0.47549015
2.9870124
1.4046991
-1.1984712
-2.124083
-3.5976105
-0.42709285
-2.6518335
-0.63310355
-1.4509221
-1.4455025
-1.9360769
-1.3692441
-0.31362256
1.07158
0.0144845545
1.199973
4.014156
2.1053014
-1.3405993
-2.1327994
-0.6486497
-1.3029728
-1.337394
-1.1416701
-1.5110941
-0.11326384
2.3234968
-0.046052188
0.10305157
-0.23522508
0.9927297
-2.93955
-1.6119882
1.4037818
1.9482912
-0.52321225
0.016927138
1.695302
-1.8455753
-0.7063153
-2.0569506
0.1940893
-2.6621847
-0.9310871
-1.4693131
-1.5931288
1.5300677
-3.9936767
0.35461837
-3.1827953
-0.27546167
0.46147537
2.7811892
-4.08944
-3.2336066
1.9186108
-3.983189
0.69677484
-0.13216804
-5.0703673
-1.0858246
-0.14933875
1.7558684
0.40908155
-0.5306651
-1.1723322
-1.3931707
0.10640661
0.25939542
-1.3562422
2.4965181
-1.1610273
0.8549225
-1.8358338
1.210304
-0.8258763
0.9183055
-0.8397821
-5.944483
1.1850266
1.0276155
0.9448175
-1.3668057
1.4083277
-1.0559447
-1.1767749
-0.50650316
0.57667106
0.86454546
0.7160314
-0.46534657
0.25395834
-2.9568057
2.3005605
0.17986548
2.2728865
2.2928565
-0.82321244
-0.26687652
2.4259791
-1.7781382
-0.9650763
-0.250293
-3.0579448
2.5282242
-2.2112803
1.7435291
0.63084644
0.6905289
1.2613353
-4.395919
1.0393279
-1.3378091
0.789021
1.8799468
-1.7605013
2.4509666
2.0428216
0.7560489
2.3498232
-0.18299824
-2.584346
2.3731775
0.8506563
-0.6691032
-0.19357964
-2.6846912
-1.182435
-0.5149411
0.144685
1.7730358
1.1773735
4.448684
0.7183152
0.53309894
1.9368438
-3.4975827
-2.906117
1.7391223
1.3737283
-2.6319408
-1.9616343
0.16076602
-1.8685964
-0.2129813
-1.4835228
-0.67077076
-2.8458312
-2.41843
0.4020434
-5.211313
1.3004001
0.29632545
-2.781505
1.2013202
1.4410025
5.141441
0.3469177
-1.8826479
-4.2782097
-1.9964864
-1.6008097
-3.7020872
-1.8817422
2.3054605
-3.5049028
-2.5892744
1.2785882
2.5551481
-0.36746234
-2.3038635
2.9923625
-0.49757397
1.8798279
-3.2284613
-0.49548435
1.2666092
0.53435636
-0.58120704
-3.2999892
2.3372943
2.0258553
-1.0509421
1.9912091
-1.9054303
-2.4063768
-0.2545566
2.3399124
1.70893
-1.1498971
-2.198439
-1.5686113
3.3380911
1.4596486
-0.7720764
-1.2585164
1.7605237
0.5179086
-2.711133
2.5732207
-0.5656305
0.9506743
-2.4065616
-0.13872465
-3.92035
0.70471334
-0.9168776
-1.446677
-0.847096
-0.17608249
0.90735424
-0.56298965
2.0560412
0.42473933
-0.65664244
-0.98651344
1.1092052
0.24548343
2.4132676
2.1854708
-0.9771358
-1.3111285
1.8310772
2.8615952
1.484555
-2.0708897
2.9759963
3.2987103
0.5501999
2.137521
-1.8946459
-0.91599745
-2.4585528
2.992337
1.6804997
-4.3084273
1.147464
3.4571786
1.0278789
-1.3147103
0.7882125
-1.9573402
2.7498033
-0.52337086
-1.8109976
-0.7110774
-1.2328187
-3.4580488
1.8382342
-0.8642007
0.42142004
0.7905835
3.4472117
-0.809389
0.780625
1.4274431
-0.15594696
0.9119323
2.2737668
-0.41413724
-1.040499
2.2925067
-1.638958
-1.5175936
0.07471431
1.0287701
0.27688178
-2.9514875
-0.023896024
-0.46246868
1.3576524
-4.6577997
1.1487521
0.026797611
-1.3720021
2.8377137
0.44964978
1.6687636
-1.7973442
-0.5747921
-0.9701677
-0.6517829
-0.780185
0.5231625
-1.2066504
2.1849294
0.21236786
-2.5836298
1.6606858
-0.23019671
2.7544873
2.2532964
0.19799408
-0.02940068
-1.2105967
-1.6081239
1.8675817
2.7940996
-0.27873847
2.3405757
-0.043071564
0.9801886
0.22572346
-0.5806195
-0.83437353
-2.6361287
-1.0139213
2.5875552
2.9385223
-2.1531224
-0.20193389
0.33848256
-2.8465466
-3.987287
0.45945957
-0.36754727
1.5261414
-2.2509441
-2.1558106
3.3556466
-0.9188014
-0.8607609
2.3158276
-1.7819376
-0.7304213
2.2283278
-1.028291
0.6793648
0.5862326
-0.06153906
-3.7295532
-0.84310275
-0.07557483
-0.7757827
3.173171
2.9416199
0.08924022
-1.1981541
1.5766394
0.10582049
2.0290017
2.8816476
-0.77292824
-1.1629523
2.649572
-1.0419949
0.19736275
3.9664297
-1.6942381
-0.82805663
-2.1727834
1.7473432
0.8670107
-3.2401474
-0.7722409
-0.92344975
0.50812817
1.1591414
-1.744722
-0.43032733
-0.343103
-2.6844628
2.2892196
0.7849469
3.3803036
-1.9341562
-0.91815925
1.0963006
-0.21696752
1.5987468
-0.40777785
-3.5845027
-1.2111242
1.0047487
-3.0558708
2.1643758
2.0859098
0.7984781
1.5375742
3.4592967
0.03905613
0.31898198
2.8510523
-0.7635013
-2.232392
-0.7973165
0.6967323
0.87872195
1.2873809
0.18050528
0.61994183
-4.2112207
-2.7816477
-0.9279226
-1.7119293
0.4813418
-0.109177284
5.5447774
3.3707964
0.21215609
1.0028244
-2.75384
-1.739044
0.11665057
1.7803177
-0.23417276
1.1333318
2.080107
-1.6379606
2.049181
0.0797505
-2.514954
0.92360944
-3.3006427
3.0505953
-1.5179261
-0.5735417
-0.21481857
0.18393795
0.26938576
1.2276795
-1.0032344
-0.17002675
1.978117
1.8678713
1.338526
0.13634154
-0.77523303
1.021207
-2.2394109
1.9900316
-1.5846897
-1.4672289
-0.596275
0.16653718
-2.122562
-1.3833145
0.5441081
-2.1797273
1.455296
-2.1009042
0.6235581
0.539731
1.0470052
-2.709501
3.076995
-0.9391742
-3.5182428
-0.90106636
-0.08775179
3.5860927
-0.92512065
-2.2748353
-0.1065365
-1.5595832
-1.66729
1.1309147
-3.1950724
2.0439796
-0.5320627
-1.2795231
0.7505815
-1.027316
3.350679
-0.37489527
-1.9964447
0.051752217
-0.49444798
-0.2648232
1.0062053
-2.441958
0.8571935
-3.1954076
-2.240625
-0.81611633
3.5618975
0.20050542
-3.5617166
-0.57722867
2.254905
1.6022898
-3.8153903
-1.2172123
-0.1893866
1.1722742
2.690951
0.5632176
1.0032924
0.24227557
1.4862132
0.5640077
-3.089782
0.1771133
1.2874267
-0.9684356
-0.5549927
2.4021525
1.3726269
1.3771297
-0.61101574
0.33372116
1.0722109
0.19336
-4.6312485
-3.9351385
-2.0040424
1.0302261
-1.5004096
0.49294418
-0.33533916
-2.4744942
-1.2837945
5.1556644
0.26956427
-1.258074
3.0924656
1.8559346
-0.5666914
3.8488317
0.04020377
-2.4282753
-0.36392787
-0.65408343
2.8959732
1.7499524
3.6735756
-2.1211472
-0.49139157
-0.33460027
-0.4192751
-2.1867254
2.230641
-0.13948968
-1.4482949
3.621842
-0.15945855
-0.9958568
1.2093744
-1.0192554
-0.8991328
-1.4417472
-3.4140174
-1.7824509
-3.731618
1.5499536
-1.0698987
3.1803997
-1.7317246
1.7821667
-0.6677522
0.66592366
1.0735749
0.39322865
-1.0045365
-2.3999453
0.059578426
-0.36133552
2.092235
1.3308637
0.5873649
-0.095367484
-3.717716
-3.5708954
2.51906
-0.12939994
0.16776538
-1.678037
-0.6129098
-5.3577533
-2.6597543
-1.2557703
-3.4738603
-0.5203638
-1.3616765
1.481845
-1.4525521
-0.92045206
1.9023261
5.20985
1.4743024
0.18472499
-1.1275762
0.6201307
0.03464584
2.5508134
0.13473824
-0.04177706
0.16828299
-1.6224961
-1.7761719
-1.5686015
0.33932897
1.1369653
-0.59953
0.56351614
0.12275861
-0.80905104
0.3954227
-2.4773338
2.601119
-0.79762703
2.0990782
1.8972955
-4.7305117
2.4396267
1.3932179
-0.017468594
1.5478494
0.031221367
-1.3352951
-1.0329179
1.0603441
-0.46323273
-1.6548841
-0.7297852
1.7651272
2.5690122
1.8914334
-0.282301
-1.1536022
2.9649827
-0.24767128
-2.1946378
4.150064
5.8470683
-2.3775644
1.9924502
5.274786
1.2828962
2.4903674
1.1734344
-1.2212902
-1.9807057
-4.30941
1.8114196
-0.52560973
-1.4619349
0.050821796
-0.16721156
-1.961628
-1.0445709
2.8728166
-2.0783868
-0.54286206
2.5061948
3.073917
-1.5418566
0.4455915
-1.0412415
-0.16955756
0.46063054
2.6690135
0.36148912
1.278929
-0.16346624
0.81615835
-2.851947
2.9778345
-1.6503509
-2.3968759
0.8379285
-2.7159717
0.17412536
-1.5039504
-2.9844637
-0.89043754
-0.5011184
-0.8642794
-0.12643181
2.7284176
-2.6882427
0.4668284
0.026478361
0.48081884
2.0026562
-0.10220037
-2.1507215
-1.3126105
-1.6444062
3.4510715
3.105333
0.035371937
-1.5556515
-0.1992983
-1.3188977
-3.2557921
1.2679693
-0.33723873
1.4950879
0.3363261
0.5083161
2.3833518
2.1773803
-2.763852
-0.74801725
0.020992875
3.0726628
2.5815868
1.2827652
1.7807857
-0.6751931
-2.0209842
1.9035226
1.3275123
5.844204
-0.3985512
-0.31104308
1.0144666
1.8643748
1.3580145
2.1635928
1.412828
-2.3202276
1.7418543
-2.0577135
-0.24971306
-0.4439752
5.5593095
-1.5637678
-0.95298374
0.9753313
-0.8093099
-2.4002166
0.7971829
-1.1043254
-3.460374
-1.6357734
-2.224781
3.3837247
0.43323472
0.6031559
-0.8596601
-0.3169562
-1.2953523
0.70559734
-2.5194938
3.1075487
0.03973212
0.7560725
0.5187708
-0.14762244
-1.1446397
-2.2633266
-1.4125252
-2.63681
0.61815345
-0.28109956
2.0360687
1.51661
1.7574759
-0.7851646
0.73202777
-0.3540764
-0.3840691
-0.10212536
3.08029
-0.080248214
-3.778553
0.28439063
-2.7685437
0.55117434
-1.7480378
1.915845
3.8149276
0.45116568
-1.999413
-1.158526
-0.26727992
0.8116896
-1.7995211
-0.019165765
0.10622535
-1.0974677
0.20667358
-3.3360853
-0.3118535
4.1895204
0.60663146
-0.84723705
-1.5194994
2.3487728
1.8052158
0.79399455
-1.4129317
-1.6462443
-2.8266597
-0.3636356
0.9179365
1.8810453
-4.5240273
-0.8448379
2.1028652
2.7236545
3.4557667
0.108068615
1.4387366
-1.9591507
4.1780324
0.3335227
-1.5082849
-2.6932693
0.30269086
1.204344
-1.2505102
1.4494559
-0.60989046
-2.2124882
-1.0127426
1.172948
-0.8370442
-2.005485
-1.3648212
1.3353472
0.5805633
2.142887
0.62682754
2.3744445
-0.043480538
0.7139438
1.1659864
1.0253285
2.834717
-2.3249588
0.50107765
-1.4928868
3.6421237
4.0115137
1.5232571
1.1616846
-2.1183186
-1.9445723
0.56859875
0.10761211
0.83425134
0.73594844
0.24458614
0.4743301
0.61158484
2.156996
1.1480936
0.89654
-0.7024997
1.2350464
0.5712653
-1.3504916
-1.8397423
-0.80856377
1.0214634
-1.8336338
-0.17115009
0.59632736
-3.7293022
-0.45813206
0.117188714
-0.3607738
-1.3247799
1.752757
-1.6759928
0.10889783
-0.5001052
2.6629019
-0.9214838
1.9645209
2.688098
-1.7432075
0.94967985
0.17001054
4.220705
-1.1394414
3.01285
1.9734627
-1.6113079
-2.8889468
-1.8911213
-2.054858
-0.15703131
3.3485384
-0.1542427
0.360481
4.463284
0.46967456
0.27408025
3.5868335
1.4326175
-1.6248088
1.3082922
-0.8415991
-0.2297526
-0.007319674
0.2989868
0.8388208
-2.21552
-2.5614016
-1.0575476
2.3248968
-0.17870206
-0.024857529
1.8868252
-4.3659463
0.8830896
0.5651917
4.759876
3.541423
-1.2396151
0.30666402
-2.8404126
1.9163156
4.1892824
-0.28882426
-1.3415179
0.23273078
0.7666845
2.4546716
0.54623723
1.0968133
-0.8025848
0.018223543
0.47856566
1.9502376
-2.8439927
0.20665024
-0.042473793
3.278413
-0.70261484
-2.6975098
1.750586
-2.9120312
-0.7771921
0.65312195
2.7945395
2.589536
2.8994718
-2.0752578
-0.44070378
-1.2053989
-2.2969406
-1.9675114
0.7458359
1.6128086
1.184943
0.4626546
-1.8028064
-1.2245692
0.8106158
-2.9786115
0.9876563
-0.56512064
-2.3580368
1.2695178
-1.8863972
4.788706
-2.4103045
1.34911
-1.542773
-1.0632522
-1.5103207
3.294999
3.7900944
-0.36868465
2.9323914
-3.2917054
-2.1003067
1.8275331
2.101047
1.5948143
-5.017499
-2.4577172
1.0966995
-0.648036
-0.46608567
1.2115108
1.5514843
-1.387203
-1.0997345
0.6471351
1.2690046
1.5444535
-0.91708606
2.4482224
1.6615273
3.3063624
-1.4224573
-1.8806968
3.596249
-2.9789684
0.084438674
-0.3754717
-0.17203774
0.7959485
1.8552654
1.9472117
1.3805472
0.83391535
0.0971258
6.9407187
-1.94258
1.729814
0.2935254
0.26238737
-1.1683152
-1.2435713
-2.797492
-1.9274908
-0.79868007
-0.3999013
0.9162014
-0.4996991
0.22523776
-2.6056771
1.9631765
1.8978186
-3.2033753
-3.888452
2.041906
0.86067307
-0.72542626
0.55120176
0.81276363
-0.82535684
-2.3375268
-0.21014613
1.3278362
-0.9207126
4.1008167
-0.8252277
-0.7556131
0.97825044
0.2596895
-2.7239707
-0.94264495
2.5483441
1.3248045
0.21516196
5.4870644
1.2361456
1.8129067
-2.274682
-1.2403902
1.1559854
-2.3015811
-0.4220631
1.0440503
-0.81868327
-0.598765
0.573136
-3.2909317
-2.1619625
-0.8295331
-3.487615
-1.9348645
-2.4775138
2.1785188
-1.4388877
-2.7661161
3.9380126
2.1615138
0.94469863
0.7617729
1.602272
-4.4333944
3.1578512
1.2580711
2.5289457
-0.014478855
1.5488553
0.025676355
-0.82536685
-1.2597018
1.079164
2.1292112
0.32994765
0.025465026
2.35081
1.5950437
1.5073836
-2.391802
-0.4176749
-1.7498195
0.4744687
-4.4242277
-0.8513132
-1.900122
-2.0947254
-3.8022244
-0.8806608
-1.761873
-0.82941824
-1.0161546
1.1988511
-0.8752205
0.78514373
4.091199
0.8928531
1.1647704
4.2849646
0.2942889
2.2873504
1.5664588
2.306193
-0.25495526
-1.4018589
-0.5914533
-0.82864934
0.027735777
-0.7959429
1.711568
-1.3371557
2.8336024
2.1100435
0.40804544
-0.043999314
0.050036326
-0.134305
-0.92909384
3.1157634
-2.6272142
4.925783
-0.47889033
1.4333048
2.8289185
0.27059218
-0.6205549
-2.9662378
3.7104857
5.840534
0.25817603
-1.1673284
-1.8727124
-0.7142723
0.9120367
-0.23958933
0.19669613
1.3536662
0.42098472
0.32691425
-1.4338404
0.56584746
0.3626256
0.40451726
3.8727527
-1.9004545
3.892148
1.0043837
0.7963813
0.91217434
-2.3375547
-0.07311489
-0.8606169
0.9487414
1.0659807
-0.17838737
0.92310333
0.903786
-2.6497765
-0.020305716
-2.3154418
0.54583985
-1.6064008
0.71740454
0.5656521
0.7713857
-3.6412
4.6725373
0.46662053
0.23488435
-0.1725171
-0.4640733
1.1615324
-0.5361352
-2.1352367
-1.5926069
-1.9217632
-1.722977
-0.4737372
-1.6673777
-0.6155306
-2.889487
0.13733505
-5.1207213
0.22722447
3.7882087
1.6790841
0.46062756
-0.06720787
-4.1228986
-0.03263712
0.7566664
4.9509716
-1.4878101
1.977488
-0.014847897
0.27741542
-1.3762437
0.8146934
1.5058593
0.62158394
0.2280637
1.234664
1.3263603
-0.62137705
0.12102901
0.2528064
-0.61492884
0.39736137
0.25029245
0.83439285
0.755393
-1.3424801
-0.73011094
-1.8882148
4.070852
0.27482134
0.5202618
2.9076571
0.25099376
1.8787332
-0.81121194
0.47231054
-1.9226463
-2.5296214
0.12273766
-0.78087974
0.32750097
3.284228
-2.8630798
-0.8510037
0.90021646
1.234555
0.5594848
0.7719173
-0.90220654
-1.3325151
5.556686
-1.6739904
1.8799717
0.959819
-4.12891
-2.8510692
0.5673158
-1.723913
2.2094493
-0.0932068
-0.7714026
-0.9006474
1.1515578
-0.8744623
-1.5187868
-4.443685
-4.169155
0.22499332
-1.1926935
-2.1276476
1.3634866
-0.58896697
0.4274553
0.06393882
-1.3926557
-0.68979436
3.924622
-2.37513
-0.2935549
-2.0134761
0.11486258
-1.6573393
0.46827263
-1.1978502
1.2512751
3.070464
-0.05236862
1.901206
1.7901037
-4.355224
-2.135853
-3.259915
1.5729357
2.1582024
1.542305
-0.19328323
-1.418622
-1.4452157
-0.4696533
-1.274674
-3.4520168
0.38079956
-2.7314818
-3.8024282
0.04422444
-1.202945
-0.58145386
1.9122612
-2.2702625
0.5861707
-1.0122007
-3.4769301
2.6433434
3.6398222
-0.9062324
-2.1011891
-3.7515697
-2.834892
1.6905234
0.14692055
1.5226642
-2.3663309
1.6786515
2.771376
0.8969439
1.1413909
-1.0483423
0.8946641
-0.74576586
-2.7031689
0.28508428
-2.14791
-2.305583
1.6487042
2.7861876
-2.4810221
-1.1554765
-1.8939357
0.84688413
-1.7069944
1.3408895
-0.049814016
-4.0999546
-1.3825089
-1.1766801
-0.37044728
-4.496704
-1.7049023
-1.189067
-1.480974
3.674288
3.0391004
2.4084966
0.013829805
-1.4131522
0.10277635
1.8134276
-0.47307205
-2.807588
1.7145104
1.9413797
0.32584834
1.8000281
0.68932253
1.1358688
-1.9040023
-3.2608528
0.48617667
0.9209892
0.23973024
1.8332397
0.49437252
1.4994041
-2.0935807
4.903921
1.8443569
-1.1124299
-0.73363155
-1.6206899
-2.190974
0.55074495
-1.3407542
1.2213705
1.6806715
-0.8896601
1.7237184
-1.0954589
3.5436828
1.077077
-0.30829233
-3.006115
0.9901327
-1.1613107
1.0371184
-3.931842
-1.5283526
0.18881613
0.9856189
-2.9589138
-0.09634801
2.9417377
-2.0632482
-2.2811866
-0.6496276
1.4164472
0.47972533
3.4435675
-1.0642083
-1.5387849
1.3521838
0.30629626
1.3480781
-1.2419015
0.513331
-0.7662137
-1.1115814
-2.4019706
-0.793904
-1.2035617
-2.3662395
1.6870779
-2.4618876
-0.821787
-1.7154422
-0.011569463
3.1092072
0.8851066
0.5118624
0.5297181
-1.4232069
1.2760559
1.5204738
2.017142
1.0174923
1.8738948
-3.6289825
1.0293599
0.3637158
0.18316439
3.57802
0.5064914
-0.8163161
-3.910403
0.24516107
3.7275448
-4.562722
-1.6736151
-0.7314129
-1.8419949
-0.27894622
-1.4498172
2.9199116
3.0762007
0.5762153
0.5916267
0.012785517
0.59398484
-1.1634808
-2.0286922
1.0490534
-2.201395
-0.42283916
-0.37134552
0.756056
0.61047834
0.10954565
-1.4978434
-2.1651282
-1.1772839
-2.7594836
-1.5967093
2.202226
-0.69505364
-2.6510994
-0.75713056
2.123657
-0.72909975
-0.82533693
0.7193687
-3.0835593
1.8943048
0.908271
0.47083563
-2.0628562
-3.4985943
2.08637
-1.5072591
0.024436645
-2.2292614
4.6611266
2.7200427
1.8472701
1.6175075
1.2946929
1.4487977
1.325544
-0.5488194
0.23769492
-0.099242195
-2.7654717
-4.6540427
-0.15450905
-1.064715
-0.32111135
4.0758605
-2.1656284
0.5157383
3.7757149
-1.3477753
-0.48276305
-2.097335
-0.26057768
1.2963618
0.9264181
-1.7300452
-1.376966
1.1474978
0.2567194
1.0201365
4.376355
0.0465692
-0.47771713
-4.6902623
-2.6556659
1.7652713
-0.536315
-1.5385923
1.3783417
-0.6681857
2.9702756
1.6105064
2.5308666
-3.2784932
0.821393
-0.9032121
-3.2560391
1.1768882
1.011208
-1.173892
1.3098279
-0.796257
0.34275147
-2.8581939
-0.31495732
-0.00025197119
-3.219884
0.8830701
-0.49275288
-0.18229607
-0.30879354
-0.25188425
-0.4739619
-2.5736916
1.8143075
0.1742693
-3.1649067
3.0911002
-3.5485425
-2.622406
-3.0053685
0.8868973
0.4701453
0.26050454
2.5469549
3.0922112
-1.6771747
-0.6719114
-0.94578874
-0.17932495
1.1273224
-1.7896715
0.45470235
1.4514375
1.7664576
0.032003447
0.85431504
-0.2442714
-1.8942147
0.041737236
-0.6776367
1.1189725
-1.325174
3.1078453
1.1199268
-0.38533914
2.5617156
-0.26232323
0.0029476434
-1.0176665
0.053269953
-0.8861717
-1.0121866
0.029864997
-2.5187407
1.0039039
1.3395747
1.8646262
1.6422328
-1.5795082
1.8868845
0.15668371
0.42913097
-0.61506456
1.2596002
-1.066369
-2.3471391
1.8211153
2.3643832
-1.9203013
0.033342417
1.4915793
-1.384945
-2.9605901
-0.13727441
3.2046442
-1.8342361
2.0602994
-1.8469186
-2.379199
-1.2317295
-0.32510158
0.8868602
1.7296267
1.878622
-0.66366845
-2.4900732
1.9032367
1.3485821
-3.828068
-0.45542896
3.1825972
2.0544226
-0.77453995
-0.8428292
3.3024578
-0.01978369
2.8862398
-1.9610946
3.6897721
3.1920667
-0.8571235
1.072029
-0.43184236
-1.2640419
4.4060135
-0.98493034
1.9962314
-3.0255392
-1.4690791
-1.2216672
0.54479635
-0.4497078
-0.7552157
-0.48471728
-1.1080525
0.42430252
0.645876
-1.2678717
0.9103435
-1.0636544
1.0928925
3.4487967
1.3660237
1.6716835
-0.88265437
-0.7490746
-2.2258103
-1.1251693
-0.21156742
0.24198459
0.98667204
-0.61946297
0.46644628
-0.13265742
0.5767742
1.4573779
2.7687356
1.9638842
0.12447697
-1.1457527
-1.6558594
0.9027654
-3.0434093
2.606319
3.2506633
2.0890124
0.03485675
2.168807
0.013728343
-4.283112
0.9906334
-2.8203585
4.4341702
-0.79695386
-2.162073
3.622415
0.42884517
0.30895996
1.7772133
0.50617754
-0.79101974
-1.1479387
0.75353914
2.6736758
-0.08605807
1.6012774
-2.6262727
1.5710893
-0.026499517
-3.3775778
3.4818416
1.8317548
-2.783711
1.4437722
-0.4112022
1.0672132
3.1069684
2.1372705
1.643501
1.5241038
-0.28278714
-1.1591536
0.2409519
2.0651512
0.2730137
-3.6497147
1.3243649
0.13264693
-0.4019374
1.3375623
0.95076764
1.531273
1.2943743
-2.1965423
-2.1032565
2.371769
1.4244288
1.9635837
1.3460017
1.8363798
0.8580896
-1.6495856
-1.0976915
-0.15044937
3.5318854
1.1222578
1.1749991
-1.1838741
-2.5581255
2.1958663
0.045595407
-3.7805727
-2.342062
-3.2584517
4.2058673
3.4566324
0.6013286
-0.149679
2.6296284
-2.2247555
3.8631926
-1.4600401
-1.6283687
-1.1680777
1.1710941
-1.1414769
2.8651733
4.2993097
1.3589034
3.2820988
1.4423862
2.2488127
0.801363
-1.330229
-0.6884293
-2.4129665
1.3692043
0.48208186
2.8424578
-2.9369485
2.4817085
3.1619868
-1.3924526
-3.9342058
0.7667664
-0.7073248
1.618026
0.8994269
-2.5821617
-0.90104777
0.48323083
-1.6371394
-0.07316625
-1.2027358
0.83043504
-1.0952039
2.5880654
1.1485636
0.5474834
1.3710304
-0.24013832
0.95790005
-1.5370351
0.7818866
0.43522277
-1.3431575
2.2031968