Spasar
1
0.5768439
-1.0589856
-1.4246457
-2.2283535
-1.9259987
0.009494454
2.6901186
3.3652139
1.890293
0.0415377
-0.44566977
-1.1771368
0.21724156
0.55852747
1.4043776
0.5675917
0.6877479
2.189145
-0.7469116
0.32764283
-0.21762994
0.36429033
-0.80006194
1.0482833
0.4082369
0.30246904
-0.5380714
0.3027891
0.51955116
-0.68282634
-0.9452629
0.77956057
0.29608577
2.0538015
5.0284185
-1.3647274
3.24208
0.98575807
-0.70001924
-0.90550166
-3.7945564
-1.7850939
-0.22700408
3.1642048
-2.0221176
0.21194309
0.53456336
1.2293631
1.1212367
-0.23511636
0.41193545
0.39766282
-1.4136664
1.0819852
1.8652561
-0.5290807
1.878238
-1.1835449
-0.869762
-1.0843276
1.5025097
-2.239145
2.1490612
0.9378246
-1.539512
3.0969787
-3.674367
-0.57480097
-1.4729023
-0.71878964
0.8431414
-0.99332154
-0.6690631
0.14632538
-4.687668
0.09592203
2.145261
0.8561318
2.3856447
3.9872942
-1.1333429
-4.4416614
0.66582316
1.2782793
-1.563401
-0.7103653
2.6739006
-2.5644724
3.152464
0.41197687
-2.2934418
-0.84581846
-2.1265054
-1.0075454
-0.16433734
-2.1766088
-3.928528
1.7776468
-4.097626
-1.375059
0.8702674
0.42914033
-1.4790243
-0.3274636
-1.0811507
1.1108618
0.45609167
0.53028697
0.34897047
3.556202
2.9217777
1.0279589
-0.5330542
-0.6455623
-3.6025932
-0.008834504
-0.56144154
4.805303
2.8012798
1.439211
1.7963161
-0.62894785
-0.074573554
-1.0209914
0.055738486
0.56790334
1.7613653
3.6402729
0.57526326
-0.4116086
-1.9495528
0.83957493
0.9419431
0.6455014
1.2856734
1.128917
-2.3189366
0.73561686
-0.24160327
-0.9442296
-0.1729281
2.2394311
1.3611906
-0.07625387
-0.9134904
1.4451369
-0.48919162
1.6648799
-2.4785776
-3.2989442
-4.630688
-3.3701978
-1.837963
-1.5795918
-1.1150409
-0.15745336
-0.12729019
0.86572057
3.6617515
-1.6627986
-0.27060163
1.303804
-0.78187615
0.530526
-2.4691353
2.2842102
0.8443078
-0.61841583
0.27142173
-2.3469868
-2.1997943
2.073296
-1.9731318
-3.2574434
1.2906022
-1.9397885
-0.23625574
0.4441092
-0.99607605
-0.5252191
1.187113
-0.25376973
1.9762901
-1.1801732
-1.9242177
0.3870578
2.7132895
-5.8359942
-0.17165336
-0.7692841
-3.3583446
1.2304194
-0.6430763
4.2173514
-2.0849216
-0.5565125
0.24942327
-1.2680926
0.7793564
1.3604343
-0.8561202
1.1788096
3.274012
-1.9274596
1.2639906
1.0223124
-5.211452
-1.1891475
-2.5001295
3.1631112
-4.1744714
-0.09883966
-1.7552652
-0.21723753
-3.6516829
2.011731
-0.8017778
0.20469576
-1.1294051
-0.5434939
-4.5345407
-1.0005987
-0.70780146
3.419815
2.1061451
1.4793142
2.1378133
0.8485183
3.195126
-2.6990905
-0.89067996
3.0563526
2.6192017
-1.7524455
2.9769955
4.400244
1.1148835
1.1499623
0.020270407
-0.6728942
-1.2916695
2.0238492
-3.770373
2.0521793
-1.6328483
5.564921
5.3619127
0.36029264
2.1330342
1.4914659
1.0883344
-1.4474361
-1.1740214
0.24298194
2.316788
-1.2748663
-3.4310343
1.6016021
-0.018806934
-3.05915
-0.3073038
2.7470877
2.8096635
0.6499867
1.469511
-1.7447288
0.49921682
-1.2126765
1.5748599
0.37754104
-1.0834628
-1.2192448
4.643535
1.5344094
1.3037173
4.219381
0.45096582
0.5468014
-1.351781
2.446597
-6.1427107
-1.7480917
-0.41002908
1.8526056
-2.1663141
-0.7983523
1.9227986
-0.24965766
-0.62188464
0.3379023
-0.25000167
-0.31975633
0.53529334
-0.20346123
2.7604818
-0.8839535
-2.9724898
2.5611424
2.5333936
2.11761
-0.17050636
1.4988756
-1.4622668
3.191919
0.57034194
1.6825663
-0.1002638
-0.4245711
-3.1736023
-1.3045504
-0.082546264
-1.4240003
3.3992746
0.5165581
2.8944728
-1.1381514
1.3105376
0.661673
1.3387315
4.2753234
1.470746
0.4697266
-0.61692345
0.8961884
3.617897
0.18455037
2.6048067
2.5442367
-1.1085194
-1.8638777
0.16752437
-1.5150968
1.3072642
-0.476274
1.1961263
0.1366927
1.3812958
1.4509147
-1.0180877
0.061926488
3.1292586
2.4930935
0.13208821
0.85251075
-3.9315684
1.384439
3.1806061
3.701188
0.7280653
1.401946
-3.7672448
-1.2094091
-2.2887332
0.6774702
-1.2065306
2.0298119
-1.7070206
1.9061389
1.0698858
-0.97081655
-0.9248012
4.322329
0.190795
2.3171742
1.4288322
-1.4489634
0.94267356
-2.8384705
1.4402984
0.7504571
0.0015418679
0.867024
2.041066
-0.21961492
0.7463373
0.14688134
1.0751208
0.6180663
-0.8156931
2.382114
-1.2848555
2.5946681
1.2828767
1.2826067
0.6739483
1.8898442
-0.56285983
-1.3610526
2.0390918
0.32549012
0.5548073
-1.0957007
-0.0017518029
0.2671789
0.75475097
1.1614635
-1.0768033
1.5294526
0.91717285
-2.1107535
-0.56856155
3.4393775
0.6762311
-0.9366573
0.33841577
-2.0490527
1.5958741
1.7483249
-0.75362927
-1.6224737
2.021336
-0.7941137
3.3844223
6.4729304
0.72908884
1.0420378
-0.71616685
4.455127
3.7564642
-1.0229496
1.2330431
0.014099494
0.42054084
2.5405266
3.9968374
2.0349073
-0.17451775
-1.7169149
4.2935443
-0.50596064
-1.2440689
-3.247017
-0.056860834
1.7369108
-2.8627756
3.6440756
1.5005676
4.154901
-0.2348789
-1.5588163
0.8349386
-1.0691636
-2.782591
-1.3074008
0.25251052
2.0416594
2.1674325
-0.97426283
-1.6405487
1.2283254
0.8368958
1.2040743
0.81838745
1.0526729
1.290784
1.519486
-1.3023157
2.280614
-1.1920327
0.51976854
0.41146213
0.53049314
-0.8076467
-1.4240667
-1.3987726
-0.24164896
1.0886776
0.032649703
0.71172726
0.6448787
0.9768016
-2.8003035
-0.87254435
-2.331076
-2.7037764
1.1026835
-2.1019416
-0.4335608
-0.847394
1.2648977
-2.0495822
1.3132769
3.993748
-1.2205555
0.97386587
1.6847014
0.6139718
-2.1172893
0.6703583
-1.6743557
0.37891147
6.4530234
1.0442402
-0.394363
0.14692244
2.471579
0.8218145
1.4018672
-1.8978242
-3.8224447
2.6565368
1.9645101
0.34694907
0.95299166
-1.1984074
3.8133547
-2.0239298
0.19785842
1.957484
-3.336514
1.499844
0.7841195
2.3478491
-0.76071626
-1.5465727
0.3763312
-2.8968637
0.2231855
-1.4565874
-0.43982065
-1.191064
2.4408226
0.59685206
-0.7137814
-1.0213685
3.0324843
0.36952168
1.3458661
3.4046755
-0.29021543
-1.1314292
-0.7730995
0.24477574
-0.20511459
0.9021209
-1.3447194
-1.8524618
-0.45716327
0.17476219
-0.77288795
-2.8654938
-3.9064791
-0.64819014
0.79770035
3.8841145
-1.4944847
1.5953667
3.0814397
-1.0918044
2.4149702
0.2623578
-4.285755
1.8244259
-3.638527
1.6747888
0.5279194
-2.3891113
0.32715726
0.06527129
-0.8248922
-0.0005824268
-1.0571067
0.4901663
0.836636
-2.190012
1.1165898
-0.25409877
1.768127
-1.6557076
0.9962202
-3.014331
-1.389258
-0.13088936
0.6900156
1.6454284
-0.23038766
-0.08257512
-3.8654563
1.9245449
0.17462462
-3.944505
2.7120228
0.70273185
0.99498284
-1.7275214
1.5698283
-0.35762185
1.3897295
0.13040407
4.334053
-1.9402733
0.37951043
0.7271301
-3.4238791
-1.5101533
1.0541464
-0.06977047
2.1590886
-1.5382783
1.1114875
-2.3160179
1.9209083
-2.7718482
2.762348
1.037851
2.721278
3.0663683
2.306565
-2.8896966
2.0101895
-2.9943721
1.8208802
-1.477539
-0.5792346
-2.1913116
-0.14941233
1.4276717
-1.7718155
1.7142683
-1.7585902
-1.5998856
-1.2846575
1.7585086
0.9560407
1.7964337
-1.8021635
3.3247643
1.9382274
-0.19577414
-0.4699714
2.0597517
2.0570912
2.3983297
0.0013162903
0.3692981
1.1239079
2.7514548
-3.7385526
-1.2601883
-1.4617838
-1.7667062
0.4239063
0.04493796
-1.2751306
0.20993191
0.63197416
0.33365977
0.5877732
0.89014786
2.1239476
1.3426174
1.3366339
-1.3422536
2.1883314
-2.2946856
3.431297
1.7213967
-0.7888897
-0.17189771
0.92927086
-0.80897355
0.6833186
0.55324954
-3.1416633
-2.076752
1.9274815
0.6782381
-0.5215956
-2.0039046
1.0431182
-2.7695386
0.8366713
3.6011372
-0.548806
2.2864726
-0.32989472
-0.5212327
-4.1110415
-0.29645434
0.16833916
4.590365
-1.2983733
4.0451097
-3.003014
1.1458715
0.055678837
-2.3707433
2.4468226
-0.12970003
-1.7178875
1.430516
-0.14792758
1.3448741
4.5686717
-0.31179076
-2.3588855
-0.5664487
-1.0046294
0.18281558
-1.5960934
-2.0340323
-0.054333597
0.59444004
-0.87102115
-3.534402
2.719696
0.23466691
1.7917755
-0.44913858
-2.3624642
2.9157238
0.47803804
1.7005688
0.53728056
0.31392464
1.202415
-1.6900604
2.6339624
0.7258395
-2.3221765
0.12222834
-0.1174727
2.6602552
2.33826
1.2059652
-2.5386782
-2.832158
-1.5997249
-0.4680959
-1.727775
-0.3274444
1.97515
-1.1358361
-1.7099459
3.6133847
0.5596615
-1.3472065
-1.2896091
-1.3399808
-0.77973443
-0.8838327
-2.3873634
1.9286175
-0.8499874
1.5697428
1.3163313
2.6294703
3.3243575
2.6349895
-1.8938252
2.7190225
2.458847
1.7274613
0.037321955
1.9992223
2.3309495
0.013227455
-0.9448159
-1.0949277
2.2704017
-1.3353531
0.747558
3.9880066
2.0558014
-5.4321074
1.6390328
2.865427
1.6617728
0.15501769
-2.5069106
-0.7989091
-3.4549809
0.24606064
-4.2458277
-0.13958108
1.8796469
-0.60644126
-2.064557
2.5503173
1.0751437
-1.0513185
-1.8807219
-2.207908
-1.9032578
-2.9976382
3.1374617
-3.2169003
-0.19742006
0.44137505
-0.44825232
-1.9089538
-1.7005345
-0.27688769
-1.0907377
1.1344782
2.25147
-2.5034423
-0.1544418
1.5105819
-1.3662021
-0.91362655
-2.5449646
0.5517819
-1.1138451
0.3252671
1.9176849
0.10538392
-0.96770346
1.3586524
0.74802
-2.4309587
2.2048671
-1.3502127
-1.9346858
-1.6797428
-0.39417872
3.056577
-1.5888212
-1.8501749
-3.5566485
1.5870715
1.1641712
-0.4739961
0.12545589
0.7368152
0.5522569
1.963194
0.26151517
-0.75729996
-3.0669682
2.9132214
1.1726568
1.095443
1.034252
1.7091215
-3.3031957
-1.2177407
0.5666429
0.94744503
-1.4668229
-0.77070326
-3.0239067
1.2619784
-0.29436165
-1.6663808
0.15299995
-1.879003
2.8233838
0.33352867
-0.040861696
-0.4473069
0.94191486
-1.766205
-0.3857067
0.25806618
1.5505141
-0.75724536
0.1068756
2.3697672
3.1462908
-3.0616238
-3.18138
3.4507174
0.23367682
-1.7762951
0.43051094
-0.19393107
2.8582683
0.17921941
-0.28793195
-1.1162903
0.8558191
2.2888324
0.6449635
-1.9592878
2.2439125
-1.608391
2.664691
-0.22509062
-1.1569257
-0.67246294
4.308689
0.62770164
0.2583905
-1.6223205
-0.8276348
-0.49037132
-0.58218455
1.1887008
-2.0783324
-0.7055397
-0.28061572
-2.957946
1.5925057
2.0686157
2.2331464
1.7675711
-1.562063
-2.719772
0.06316077
2.263682
0.92940015
-5.503271
-2.7300272
-2.272575
-1.3755673
-1.5049931
2.1658096
-0.6675762
0.10033595
2.5502849
-0.25424966
0.14649975
0.2565748
-3.5525284
-0.972505
-0.7358857
0.012460511
0.21749452
1.4097916
2.1205688
-0.8082728
-3.660843
-1.7714245
2.5576823
1.7579573
-2.6532257
-1.680251
2.1342473
-3.509925
-1.3672969
2.1145725
0.14898333
-1.3153757
3.1294105
1.1902013
-2.675287
0.6732139
-0.5691072
0.58768415
-2.4351766
-0.6046308
1.4575263
-3.4942827
-0.5212927
3.9990716
2.7450418
1.6463569
0.6603311
0.6138946
-3.235655
-0.11429272
-0.39899173
0.5991131
-2.721201
-3.2993731
-0.05779151
3.2074594
-0.20315301
-0.2750063
0.24363089
0.36093858
0.52575505
-1.1739119
-0.85037124
-0.21316636
0.90551674
-3.1814601
0.6743174
-2.0459971
1.9978904
2.619292
0.18671902
4.5014405
-1.5690053
-1.7951032
-0.53466797
-0.887047
0.22110522
-3.7407644
1.2243346
-0.11357181
0.20323744
-0.4849732
1.5310504
-2.8991735
-2.4657278
-0.7829343
2.1668224
1.6398492
-1.6091774
2.3379586
-0.14903957
1.263312
-0.93876684
2.9883387
-1.7475038
0.6172627
0.11473049
-1.6639327
-0.19587728
0.3196325
1.1637192
2.3321872
0.5240558
2.814489
-0.39923868
1.0837263
0.2862101
-1.9815294
2.2358472
-0.40351656
-1.638666
3.3859756
-2.9894614
-0.32246074
-1.9727998
1.710077
0.059470363
-0.60384434
2.504961
0.05671481
-1.9772081
0.5409803
-1.8699052
-0.32184872
0.31996307
1.8991916
-2.093092
1.1592771
-2.7600362
0.37552023
-0.9974377
0.31950366
2.7611969
-2.8332965
0.73882556
-0.2542807
-1.1786861
-3.2848742
-3.6923249
2.77383
0.89735425
1.6273735
-0.64351416
-0.049346022
2.6641011
1.8241041
-0.35873264
1.7289939
0.61893356
0.624607
-1.5479575
-1.8454074
-3.9389384
1.2459118
-1.2700212
0.78946775
1.1380569
-0.37676242
-0.7555592
-1.5539347
-0.30619064
0.075249396
-1.0042683
2.910528
-3.1191692
-0.70183897
0.88636637
1.1451689
4.0997705
-0.5589521
-0.32167915
-0.61967206
-0.9759734
-1.0171931
0.31589204
3.6869547
-0.44246066
0.031358555
2.8090022
-0.1111122
-0.65294915
1.4733543
0.6045047
-3.2547743
0.13978946
-0.8504101
0.36607808
1.6644266
-0.08331364
-1.0301683
-2.029854
0.70646614
-1.0715209
-0.58288604
2.0085886
-1.190954
1.4795737
-1.4150808
-4.3790207
-0.94136655
1.5159951
1.6030153
0.074078694
-1.574246
-0.8297097
-1.8690429
-0.8572209
-3.927555
-0.37986818
0.91509664
-2.3413906
-1.0500422
0.2666395
-1.8831149
-2.532281
0.2922463
1.7872577
-2.153792
1.3165412
-0.98463625
-1.7076141
2.2078853
2.7378683
-1.9090189
3.7613227
0.63992
-1.9993938
2.0750828
2.4222739
0.36584356
2.318997
2.1005042
-2.400772
0.33242628
2.018734
0.36047947
-0.15632203
3.1623964
1.441782
5.2378664
1.1637278
1.1318895
-1.2435993
-2.3544044
-0.92890114
1.2525729
-3.223015
-0.4368428
-0.38638794
1.7181803
2.624463
2.8704226
-2.8856962
-0.54690063
-0.5741037
0.73843396
3.6875796
2.024094
-1.9371047
-3.6007445
-2.048181
1.1587509
0.78936297
0.06827339
-2.1422975
-0.43283322
-3.1571076
0.19204366
-0.53862405
2.6460896
-1.3130791
-0.8230974
-1.2160491
4.640369
-1.7910424
0.17152196
2.0524697
3.5039709
-1.581376
0.49010706
-0.18517691
0.5746915
1.8140938
-0.37713414
-0.6236713
-0.21086356
-1.6730121
-0.6253477
2.2092938
-1.4188033
-2.0031202
-0.5690503
0.69783473
-3.610209
2.4046867
0.4261127
1.285325
1.5558481
0.7382066
0.6416699
2.2064352
-0.19220671
3.0507143
1.5355632
1.3929749
2.9370255
2.7934434
-2.496824
0.6979266
-1.0037441
-0.15857193
0.8139719
1.7296293
-0.20546564
-0.8186557
-0.59000385
-0.84393126
1.152775
1.8779646
-0.62658614
-0.42661226
-3.596243
1.4453297
-0.36911896
0.9503037
3.4061809
1.1469883
1.6292518
2.623249
-0.7078423
-0.0019042715
-1.6204841
-0.2798099
-1.4691385
-1.0303198
2.4260144
2.8913658
1.1659913
0.14261514
3.2750967
-1.7492677
0.85937774
-0.8449846
-5.1084495
0.6033368
1.7188516
-2.173567
-0.29921293
-2.2042778
3.1384964
0.9268214
-2.4226942
-5.526468
-1.1280912
0.7136278
0.16721344
0.6701618
0.9850897
0.98934686
-1.8905796
3.779369
0.13046983
-1.297438
0.872646
-0.63239586
-0.61582905
-0.19765532
-0.12438229
0.82887685
-0.39990082
-4.8124228
4.270932
1.2902085
-2.528855
2.2459972
-1.5929528
-0.957776
1.980179
-0.3296423
1.2521744
1.3996354
0.17121743
-3.1773791
-1.9636745
0.8403152
0.18526196
1.0960126
1.3639005
-2.255344
-0.3627184
-1.7123475
2.0043619
1.6736275
-0.5798804
0.7722066
1.581287
-4.244465
2.1548395
-0.38216776
0.10854821
1.8854984
-0.8694065
0.8366968
0.69308746
-2.8831952
6.079642
1.8769095
-2.9207532
0.96833915
-6.22834
0.40516227
-3.0674891
0.07186817
-1.1236655
-0.89808303
0.30050966
-0.039702058
-0.3996037
-0.01773256
0.7737784
-1.0762445
-1.9481784
-1.1900119
-0.33570632
0.889747
2.3112917
-2.9522417
-0.94537896
1.2528174
-1.2148271
-1.5532272
0.89812994
2.8786101
2.0893617
-2.9715884
-0.9477498
-0.22321805
1.0901508
-0.59882355
-0.39472833
4.8564754
5.1861253
1.167167
0.7908844
-1.693116
3.9710143
1.1210432
1.2817525
-2.9773254
0.78556275
-6.132941
-1.0680654
-0.4699226
1.5518398
-0.45748508
-0.17366323
-0.6309852
-0.09037391
-0.46977147
1.8506069
-1.8753102
-0.32622546
3.7834904
1.1602304
0.38899752
0.62340283
1.9970808
0.5756986
2.0481148
-2.9102485
2.1278276
-1.397335
0.26021814
-2.9739912
1.7392888
1.3526847
-0.5499381
-2.1789598
-1.2583725
-0.89645606
-0.3266834
0.70923185
0.9268949
-0.24106237
-0.5052691
0.4313612
0.61370045
-1.2226512
-3.1247451
-4.2060184
-1.7014946
2.092228
0.9578099
1.1844494
0.040055126
-1.2685184
0.03656026
-3.216584
-0.33951592
0.43886223
0.9921782
-0.94253623
0.20957428
2.408143
0.44035637
1.8130611
0.076755874
-2.4278433
0.1464259
-1.7761853
-2.7180932
-1.0767918
0.3073966
-0.4142895
-0.5080378
1.7552439
0.8063498
-4.205046
-4.210767
2.0109584
-0.29029065
-0.23753169
0.9160537
1.0019637
0.4338592
-1.7248467
1.0717872
3.6001148
0.09621777
0.5865598
1.539196
-2.3040242
-0.55369896
-2.0880177
-2.8617966
0.5767325
2.6333404
1.9096835
-1.560083
-1.7723078
4.314143
0.7094351
0.16418111
-1.5524249
-1.1067472
0.5401027
-0.8418586
0.5081747
-0.47206554
-0.4927861
-0.081354484
0.7690613
-2.3401535
-1.1242763
0.6312143
2.236265
2.9570324
-0.07105101
3.1746564
-1.7295039
2.4464552
1.4703827
-3.1959195
0.7385678
5.349862
1.1757098
-0.04500761
-0.42461973
1.178648
-0.26461744
1.5928853
-0.87109816
-0.6620229
0.22651732
-0.37680897
-0.43192443
-1.7687247
-2.7669804
0.40846562
0.032544628
0.24039972
2.6877673
-5.0752063
-2.6492932
-1.3651676
-0.87170357
2.6674607
2.457261
-2.233869
-5.546488
-0.6117091
2.381457
-1.6951602
1.6469586
0.32552424
0.38512963
1.8785818
-3.3840857
6.037164
1.1124884
-0.66861254
2.030819
0.90773803
2.4173756
-0.13922568
-2.9816089
1.9613292
3.8576708
0.29241738
1.3025967
-0.8911811
-0.5601068
1.7089943
-2.2783685
-1.7049478
2.9724543
-0.4623928
-3.7115757
-0.8021064
-1.5381287
-0.82578564
1.7625085
1.4564139
-0.46060607
-2.7300777
0.27073112
0.085522376
2.315041
2.2255356
-1.8867209
1.1056308
-1.6843321
1.5363762
2.1538453
-2.3511672
2.1465518
1.2773982
-1.7975771
-3.5583162
-1.5816294
-3.8619332
-0.8219959
2.249753
0.69360507
0.79389495
2.3931882
0.11877136
-0.47424176
-2.1242297
1.5940516
-2.1674821
2.5941696
0.7692239
-2.0379117
0.7337617
2.1017623
1.1600288
0.2833962
-1.105078
1.5011293
2.1691344
-2.3532357
2.366911
1.9395608
1.8014461
-2.0537713
-4.153693
3.4654317
2.2457032
4.5467677
-2.9578798
-1.0485493
-0.7326399
1.2173939
1.1441439
0.05225771
-0.33118075
-0.58100295
-0.022039518
-1.0666596
3.462816
-0.42519373
0.62466234
-0.18232274
0.03216746
1.6434679
-1.8845886
1.021498
-4.6547737
1.6281508
-0.5225092
1.4752191
0.15722999
-0.17395142
0.5927712
3.757706
-0.40791076
2.15955
0.83776826
0.17592908
1.2969749
1.0226818
3.350733
1.5476415
-1.7532513
0.011609841
-3.385205
-0.13816589
1.4758983
1.0423386
0.8965411
-1.3024665
-1.0365626
2.4088361
2.9181952
0.65005094
-1.1944835
-1.112966
-1.7026888
0.46572247
-2.9725544
-0.50378656
-0.67575777
3.7489738
0.69299996
-3.4046504
0.3649138
2.0300996
-0.4591931
0.8299412
0.6167118
0.021411922
4.5296183
0.9303392
2.4238262
1.8282727
-3.0014122
-0.054984704
1.0041957
0.1321094
1.7542863
0.49119288
2.4272332
-0.3588443
0.69818056
-0.8165374
1.2168546
-0.813752
-4.532269
-1.02355
-0.80167735
-0.27224314
-0.4731906
-0.4012442
0.25227308
-1.3830022
-0.59358823
0.328125
-0.8852397
0.21447182
-3.5764847
0.4449936
3.1585407
0.7582781
1.5802084
0.00377284
-1.8054886
-0.9007302
-1.8163455
3.2825632
-3.1872907
2.8398652
0.5741616
-0.925632
0.14016506
1.7290885
0.7492307
-0.03717018
-0.14958039
0.54122645
-0.5180447
2.8337772
1.1362753
-0.4593717
0.87133414
2.4323983
0.9346438
-3.8407416
4.13033
1.9027449
0.6451485
2.0195966
2.2840185
3.6955197
0.7823694
-1.558023
-1.1879786
0.67807597
-1.1376355
-1.31274
-0.25808215
0.4610834
-3.966691
-0.0484872
0.70118296
0.15384652
3.7389743
0.9623219
-1.6703051
3.1911538
-2.977357
1.7151257
-3.4208941
0.25879452
1.3294044
-3.4373126
-1.1356499
-2.0696073
-0.039771065
-3.12894
3.4449768
0.90385497
0.2699852
0.7429349
2.1550841
-1.2454271
0.20709094
-0.45825577
3.4152012
-2.0233355
-1.4361352
0.3937378
-0.2859566
-0.44984978
-0.120250635
-1.0337204
-1.3625615
1.9254872
-1.7939667
1.0071478
-0.013100736
-1.0795889
1.9949212
-0.1803695
-3.8418422
0.082030386
2.027243
-1.8330042
-1.8299199
3.5197132
1.0811336
3.1596904
3.6724591
0.9908802
1.2788537
-2.1517255
-2.9349513
2.009504
0.10552743
2.7126517
1.4198853
-3.3598177
-1.4187591
-1.7126735
-0.21825245
3.1390517
-0.77900565
1.76509
-0.5678712
-0.21747991
-3.16058
-1.0327412
-2.1992216
2.0309842
-0.23418948
-2.7178283
-0.6699184
2.7730696
-3.9227073
0.7758557
-0.7206771
-1.0374784
0.7625212
0.46119463
0.7921416
2.0298786
0.32548508
1.6340886
1.5692955
1.0543759
3.1326098
-0.73130476
-3.1202486
-0.039612085
0.31232712
-1.9846886
-0.1423684
0.43031064
0.4332633
1.8176348
2.6426017
0.43475783
2.2096002
2.788038
2.4915206
-0.6074012
-0.99273336
-2.6495724
-0.6738476
-0.39749348
2.5765414
1.0235538
-5.605072
2.0253143
-0.12607345
-2.0279324
1.3932135
-1.0659546
0.93895596
0.3371887
0.7737152
-0.13317913
-0.42159808
-0.021895446
1.2040753
0.32698682
0.79181516
1.4218943
2.3520007
-2.0307617
0.33874342
-0.47098848
-0.796861
-2.470234
-4.1094856
-0.24111947
0.59432817
1.5124444
-0.83797276
-3.546491
0.19532813
-2.4905126
2.184421
-1.381967
1.0769548
-2.1330974
3.768916
0.3719136
-1.2725184
-0.9141906
-2.292344
1.9818425
-0.7800196
-2.082813
-0.55648947
0.32227466
2.9223263
-2.156074
0.91439193
-1.4779245
1.0858887
0.69683087
3.7624729
-3.943001
-0.38367775
-1.3799005
1.6622336
-1.4171977
-0.37068075
-1.8866063
1.6094348
2.8887477
0.36344576
-1.9284877
2.818888
-1.1882042
3.7413182
-0.8112616
0.27275288
1.8514307
1.2451438
1.5201848
0.9977959
1.6360033
-1.6222545
-1.4509938
-3.6232235
0.15650938
-2.121066
-0.5491911
-0.46005514
1.0883781
-0.22275746
-0.57350665
2.1183577
1.0736985
-0.94971526
-1.2211173
-3.1022568
0.51416075
-2.8589368
2.183239
0.5728833
1.6874292
2.0319939
-0.77633387
-2.1345181
-0.57968855
0.15994878
0.19411367
1.9663525
0.056648694
-1.9617751
1.6440632
-2.4225698
0.700466
0.48520815
0.83091044
0.8540292
-2.6545703
0.25609016
-0.753329
2.2771876
4.9569235
2.5189342
0.2518726
0.3592807
-0.86800724
-0.7982016
1.4217477
-0.72506124
-0.3341849
0.9673946
-0.22960767
-0.54294014
1.0530007
-0.4527642
-3.3495033
-0.626099
2.6637187
1.6041671
1.829208
-0.59428227
2.5832896
-2.5947492
-0.35620847
1.110812
3.9393318
2.0918236
1.9944776
-0.4802122
0.90953404
2.1589506
-0.35475853
1.0635715
-2.008657
-1.0646296
3.9251747
4.2005315
-2.8695152
0.6250126
-0.8378361
0.21265486
-1.687453
-1.2230698
-1.6606364
0.14509311
-0.15998054
-0.548205
-3.3271816
2.1385896
-2.1658661
-2.9840403
1.6892424
0.99546695
3.1975389
-1.4645363
-1.2251929
-1.6195056
0.49348706
0.60199213
1.8059244
2.0888178
2.5008612
-1.1645776
-0.10085925
-0.58761454
-0.5267803
-3.2483048
0.7737825
-2.0414813
-2.4450395
0.85898817
1.6613957
3.6579452
0.32983303
-0.1412608
-1.3287177
2.9878721
3.6863987
0.80150396
1.4971846
-1.1671406
-4.2125344
-1.1751224
-1.3974967
0.21190283
-0.246777
0.76170343
-1.5298283
-0.3342765
-3.3142457
1.8017875
1.7095249
-0.91311353
4.9975753
1.2403156
0.27481326
-0.24396572
-1.6858193
2.338981
-3.141255
0.51569796
1.3877821
-0.20071831
-1.6297183
-0.1809399
-5.365352
-0.4239144
-0.66002613
-0.93928313
-1.001561
0.21371208
1.7621796
-2.2430403
-2.949522
3.0874197
-1.7403208
0.27237213
1.3587769
3.6073136
-0.18742111
-1.547499
-0.21003854
-0.3726903
1.5336517
0.105264306
2.2532675
-4.0881953
0.18122749
-1.3389505
0.15904406
2.6015525
-0.4132197
-2.0545669
2.5299175
0.16934714
2.567871
-1.5577714
-0.87430465
-0.7935183
-3.5945878
-1.4708174
-1.7804747
-0.051545717
1.3260173
-1.6512889
-3.5486274
5.003528
-1.119323
-1.5508057
0.5037642
1.0766017
-2.1242926
-1.3206469
-2.5157387
-2.4192848
-1.1906866
-0.9355038
2.213633
0.52881634
-2.0711532
-2.7460005
0.45291767
2.606234
-1.2161868
-1.6977105
1.4307783
-0.3228088
2.8291535
1.4283143
-0.13615349
0.5912891
0.042505212
-0.108771674
1.7808911
0.18309997
-1.4053525
0.011585481
1.796913
1.6288861
0.28776848
0.6411166
-1.3147876
1.1066504
1.9491154
2.08265
1.1963501
-1.0621686
1.9121686
2.4064956
3.4337118
-0.6560151
-0.753901
-0.7884105
3.6378527
4.392022
0.5807674
-1.3471234
-0.2529972
2.2270296
-0.3696635
-0.46927482
1.865018
0.46090832
1.8115019
1.6112766
-4.3769364
1.9037093
-5.644838
-1.39317
2.8723917
-0.43317547
-5.866903
-0.47224417
-1.6388993
1.9020271
-1.4842287
-0.7188489
2.5670297
-3.5637803
0.7057982
1.7822095
-4.3118224
-3.2224524
-2.22456
2.1782804
1.8041289
-2.8369834
-0.8411196
-0.68293756
-0.06467617
3.1674173
0.5851645
-1.0015789
-3.6754253
-0.20760316
-0.36375996
1.405021
1.2287031
3.0602374
2.0019674
1.0014673
-1.879593
-0.68017364
-1.1694708
-1.1229165
2.4562345
-1.6415738
0.19537035
-1.0419058
1.9834929
0.0144947395
1.6224475
0.30711782
2.6005204
2.7203066
-4.593843
-1.226297
-0.30822203
0.87634486
-1.5155342
-1.3666166
-0.12441497
-2.651804
2.821954
-0.5685948
1.5466441
2.386468
-0.9933718
-2.9554431
2.7859788
0.43796527
-0.78155416
-4.5583453
-1.0223342
-1.3836318
2.8869734
-0.7139847
-0.6223918
0.14960048
-2.2319722
-2.552732
-0.65706116
-1.0607235
2.1269052
3.1283178
-2.691815
-3.063629
-0.5960649
-1.1999305
-0.8107457
0.10109107
2.2325344
0.764778
-0.89760387
-0.12874898
1.3527768
3.5412872
-1.294493
3.410181
0.8083129
-0.56254786
1.4988118
1.2034566
1.3635453
-0.852276
-1.513882
2.8038292
2.7748003
-2.988607
1.8914763
-3.5286891
0.5395759
-0.9712112
0.99582577
-1.0360411
1.8210979
-0.9311784
-1.8949265
0.7847563
1.7636929
-1.3762915
0.26349017
2.3326423
0.37628216
2.1180933
-0.7210147
0.68868136
-0.06845683
-1.3545108
-3.6270022
-0.29995054
1.3521974
-1.1438974
-0.47883874
0.3646724
0.51685184
-0.3089598
-0.6933092
-1.6992177
1.6879189
2.4310515
1.8712898
1.0345037
-0.6174819
2.4592988
0.68362594
-1.0089206
0.53826654
4.0392504
1.9536536
1.9760329
-0.5520192
0.2340619
-2.8562872
2.4612916
-2.4987051
-0.39943048
-1.0024214
0.6441071
0.48461086
-2.157616
1.8343077
-0.31095445
-3.0877607
-0.39867812
-0.05965692
-0.6716964
-2.846294
-1.2332776
0.07012923
-0.3311877
-0.18427345
-1.9473493
-3.2961462
0.3298385
-1.7919357
2.956407
-0.04969001
1.941408
-1.5954536
0.72322553
0.9116194
-0.09026325
-0.72149926
0.76295125
0.9144669
2.4535964
1.5776082
-4.0872188
-3.4442003
1.8154479
1.9383061
-1.7064329
2.4640536
3.0400481
0.4297071
-0.9633743
2.270736
-2.238267
-0.27457684
-0.1934058
0.011058681
0.50983757
2.697799
0.8584891
-0.19040015
-0.721306
-3.6474319
-3.367899
4.941014
-2.2357087
1.2235426
-1.0123314
-2.2877243
-0.47887605
-2.8337662
1.023409
1.2217151
0.14691247
4.464474
-3.6416678
3.4644787
0.8651301
2.4359913
0.20578982
-2.2749174
0.010326102
0.34821832
-0.05749599
-4.2629094
0.6219734
-0.14562643
2.2995982
-0.6535621
0.209374
1.6962188
-2.7686238
0.60302544
-1.5504351
0.3421029
3.5892406
0.043505564
0.34205067
0.16747126
0.13774797
-4.131013
-3.985698
0.7534122
-0.65101093
-2.2103662
2.5023112
1.2535994
1.9074761
-2.6147032
-0.6397042
0.84595895
-2.7936225
1.0020058
-0.29157913
2.4709978
2.369775
0.19942516
-1.0594752
-0.32735655
-0.53439176
4.1814833
2.014136
-1.8210664
-1.1666403
-1.6166555
-0.26375157
-0.33795178
1.8591822
0.3234834
2.6695564
-0.78522915
0.90841866
-0.84094936
-1.3728422
1.3105206
1.14929
-0.2306469
4.6033587
-0.29035863
-1.3283738
0.733128
-0.8045025
2.175921
-2.4932919
-4.2538753
-0.9885836
2.8988786
-2.1511827
-1.1607534
2.244554
-4.370586
-1.3041089
-1.6377707
1.9735281
-3.190576
-0.9972988
0.49793643
-2.5833316
1.1458902
3.6789646
0.7045777
1.1056863
-1.6847535
-0.8899566
2.8249469
-3.1484945
-0.5414969
0.1648094
2.638569
1.7179582
-2.9037464
0.013296522
0.9246546
-1.5833166
-3.4024296
-3.419074
-3.1296394
-0.87830573
2.8442633
1.2337166
-3.1125188
-1.594135
0.9078587
0.7451957
-0.49166435
-1.3158925
-0.19536564
-1.5662723
1.3391961
0.37163502
-0.45915955
-1.4201735
-0.022400409
0.048488386
-1.0751169
1.7297958
-0.44403523
-3.621404
-0.57544535
-0.9060285
2.76915
-2.8735082
0.86730844
-3.8357124
-2.863781
-2.1214337
-1.2078391
2.4284155
1.6455746
1.0666804
-0.5476554
-2.0455492
-1.3278337
1.1296252
0.765972
-0.76127726
-1.2040229
1.1847078
0.92450714
-1.5055763
1.3865695
1.0953126
-3.878302
-1.3824683
-0.04808761
1.5213482
-1.6642283
1.7973572
0.5069839
0.45120803
0.28182518
-0.32137403
-1.4899704
-0.3753641
0.044355437
-1.4813843
2.067006
-0.4690385
-1.4344754
2.2079122
0.55971324
0.25040898
-0.17844367
-0.45956504
-2.7218382
-2.2917244
-3.1870518
-0.4730645
0.6819719
-1.19445
-2.5195537
2.8063426
1.901078
2.644061
-2.139393
1.299498
-1.8068662
0.21185175
-0.071009845
-2.335823
0.44868702
1.3226352
2.075961
-1.9218342
-3.284027
3.0312557
3.6083412
-0.06644094
1.0305425
1.284231
0.6724762
0.4614966
-1.2163602
2.3476877
-0.15446997
-2.184088
-1.5411131
-0.6872911
-1.1349072
2.827302
0.82891506
1.5442903
1.6821992
1.2860913
0.30298793
0.6342207
1.2007989
-3.2389226
1.1592897
-0.59948486
0.06792011
7.7097363
1.1010383
2.0127409
0.8103252
1.599417
-1.6898308
-2.1969767
2.2202222
-0.4578157
1.176872
-1.0563293
0.66504705
-3.468015
-0.54335994
-2.3648014
1.3383911
-2.6340947
1.542588
1.737368
3.0573854
0.7636751
2.909386
3.2365491
0.39742476
-0.63649493
-0.802897
-2.4173908
1.6325392
-0.063134156
-4.0064545
2.0249531
-3.882962
0.39573264
2.66675
1.7041379
3.905421
-0.17287816
-0.6487364
1.9976481
0.9544712
0.960261
-1.1781228
1.4196757
2.1218336
-0.032005012
-0.64759076
1.807085
3.0554876
-1.1427455
-3.2325115
1.1089953
1.5050697
1.9845448
0.88690734
-4.673179
-1.1189649
-1.4104694
0.12692496
0.8211529
-1.7774324
-1.9606078
1.5562223
3.3557558
-0.70060325
-4.344946
-1.5836025
-0.9107858
0.13031046
2.3271964
-0.42739993
1.3254654
2.2423465
2.1885772
-4.04296
-0.6494212
0.71051234
-2.6219113
-0.24878705
2.361099
0.9647877
0.10788822
-1.9581004
1.7728575
-3.067892
2.0426404
1.8947637
3.4845443
-1.5779592
-1.1878852
1.1892316
-2.4195528
-1.2803954
-0.7099824
-2.5770907
-2.2772322
0.6206536
-2.845462
5.099767
-0.49029523
1.6733928
0.6604079
0.29093173
-1.8937349
-0.65624785
0.94077075
0.25750107
0.775749
-0.45742
-0.7446488
-1.11006
-2.5381913
0.45494872
-0.24204516
1.8632514
1.3047868
0.4895996
-0.3309293
-0.50942254
0.06582867
-1.2329396
-0.8836673
2.5159335
1.5436145
1.8381615
-0.4996205
1.1602275
1.7387342
-1.1233778
-0.97779876
1.2180564
-1.6525531
1.8818699
0.841922
0.07716584
-2.4428413
2.5494835
-1.2945776
0.36991194
-2.249383
1.4064116
0.6921119
-3.0434299
-0.037604496
-1.0218056
-2.2647839
2.2412915
1.4699975
0.8418184
-1.5976943
-2.285243
-0.16291226
0.017565891
-3.3465579
4.4990892
2.3505373
0.74642324
-0.6835343
-0.63405985
-3.097718
1.9568026
-1.8910031
0.48947653
-0.81674874
-1.3575945
-1.6683171
-1.1684014
0.3829487
3.2034256
-1.1330367
-0.106272265
1.8573261
1.9260285
-0.6028058
1.2440279
1.4867804
-0.4580802
-2.917036
0.2624247
-0.2566244
-1.1362282
-1.2986541
-2.5705645
-0.7760686
-1.5387039
-1.191983
0.56021357
1.6430602
0.20605105
-0.478037
1.973384
0.0058229268
-4.0895357
-0.93793654
-2.1422255
-1.4793712
-3.1356661
-3.2830906
-0.37159592
-0.53301847
-0.8009392
-0.8297477
-3.6848502
0.5171831
-1.598924
1.5017226
2.5634706
0.18280959
-1.7496598
-1.2183455
-0.3690096
1.4211423
-0.6812851
1.7271075
1.3340658
1.1377109
2.7043014
1.2919841
1.0338284
0.4306062
-0.96882856
-3.7231393
-1.3161103
-0.49183464
1.1310107
1.5787561
0.9573661
-0.8395945
0.100378156
-1.5257019
3.7282813
0.49506712
3.3229322
0.37953907
-1.8837545
1.3183324
1.7346333
-1.9914314
-1.199364
-3.3441305
-0.9665557
-4.425963
2.9655962
-0.9926104
0.2617899
-1.0892401
2.2518628
-0.3457338
1.2885902
0.48518005
1.3140044
-3.139126
1.0134925
-1.8352207
-1.34566
2.1461582
-1.2053885
-2.0185878
1.3938315
-1.7421108
1.7323058
4.277203
-2.5436602
0.1136385
-3.1366622
3.9705794
-1.2708616
1.6472497
-0.5358213
-1.3955098
-0.60638696
-2.98186
-0.26386213
0.6714211
-0.48166704
2.518241
0.034104723
-0.1491617
-2.2624178
-1.105966
1.324994
-2.0664034
-2.1174693
-1.9985014
0.02240803
-0.23995462
1.2270261
2.7009306
0.8090131
-1.2023178
1.7441396
2.159331
-1.2685858
0.3634916
-1.5060672
-0.72720426
0.1348477
1.5694865
-3.6892257
0.37267
1.48481
-1.3492516
-2.816762
-1.3297657
0.5457864
-4.7713814
3.3580344
-1.3336049
3.2602408
1.3719347
-3.4364054
-0.32227582
-0.6886833
-2.074003
-2.0710475
0.97118783
-0.90476066
0.80370945
-1.8141224
-1.4807383
-0.6435804
5.7473426
0.7836737
-0.40447903
-1.7853904
0.97695136
-1.6087223
2.9659495
0.64695424
1.2623937
0.015410535
-1.6730754
2.260533
2.8436613
-0.51118726
1.9425292
1.9285232
1.3527036
-0.64245474
-3.6186118
0.543853
-0.8678697
-2.6248944
2.3397563
2.4125674
-0.5424744
-2.641063
1.3448535
0.3200361
-1.4335204
0.39872044
-2.7764676
0.41459283
-1.112597
-0.015094988
0.50887823
0.52563435
0.06006321
1.757956
-0.94751805
1.7631937
-0.009490117
1.5757953
0.19132009
-0.036042638
0.1821613
-0.06439783
1.047837
2.5815926
-3.0301623
-0.46328884
2.456533
-2.820836
0.6093119
-0.93637455
-4.7520323
-1.0695791
4.1426096
3.4646442
1.1423547
-1.6192409
0.50676286
-0.84874016
-0.43391782
-0.28686684
-3.9502172
2.8974018
-0.8430304
-1.826879
1.9302309
0.84181815
-1.6524526
0.048134588
1.9275267
-0.117244445
1.3506281
-0.17779666
1.3446391
2.8695705
-2.2154403
3.0256457
1.9100533
-4.303045
-1.6057913
2.0738199
-0.31717157
-3.886663
1.9773887
1.9922798
0.72558725
-0.06134727
1.7457464
-2.105375
-4.4790087
0.68843913
2.6639233
-1.3414161
-0.16153926
0.4426305
0.57912713
1.4427112
-1.4905255
-0.20644599
-0.057151996
0.50189775
-1.1839706
-5.635361
0.91689306
-0.6474876
0.17645666
1.1845468
1.6757016
0.09687815
2.2673955
-0.047080006
0.13967739
1.5729879
-2.5589023
-2.356127
-0.09754102
-3.039922
4.7830715
2.6189072
0.92892915
-0.74693054
-1.8576074
-0.43712458
-1.5810939
-1.9072785
-3.3911607
1.5481753
1.4273399
-0.8500631
1.8754382
-0.9977726
-0.6826179
1.7844331
4.102249
-0.13868648
1.4101957
0.7272128
-0.605567
-1.7187151
-0.021627158
-0.7274767
-1.9156197
1.7197669
-0.2654945
1.6210811
-0.8809348
-2.2696471
-2.1789498
-1.5284183
-3.4791527
2.1639287
2.3485932
-3.3774407
-3.165614
0.2556164
0.11770564
0.10616639
1.1178434
-0.4987813
-0.5916197
-3.520538
2.8156464
-2.0679567
2.335854
-0.1508091
-2.48265
-3.6277003
-0.6188496
1.9397651
-3.2254803
-0.7894549
-1.1008637
1.0593997
-2.2892907
0.075640395
0.27380997
-3.2078722
1.4728646
-0.41300628
-0.78065693
-0.7995953
0.11014679
0.82363373
-3.147244
-1.481115
-4.125624
2.2546535
2.0932713
-1.2711722
2.3758674
1.5896552
-1.1219293
0.68905056
0.049161408
-0.7982431
0.5806947
-1.904904
3.2860813
0.3680049
-2.0676334
2.896728
4.0326777
-1.5109006
-1.5453125
-0.26224017
-1.4863337
1.502526
-1.4461616
0.21779382
-0.004240047
-4.8551474
0.7169451
1.2911451
0.5119551
1.8775152
2.2224014
1.1306683
-0.83623934
-0.85955995
1.0334047
-2.450456
3.2321377
2.8287318
-1.2379088
0.51025957
-0.6684479
-3.0360012
1.0432919
-1.2254243
-6.0224895
2.084898
2.3101711
0.08828846
2.827518
0.42323306
0.80061376
0.71784174
-3.0692372
0.6388999
-0.55090874
1.628431
-1.4524144
-2.9960482
0.021651417
-3.1634274
-3.8114715
-1.9050802
0.9517481
-1.9681094
5.3538017
-0.2668537
-1.9534658
2.7359183
-1.3504757
1.5943629
-0.15185142
2.112571
-1.8362777
-1.050435
0.3409124
1.9103396
1.3986287
1.4174461
-2.0344012
-0.37997484
1.460244
0.21298227
-0.9695415
0.7982951
0.78903806
2.5372448
1.2545544
1.6341763
-2.3907387
-1.1754436
2.6413393
-3.0962987
0.119109355
0.3841297
-0.1083836
4.309252
-0.66874903
-0.8678604
2.5713997
1.2611603
3.4273987
2.2912486
-1.4836271
0.87653404
0.35454017
0.3515208
1.4296551
1.5473337
3.2689962
0.37625667
0.11229348
0.18672267
-0.42751712
-0.9014536
-1.6231287
1.1656029
0.11935122
-1.8352865
1.2467899
1.0820738
-2.482761
1.5976632
-3.6032743
-3.1352868
-2.2540257
-2.675856
-2.7856457
1.4872507
-1.9349737
-2.1121786
-1.686944
-0.04295592
-1.9046626
-3.01165
0.091850236
2.8386037
0.2660863
1.384697
-1.9526886
-0.063525535
-1.5411469
1.2780151
-0.63229597
1.1646036
0.20575383
-1.1256782
3.8433518
2.9281147
-3.0400696
-1.1028663
-4.7339087
1.2005519
-3.976595
3.4350228
1.3326039
1.2378621
2.0522459
-0.5139292
3.1603255
-3.796841
-0.8374371
-1.2726811
0.4516432
-2.4849365
0.06585034
2.5628886
2.1548288
-0.56638473
-0.22929779
-2.9610634
2.4081888
-4.3857036
-1.6031054
0.74820447
-0.2736745
3.3516316
4.9873953
-1.3948251
0.41167676
0.9873505
-3.3683665
0.32352865
0.9919946
1.8604255
1.6843032
1.794334
0.1724346
1.6993032
-0.4794655
-0.24628347
0.005176194
0.4866098
1.4713324
3.4248097
-0.7541981
0.2429688
1.9168802
0.052731663
1.0137407
-1.0682122
-0.48703927
-0.6939662
-0.9588194
-0.016947895
2.568857
0.19123936
0.12843269
-1.7308855
2.2029662
0.517335
2.7028878
0.040543206
-1.5130595
-1.7408973
-1.0013489
0.41115806
-2.4352748
-1.5435578
0.15488987
0.22714719
-1.0868443
0.56794244
-0.2718555
0.25773934
-1.1766162
-2.3508646
0.9176324
1.6552476
-2.333881
1.3219198
-0.15201792
-2.8542202
0.20248538
-2.3324492
-0.1282132
0.9515364
-0.81242406
-0.65919745
-1.8400489
-1.742157
1.486326
-0.0526072
-0.42172682
-1.8564436
-2.5904396
0.70135933
-0.13896167
0.45048723
-0.39681867
2.5603242
-1.6299258
-1.5691516
1.850191
1.4824256
-1.0718473
-1.7407831
-1.6423823
-2.9467745
-1.280567
-0.88637614
-2.166463
0.5800691
-0.024502307
-0.6395357
2.920622
0.88694936
1.4092587
1.3021348
-3.3280113
0.12919217
0.66577303
1.3543863
-0.36668658
4.917705
-0.35683262
-0.38446462
1.4154204
2.3618782
1.6007448
3.28292
-1.5253866
3.3726768
-0.5682649
1.063307
-0.8539082
1.4208596
0.65597343
4.3988705
0.48088598
-1.146502
3.2607112
0.98463225
3.5630183
-0.3284071
-2.6544864
3.3532765
1.036841
-1.3995023
1.1740296
-0.34869877
1.948007
-3.2318935
1.455181
-2.8825684
-0.49084783
-1.457977
-1.6978647
0.48581633
2.1674643
1.3260835
-0.6158542
-0.6033736
-0.8393376
1.7293183
-0.086267665
-1.2280099
0.7619859
-1.6768849
2.1285415
1.463571
1.9791228
1.0926641
-1.8956952
-1.409682
-0.32341576
-3.3930013
1.2831416
-3.3028808
1.2997335
-0.9981421
-4.5138025
-1.3663738
0.056925803
-1.5486196
0.44079983
-0.6631344
2.6327837
-1.3399777
0.5231906
0.8039601
3.0015597
0.86381793
-0.73789877
-0.7925716
-1.8254389
5.010952
1.0239056
-1.489482
1.3541565
1.8576466
0.52325743
-3.8306513
-0.94447744
0.8290934
0.9818664
4.3630896
-1.6439337
-0.87528807
-1.2784927
2.2126832
1.366988
-1.1263545
4.130302
0.62485355
0.43669647
4.0287447
-3.9904811
1.2424543
2.4381666
-1.8078794
-0.49204463
0.3614377
-0.31384164
-1.7264115
0.750261
-0.019606024
1.5550535
0.6326763
1.2666663
0.8215381
-2.921412
-0.6550224
0.6938751
-1.5431132
1.5785178
-0.1801332
-1.4277707
2.5817142
-0.8307337
0.749846
-0.5301244
0.36841238
-0.45004976
1.6599735
-0.7500755
2.1734753
0.8515895
-0.63216305
-0.035171516
-1.3268453
0.02890272
1.5919098
0.26154312
-2.7980993
-0.059168793
2.1567447
2.2760353
4.2036085
2.1791663
1.3372688
-0.31897348
2.32528
-0.2546297
-0.6312168
-0.7355096
-1.5242718
4.8623505
-0.38777947
1.8800807
-0.4083375
-1.5150441
1.0338602
-0.60805154
0.3752908
2.4928029
1.1901518
-1.8830048
-0.78917885
-2.0587752
1.4858336
-3.1442935
4.6894183
0.5573405
-0.73966247
-1.8297918
-1.7047567
0.7098868
0.05229815
1.481424
-1.3593423
2.5684488
0.0012157559
-2.8689647
-2.9022944
1.8454183
2.2966778
0.0012224019
-0.20447686
0.26076943
0.94511724
-0.33198965
-0.10283851
-3.87406
-1.628442
2.367178
1.3908257
-0.4856384
1.8556104
0.37520286
0.9986246
0.46669108
-1.506928
2.8420856
-0.41866523
-0.75754833
-1.5093154
0.65191954
0.64603233
0.94304985
1.1730454
3.0014155
-0.34937966
2.571297
1.3123677
-3.2738047
-2.047061
-3.5680294
0.62205243
0.03761379
-3.8918986
-1.7338258
-1.3663021
-0.5741556
1.4081005
-1.0774034
-0.97701764
0.22034527
-0.6836321
-1.5098435
-0.8105741
-2.1187086
-2.2767015
3.6900492
-0.45820913
-1.3104668
2.6554682
-0.11963829
-0.6644246
-1.2073247
0.5523211
-1.7002212
-3.393622
1.5485572
2.784631
0.6002761
0.9424918
-1.1182222
0.7911807
0.36243013
-1.0947851
1.0963974
2.3884842
-4.3351
1.3145754
4.077823
2.8853498
-3.0387454
-1.1355056
0.89143986
2.813006
2.6180346
3.8918376
-4.0083036
0.026806213
-0.772231
0.23501146
1.696345
3.6899185
-1.0543196
-1.6433115
-1.4725822
1.6553911
3.7576966
-0.2696858
-0.1667272
0.72503716
-3.082591
0.4922363
3.9711735
0.6379981
-3.5263991
0.9957471
-3.3747115
0.88848865
-3.5716364
-1.9157672
0.28007978
3.1611786
0.48393553
-2.162541
0.16918686
-0.02459585
3.0525591
1.425484
1.6492585
-0.21295434
0.04813736
0.65487725
3.147279
0.8135358
-0.81296396
5.1849136
-0.42388573
0.31824976
-1.0820616
0.4330631
-0.5755476
-3.5931506
1.3944544
0.5529965
0.04270853
1.2057437
-1.2192222
1.0841626
0.17118976
1.994435
-0.0034594014
0.046299443
-1.4292904
-0.11958069
-3.5409875
-0.8524351
0.78493625
1.2851177
1.8761464
0.32837257
3.5985541
1.228505
-1.1136708
-2.6442468
-2.42544
-3.901576
0.14276114
0.33221194
-1.9325342
-0.5387007
-0.37039095
-0.32677665
-1.4674112
-1.0864682
-2.0680928
-0.21370703
-0.8539334
0.7980979
-3.772548
0.08736982
0.63901615
3.2273147
2.3090966
-0.40685552
-0.18709363
1.0564456
0.63566965
-0.67652345
1.2722259
3.4822626
1.6571838
-0.24288045
-0.70545256
2.2009368
-3.0030916
1.6421185
-3.865844
-0.014546819
1.9800127
-2.3173928
1.7997655
-1.9852864
-0.061167408
0.030949876
3.4560323
1.3107738
-0.407629
1.9097875
-0.067834966
-2.0820313
-2.1309223
1.2478105
2.5821443
0.52658355
-0.17877299
1.6530064
1.5798098
-3.409267
-2.5099726
-0.57441825
-1.0821682
0.04828215
1.8705642
1.0445967
1.336402
-0.4632038
0.8805283
0.72459346
-3.3885458
-1.1954912
-3.4457786
1.4353824
-4.2831297
-1.9127439
-2.4846363
-3.0973537
0.42118293
-2.7567077
0.4306503
-0.6529949
-1.2802545
-1.5902245
0.28905076
3.3126922
-0.32997158
-0.5424299
1.8631575
5.606136
2.7991474
0.8833606
1.0078137
1.0652838
1.2799933
-1.234175
-0.44627193
-1.4327245
2.8820078
-1.4518139
2.7183528
0.8646574
0.5386903
-1.2369717
-0.49468932
2.2489753
0.21501607
2.5386403
-1.669592
-0.6439239
-3.5894408
0.7261706
2.3090646
-0.71160537
2.4749007
0.5579634
-0.71455294
-2.1004417
0.14638636
-0.67365897
-2.9543128
0.20492065
0.3568584
-0.43660772
3.2118409
0.14322343
2.434715
4.381525
1.9901322
-3.4640286
4.670361
-0.53368694
1.0997788
-0.37970567
-1.7741646
-0.7704228
1.676251
0.019217119
-0.8173556
4.8056736
1.5113754
1.5869309
3.6598768
0.775062
-1.1653556
3.7345781
2.3936877
3.1558013
-0.47923577
-0.06481629
-2.7440913
-0.48778558
-4.200231
-2.0213294
-0.27095842
0.44031957
-0.43457213
-1.4460499
-0.7430794
-0.7882547
-2.9867496
2.7947476
-1.9239314
1.4842277
1.6142399
2.3706903
-0.3705411
-1.6865697
-0.5006593
4.252503
2.629958
-0.43257374
-2.0542839
0.46405384
0.6298411
-0.67723376
-0.5108308
1.0374479
-2.030212
-0.29028553
-0.7907253
-0.5648492
-0.1692695
-1.7175131
0.1996426
-0.7031769
-1.9248561
0.58798933
-2.2797968
-1.5866328
-1.1469504
-2.0136578
4.7371535
-0.32261357
0.3290558
-1.4800941
2.6573002
-2.2790413
-0.43643108
0.9337482
-2.3059468
-3.6508293
0.027692586
1.109606
-0.5311661
-0.91837263
0.99371284
-2.220626
1.7788842
0.5308649
-0.61962944
0.5096113
-4.9759703
-2.2234447
0.49145707
0.19822082
-1.9359087
1.071587
0.42277464
-2.6633465
1.509759
0.13039654
1.2549406
-0.9356871
-0.69405675
-1.1054369
0.90663904
2.57736
-3.5301645
-0.16648816
-1.124929
-0.09535674
-1.7232493
0.9679548
-0.91023093
-0.9707589
0.5707818
-2.6779552
1.2360954
1.3294946
0.60632914
1.135608
-0.5103467
-1.1205834
1.6330807
-0.6577592
1.3622541
3.194359
3.2790544
-1.2279131
1.0793263
1.1881027
1.7324457
-0.2613207
-0.7702774
1.554711
-4.343157
1.0326755
0.13261947
5.09528
3.578545
-0.07258502
-2.5791416
2.5584552
4.7181973
-1.2138048
0.08464317
1.0916423
-0.22233157
-0.41024578
-1.4022593
-1.9067836
0.24426916
5.027518
-2.8107495
-0.15168387
1.7843094
2.4678051
0.12127885
2.2002366
0.57776374
-2.4482737
2.4246006
-1.4077218
-2.5055778
0.9209913
-2.2868693
-1.8800758
1.2234552
1.3093159
0.1283305
-4.1512947
-2.6568215
1.7370536
-1.4267436
1.0948758
0.69872713
2.5807347
-0.1288316
0.31044692
-1.26395
0.7376376
0.46583
1.1223208
-2.6628342
-1.3735702
1.7751112
0.44980395
-0.30339786
-1.4649885
-1.4309118
5.298771
-1.1714407
-3.129212
-0.34174025
0.4867857
0.13396923
0.13148189
1.8409212
-0.38063616
-2.2841094
0.65900725
-0.6200492
2.5348768
-1.0497438
-3.5052688
0.32115164
4.0350227
-0.63672036
-4.732162
0.42779887
-2.7262163
-2.0560982
-0.20847078
1.0385811
1.3583256
2.5083854
0.7817025
0.06875431
-1.2700975
-1.6821823
2.1718547
1.9722362
2.2204733
3.760933
0.7887431
2.5348332
-4.6765532
1.4958977
-2.731383
0.8855027
1.2738513
-2.3252676
-0.5028984
1.3040209
-0.16114551
0.34522223
0.66154426
-1.3642448
0.62371486
1.1065832
0.043987174
-1.6978043
-1.5816563
4.2632594
-3.8582
-2.5572097
2.6553526
-0.32109034
-0.5585431
0.7779713
-1.2499582
0.8562033
-0.867488
-3.364398
0.08211143
0.22084351
-0.44258073
0.24616794
0.47247267
2.7819514
-3.6400766
-1.4359612
-2.1416895
-0.41532138
-0.56966907
1.7532768
-5.991995
-0.99394876
0.77377766
2.638135
2.397112
2.1206791
-2.8004892
0.45792648
-0.16965699
-3.327414
-0.5444728
0.840081
-0.3732419
-1.0599546
-3.9972782
0.86044866
-1.9434155
0.3183749
0.02147799
0.81308186
0.5435603
1.525964
-2.6730397
-2.282674
-2.8400695
-2.8110194
3.5069413
4.346437
-2.1469789
-2.1737807
0.42322695
0.64989674
-2.6854763
-2.4146073
-1.4287908
-0.663462
-2.7494047
-3.423075
-1.8354057
0.499809
-1.0157821
1.3177624
-1.4739076
-0.11986882
3.0203943
-0.57054174
0.9219162
0.5313187
-1.1647434
0.82929766
0.4680913
0.2285743
0.4419875
-0.14974026
-2.1631532
-0.9758023
3.2866144
-0.76820594
-2.1087055
1.7585475
1.1531272
0.35743475
1.4630439
-0.46215302
2.1353061
-2.172046
-0.6207505
-2.2720776
-3.5889378
0.3443094
-0.541742
1.9001787
-4.182744
1.1294813
-1.870597
-1.9669429
1.0899442
-1.9163772
-1.2332487
0.927287
0.6244393
-1.5930358
-0.42321742
-2.1208584
0.029117651
0.57787305
0.8075866
2.8836064
-2.9946325
-1.7242324
-3.056067
0.082605
2.7493746
-1.7417815
0.6359123
-0.32322136
0.04525795
1.6635116
1.5979903
2.746498
2.0865011
0.3682761
0.66184324
-0.9174241
-1.5394883
3.9066722
-1.3117532
-3.8149455
2.004706
2.069127
3.4759696
0.891211
-3.3339922
-1.8356154
2.4410877
-0.21817882
0.9976187
-0.7252294
1.6743035
-0.649568
-0.12321737
-1.5091352
1.8546323
0.8654616
-1.3108132
3.5604854
-0.97616065
-2.2716365
0.978469
0.34154785
0.9014863
0.936502
-3.3550327
1.8354698
-1.0004944
1.322218
-3.0386314
-0.5154455
1.5278467
2.186248
-0.42529494
-1.9350002
3.8725204
-0.30023932
0.19907397
2.557012
0.46399933
0.6439325
-1.4219233
-1.5867997
0.9385553
1.6074289
2.2152722
-1.9424231
2.5000546
-1.2302088
-0.16063613
1.4487451
-1.5494583
1.3496612
0.95074993
-1.0353794
-2.8766665
2.054732
-1.8976214
0.9636403
1.3696946
-5.503762
0.55272734
-0.003505312
-2.9961464
5.932221
-1.986609
-1.3160522
-2.6754937
-0.24953808
-5.4380703
-0.32511783
-0.024596088
0.15750696
-0.41084638
-1.3512745
0.4214639
-1.6831943
-0.5169194
2.2426176
-0.8387179
0.76384884
2.4547825
0.13105264
-1.3008807
0.5400612
-2.3658392
-0.94667757
0.27979413
1.5577449
2.6222389
1.7157809
-3.4011648
-1.663972
-3.952022
-1.0544496
0.8088214
3.105916
-0.46400082
0.94479114
-3.3325725
1.0514286
-0.9835948
-0.1636622
1.0800618
0.8538329
-0.7487529
-2.2475853
-3.1776116
-2.07514
-1.5704006
-0.28349152
-0.031316172
-2.0411634
-2.9883196
0.37206963
1.1732868
-1.1701293
1.7144638
1.5786198
-1.1156318
1.0814683
-0.13971142
-3.183809
2.2495108
0.11099967
-0.10919782
-1.9856223
1.0546143
-1.740642
-0.4607683
-0.5184804
2.1016965
-1.2598916
-0.8135217
-1.7203991
-2.5292377
-1.1563286
1.6061696
-2.3715465
1.0916154
-0.12964088
1.1660726
-3.1267238
-0.77419215
-2.0670924
-0.7787968
-1.3830436
-0.19823802
-4.1806087
-0.55915225
0.116510384
3.5595484
1.6579992
-2.882567
0.8299633
-1.360119
0.87633944
-1.2174616
1.5636675
-0.3102746
5.2684197
-0.8803437
-2.6750097
-0.45949766
-0.6332371
0.9324259
-2.5467978
2.7872188
1.0493789
-0.7714722
-0.87419325
-2.2265832
-0.5967378
0.7212215
2.638668
0.36185125
-0.01676777
-0.8217951
0.8251704
-4.1215515
1.1234541
-0.31296077
2.0780084
0.35986158
-4.0597277
-1.3704947
0.22012147
-1.2322059
3.0603855
1.3583089
1.4246366
1.5205723
-0.28275743
-0.11442406
2.6968482
0.38926283
2.1609883
-1.7276908
3.1033092
-1.5332031
-2.0360286
1.4719017
-2.5719652
3.2190616
1.0191259
0.55793744
-0.08436019
0.08829173
2.8145535
2.8354602
-3.0897946
0.00065660104
0.5204919
-1.4148935
-2.239118
-0.017323919
0.20486295
2.6758611
-1.8453532
2.2279248
-0.7992458
1.0752714
0.016079187
2.4918132
-4.393317
-1.7697725
-2.6660058
-1.0555748
3.890565
-1.7510834
-0.9831751
-0.71851486
0.38954052
0.96014655
-0.40916592
0.8139368
0.6093394
0.2935542
-0.48191023
-1.5077327
1.2820675
-1.2121904
0.037160955
-0.7902642
1.5175794
-1.1530807
-0.42904115
-1.1014742
-1.5845411
-1.2028469
0.25399438
-0.2900247
1.9966111
-1.2012795
3.278751
-1.5948653
0.84280276
1.4401487
0.13360432
-0.19774461
3.5183375
-0.389672
0.8893183
0.5829143
1.3336619
0.10246981
-2.4647775
-0.93238395
1.0653225
1.2803644
-0.75647026
1.6037872
-1.2404969
-0.99421537
-3.6276646
-0.72955525
0.78845346
-4.011649
0.2111348
1.4495095
0.43474716
1.0562834
-0.7577555
-0.040488414
3.918768
-0.6684581
-2.8024802
0.8635469
-1.8350488
2.5726275
2.1679926
0.17302611
3.6289065
-1.0764629
-0.47357395
-0.15614063
0.705782
1.8087476
-1.0241988
0.8934564
-0.9505514
-2.75814
-0.29071528
0.42536762
-1.3722566
-0.40438676
-1.3933367
-1.4962815
-1.2670491
-2.2739348
0.31717142
2.8819058
-2.5116906
6.7647853
0.180464
-2.4949992
1.8833332
2.521954
-1.0899103
-2.682822
-0.11148523
-1.5688351
2.226452
-1.6136193
2.0212238
-1.6135926
1.0577445
-2.4645786
-1.2537875
-1.5863705
0.9429461
-0.49118546
-2.0930762
-0.39898312
1.9589405
1.557369
0.24050902
-2.2662587
0.95331836
2.1983898
0.8283257
3.7872138
2.3813484
0.5267316
-0.949021
2.957808
-1.5510707
-1.9694182
-1.5630883
-1.2932663
0.5006151
0.79830706
-3.4965515
-0.28817502
1.590647
-1.7702593
-1.8198727
-1.0853467
-3.7980022
0.14963779
1.5440013
-0.8507726
-0.37516403
-0.33397007
-0.010754459
0.20051059
2.8771055
1.2349164
0.22379224
-2.089038
0.9722627
0.7546079
2.4355223
-2.226939
-1.380893
-1.0496879
6.0664134
5.2701664
0.2776716
-1.4593686
1.7977619
0.4981912
-1.2451155
-0.48698586
-0.20654896
0.87467754
1.1089737
-0.58527774
0.20931467
1.061323
-4.878426
-1.370004
2.224264
3.7159865
-2.1673086
-0.7522154
2.8442218
0.73999095
-4.837554
-0.6310482
1.1584766
-1.5550883
2.1889355
-2.103325
3.1885755
-1.6125395
-0.12757325
-2.3212762
1.4475299
4.1140614
-1.1487278
-0.055624135
-3.681541
-2.2910054
-3.1703036
0.42992592
-0.15157633
-1.3888227
4.9461565
1.8683416
2.0348763
1.0658575
1.9848006
1.1201952
2.3140311
1.239111
1.6339589
-0.13705982
-0.23672542
3.0955348
-1.2347406
-1.6536413
0.9310817
0.22971797
1.241997
-1.9737239
-0.22224244
-1.8743142
1.9945318
4.8820043
-1.1389681
-1.6759287
1.256754
2.6720028
0.9785972
-0.5952354
-1.6839175
-0.12564728
2.6352477
-1.8126254
2.5607085
-2.22509
-0.53578705
0.21137065
1.6880729
0.0979957
2.874664
2.8580277
1.7604402
0.55509895
-3.2251146
1.3541332
0.42632407
1.2178414
-0.88434005
-1.0616206
-0.33833808
-3.2259023
2.7538166
1.9905984
-0.13293242
-1.3579235
-0.40658927
-0.61058825
1.2577616
2.7063737
0.16062015
-1.1311628
1.5012337
0.8109443
1.0892053
0.42689005
-0.92962843
2.738891
2.3174207
0.49475443
1.9450707
-0.44615316
-1.568915
-0.3966847
1.1037841
6.4081125
0.15415125
0.13985795
-0.45430046
1.4483029
2.5069213
-1.219174
2.2633803
-3.3388011
-0.62128717
0.8800145
-1.0909202
-1.0839075
-2.725475
4.481799
-0.0010421127
-2.6094592
1.4711866
0.5372591
3.3040166
-2.0583043
1.3248705
0.19531734
-0.9214873
1.1738827
2.8597372
-0.55003816
-1.5194464
-0.6809758
-0.120832615
1.7605964
0.30783904
-0.80215263
0.5672097
3.8432336
1.973322
0.57690203
2.0813458
0.020251028
0.5119436
-0.2884975
3.8823023
0.38363934
-4.6967483
-2.837809
2.0192838
-1.2341442
1.0419513
-2.578805
-0.29605716
-1.3420904
1.1813623
0.6295759
-4.1800485
-0.66063607
-0.9397399
-1.0171455
-0.79721993
-1.8990667
-1.5641154
-0.25910404
-0.88893455
0.81433123
-0.52148074
0.9655505
1.7111961
2.2040064
-1.7734343
-0.8924262
-3.5952697
-2.1028688
-0.59767586
1.4500095
3.41325
0.44976643
-0.2930026
2.3638463
0.98534
1.4703196
0.7958174
2.8051693
1.0327018
1.5433214
-3.0980175
2.4093294
1.9677172
-3.739472
-1.4897274
0.06210739
-0.8645234
2.077488
-1.1848357
-2.1183908
2.2170937
2.5016518
0.4212999
-0.20583364
-3.575155
1.5692172
-1.2169623
-1.8985543
0.774254
1.2849033
0.8398053
-3.9014063
0.16253078
1.7565632
-1.6254714
-3.8297338
2.1639087
0.32955158
-1.71629
-0.70239687
-0.13469446
-1.7883267
-5.0556107
0.07222615
1.468905
0.76498026
1.0825626
-1.1131697
-2.284734
-0.19655937
0.3602811
0.36059013
-2.353209
0.1734155
-4.99327
-0.27368626
-1.6001654
-3.0417132
-1.3606502
2.2909727
-0.43462703
-1.3704679
0.16361873
-0.8261861
0.35517898
1.926624
-2.0929365
-0.8193872
4.1225424
0.6872759
-1.7462604
1.1870123
1.3567363
0.31109276
-0.5078541
0.085759446
-1.7664596
-3.310653
0.1473048
3.1196723
0.16117364
0.67227715
-1.4536422
-2.7202663
1.6447592
-0.9197004
-1.1682628
4.1064644
0.31389895
-1.0775248
0.7531769
-3.165241
-0.5693762
1.13488
4.128192
3.411127
-0.023368169
-0.09934293
-5.6149516
-0.94733024
-1.658933
1.7310166
1.0384173
0.724625
-1.1124246
-1.3102795
-1.6563447
-2.238742
1.0798672
-0.10257702
1.8826349
0.82164323
1.4803526
0.47116852
1.62219
-1.5650454
3.756418
1.7146136
0.0007958859
1.8231537
-1.2673339
2.860608
-1.2792963
2.1057765
-1.1713535
-0.8453622
-0.6992962
1.0856264
1.4056737
2.8977246
-0.6637917
-2.7204523
2.716693
-0.11059781
1.05178
2.5907016
2.681493
0.27183816
-0.8673319
-2.5857127
-0.019059762
-1.8018526
0.02375532
0.11835217
2.6565194
2.5414338
-0.4572325
3.9139051
-0.38385317
-3.3036137
0.90805876
-0.9453312
1.2946179
-0.060968943
0.9180201
-0.8082667
-2.2101498
-2.4828062
-1.4169421
-1.4491227
1.2580405
-2.1878383
1.0365083
0.7909885
1.4087014
0.06376789
-2.9221187
-0.52857995
0.8100561
-2.394913
-1.230244
1.5326135
-0.93410456
2.0123267
-2.8687246
-1.3366517
-3.9846594
-0.5429999
3.1534092
1.2341772
-0.93041253
-0.6639014
2.6777446
-0.77466017
-2.8294945
3.0602577
-0.4203245
-1.0407968
-0.71336216
2.77862
1.9208289
1.1222434
-0.529675
0.0049762093
-4.5123096
0.8908102
-2.285896
-0.37632608
0.043230817
-0.94229925
1.3580664
-2.1627483
1.6646383
-3.9458132
0.70294446
3.3972244
0.57406485
-3.3937247
-0.11245508
0.40872085
2.473364
-2.1522412
0.39385554
-1.7832555
-2.9089043
-0.9030607
-1.3016148
-0.41203645
1.3209116
-0.84153473
1.3563765
-1.3317881
1.7974236
5.110881
1.4057926
0.71384686
4.242963
-2.0209308
-1.970682
3.119647
0.7875478
0.12976648
1.6968834
-0.2683249
-0.8342977
2.5050375
0.8090878
1.5674742
1.376335
0.97673166
-2.4989965
-0.36466825
-3.315037
-0.12827389
-0.6077505
2.0162852
0.091889046
-0.26269102
1.0294789
1.7774365
-1.0287836
-2.3217602
-1.3999462
-1.9044862
1.1116115
0.6331111
1.7885876
1.695323
1.8450301
-4.3670654
4.404943
1.5081981
-0.7055828
0.9978962
0.68495786
0.17851195
0.22620139
-1.9291824
-0.28074297
1.141176
-0.6289145
-3.8292646
-2.3895626
0.47184163
-3.158185
0.1213733
5.1750655
4.7021365
0.99858016
-1.9812962
-1.089264
3.21832
0.8364009
0.5500184
-1.148542
-2.033238
-0.7745765
2.3841043
-1.2291873
-0.34445766
-0.6242137
0.15918334
1.5796556
0.13847362
2.894571
0.34380278
-1.0462633
1.6538322
0.36803973
-0.97734344
-1.5213331
1.6264342
0.15749815
0.99936205
-1.6732941
1.2077532
1.3792534
-0.79265076
-2.8984787
-0.16670395
-0.63079876
0.2993472
-1.7586874
-0.49149925
2.1271248
-0.35919598
0.27944294
2.0836995
0.33492786
-2.4822676
-2.2233834
0.99446344
-3.9139233
-1.0087597
-1.839321
0.75629926
-0.99267244
1.3807843
-4.842844
-1.9842123
3.7302918
-0.4764108
-2.1979985
2.1127806
0.021397263
-1.1031575
-0.49296206
0.15251687
-0.8019788
-2.2423494
-1.4584382
2.2426128
0.95806164
0.23795892
-1.8231574
3.6148703
0.41316792
3.236521
-0.5886173
-1.2993724
1.8472655
1.60023
1.3233778
2.0147939
2.5917554
2.5806174
3.0655303
0.70684904
2.9862726
-0.7941716
1.0863783
0.6082348
1.8073587
-0.6147383
1.2301332
-0.86761135
0.40333304
0.7514853
0.21848509
-1.7153499
-1.9527607
-1.5718237
-1.1491421
1.3045244
-1.7110693
1.1072538
0.43868637
1.2394834
-0.39188725
1.4258159
-1.1819324
4.697446
-3.062229
-0.2833948
-0.47717828
-2.0705357
0.616143
0.8711277
3.0898628
-0.7950142
3.5395103
-2.666448
-0.7783755
-0.7206683
0.024539836
-2.114783
1.225651
1.3552647
2.9339
-1.1476079
-1.4490784
-0.012381334
-1.6967312
0.8764334
0.8763408
1.8940139
-0.46033853
0.31316224
-1.8197186
-0.062897205
1.8340551
0.45756906
-0.99042726
2.5816233
-1.2678488
2.636215
-1.0581065
0.07180393
-1.4652256
0.74193853
1.3955154
0.3445689
-0.0720953
1.2970247
0.8160709
3.5304766
1.6671171
0.47747666
0.46259284
1.0410999
-2.3433275
2.2172573
-0.37287295
0.8259478
-0.45133835
-5.5674906
1.4693943
-2.4858115
2.6934159
4.598774
3.8420877
-0.6925548
-0.5914555
-0.22250679
1.3238434
4.4884787
-1.9691381
0.06290043
0.16343683
0.052748352
-1.9343635
2.921464
-1.5721045
-0.8509476
2.6806483
2.4381685
1.3804215
-0.61041176
-3.223403
2.7306364
-2.2037914
0.55424017
3.4052992
-3.2221239
0.5896894
-0.54546154
-0.04145199
-2.3596888
-2.7272048
2.019438
-2.965456
-5.002868
2.6102893
-4.2769017
0.29283953
0.61685777
-2.9342756
3.665765
-1.6785793
1.1427348
3.4731097
-0.20334114
1.6626127
-0.24079747
0.25409174
-3.016562
-2.6620276
-4.495542
4.1987457
-0.61677873
2.243222
0.897051
2.7117767
2.4112735
1.9591708
-1.8255229
2.936955
-0.22051764
-1.2367198
-0.04660798
-0.9363061
0.013122305
1.86766
-0.43624523
-1.4385922
-0.30221856
1.0116993
0.21542323
-1.683288
2.4189296
0.13969876
0.7312931
2.002805
-2.0248718
0.18396792
-1.723249
0.91800517
3.913195
1.3823467
0.8729247
1.3519275
-1.7561556
-0.87361234
1.4435884
-2.8984864
-1.3037484
-1.9738712
2.206319
-0.28728858
-5.8473325
-3.5067928
0.8815636
0.2985924
1.9604745
-1.9669652
2.51963
0.93192345
-1.0642443
-1.0566719
-0.51279366
1.0767084
0.72003657
3.4910042
-0.14298473
7.0064993
-3.5637312
0.02901335
-1.1687691
-2.5529413
0.71774846
2.3777132
1.5939468
-2.9795718
0.32266656
1.7927555
-0.96074706
-0.036527194
-3.4830427
0.051677905
1.4980372
-1.6123009
0.11396864
0.35659173
-0.650702
3.5827782
0.9988187
0.7918533
-0.19427392
2.5631871
-0.20657817
-0.4548487
2.2773976
0.5005885
-1.8929005
0.7832716
-1.1372582
-2.641744
2.662664
0.38741386
-4.8032875
2.146648
-1.1969647
-3.0544543
-4.0705104
-0.2598885
1.0592012
-1.7913722
4.0392604
-0.08403322
-0.6888227
2.4679832
0.91017824
2.9414217
2.7041597
-0.38678166
-1.474702
-1.9245842
-2.291179
-0.051637203
-0.9207237
-0.671546
0.12303717
-0.57357943
0.4234894
1.8367387
1.1034873
2.3846946
1.4136609
2.252875
-1.7966816
-0.7552097
1.6078281
-0.4443509
-2.584199
3.5177429
0.606784
4.098689
3.4251025
3.1178677
-0.8777916
-1.0094831
-0.8522556
1.1946311
-0.19686508
-2.5121415
0.9906579
-1.0823429
3.8932574
-0.21104455
-0.8994459
0.28726494
-1.825202
0.21578212
1.4392128
0.5365891
-1.5522925
1.0551952
0.13253719
2.0328593
-4.6427
-3.0511289
-3.4284263
-0.87838733
-1.0807465
0.04482288
3.6536953
-1.6696743
0.14628138
1.4778455
-2.7595687
1.7246654
0.096962
-1.3374578
3.048292
0.4803704
-1.6513809
0.2236461
1.5250165
-1.2588936
2.1324584
-0.30273908
0.18965435
1.9721853
-0.8778337
-1.5083122
1.6269122
3.920707
2.1836817
-3.403707
-0.49856353
-2.2890525
2.48315
-4.154001
-1.9160593
-2.2784238
1.1106554
-0.10505917
0.105692744
-0.51594424
-2.9363546
-1.943175
4.3614798
-2.08202
2.3253276
0.8237584
-0.004635658
1.612688
0.10432054
-1.7869029
2.3204799
-2.366545
2.2413232
0.50345826
-2.3153157
1.733331
4.8759274
-1.7094272
1.1039331
0.6075537
0.12047146
2.0988662
-0.6228875
-0.45581865
0.09040062
-0.26579106
-0.9003474
-1.3399354
-2.8841772
-2.2739885
3.042545
2.909519
-3.791205
0.027836464
-0.07613081
-2.2606504
-2.5238066
0.7777048
-1.8180383
-3.1640332
1.6533613
-0.8881541
-2.4671173
-1.1155672
3.9381704
-0.52345896
-2.141703
-0.27367267
0.6394606
-0.6885779
0.61050457
1.4016658
1.9027199
-2.1776524
0.7946445
-1.5386715
0.9872756
1.7183402
-1.075469
0.7188293
1.6117367
0.37110505
-2.2616637
1.1145886
0.66876996
1.3835012
-1.1246276
1.6404483
1.0895743
-0.060071867
-1.8400311
-5.7637353
-1.8027036
0.30465928
-0.67766654
1.3200123
2.3188696
0.8414421
0.30861202
-3.706157
-0.4367859
-1.0017568
1.965171
-0.18864629
-2.000434
1.4158295
-0.81844544
0.50350434
-1.8431615
-1.9961214
-0.24922374
-2.0361447
0.67180765
1.827866
0.26205206
0.5397455
-0.17507584
1.0745108
0.30064607
-0.4019974
0.99117666
0.20409647
-1.2842752
-0.32178664
-0.21579748
0.30468893
-3.2037325
-0.0382426
1.77295
-0.69077474
-0.42433086
-4.652859
-1.5831753
1.0513148
2.5008202
-0.04142008
-2.8952513
-0.6366097
0.6784235
-0.9576988
-1.7479721
1.3228524
0.55218554
0.6910295
-0.5911993
-0.5086023
2.6132126
-1.168584
-0.5036935
-0.121272534
-3.135679
0.16385573
0.45953095
-2.5517993
-3.664657
-1.9135076
0.8502631
-0.2184225
-0.6859118
-3.0356917
2.304402
-2.6583629
-2.3742445
0.90169567
-2.9533668
-1.744124
-0.52224
2.4525702
-1.9857574
-0.7493383
0.3615371
-0.4665303
1.0305367
1.4533798
1.3023262
-2.1676335
-0.64971274
-3.9710696
0.5923052
-0.4618471
0.17326275
-2.8967588
1.6187413
0.99114186
2.1902175
-4.464135
0.9220548
-2.2742078
-1.079398
1.934571
3.1023993
0.3749441
0.76349324
-2.2995796
0.5870738
-0.3994882
-1.7282501
-1.5393745
1.1685555
0.21423613
-2.4844587
0.59065497
-1.1019466
2.1651082
1.5744612
-3.761234
1.1502738
0.67677355
-1.3613324
0.77745867
2.7242932
1.1269367
-2.446325
-0.9064238
0.41895464
2.321915
-1.2352467
2.9604278
-1.341756
-0.99806166
-3.5886104
2.5027554
1.1093119
-4.207893
-0.8595655
-0.95190144
0.19234663
-1.6769705
1.1151671
-3.941253
1.0346651
-1.6268082
-0.6930941
2.9861596
3.5626411
1.2106017
0.0800248
1.6291656
6.7589183
-2.03065
-2.4877713
-0.5578128
4.0006127
1.4249196
-0.7693826
0.93804616
6.2351184
-2.145067
0.834189
-0.6093246
-0.95143706
1.5177968
-1.1554602
-0.72103596
-0.7124912
-1.1986417
-2.6928675
4.32149
3.2154412
-3.0898924
2.0184922
-1.7041
-2.324693
2.8157206
-0.7580681
-0.92983
2.3353887
-0.47704935
3.197249
2.0537448
2.2303305
0.09627443
0.92749965
0.49785313
2.7129927
0.15696532
-2.3345647
0.017939195
-1.5627073
1.2203857
3.823687
-1.5221183
-1.0575025
-1.3118072
-0.9699484
-0.6410068
-1.6629544
1.5784622
0.2995844
0.90341437
-1.1161758
-0.9160814
-1.3006315
-0.38707283
0.07363792
-2.039432
1.6030728
1.0736256
2.121396
-2.8323946
0.100703634
-0.18965998
2.0380318
0.53840977
-3.5900612
2.511312
3.6986313
0.05875709
0.21945095
-4.4651523
-0.45448446
-2.0477026
3.5332763
2.362741
0.45168406
1.7672825
2.4802291
1.879021
0.67208654
1.1432823
2.280873
-1.632637
-1.7719941
0.18502778
5.961687
-1.1043408
-1.3798162
-2.612257
-1.0966154
0.6048326
-1.4386849
-1.386801
-3.0952532
-0.5823669
-2.9583814
-1.6200316
-1.8647413
1.6572304
-1.6855223
-2.2837307
-5.5181665
2.7430744
2.019821
-0.08855588
1.6805291
0.71839476
2.580156
-0.18026753
1.6551403
0.5313207
0.14241791
1.0315183
-0.9176706
4.1838703
-0.41796654
1.9639
-0.17799053
1.7980483
-0.33732226
-2.5347617
-0.62032604
-0.837259
-0.061408
-0.017326914
-0.0711116
-0.71586514
-3.4868965
0.48522246
0.4363889
1.6069986
2.1655266
-1.9229677
-0.8671535
1.5354288
-0.5414979
0.96073973
1.712275
-0.3697729
0.4790326
3.4191446
3.9833915
-1.0164526
-0.9108876
3.105677
1.4754946
2.811412
-1.2936507
-1.1180902
1.716748
2.696853
-1.1928662
-1.4012543
3.3820364
1.3550445
-1.925768
-3.796673
-1.2135304
-0.5060292
-2.871764
-1.2159487
-0.99842507
-2.3598084
-1.7537218
-0.9118228
-2.113852
2.4803874
0.49734333
-0.3761927
3.453347
2.2568038
-0.9192618
-0.9736195
0.8562759
-1.5435591
-1.626091
-0.5242577
-1.3843193
0.05967295
2.4909978
0.6903179
-1.3447932
-0.6477499
0.22767457
-3.168893
-0.5332404
1.7024215
2.9507368
-1.2931092
0.64795303
-0.81858385
-1.2153915
0.22855516
-2.2057328
0.281141
-2.8252196
-0.4524647
-1.6378745
0.94368714
2.6078625
-3.5294266
-1.4327514
-3.308817
0.9627023
-1.3842995
4.053445
-3.7088656
-2.6721015
1.9543355
-1.6320457
-1.5671691
-2.7151868
-3.5687592
-1.1541265
0.18859155
1.7955816
-0.642799
-2.0464118
-1.673674
-0.8230323
1.9407693
1.5246028
-1.5822135
3.1095545
-2.3285873
1.4840072
-1.4223872
0.69190174
-1.4051346
-1.2693968
-1.2132038
-5.7065225
-0.23658091
-0.11295671
1.1932799
-1.1742821
1.1604173
-2.695317
-1.6270396
-2.2942886
0.69039285
1.0875207
0.8884861
0.44013193
1.2010461
-2.0419648
1.2436486
0.31003284
1.6688193
1.4522883
0.5723209
0.027195692
2.2533956
-0.52666813
-1.9377087
-0.53743494
-2.0232205
1.9018887
-1.3935878
2.7400534
-1.1505107
1.4254678
1.170228
-2.565904
1.4533135
0.6372862
0.38952774
1.5052099
0.5693288
2.6953242
2.0996215
1.2902251
1.853258
-0.7779963
-4.073115
1.3459355
1.6898823
0.12298478
-0.48223585
-1.570312
0.3134641
1.3115158
-0.4975514
0.77462244
1.2432841
4.56581
-1.7978232
2.2407598
2.002083
-3.6230586
-3.2692993
1.9177328
1.7820101
-2.2737343
-0.38381338
-0.27556688
-1.4572406
-0.35360312
0.3654741
-0.15743086
-0.32471192
-1.0315101
0.05405464
-5.540955
1.848816
1.5971562
-2.4743152
0.16690536
0.330966
4.476813
0.4265985
-3.7611709
-4.541501
-1.772513
-2.327446
-5.2879696
-1.5749663
1.4935324
-2.8753295
-3.237297
2.6848176
0.5528646
0.18947485
-1.1918622
0.94575375
0.072566286
3.0588377
-0.22028112
0.58461946
0.5809991
1.8372811
-1.3590896
-4.337317
2.9276998
-0.74384403
-1.215791
3.4308982
-2.338225
0.6322108
-0.016980693
2.6545992
0.12577051
-1.2991139
-0.30417097
-0.17910004
2.4508865
3.085886
-1.4152892
-0.59550214
3.0117817
0.45920837
-2.4342327
0.45520866
-1.5772792
1.5886425
-2.7180736
-0.7520534
-0.57814497
1.399781
-0.83509046
-0.7037598
-2.2537277
-0.9426261
-0.2375061
-2.144855
4.093518
1.5771947
-0.95863605
-0.31454235
0.6939316
-1.058354
2.0743933
2.5831356
0.36207083
-0.061184563
0.10740379
0.9465768
0.28063858
-1.5399936
2.7041569
3.208127
0.15764578
1.7237558
-1.6859254
0.8335574
-1.131665
0.42116237
1.0984088
-4.510184
-0.7895908
4.7655287
2.685048
-1.854014
-0.19459614
-0.9710162
3.1120412
0.98616016
-4.633478
-1.1099216
-1.4608016
-3.3229358
1.8347276
-0.45861664
-0.51576394
0.21558669
1.9101405
2.1386237
-1.1379416
1.2796361
-2.1748214
0.6665191
2.1859071
-0.09271688
0.23923798
2.1527987
-0.7350361
-3.496088
1.5880497
1.650323
0.5905255
-1.1921968
-0.66619754
1.7672071
0.6493447
-2.4282076
2.5490627
1.2033027
-1.5086511
0.9693962
0.82096726
1.3405626
-1.3875242
-0.64967346
-0.53008336
0.095538154
-0.72149026
2.7003584
-1.2641941
2.8603163
-0.118369676
-2.4791985
3.023278
-0.29328045
0.90778226
1.9089389
-0.18054202
-1.6764293
-0.20552382
0.4395907
-0.22861671
2.3324692
-0.8197293
1.1897812
-1.4082431
-1.6869332
-0.77036375
-0.73132557
-0.22457789
-2.1491778
-1.6728104
2.3293157
2.1009693
-1.6112328
1.3256922
-1.9730028
-2.5334523
-1.9801898
0.75969714
-0.36523327
2.3787608
-1.131534
-0.53280747
2.8731189
1.2478956
0.626676
0.08138442
-3.2639759
-0.6254749
-0.70551676
-1.3655486
-0.12954944
-1.1023467
-0.6056145
-4.5325665
0.14148384
0.19639082
-1.5371188
2.1776912
2.8560085
-0.6140439
0.053927995
2.243121
-0.07860332
2.2866936
3.3215904
-1.015092
-1.1862797
1.7727866
0.804035
-0.7697298
3.6235838
-1.5200521
-0.7068186
-3.419917
1.0759904
0.3061968
-3.7101252
-1.2577894
-0.3764482
0.046334833
1.3729302
-2.1105525
-1.288579
-0.21355899
-1.2409285
2.089764
1.860289
1.5987861
-3.5056942
-1.6863889
0.24782285
-0.45510802
3.9128928
-1.3962154
-2.182589
-2.0228248
1.2841029
-2.742738
2.122659
0.3202178
0.9377674
0.0010287762
2.7702708
0.9875418
-0.86347556
0.9431155
-0.47429898
-0.37102807
-2.4126923
1.3866284
-0.7906882
2.960199
-0.3978176
1.5236818
-4.311073
-1.4436939
-0.7043498
-1.0549996
2.3754137
0.42746907
4.485263
3.5350041
-0.8646041
0.4746886
-2.506412
-0.45502746
0.42350274
1.7537888
-0.50189143
0.46271035
0.095311984
0.62323123
0.75502056
0.8566476
-0.93918794
-0.8570745
-4.7466874
2.2799842
-2.0807972
-0.8220321
-1.4742317
-1.6059525
3.4204664
1.5046468
-0.3706748
-0.14894816
1.2711227
-0.32412285
-0.68039787
0.7828604
-2.0919511
-0.5835429
-1.3098776
3.2181983
-0.2142294
-1.2884916
0.3569049
-0.7524582
-0.8471328
-3.1879017
1.8708323
-1.9383744
1.2923542
0.4748848
1.4892347
0.48690546
-0.52697504
-2.2840886
1.0832108
-0.5034099
-4.9741774
-2.380013
0.34494358
2.042834
-0.08298365
-0.75773907
0.5702057
-0.911573
-0.87400895
0.96659476
-2.9828687
2.304389
-1.0106709
-1.215021
-0.06256007
0.18964076
3.384363
0.06416611
-0.104306266
-0.14117901
0.4909807
-0.9670425
0.9409919
-2.9342742
1.1956035
-4.954501
-0.6355697
0.5420218
3.736418
-1.1093922
-2.4255638
-0.8564493
1.5340255
1.3410798
-4.3313947
-2.6360629
-1.8721266
1.9577154
2.4162972
1.9061748
2.0081973
2.7823603
1.087641
-1.4133058
-2.5920346
0.5525841
1.6190373
0.3219064
2.1187787
2.3651164
0.46437663
-0.48596513
-1.4245391
2.1702929
0.7304095
0.5868258
-3.5883904
-4.47179
0.6243097
1.3657994
1.0166059
0.3387331
-1.421521
-2.9059334
-1.9501972
4.0181165
0.78692424
-0.2628712
4.2037325
-0.054081924
0.8193423
3.1297612
0.18976477
-4.1693497
-0.39661542
-1.1992719
1.6545587
1.3690687
5.1386
-2.2600172
-0.4434626
2.16828
-1.298849
-1.8595204
1.3698376
-1.1520548
-3.5079026
2.6206574
0.46286803
-0.42824548
-1.4765282
-1.0835675
-0.18064573
-1.5610507
-3.2561512
-3.1876836
-1.2948408
1.8108577
-0.9207157
2.6128542
-2.4969492
0.5170698
-0.02325061
-0.81519234
1.424194
1.1200331
-0.7875879
-1.5393202
-0.3891517
2.972311
3.1601367
-0.034581367
0.23800126
1.4669639
-4.034395
-1.7784752
2.7624912
-1.1279627
-1.4551136
-0.7292463
-0.96087795
-4.1647844
-2.7892127
-0.95771724
-2.3365045
-2.384272
-1.2552986
2.1251116
-0.24913286
-1.6567612
2.5687323
5.190181
1.9348488
-0.3001239
-4.4900565
0.6594381
-0.04399068
1.359022
0.25752777
0.98941207
-0.63658804
-1.0498041
-0.6343208
-1.7015557
1.498293
0.31490105
-0.2972456
-1.2697221
-0.49279162
-1.6061555
1.9164025
-1.3241713
1.7676924
2.0107603
2.275107
0.11655173
-2.9617374
1.2403085
-1.7305813
-0.7233045
1.7394528
-0.63307285
1.0511988
-3.3415482
1.4431505
0.004035186
-2.368186
-1.070287
1.1239305
1.1397792
2.0655043
0.6925922
-2.4057715
3.3702416
-0.14342985
-2.4987528
3.9748409
5.6383624
-1.7267233
0.7568501
5.747011
-0.88092506
1.940738
1.1680975
-1.1952846
-2.3505275
-3.9727356
1.8853469
0.2018956
-1.7705134
-1.283439
0.8809597
-3.464176
-0.6987732
2.297661
-0.97401613
0.7782603
1.9355818
2.989183
-1.4129086
0.49779817
-3.4115682
0.43711567
0.5199125
2.6654696
0.89152664
1.4607301
-0.59114116
1.6847472
-1.3259085
1.1317962
-2.6565902
-2.3163838
2.1380215
-1.8705767
0.9680161
-1.9652681
-1.2455479
-1.6591271
1.2152636
0.643612
-0.60484993
0.07318367
-2.018744
0.08929379
0.096853055
0.87414724
2.3740513
-0.10505113
1.3714314
-1.3932316
-2.9409776
3.8588965
1.3510883
-0.009330995
-2.70951
0.008878946
0.38715065
-1.811692
1.738103
-2.4119124
0.3656278
-0.42410213
0.3022544
2.3122573
0.08278762
-1.8032893
-0.53199446
-0.3697933
4.3960943
2.218466
0.30993077
1.4900919
0.2948052
-1.0071584
0.58871084
1.638963
4.8283324
-0.1878021
-0.14608014
0.86349773
-0.20669377
0.28312236
3.0195587
2.0974185
-2.5495255
-0.14544052
-2.9947803
-0.65513045
1.0684752
4.3651385
-2.008488
-0.97937804
1.4256494
-0.114999816
-1.634507
1.1369021
-0.69390666
-2.096005
-0.80497885
-1.9072211
1.9506114
0.46050665
0.19555123
-1.4593245
-2.2191458
-0.69676125
-0.19369715
-3.0935786
1.3837914
0.7427624
1.5100375
0.5265457
-0.9206941
0.3799677
-2.2556303
-2.1674364
-4.27045
-0.010761425
0.19970536
2.1160998
0.37265682
1.5966101
-2.6157029
-0.07228112
-0.41457504
-0.25439066
-0.89279914
3.111581
0.46274188
-2.5116534
-0.2551931
-2.9411783
-0.396107
-2.8939564
3.1482377
1.7292297
0.79366475
-3.023614
-2.1989453
-1.0607828
1.8302525
-2.2600238
-1.2503343
0.39212188
-0.53068066
0.46130747
-1.5176569
-0.39185676
5.638704
-1.191893
-0.5911013
-2.3810182
1.478701
3.7254934
0.051112995
-1.4545162
-2.5657873
-1.8645571
-2.248828
0.3136879
0.3592245
-1.9825654
-1.2878515
0.7705569
1.3012662
2.0127304
2.0037813
0.8429449
-1.007239
1.5098819
-1.1750468
-2.262496
-3.5256653
-1.529782
1.153557
0.84956485
0.9162271
0.4912115
-2.9452598
-1.4801495
1.4394591
-1.087861
-2.4103668
-1.6311756
-0.14754504
0.42777646
2.3455997
1.0053507
2.8353853
-1.5589728
1.799436
0.52356523
2.2218223
3.8079379
-2.001999
0.630412
-0.78207725
3.2807934
5.048482
1.3802642
-0.2420682
-1.7769139
-3.203899
1.1036037
-0.98261017
1.2839849
0.41904265
1.0622584
1.7969977
1.221394
2.2529163
0.44531983
1.9862472
-1.1410366
0.14596373
-0.6076493
-2.7255652
-0.60385936
0.47535917
1.3353792
0.22197169
0.48421258
0.826912
-4.42516
-0.05482106
-1.1149468
-0.8535934
-0.33726543
2.6449254
-2.041845
1.918157
0.5542492
2.0458708
-0.5659253
0.35280403
-0.26230377
0.10733309
-0.5389143
-0.6985382
4.707815
-0.692855
2.3595352
1.951122
-2.5902293
-1.7654017
-0.57608426
-1.290924
0.44236624
3.6828258
-0.740792
0.0048871115
4.6584954
0.19049132
0.13782984
3.5997493
0.49364126
-0.44371915
1.0113857
-0.9449515
-1.691622
0.10649627
0.60196066
2.1181633
-1.582618
-1.472957
0.27301344
0.9034261
1.0969069
0.41739753
1.3920498
-3.7747746
0.5059802
0.71491486
3.5248606
0.998806
-1.7305074
0.2537201
-1.7266698
-0.20360899
3.9694264
0.43179637
-1.2059785
-1.1298727
1.7092183
2.0867949
0.6775732
0.94367766
1.7660576
1.0304171
-0.29697528
2.5037
-3.052056
-1.275721
-1.8453033
3.3430347
-1.174025
-0.65520734
1.4957399
-2.8304315
-1.275872
-0.31323057
0.66238874
1.9021016
2.0608425
-2.0041642
0.43310386
-0.9181884
-2.2354083
-2.9178064
0.21163368
-0.055672232
0.6858453
1.2049699
-1.2934703
-2.724505
0.5053758
-0.7389651
0.6660868
-0.08265055
-1.4050046
1.7077895
-0.7862908
3.1857226
-1.0511724
0.8390784
-1.5242693
-0.77502763
0.35984987
1.1219584
2.8642142
-0.68006366
2.1995506
-3.0398302
-1.0250577
4.30093
0.7529398
1.7171276
-4.6460085
-2.3282866
-0.8443775
0.59663314
1.1135573
0.99565566
3.8744993
-1.4328403
-0.9774139
0.30697548
-0.86586463
-0.33635676
-1.9726777
1.2038015
-0.22546333
3.2835526
-0.6532599
-1.3208628
3.0720694
-1.2948146
-1.1656804
-0.9863658
1.0430921
1.8103675
2.272537
3.9078934
-0.4888276
1.5602047
0.32493746
5.454735
-1.3094867
1.4951804
-0.65825194
-1.5704873
0.09406779
-0.92806643
-2.7525604
-1.1074839
-1.4294367
-0.92963004
-0.5928586
-1.0167873
-0.57967556
-1.6797861
1.084793
2.4896755
-3.0723999
-2.5180569
0.103606656
0.9135308
-0.88328743
0.49311978
1.7279018
-0.9791205
-1.2708191
-0.18469742
1.0753007
-0.63551205
3.5229313
-1.8412628
0.32700154
0.6918336
-1.9498436
-3.4530232
-0.2482467
2.6836936
1.4164045
0.9375505
4.675373
2.5375266
1.9248437
-3.0431085
-0.88851964
-0.054266147
-3.0273266
-3.1628675
0.814482
-1.6824353
1.290302
-0.68461454
-5.141867
-3.223534
-3.1423845
-4.8812976
-3.5526528
-2.0827012
2.8452148
-1.2268924
-2.6869533
4.5069
3.6356514
3.016359
1.7772769
2.0419743
-3.5526
1.2269628
1.1120268
0.38703042
-0.009981088
0.69582826
0.13386065
-1.6059208
-1.9943771
2.6561606
3.2767427
-1.6700195
1.86535
1.5047182
0.63001347
1.5328676
-1.6083783
-0.74268675
0.53601205
0.22250204
-2.677193
-0.05971665
-0.8679598
-0.81393975
-2.8174016
-0.99092823
-3.1473496
-0.20765859
-0.68045574
0.42488748
-2.021736
0.16543269
2.9079902
1.0387781
2.0203798
4.970776
0.79589295
0.7761971
1.5795494
3.2216506
-0.4720266
-2.081391
0.42088845
-1.1460229
-1.7736857
-0.65811676
1.6628909
-1.5872531
4.632403
1.1356068
1.8522749
-1.4143376
-0.737223
-1.0683812
-0.5515386
2.6420321
-0.83401215
4.7951164
-0.96171284
-0.7222987
3.5856967
1.2618608
0.30494878
-3.053469
3.7740297
3.439057
0.5341314
-1.6587521
-1.3056507
-0.38081768
1.3873637
-1.1431569
0.9599379
1.4086277
0.96346986
1.0313433
-1.0136857
1.0671837
0.39561108
0.16669375
3.24234
-1.8404758
1.5769234
-0.6652698
-1.0326816
1.1958171
-0.11072646
-0.06853866
-2.7718909
0.639802
1.1869911
2.6337183
0.39066762
1.7927957
-2.4460406
-1.0750996
-1.7702556
1.0388168
-2.2533958
0.4521923
-0.15649176
1.4518012
-3.2671642
3.3457015
0.52146953
1.1006398
0.28714293
0.9393204
1.1743671
-0.69502336
-2.3467715
0.01477455
-1.3864962
-1.7859172
-0.98558
-0.670936
-1.9988499
-1.6670105
-0.18844536
-4.327816
1.1680826
4.326416
1.1851134
-1.0487366
-0.27574936
-6.322989
-0.08049691
1.7865677
1.3374844
-2.1937103
3.1606007
-0.3474825
1.185287
-1.6159496
0.13894218
3.2296484
0.88711566
-1.4701862
2.339873
0.9128866
-0.90132976
1.0768502
1.327434
-0.89109993
0.9035794
-1.015034
-1.0486646
2.3550055
-0.8067176
-1.8497099
-1.4534854
1.6618127
0.33830974
0.19178973
3.0363326
-0.921507
1.3154236
-1.0274963
-2.3767037
-2.2011614
-4.1240463
0.9749374
-1.7665441
-0.5983799
1.1553907
-2.8521726
-0.775749
1.7351391
-0.07456831
1.2807316
2.1025803
-1.2728659
-0.1763862
4.1193166
-1.4947855
0.7421546
-1.409962
-2.476226
-2.346119
-1.247302
-0.60416317
1.539245
0.59685147
0.11152032
-1.2046953
1.8607213
-2.7626941
-1.3787928
-1.2465321
-2.8998916
-0.30212018
0.80841464
-0.84332013
0.5267103
1.0421038
0.65623087
0.9002363
1.704858
0.35753196
2.880495
-1.5943416
0.31303185
-0.6799465
-0.683194
-1.3769639
0.82665414
1.2035664
2.559314
2.0607266
0.90038943
0.5048255
1.1172564
-4.453951
-0.6775985
-2.402591
2.682698
0.21843737
0.64394313
-1.0833964
0.117672406
-1.9608319
-1.0615141
1.3623353
-1.6042084
0.12334719
-3.2556372
-1.8319232
-1.0179977
-2.3384588
1.8740082
1.4392052
-1.3026711
-0.8681095
-1.1722474
-3.0494866
2.274285
2.2282135
-0.38976145
-0.5620549
-2.5530837
-3.158692
-0.07085005
0.49032655
1.6664728
0.08410738
1.8653075
1.0690942
0.849541
-0.57719743
-0.048825894
1.2556001
-2.4426084
-2.6300113
2.3066125
-2.0847933
0.14673008
2.8400116
3.6827834
-2.4137936
-0.55929714
-0.23365557
1.2847416
-2.5990214
0.41839975
0.053871907
-3.690899
-1.9757686
-2.131515
-0.36402398
-3.6198905
-2.4638627
0.45862612
-2.692514
1.8375288
3.6081643
3.4073172
0.9166085
-2.0803683
0.8516551
3.808476
-0.96040374
-2.228676
2.3465374
1.6555078
0.59652495
1.5002177
-1.525088
3.107478
-2.1826425
-3.16672
1.5849907
-0.045814656
-0.4335789
0.30663544
0.20604664
2.1179185
-1.0930364
3.4163845
4.6079645
-0.48563126
-1.1980186
-0.4997964
-0.99487174
0.76227534
0.17172566
1.862749
2.5477166
-1.9654164
3.3256216
2.1821964
0.8519446
2.513537
0.26800624
-1.932919
5.365756
-2.1690545
1.3864623
-2.4231913
-0.90373695
-0.79724026
0.24809101
-1.571851
-0.66783565
3.1692553
-0.7890302
-1.8600879
0.782232
0.5890699
2.0481572
2.1797566
-0.7175033
-0.44675326
1.4584367
1.1317897
-0.3130332
-1.351265
1.86875
-1.1610839
-0.93023473
-3.4927652
0.35340708
-3.1954675
-2.7322984
-0.67532104
-1.7438579
-0.16915762
0.38012683
1.0600072
4.2646866
3.095436
1.2029444
-0.7801117
-2.7980032
1.6863252
3.8103783
1.0978494
-0.7075869
0.66298807
-1.490951
0.34695998
2.758878
-0.18974048
3.3913603
0.48626634
-2.2730632
-4.308253
-1.2189381
0.66146356
-2.664037
-1.9230232
-1.024406
-2.041669
0.8146787
0.14331594
0.8835169
2.3226798
-1.3396312
0.6631042
0.7122789
0.31858617
-0.24807113
-3.6873727
1.1828326
-1.421546
-0.318982
0.6605444
-1.7550489
3.4825864
-0.85852236
-1.3343911
-2.3707607
-1.7488798
-2.503807
-1.4853727
1.1368772
-0.5172373
-2.1661212
-0.061555594
3.4646754
-1.3130445
-1.3837223
0.5141758
-2.28218
1.6845527
2.0923305
-1.6204642
-1.6151155
-2.6426458
0.8079139
-1.5071635
0.7444569
-1.5172305
2.892523
1.082443
2.290193
-0.28099224
0.28583363
0.9052385
3.931743
-1.9276131
1.7001461
-0.7624884
-4.5389338
-4.73009
-1.2097892
-0.92597634
-1.1372539
3.1060104
-4.261281
0.090637684
1.2534242
-0.74679255
-1.1441905
-2.1244397
0.30582303
1.8488967
0.80708194
0.06357417
-2.4610057
1.4162167
0.89151514
1.296912
3.4010572
0.041133232
-1.3709482
-3.734933
-3.3127525
-0.619778
-1.2889168
-3.1270692
1.8868424
-1.6792278
0.81258744
2.115303
3.25544
-3.2474136
-1.1489315
1.2686296
-3.7064981
0.08066879
2.2644913
0.8373338
1.9555835
-3.2012308
0.1738185
-1.6901418
0.16397001
-0.32728827
-3.0250397
-2.6079538
-1.8750126
-1.5669857
0.42651746
0.7080052
-0.350267
-1.9800427
2.5693343
0.17766525
-2.0706599
4.098748
-3.7132375
-2.3632488
-3.022494
2.6197069
-1.5213767
1.519532
0.5525192
2.7061307
-1.8904002
-1.8187
-0.054755054
0.6626598
-1.0355388
-0.08105575
-0.09579302
2.7045524
2.9369547
-0.62625635
1.5204141
-0.48376495
-1.5089017
0.016500682
0.13900915
0.4198842
-1.9256535
2.352434
1.7087605
-0.21628085
1.4286145
0.56182086
-0.38635564
-0.5529124
0.02955734
-0.1328679
-0.11602724
-1.0271443
-2.0849142
0.89417744
1.8127668
2.4731157
0.7560987
-1.6064569
0.87393683
-0.6088239
0.067976154
-0.9992822
0.57631946
-1.9660686
-2.5794954
2.265133
0.42036754
-0.5874299
-1.2203888
0.37264898
0.43649584
-2.846985
0.8249748
2.5186653
-1.2553544
2.2194853
-2.107956
-2.6947942
-1.2294692
0.9681739
-0.66937685
1.2129204
2.1626995
0.56706226
-2.2146947
1.865518
0.14434683
-3.0335596
-1.9096743
3.1610816
1.3357636
-0.3515416
-0.9146376
4.269665
-0.49273908
1.3377639
-1.1541367
0.9188957
1.0871496
-0.85318476
-1.3046833
1.8725147
-0.5454493
2.9916348
-0.74914616
1.5153718
-2.555148
-1.1058451
-3.0989184
0.73283875
-2.2834883
-1.1493603
-0.48155713
-2.1394038
-1.6630801
0.40474713
-1.997741
0.6392874
0.27529418
-1.3734329
3.2710772
1.6630929
2.7148814
0.31466112
-0.023965344
-0.39968795
-0.46076396
0.7133962
0.28138307
-1.0904659
0.31874004
0.45109928
0.17359594
-1.5698535
0.6947038
2.981706
1.4649307
-1.4396104
-0.3522614
-3.512817
-0.8615317
-4.12657
1.3856664
3.4127839
0.6786484
0.4632023
2.6264527
0.4748181
-2.356898
1.2645828
-2.8270998
4.0155435
0.618945
-0.8810925
2.192696
0.9684452
-0.24802995
2.8676646
0.8440483
0.04283001
-2.305133
1.6424055
2.2329335
-0.059506036
3.1724508
-0.9803868
1.3351086
0.83350474
-0.5889117
2.6637998
0.86886895
-2.1770065
-2.0516217
0.16628224
-0.514809
3.3511477
2.5296702
2.210336
2.4419503
-0.19587299
-1.6422901
-2.4740908
3.340315
0.2768506
-2.5930126
1.0183969
-1.535435
-2.5108604
2.3619218
-0.67058146
2.0157087
-0.6513199
-3.9773064
-4.1880646
1.2984743
-1.2345928
0.26458684
0.6804481
2.502347
2.9841552
-0.5711746
0.80738777
-2.7315516
4.528986
0.45873013
0.659885
-0.09159629
-1.7274632
2.273791
-0.19637994
-3.318358
-2.0107846
-2.672907
1.5470718
2.8007262
-0.59672
-0.025176115
4.4779778
-1.1079721
2.5219727
1.0136313
-2.770467
-0.80966854
1.4809022
-0.8107869
3.366423
2.552651
0.7954981
3.002141
1.0309886
0.80101955
0.07741293
-3.0856905
-1.3516989
-2.9186845
1.2885804
1.3622196
1.1199458
-2.6430233
0.40793407
3.6503608
-0.27402598
-3.326245
2.3743138
0.22615358
1.5791087
-0.38946348
-1.1765796
-0.18011042
1.7507318
-1.5610696
-1.3976098
-0.42448834
2.0467696
-1.2346689
3.4764276
0.20209526
1.0507008
1.5181437
-1.763641
1.3083823
-1.0976081
-0.6090947
0.31007135
-2.061093
4.260695