Spasus
2
-0.05082556
-1.1925621
-1.6050467
-1.7566042
-1.5906919
0.09811564
2.4287562
4.173438
1.9999256
0.023925971
-0.33943337
-1.5213158
0.2914999
0.92922616
2.0660167
0.15767504
0.5991648
2.1170526
-1.4009714
-0.12518688
0.416728
0.345411
-0.49729845
1.0167829
0.45784053
0.54221547
-0.72361875
0.7473002
0.19641666
0.04521244
-0.80680305
0.90651435
0.35672224
1.5988197
4.788387
-1.3640729
2.6122272
0.53053117
-0.61978906
-0.6112362
-3.701273
-1.3661855
-0.27191985
3.1410847
-2.583626
-0.03988083
-0.032613203
1.5364149
1.304216
-0.89828753
0.6703113
0.4613868
-1.2393372
0.3582533
1.9708024
-1.1480848
1.7292056
-1.0939604
-0.95843244
-0.66778576
1.4501024
-2.253291
2.149064
1.1182224
-1.9770344
2.7910376
-3.6164505
-0.8129801
-1.7151285
-1.0567147
0.3253281
-0.24314335
-1.5556725
-0.42704698
-4.465704
-0.34685594
2.2442684
1.4174023
1.6417964
4.7861404
-1.055154
-3.781355
0.25457072
1.4416641
-1.852802
-1.4425364
2.921066
-2.8666027
2.7883384
0.24320874
-2.5745215
-0.3327009
-2.7131047
-0.83583945
0.03955988
-2.6339197
-4.31797
1.6452814
-4.094341
-0.7632819
-0.035027906
0.12779376
-1.1170405
0.183389
-1.5689132
0.93126464
0.70964074
0.69736904
0.8167197
3.718551
2.536464
1.1378746
-0.84781337
-0.5594596
-3.6430588
-0.15162763
-0.3196329
3.8762696
3.2470455
0.77475214
2.28425
-0.3996794
0.22478619
-1.170754
-0.5263742
-0.08786234
1.2750732
4.60359
0.0001090616
0.32075876
-1.741486
1.1533091
1.0893908
0.4259013
1.3820606
0.85422343
-2.570906
0.71806526
-0.394924
-1.2081931
0.42085764
2.2505841
1.4726886
0.40748858
-0.74812704
1.4899381
-1.0853275
1.6579971
-2.6709738
-2.79629
-4.773774
-2.716791
-1.1814598
-1.5317894
-1.4095868
-0.04107748
0.12696585
1.0473621
3.24978
-1.8969715
-0.30522615
0.33854946
-1.0785799
0.9936012
-2.353198
2.3474872
0.7520489
-1.3444645
0.5317018
-2.7012591
-2.47017
1.6269559
-1.6504825
-2.8460808
1.5918678
-2.0976038
-0.38242358
0.44916067
-1.228893
-0.68321824
0.8419333
-0.4619964
2.601466
-0.94064134
-2.0448105
0.11962587
2.2375336
-5.401062
0.0034755915
-1.3641144
-2.9397092
1.2679254
-0.17981462
4.9875884
-1.6528862
-0.43415657
0.71311307
-1.683512
1.1357931
1.2095338
-0.9772521
0.79674953
3.2325544
-2.8817286
1.0048274
0.6176559
-5.8071804
-1.1557354
-2.348875
3.0804007
-4.1564555
-0.16396928
-1.7055211
-0.07614796
-3.6046937
2.2013185
-0.8917168
0.32408854
-1.4442185
-0.21140018
-4.437194
-1.0816323
-0.45174557
3.1977513
2.3548293
1.5521334
1.9912162
1.1092005
2.9589636
-2.1957304
-1.230355
2.909719
2.9540536
-1.2510461
3.4248984
4.3332176
0.8899749
1.4633723
0.33626404
-1.1198874
-1.3146571
2.293101
-3.5783656
2.1103616
-0.9931841
5.4996996
4.7888184
0.2624593
2.3061788
1.5594354
0.8174643
-1.4293954
-1.3789376
0.06175465
1.794327
-2.2116058
-3.5666327
1.2225881
0.0054841936
-3.1792836
-0.35258988
2.5159004
3.1734123
0.6755706
1.2196077
-1.9734348
0.3461001
-1.8179592
0.9738111
1.2417556
-0.3597144
-0.85897136
4.547606
1.3030809
0.97398883
4.224194
0.4860521
0.21727693
-1.4505186
1.667844
-6.440929
-2.1327972
-0.24088922
2.0509531
-2.4852166
-0.044978663
2.0087633
-0.3728985
-0.9903351
-0.18059905
0.042125195
-0.5071839
0.5955233
0.237793
2.5197117
-1.0420432
-2.5599833
3.2256172
2.314924
2.7952802
-0.49634498
1.1843674
-1.3617574
2.9717884
1.3358812
1.562081
0.2623213
-0.5612825
-3.7309177
-1.0432265
0.09765414
-2.1049097
3.7633016
1.0114781
2.5819986
-1.3610681
1.422665
0.10575235
1.5330979
4.51621
1.9788606
0.046061452
-0.40493795
0.8198891
4.3360376
0.67354864
2.4967878
2.4721053
-0.99377656
-2.1012726
-0.025636107
-0.7379051
1.6557518
-0.3249133
1.4551833
0.2548474
1.1949211
1.0262208
-1.3126879
-0.13557437
3.4195952
3.2151299
-0.6164305
1.323922
-4.134284
0.92680204
2.6264424
3.3570554
0.35193136
1.5852554
-3.401099
-1.6505125
-2.2223394
0.6542241
-1.211715
2.4126236
-1.831891
1.8301367
0.922043
-1.2628005
-0.8960576
4.7213936
0.20633093
2.4961948
1.3181947
-1.4488907
1.5933065
-3.0632815
1.1314156
1.3380643
0.671597
0.51532483
2.2282717
-0.08840125
1.0719813
-0.43797722
0.6693941
1.1661414
-0.87660915
2.147263
-1.1745442
2.2066412
1.8498504
0.6325901
0.29007608
2.1585035
0.35964411
-1.2647431
2.1889532
-0.33934212
1.0604063
-1.1912711
0.052684925
0.27912435
0.26853713
1.7443898
-1.1852323
1.3500011
0.5389767
-2.1547801
-0.7529103
3.3197706
0.64868504
-0.94361895
0.3598236
-2.1163151
1.6980009
1.2290267
-1.0430866
-0.3602298
2.1739106
-0.34705085
3.375638
5.7413583
0.9056505
0.9805236
-0.9930409
4.324291
3.2558563
-1.8695349
0.5627882
-0.14770195
-0.17494085
2.6075804
3.713872
2.5545833
-0.20569888
-1.8563
4.7756767
-0.6839697
-0.614657
-3.0579512
-0.1370924
1.3634133
-2.322468
3.447188
1.5301515
4.424548
0.07191684
-1.7644173
0.72094166
-1.8513914
-2.67572
-0.80374604
0.21600957
1.7946413
2.1591592
-1.2718942
-1.3059849
1.387764
1.0226356
1.3746352
0.45485887
0.80538106
0.47538674
1.3914984
-1.0088245
2.0568123
-1.0643747
-0.2069366
-0.4233973
0.59189934
-1.154237
-0.7875651
-1.390445
-0.5691135
1.4110427
-0.0023436993
0.5922515
0.5836841
0.88500845
-2.488481
-0.64258873
-2.085308
-2.6633503
1.1322708
-1.5289578
-0.914619
-1.3091468
1.3243021
-2.3374128
1.6041441
4.2266016
-1.4010973
1.2840226
0.9469074
0.39210945
-1.949128
0.7157947
-1.8277025
0.519555
6.554725
0.68742245
-0.2560564
-0.13893284
2.5462189
0.6373961
1.9923472
-1.7944382
-4.1486
2.692555
1.6771863
0.25681055
0.8089733
-0.76813126
4.000901
-1.4826076
0.34319764
1.6503769
-3.4774702
2.3595815
0.44378632
1.5432013
-0.25853413
-2.0995643
0.22457488
-2.814964
0.63187104
-1.114129
-0.08681313
-0.6839
2.2001617
0.12588552
-0.46892098
-0.89734554
3.2057748
0.18257621
1.4941756
3.7859795
-0.122585475
-0.2142354
-1.0880393
0.13397935
-0.51678187
1.0975147
-1.1632476
-1.9205608
-0.6081295
0.52104545
-0.63102895
-2.9327693
-3.552608
-0.7109179
0.18852091
4.6213865
-1.9017484
2.6279762
2.89504
-0.5482016
2.4533677
0.5032357
-4.302439
1.5578607
-4.047762
1.6292452
0.7940148
-1.9228928
0.031155702
0.5975036
-0.54808944
-0.9010022
-1.5226588
0.17061621
1.0732709
-2.1060467
1.8831124
-0.5851597
2.2112641
-1.3318663
0.67744523
-3.8878033
-2.399017
-0.28841212
0.6111702
1.5533214
0.07283241
-0.6327856
-4.2284145
1.9736398
0.2738116
-4.055225
2.4474914
0.6995433
1.1518667
-1.7979805
1.1570287
-0.090003036
0.92256385
0.32665697
4.237687
-2.006456
0.34699413
0.4735401
-3.811613
-1.3101529
1.2706667
0.38372433
1.3107904
-1.0144846
1.0573417
-1.9031907
2.107311
-3.0846071
2.5037258
0.23007195
2.7825432
2.5975072
2.49112
-2.374262
1.958732
-2.9397826
1.7745584
-1.0262249
-0.5375024
-1.5365734
0.087501094
1.7530054
-2.0765362
2.062725
-1.5436605
-1.8137128
-1.8311032
2.2428567
0.90526605
1.2152287
-1.8293704
3.113903
1.9697084
-0.37820894
0.03115677
2.787168
2.2358825
2.4579537
0.23682025
0.39783162
1.3750441
2.7693603
-3.6424196
-1.1532567
-1.2096736
-0.9981337
0.66322994
-0.091258876
-1.1786708
0.14228484
0.8015171
0.28967553
0.46172673
1.4465903
1.9004843
1.4339652
0.7961948
-1.2100587
1.8776143
-2.2624197
3.467466
1.356872
-0.48084682
-0.4063901
0.7989103
-0.9629205
0.8285295
0.31059766
-3.3904536
-2.4343443
1.7054203
0.458827
-0.77940136
-2.171194
1.1966063
-3.2234187
0.19443633
2.507464
-0.4995697
1.4516845
-1.2596707
-0.5659249
-3.669016
-0.6488788
-0.3037487
4.1006274
-1.3740624
3.9287095
-3.0971103
1.4056351
0.27669436
-2.6656852
3.0852323
0.0860438
-1.7940313
1.3175304
-0.44033462
0.9600205
4.1041436
0.38038802
-2.7957385
-0.33535165
-0.6090944
0.2452002
-1.2643751
-1.7461791
0.062580675
0.21581696
-0.9386688
-3.9350343
2.8971088
-0.67524403
1.567003
-0.9694199
-2.50574
3.0907006
0.41386902
1.1861074
0.40332058
0.15673798
1.5345318
-1.0060048
2.124803
0.5510193
-2.1558115
-0.08564637
-0.23432392
2.276161
2.4058695
1.4424802
-2.7539032
-1.9716417
-1.2384121
-0.94938713
-1.833402
0.35462567
1.6871581
-1.389856
-1.5646873
3.9574711
0.7305798
-1.2814258
-1.2899373
-1.5112509
-0.90567094
-0.5643179
-2.3589165
1.5214192
-0.75757164
1.2835549
2.0792084
2.485063
2.9178636
2.5099669
-1.9075874
2.3016322
2.7171907
1.7569534
-0.65018356
1.7825606
2.2034805
-0.36944738
-0.9818415
-1.4584411
2.593307
-0.28220809
0.9750785
3.703232
1.6106235
-5.1822853
1.864701
2.404988
2.0496855
0.12253333
-2.2537613
-0.75753903
-2.9800196
-0.23863745
-4.433627
-0.10723198
1.9675906
-0.17645742
-2.055531
2.3560948
1.0963968
-1.1259246
-1.934094
-1.9881402
-2.4338136
-2.791625
2.910565
-2.7493541
0.66672254
-0.005682856
-0.46145713
-1.993527
-2.238593
-0.01352565
-0.7830197
1.0708622
2.6099362
-2.0425649
0.5315115
1.6453536
-1.0644345
-1.0125668
-1.9153374
0.03006538
-1.6050905
0.3150339
1.541314
-0.35345018
-1.525583
1.4543412
0.4186713
-2.4410458
1.9575057
-1.2275937
-1.6775134
-1.7820275
-0.9389689
2.9768593
-1.5629407
-2.0862975
-3.1472545
1.2120432
1.2909616
-0.4095304
0.24717265
0.43623438
0.16945332
2.502435
-0.08763901
-1.284061
-2.5234349
2.6835124
1.0193515
0.68306416
1.1294398
1.8276123
-3.748962
-1.4118905
0.40730643
0.5647534
-1.8381847
-0.6061235
-2.738312
0.391471
-0.54853165
-1.9031944
0.07028871
-1.8713629
2.861921
0.28949705
0.5350614
-0.008565545
1.212246
-1.2745962
-0.6747327
0.72853136
1.6028574
-0.5289161
0.38867766
2.0724857
2.8317049
-3.2401211
-2.3934035
3.0430398
0.03659282
-1.007343
-0.13929537
0.34902805
2.447687
0.20416626
0.22509703
-1.475113
0.65929556
3.0097857
1.1036814
-2.4711113
2.1732774
-1.5603459
2.5909703
0.35667843
-1.1150955
-0.7920058
3.5897067
0.4414087
0.7811567
-2.0806935
-0.9349464
-0.38863906
-0.62193775
1.1007546
-1.9270406
-0.28616303
0.04851906
-3.1256738
1.6385113
2.278375
1.9349881
1.6226994
-1.4327215
-2.8082123
0.5240287
2.4580622
0.4866559
-5.2832475
-2.596349
-2.1021712
-1.433277
-1.1972582
1.7884147
-0.8046831
0.3530207
2.3201716
-0.8743228
-0.012781635
0.22050917
-3.0919795
-0.60282004
-0.4888293
-0.21151282
0.022627927
1.4154606
2.110031
-0.10220779
-3.1216989
-1.5981432
2.4381282
1.8940241
-2.5212703
-1.3058697
0.74949056
-3.8167508
-1.1204511
2.6903367
-0.19343147
-1.3004905
2.7155182
0.9856608
-2.3331819
0.60074645
-0.2878728
0.6617232
-2.9762187
-0.40217432
1.1978256
-2.9405122
-0.76916283
3.1982386
2.207185
1.6460414
0.83917636
0.5389305
-3.2616124
-0.27494353
-0.18908185
0.37641594
-2.7867432
-3.245749
-0.5081097
3.1325812
0.15993373
0.3998343
0.27275684
0.65460443
0.6906564
-1.6486849
-1.3942268
-0.12090904
0.6382902
-3.1573393
0.21199343
-1.9567766
2.4298747
2.986157
0.33928627
3.3934667
-1.6618595
-1.8896046
-0.46438342
-0.49151033
1.1142763
-3.2404523
1.5977907
0.18723929
-0.35058498
-0.41642097
1.9261986
-3.7507806
-2.5693495
-1.2430577
2.4342177
1.9115734
-1.6450349
2.5505376
0.3953174
0.77414566
-0.7006756
2.7734168
-0.77449816
0.31360668
0.65620977
-1.8829737
0.3090562
0.2834072
1.4922702
2.5594156
1.4878582
2.727604
-0.27529556
1.8929386
0.20266327
-1.6502222
2.9630833
-0.16266015
-1.5293683
3.1122718
-3.1471813
-0.34660116
-1.7692088
2.3707871
0.1842558
-0.36005944
2.5498898
0.37922627
-2.2917511
0.43209967
-1.7328526
-0.40555078
0.3001716
1.8762538
-2.3256383
0.47065476
-2.4001193
0.14682102
-1.2783922
0.6896404
3.1688724
-2.8779235
0.39845985
0.47948626
-1.3030677
-2.943824
-3.1814613
2.8286073
0.81974006
1.9150124
0.0616337
0.21271998
2.2957907
0.97614646
-0.11574792
1.2138128
0.47271657
0.32773355
-1.8082227
-2.0587368
-4.17604
1.2971052
-0.67687005
0.13539337
1.1842903
-0.090661146
-0.8742674
-1.3362207
0.13264784
0.3357448
-0.5191413
3.1388087
-3.5867095
-1.1716753
0.80248266
0.97083056
4.373281
-0.52646464
-0.20493324
-0.4375612
-1.2608206
-0.53143144
0.635331
3.7458787
-0.7172684
-0.62924016
2.1734464
-0.27385592
-0.55855066
2.016654
0.29512346
-3.0636694
-0.3239979
-0.30681422
0.40195724
1.5633818
-0.8461198
-1.301702
-1.7355139
0.5908864
-0.8751876
-0.6817628
1.4364526
-0.96962345
2.048985
-0.63985777
-3.956021
-0.46930015
1.4535216
1.0807937
0.0845012
-1.7195474
-0.16333415
-2.1955094
-0.7864726
-4.100629
-0.37052
0.8736187
-2.1441615
-0.7435061
0.5549234
-1.8218781
-2.8376882
0.85276246
1.701596
-2.8303385
0.91254133
-0.6791894
-1.7994657
2.7732813
2.6122863
-1.9672598
3.5089648
0.4961859
-2.0942137
2.2266803
1.8336132
0.18171538
2.045378
1.9117473
-2.9400287
0.14620268
2.4961278
0.47329915
-0.016882487
3.636461
1.0559103
4.6969614
1.3466609
1.2068508
-0.7486679
-2.6029735
-1.8758782
1.5924199
-3.428674
-0.48458558
-0.8333524
1.1242425
2.7007444
2.0178468
-2.4695234
-0.84810394
-1.1661448
0.69245046
3.8144522
2.0094066
-2.022906
-3.581944
-2.3608036
0.16429129
0.8231154
0.012443218
-2.1196337
-0.13225073
-2.1343389
-0.13267207
-0.07172052
2.7624362
-1.3979876
-0.39780533
-1.8948433
4.835275
-2.140352
1.1084514
1.6730869
3.6914191
-1.8958297
0.9600236
-0.3256315
0.78087646
1.4302074
-0.7407034
-0.6584459
0.033463746
-1.8877519
-0.25757885
1.7177273
-1.3201509
-2.3796508
-0.5899744
1.2094848
-2.7005227
2.3634756
-0.25984982
1.4948453
1.6584938
0.66019636
0.9024186
1.7757292
0.30258766
2.0701563
1.1277784
1.750498
1.7698869
3.1245935
-2.4756086
0.9305262
-1.2461243
-0.54948056
1.4567493
1.8355056
0.10334693
-1.3325005
-0.4569109
-0.4582434
0.9519792
1.9831334
-0.2951367
-0.7103404
-3.7013972
1.6835712
-1.0246462
0.7270671
3.300056
1.0061932
1.8570886
2.6557264
0.17429174
0.3371995
-1.2829069
0.40647072
-1.8021617
-0.80673265
1.9035635
3.129548
0.9570919
-0.10588561
2.862972
-1.925531
1.0731398
-0.62492967
-4.6594152
1.4680568
1.3770534
-2.2537029
-0.18532082
-2.324931
3.3441496
0.6151023
-2.263633
-5.4863687
-0.34179604
0.5391702
-0.17875274
1.2200738
0.30903643
0.55768293
-1.2928945
3.1874857
0.17664313
-1.1639688
0.6290877
-0.62832254
-0.416352
0.22551036
0.16352758
1.0740668
-0.5590199
-4.7867184
4.2101917
0.97475606
-2.568499
2.2488472
-1.4323893
-1.0376352
2.0925817
0.2628971
1.4493663
1.7229496
-0.6704038
-2.6928217
-1.5992756
0.705273
0.37859
0.9330408
0.97123563
-2.8337362
-0.80082023
-2.0425398
2.1095126
1.5428023
-0.014511347
0.8238836
1.3829296
-3.8522549
1.9063089
-0.6257657
1.3787322
2.2392423
-0.19144973
1.0653309
0.49863517
-2.6246283
5.303709
1.8299247
-3.5587282
1.2535661
-5.863394
-0.023757644
-3.3621037
0.048404105
-1.6618949
-0.89568835
0.2771297
0.35113075
-0.7941714
0.4985361
0.6214456
-0.64694077
-2.435185
-1.5938371
-0.5521109
0.8546487
2.4883745
-2.6319823
-1.2458892
0.90773267
-1.3543696
-2.1257553
0.24421754
2.939615
1.4065626
-3.5308876
-1.3412931
0.30228454
0.862859
-1.0200094
-0.060350165
4.8192434
5.08944
1.0030868
0.7520581
-1.7652287
4.124466
1.316762
1.462435
-2.9830885
1.2962284
-6.3990283
-0.7416058
-0.27523473
1.6544945
-1.0038896
-0.08675595
-0.6906541
0.30649123
-0.02250953
1.7692612
-2.4457784
0.21763737
3.504805
0.6107542
0.4354763
0.08040812
2.201742
-0.35309958
2.407453
-2.7542162
1.7999606
-1.7722559
0.96803343
-2.6316807
1.0629435
1.2566559
-0.11273733
-2.4546752
-1.5569456
-0.8425329
-0.09044246
0.3518829
0.43810883
-0.06957458
-0.52527404
0.83820796
1.0817974
-0.7337036
-2.623649
-3.8393664
-2.5520937
1.5438762
0.32748863
1.4188311
0.1018828
-0.8540818
-0.14286646
-3.1442103
-0.13805898
-0.3173894
0.19450009
-1.6805257
-0.5380398
2.3172185
0.5182773
1.8843302
-0.27372798
-2.0405822
-0.36905542
-1.1531194
-2.4297068
-1.2296047
0.11556006
-0.65609527
-0.8073146
1.5690928
0.9550597
-4.4278755
-4.4188175
1.8343803
0.21883562
0.124399975
1.0340303
0.56112206
-0.67991835
-1.4647481
0.46266192
3.3162563
-0.21868397
-0.20853554
1.4040568
-2.2710037
-0.2869036
-2.2092555
-2.873938
0.22573349
3.0936265
1.6163721
-0.89211005
-1.9707197
4.1551843
0.13186824
-0.28817195
-1.6916337
-1.0442145
0.30848044
-0.9982382
0.27046406
-0.31191936
-0.5595146
0.124202825
-0.051059276
-2.7513804
-1.2117476
0.5592911
1.7739569
3.195479
-0.01342421
2.787567
-1.8840958
2.1641562
1.3013202
-2.9229693
0.39496922
5.818967
0.8328351
0.12753539
0.086557135
1.0206629
0.5649567
1.1001536
-0.6628263
-0.8716635
-0.2499045
-0.9454448
-0.90696377
-1.1933432
-2.8890314
0.020210616
0.19099149
0.05579776
2.4330425
-4.9506617
-2.699964
-0.856642
-0.87886345
2.5426908
2.2065992
-2.566658
-4.909216
-1.0931464
1.6349795
-1.5585753
1.4488276
0.8540757
0.53836906
1.8235528
-3.7217882
5.8098884
0.94436944
-0.8355516
2.2934053
0.34698352
1.9991276
-0.39834177
-3.840033
1.7785466
4.08916
0.52615243
1.1108637
-1.023567
-1.2320917
2.4214897
-1.213198
-2.116657
2.3832984
-0.7385306
-3.765926
-1.1976327
-1.4307913
-0.60818255
2.0283613
1.4502985
0.26378185
-2.0573666
-0.040277466
-0.8249064
2.329834
2.2122118
-1.9749691
1.525833
-1.3775315
1.9314345
2.5663922
-2.0989413
2.0473716
0.91481066
-2.241604
-4.1927466
-1.2720575
-4.313691
-0.8334385
2.4008293
0.3913116
0.23300146
1.8537873
0.45413092
-1.1396282
-2.338799
1.8741528
-2.260111
2.5779727
1.3637125
-2.9479804
0.27104312
1.4610275
1.4678773
0.054939725
-0.8365497
2.2883282
2.6739695
-2.4299815
2.3455071
1.8500394
1.2424977
-2.5494316
-4.909285
4.002441
1.9452076
4.6035357
-2.9333384
-0.89312387
-1.4651773
1.4855494
1.3747567
0.010530971
-0.4266958
-1.1252471
-0.12182813
-0.41244385
3.5261388
0.13158506
0.93009496
-0.26881698
-0.14170349
1.3697578
-1.4947265
1.2971822
-3.7182698
2.0435975
0.41964588
0.67045254
1.0077897
-0.087257646
0.82900333
3.411433
-0.28405023
1.5548904
1.1430763
-0.06361179
1.4661224
1.8497868
3.816744
1.4894471
-2.2215638
-0.10656883
-3.8054347
0.09857201
1.9412878
1.1190988
1.0784432
-1.3506668
-0.94906676
2.471376
2.7753246
0.5234761
-1.386269
-1.3189287
-1.3833746
0.61907166
-2.7219737
-0.42287552
-0.890705
3.9733386
0.41116163
-2.337454
0.15172066
1.7893829
-0.66335565
-0.12524939
0.53314114
0.42718595
4.39503
1.2881085
2.3404477
1.746204
-3.5848732
0.14786926
1.1868979
0.33516574
2.117261
0.5771775
2.4044704
-0.5307968
0.8938387
-1.1274788
0.9466137
-1.2196143
-4.4388127
-1.2010087
-0.6497329
-0.47535223
-0.67060554
-0.11014848
0.42464793
-1.356335
-1.007198
0.6219788
-2.1769454
0.5934798
-3.384708
-0.04691173
2.7012627
1.1905997
1.243361
0.056378126
-1.8507175
-0.8849321
-1.8138162
3.348209
-3.1451294
3.245342
0.07252968
-0.83546555
0.7223535
1.1046942
1.2021154
-0.1294859
0.35179043
0.983207
-0.06868162
2.9122918
1.2741585
-0.54749155
1.192843
2.688401
0.8168521
-3.8306801
3.47741
1.884171
0.43339738
1.7572511
2.1190853
3.3341205
0.9942517
-1.0245609
-1.1565443
0.9093232
-0.9805978
-1.0976055
-0.17164996
0.20920646
-3.0695348
-0.036189325
0.5242946
-0.24541679
2.9819825
0.6712527
-1.5637676
2.9042928
-2.5426764
1.4400889
-3.584403
1.0591921
0.74738085
-3.2924504
-1.0001218
-2.3930566
0.014834844
-3.7352076
3.3846025
0.62554175
0.35041955
0.23486283
1.7674714
-0.77176124
-0.1053464
-0.8093288
3.3710883
-2.330045
-1.4402697
1.1323006
-0.17006862
-1.0628401
-0.14351763
-0.672098
-1.275891
1.4466275
-1.9389546
0.65272164
-0.23330036
-1.3125331
1.5409331
0.3140686
-4.16749
0.20388407
2.4499743
-2.034762
-2.1622329
3.5939665
0.50845736
3.3083487
3.7986088
0.9356887
1.2938906
-2.5175638
-3.7034285
1.7397887
0.7020333
3.1041372
0.5515958
-3.4982126
-0.515765
-1.6791041
-0.039270096
3.7244136
-1.1284119
1.1880662
-1.2890248
0.12603398
-3.6821537
-1.1392162
-1.6064649
1.7562916
0.33380336
-3.2875104
-0.5513756
3.6764042
-3.9853444
1.3308582
-0.6160533
-1.2179551
0.38353103
1.0580927
0.72143525
1.8648279
0.8228832
1.1209576
1.1039878
1.243734
3.962407
-0.63105416
-3.5817134
-0.44751975
-0.2597935
-2.1068087
-0.25278378
0.42480272
0.94355416
1.7528129
2.2408922
1.11582
2.9299347
2.849507
2.6495664
-0.3346197
-0.30979308
-2.5743747
-0.49152118
-0.0804908
2.6367064
1.2331119
-5.3932557
2.813982
-0.35137683
-2.1518638
1.6484923
-1.39801
1.2555511
0.31592387
0.9217492
-0.20761469
-0.69837403
-0.28754145
1.9493464
0.0036678538
1.2623689
0.87763196
2.8546758
-2.1793766
0.6120803
-0.911715
-0.7449244
-2.0577877
-3.4132373
-0.0581664
-0.56994474
1.3979063
-0.8664689
-3.3244493
-0.12989023
-2.6393514
2.5828376
-1.4253517
1.1545937
-2.5529113
3.9233506
0.5354021
-1.3893113
-0.61697537
-1.5680541
2.8906312
-0.489105
-1.8515735
-1.3781412
-0.04336637
2.5249484
-2.6019025
0.9997791
-0.5742441
1.3900378
0.40078562
3.4821181
-4.017924
-0.3213235
-1.1298001
1.7886201
-0.67248565
0.19609693
-1.6672537
1.4785689
3.1689205
0.9907973
-1.8903282
2.077889
-0.6029014
3.900412
-0.9617687
0.8087265
1.3274381
1.2796614
1.5682313
1.0175276
1.2630591
-1.3472524
-1.5414674
-3.867957
0.4346097
-2.2131982
-1.0312397
-0.13431498
1.2325051
0.12452368
-0.4421211
1.9483254
1.5320091
-0.7098063
-1.1918453
-3.2278676
0.34447223
-1.9137764
2.1777663
0.30696332
1.5611478
1.7259731
-1.1657975
-2.1417263
-0.85317266
-0.29858425
0.14194083
1.9578394
0.54048395
-2.0722373
1.9739602
-2.6819983
0.09735025
0.48518845
0.59611446
0.7220031
-1.8635384
0.06255356
-0.7456178
2.704561
5.08802
2.7197475
0.4128152
0.77584225
-0.9317107
-0.75699615
1.5007353
-0.36343428
-0.85056305
1.3548306
0.086712405
-0.8265547
1.0358542
-0.058681197
-3.2906983
-0.6245036
2.5655723
2.2675788
1.8673339
-0.35093805
2.1010725
-2.4661167
0.021332592
0.7608132
4.046268
1.5487827
2.0496538
-0.47772083
0.48591295
2.6425607
-0.4048225
1.6152042
-1.6508266
-0.5311994
4.19749
3.6923006
-3.2360404
0.20179573
-0.9372973
0.8054569
-1.9172724
-0.88873535
-1.7353183
0.5368366
-0.37371683
0.4576263
-3.3715613
1.9363569
-2.0928745
-2.6435416
1.4011437
0.5042509
3.600259
-1.8785856
-1.1388631
-0.77166736
0.6775845
0.16594577
1.6010083
1.2456176
2.0603616
-1.0613441
-0.68204486
-0.9508989
-0.56678927
-2.1960292
0.7359122
-2.513861
-2.305492
1.234059
1.7043552
3.9378204
0.2579999
-0.048698828
-1.3099955
2.737893
3.5184963
0.24765643
1.9783238
-1.0699865
-3.9926093
-1.3549227
-1.7552186
-0.069730155
-0.21408951
0.26687098
-1.4359019
-0.7888763
-3.6425476
2.4373279
2.2955325
-0.45837414
4.717403
0.81445616
0.2755044
-0.29522774
-1.2566147
2.1510746
-3.0542352
0.788091
1.17654
0.17951739
-1.8712664
-0.5760515
-4.8675146
-0.42149952
-0.45225054
-0.5788586
-1.3422536
-0.19687554
2.1439285
-1.7866759
-2.774852
3.269631
-1.810082
0.4056675
1.4016854
3.5703864
-0.34563977
-1.9839386
0.56804335
-0.15000242
0.60441035
0.067738354
1.8116949
-3.5509825
0.26198074
-1.1501268
0.6353395
2.3035676
-0.65539306
-1.9644421
2.6847525
0.1585471
3.1804101
-0.8023944
-0.06512996
-0.505717
-3.7525098
-1.9875379
-1.649935
0.14272726
1.7175977
-0.84374964
-3.1987803
4.7436247
-1.327108
-1.0470691
-0.30932567
1.1600158
-2.139762
-1.3356497
-2.4737003
-2.488929
-1.6050549
-1.5589665
2.0294642
0.7126586
-2.3746142
-2.9676301
1.0480106
3.2894948
-1.2987256
-1.2385175
2.0681431
0.3529033
3.0093496
1.0863928
-0.38631564
0.05181884
0.12505001
0.0342618
1.7148261
0.57118475
-1.0033077
-0.31109917
2.1528254
1.9428685
0.17034356
0.29706827
-0.9990623
0.8556544
2.2959745
1.8754586
0.62717533
-0.8789173
1.2669078
2.2008932
3.5026956
-0.34638998
-0.023104869
-0.8166628
3.655151
3.7517035
0.5525455
-1.2597322
-0.63911873
2.3825557
-0.08081722
0.17208345
2.0522828
-0.07649019
1.7177792
1.6505245
-3.8681495
2.1770139
-5.3425546
-1.5262777
2.395421
-0.674274
-5.0172853
-0.6618376
-1.8991345
1.4372315
-1.6021708
-0.97707087
2.046613
-2.6039958
-0.11643371
2.212148
-3.9180672
-2.850012
-2.0108042
2.3383377
1.3889332
-2.6711879
-0.99101114
-0.5772109
-0.28067827
3.669338
0.68125194
-1.3562069
-3.7119772
-0.3220371
-0.22696745
1.5158621
1.4181118
3.079162
2.003615
1.1324766
-2.3419647
-0.43044677
-1.2100252
-0.73859966
1.8024367
-1.4943371
0.13790199
-1.4696804
2.6065774
0.27213365
2.213683
0.055390105
2.4615338
2.355152
-4.864456
-1.0651517
0.51747704
0.46972921
-0.8953102
-1.372041
0.09750223
-2.8249822
2.9236035
-0.17492181
2.067965
1.8001335
-0.8562729
-2.8066041
2.9988093
0.47553134
-0.9131818
-4.666679
-0.35655475
-0.8003862
3.4853468
-1.3597273
0.044810653
0.053080954
-1.6996739
-2.0968342
-0.2638028
-0.88878495
1.4570997
2.935916
-2.5951674
-2.725786
-0.22255388
-0.7692698
-0.97360426
0.39863196
2.5487792
0.8996036
-0.94935423
0.33227056
1.1087174
3.0912101
-1.3402585
2.5366602
1.0815315
-0.16124162
1.4242034
1.4313025
1.0891976
-1.3974383
-1.3493787
2.061495
2.4918497
-2.5910995
2.0425017
-3.079312
0.49979836
-0.34866783
1.0204504
-0.48863852
1.5169086
-1.0830401
-1.6306173
0.52559197
2.1722305
-1.6921163
-0.26216692
1.9300382
0.42946863
1.5995512
-1.3566515
0.6202152
-0.012498669
-0.93132275
-3.35985
0.26014823
1.9621973
-0.47239232
-0.44204783
0.78994834
0.7712307
-0.40898663
-0.8548358
-1.7680923
1.8673865
2.0717835
1.7766294
0.51028997
-0.74674475
2.8670537
0.7456662
-1.2998757
0.46166316
3.8772786
1.6607147
1.7592666
-0.55720145
0.75328326
-2.4035907
2.733352
-2.4511282
-0.58950204
-0.6183444
0.46959555
0.4331481
-2.8047175
1.4156269
-1.0633126
-3.6258767
-0.61981195
0.13427316
-0.19774044
-2.3093255
-1.4511886
0.09688859
0.25863102
-0.40113145
-2.1253111
-3.8728185
-0.04373865
-1.6866648
2.6630983
-0.6429358
1.7740765
-1.5890052
1.2397205
0.9207554
-0.19097728
-0.3135465
0.67213935
0.7945463
2.1368318
1.7801917
-3.7965608
-3.0915177
1.441803
1.9122552
-1.1475105
2.874357
3.0881252
0.62914014
-1.0736954
2.028362
-2.8523173
-0.8850052
0.18697277
0.11953673
-0.49230045
2.614163
0.9000376
-0.1324311
-1.0997373
-3.5820343
-3.5704284
5.3887987
-2.021694
1.7534558
-0.5654122
-1.999111
-0.27517602
-2.6584213
1.32478
1.5564233
0.8999262
4.0302215
-3.5698395
3.960317
0.40616578
1.9574331
-0.02530051
-2.4678125
0.26942784
1.2241328
0.21976128
-4.375089
0.64556897
0.530527
2.3004916
0.24103734
0.06941287
1.61447
-2.4138305
0.65634537
-1.5994197
-0.39746812
3.0432835
0.025427759
-0.15854788
-0.29418048
0.18917876
-4.326243
-4.0358753
0.76606727
-0.54021955
-1.7656761
2.5137856
1.6154957
1.7449242
-2.4949417
-1.0413067
0.86290777
-2.4734473
0.849995
-0.22383234
1.9941487
2.5041656
-0.1761787
-0.90043914
-0.488863
0.056998156
3.8847253
1.4654447
-2.3725786
-1.0023255
-1.5439972
-0.3982051
-0.32592088
1.9704975
0.28045207
2.6749823
-1.2815287
1.0699888
-1.2843221
-1.4942104
0.73225963
0.7670544
-0.65722567
4.663541
-0.4770807
-1.4848523
0.39515525
-0.55957484
1.926387
-2.5003812
-4.210399
-1.0058525
3.4260623
-1.8081437
-1.2679896
2.3463678
-4.0255103
-0.70886165
-1.4058045
1.5843958
-2.8691475
-1.3211324
0.4953262
-3.1766086
1.0376737
3.4579902
1.1616822
0.92248964
-1.2761027
-0.4022733
3.137209
-3.1426072
-0.5970927
0.10450404
2.58934
1.3745724
-3.1050537
-0.1832026
0.6162433
-1.9142098
-3.1689622
-3.5854623
-3.1988795
-1.1400903
2.4265237
1.5836376
-3.8997996
-1.8867874
0.6126059
1.1388505
-1.472282
-1.2779477
0.13656728
-1.5121453
1.2482114
0.2524798
-0.31722808
-0.564279
0.4145168
0.86314017
-0.9411057
1.0955484
-0.40234858
-3.5228236
-0.7376748
-0.3969989
1.9344316
-2.944799
0.82982874
-4.1246376
-3.1060255
-2.5423415
-1.4724672
2.875602
1.2714429
1.4953959
-0.89634305
-2.0993986
-1.672053
0.7558785
0.23800851
-0.7993112
-1.7721146
0.7053293
1.1604173
-1.249864
0.87542677
1.2056825
-3.1763518
-1.3281969
-0.72553575
0.7396736
-1.4518148
1.6427596
1.268786
0.29177758
0.21431652
-0.8317252
-2.1773534
-0.23415536
0.6290611
-1.1634806
2.3997042
-0.6081455
-1.2750236
1.5131261
1.2761794
0.54698
-0.248974
-0.71033424
-2.9238307
-2.0709097
-3.3271842
-0.20182545
0.53562087
-1.3552724
-2.0452008
3.223914
1.3309078
2.6796656
-2.2986014
1.5097121
-1.5455682
1.1635758
-0.15228759
-2.3842714
0.12509656
1.1262808
2.1901557
-2.0530758
-3.4445705
2.7903695
4.0499806
-0.21213625
0.9242261
1.2387539
0.33808044
0.36670208
-1.6724164
2.1368737
-0.6018267
-1.8296905
-1.7873701
-1.2376225
-0.91544455
2.3463633
1.1815251
2.2829142
2.0037935
1.3594497
0.31305107
0.012888137
1.3712835
-2.766331
0.5746004
-0.75938815
0.6760252
7.480537
1.2169449
2.0055761
1.0673419
1.1850295
-1.6929787
-1.9907379
2.1087809
-0.73923177
1.4086171
-1.28953
1.221614
-3.9224365
-0.53756285
-2.0460944
1.80895
-2.410748
1.7103963
1.4746578
2.6838973
1.0418261
2.6750326
3.2687633
0.0092993155
-1.179016
-1.5473334
-2.72671
1.6268386
0.30112866
-3.854211
2.2311215
-3.751611
-0.51912105
2.3621576
1.5132014
4.1932745
-0.15800121
-1.2316606
1.7199845
0.8323531
1.8888456
-1.757909
1.4852326
2.4262776
0.14223504
-0.4541843
1.6871692
2.408152
-0.9228717
-3.3025565
1.1826137
1.2289114
1.4506786
1.0505584
-4.5043817
-1.3991225
-1.2267917
0.47105485
0.5799953
-1.0507526
-2.1125815
1.8108776
3.5567746
-0.76823837
-4.3799977
-1.7058499
-0.3458656
0.16788933
2.0115354
-0.48716164
1.168514
2.0574093
1.7854451
-4.5239177
-0.11800362
1.3940953
-1.9618658
-0.9506369
1.9692335
0.7784209
-0.47084218
-1.327496
1.6153675
-2.3906634
1.638452
2.4458997
3.9439518
-2.1204615
-1.0300324
1.4102167
-2.768736
-0.652136
-0.9722623
-2.2521968
-2.960861
0.6433749
-3.048536
5.1038413
-1.0381626
1.3179063
0.9817512
-0.058952272
-1.9536191
-0.47497356
0.5577958
-0.34917778
0.07803378
-0.5068537
-0.9435835
-1.1850365
-2.3557487
0.5027318
0.44016585
1.937407
1.109134
0.5378994
-0.099658504
-0.45834988
0.06178052
-1.1451646
-1.2905853
1.6915998
1.6126801
2.0054567
-0.35564813
0.96000624
1.2926272
-1.1631567
-0.45129573
1.6368707
-1.2282339
1.9578253
0.6086471
0.796782
-3.0310628
2.3767877
-0.98337835
0.37504548
-2.4698682
1.1675414
0.64847106
-2.7939181
0.24162114
-1.1576332
-1.9798008
2.1466792
1.0489584
0.32227564
-1.5933222
-2.8633914
0.52396333
-0.14158505
-2.9884021
4.4992127
2.4442823
1.1439999
-0.79952735
-0.5226936
-2.629482
2.782753
-1.9078122
0.834046
-0.573545
-1.1405547
-1.4046062
-1.7573771
0.78905517
3.6672719
-0.9307896
-0.14495869
1.7392664
1.3699687
-0.70771503
1.5627365
1.5491592
-0.33955455
-3.103618
0.468343
-0.90392095
-1.8124458
-1.9775336
-2.6056657
0.48246816
-1.9303924
-1.793415
-0.2643605
1.8115329
-0.87177837
0.22263138
2.4917262
0.33546224
-3.5587697
-1.6605495
-1.6952206
-1.8516898
-3.0713613
-3.732676
-0.20857319
-0.15376003
-1.0135454
-0.36826986
-4.0347104
1.0952163
-1.1014959
1.5782858
2.5208821
0.42007554
-0.979586
-0.6174623
-0.9128958
0.8813031
-0.8725342
1.3416982
0.92583805
1.8982803
2.7392488
2.1682773
1.5722136
0.2571926
-0.47928035
-3.8315237
-1.9713116
-0.26056135
1.459911
1.7474701
0.28727156
-1.1766036
0.0011101142
-1.7093798
3.3163068
0.91625386
3.1628442
0.38601875
-2.303876
1.6380358
1.8178204
-2.1854649
-1.4889338
-3.262214
-0.9852921
-4.8285155
2.695731
-0.6528817
0.0766098
-1.1096817
2.1507392
-0.5751777
1.1373713
0.3732605
0.6844176
-2.975277
1.2593875
-1.8587446
-1.0117234
2.201497
-0.5302829
-1.7990481
1.0330324
-1.8040477
2.30147
4.283567
-2.2116733
0.99978805
-3.0641177
3.7735689
-1.3699596
2.1277406
-0.5585704
-0.9351054
-0.72024757
-2.2694464
-0.31220978
0.26068944
-0.26870576
2.5076196
-0.27687794
0.069030434
-1.9881337
-0.889247
0.4470843
-1.972493
-1.9745979
-2.4474626
0.08026673
-0.5490054
1.3454778
2.4696624
1.0094702
-1.4878368
1.757881
2.3386836
-1.6419206
0.9375559
-1.9170036
-1.3412497
-0.099655785
1.5276906
-3.9192553
-0.37070614
1.2754978
-1.4573848
-3.1411347
-1.0959494
0.8259971
-4.5842404
3.6915803
-1.2182078
3.4847796
1.2953954
-3.3523881
-0.5569867
-0.7984245
-2.1956286
-1.7878273
0.66700786
-1.2047046
0.9928099
-2.2584274
-1.3126553
-1.0851457
6.1861286
0.9718406
-0.64120615
-1.8400513
1.1169801
-1.4901273
2.4048126
0.805031
1.4531902
0.25263742
-1.5106927
2.5435023
3.2233672
0.020889461
2.3160622
1.5772023
1.0009981
-0.8913611
-3.8282952
0.30555373
-0.78055584
-2.6929557
2.3174787
1.7726086
-0.2973662
-2.4612923
1.243682
0.49663982
-1.1510154
0.4891956
-2.9096088
0.28448558
-1.017122
0.19711982
-0.026772704
0.3239921
0.08258263
0.7198018
-1.8926041
2.1653214
0.17371395
2.3124368
0.2562166
0.65253717
-0.05956828
-0.57550305
1.308688
1.9507811
-2.325081
-0.14347163
1.7789822
-2.3230326
0.15154698
-0.9783685
-5.320583
-1.2094617
3.820884
3.652153
1.1691738
-1.4865146
-0.1214749
-1.0126556
-0.31231344
-0.08229332
-3.36242
2.8746881
-0.3219933
-1.8501267
1.418051
0.8471902
-1.537056
0.6915332
1.198343
0.15015069
1.9114016
-1.0875754
1.28773
2.7772188
-2.0958784
3.3390102
2.1987143
-4.5553083
-1.5115892
1.393857
0.059618466
-4.052545
1.7206953
2.2706318
1.0407128
0.21566537
2.3339472
-2.2831142
-4.6242085
0.5706878
2.3908043
-1.3168042
-0.34284216
0.39816302
0.2516542
1.688952
-1.3607153
0.087841585
0.14518285
0.02978205
-1.1638248
-5.9809647
0.8933235
0.030824363
0.13742065
1.1099697
1.6427438
0.16901611
1.6130543
0.06700084
0.3209632
2.287964
-2.5549946
-1.9796151
0.82965624
-3.4644713
5.048254
2.2692556
0.6589205
-1.0696545
-2.2194955
-0.44959557
-1.048034
-1.6861907
-3.2371397
1.8973057
1.3737193
-0.9118879
1.9607015
-1.4458169
-0.35599062
1.2791502
3.5228262
0.19577742
1.3942964
1.3370507
-0.39316466
-1.4067714
0.26145926
-0.6569724
-1.4876876
1.3688471
0.25275514
1.0879418
-0.66909915
-2.297434
-2.7369604
-1.3959823
-2.8893366
1.9510632
2.6585753
-3.1409354
-3.2949808
0.073262826
-0.66950905
-0.08870068
1.7106074
-0.7880989
0.36520144
-3.0993092
3.2849665
-1.8996427
2.4575644
-0.6918669
-2.6430223
-3.2864597
-0.09645336
1.8354317
-3.1502101
-1.0117062
-0.8765442
0.72438467
-2.2426243
0.46218538
1.0212213
-3.0059977
1.3103281
-0.88168776
-0.057538092
-1.1955559
0.3795821
0.65554404
-3.4871583
-1.9940568
-4.860874
2.3204546
2.1281466
-1.2863964
2.3412793
1.6709102
-1.7034028
0.86086357
-0.46703047
-0.8264903
-0.4017092
-2.2936344
2.4467692
0.22912198
-2.705269
2.9081974
4.210608
-1.3219987
-1.1133814
-0.0436965
-1.5285964
1.495233
-1.2751596
-0.5173839
-0.31192434
-4.931365
0.35260358
1.3979634
0.33326128
0.9258509
2.05054
1.2245691
-0.5613632
-1.7755339
0.918846
-1.4393897
2.98732
2.733356
-1.7024757
0.5673696
-1.6391141
-2.5173454
0.56574523
-1.1827779
-6.0423613
2.0651295
2.102909
-0.18722373
3.3457224
0.77412164
0.8767774
0.9905828
-2.804944
0.96713567
-0.5287294
1.1417301
-1.1929072
-3.07861
0.27185684
-3.5953584
-4.1736956
-1.7979077
1.5619229
-2.4899035
4.579396
-0.39858198
-1.7515808
3.3207157
-0.8329003
1.6072725
-0.5739047
1.9231045
-1.3623477
-0.48457634
0.08140606
2.010007
0.71602297
1.8196192
-1.6872908
-0.8164433
1.9431372
0.36482918
-0.8019781
0.53258926
0.56279814
2.578554
0.9117906
1.1720021
-2.2216594
-1.7340728
2.4206958
-3.2043412
-0.006661102
-0.32924157
-0.113625064
4.115093
-0.65300983
-0.8228933
2.3160691
0.8826389
3.5241086
1.9259225
-0.6300883
0.6740212
0.3274093
1.070564
1.4768726
1.1864969
3.1904192
-0.07994767
-0.21698537
-0.11943504
-0.63233274
-0.7754742
-1.917976
1.3152971
0.74646664
-1.4687616
1.0643985
0.4691949
-1.991237
1.447627
-3.5321813
-3.463853
-1.864041
-1.6056492
-2.9150445
1.1883378
-2.2715707
-1.4941776
-1.2382967
0.54320776
-1.8895198
-2.0978465
-0.13309398
2.7268298
0.6347424
1.1071879
-1.796974
0.16282469
-1.7776004
1.4955664
-0.8687164
0.8906947
0.5405081
-0.9916963
4.1684747
2.827605
-3.2516289
-1.554653
-4.393427
1.0695248
-3.6459718
2.6114318
0.6329314
0.9043472
1.7026587
-0.4772637
3.289986
-3.220056
-0.6959374
-1.3693757
-0.0699914
-2.7920916
0.49167585
2.6074553
1.568157
-0.33689684
-0.14817172
-3.29949
2.4981105
-4.324107
-1.3862624
0.94159424
0.1432851
3.0489273
4.6909184
-1.313892
0.4985169
0.59841096
-3.5162587
-0.59437567
1.1171427
2.184275
1.3193481
1.8818462
-0.24549454
1.8504453
-0.5405193
-0.0926996
-0.480703
0.2607752
0.75936615
3.5234256
-0.8637923
-0.12651068
1.644954
-0.16047886
1.1679738
-1.1987453
-0.5593764
-1.2420688
-0.7478074
0.76034975
2.3970857
-0.34722078
-0.1719378
-1.8792328
1.9024205
0.48185238
2.6616697
0.045184318
-1.1314502
-1.7344673
-1.5031778
0.21830171
-2.5789483
-1.4579601
0.14802405
0.010235332
-1.3457989
0.16988318
-0.11291904
0.46649718
-1.694918
-2.9909642
0.39763853
2.0017798
-2.4640872
1.3767097
-0.524731
-3.0026264
-0.1801998
-1.914402
0.024760209
0.7708432
-0.27605355
-0.85271597
-1.4335617
-1.7464571
0.56754416
-0.19097874
-0.06340005
-0.84577286
-2.275282
0.80415386
0.1336346
-0.009631999
-0.8593156
2.2242305
-1.980769
-1.2841141
2.2760246
1.712233
-1.6114924
-2.041588
-1.9952878
-2.7465222
-1.5618204
-1.3543737
-2.3081481
0.6625848
0.6158828
-0.7173577
2.1652613
0.46685585
2.0045104
1.3547071
-3.308971
0.017149188
0.6861313
1.367292
0.42993844
4.2025332
0.36494341
0.11287037
1.4092788
1.6598762
1.5624778
3.6325645
-1.579669
3.3138192
-0.18914211
1.0907997
-1.4455802
1.1471872
0.8655872
4.6018014
0.74577767
-0.93182015
3.0984597
1.5208278
3.3196032
-0.33908272
-2.3688452
3.0881398
1.030317
-1.3541096
1.493215
-0.2715361
1.2753414
-2.402552
1.6374723
-3.1206174
-0.30608457
-1.6437021
-1.6613985
0.4622949
1.57488
1.1970099
-1.0141771
-0.55093783
-0.5918446
1.6415932
0.093501695
-1.5466384
0.9509232
-1.7950628
2.1587884
1.1803505
2.0818233
0.97578436
-1.554809
-1.7871014
-0.43923378
-3.3546817
1.1490717
-3.2896223
1.0123014
-0.9338827
-4.751416
-1.4990011
0.5359051
-1.0293976
0.9164251
-0.52668464
2.194432
-1.702677
0.45089823
1.195534
2.6187246
0.7551262
-0.7553343
-0.75215995
-2.2514062
5.390382
0.59348655
-0.9449498
1.6010267
1.7046679
0.24337503
-3.849959
-1.7985474
0.8621895
1.2847793
3.8127701
-1.7617866
-0.6006406
-1.3633558
1.9046284
1.2416294
-0.53772044
3.995481
0.74132144
1.3933815
3.4703417
-3.2186377
1.5035697
1.8377438
-1.2546121
0.19557062
1.2297136
0.32225734
-0.80900043
0.7573614
0.28357798
1.6192017
0.7009312
1.2665064
0.6652399
-3.2755754
-1.1088856
0.6374062
-0.60383147
1.8628798
0.28966093
-1.3022021
1.9237835
-1.1665756
1.3978679
-0.46858788
0.47627375
-0.5452873
1.8558363
-0.70571977
2.406228
0.8281951
-0.0046702996
-0.28496882
-1.1443868
-0.5914555
1.9311359
-0.2923652
-3.1608233
-0.16767883
2.4297628
2.017738
4.5238023
1.5664772
0.67393124
-0.42475465
2.1504827
0.45247573
-0.68912745
-0.9012865
-1.903058
5.0546384
-0.70679116
1.924381
-0.1486766
-1.3655182
1.1675026
0.20703691
0.40766624
2.1387255
1.5154864
-1.465196
-0.46771884
-1.7740057
1.325782
-2.7110925
4.6092386
0.7359062
-0.823097
-1.8344626
-1.1318862
0.66231847
-0.21628475
1.1347991
-1.5499854
2.7954836
0.055385683
-2.790469
-2.3263824
1.7181586
2.6386082
-0.6194595
-0.30896467
0.41628295
0.7158825
-0.63589203
0.26462787
-4.1623025
-1.3873364
2.450158
0.72956604
-0.72816765
2.0202703
0.4003835
1.6184238
-0.23284538
-1.3812402
2.707916
-0.92496324
-1.0722502
-1.534226
0.7240252
0.60727984
0.75496036
1.3074089
2.7163763
-0.6475359
1.9895383
0.8497853
-2.8465254
-1.6068513
-4.0734243
0.4473818
0.13919029
-3.93675
-1.709527
-1.037391
-1.0776523
1.3442124
-1.382242
-1.2375865
0.33792204
0.09760643
-1.5311482
-0.649362
-2.358102
-1.3365421
3.5722065
-0.16062179
-1.6646516
2.1921537
-0.34106547
-0.41648376
-0.9470807
0.72932935
-2.0824027
-2.8615937
1.9942434
3.3166387
0.7917133
0.97683287
-1.2170935
1.1968595
-0.1843977
-1.4915755
1.2092663
2.2106798
-4.2900295
1.3809431
3.3332005
2.8816462
-2.568434
-1.8481941
0.9141629
2.9719372
2.0624406
4.093349
-4.1044517
0.59577924
-0.5505232
-0.04886806
1.9718698
3.50896
-0.77248895
-1.7833306
-1.5061673
0.26004404
3.2465348
-0.28035638
-1.0111165
0.7540682
-3.2072577
0.08224561
4.2379503
0.6758938
-2.9775944
1.9036139
-3.241245
0.8179626
-3.3663802
-1.6997106
0.13438094
2.000806
0.7926217
-2.0754716
0.07391961
-0.52933365
2.5756686
1.8829803
1.4538845
-0.49892765
0.11039627
1.0102307
2.913817
0.8127679
-1.4598624
5.181395
-0.17212069
0.7561088
-1.4787251
0.91100806
-0.31333733
-3.1832254
1.2265999
1.0093349
0.1369124
0.967593
-1.2863812
1.64973
-0.09300138
1.6469488
-0.4739464
0.1722725
-1.58892
-0.14596537
-4.113092
0.23145288
0.28568155
0.961363
1.0828278
0.22846459
3.0251322
0.8248403
-1.4196849
-2.4034111
-2.251627
-3.9404607
-0.54118544
0.13497485
-1.5892426
-0.48408252
-0.47863495
0.29409766
-1.1058683
-1.4321642
-1.5957686
-0.2494199
-0.9755182
0.68173796
-3.238322
0.0026533306
0.44181964
2.6433182
1.4586695
-0.6292798
0.05246474
0.6768238
0.82328343
-0.8080101
1.0904016
3.8458064
1.1993891
-0.36841995
-0.33279476
1.9774373
-3.0598278
2.1642132
-3.8132048
0.42393985
1.666236
-1.8052506
1.1272997
-2.2810826
0.5478729
-0.80999166
3.3009422
1.8475434
-0.29061458
1.5307721
-0.16616252
-1.990377
-1.8395718
1.6565875
2.6217227
0.39927423
-1.1059928
1.2661096
1.3922615
-3.1481936
-2.4881895
-0.40329248
-0.8739749
0.056193165
2.4070253
0.7634702
1.191349
-0.090166874
1.1108876
0.8504165
-3.5338168
-1.3691622
-2.9526882
1.6218816
-4.5811343
-1.4544256
-2.2713306
-3.0430694
0.49997497
-3.2745373
0.17203477
-1.1379579
-0.86445653
-1.6659619
-0.11069601
3.642769
0.063432306
-0.5036005
2.043943
5.2847323
3.025556
1.3201804
1.0064495
0.6802414
1.4958801
-1.2744858
-0.37868714
-1.2085799
3.1910672
-1.6573514
2.4484308
1.1780795
0.49489298
-1.3078624
-0.07260474
2.105978
0.12677781
2.435055
-1.9444293
-0.8616916
-3.659523
0.5625903
2.0591993
-0.102281146
2.4749765
0.10819723
-0.7567318
-1.9279313
-0.34243858
-0.8598107
-2.7473192
-0.22591105
0.08824425
-0.8197706
3.3678262
-0.26418307
2.1974752
4.3727593
2.6611013
-2.840703
4.4786415
-0.8400696
1.4276156
-0.24041995
-2.6750703
-0.79299587
1.9695152
0.13270283
-0.45858806
4.5072775
1.2451711
2.485863
3.1867988
0.790529
-1.4175893
3.79161
2.4770737
2.8312194
-0.15287018
-0.31031078
-2.370819
-0.34310734
-4.31301
-1.5780022
-0.7763042
0.8611048
-1.0388573
-1.8971788
-1.0938089
-0.34608048
-3.1346369
2.8150494
-2.0390458
1.9164541
1.3195959
3.028564
0.10820211
-1.8724071
-0.42690462
4.0242553
2.8121006
-0.55140084
-1.9870502
0.31625682
1.0547198
0.042895645
0.2859449
0.8854987
-2.4732332
0.058106348
-0.16838616
-0.3591444
-0.17823501
-1.2041296
0.045568485
-0.4397627
-2.1105833
0.70400053
-1.9793782
-1.9266895
-1.5229199
-1.2461617
4.7378087
-0.21974587
0.19185337
-1.8618602
2.5268862
-1.4468373
-0.567726
0.61155134
-2.4940176
-4.1283574
-0.010849163
1.7730205
-1.1270148
-1.031078
1.1406105
-2.6581352
1.7203946
0.8652937
-0.3633993
0.657475
-4.682502
-2.2285104
0.05458482
-0.1990428
-1.5653096
1.30898
0.5461258
-2.599342
1.4564428
0.58472973
0.91247946
-0.46692923
-1.86624
-1.8386576
0.9857436
2.8673
-3.0099363
-0.37097532
-1.2004545
-0.6112352
-1.5638251
0.78569025
-0.94946545
-1.34129
-0.37235934
-2.6447167
1.719344
0.9898747
0.40521777
1.5458293
-0.21893296
-1.2859915
1.7599579
-0.90388477
1.4141563
3.1387482
2.8906338
-1.1179856
0.9274374
0.77547634
1.1800939
0.4370779
-0.9573027
1.5617764
-4.1160064
0.23014367
-0.16451028
5.2731967
3.067104
0.24861082
-2.0551167
2.7425084
4.402102
-1.0091368
0.74515796
0.7410784
-0.6695985
0.26657957
-1.1739668
-1.7002598
-0.035593163
5.180249
-2.6383364
-0.83731234
1.6076132
2.8652203
0.14053394
2.224418
0.17309727
-2.5300293
2.4256546
-2.2093573
-1.8676059
0.9618505
-1.9347534
-2.2921536
0.8544705
0.9703769
-0.15696171
-4.5027404
-3.0190098
1.3490279
-1.5727017
1.2056657
0.43023115
2.565397
-0.04404906
-0.31123352
-0.95575935
0.31560713
0.47280702
0.7492793
-2.6799622
-1.7190026
1.1314652
0.32704443
0.25805116
-1.3042796
-1.8007056
4.7556314
-0.9450228
-3.312008
-0.07636129
0.15979624
-0.33107048
0.5443892
2.0192308
-0.8064575
-1.6014173
1.0445218
-0.6742581
2.1100073
-1.2406664
-4.2988114
0.33622855
4.2050757
0.15085259
-4.416429
0.5740388
-1.9050428
-2.4291797
0.068097584
0.6550108
1.9755636
3.0812838
0.0903853
-0.46611565
-1.1439961
-2.0742552
1.8097254
1.791762
2.673641
3.797661
0.61361825
2.2286088
-4.6645956
1.3244702
-2.130171
1.0489197
1.2005392
-2.7300892
-0.96027094
1.2653335
-0.6805622
0.31388673
0.10811279
-1.5536994
0.4119852
0.44524115
0.3235395
-1.5277376
-1.395635
3.8463767
-3.5322707
-2.3383656
2.2188032
-0.8005866
-0.12484591
1.0454901
-1.2966462
0.5796177
-0.54724455
-2.7084022
-0.15509781
-0.087267645
-0.029699847
0.4122727
0.90755296
2.9318945
-3.5801911
-1.0629922
-1.8666965
-0.8418032
-0.15415311
2.1566794
-6.0439487
-1.535041
1.6751051
2.6939032
2.3435464
2.1935735
-3.3999722
-0.17542219
0.41052294
-3.7168665
-0.4569411
0.5259115
0.14966506
-1.7972194
-3.7169602
0.49866587
-1.9613732
0.4431246
-0.13091603
0.982743
1.4072958
2.0000625
-3.3882616
-2.2718928
-2.7980976
-2.8104692
3.1817062
4.241609
-2.1869638
-3.0070655
0.3852335
1.0093786
-2.802456
-3.0416288
-0.97336864
-0.78005093
-2.9629755
-2.7338612
-2.5202782
0.65429455
-0.66440326
1.0119469
-1.9028325
0.18399373
2.6566162
-1.1462599
1.1866108
0.06301572
-1.4822103
1.6364508
0.30879954
0.40141115
0.26058024
0.45408088
-2.7195606
-1.1222421
3.1171467
-0.21195634
-1.7072294
1.9753869
1.5669515
0.38943493
1.7276977
-0.42031643
1.9658548
-2.8684363
-0.43390012
-2.326281
-3.751497
0.67524135
-0.74691343
2.1928213
-4.470208
1.3873258
-1.925334
-2.0113835
0.8944271
-2.3571978
-1.2668781
0.64041436
0.6053188
-2.1563148
-0.8448886
-2.612967
0.32657203
-0.11849155
0.8835966
2.5542233
-2.9848728
-1.5586132
-2.32238
-0.04659331
2.381519
-1.675387
1.0876025
-0.3800559
0.2940885
1.9522699
2.3556976
2.4895964
1.4939141
0.42366868
1.1109215
-0.2933602
-1.2120726
3.879092
-0.95581865
-3.0639684
1.8182148
2.5238438
2.944487
0.31417453
-3.668977
-1.4827185
2.210069
-1.1391901
1.2184954
-0.45955104
0.650893
-0.5373333
0.19257188
-0.55435926
1.8792169
0.8884223
-1.1752648
3.3087664
-1.0811038
-1.7208228
0.6875333
0.527255
0.7233739
1.2169046
-3.8345222
1.9476961
-1.5893716
1.7203755
-3.406825
-0.9357277
1.3438144
1.9831997
0.16025645
-1.01571
3.4120836
-0.47471315
0.5275712
2.7909007
0.38138112
0.5813989
-1.6239914
-1.3909094
0.66054076
1.2821739
2.2307131
-1.3334829
2.7788835
-0.9281389
0.11250694
0.8573904
-1.5439466
1.5492265
0.84544057
-0.3437569
-2.5714586
2.19559
-2.6387577
1.1101964
1.4425799
-5.5467043
0.5107426
0.34464294
-2.7223969
6.032502
-1.775129
-1.0868531
-2.3228514
-0.5930335
-5.9222074
-0.90037316
0.6177324
0.88469744
-0.6460758
-1.467743
-0.19639573
-1.2499502
-0.5771187
2.284328
-0.844205
0.5823965
2.7278798
-0.101791866
-1.0068641
0.7190543
-2.6890922
-0.9097657
0.37195426
0.75874215
2.064183
2.131403
-3.6703377
-1.9893967
-3.5568674
-1.3375672
0.76295274
4.0511165
-0.7801867
1.0267403
-3.442488
1.1062881
-1.7347531
-0.24088767
0.8774606
0.2575536
-0.20768368
-2.3010578
-3.1857243
-1.6224327
-1.9399705
-0.23167664
0.65160197
-1.591076
-2.387556
0.9076173
0.7757827
-1.701298
1.544118
1.6867927
-0.5840628
1.6037188
0.36692443
-3.5860567
2.8951757
0.24639699
-0.01753293
-3.0384505
0.864087
-1.9583337
-0.4704264
-0.50580686
2.3945847
-1.1093948
-0.83838946
-2.1760812
-2.1703043
-1.9742903
1.8725456
-2.151924
1.5608596
-0.51326185
0.85311323
-3.145449
-0.6373724
-2.3146198
-0.6810996
-1.9571764
-0.040861927
-3.5714467
-0.7632391
-0.37931475
3.9793744
0.9091738
-3.2175877
0.273588
-1.0669802
1.3362978
-0.8644938
1.8809743
-0.30147088
5.8340793
-1.1364224
-2.3768218
-0.330166
-0.6692298
0.5139765
-2.6156301
3.1435585
0.93289274
-0.79817295
-1.0194962
-2.15936
-0.2683496
0.8308514
2.9577909
0.3153627
-0.4846819
-0.7926208
1.0430678
-3.9251025
0.40256584
-0.08629627
1.7013683
-0.11232684
-3.9186423
-1.6209024
0.29749712
-1.9010497
3.1770205
1.3663073
1.5770365
1.3627653
-1.1235648
0.033144087
2.4311705
0.31072593
2.3218617
-1.7481112
2.9071863
-1.3174571
-2.6433716
1.9976852
-2.841045
3.2270968
0.8437611
0.029460236
-0.60014206
0.015227467
2.8477905
3.6351492
-2.7308533
-0.40137586
0.5102957
-0.7967907
-1.8697171
0.088019095
0.3843636
2.6778681
-2.495326
2.1387582
-0.5748081
1.4578698
0.43629158
2.5956185
-4.5092263
-1.4394891
-2.0336304
-1.810416
4.0713296
-1.7907616
-0.49255714
-1.0844084
-0.22209519
0.40450144
-0.765911
0.9130475
0.31798017
0.4172044
-0.2552221
-1.4402374
1.3650757
-1.3477429
-0.10091499
0.12270025
1.8984047
-0.81935406
-0.49448726
-0.72143507
-2.1235855
-0.26010785
-0.12580726
-0.47735107
2.8644633
-0.9001934
3.6440926
-1.3128113
0.9416718
1.9107832
0.687849
-0.36116168
2.989613
-0.47576484
0.7107917
0.48213947
0.8696524
-0.15254873
-2.434231
-0.9931031
2.0058787
1.4207473
-1.3008913
1.3519312
-1.0369637
-0.75544786
-3.8101132
-0.48238343
0.59411484
-4.0500674
-0.14258148
1.8857404
-0.019550532
0.59999853
-1.0681465
-0.49122438
3.6310902
-0.75429314
-2.9199972
0.6736501
-1.5219237
2.7044592
2.1600308
-0.015266135
2.905977
-0.54446137
-0.5549037
-0.33133426
0.42764765
1.7786645
-1.0457926
0.9285566
-0.44803774
-3.2837749
-0.6212316
0.07279734
-0.9962376
-0.34238043
-1.4852067
-1.0732791
-1.2250973
-1.7560412
0.050003216
2.8477414
-2.3442383
6.4989204
0.4194014
-2.0861979
1.2300183
2.5888612
-0.75647163
-2.8703184
-0.17908227
-1.3150384
2.690965
-1.0834666
1.5632621
-1.592787
1.182205
-2.657956
-1.3669137
-1.8069018
0.8061221
0.19846117
-3.3194823
-0.97385776
2.1245716
1.6534314
0.06646317
-1.746784
0.5504656
2.2188249
0.5914606
3.9604487
2.3663075
0.5862541
-0.91622907
3.633071
-1.9580992
-2.0584292
-1.3857647
-1.2850468
-0.06279562
1.5079631
-2.8636546
-0.17427817
1.6777117
-2.0847259
-1.7494481
-0.90511763
-4.0402236
-0.083701275
1.8405981
-1.1206037
-1.0115205
-0.60795105
-0.018150683
0.34100154
2.4622474
0.83604246
0.12888248
-2.3811386
1.6680461
1.1452153
2.152091
-2.1189976
-2.086997
-1.1788565
5.475472
5.6137023
-0.062212475
-1.4229403
2.0931177
0.46344513
-0.9329946
-0.30534026
-0.23962846
0.67733604
1.5070581
-0.46540076
0.69484466
1.711066
-4.6686354
-1.3923613
1.8539379
3.6861775
-1.7749971
-0.6686853
2.9713218
0.868322
-4.2518606
-1.1201305
0.8801506
-0.7810836
2.3624544
-1.580165
2.3050215
-1.7913002
0.5240292
-1.7835746
1.1163834
4.631854
-0.53206724
-0.21955939
-3.0193245
-2.0960526
-3.238198
-0.42413563
-0.29935414
-1.1384183
5.096923
2.2269404
2.1209815
1.335385
1.836712
1.5376973
2.195533
1.5575461
1.147215
0.17026635
-0.38356715
2.0195785
-1.309895
-1.3082715
1.216121
0.8585589
0.46047232
-2.27563
0.45213595
-1.9076916
1.9483783
4.8939586
-0.32364863
-1.9734025
1.5018938
2.496427
0.7182367
-1.1267251
-1.2833046
0.35547793
2.8527179
-1.4661936
2.343353
-2.4388278
-1.0689169
0.5892033
1.6903557
0.012621947
2.7343297
2.749865
1.4258724
0.5519604
-3.0678732
1.7276233
0.56290704
1.7601745
-0.7665449
-0.37581718
-0.083863884
-3.2260973
2.747657
0.95696324
0.5325609
-1.249001
-0.07954793
-1.4940822
0.93999624
2.8445294
-0.19904771
-1.1574658
1.8272592
1.1938099
1.177246
1.0852456
-0.8575572
3.1613142
1.2245827
-0.34797716
1.2688134
-0.4983476
-2.1204228
-1.1266733
1.6159693
6.4585915
0.5191126
-0.11053626
0.14615725
1.3461982
2.1575618
-1.6359276
1.5019294
-3.436215
-0.7047424
0.6053143
-0.76632565
-1.3923931
-2.6859753
4.432517
-0.17272297
-2.841629
1.1604115
-0.2041972
3.5177095
-1.8691758
1.6547358
0.52946174
-0.8096011
1.0370985
2.109411
-0.45062026
-0.87530476
-0.8963522
0.635392
2.425593
0.7950171
-1.0917141
0.31679508
4.204317
1.610421
0.5301731
2.0425446
-0.09646597
1.0957149
-0.05223906
3.862557
0.49482536
-4.1048403
-2.2730546
1.8295463
-0.49483973
0.91416544
-2.564251
-0.25437027
-1.5392287
1.1567488
0.7139318
-4.2755466
-0.7656693
-0.8641264
-0.9645599
-0.72596633
-2.0162551
-2.2589283
-0.20350075
-0.85417986
0.4877134
-0.36807603
1.1286225
1.7304866
1.7837201
-1.9031681
-0.6756172
-3.8523254
-1.7084117
-0.8580303
1.4220772
3.0891092
0.26322913
-0.31832716
1.8550531
1.0736512
0.9021681
0.607939
2.5587442
0.94610643
1.6260961
-3.54421
3.044887
1.9012011
-4.028193
-1.4934387
0.47026297
-1.2399772
2.3325856
-0.48922727
-2.2274609
2.0385735
2.3796556
0.19198367
-0.40203974
-3.8608692
1.3289567
-1.5665503
-1.8609676
0.7611029
1.4470935
-0.081012465
-3.6412606
-0.14798717
1.598713
-1.1959445
-4.2481785
2.0565948
-0.015850868
-1.4530596
-0.120346606
-0.016723454
-1.0333343
-4.9391656
-0.11008177
1.434646
0.9597881
0.6064743
-0.37457612
-2.575735
-0.30998296
0.43324453
-0.08594152
-1.3976941
0.1419908
-4.5921426
-0.5089796
-1.5439221
-2.4923332
-0.729714
1.847827
0.5478317
-1.2688564
0.17145565
-0.9990154
0.35771662
2.1472719
-2.3684528
-0.4950265
4.795058
0.5379613
-1.272187
1.7773226
1.0673518
-0.32426092
-0.36128935
-0.09153785
-1.4938667
-3.0386176
1.2154042
3.2362394
0.41303676
0.2977248
-1.332971
-3.0390856
1.1049867
-1.2407764
-0.9713967
4.5818458
0.59983355
-0.8576839
1.1555859
-3.0484204
-0.13808042
0.85799795
3.8913271
3.6638484
-0.036349118
0.24325222
-5.802587
-0.97238374
-1.5726042
1.6138588
0.5738751
1.066141
-0.9660949
-1.5996778
-1.5034761
-2.448218
0.47292584
-0.42544943
1.4091532
0.4612004
1.1754215
0.5915068
1.0220623
-1.9186654
4.087712
2.0708647
0.21264908
2.242667
-1.3104116
2.6144712
-1.7761033
2.3645604
-1.6592689
-0.7852846
-0.9193045
1.0407292
1.8993193
2.6258683
-0.6048058
-3.132875
2.0643268
-0.12623666
1.1890737
2.4836526
2.6874378
0.96135646
-1.2801682
-2.167168
-0.17446566
-1.1876378
-0.55195916
-0.37667125
2.5695894
2.7890363
-0.44948822
3.7040317
-0.045345098
-3.4369698
0.3217154
-0.02283746
1.4454892
0.22937882
1.1461763
-0.8871002
-1.4408897
-2.3505173
-1.2485633
-0.96606517
1.4185005
-2.034555
0.98038816
0.86239195
1.1582452
0.3787259
-3.1561346
-0.60791576
0.5440563
-2.7606707
-0.5951042
1.1791923
-1.5638212
2.3993447
-3.4671245
-1.6835849
-3.7319667
-0.46213058
3.0533462
1.3080995
-0.85924816
-0.7984856
3.0645947
-1.0510126
-2.188518
2.9801974
-0.5480379
-0.7126176
-1.4170883
2.6315343
1.7933279
1.5511974
-0.808805
-0.020183071
-4.0294294
0.7526119
-2.1111283
-0.6973152
-0.35953948
-0.18996407
1.3527472
-1.7720618
0.9262579
-4.0545726
0.7930167
3.0024896
0.25260553
-3.111729
-0.28622502
0.7134084
2.602813
-2.3920293
0.053500146
-1.2261281
-3.2286003
-0.065209195
-1.3707219
-0.026763298
1.6942284
-0.2401285
2.137456
-1.4004705
1.9047933
4.2227616
1.0954742
0.41304702
5.2206297
-2.424085
-1.038034
3.3124375
0.34565252
0.033019707
1.8646948
-0.6854001
-0.99904466
2.4430304
0.036994055
1.7284281
1.4932417
0.8108309
-2.351283
0.15599228
-3.3886342
-0.6513264
-0.18319863
2.0310524
0.7245929
-0.54061055
1.2168753
1.7230213
-1.2292486
-2.3633857
-1.4023769
-0.9558852
0.7107247
0.5309265
2.3215394
0.97906137
2.3902676
-4.7005806
4.4277625
0.96227354
-0.6807888
0.99882084
0.43832237
0.43074885
0.10485086
-2.1595438
-0.086918004
0.6340679
-0.35258752
-4.101098
-2.6910844
0.57738775
-2.8305924
0.3072816
4.8169737
5.574909
1.0312
-1.8562104
-0.93506235
3.3190522
0.50718117
0.35412148
-1.2194219
-2.2569036
-0.8799939
2.9561734
-1.3939965
-0.18026432
-0.7392411
0.11530954
1.3008894
-0.076794334
2.99935
0.25673348
-1.0668067
2.338993
0.42771807
-0.48344195
-1.2940667
1.0515778
-0.16908893
0.82345146
-1.7299737
1.0671972
1.2751739
-0.13502076
-1.6840042
-0.30693713
-0.8303013
0.70718074
-2.340826
-0.74090767
2.8294623
-0.2966153
0.06996953
1.8008547
0.5836983
-1.55054
-2.1432445
0.88743734
-4.20226
-0.66532356
-1.5166342
0.7983988
-0.70374227
0.46222994
-4.6787786
-1.527444
3.3732793
-0.46238706
-2.66384
2.7217643
-0.07589961
-1.4763651
-1.0346154
0.30478126
-0.63291574
-2.161056
-1.5198218
1.7555645
1.0223755
0.7485455
-1.480924
3.4882677
0.8262341
3.3602366
-0.24194619
-1.564038
2.0571918
1.4201701
1.512355
1.8280469
2.2625716
2.6671712
3.107507
1.0099186
3.417439
-0.2644008
0.40817803
0.7684275
1.7968283
-0.69892234
1.0805703
-0.25285268
0.038138594
0.796745
0.9682852
-1.6754823
-2.0390844
-1.8514992
-1.5634906
1.6064388
-1.8029863
0.66736555
0.56640303
1.7310734
-0.61944413
1.3283056
-1.8368192
4.7685857
-3.1607738
0.078833945
-0.43988913
-2.7103996
0.6455296
0.5671716
2.8896763
-1.1110665
3.7721722
-2.997726
-0.7073109
-0.9371613
0.8022672
-2.0040965
1.3412889
1.0497044
3.2241793
-1.345259
-0.9556524
0.26209748
-1.2575994
0.37798238
1.0116365
1.9648038
-1.0542016
0.46910322
-1.406288
-0.6860459
1.8200291
0.22179432
-0.91197985
2.3205798
-1.2565922
2.525846
-0.8355369
-0.38108203
-0.9477525
0.18589175
1.5904375
0.54620594
-0.076091684
1.9713097
0.71941525
3.5054233
1.6313343
0.3944146
0.4707896
1.5714513
-2.579164
2.1544032
-0.43496406
0.8843527
-0.58614737
-5.864799
1.7340764
-2.3357136
2.1344945
4.3310084
3.5039709
-0.52229244
-0.2127451
0.14223911
1.5066832
4.307227
-2.705383
0.3313268
0.79126024
-0.17865829
-2.253529
3.2228334
-1.6229861
-0.33193147
2.73728
2.382912
1.2955835
-1.3490382
-2.7891011
2.6030438
-1.6837772
-0.24950486
2.9495358
-3.1694894
1.2601748
-0.38702622
0.6337738
-2.41168
-2.465334
1.6583883
-3.0351639
-5.1597757
2.3499036
-3.907016
0.5429754
0.88162196
-3.0596588
3.8523657
-1.7256958
1.1193534
4.118833
-0.46694168
1.5543581
-0.5492649
0.22477236
-2.8353837
-2.379388
-4.5996428
5.022322
-0.72730297
2.5249774
0.21939863
2.3467214
2.3509707
1.4273564
-1.7074594
2.9110596
-0.26442614
-1.8190683
-0.25542048
-0.50947803
0.18650866
2.479555
-0.7467711
-1.7544345
-0.33343077
0.814515
-0.18966751
-1.084074
3.42402
-0.4887809
0.30937278
2.0898585
-1.5853515
-0.372334
-1.5600098
1.1698295
3.8781135
1.5529914
0.22261284
1.0874945
-1.999332
-0.08413278
1.6473706
-2.427643
-1.3835297
-2.2569706
2.1253352
-0.24713159
-5.6402206
-2.7114613
1.5576873
0.47099233
2.3682523
-1.5101167
2.1475618
0.9040543
-0.56985617
-0.261245
-0.29590917
1.4753015
0.532112
3.365794
0.09811488
7.310017
-3.7684627
0.24590978
-1.1439348
-2.8479958
0.46629095
1.6897341
1.5366364
-3.41099
0.5400199
1.681915
-1.0779227
0.28343034
-3.5842488
0.08290826
1.5987262
-1.7999407
0.5227051
0.5491711
-0.8947877
3.874058
0.6856154
0.5216637
-1.2530947
2.3800535
-0.2276532
-0.211184
2.438748
0.6253077
-1.8736117
0.33854285
-0.5885942
-2.22747
2.6503224
0.9143746
-4.4971337
2.4151464
-1.3771152
-3.8677044
-3.6684508
0.16165301
0.77601516
-2.5673354
4.4808173
0.16599318
-0.7870656
1.9359362
1.1286355
3.1771011
2.4947805
-0.21989024
-1.8710496
-1.7319171
-2.5680745
-0.34893972
-1.8485091
-0.9626284
0.3473745
-0.20147206
0.06189457
2.0607219
1.3950555
2.3116584
0.8856172
2.9711015
-1.4362518
-0.7461402
1.804432
0.36811656
-3.0787623
3.4705243
0.26564077
4.7661214
3.1605866
3.327361
-1.0404058
-0.80099565
-0.30190295
0.9172248
-0.14650823
-2.7263763
0.89414716
-1.5419039
4.0211215
-0.040889643
-1.2761602
0.7525857
-2.09043
0.5116546
1.6802942
1.1198947
-1.3063561
0.9406033
-0.22604606
1.6929252
-4.8663874
-3.4152143
-3.6471546
-1.0499672
-1.7742997
0.10371769
3.5388792
-1.50172
-0.015370376
1.3157866
-2.0971289
1.7184035
0.40162432
-1.4965867
2.2912564
0.5927224
-0.9522289
-0.17086749
1.6966176
-1.0445381
1.6936007
-0.9762288
0.29974204
1.3067714
-0.872674
-1.282966
1.2144719
4.289323
2.0132036
-3.6592557
-0.702795
-2.4210234
2.1610317
-4.8712397
-1.6915685
-2.165613
0.8994602
0.613101
-0.41635206
-1.1609602
-2.5311062
-0.35296115
4.064594
-2.1022325
2.1984134
1.2130456
0.5142703
1.9084381
0.28013223
-1.9064953
1.6794633
-2.6898222
2.0424466
0.19860199
-2.1736991
1.744259
4.4274974
-0.85318995
0.519275
0.756413
0.55667895
2.6612942
-0.79066926
0.21892396
0.32366803
-0.023098819
-1.0773841
-0.90738004
-3.292714
-1.9921529
2.9404798
2.9899023
-4.5313864
0.16888693
0.1431102
-2.151585
-1.8093612
0.7866125
-1.9730549
-2.4365523
2.289052
-0.904179
-2.5502028
-1.249488
3.5285432
-0.32080576
-2.204516
0.05561783
0.39165983
-0.9293971
0.5475611
2.0584393
1.9221318
-2.2625647
1.1838559
-1.2743735
0.6560526
1.5056802
-1.3196954
0.6975226
1.3469273
1.2480512
-2.3124213
0.6871447
0.5941707
1.6797495
-1.2492341
1.616195
0.8582325
0.07194282
-1.5697081
-4.9529796
-0.5242241
-0.06644809
-0.9792381
0.7464778
2.4850557
1.265026
0.1502857
-3.507563
-0.0877775
-0.30217332
1.813151
-0.40887374
-2.0177839
1.4410063
-1.1315612
-0.06398206
-2.1494133
-2.3205163
-0.6040412
-1.6969255
1.0270386
0.9928254
-0.20561191
-0.026755173
-0.5303094
1.3035065
0.7177748
-0.80704737
1.4640354
0.18593848
-0.9846408
0.24304628
0.2950915
0.028857611
-2.8180768
0.51153404
1.9075228
-0.43549934
-0.3093452
-4.4376245
-1.9439783
0.9663917
2.5454977
0.03728827
-3.2907064
-0.46492112
1.1839302
-1.450818
-2.134728
1.0995653
1.1103516
1.5123848
-0.85556066
-0.18101454
2.9013994
-1.3352896
-0.81368834
-0.5908115
-3.3472877
-0.15534504
0.067997605
-2.0247087
-3.2315853
-2.486412
1.1777198
0.7073602
-0.6314126
-3.489337
2.4173193
-3.0441058
-1.8750626
1.0560468
-2.4326742
-1.9115531
-0.6984755
2.2492566
-1.9617809
-0.52177984
-0.32206213
-0.1041213
1.3060691
1.1330904
1.0729793
-2.4459589
-0.6878584
-3.9673078
1.1395303
-0.51544964
0.22415307
-3.0166042
1.3620957
0.9127471
2.0477335
-3.658839
0.6889007
-2.3518202
-1.467994
1.8150166
2.8922625
0.24934271
0.6644137
-2.299535
0.60686797
-0.31664336
-1.8233597
-2.059164
1.0991572
0.4929356
-2.4638176
0.29826987
-1.8896762
2.8367565
1.5121691
-3.2023163
1.0743799
0.38926506
-1.8361163
0.50188947
2.9023073
1.1675988
-2.4704456
-1.0787276
0.4859388
2.6447783
-0.97643536
2.6345367
-1.3082876
-1.6002772
-3.1287892
2.5582361
1.1775714
-4.3831058
-0.9905621
-0.4649331
0.30413526
-1.5506175
0.9462226
-3.7106194
1.3051478
-1.7872639
-1.4245278
2.8366973
3.4950614
1.4445094
-0.05327674
1.623778
6.4781184
-1.3767976
-2.6674628
-0.4135455
4.151884
1.6970017
-0.5600452
1.2563716
5.930026
-2.1606548
0.7968414
0.1983134
-0.73908937
1.9200498
-0.9773419
-0.23856837
-0.42712885
-1.121255
-2.0339143
5.0465965
2.5511017
-2.646883
1.5674162
-2.209773
-2.102659
2.5116777
-0.36668286
-0.85410357
2.2695477
-0.7638086
3.0377102
1.5383229
2.2957637
0.29910457
0.82793605
0.25336152
2.6010113
0.62154204
-1.7354137
0.003362704
-1.4048933
1.0886341
4.23581
-1.700623
-0.005076144
-1.0680192
-1.0104539
-0.9122863
-1.6206111
1.3996155
0.37479877
0.6029596
-0.7776605
-1.1738021
-1.8293538
0.08080983
-0.67052066
-2.1832075
1.2919443
1.1828022
2.460969
-2.8756053
-0.2392245
-0.35834414
1.8256087
1.3355236
-2.8941066
2.3215325
4.074292
0.21067137
0.16631483
-4.1035395
-0.75826246
-2.2072866
4.1269436
2.2654731
0.5704405
1.8207695
2.4642904
1.6187668
0.75146186
1.3189563
2.0726244
-0.7802043
-1.602265
0.067371756
5.8633237
-0.7216918
-1.4292641
-1.9072877
-1.1648386
0.18115225
-1.0009168
-1.0718523
-3.1476355
-0.8110079
-3.2787492
-1.3524789
-2.090883
1.9052787
-1.213546
-1.590934
-4.780054
2.8696473
2.182993
-0.5424394
1.9288915
0.48211658
2.364149
-0.42928243
0.86733645
-0.37926757
0.7663683
1.0470915
-1.201218
4.1951623
0.21715693
2.551971
-0.016465545
2.1753902
-0.71123767
-2.0831459
-0.30445832
-0.51326734
0.34218338
-0.199258
-0.6657329
-1.2164686
-3.4651845
-0.12594938
0.2876195
2.1120927
2.1071641
-2.290974
-0.76274556
1.6833813
-0.5502376
0.4359941
2.2688298
0.19268367
0.7183118
4.228946
3.7475073
-1.0301538
-1.030138
3.3485656
1.427398
2.968471
-1.3546246
-0.584698
2.027484
1.8643559
-0.91192013
-1.422202
2.947222
1.338426
-2.1622467
-3.3552818
-1.5314721
-0.68569124
-1.9415746
-0.76472217
-0.36693922
-2.4931068
-2.2045162
-1.4130015
-1.5441841
2.145071
0.42374116
-0.65414697
2.8668993
2.1818027
-0.8359849
-0.7187236
1.2304239
-1.8989481
-1.3702562
-0.21505141
-1.3846523
0.37192976
2.773325
1.453056
-1.2124507
-0.6571436
0.2769332
-4.027546
-0.60722417
1.9263405
3.1903136
-1.2494897
0.07313207
-0.7082485
-1.2245574
-0.38278395
-1.7078611
0.26353866
-3.2464752
-0.5817783
-1.8000484
0.4519766
1.6188765
-4.094549
-1.5189636
-3.9216955
0.6621731
-0.71313334
4.342743
-3.7636733
-2.341019
1.9534581
-2.015819
-1.2208695
-3.0084584
-3.6420767
-1.2667717
0.06280005
2.2673364
-0.62777245
-1.7242739
-2.0805597
-0.90991884
1.4293778
1.3817999
-1.3498437
2.5255952
-2.3395803
1.0464134
-1.7366337
0.6786052
-1.293462
-1.1536257
-1.1848687
-5.460838
0.25114518
-0.7092184
1.7375069
-1.8349248
2.1830773
-2.5952177
-1.7485458
-2.2772057
1.0844041
1.2569395
0.10419744
0.2821976
1.6326544
-1.7551934
1.4617131
0.3079511
0.93947583
1.4075454
0.3481807
0.49476138
2.176813
-0.16014203
-2.3089697
-0.65284574
-2.0339873
2.1615527
-1.3124669
2.422084
-0.94445556
1.2840244
1.4231553
-2.9799373
1.9385182
0.33122978
1.113663
1.6346408
0.4156019
2.378886
2.02685
1.4597899
1.953995
0.054026384
-3.1116486
1.1329331
1.4725382
0.53324425
-0.638913
-0.8453003
0.64426845
1.42589
-0.104149096
0.9309162
1.5875123
4.368124
-2.6299045
2.3112934
2.1848547
-3.292094
-3.5077214
1.8338872
1.7298647
-1.7651883
-0.8049942
-0.09032484
-1.5911726
-0.19661577
-0.35763225
-0.41918543
0.1659795
-1.1484139
-0.45398164
-5.715107
1.4977939
1.407205
-3.1930196
-0.029665142
0.71683073
4.3091307
-0.19392246
-3.353021
-3.807449
-2.5694392
-1.9526484
-4.797526
-2.046486
1.5492219
-2.831061
-3.3921094
2.6811123
0.19389701
0.108415596
-1.5818037
1.2024072
0.11690434
2.4728756
-0.3173048
0.4700092
0.6406239
1.8057016
-1.4242643
-3.5991416
3.219113
-0.7856521
-1.1637247
2.961791
-2.814757
0.37020338
0.016822226
2.280417
0.1268411
-1.9465722
-0.79779637
-0.36150825
2.7733798
2.6277785
-0.825952
-0.89147276
2.8087986
0.24788682
-2.5061073
0.45525777
-1.6986188
1.2005178
-2.8252919
-0.3824294
-1.2740366
0.8025653
-0.3697644
-0.8379261
-2.2451446
-1.3769023
0.031580035
-2.3526523
3.8592224
1.1716654
-1.356845
-0.01421085
0.8224299
-0.7808598
2.0497828
2.1613529
0.36305383
-0.53061503
0.0958
1.0929219
0.46977866
-1.6314758
2.5680494
3.5683298
-0.6169693
0.9799407
-2.0834649
0.2825298
-1.4006596
0.3396746
0.8486569
-4.850843
-0.95851266
4.9471073
2.0605886
-1.0975827
-0.02429521
-1.1260711
3.5585868
0.98554933
-4.4043784
-0.8452185
-0.7804169
-3.0440938
1.3866575
-0.5422907
-0.47695562
-0.07240138
1.8932576
2.0350254
-0.80639917
0.41756338
-1.8511438
0.57835865
2.9290807
-0.6819908
0.14526197
2.2382922
-1.148951
-3.5768971
2.4201725
1.5501869
0.813686
-0.95382947
-0.78748786
1.8689712
0.23221573
-2.4295578
3.3357942
0.6511255
-1.2052199
1.2233237
1.2313092
1.0908827
-1.0296006
-0.40834215
-0.69413525
0.24313214
-1.2035565
2.6167731
-0.39063594
2.81156
-0.55125105
-2.2867763
3.0677829
-0.4819902
0.8019757
2.2904606
-0.35030127
-1.7107773
-0.7110258
-0.16923916
-0.6156842
1.8869144
0.017308645
1.593266
-1.4862388
-0.8859611
-0.89640355
-0.5102344
-0.11035107
-1.9825503
-0.92926526
2.0610864
2.0387073
-1.2317446
1.4191277
-1.9768697
-2.9223342
-2.2066538
0.9764348
-0.21304965
2.236269
-1.2978972
-0.38150528
3.3693542
0.9053395
0.7973427
-0.13712385
-3.3036017
-0.5093075
-0.47486162
-1.2062865
-0.38665324
-0.8816977
-1.2337378
-3.9583416
0.15979174
0.3384843
-1.8730495
2.1841836
2.7805958
-0.35117766
-0.31688917
2.0658348
-0.1562051
2.538594
3.6854174
0.13996387
-1.2075018
1.8572584
-0.035940073
-0.7705557
3.6604452
-2.1039858
-1.3405523
-3.9076068
1.4904399
0.17711072
-4.016764
-0.7974283
0.3573426
0.002915483
1.3694134
-2.034985
-1.1917291
-0.46889827
-0.8804448
1.3544909
1.3922081
1.9681293
-3.1825447
-1.5553294
-0.22556384
-0.6007459
3.9341352
-2.1679807
-2.2912493
-1.8283899
1.2992606
-1.8638465
2.5153043
0.4947863
1.9094317
0.10658459
3.218379
1.1269042
-0.22698982
0.96749306
0.2016042
-0.505707
-2.508522
1.5954773
-0.18254238
2.4872775
-0.041472375
1.4278876
-4.1183105
-1.715691
-0.69344115
-1.5931163
2.458861
0.0012938157
4.4339414
3.6972513
-1.2001356
0.64569163
-2.4517753
-1.3650295
0.4933969
1.5871856
-0.47510302
0.65813965
0.61928576
0.39057213
0.91273355
0.87388563
-1.0110642
-0.7997401
-4.4599156
1.781592
-1.6160316
-1.0291603
-1.214276
-1.4035732
3.3571613
1.4317065
-0.6965243
-0.09567921
1.721956
-0.6453326
-0.6179809
0.5379565
-1.7176219
-0.97881746
-1.4020194
2.8544037
-0.10040567
-1.5077574
0.61430204
-0.12619932
-0.26499972
-2.1162038
1.2548363
-1.1858313
1.3398019
0.50933594
0.962517
0.11776317
-0.37759796
-2.2980895
0.92499644
-0.8282342
-4.6422925
-1.9295033
0.5224854
1.8424305
0.058603063
-0.6026722
0.26470226
-0.38035876
-1.3988998
0.63468033
-3.1002562
1.6275839
-1.1691624
-1.696122
-0.11885924
0.29198757
2.962811
-0.4072283
0.79939
-0.10152944
-0.40460786
-1.9262172
0.8862209
-3.3950925
1.0928406
-5.2422094
-1.2066565
0.6205678
3.428285
-0.74834394
-2.2057238
-0.9338519
1.3989687
2.0373154
-4.0222163
-2.827033
-1.762238
2.0130715
2.4565332
1.4090636
2.2903721
2.5263453
1.5882226
-1.0969623
-2.6016002
0.60347956
1.6919878
-0.60831213
2.0788057
2.443601
0.7290661
0.25221702
-1.0484959
1.952121
0.22833265
0.71487814
-2.864997
-4.464757
0.55464137
1.5735998
0.63993275
-0.019579742
-1.6894718
-2.0988698
-1.7710748
3.44051
0.88957834
-0.03172203
4.679301
0.35720867
0.6058851
3.3810503
-0.22819577
-3.8082519
0.10092501
-0.7709536
1.3190455
1.6268234
4.680467
-2.3258622
-0.56912595
1.073214
-1.0243459
-1.1299462
2.5817251
-1.1890216
-2.4675367
2.8819392
0.6994747
-0.8181904
-1.1914335
-0.77713144
-0.017056517
-1.8814377
-3.3343036
-2.8932185
-1.6551378
1.9455528
-0.6593768
2.5886343
-3.122314
0.7443139
-0.35987622
-0.53028184
1.1865524
1.2464771
-0.7602855
-1.4701957
-0.4368518
3.1704571
3.4909627
0.02069144
0.54120886
1.5138302
-3.4617925
-2.170638
2.701871
-0.9056468
-1.0617716
-0.45310768
-0.9879285
-3.688158
-3.1591032
-0.90343773
-1.8982867
-1.9415332
-1.5325464
2.0983102
0.7497962
-1.5266595
2.5259595
5.2997813
1.097062
-1.0315896
-4.346185
1.1523513
-0.31049424
1.0234388
0.15506876
1.0858462
-0.25786695
-1.1167032
-0.68021756
-1.1375859
0.90685534
0.15049782
-0.27895498
-1.2855084
-0.27984786
-1.8011597
1.5945061
-1.7645227
1.3553371
2.1420503
1.8274622
0.38815746
-3.551121
1.0433741
-1.2377671
-1.1473256
1.4406093
-0.6349762
1.1588106
-2.7377558
0.9834371
0.43572992
-2.1986105
-1.1832936
0.98969007
1.0454736
1.5458273
0.7207163
-2.5695236
3.7243009
-0.9741424
-2.6257575
3.7281983
6.339963
-2.1701674
1.1652234
5.636388
-0.007033568
1.8728827
1.328588
-0.48298275
-2.4205925
-3.4150822
1.8433386
0.5511007
-1.3964503
-1.7020767
0.60631007
-2.311235
-0.79055065
2.3221953
-0.4740569
1.1773486
1.7287257
2.602188
-0.68763584
-0.30395612
-2.7246008
0.76918
0.8683783
2.851097
0.8499546
1.5003933
-0.65324575
1.9240752
-1.6382701
1.3181394
-1.9581124
-2.5982008
2.2506742
-1.9023007
0.7627112
-2.2946782
-2.269367
-1.4740468
1.1943301
0.8388382
-0.75957733
0.19965577
-2.3483865
-0.20091075
-0.15775058
0.68367296
2.4856787
0.35905635
0.54492664
-1.4510598
-2.8769214
3.7086434
2.113958
-0.7683247
-2.8376443
0.49908707
-0.1335899
-1.7786995
1.9514004
-2.4885423
0.73693585
-1.0040553
0.43436855
2.1172476
-0.16685045
-2.5623055
-0.8822096
0.096457094
4.1092114
2.0744405
0.048423275
1.2191149
-0.36957595
-1.1146492
0.7635492
1.2007735
4.6971183
-0.09133831
-0.6660401
0.8487068
-0.37964165
0.9050608
2.665405
1.9360454
-3.3501463
-0.57788444
-2.8221445
-1.4670197
1.2526016
4.0202703
-2.117615
-0.30581415
1.1354644
0.2832147
-2.3322122
0.99412495
-0.7447779
-2.4241977
-1.3083359
-2.4637413
1.7933217
0.55508715
0.4056156
-1.295897
-2.230123
-0.81086004
-0.58921605
-2.9264627
1.7983122
0.5529433
1.2746395
0.5986473
-1.0223291
0.17912345
-2.3390577
-1.7941815
-4.304759
0.10381805
0.7434519
1.2615458
0.72509336
1.5223081
-1.7608672
-0.349127
0.6722537
-0.123455025
-0.3933636
3.1142066
0.52212775
-2.5764017
0.2664354
-3.328657
-0.3866804
-2.7891495
2.3959842
2.291077
1.3264341
-3.192983
-1.8880411
-0.7814259
1.6242716
-2.505974
-1.3471365
0.68650174
-0.35983106
0.0005233437
-0.7449406
-0.026504736
5.762593
-1.0987006
-0.15146595
-2.1790054
1.3931913
3.184184
0.15405819
-1.4345796
-3.0626428
-1.7243748
-1.7464569
0.012499355
1.0550702
-2.3812244
-1.2928431
0.7612981
1.2061001
1.9847933
2.06793
0.5992522
-1.2564478
1.3987867
-0.8901563
-1.5577127
-3.2256863
-1.304354
1.500984
0.88831764
1.2693818
0.33338615
-3.305369
-1.5172099
1.1379093
-1.6397927
-1.9066014
-1.9333137
-0.46208325
0.62145895
2.1335938
0.9561552
1.9450835
-1.4060605
2.103935
0.35304546
2.208326
3.9683247
-1.6751487
-0.63493663
-1.125889
3.1819448
5.1758204
0.91532123
-0.31943113
-1.7598723
-3.0561435
1.5895151
-0.49338818
0.9794161
0.1946153
0.94955415
1.6476163
1.3512009
1.5145335
0.3011783
1.4242085
-0.95765436
0.7358394
-0.55985266
-2.681061
-0.6116518
0.091664195
0.9011338
0.7058479
0.90870416
0.392041
-4.4685774
0.24273083
-0.85289603
-0.7495007
-0.7239566
2.4001062
-2.2425737
2.0091503
-0.030120365
2.2427468
-0.49089754
0.1615534
-0.53721917
-0.071340814
-0.2738354
-1.2562935
4.9836903
-1.0322312
2.737321
2.3246853
-2.1677818
-1.4986161
-1.2198359
-1.7140826
0.32796416
3.6178951
-0.34950992
-0.06673807
4.4989824
-0.3728499
0.8069602
3.5641117
0.8109341
-0.46869183
1.2308708
-0.97094595
-0.80757314
-0.19985917
0.89323926
1.7607573
-1.788391
-1.8593283
-0.04325748
0.9735536
0.8446749
-0.0069946796
1.71074
-3.6201146
0.42001814
1.0404186
2.844897
1.3456748
-1.0285964
0.13761887
-1.1664009
0.54242253
3.6078384
0.6984548
-0.44565874
-0.61714065
0.9114155
2.1215415
0.72758555
0.49820018
1.9354967
0.80104893
0.1308718
2.7826366
-2.8158367
-1.4136271
-1.4025462
3.0402067
-1.1707172
-0.49604833
1.7888223
-2.8455377
-0.3425529
-0.45412567
0.46959513
1.4901177
1.3922564
-2.2132902
0.17393059
-1.5248702
-1.9829279
-2.71986
-0.23764414
0.3439312
-0.06060814
1.0464814
-1.5653845
-2.6729653
0.86988837
-0.5968534
0.6601656
0.22897953
-0.91827506
1.7576017
-1.0304372
3.4474437
-1.3894671
1.263142
-1.0163512
-0.6389953
0.9539639
1.5352098
3.0410736
-0.07129779
2.388405
-2.205492
-2.0638149
4.5736437
0.5854841
1.979662
-4.842991
-2.394561
-0.30264416
0.2873026
1.160534
0.6869141
3.068639
-1.0987492
-1.3016214
0.59821165
-0.40235642
0.122439444
-2.6961744
1.8266968
0.27161855
3.77299
-0.38135803
-1.8375996
3.4319792
-1.5639957
-0.8872454
-0.787169
1.2824606
1.563145
2.572833
4.3815203
-0.35079187
1.3730509
1.069238
5.16071
-0.733861
1.2504915
-0.54673344
-0.87200487
0.6205381
-1.0933971
-2.452834
-1.093541
-1.4900926
-0.7293328
-0.43423787
-0.81085485
-0.36312032
-1.3427328
0.6953306
2.107237
-2.7886834
-2.8334928
0.64165497
0.8535997
-0.9107504
0.36803472
1.6391914
-1.183823
-0.9099923
0.7511718
1.2314713
-0.84471786
3.458698
-2.0184186
0.29475942
-0.07503506
-1.5504515
-3.680679
-0.907473
2.992796
1.3088167
1.5257208
4.4701304
2.0246775
1.6876943
-2.2005322
-1.3881129
0.25085592
-2.7699046
-2.386638
0.3615503
-1.4635564
1.2145574
-0.56863123
-5.3896017
-3.057927
-3.3902843
-4.3242245
-3.732955
-1.99952
3.2212505
-1.5629234
-2.5572755
5.0417423
3.7082157
2.939634
1.4245396
2.2896905
-4.007344
1.407033
1.8535918
0.64024305
-0.43240455
1.719635
0.2374182
-1.5298098
-2.2752247
2.0856197
2.9761515
-1.490644
2.320672
1.855054
0.91525286
1.5219114
-1.4860483
-0.73641866
0.81893617
0.72779197
-2.4870567
0.42994902
-0.90406495
-0.40930778
-3.4449682
-0.32591313
-3.0003037
-0.38125235
-0.5511295
0.7361458
-1.8393784
0.78578943
2.687929
0.9410306
2.2141356
4.680949
0.5158954
1.0048982
1.4229716
2.8496318
-0.55160254
-1.8471131
0.18100536
-2.0476642
-2.141151
0.042124804
1.024708
-1.2359154
4.703201
1.0881268
1.1233286
-1.4227355
-0.6022973
-1.6140218
-0.8170318
2.8163784
-1.2480408
5.1124744
-1.432624
-0.9637358
3.0615537
1.0700622
0.843473
-3.1793077
3.5554466
2.8240857
0.18711734
-1.8452016
-1.6824578
-0.1485469
1.3101912
-0.8799708
0.79051965
1.8004954
0.44030517
1.8304801
-0.83545405
1.5471044
0.6056913
-0.014306448
3.5494108
-1.828244
1.0593247
-0.7111109
-0.48320642
1.1632904
-0.71596885
0.23780307
-2.299283
0.5170388
0.65138566
2.6844506
0.31185904
1.1239493
-2.7190661
-0.31565586
-2.138755
0.6766233
-1.5236259
0.0912269
-0.28368473
1.315358
-3.4831562
2.764635
0.18530262
1.6500397
-0.21384877
1.0991796
1.6555982
-0.6992889
-2.418245
-0.2485888
-1.8403476
-2.2023566
-0.87518513
-1.3435707
-1.6260507
-1.9068947
-0.21983817
-4.641042
0.8556912
3.5825813
1.776272
-1.2763693
-0.6392821
-5.5599995
-0.11481689
1.40034
1.3702376
-2.314292
2.7613401
0.2864687
1.4978489
-1.9794085
1.0146811
3.7811725
1.4596299
-2.0150409
2.0814798
1.1923099
-0.46956635
0.5901321
0.8821458
0.12888391
0.58772075
-0.04486823
-0.7743609
1.3382716
-0.73013073
-1.7836517
-1.17542
0.71245885
0.94478244
0.24092312
3.160364
-0.64195144
1.8998526
-1.2140592
-2.5381238
-1.9504141
-3.9156702
0.23922202
-2.1673815
0.011934012
0.8640227
-3.260346
-1.1603827
1.6247699
0.17046978
1.1843235
1.9194754
-1.1545243
-1.1108195
4.018006
-1.4441886
0.37874004
-1.1027117
-1.6377181
-2.1241508
-1.8653563
-0.51645005
0.8806703
0.15456404
0.2873262
-1.4606875
1.7035824
-2.6440344
-1.5127847
-1.8819593
-3.448263
-0.5113118
0.38651562
-1.3229028
0.6149527
1.058854
0.82796156
0.78654337
1.003276
0.114716314
3.3554516
-2.074796
0.20580168
-1.3378136
-0.18999389
-0.8273183
1.1611204
1.2093985
2.500018
2.2690008
1.1812428
0.21132058
0.945642
-4.7191133
-0.51680535
-2.477713
2.2813404
0.22191906
-0.021869034
-0.8962337
-0.23335761
-2.3999484
-0.90764904
0.8072891
-2.003745
0.3735736
-2.98822
-1.8456703
-0.5712842
-2.9126973
2.2966228
1.2744764
-1.0816199
-1.2360114
-1.4305307
-2.5633578
2.6135025
3.0308475
-0.06883266
-0.6501829
-2.657516
-3.1770058
-0.107680686
0.41019988
2.603505
-0.26444754
1.1401083
1.0589219
0.7530147
0.4307047
-0.11482726
0.86785567
-2.4535522
-2.610564
1.4976579
-2.295857
-0.19225052
2.8324347
4.2821736
-1.5460236
-0.8054015
0.62095034
0.79422456
-1.7890767
0.5583514
-0.48166126
-3.946255
-1.7762749
-1.1884396
-0.20676242
-3.6651468
-2.4297988
0.3551626
-2.9025717
2.354423
3.5655162
3.0577364
0.96522707
-1.9973094
0.99487185
2.3316748
-1.1267707
-2.1347144
2.7186563
1.6801447
1.0149647
1.8553077
-1.3455129
2.7085912
-2.219735
-3.294633
1.6799914
0.036721975
-0.29250297
0.35009605
-0.07802764
1.6266693
-1.0048647
2.7462494
4.017192
-0.2845216
-0.8075643
-0.4598437
-1.1795661
0.8746639
-0.94740134
1.5084449
3.2903492
-1.9199622
3.7287128
1.2691274
0.9951111
2.3525054
0.14716256
-2.272429
5.0238094
-3.0322406
2.0609274
-2.9082012
-0.968094
-0.59552
-0.12843987
-1.4046988
-0.90909386
3.1412926
-1.0345618
-1.6771907
0.64297944
0.553164
1.8587062
2.053397
-1.0243491
-0.14007825
1.1568613
0.3068871
-0.1672309
-0.67220366
2.5168977
-1.4683781
-0.9514621
-3.5435123
-0.1586625
-2.8938093
-1.7945068
-0.08744762
-2.6788359
-0.5618789
0.19928592
1.3884339
4.545406
3.361396
1.2124128
-0.24860021
-2.7011352
1.6382884
3.9056315
1.0576065
-0.46234727
0.3589047
-2.2733772
0.16676587
3.0925388
-0.5315589
3.2368226
0.5444218
-1.8878831
-3.944883
-1.1740645
0.8842112
-2.55541
-1.9745753
-0.6611848
-2.6359951
0.70675826
0.020290203
1.449079
2.4085786
-1.2763084
0.53043157
1.0757153
1.2115716
0.25279906
-3.756886
1.2356687
-2.0638046
-0.004386559
0.1358287
-1.064935
3.106773
-1.0682007
-1.5100282
-1.7809473
-1.9347622
-2.391261
-1.5146081
1.23362
-0.86375165
-1.7726244
0.7009969
2.8832276
-1.9208798
-1.7179563
-0.02638514
-2.0601258
1.156975
1.732136
-0.97049046
-1.7866141
-3.3287559
1.0760044
-1.845704
0.674701
-1.3844192
3.3133802
1.548006
1.8320696
-0.1477686
0.46927723
1.414205
3.5410197
-2.3899705
1.9116032
-0.6612258
-4.3493247
-4.9421835
-1.5788906
-1.7569574
-1.2701904
2.4842322
-4.2850924
0.44850785
1.6368724
-0.35538077
-1.1611973
-2.022379
-0.17226538
1.5676049
1.0624316
0.056443095
-2.065513
1.4743327
0.034845717
1.0509357
3.7184308
0.04936483
-1.4328102
-3.600646
-2.9437058
-0.9857937
-1.0897715
-2.6437685
2.195651
-1.6527188
1.1842072
2.2138445
3.3647964
-2.9599152
-0.97699076
1.5890142
-3.7971025
0.04296065
2.902613
0.73980683
1.9373505
-3.1695826
0.4401637
-1.4065001
-0.2357811
0.32080498
-3.5679543
-2.002948
-1.7737682
-1.8461634
0.30070594
0.74494755
-0.88196075
-1.8102946
2.029006
-0.58587474
-1.7272018
3.6059732
-3.9784307
-2.2486355
-3.1377878
2.4177382
-2.0198998
0.9092156
1.1466513
2.4073277
-2.086399
-1.75262
-0.3777083
0.07059727
-0.8212633
-0.11675183
-0.19074017
2.9210122
2.7129707
-0.28269127
1.1582602
-1.0317415
-1.8724111
0.20847423
0.27328727
0.0037829317
-2.261317
2.328082
1.723604
0.16612865
0.9014916
0.51166725
-0.3799888
0.1301979
-0.91926646
0.12655374
0.19573879
-1.0368035
-1.6878542
0.50078744
1.2181273
2.3119407
0.95732737
-1.7397231
1.68985
-0.22946537
0.26364696
-0.89955795
0.18651184
-2.3997245
-2.9400744
1.9958599
0.92111987
-0.6527861
-1.3742735
1.0266237
0.19523846
-2.3540883
1.2263134
2.9938016
-1.5411646
1.6332601
-2.1566792
-2.5344288
-0.93460405
0.41036645
-0.18924043
1.3982395
2.0797622
-0.19336316
-2.223885
2.1908507
-0.43370003
-3.5484948
-1.4400167
3.3174946
1.4165685
-0.28500843
-0.42846134
3.933052
-0.18236616
1.5216323
-1.0913357
0.86729914
1.4883599
-0.9248867
-1.601019
1.1610962
-0.16512395
3.4946215
-1.5947727
1.9018551
-2.5037518
-1.075222
-3.4779165
0.4207318
-1.8604753
-1.4314368
-0.17698053
-1.726979
-1.6434963
0.19119382
-1.9631968
0.80282295
0.012071706
-0.9427409
3.1167383
1.6985451
3.0021946
-0.36729002
-0.49769127
-0.37247705
-0.6380023
0.7592435
0.3109094
-0.7635578
-0.0062998533
0.34378594
0.39682928
-1.000509
0.24144591
2.6768985
1.8514433
-1.385996
-0.48881042
-3.027734
-0.5639251
-3.948777
0.46704546
3.6055508
0.82778436
0.5429841
2.5302122
0.9637023
-1.8467156
1.831526
-2.9400759
4.2168775
-0.20844848
-1.949603
1.8676085
1.7941264
-0.03913106
3.3429055
0.9258981
0.32882178
-2.2104192
1.1168095
2.4642684
0.7262865
3.153807
-1.1052457
1.2361676
0.32086697
-0.5418875
3.5992634
1.3531746
-2.6119425
-1.8727337
-0.14240655
-0.5002212
3.3586533
2.0252566
2.0019453
2.524118
-0.7760716
-0.95865065
-1.5839828
4.0638237
0.45378774
-2.5296125
1.7135082
-1.5748184
-2.4640284
1.3853745
-0.086609475
2.8319182
-0.5953753
-3.4231775
-4.0512276
0.88557404
-0.83460426
-0.16016425
0.9338747
2.1665456
3.2233205
-0.28566855
0.38468555
-2.743695
4.5847917
0.68810374
0.95198447
0.14283042
-1.8996645
2.011038
0.27509832
-3.8002567
-2.5853055
-2.866942
1.7090567
2.7686343
-0.57999897
0.23244455
3.8038623
-1.0239285
2.848006
0.81990206
-2.4860559
-1.5624189
1.3767527
-0.81969607
2.7780595
2.8241074
0.8227325
3.307989
1.364089
1.2789301
-0.6029383
-3.0067494
-1.0479035
-2.6179965
0.67803866
1.6663145
1.407409
-2.924755
-0.29938796
3.7418702
-0.2736873
-3.8361125
1.3087755
0.10967428
1.8346455
-0.00534416
-1.1750575
-0.19092652
2.3498363
-1.369587
-0.49055612
0.29358426
2.4423354
-0.74378943
3.1489363
0.36616626
1.6562428
1.0613965
-1.8148924
1.3926195
-1.2929114
-0.14325139
-0.02464652
-2.4769654
4.7260556