Spaticar
0
0.6351559
-1.021062
-1.4271687
-2.0244584
-1.8061267
-0.013784926
2.8890078
3.232062
1.8912685
0.034494307
-0.46803215
-1.1173065
0.23786378
0.7112499
1.3458303
0.58433807
0.9097556
2.2887895
-0.6882685
0.22115496
-0.35485706
0.31113765
-0.9304618
1.0222908
0.3431277
0.37314573
-0.5928281
0.3030411
0.49773768
-0.62330276
-0.8870999
0.8620706
0.40521377
1.9845929
5.1482234
-1.2243849
3.1475973
0.7776534
-0.7385156
-0.8211144
-3.6642468
-1.7820133
-0.37976122
3.2148485
-1.9753765
0.39482215
0.46406597
1.313085
1.0582578
-0.44388846
0.3116074
0.4494883
-1.1980199
0.9069474
1.877544
-0.3299507
1.8364133
-1.2603445
-0.9619734
-1.2038364
1.4260895
-2.4426582
2.3055053
0.93151736
-1.6040715
3.1917965
-3.8297515
-0.3984995
-1.3665229
-0.7357107
0.9119977
-1.022242
-0.8662967
0.14108238
-4.8195224
0.0025217012
2.2658572
0.9199172
2.398848
4.032439
-1.1398646
-4.3852086
0.6452075
1.2432545
-1.539139
-0.73030764
2.9135633
-2.5949063
3.2639506
0.43523565
-2.2396295
-0.9867825
-2.1457357
-1.1475772
-0.034546465
-2.2282407
-4.0746174
1.6508008
-4.2515097
-1.3267019
0.8866753
0.35023478
-1.4455465
-0.19868049
-1.1447783
1.2413169
0.41516122
0.48772365
0.25480986
3.558413
2.777316
1.0687655
-0.637968
-0.79995316
-3.5283644
0.0040593445
-0.52790034
4.751278
2.7436867
1.3907629
1.754045
-0.6439322
-0.061100733
-0.96678424
0.14197153
0.5280389
1.8922589
3.7888248
0.601972
-0.47048777
-1.9760988
0.63354325
0.80231845
0.7889568
1.2464714
1.02347
-2.2811077
0.75784063
-0.25462306
-0.91731316
-0.14696303
2.282619
1.3494087
-0.11591256
-0.87800664
1.4588538
-0.34702522
1.6407108
-2.626603
-3.294528
-4.6767673
-3.284207
-1.9397444
-1.6007211
-1.1519747
-0.21389313
-0.13737765
1.018375
3.778592
-1.6269116
-0.05228556
1.3293234
-0.95025676
0.58898395
-2.3969648
2.177201
0.9159055
-0.50916874
0.25363353
-2.3419635
-2.0829012
2.051558
-1.86141
-3.2514596
1.1944933
-2.0156915
-0.28526616
0.6012269
-0.96015656
-0.43359485
1.0947669
-0.10662439
1.9866058
-1.0876156
-1.9490458
0.40310976
2.5903733
-5.8539987
-0.23019964
-0.83619297
-3.3809206
1.325991
-0.68291634
4.2783623
-1.8600632
-0.5282916
0.41057992
-1.2289559
0.724481
1.2436804
-1.0744599
1.1341015
3.2719426
-1.847508
1.1332657
0.90318924
-5.3759565
-1.1212158
-2.3958538
3.1629038
-4.0994887
-0.18973579
-1.7212297
-0.13099107
-3.6429558
1.9638625
-0.82634825
0.15190314
-1.2629259
-0.6630841
-4.6425323
-0.9991288
-0.5229199
3.259944
2.0705276
1.4032197
2.0979314
0.70289826
3.1437213
-2.9066348
-0.8783713
2.9427598
2.7582657
-1.7819296
3.06107
4.461019
1.2788879
1.1633493
0.19586682
-0.8389396
-1.27333
2.0986397
-3.744263
2.2020628
-1.682906
5.6099358
5.2048664
0.33596522
2.2024596
1.5929958
1.11309
-1.4734596
-1.0069447
0.19543335
2.3485847
-1.2733765
-3.5297496
1.587913
0.029834755
-2.9930632
-0.34871593
2.8899608
2.860938
0.83449674
1.3208241
-1.8257312
0.59922266
-1.0711551
1.6167811
0.22313492
-1.0749468
-1.1933364
4.5017867
1.4370081
1.3556652
4.297587
0.52360857
0.78956485
-1.323506
2.3944979
-6.1963334
-1.7267824
-0.5049211
1.9063885
-2.2247858
-0.81169
1.8165426
-0.32028326
-0.578201
0.34132776
-0.14300308
-0.21114707
0.5931795
-0.30115724
2.9159749
-0.9233998
-2.9534082
2.518172
2.53878
2.1066473
-0.16163883
1.5086514
-1.4288882
3.3450792
0.64841616
1.8366816
-0.059130616
-0.5449911
-3.120707
-1.3628842
-0.09692879
-1.5030215
3.4019067
0.59369034
3.0367355
-1.2577457
1.1788986
0.84184545
1.3517047
4.1637435
1.5277389
0.63254774
-0.64019454
0.8702999
3.5571778
0.3465515
2.4501827
2.6791155
-1.2885426
-1.9099721
0.074393675
-1.717372
1.4386245
-0.41457146
1.2792472
0.3064116
1.3292034
1.2924672
-0.9316391
0.020540845
3.174854
2.469634
0.016587652
0.92971694
-3.8876858
1.3254684
3.3577137
3.669117
0.6063652
1.3572339
-3.743179
-1.3176593
-2.27957
0.589871
-1.1328102
1.9564921
-1.8014404
2.0426219
1.0058999
-1.0416442
-0.9547264
4.3188257
0.2705659
2.4870825
1.39611
-1.4604715
0.980539
-2.874229
1.3224348
0.6701017
0.038880844
0.76498604
2.1228528
-0.31418145
0.6476759
0.1317341
0.9106907
0.5149855
-0.7098483
2.3001053
-1.3506435
2.6661124
1.3156749
1.2505851
0.5265794
1.7907586
-0.5142171
-1.3603196
2.053054
0.30613497
0.49810615
-0.94986904
-0.24577303
0.24260819
0.7925898
1.1941258
-1.0385798
1.6299661
0.9270211
-2.0697064
-0.4621343
3.5665882
0.8129942
-1.1041273
0.32045653
-2.0428517
1.6463908
1.7000601
-0.7024109
-1.6964302
1.9691101
-0.71058375
3.5399065
6.4588847
0.7560294
0.9458385
-0.7605556
4.260137
3.7825084
-0.9682578
1.2102814
0.057454817
0.6619696
2.429118
3.849228
2.0103745
-0.036712535
-1.814398
4.298282
-0.65821654
-1.2307326
-3.1793022
-0.0007474236
1.6957676
-2.7949848
3.6565723
1.6278645
4.2713075
-0.052845642
-1.489926
0.97625554
-1.2425494
-2.7980378
-1.3662308
0.32390198
1.874562
2.1955776
-0.79642767
-1.6191081
1.2060817
0.9241605
1.0332383
0.84143174
1.1508367
1.2415023
1.5634617
-1.4172021
2.505443
-1.4435939
0.4980473
0.32305354
0.32694134
-0.89900446
-1.4733381
-1.4986366
-0.291348
1.0224015
-0.08121987
0.5568225
0.75706387
0.9526972
-2.6069095
-0.6348973
-2.0952282
-2.5012078
1.2783705
-1.9914173
-0.40928096
-0.9765405
1.1286819
-2.053469
1.2802024
4.0820546
-1.2180018
0.8555773
1.6747735
0.7124846
-2.182294
0.62185127
-1.4905899
0.48087955
6.315187
1.0302505
-0.3107824
0.2606038
2.4508374
0.85200197
1.3908433
-2.0363135
-3.925526
2.559065
1.9931114
0.31025845
1.003633
-1.1953883
3.7502728
-1.9915559
0.35417992
1.9743614
-3.529296
1.5794377
0.87171096
2.1941154
-0.7972297
-1.4898609
0.41107905
-2.75902
0.3309666
-1.361816
-0.5539316
-1.2079338
2.3293474
0.57195586
-0.60237414
-1.1850859
3.0339134
0.5783358
1.21476
3.618895
-0.40887097
-1.2397479
-0.629289
0.18490174
-0.17631206
1.0593786
-1.1815666
-1.8088753
-0.38644797
0.15437639
-0.82812786
-2.7912834
-3.9665267
-0.56674415
0.9097884
3.8488498
-1.4575932
1.6678052
3.0162895
-0.9697856
2.3788922
0.1915964
-4.4642444
1.849344
-3.6721401
1.5155944
0.4715538
-2.324155
0.44479024
0.078804
-0.86669093
0.027849719
-1.0889503
0.28741044
0.67517096
-2.1939688
0.9635071
-0.3891643
2.022323
-1.6842184
1.000544
-3.064771
-1.5906719
-0.04165511
0.75766486
1.7175303
-0.13286787
0.049024858
-3.8530529
1.9381126
0.13004637
-4.0165024
2.818559
0.62132907
1.1285788
-1.7283388
1.6787065
-0.39596993
1.3592666
-0.03257077
4.2318873
-1.934026
0.15965599
0.65252507
-3.5601754
-1.3440015
1.2295113
0.066816464
2.083947
-1.3428391
0.998837
-2.2258618
1.8775846
-2.7229934
2.8275304
1.1589098
2.7021453
3.0965343
2.3955498
-2.8680882
2.058866
-2.8644087
1.8477948
-1.5345148
-0.7538373
-2.1564693
-0.12005092
1.2943383
-1.8205097
1.77765
-1.787056
-1.5789639
-1.286427
1.9433961
1.1529098
1.7883435
-1.6591717
3.3098223
1.9456048
-0.25880516
-0.35838512
1.9653059
2.074878
2.4848669
0.07848631
0.35198954
0.9158796
2.7452962
-3.6048567
-1.1639292
-1.5366976
-1.540661
0.3443959
0.18755113
-1.3732336
0.42845568
0.63695014
0.36474946
0.47938222
0.7950021
2.1818414
1.4011003
1.3410949
-1.3584219
2.2032778
-2.320504
3.6143043
1.7746392
-0.75498927
-0.25943354
0.8894619
-0.73411566
0.6021711
0.42354885
-3.1771924
-2.0895264
1.964535
0.6796624
-0.40510976
-2.138601
1.0740454
-2.7871227
0.7834174
3.4319868
-0.58162856
2.431438
-0.4116454
-0.58513796
-4.176462
-0.3301659
0.15655848
4.5021176
-1.1954421
4.0256085
-2.9885464
1.0246708
-0.06150604
-2.2633424
2.4955406
-0.22633658
-1.5841068
1.4279466
0.0063029975
1.4241155
4.716341
-0.36514866
-2.3567019
-0.5036172
-0.96864676
0.11840942
-1.524593
-2.07816
-0.17195724
0.51055485
-0.9408464
-3.546891
2.6811
0.067043886
1.952559
-0.5001921
-2.382735
2.9921672
0.41307977
1.7012076
0.69449776
0.35100204
1.0865219
-1.4812603
2.735987
0.5253498
-2.217838
0.26456618
-0.17520499
2.5865064
2.1866772
1.1886395
-2.5852644
-2.785819
-1.5424633
-0.45286635
-1.5550797
-0.38512713
1.9433739
-1.1703601
-1.7468528
3.6380537
0.69233036
-1.4017134
-1.4749012
-1.3070927
-0.8734081
-0.93160313
-2.5037677
1.7051128
-0.76329273
1.4565499
1.212655
2.7048647
3.298937
2.5595899
-1.9465913
2.8099992
2.667922
1.600159
-0.17016515
2.1281922
2.505278
-0.0018076599
-0.8225208
-1.0123955
2.2094889
-1.3401064
0.76928985
3.984821
1.989534
-5.499837
1.7074136
2.7888808
1.6874229
0.12205094
-2.3561542
-0.7468017
-3.648743
0.11768339
-4.2713394
-0.10046903
1.8423576
-0.62242085
-2.0174344
2.6188672
0.95235425
-1.047569
-1.9526312
-2.1594365
-1.8105496
-3.1558337
3.2136838
-3.1711051
-0.27987677
0.511795
-0.33836278
-1.8812112
-1.840831
-0.30050147
-1.1541014
1.1117399
2.3972356
-2.434669
-0.20798317
1.5469127
-1.416245
-0.8934827
-2.5699794
0.7174064
-0.98687345
0.18981203
2.066109
0.063446134
-0.9502142
1.4923888
0.77233917
-2.422246
2.2071266
-1.4393462
-1.921434
-1.573157
-0.5044581
3.0977333
-1.6228682
-1.9963787
-3.6348968
1.6301273
1.1747228
-0.4639963
0.14138976
0.8154366
0.557264
2.0939598
0.2273982
-0.7663421
-2.9527044
2.9933846
1.2604434
1.1212474
1.1418335
1.6366414
-3.3398433
-1.4074461
0.5571235
0.9400675
-1.5401555
-0.83556044
-3.1096034
1.2206029
-0.13851368
-1.7537335
0.24015874
-1.8035349
2.905488
0.37832606
0.073278174
-0.58268744
0.87231827
-1.6312532
-0.4449515
0.09438418
1.616373
-0.7399091
0.298854
2.2818673
3.1926947
-3.1303036
-3.3630333
3.4301095
0.26477507
-1.7808671
0.27880198
-0.1737442
2.9515114
0.28380764
-0.25020045
-1.1732687
0.81100607
2.2837703
0.6200626
-2.1167269
2.2524703
-1.7511908
2.6660068
-0.38891935
-1.2622833
-0.7825936
4.209934
0.57252586
0.32657188
-1.6609517
-0.8974755
-0.51388043
-0.6345156
1.3515387
-2.1170895
-0.6866122
-0.3733253
-2.8746424
1.6249218
2.151514
2.2811327
1.7358315
-1.6588991
-2.8538163
0.05995919
2.3001473
0.83654475
-5.535588
-2.773164
-2.2086241
-1.2243658
-1.3773118
2.3071148
-0.5946217
0.30522367
2.6670923
-0.3159733
0.23579282
0.3308212
-3.6206224
-0.88026804
-0.68955487
0.11336028
0.20804256
1.3858964
2.2605224
-0.7615181
-3.7914968
-1.7020872
2.5986784
1.5646563
-2.6926208
-1.6226082
2.0329843
-3.5792956
-1.4579307
2.0828583
0.14094666
-1.3191525
3.312526
1.1837673
-2.7069647
0.69382054
-0.47672024
0.7578004
-2.480081
-0.6471778
1.5753285
-3.5634658
-0.68322754
3.9620795
2.8091657
1.4771532
0.85301036
0.6585079
-3.1644359
-0.0912911
-0.29335558
0.66926897
-2.7592366
-3.2848687
-0.24512947
3.133982
-0.16359678
-0.53515637
0.19971226
0.4211339
0.62020826
-1.0293187
-0.86406344
-0.13638666
0.85247535
-3.1214645
0.48496065
-2.0265923
1.8525277
2.6556046
0.113222025
4.452116
-1.6001002
-1.7797947
-0.4528463
-0.80662334
0.39923066
-3.7010288
1.1843774
-0.09193387
0.22869185
-0.40261188
1.3914165
-2.8529296
-2.4743767
-0.8774909
2.3285263
1.7194537
-1.5242473
2.3748832
-0.13175976
1.2113308
-0.866318
2.8730266
-1.871135
0.7690574
0.170239
-1.6995986
-0.26617333
0.3389684
1.2097989
2.4981675
0.48525012
2.8179252
-0.49580544
1.163524
0.1330963
-1.8412907
2.3207476
-0.38522494
-1.6873491
3.356999
-3.1573596
-0.41141525
-2.1063106
1.7425991
0.056040592
-0.50865287
2.5785468
-0.0007889718
-2.0651507
0.5690832
-1.9420416
-0.26774928
0.1672957
1.8953985
-2.2429495
1.2079811
-2.8557396
0.45304853
-0.9620987
0.3632182
2.79488
-2.9854157
0.5152034
-0.17197949
-1.2938576
-3.331047
-3.6911466
2.7577467
0.8496928
1.742729
-0.6159038
-0.08657098
2.7731085
1.9400315
-0.40140787
1.7280256
0.70780975
0.49364734
-1.7500538
-1.8933096
-3.9024587
1.21306
-1.3030958
0.74259037
1.0906903
-0.37491786
-0.66337544
-1.6041218
-0.27108404
0.111747
-1.089749
3.0038855
-3.0231307
-0.6334648
0.78862166
1.0588436
3.9273653
-0.6284456
-0.33491915
-0.73832786
-0.7999503
-0.9914165
0.33064753
3.6612716
-0.22485071
0.024235941
2.8378768
-0.1169608
-0.43347296
1.4821374
0.56992424
-3.2508657
0.17016374
-1.0823132
0.48975945
1.7163353
-0.16037178
-1.025522
-2.0548136
0.5074539
-0.96406376
-0.36958045
2.0831473
-1.1511817
1.48001
-1.5707312
-4.478591
-0.90527546
1.3980465
1.5803232
0.005527444
-1.643038
-0.8315025
-1.9096473
-0.95716816
-4.1234508
-0.22849652
0.90569645
-2.2982614
-1.0644948
0.12623684
-1.8230424
-2.6156414
0.3261168
1.7104864
-2.325846
1.1517776
-1.024676
-1.8425643
2.1486113
2.821571
-1.930307
3.685357
0.6944016
-1.9268081
2.0929227
2.2834115
0.3500299
2.2890148
2.0264277
-2.357707
0.30920425
1.9399377
0.3326254
-0.22156112
3.1585014
1.4088013
5.205721
1.1261177
1.3238634
-1.1284163
-2.4804294
-0.79265064
1.1707734
-3.2806363
-0.4758977
-0.40804067
1.5874732
2.697433
3.039271
-2.9371657
-0.5525033
-0.6307019
0.5962591
3.9072292
2.202302
-1.8077749
-3.5616412
-2.0393143
1.0301532
0.72471386
0.16815838
-2.171069
-0.42700243
-3.0850909
0.24407288
-0.54649806
2.8243904
-1.3757716
-0.77300465
-1.265401
4.647196
-1.7009518
0.31253588
2.0186388
3.4646204
-1.7573392
0.5925453
-0.31553173
0.36376697
1.7069578
-0.3825998
-0.77857655
-0.18737316
-1.6577274
-0.53820163
2.2097926
-1.3865272
-1.9660836
-0.48908976
0.7386861
-3.6268868
2.3048124
0.33181232
1.3835254
1.3413268
0.8675681
0.747958
2.3268163
-0.19528787
3.0433364
1.4727647
1.4232252
2.939511
2.9644628
-2.5390785
0.679286
-1.1351773
-0.17971613
0.8742792
1.9849776
-0.014014408
-0.9588548
-0.7807974
-0.90671796
1.2526523
1.9560761
-0.62284845
-0.4185241
-3.5830743
1.452449
-0.5081197
1.0256963
3.2451692
1.0964503
1.5626203
2.5712934
-0.8328115
-0.019162208
-1.5581641
-0.38742936
-1.459496
-1.066251
2.3337748
2.9668534
1.1896284
0.17325802
3.2395449
-1.7366091
0.770411
-0.9305617
-5.1448884
0.734509
1.7712814
-2.2072916
-0.17975518
-2.1803923
3.0728667
0.89495593
-2.2342303
-5.5298862
-0.976116
0.6816833
0.25815824
0.680449
1.1291642
0.8077011
-2.0019822
3.786658
0.31923282
-1.1756077
0.8407391
-0.7270914
-0.6349535
-0.07803717
-0.22068603
0.69467604
-0.23297086
-4.8219595
4.3404217
1.4628844
-2.5680842
2.3517084
-1.5399346
-0.9001854
1.9558364
-0.4918828
1.3231815
1.3721993
0.2728376
-3.2270827
-1.7930988
0.8825056
0.26235023
1.199062
1.1963204
-2.0252943
-0.42580324
-1.695567
1.99933
1.7944226
-0.60010374
0.76214504
1.6540475
-4.343446
2.2186382
-0.22067052
0.04656458
1.9642055
-0.95324266
0.9232903
0.7032799
-3.0410547
6.2243443
1.872902
-2.8201683
1.0828575
-6.115683
0.59029865
-3.0791478
-0.047257822
-1.0344985
-0.8013975
0.4454434
-0.17013752
-0.49913928
0.03959015
0.8486339
-1.1224508
-1.8931444
-1.3544577
-0.29421195
0.9176717
2.2908335
-2.925049
-0.8431712
1.5087986
-1.3284693
-1.4659109
0.76878935
2.918707
2.1301906
-2.9221616
-0.90261734
-0.16611597
0.98867595
-0.53646666
-0.4500211
4.797152
5.020842
1.058014
0.7740661
-1.7904733
3.8424387
1.2469108
1.1543049
-2.881929
0.74268174
-6.0469956
-0.9914265
-0.50949275
1.6030661
-0.53460383
-0.10074995
-0.6256331
-0.005389631
-0.5028279
1.784996
-1.874379
-0.3968369
3.7454476
1.1817989
0.41608566
0.5660058
1.9284619
0.40507025
1.9781444
-2.8784091
2.298788
-1.4383997
0.24049926
-2.897752
1.5247544
1.3811523
-0.5399653
-2.3389452
-1.2067057
-0.864656
-0.1838808
0.53981715
0.9504771
-0.310603
-0.48176074
0.33645126
0.72345823
-1.1360589
-3.1239986
-4.271745
-1.65375
2.1090868
0.8147609
1.1763724
0.23115692
-1.3346794
0.034446493
-3.2960985
-0.32254305
0.3306459
0.9562544
-0.8511276
0.14658196
2.619987
0.43881413
1.663305
0.13352056
-2.4554064
0.14051414
-1.8137665
-2.5281506
-1.2392864
0.34694356
-0.38926402
-0.46914026
1.7622837
0.7213605
-4.307533
-4.2548847
2.0091653
-0.23465803
-0.06455973
0.75502056
0.9733637
0.4587577
-1.7086816
1.14709
3.4533763
-0.07488972
0.56053567
1.4005227
-2.1545653
-0.62917095
-1.9123244
-2.8226833
0.32223964
2.4754162
1.8932654
-1.6333278
-1.7792394
4.2243843
0.7709596
0.23128524
-1.5744447
-1.0490268
0.51945394
-0.98028547
0.43317202
-0.48140228
-0.5669973
-0.10379263
0.72968477
-2.4742308
-1.0935435
0.8353237
2.2729046
2.9864035
0.0597675
3.0474277
-1.8475877
2.4769945
1.4070023
-3.1167774
0.71256095
5.432469
1.1778779
-0.08234868
-0.2899235
1.2849509
-0.23084192
1.3517678
-0.87138796
-0.57297754
0.1254839
-0.18631768
-0.33968198
-1.7597665
-2.705838
0.54851985
0.033152245
0.20696744
2.7751663
-4.8587346
-2.4010494
-1.3298261
-0.9403931
2.7159503
2.527754
-2.2605734
-5.538478
-0.5129159
2.2469466
-1.779439
1.545016
0.39232653
0.43845102
1.7699345
-3.3418152
5.8425694
1.0647141
-0.72453636
1.9529641
1.0567641
2.4797685
-0.055531107
-3.0699484
1.9634359
3.813856
0.4100328
1.3516496
-0.79192
-0.58749634
1.7681144
-2.3091207
-1.7071195
3.045317
-0.5653256
-3.6756723
-0.70158255
-1.321967
-0.85985035
1.8818214
1.5462023
-0.7000232
-2.7273088
0.35916474
-0.034720317
2.385353
2.0287557
-2.012162
1.302902
-1.7415398
1.6506319
2.2883823
-2.3781166
2.0938866
1.191463
-1.7673182
-3.3733156
-1.5576493
-4.091209
-0.8376056
2.2821732
0.5252153
0.82930857
2.3854873
0.16197115
-0.5095116
-2.0658503
1.6567591
-2.1310406
2.6405263
0.7311583
-1.8996296
0.726733
1.9683007
1.0957574
0.25729322
-0.99039197
1.5484333
2.1555831
-2.2213485
2.3553872
1.970942
1.7546563
-2.0509474
-4.3354597
3.4632359
2.2626731
4.4885178
-2.8842952
-1.0426968
-0.84224975
1.023921
1.07553
0.015420865
-0.21928069
-0.43270683
0.22231007
-0.94566405
3.437924
-0.49500674
0.7537622
-0.29630214
0.17810723
1.514055
-1.7471834
0.8318523
-4.7460294
1.6963341
-0.58894795
1.391803
0.07378811
-0.10806414
0.599198
3.6520123
-0.30522257
2.2394617
0.914189
0.19827455
1.2953568
0.91264796
3.5239391
1.5390241
-1.8888714
0.06916332
-3.3864074
-0.14213842
1.5329046
0.9669585
0.88280886
-1.3940611
-0.9142228
2.6007679
2.9907634
0.64636666
-1.3311708
-1.2307891
-1.8670475
0.47297913
-2.9723182
-0.43362004
-0.54538685
3.687726
0.7172983
-3.3570454
0.17244016
1.8752608
-0.55320686
0.9025212
0.67153865
0.07420996
4.517878
0.9601857
2.3976352
1.8417361
-2.9973626
0.034041535
1.1264168
0.22505748
1.776596
0.55434465
2.6428812
-0.28171468
0.72222465
-0.97673106
1.1152966
-0.7736997
-4.4398627
-0.9655305
-0.84940475
-0.39146838
-0.38028184
-0.2798565
0.27987066
-1.4169606
-0.59951925
0.3965585
-0.9584074
0.15526006
-3.676085
0.32695392
2.9585004
0.75857097
1.5662878
0.076936714
-1.8389589
-0.9417312
-1.7461622
3.262306
-3.0144827
2.7590458
0.58891916
-1.0789435
0.096273616
1.7907996
0.6198726
-0.022451192
-0.30561227
0.52464646
-0.4887108
2.6608925
1.131492
-0.6160606
0.9521893
2.5510983
0.9444632
-3.838944
4.1933904
1.8255812
0.83067733
2.0178406
2.173897
3.661893
0.7265044
-1.5814027
-1.223006
0.6817135
-1.1364573
-1.2896128
-0.35999006
0.54671437
-4.0352864
-0.22603215
0.774941
0.185757
3.6708643
1.0248234
-1.6396387
3.0208955
-2.9734006
1.7671325
-3.2719326
0.2979057
1.3906057
-3.337994
-1.0442361
-1.999601
-0.024148688
-3.2402523
3.3385065
0.90764433
0.2531335
0.84434944
2.2394373
-1.2409058
0.108191624
-0.4716245
3.4415095
-2.0165343
-1.7114817
0.3349685
-0.33163258
-0.41925216
-0.287838
-0.94820845
-1.3640118
2.0184236
-1.9572802
1.0198405
0.111844555
-1.0262446
2.0184407
-0.19672497
-3.747545
0.14754531
1.8906635
-2.1064134
-1.8046978
3.585199
1.2020011
2.9756625
3.7809067
0.9068387
1.1787329
-2.2032726
-3.0884688
2.007322
0.2045287
2.7122095
1.4725128
-3.4033458
-1.4919112
-1.8591866
-0.33115137
3.2417622
-0.5591372
1.7391969
-0.3835491
-0.32167768
-2.9517748
-0.82289475
-2.3961253
2.0390022
-0.07234698
-2.5914893
-0.6444925
2.8230023
-4.0589213
0.7212369
-0.69912845
-1.1501747
0.6130053
0.4484179
0.90245706
2.251676
0.3543139
1.7000862
1.6322887
1.1632392
3.1518373
-0.76622033
-3.3498049
-0.14500487
0.089586854
-1.82169
-0.26322868
0.47366455
0.40764818
1.7604343
2.6672387
0.52371496
2.3049886
2.7852712
2.7210345
-0.65403056
-1.2145636
-2.6436808
-0.7182647
-0.37828594
2.5414922
1.0849992
-5.553443
2.1186876
-0.27183455
-2.0413332
1.2784253
-1.0779958
0.9408151
0.18835469
0.69544804
-0.073974594
-0.5195943
-0.02908577
1.2004936
0.33461216
1.0216808
1.5493002
2.4129634
-2.029127
0.19278254
-0.4750233
-0.88983935
-2.4341257
-4.222513
-0.33717865
0.7108582
1.4910804
-0.86040545
-3.473679
0.20002028
-2.5806644
2.173508
-1.2008061
1.138351
-2.0331814
3.7562172
0.27248353
-1.1651907
-0.6944587
-2.332232
2.0745926
-0.70385325
-1.9914718
-0.40839708
0.38100365
3.0299387
-2.2478607
0.7921735
-1.4017663
1.0672802
0.8086679
3.5934064
-4.0599093
-0.39218888
-1.186027
1.6560551
-1.2595195
-0.36112255
-1.8770221
1.5236595
2.938051
0.35054675
-1.7797004
2.7009463
-1.2760848
3.633852
-0.95292646
0.24825376
1.941022
1.3522675
1.3832935
0.9766826
1.6680491
-1.5145372
-1.517372
-3.6800365
0.1584644
-2.2125022
-0.45237625
-0.46337312
0.91571695
-0.21351713
-0.39687604
2.149502
0.9158585
-0.9874455
-1.2356774
-3.0575829
0.36029276
-2.8311777
2.252823
0.5682061
1.6029683
2.1375015
-0.7485853
-2.050085
-0.77325714
0.26582608
0.13961884
1.9550048
0.02798444
-1.9551781
1.4852278
-2.5043037
0.64401287
0.6100588
0.8603277
0.8710457
-2.585775
0.35253692
-0.76350164
2.2295842
4.9678597
2.4073668
0.35847622
0.4383012
-0.7476329
-0.8817665
1.4227803
-0.6258835
-0.37296686
1.1487409
-0.14297137
-0.4524411
1.133491
-0.5463619
-3.3640823
-0.49061105
2.7025714
1.5745901
1.7649928
-0.58950055
2.56031
-2.5266893
-0.4779487
1.3843333
3.9662805
1.8825308
1.9564912
-0.4237934
0.8771085
2.103462
-0.3612556
1.1797945
-2.0941293
-1.0339534
3.926124
4.305205
-2.7090428
0.5806022
-0.8602055
0.28546962
-1.7069432
-1.3955253
-1.7510058
0.10275149
-0.202694
-0.6238085
-3.3970351
2.2236083
-2.205863
-2.9192524
1.6329712
0.9751596
3.230994
-1.5449563
-1.310724
-1.6070105
0.6025771
0.60109913
1.8063363
2.0982106
2.3361788
-1.1579987
-0.12893909
-0.4636893
-0.51056546
-3.1387737
0.7773922
-2.0960147
-2.3919373
0.7870994
1.7069397
3.6592367
0.31544438
-0.17034884
-1.3089368
2.9457245
3.7851422
0.8219931
1.6734129
-1.1499257
-4.093402
-1.1866771
-1.4924855
0.042731896
-0.30362165
0.85534
-1.6696075
-0.55700403
-3.3783064
1.8705465
1.6257845
-0.9377453
4.960872
1.09712
0.09970695
-0.14897406
-1.6408136
2.4182656
-3.0926626
0.31137586
1.3181177
-0.18464687
-1.4715486
-0.062551335
-5.3384714
-0.4323212
-0.52941036
-0.9255652
-1.0234458
0.104305625
1.6236454
-2.144246
-2.9683757
2.9417434
-1.6527972
0.17007342
1.4025488
3.6868267
-0.1189427
-1.6515746
-0.26256502
-0.278992
1.3167824
0.23615113
2.1622922
-4.1582565
0.18611115
-1.3220187
0.048265725
2.6849968
-0.25812167
-2.1637237
2.515612
0.108321115
2.413442
-1.6779592
-0.846127
-0.83329266
-3.6379583
-1.4898156
-1.7542545
-0.019013166
1.4205192
-1.5129541
-3.5457528
4.974199
-1.1240016
-1.5819865
0.24530062
1.0785681
-1.9608581
-1.4793459
-2.5830827
-2.3804572
-1.074425
-0.8347066
2.334231
0.5394567
-1.9043388
-2.5800338
0.5911341
2.646094
-1.1095295
-1.6998214
1.5061122
-0.30124137
2.7959566
1.4376991
-0.05891691
0.68443733
0.05312857
-0.1590082
1.6442204
0.15775576
-1.188218
-0.019189257
1.7781833
1.8095003
0.24173053
0.4199422
-1.3379847
1.1421368
2.1467505
2.2100132
1.1457536
-1.0829176
1.9736681
2.2510605
3.4395785
-0.90814203
-0.77475214
-0.8766634
3.7014954
4.42277
0.5797183
-1.4822831
-0.27167484
2.2354152
-0.28346574
-0.5844131
1.9279244
0.31481814
1.6579185
1.5121362
-4.4095554
1.8458263
-5.5510454
-1.5344383
2.9713712
-0.52207667
-5.6919665
-0.43701428
-1.6221668
1.916797
-1.2694207
-0.94926953
2.501003
-3.5838485
0.70879304
1.8538511
-4.406825
-3.349896
-2.325021
2.231306
1.7745669
-2.8561122
-0.79131573
-0.59623206
-0.1342704
3.302516
0.4437947
-0.98574954
-3.7317412
-0.10121242
-0.35893476
1.1851426
1.246488
3.0706334
1.8433578
1.1670151
-1.8373276
-0.48430187
-1.1686218
-1.0935062
2.5293388
-1.7708758
0.03566006
-1.1304352
2.0474634
0.20061658
1.6147549
0.50342447
2.6722088
2.833993
-4.61289
-1.148561
-0.38844937
0.96438533
-1.5590391
-1.3449466
-0.118610926
-2.6965647
2.7233973
-0.59542906
1.7828236
2.3855038
-1.0783994
-2.9874368
2.6909573
0.28929144
-0.8223072
-4.555362
-1.0489345
-1.4162387
2.9896336
-0.6768049
-0.5535533
0.22899145
-2.2936637
-2.537353
-0.5456943
-1.049059
2.012695
3.0482051
-2.6819153
-3.0596695
-0.7327253
-1.1526216
-0.77221143
0.12869354
2.1985326
0.664693
-0.9693515
-0.24462643
1.4996977
3.4848528
-1.5077721
3.4643729
0.81792635
-0.52230555
1.2946981
1.1597875
1.2840241
-0.92675906
-1.5819318
2.7468848
2.6802528
-3.1277492
1.9180691
-3.5042593
0.47139725
-1.0463942
0.77941316
-1.2227855
1.665478
-0.9924163
-2.1053758
0.81851655
1.7722028
-1.3756831
0.21003139
2.3729987
0.4609694
2.069029
-0.7622475
0.7355623
-0.20799036
-1.2018116
-3.625896
-0.30650008
1.4972974
-1.125227
-0.49785143
0.14698192
0.5001454
-0.38233206
-0.77161247
-1.5689322
1.862156
2.4819927
1.7628787
0.9747718
-0.62685055
2.4769866
0.70967007
-1.0986768
0.37529662
4.2021327
1.9002495
1.8663102
-0.50643206
0.29937533
-2.7906663
2.394177
-2.5775533
-0.33623338
-0.9829081
0.58195937
0.36239934
-2.2161443
1.8231809
-0.37355348
-3.109108
-0.27645707
-0.010168809
-0.6450119
-2.7920284
-1.1254658
0.09146333
-0.5016997
-0.082580216
-1.9046166
-3.190296
0.5419329
-1.9118787
2.8108876
0.13854976
1.9148668
-1.5973946
0.64484257
0.82354623
-0.1143939
-0.7177233
0.61564964
0.8835862
2.429254
1.6736692
-4.083493
-3.3864896
1.9054804
1.8209574
-1.6743187
2.4436228
2.9975336
0.4951652
-0.8395839
2.1854086
-2.3582242
-0.30781406
-0.13240921
0.23721421
0.44425684
2.6394722
0.9161095
-0.2689839
-0.87102795
-3.5849893
-3.4035385
5.001397
-2.0632484
1.2831868
-1.0166887
-2.206533
-0.48441184
-2.8704362
0.8128245
1.1604257
0.09295893
4.479138
-3.6783133
3.5961843
0.94583035
2.5871959
0.10488323
-2.2661924
0.01955793
0.40013623
-0.16065583
-4.136845
0.6094607
-0.20675692
2.4854674
-0.755847
0.3157257
1.7458874
-2.7832434
0.549099
-1.4433131
0.27741134
3.5306828
0.09098269
0.4726233
0.1395571
0.09039299
-4.217746
-3.7674272
0.6124295
-0.61385083
-2.1724145
2.2936075
1.2843671
1.9966627
-2.6859572
-0.67291856
0.9497636
-2.9147415
0.79902804
-0.2864981
2.3854654
2.3264449
0.29808804
-0.9848328
-0.37489715
-0.41694784
4.015346
2.04385
-1.677629
-1.2897004
-1.7406734
-0.46595684
-0.26390195
1.8799657
0.31568283
2.4337413
-1.0370897
0.767275
-0.98103315
-1.4224267
1.3177007
1.1107517
-0.21083766
4.5678678
-0.20621389
-1.4756687
0.6340883
-0.9711177
2.0314765
-2.586677
-4.2253847
-0.98651457
2.7197566
-2.016131
-1.3359244
2.3201141
-4.35013
-1.2826779
-1.5186769
1.9763379
-3.2194257
-1.0541387
0.4091248
-2.3970597
1.1148493
3.624533
0.8151046
0.922786
-1.685914
-0.788202
2.67588
-3.2149978
-0.45212525
0.24107802
2.4655755
1.5766722
-2.8001642
0.11602718
0.81105655
-1.77616
-3.4044435
-3.400138
-3.244564
-0.83093315
2.9343796
1.1710471
-3.0601227
-1.6970944
0.91439575
0.49907526
-0.45980698
-1.3885742
-0.16320974
-1.4629654
1.1895924
0.22656484
-0.546369
-1.4738762
0.06319422
0.17287725
-1.082694
1.6347778
-0.4034571
-3.7534747
-0.51357657
-0.9859242
2.5812426
-2.8124623
0.88122743
-4.06333
-2.8182123
-1.96007
-1.2801236
2.3902225
1.4879935
1.0344063
-0.30438963
-2.2272913
-1.3829406
1.1142088
1.0128838
-0.7537788
-1.1348852
1.267959
0.7941435
-1.6511843
1.1593394
0.9985874
-4.008561
-1.28687
-0.2241757
1.3882027
-1.7674093
1.83958
0.48422548
0.5190747
0.41982207
-0.42734122
-1.6480774
-0.1410796
-0.01513996
-1.3823893
1.990997
-0.5047373
-1.2908844
2.1646714
0.8116622
0.025467753
-0.2897129
-0.5640356
-2.775601
-2.2547965
-3.1676383
-0.56289345
0.67636913
-1.1207293
-2.4986455
2.753363
2.0015228
2.5737977
-2.2095118
1.3850027
-1.8650566
0.14292806
-0.1593456
-2.241957
0.63586366
1.4022479
2.0588007
-1.9401001
-3.185247
2.8290858
3.702559
-0.051937252
1.0072072
1.2565242
0.75291634
0.47071198
-1.1934321
2.5176551
-0.32241517
-2.2144568
-1.4757583
-0.7414976
-1.0509741
3.0407267
0.9208375
1.5905522
1.856162
1.2737632
0.39933857
0.68611056
1.1090331
-3.3290548
1.0097036
-0.6743416
0.008381531
7.648705
1.0952207
1.9182684
0.752037
1.6159166
-1.5859367
-2.2366438
2.264617
-0.49413323
1.2831538
-1.2134109
0.8121355
-3.509067
-0.57092226
-2.393484
1.3775445
-2.6111376
1.587136
1.8023093
3.0458794
0.87730145
2.7048228
3.207129
0.39705214
-0.49595854
-0.7057915
-2.4149075
1.6320381
-0.0041814297
-4.099539
2.1208549
-3.977392
0.23810852
2.7114239
1.6851867
3.8992712
-0.22044376
-0.6027337
1.8842067
1.081848
0.8684035
-1.2008382
1.3557956
2.015648
0.0058468953
-0.60984445
1.8516527
3.1218631
-1.1146767
-3.1924002
1.1329681
1.4195011
2.0721073
0.91929376
-4.830454
-1.2637787
-1.3474535
-0.022189274
0.8935878
-1.802196
-2.0259871
1.6353308
3.3118992
-0.72150713
-4.254963
-1.8393738
-0.9529223
0.18773738
2.291087
-0.22284365
1.3059721
2.029444
2.0387979
-3.8927925
-0.54377145
0.6784118
-2.5759385
-0.27274305
2.4888225
0.94956255
0.04785867
-1.983598
1.6827382
-3.0564976
1.8732811
1.7779081
3.430074
-1.7338741
-1.211246
1.1574061
-2.5068457
-1.3297268
-0.6476302
-2.7283154
-2.071644
0.79548985
-2.7986073
5.0739584
-0.38188693
1.6122983
0.713358
0.3233167
-1.9504697
-0.84023756
0.96413505
0.26075494
0.70751715
-0.56847686
-0.81354016
-0.93764985
-2.7534602
0.4246406
-0.35322523
1.864332
1.0489439
0.46654308
-0.39726427
-0.58089083
-0.14312425
-1.084643
-0.9413155
2.4875126
1.6199814
1.859014
-0.44113493
1.1349008
1.6610188
-1.0144448
-0.92759407
1.2733403
-1.6717058
1.7164795
0.76296294
0.08477255
-2.4874513
2.6094584
-1.3456159
0.61444384
-2.3310204
1.3746039
0.60030466
-3.0847447
-0.041430015
-0.79695266
-2.2118235
2.2878768
1.5096958
0.6182297
-1.4483429
-2.2421556
-0.17096382
0.070098296
-3.279774
4.5043874
2.2472887
0.81745553
-0.68435055
-0.43262807
-3.094251
1.924053
-2.0563183
0.5912428
-0.9117662
-1.4521625
-1.6916151
-1.2943839
0.4257015
3.2615457
-1.0115244
-0.108307496
1.8202841
1.9760941
-0.5699328
1.3541989
1.4644132
-0.3503421
-3.0362184
0.3692201
-0.15090922
-1.1035982
-1.2680392
-2.619003
-0.8155193
-1.438529
-1.2383636
0.47064698
1.5665624
0.13243693
-0.2920899
1.9456067
0.0003271997
-4.006533
-0.90161496
-2.0524256
-1.5190711
-3.0230174
-3.1440296
-0.28688177
-0.5219444
-0.95839393
-0.8310964
-3.5015411
0.58278245
-1.6818463
1.7654471
2.746539
0.13721003
-1.5658681
-1.3382744
-0.5058457
1.3264006
-0.7245229
1.6549371
1.3035082
1.2990432
2.8793404
1.2010685
1.1947533
0.48059028
-0.9718786
-3.8226273
-1.3093201
-0.4760406
1.1426089
1.5156094
0.9385108
-0.87316155
-0.080245405
-1.5742638
3.7842002
0.49662566
3.3165355
0.47460315
-1.7487823
1.3380946
1.8859099
-1.8554795
-1.2760855
-3.4105597
-0.93625385
-4.5858793
3.0650437
-0.93808407
0.3195627
-1.2907592
2.313578
-0.22078446
1.024696
0.6281854
1.3912979
-3.078163
1.0186499
-1.8536227
-1.4401076
2.0985045
-1.365721
-2.0732303
1.4553463
-1.6847888
1.7221987
4.0592475
-2.5063117
0.17890024
-3.332359
3.9100146
-1.2420911
1.6853093
-0.59132916
-1.3574765
-0.4736393
-2.8007247
-0.30988577
0.61770284
-0.3671314
2.5534935
0.088716164
-0.09851577
-2.1476014
-1.0586709
1.1130363
-1.9712745
-2.1366246
-1.8985271
0.009138823
-0.20624468
1.3250896
2.6373508
0.70137316
-1.1487963
1.6780303
2.1653855
-1.2347172
0.40399057
-1.3725677
-0.6283116
0.17436154
1.3960882
-3.7453995
0.2815273
1.5331256
-1.3458848
-2.8438933
-1.4239503
0.46315292
-4.7596326
3.2331266
-1.2067252
3.2159739
1.3509563
-3.4786522
-0.31190416
-0.7673795
-2.2059026
-2.0801818
1.1180302
-0.7423718
0.7093843
-1.9737974
-1.4758952
-0.6044209
5.838201
0.65780705
-0.40827823
-1.6719772
1.05467
-1.3502537
2.8503497
0.4822865
1.469275
0.109511524
-1.6049289
2.3592477
2.6668537
-0.56844765
1.7650802
1.9593548
1.3429446
-0.58028454
-3.526607
0.50624293
-0.9889272
-2.8223622
2.1674302
2.3922555
-0.42964998
-2.6447606
1.2439606
0.28665465
-1.2672541
0.30987006
-2.9163158
0.34770662
-1.1592262
-0.0771443
0.5480896
0.52210504
0.021329917
1.6969701
-1.0950984
1.6404321
0.037936337
1.4651431
0.09160073
-0.22469756
0.17418829
-0.06937603
1.1158656
2.3952823
-2.9611905
-0.29666096
2.3200004
-2.9390504
0.79728967
-0.8291848
-4.7601643
-1.0358089
4.2703834
3.534258
1.2225276
-1.6551008
0.61551845
-0.6800291
-0.5114155
-0.19327706
-4.14259
2.8850586
-0.886475
-1.8656048
1.983651
0.7754253
-1.4814771
-0.07609492
1.9994444
-0.10981428
1.3753885
-0.035043627
1.2384285
2.8585644
-2.1644673
2.9833026
1.9173096
-4.4487095
-1.5820336
1.9105023
-0.20475999
-3.9270802
1.9272563
1.9193323
0.82393646
0.15279412
1.8729533
-2.1414251
-4.5452456
0.7979501
2.547941
-1.3900881
-0.13505358
0.36463502
0.6302885
1.6363485
-1.4551505
-0.16204336
-0.09377547
0.500464
-1.1816386
-5.538362
0.837498
-0.77204335
0.10011002
1.0099269
1.6956369
0.15332799
2.2502491
0.10789358
0.12357705
1.546754
-2.5822458
-2.2755136
-0.16441087
-2.992892
4.8188925
2.6286025
0.7335098
-0.8434363
-1.8633815
-0.5262324
-1.7480865
-1.9779847
-3.4709957
1.5310996
1.5022296
-0.9378681
1.980238
-1.0304687
-0.8800327
1.8472149
4.0076303
-0.11861091
1.4506936
0.71428114
-0.6661604
-1.7513278
-0.2712426
-0.9245825
-1.9582131
1.764653
-0.36535975
1.6717483
-0.8219758
-2.0991452
-2.077401
-1.6904901
-3.345383
2.0718226
2.5112545
-3.427393
-3.0488307
0.21302804
0.10049838
0.052591614
1.0212495
-0.46284872
-0.59378165
-3.58504
2.88909
-2.0182183
2.3275325
-0.039824456
-2.362391
-3.6291785
-0.5246155
1.9057034
-3.3852456
-0.6936892
-1.0426265
0.94995624
-2.1870642
0.13898925
0.31210956
-3.2309766
1.3661113
-0.3266322
-0.7613711
-0.8343183
0.18852651
0.80626965
-3.1874986
-1.5861475
-4.139832
2.0792947
1.954094
-1.2687856
2.312682
1.5131401
-1.2112857
0.9629922
0.024521954
-0.7376645
0.6169256
-1.969169
3.3844082
0.24113578
-2.232803
2.8002563
3.8980002
-1.5895689
-1.4569277
-0.32008472
-1.3253305
1.6185447
-1.6163577
0.11839074
0.13095349
-4.9154234
0.7345174
1.2266502
0.46068326
1.8888054
2.3555744
1.173812
-0.78441036
-0.580396
1.1577712
-2.3461232
3.0362039
2.7917175
-1.3591399
0.58109844
-0.7497929
-3.0756414
1.2607661
-1.2032305
-5.8240027
2.2627661
2.291853
0.00095683336
2.9085593
0.35847282
0.7553648
0.6723343
-3.2425547
0.46642894
-0.5334573
1.6196076
-1.339941
-2.9160192
0.033196464
-3.2560828
-3.7930977
-1.9207087
0.958744
-1.8541919
5.3269553
-0.36881277
-1.9280975
2.72714
-1.2166623
1.6063446
-0.31887472
2.110088
-1.6871483
-1.0439035
0.44656438
1.7581742
1.2181827
1.3845223
-2.0708528
-0.34707773
1.5659307
0.1692541
-0.926196
0.61521226
0.91022354
2.6087093
1.0815451
1.6925224
-2.4336035
-1.263763
2.5752864
-3.0807643
0.12532082
0.38342118
0.11337201
4.1814165
-0.67225456
-0.9618176
2.6518276
1.2619337
3.473256
2.2291584
-1.4047054
0.77867955
0.4501131
0.43031883
1.3137661
1.5989565
3.1751764
0.40882254
-0.10370045
0.06638846
-0.5387318
-0.6918533
-1.446868
1.1788343
0.27051523
-1.7393075
1.3078293
1.0891747
-2.4460838
1.6227999
-3.4779174
-3.0709422
-2.2704399
-2.5107858
-2.8212402
1.4616199
-1.8118209
-2.035144
-1.5833105
-0.087004654
-1.97056
-3.0815477
-0.07218756
3.007373
0.16598967
1.2456843
-2.0912385
-0.025950715
-1.5174032
1.1363524
-0.758558
1.1570265
0.18179484
-1.0030521
3.7447395
2.879582
-3.1716723
-1.2391322
-4.8510695
1.1858904
-3.8460994
3.4496157
1.337444
1.3115156
1.9730539
-0.4217826
3.2535818
-3.6144428
-0.83148634
-1.2956525
0.40397152
-2.5324092
0.1632505
2.7093897
2.2989023
-0.5016027
-0.3541011
-3.0125947
2.410202
-4.371683
-1.5226179
0.83062553
-0.21227667
3.404784
4.9132857
-1.5225601
0.50544304
0.91495484
-3.452155
0.15634266
0.83856463
1.8785172
1.6684791
1.7913917
0.09042442
1.8158275
-0.44926536
-0.16048299
-0.109878756
0.4590773
1.2251436
3.4196112
-0.7294457
0.051586136
1.9819077
-0.012633905
1.0087435
-1.0831764
-0.37736052
-0.46614152
-1.0807147
0.12783253
2.4663801
0.14953747
0.1594908
-1.7039362
2.3305376
0.6637923
2.5770495
0.22601405
-1.4265901
-1.7631195
-1.1387993
0.38938326
-2.3495085
-1.445106
0.2735174
0.14162432
-1.154761
0.579321
-0.22949293
0.08131869
-1.240296
-2.4187527
0.98467296
1.6319095
-2.3889515
1.2798965
-0.26593155
-3.0141175
0.24908897
-2.4312067
-0.2055883
0.9571226
-0.6974323
-0.6311036
-1.6048508
-1.7840863
1.3344823
-0.06064093
-0.28705135
-1.8258328
-2.7250931
0.7834567
-0.22578123
0.70528656
-0.41590607
2.5380275
-1.627911
-1.5620786
1.9196439
1.6495777
-1.1057014
-1.901221
-1.5950719
-2.9038944
-1.3122276
-1.0051451
-2.1550958
0.5499745
0.020323299
-0.7515315
2.780765
0.98843265
1.3071476
1.3637438
-3.4164882
0.038701564
0.7389946
1.42563
-0.44593662
5.0012307
-0.27114043
-0.15401375
1.5293264
2.284215
1.5090775
3.121398
-1.6230085
3.270806
-0.63377136
0.8352026
-1.0076964
1.3378859
0.6582214
4.380071
0.4469228
-1.1887379
3.2158792
0.9679079
3.526478
-0.34774053
-2.6631267
3.3577392
0.99033904
-1.5799521
1.2075
-0.277894
1.9948475
-3.3609428
1.3977491
-2.8793175
-0.5923642
-1.6294208
-1.5650419
0.3160943
2.155618
1.2820563
-0.6029326
-0.42387173
-0.9656016
1.631788
-0.083469704
-1.0238492
0.66654265
-1.768472
2.0507965
1.4309398
1.9611678
1.1707926
-2.0211377
-1.4989144
-0.39413255
-3.6019905
1.3023665
-3.3567402
1.1638503
-0.861398
-4.492003
-1.3817065
-0.0005260706
-1.3696687
0.4961925
-0.68599427
2.3728688
-1.1772201
0.5283846
0.8087985
2.90809
0.7441308
-0.56224924
-0.78716475
-1.8608879
5.0843024
1.0228212
-1.495624
1.5472629
1.6699055
0.48033854
-3.781596
-0.8951909
0.8201503
0.8318297
4.3820353
-1.6082069
-1.0135367
-1.3714731
2.1138165
1.4634836
-1.2377828
3.9809668
0.5349259
0.46523124
3.9834397
-4.0181174
1.2422733
2.3746889
-1.7346641
-0.39703068
0.60618806
-0.21873137
-1.5593423
0.75033784
-0.019231036
1.5199968
0.5990008
1.169199
0.7705878
-2.808529
-0.5619826
0.6279564
-1.5140976
1.6700649
-0.13099083
-1.2688928
2.4869468
-0.8155723
0.62479544
-0.5664727
0.31462222
-0.5547054
1.514632
-0.77197254
2.3123562
0.88682026
-0.57974315
0.05009006
-1.3369833
0.1309104
1.5337486
0.28985673
-2.8940165
0.025235198
2.0993068
2.2279315
4.2085958
2.3388171
1.2782961
-0.41788945
2.2526948
-0.39196658
-0.6019591
-0.69044983
-1.3689017
4.850616
-0.39087182
1.7192658
-0.41635904
-1.5534713
1.0604154
-0.647787
0.4193356
2.5713208
1.1973796
-1.7799273
-0.8496034
-1.9668325
1.4431746
-3.163379
4.7198167
0.5032723
-0.7081769
-1.8073413
-1.6605138
0.72609305
-0.16279644
1.4816376
-1.3363304
2.6368387
-0.04287184
-2.9667702
-2.9097738
1.8321037
2.2739568
-0.15427136
-0.17787421
0.31385326
0.8617092
-0.58222
-0.03167486
-3.9055
-1.6980809
2.384081
1.1239768
-0.5638032
1.8874861
0.5772335
0.8840597
0.547689
-1.630105
2.7892969
-0.23201528
-0.85604537
-1.4352337
0.79218316
0.57007253
0.9086121
1.203699
3.031259
-0.3090183
2.6563344
1.2571889
-3.2572942
-2.1826
-3.598992
0.5366192
-0.105303034
-3.966314
-1.5440571
-1.4539965
-0.50165653
1.5251018
-1.2489674
-1.086206
0.21760336
-0.70618397
-1.4032502
-0.8726963
-2.0152135
-2.1747494
3.6733692
-0.51661134
-1.2315255
2.4133525
-0.13688233
-0.5830904
-1.2817463
0.6117878
-1.7042532
-3.30644
1.3214871
2.8100874
0.80338234
1.1458331
-1.1780243
0.86619145
0.43714163
-1.1290549
1.2869697
2.1910496
-4.253825
1.2804682
4.007401
2.9190898
-3.1551197
-1.179827
0.7819186
3.0182185
2.668717
3.9509408
-4.120207
0.049169354
-0.7984428
0.27128214
1.6593556
3.6234481
-0.87568784
-1.4599983
-1.4999855
1.7185032
3.677447
-0.31146377
-0.12220453
0.7206973
-3.0857782
0.6412596
3.9787748
0.6466359
-3.5597286
0.8307841
-3.263212
0.9763722
-3.6429117
-2.0569975
0.21090415
3.1188767
0.5283872
-2.2513247
0.12920606
-0.0208515
2.9581833
1.3642709
1.6287148
-0.21631975
0.10397733
0.54882103
2.9671803
0.878149
-1.0053678
5.288675
-0.5007632
0.32125652
-1.1118983
0.55128163
-0.5674089
-3.5925844
1.3878939
0.6207213
0.16609609
1.1464521
-1.2007167
1.1059097
0.14165759
1.8652321
-0.09926261
0.04787706
-1.6051306
-0.091866635
-3.5463965
-0.9180898
0.75768054
1.3383005
1.9048191
0.5023149
3.5393438
1.0661132
-1.0774379
-2.7149518
-2.3454952
-3.6331794
0.18126094
0.32636982
-1.9815623
-0.5951314
-0.34512743
-0.511147
-1.5060707
-1.1751963
-2.14464
-0.31252044
-0.84342873
0.91321397
-3.6479552
0.16841882
0.5089816
3.438678
2.3269124
-0.42487022
-0.026509032
0.87756836
0.57059664
-0.75799143
1.2690231
3.4319506
1.5097604
-0.12364341
-0.5270177
2.0191085
-3.0444574
1.6819056
-3.7742252
0.24442822
1.8334111
-2.1761324
1.6510437
-1.8863546
-0.09474714
0.18642384
3.3915944
1.1608962
-0.32729673
1.9263992
-0.057402268
-1.8560312
-2.0924213
1.1165527
2.5032408
0.31920174
-0.16556731
1.6928502
1.4703223
-3.485652
-2.5669544
-0.67702335
-1.1783022
0.012660578
1.8687738
1.0357398
1.398526
-0.45183983
0.8102397
0.84787893
-3.3214166
-1.0779347
-3.3910308
1.3014301
-4.4198112
-1.8678348
-2.4751267
-3.0707471
0.5183996
-2.8905613
0.34714007
-0.7429121
-1.3717822
-1.5525377
0.27325228
3.2059305
-0.2738489
-0.6322886
1.8389475
5.509933
2.844759
0.7841857
1.0832404
1.2343607
1.0995182
-1.1516645
-0.3478515
-1.5392811
2.9032693
-1.5008494
2.6103656
0.8759584
0.65334016
-1.1947488
-0.60409755
2.1701834
0.16430467
2.5987933
-1.4923139
-0.5558456
-3.6839821
0.78099394
2.4132023
-0.5790611
2.564538
0.5375308
-0.7426508
-2.2261405
0.03625904
-0.7226134
-2.824332
-0.048159517
0.39332765
-0.48448506
3.0623677
-0.008153215
2.5697885
4.389945
1.8647664
-3.539398
4.621187
-0.3951164
1.1457797
-0.31780794
-1.7948581
-0.65371937
1.7316599
0.15207002
-0.7879306
4.6552353
1.6010587
1.5922606
3.752748
0.95309114
-1.2112948
3.6631641
2.2880542
3.0669758
-0.36572108
-0.20468661
-2.697344
-0.38708165
-4.127503
-1.9249216
-0.2155272
0.41869205
-0.35015568
-1.4917538
-0.7269721
-0.7082842
-3.0441103
2.656912
-1.8955573
1.6273712
1.405994
2.438644
-0.5801356
-1.6845725
-0.471658
4.2699113
2.7395513
-0.5752101
-1.9810619
0.36283603
0.50380504
-0.6472102
-0.64600354
0.9226511
-1.999335
-0.36632523
-0.6477795
-0.69892174
-0.09753113
-1.5229714
0.12551734
-0.6957626
-2.0359874
0.40430945
-2.2496223
-1.4407558
-1.1018503
-1.9714584
4.868356
-0.34522927
0.27750093
-1.4884149
2.6909208
-2.2615035
-0.36799073
0.9299523
-2.3308313
-3.5538547
0.20812789
1.043817
-0.547702
-1.055691
1.0308409
-2.1756387
1.6331414
0.5303303
-0.8107927
0.6199607
-4.987363
-2.297306
0.54989284
0.061146714
-1.9252125
1.0083275
0.37057835
-2.5081983
1.5404296
0.09641363
1.4048042
-0.9264821
-0.7031575
-1.0652976
0.8263852
2.4508188
-3.551971
-0.30939814
-1.2656225
-0.21547261
-1.8550076
0.88367885
-0.9013998
-1.027634
0.76787615
-2.6461174
1.1171817
1.2989795
0.52187294
1.0318373
-0.4378236
-1.0829242
1.7018676
-0.7351816
1.4080724
3.2581792
3.33055
-1.4089714
0.88195497
1.2425406
1.808248
-0.40915102
-0.833605
1.6659422
-4.4634132
0.9919234
-0.113535866
5.313771
3.7589688
0.07189682
-2.5318823
2.5796206
4.6237473
-1.2958505
0.19761068
1.0476333
-0.22820193
-0.29765573
-1.3973188
-1.8472805
0.1634689
5.0289836
-2.9309862
-0.24163817
1.9061278
2.611555
-0.06343499
2.1384397
0.5506889
-2.5661082
2.4402432
-1.5132964
-2.5166588
0.89807093
-2.257469
-1.8271226
1.121917
1.2468445
0.20373772
-4.0900135
-2.6718454
1.6457386
-1.4674352
1.0523734
0.8411635
2.5596597
-0.111844085
0.33506715
-1.0553252
0.67016226
0.44659832
1.2013386
-2.5685978
-1.1750714
1.738376
0.602909
-0.1516681
-1.2691102
-1.4754705
5.3816085
-1.0114474
-3.2735093
-0.4770338
0.48494297
0.086857945
0.3902556
1.8776625
-0.4069059
-2.2234638
0.5359017
-0.68598455
2.4455273
-1.1712091
-3.5572605
0.3498583
4.1792173
-0.6301919
-4.6622667
0.51108277
-2.6085224
-2.0634286
-0.23120266
0.83524245
1.6269908
2.429575
0.75849956
0.06321801
-1.0921662
-1.8165195
2.1020827
2.0883853
2.307661
3.7039418
0.6119139
2.6670177
-4.5950575
1.5152503
-2.6515095
0.8294511
1.3240573
-2.202174
-0.43530208
1.2960386
-0.054791383
0.3706558
0.7176575
-1.4817226
0.48626965
1.1972204
-0.037691582
-1.9623313
-1.6909262
4.3899984
-3.8558617
-2.536142
2.596724
-0.4582066
-0.5814733
0.68688434
-1.3252732
1.0061855
-0.7427556
-3.455361
0.11640386
0.25112528
-0.47861525
0.44552916
0.45127392
2.9682574
-3.572904
-1.4185013
-2.0520175
-0.40301296
-0.49963254
1.8002374
-6.109934
-0.8195855
0.7166649
2.736403
2.28141
2.2335691
-2.8897905
0.47328812
-0.32836992
-3.117003
-0.3437056
0.92837507
-0.2769523
-1.049056
-4.1495147
0.99060875
-2.0361712
0.37578982
0.094754554
0.84888136
0.5694854
1.5200918
-2.6291513
-2.253181
-2.817362
-2.6427627
3.5068884
4.3274403
-2.1661627
-2.1528382
0.29191968
0.64995176
-2.687787
-2.3396404
-1.3834707
-0.5211213
-2.859543
-3.545787
-1.7775503
0.34591636
-0.89318234
1.2044687
-1.4675119
-0.07117117
3.0801482
-0.41575658
0.8183656
0.47169033
-1.2026078
0.8976828
0.45637956
0.11102756
0.5914826
-0.12510625
-2.183584
-0.85556936
3.1550665
-0.7332824
-2.1109962
1.8993448
1.0229903
0.4405996
1.479685
-0.38648906
2.0951028
-2.137624
-0.68586004
-2.092998
-3.659125
0.37004134
-0.54332995
1.7707709
-4.160719
1.1854978
-2.0423179
-1.874846
1.079067
-2.0435567
-1.3767546
0.7064185
0.7386373
-1.6319422
-0.42023963
-2.1411147
0.19249657
0.5543011
0.7556179
2.8769608
-2.9295874
-1.700822
-2.9992042
0.03961734
2.7856212
-1.8187053
0.5177723
-0.29717952
-0.15755683
1.6772075
1.6961548
2.6974666
2.1980078
0.2885659
0.6557277
-0.83503747
-1.6913196
3.6887033
-1.3973132
-3.786607
1.9571979
2.1649191
3.4593124
0.8576254
-3.4931304
-1.8457063
2.22269
-0.083804585
0.8963443
-0.56375736
1.7593944
-0.50654274
-0.0064840764
-1.3885922
1.8493434
0.8445876
-1.2175014
3.5630329
-1.1170132
-2.2753592
0.9613201
0.5136939
0.83707404
1.0349332
-3.4451435
1.7690225
-1.0213951
1.3972936
-2.866404
-0.6666207
1.5434225
2.3408518
-0.5439527
-1.9632511
3.7910247
-0.3386831
0.19125158
2.6658428
0.4239436
0.5314814
-1.4810296
-1.491523
0.89034027
1.3889534
1.9488949
-1.8849872
2.4638638
-1.3354068
-0.08215598
1.324674
-1.7025478
1.3232765
0.8714921
-0.9371078
-2.8042958
2.014927
-1.8204969
0.9806151
1.2911679
-5.541582
0.61972606
-0.040307835
-2.7427301
6.190586
-1.9425094
-1.284125
-2.6244926
-0.20945242
-5.521607
-0.51158655
-0.10348195
0.15590858
-0.514153
-1.4552258
0.25589603
-1.8445568
-0.42114803
1.9816015
-0.86123055
0.71182036
2.3638275
0.17030245
-1.1728026
0.58866876
-2.4615765
-0.96431
0.28377092
1.6603886
2.4739046
1.7611322
-3.564726
-1.5458341
-3.836126
-1.0983387
1.0002114
3.3331792
-0.60938466
0.93090457
-3.4064102
1.027846
-0.97924143
-0.13113907
1.0306569
0.99530464
-0.8057374
-2.1437173
-3.2295122
-2.1826298
-1.3376949
-0.24673754
-0.075233184
-1.9250177
-2.9903278
0.3560825
1.1937289
-1.0787851
1.7629548
1.4492767
-1.1438067
1.0338366
-0.1194007
-3.3107052
2.346256
0.15267806
-0.061491333
-2.155796
0.96837866
-1.6989372
-0.5725209
-0.6806584
2.1796756
-1.3041754
-0.82334936
-1.8370777
-2.4319298
-1.1063106
1.6723584
-2.330521
0.9353391
-0.094791286
1.2390844
-3.043332
-0.7885621
-2.0992718
-0.64262927
-1.3660046
-0.2037737
-4.071224
-0.62922496
-0.007549368
3.6721478
1.7788169
-2.9459403
0.90509397
-1.4153476
0.8080803
-0.99505186
1.3381921
-0.4423685
5.369052
-0.9707313
-2.621093
-0.5911356
-0.6989828
0.71996963
-2.474277
2.8256893
0.92835397
-0.8763508
-0.8741903
-2.1756036
-0.6255116
0.7566828
2.665632
0.5986598
-0.16015804
-0.7219996
0.8833691
-3.9669952
0.9840688
-0.41549665
2.1399598
0.21877101
-4.102851
-1.5112181
0.13333005
-1.2449368
3.011355
1.3782843
1.4800081
1.4245275
-0.34332633
-0.07801745
2.5667386
0.45883667
2.214378
-1.82949
3.0304773
-1.4710624
-2.2218215
1.5852367
-2.664092
3.3302374
0.9113205
0.5338094
-0.24796179
0.07265427
2.724075
3.0131147
-3.099058
0.14673936
0.34040862
-1.4374038
-2.3146932
-0.033109173
0.10898054
2.6100836
-1.9439788
2.3125124
-0.67709917
1.1651175
0.009832047
2.4123502
-4.3017087
-1.7538811
-2.6566536
-1.1945555
3.9457874
-1.9778107
-1.0164989
-0.7135523
0.55787736
0.99453104
-0.47000757
0.77254134
0.4217801
0.31816182
-0.4105079
-1.5294946
1.3010639
-1.1393453
0.05539258
-0.92584443
1.469021
-1.0010403
-0.34399483
-1.0329573
-1.481741
-1.2898655
0.13429654
-0.15237549
1.9563423
-1.1100816
3.3625064
-1.4634247
0.77677727
1.670172
0.068059206
-0.3980827
3.6218987
-0.2737891
1.1101346
0.5323538
1.4809994
0.13427638
-2.4843085
-1.0416329
1.008162
1.1779066
-0.6095855
1.8213487
-1.2562299
-0.884929
-3.627684
-0.6197007
0.7220109
-3.9360025
0.11325304
1.3186448
0.4025061
0.969445
-0.6217322
0.011672288
3.946823
-0.61975
-2.7388086
0.78103995
-1.7618636
2.5301485
2.1868927
0.12323866
3.6136804
-1.114155
-0.55424047
-0.15998554
0.59965885
1.9068633
-1.0315596
0.90314794
-1.0038007
-2.7580533
-0.34146035
0.4298633
-1.564878
-0.5204085
-1.3157185
-1.4228289
-1.2959423
-2.260358
0.20618488
2.9193742
-2.4483335
6.8915496
0.17935616
-2.4490535
1.9381132
2.3380988
-1.0658275
-2.8153985
-0.18961485
-1.7711321
2.2995293
-1.5056326
1.9251844
-1.6144875
1.053028
-2.437369
-1.2737272
-1.492185
0.96113354
-0.45344144
-1.9209676
-0.21783215
1.9138194
1.3660225
0.3817535
-2.1931396
0.7982948
2.1941154
0.8859974
3.8340352
2.397741
0.41754228
-0.96252936
2.8611307
-1.4943275
-1.9576606
-1.5243647
-1.0960574
0.52962357
0.8785592
-3.3764663
-0.30481452
1.4810097
-2.0204713
-1.9969358
-1.047825
-3.7700367
0.19383597
1.4346566
-1.0617831
-0.36399153
-0.24102849
-0.11300861
0.32691628
2.9474924
1.2530419
0.15687706
-2.0789495
0.9231244
0.5559152
2.2728093
-2.0830755
-1.3077666
-1.145404
6.1691217
5.2812624
0.29552376
-1.3970336
1.8667883
0.5399398
-1.1593806
-0.38656926
-0.2923531
0.748973
1.0022651
-0.6636824
0.17903018
1.1242621
-4.8026023
-1.2992578
2.2690806
3.5479248
-2.1318314
-0.7032947
3.002459
0.96155363
-4.7529325
-0.61789185
1.2353332
-1.6120933
2.1932766
-2.2389586
3.124833
-1.5342631
-0.23625247
-2.402342
1.5848024
4.177693
-1.1078734
-0.029083997
-3.6788392
-2.1851654
-3.0563698
0.32631415
0.050735444
-1.4625626
4.7233586
1.8906734
2.091734
1.1811967
1.9179703
1.2084794
2.3359687
1.245105
1.6770735
-0.19933787
-0.27862394
3.001297
-1.2629722
-1.7185746
0.75470895
0.14422752
1.3805226
-1.9634999
-0.23823828
-2.0507288
1.8688232
4.7656794
-1.2575347
-1.7265247
1.3052669
2.6278543
0.92201537
-0.5538898
-1.5923414
-0.21757856
2.834919
-1.9350106
2.274629
-2.2455235
-0.5240299
0.30278257
1.7147135
0.15477175
2.9906025
2.8623967
1.7614706
0.4741743
-3.1285658
1.3178766
0.5191444
1.2781743
-0.9610176
-1.0778273
-0.5380448
-3.188209
2.6971862
2.1380963
-0.08240504
-1.5018353
-0.33002788
-0.548745
1.221826
2.508592
0.023719206
-1.022309
1.5289664
0.7294974
1.1612144
0.48598874
-1.0354954
2.9506419
2.1762636
0.42579943
2.0179138
-0.4293867
-1.7566628
-0.33410662
1.2288622
6.2764783
0.17998227
-0.042225346
-0.5643493
1.5680946
2.5170078
-1.2593514
2.1844947
-3.4267628
-0.79851055
0.8020072
-1.1009222
-1.157142
-2.8920102
4.3836803
0.033063192
-2.5068731
1.2580718
0.49252525
3.3096652
-2.1029553
1.1836377
0.24723922
-0.8462889
1.3711815
2.653818
-0.56385905
-1.3297926
-0.7261585
-0.15702575
1.8204141
0.31938374
-1.0503386
0.6798302
3.7814116
2.0101018
0.62691367
2.0693622
0.10427361
0.46452737
-0.48266554
3.8520293
0.3430571
-4.6919346
-2.8201997
1.9829855
-1.171491
1.0000651
-2.684737
-0.33291528
-1.4430139
1.2662053
0.7710996
-4.210483
-0.3846369
-1.0131137
-0.9322973
-0.764339
-1.9625446
-1.4591918
-0.17980707
-1.0817509
0.7540251
-0.4818227
0.85601044
1.6998754
2.2327797
-1.6743892
-0.89776677
-3.8024642
-1.9252515
-0.7062958
1.4006822
3.4989605
0.6373122
-0.2572425
2.389875
1.0210806
1.4248918
0.76909983
2.9339743
0.9709113
1.3880099
-3.065784
2.3522904
2.143141
-3.8339593
-1.534984
-0.002509907
-0.9081191
2.0792644
-1.2566772
-2.1936424
2.147007
2.5398495
0.23278207
-0.11592124
-3.494843
1.5391457
-1.2425094
-1.8755981
0.83126974
1.4167085
0.9005672
-3.9519534
0.11788759
1.8038944
-1.6879227
-3.9315867
2.1203444
0.40363187
-1.6354928
-0.6227469
-0.18518408
-1.830024
-5.033731
0.15907481
1.393635
0.8397154
1.1446079
-1.210452
-2.1905804
-0.25763583
0.56568474
0.325393
-2.235762
0.021739602
-5.0472374
-0.19378105
-1.6801738
-2.957881
-1.4129896
2.2302692
-0.47156736
-1.3712858
0.121946864
-0.6606733
0.24218747
1.970966
-1.9361676
-0.72361577
4.2862134
0.5895555
-1.6350573
1.1498497
1.2617615
0.19482249
-0.4369563
0.12428229
-1.7393475
-3.1760364
0.0003177002
3.2112339
0.19142199
0.6522794
-1.5373895
-2.5943258
1.6191751
-0.8757787
-1.1217864
4.0899196
0.13954093
-1.116032
0.5923677
-3.2182755
-0.6493117
1.0009911
4.1134014
3.456232
-0.09483574
-0.14670576
-5.5953393
-0.85322374
-1.5813676
1.793874
0.9296612
0.70543
-1.2696435
-1.2094758
-1.765772
-2.2379746
1.1136119
-0.30510128
1.8980532
0.6679491
1.4317118
0.5533393
1.6268317
-1.5010097
3.7732334
1.443904
-0.11437791
1.7735814
-1.2915075
2.8983326
-1.2598445
2.1039445
-1.1528925
-0.7717969
-0.6546534
1.1272532
1.5223042
3.0196998
-0.682082
-2.8625126
2.8978887
-0.12750968
1.1326512
2.555424
2.765929
0.41617852
-0.7577921
-2.4990315
-0.022584878
-1.8729271
0.010642014
0.04671388
2.5763564
2.600993
-0.4320091
3.9808648
-0.40702003
-3.2779229
0.8991371
-0.86869586
1.2787408
-0.2230625
0.7695223
-0.9668028
-2.3195772
-2.656017
-1.336199
-1.4609866
1.4097816
-2.281516
0.8485014
0.79136086
1.4332688
-0.035538554
-2.9005075
-0.4988494
0.8236759
-2.4758294
-1.2702552
1.3213432
-0.877301
1.9179356
-2.8666646
-1.4577036
-3.9537516
-0.505004
3.1467319
1.3250929
-0.76224273
-0.6182501
2.6765597
-0.8768331
-2.7267191
3.1441796
-0.39460757
-0.98068804
-0.6559674
2.9465363
2.0239494
0.983351
-0.4467852
0.010165121
-4.47166
0.9914411
-2.1826298
-0.43038848
-0.16664365
-0.9084434
1.5767854
-2.0680501
1.6241611
-3.884613
0.89147955
3.4209538
0.6012543
-3.275531
-0.11809505
0.41729814
2.4806733
-2.0544994
0.30072254
-1.7122203
-2.877232
-0.8835553
-1.1667178
-0.40549073
1.123071
-0.786175
1.4126791
-1.3931925
1.7381666
5.2397666
1.5435424
0.6393821
4.23002
-1.8939667
-2.0473359
3.0685055
0.730914
-0.017020542
1.6828226
-0.26351735
-0.7480392
2.4751668
0.7464624
1.5898496
1.2344216
0.9673354
-2.6933453
-0.40060303
-3.188889
-0.053389825
-0.87369317
1.8929595
0.14849621
-0.2649923
1.1989919
1.7398902
-0.87404186
-2.3231983
-1.3906214
-2.0343642
1.1111343
0.80656904
1.6261245
1.5544444
1.9222664
-4.6076007
4.5310416
1.4199326
-0.7612167
0.8879877
0.8466473
0.16246867
0.3560937
-1.8514339
-0.22744589
1.1928544
-0.76900685
-3.895454
-2.4895754
0.44607103
-3.0945537
0.13229088
5.116158
4.743594
0.9306435
-2.1160803
-0.9628499
3.0695086
0.92558444
0.5687922
-1.1913439
-2.007107
-0.66443276
2.3180873
-1.137569
-0.3102449
-0.5860562
0.25303406
1.8015568
0.092456326
2.854802
0.253903
-0.96725994
1.7223309
0.29049057
-0.8483662
-1.6744746
1.5331708
0.17112395
0.8414982
-1.6665438
1.3325926
1.431535
-0.9403089
-2.88054
-0.12933126
-0.49113923
0.4195705
-1.9479243
-0.37984142
2.112019
-0.42546368
0.3078458
1.9604558
0.22069585
-2.7189667
-2.2351966
0.92376256
-3.8653479
-1.1523838
-1.8130574
0.84181476
-0.8667235
1.3295933
-4.6027966
-2.0454173
3.7862387
-0.3591086
-2.1755896
2.1336815
0.17508425
-1.2859027
-0.55629027
0.3043943
-0.7199069
-2.164528
-1.4046263
2.3050592
0.9648924
0.29424822
-1.7411387
3.5535605
0.5938336
3.179023
-0.6493312
-1.3869443
1.8735179
1.5197122
1.2877989
2.0637476
2.527061
2.5407715
3.2426925
0.8149649
3.0746987
-0.8127792
0.96102613
0.759779
1.598345
-0.71156055
1.2659192
-0.8696389
0.3558487
0.75088406
0.16184044
-1.7879823
-1.9166125
-1.6612986
-1.2815604
1.3954221
-1.8875918
1.1785828
0.27687854
1.2400295
-0.43160123
1.4147562
-1.1154294
4.6540008
-3.0896807
-0.12692997
-0.42576957
-2.1318207
0.62664366
0.83664155
3.2242174
-1.0010853
3.490844
-2.6543496
-0.66506326
-0.56873745
-0.009149089
-2.147808
1.2060848
1.2291133
2.8001585
-1.0382415
-1.4704077
0.0022129081
-1.865434
0.9832445
0.720144
1.9222757
-0.5458485
0.27673098
-1.6184382
-0.062343
1.9212518
0.36679712
-1.0907768
2.7635334
-1.3155363
2.496125
-1.0558275
-0.07369831
-1.4475046
0.7468655
1.406178
0.30593872
0.12981504
1.3385088
0.81295145
3.730382
1.8661015
0.53738594
0.2270789
0.914555
-2.2009616
2.2133722
-0.21075672
0.8492653
-0.5073549
-5.607888
1.481766
-2.3649566
2.5635476
4.492407
3.8866107
-0.64344895
-0.55304873
-0.062480085
1.4087695
4.64051
-1.9946607
0.09574519
0.09093053
0.1257455
-1.8958505
2.8769383
-1.7473214
-0.8785103
2.8966079
2.3979454
1.2961295
-0.65820444
-3.2894654
2.732363
-2.303168
0.540796
3.390026
-3.2428772
0.73315614
-0.43085283
-0.09196435
-2.2580898
-2.7123938
2.1292593
-3.0954704
-5.044116
2.611074
-4.496974
0.26326728
0.56548333
-3.0479445
3.7509222
-1.7840471
1.1280913
3.475334
-0.163802
1.570509
-0.29471382
0.062224083
-2.9369254
-2.6526296
-4.636555
4.2474484
-0.5232742
2.1174004
0.92811364
2.6982722
2.5779665
1.9391676
-1.8202028
2.8687518
-0.2933907
-1.1969684
0.009389132
-0.9823038
0.17252651
1.8823802
-0.22370511
-1.5994414
-0.28421453
1.088224
0.33290622
-1.6390896
2.5666425
0.08118299
0.97316796
1.9341114
-1.976642
0.11752456
-1.8296736
0.78357553
3.9854054
1.4545916
0.90942466
1.3530093
-1.8827423
-0.77202994
1.5657983
-2.9843147
-1.4431355
-1.9336814
2.071169
-0.30927783
-5.9268
-3.4387133
0.7318009
0.385163
2.103434
-2.036624
2.446937
0.9444938
-1.0018244
-1.1164547
-0.4736527
1.1441729
0.76946026
3.4180543
-0.18904108
6.974786
-3.50936
-0.13871224
-1.0464444
-2.470788
0.6310681
2.4477208
1.585847
-2.9123454
0.32943624
1.8386303
-0.9344353
0.01941482
-3.5865993
0.08976184
1.5336801
-1.580102
0.0871717
0.28570494
-0.7140486
3.6109426
0.9632819
0.70920485
-0.27268875
2.787354
-0.17596237
-0.4740456
2.3738315
0.29471552
-1.9577447
0.7059911
-1.0840925
-2.4556088
2.6737914
0.3347475
-4.9232802
2.0031927
-1.2126245
-3.220076
-4.169168
-0.28338397
0.94404393
-1.7534757
4.208677
-0.02765172
-0.7465001
2.5140576
0.9990195
2.8520937
2.8094
-0.4821396
-1.4572126
-2.0382807
-2.2913191
0.014257856
-0.8829227
-0.6884765
-0.054579154
-0.7611946
0.3826424
1.9447064
1.1737256
2.2230945
1.36741
2.0210063
-1.8742537
-0.5061818
1.5629481
-0.37591678
-2.6401925
3.4444041
0.6116046
4.3596463
3.6211045
3.1087608
-0.88951164
-0.86065423
-0.93446606
1.1557087
-0.18419692
-2.3304918
0.8662219
-1.1240907
3.9821603
-0.24077222
-0.97389984
0.3227078
-1.9352297
0.4294615
1.5466032
0.50002
-1.4728148
0.91083163
-0.011044458
2.1442351
-4.5565343
-3.0940804
-3.6338727
-1.0920295
-1.0215751
0.088822
3.6415365
-1.6292809
0.07102243
1.4093592
-2.8491235
1.6127062
0.14573205
-1.4965367
2.9449778
0.49583554
-1.6222183
0.2557308
1.3487834
-1.5064915
2.2037039
-0.28299212
0.22027516
1.984116
-0.83565384
-1.6225729
1.7764354
3.9909706
2.1702776
-3.2726305
-0.57984406
-2.2477407
2.334409
-4.1691885
-1.9315689
-2.1270797
1.0918638
-0.15085676
-0.057806835
-0.3218716
-3.0111773
-1.8981551
4.357846
-2.1901865
2.3002932
0.86083925
-0.05597558
1.6113156
0.14059792
-1.8927352
2.311704
-2.332208
2.4234037
0.4744481
-2.3422875
1.7515419
4.8274636
-1.7020842
0.9377161
0.5898723
0.11332949
2.2071452
-0.5491679
-0.4981308
0.1193835
-0.14509091
-1.0748328
-1.32676
-3.010728
-2.2668667
3.0353074
2.7914228
-3.6811495
0.035360336
-0.02700352
-2.3169863
-2.466685
0.69727117
-1.7900761
-3.1634676
1.7034374
-0.91049916
-2.488148
-1.0999469
4.0364847
-0.5488252
-1.9502722
-0.4218753
0.65869975
-0.8162799
0.46904948
1.4007109
1.806093
-2.2618449
0.5614299
-1.590585
1.0222328
1.6873318
-1.0529844
0.7066932
1.6908939
0.38749874
-2.2383106
1.0326813
0.6864741
1.4565673
-1.2013454
1.6418718
1.0390311
-0.038344383
-1.9315243
-5.8743176
-1.8651508
0.35299695
-0.6587865
1.3560818
2.3572178
0.6485746
0.23750246
-3.67024
-0.32213277
-1.1440399
1.9233859
-0.18471205
-1.7957312
1.3206325
-0.8055653
0.695548
-1.9393133
-2.0106103
-0.45784667
-1.9709191
0.631006
1.8556241
0.2995788
0.49260625
-0.07243695
1.1713694
0.27926156
-0.32430756
0.8621224
0.20164227
-1.4271657
-0.42493826
-0.21853973
0.38985264
-3.3497186
-0.15093419
1.9223225
-0.79701924
-0.4050404
-4.4842253
-1.6488831
1.0282685
2.5119567
-0.08058422
-2.874708
-0.54833287
0.70099545
-1.1358635
-1.9774631
1.2692204
0.5623332
0.79021543
-0.6290389
-0.49935934
2.6622367
-1.137264
-0.6452046
-0.23155144
-3.2298791
0.31933728
0.5169235
-2.5107284
-3.6874185
-2.0567234
0.8014549
-0.15659624
-0.48983967
-2.964348
2.1648927
-2.6432602
-2.351272
0.9792595
-3.1128013
-1.8086371
-0.47704726
2.2143672
-1.9676166
-0.63938344
0.36870584
-0.36537224
1.0824113
1.4480304
1.3640728
-2.1508923
-0.6132057
-4.1882296
0.6414054
-0.46516833
-0.0062649995
-2.6679406
1.570574
1.0085874
2.2211826
-4.318447
0.86795074
-2.1080732
-1.2435026
1.9667561
3.0306578
0.278723
0.8039086
-2.3511157
0.560743
-0.40720135
-1.7898198
-1.628521
1.2917979
0.38817573
-2.406826
0.7159181
-1.2143319
2.3834994
1.5211099
-3.807426
1.1278238
0.741805
-1.1764737
0.72095793
2.80054
1.2275249
-2.5537095
-0.88371253
0.36040348
2.1737802
-1.3018969
2.7704382
-1.2810674
-1.0742393
-3.6614347
2.3351939
1.0300459
-4.1939015
-0.82522947
-0.8583229
0.16989923
-1.5931827
1.1670126
-3.9336486
0.98561245
-1.621063
-0.83796245
2.9025555
3.579576
1.1897749
0.046237953
1.57895
6.8198547
-2.1656895
-2.4670916
-0.58796656
3.9547064
1.469475
-0.7786828
1.0279309
6.177663
-2.0337644
0.75698924
-0.5950299
-0.7994805
1.6157002
-1.1645821
-0.5767398
-0.76196885
-1.2367407
-2.5176048
4.218966
3.245548
-3.2125516
1.9294628
-1.8409922
-2.409355
2.805872
-0.69284594
-1.0395607
2.491932
-0.4381432
3.1976082
2.1570094
2.3649096
0.15888682
0.77270037
0.477964
2.6504364
0.13272583
-2.2750406
-0.017963566
-1.5156244
1.3316656
3.8912055
-1.6044699
-1.0877936
-1.162378
-1.0392728
-0.7053749
-1.6073722
1.6111766
0.34355158
0.8878479
-1.0399951
-0.88426965
-1.3293453
-0.49460167
-0.14544097
-2.1422276
1.5174323
0.9725828
2.297452
-2.7897527
-0.005215578
-0.36010614
2.1140666
0.62303054
-3.551529
2.6332605
3.6205397
0.20539281
0.11485794
-4.4027843
-0.48087308
-1.9639665
3.5488667
2.2889047
0.46608624
1.7899028
2.6100657
1.8652917
0.6338695
1.007336
2.113937
-1.5652213
-1.7414491
0.20708928
6.0278425
-1.2047414
-1.311678
-2.679627
-1.0724434
0.6321643
-1.3198588
-1.3875711
-3.1547813
-0.64700043
-2.9470372
-1.6329836
-1.7989913
1.722884
-1.7671734
-2.25069
-5.5531406
2.619259
2.2271504
-0.117567115
1.5209583
0.63330483
2.5025718
-0.045102015
1.7019097
0.55227524
0.22467464
1.0843656
-0.8763647
4.133173
-0.28755853
1.9844216
-0.08549828
1.8333673
-0.41049123
-2.4705646
-0.44462997
-0.8568868
-0.12511824
-0.15558968
-0.13792491
-0.84486496
-3.2837746
0.40188226
0.22265881
1.6432326
2.1765718
-2.0371466
-0.8339075
1.5413781
-0.4427736
0.9373543
1.6280875
-0.35090166
0.44824398
3.2742753
3.906756
-1.1808918
-0.95147806
3.029709
1.3838719
2.8426552
-1.0802027
-1.0382508
1.8072277
2.8524203
-1.2104372
-1.3164371
3.3785605
1.3577483
-1.6888976
-3.9069624
-1.4343617
-0.56740785
-3.067585
-1.4174795
-1.1265709
-2.3455644
-1.5385144
-0.8984165
-2.0480952
2.6062772
0.35381857
-0.4175316
3.470893
2.407409
-0.9756895
-0.9162484
0.85449564
-1.4815627
-1.6035291
-0.5464885
-1.3721509
0.07452555
2.7306361
0.6018973
-1.2812271
-0.8013874
0.18850097
-3.0844533
-0.54164267
1.5899105
2.97146
-1.4699895
0.685923
-0.98301643
-1.2022142
0.18335196
-2.2723274
0.3871849
-2.987892
-0.39529276
-1.5855657
1.1830825
2.6276305
-3.4399102
-1.4529546
-3.09601
0.8911552
-1.2767702
4.1701217
-3.785077
-2.617896
2.0490382
-1.661447
-1.6373959
-2.5610688
-3.4592764
-1.1318184
0.25938335
1.8152752
-0.8530812
-2.1374645
-1.7603245
-0.89523226
1.8159847
1.5790215
-1.6101974
2.9754999
-2.377038
1.4551282
-1.2621444
0.873587
-1.2020077
-1.4194779
-1.2860503
-5.7976975
-0.38962823
-0.03242892
1.2585661
-1.116093
1.0689427
-2.7448778
-1.5765123
-2.3763819
0.8349971
1.0832992
0.9105495
0.52302283
1.199885
-1.9727917
1.42281
0.14887476
1.4151506
1.3800426
0.4689671
0.07396178
2.2628222
-0.42794642
-1.8837436
-0.5589414
-1.887952
1.8613775
-1.4554174
2.7425644
-1.1096714
1.3897723
1.3169538
-2.5758302
1.3705784
0.7578249
0.3845706
1.3725121
0.6810521
2.6975348
2.13457
1.269522
1.7554787
-0.564401
-4.0414433
1.2733309
1.507165
0.1889579
-0.45293579
-1.5909622
0.5143152
1.2518654
-0.39472985
0.8995354
1.3021114
4.480794
-1.9057208
2.324033
1.8339913
-3.5519137
-3.2526011
1.8949484
1.9879661
-2.1226678
-0.4630686
-0.31770852
-1.3301721
-0.22105397
0.4215296
-0.1902423
-0.20025441
-1.1410776
-0.01469402
-5.5426173
1.7670026
1.4974767
-2.4802716
0.18855774
0.43792212
4.3743334
0.58648044
-3.7320194
-4.41374
-1.8085221
-2.2831519
-5.354487
-1.6481391
1.55964
-2.828417
-3.0853195
2.7143571
0.5860264
0.23516619
-1.12457
0.8967438
0.0868132
2.9037442
-0.27500656
0.5718888
0.5496817
1.8349775
-1.34229
-4.2456555
2.697249
-0.6013344
-1.2181603
3.5317008
-2.4067943
0.60118955
0.13312107
2.537833
-0.026730109
-1.4098735
-0.4540371
-0.30101264
2.5217133
3.2334256
-1.4452335
-0.52209884
3.031152
0.44571874
-2.4469314
0.27649918
-1.59065
1.5341525
-2.7706375
-0.81049114
-0.6509059
1.3226359
-0.82314736
-0.71955276
-2.0740502
-0.990946
-0.047378585
-2.1551847
3.9999094
1.5740305
-1.0734049
-0.10332113
0.4983099
-1.0172722
1.9474703
2.4335287
0.44756246
-0.045914747
0.08627352
1.1048708
0.29210287
-1.422176
2.7290165
3.1440659
0.071981296
1.6162249
-1.5497165
0.92462975
-1.1082833
0.30530095
0.9928606
-4.467241
-0.67564195
4.8381796
2.650968
-1.8165935
-0.115833886
-1.0138909
2.9542944
1.1210846
-4.6774926
-1.0377283
-1.6679081
-3.3173494
1.9483157
-0.4257384
-0.42694584
0.24659938
1.6920379
1.965741
-1.1657252
1.1490484
-2.0206587
0.61401176
2.010612
-0.21544082
0.37836748
2.0198913
-0.7206348
-3.5100145
1.6198627
1.5950366
0.69792634
-1.1659058
-0.69164795
1.5805125
0.4843235
-2.5340178
2.611532
1.212831
-1.7141811
0.80549735
1.0033891
1.2370856
-1.461858
-0.48096588
-0.6135141
0.055089317
-0.63773036
2.5586264
-1.1867614
2.7917166
-0.21481688
-2.3969522
2.9602876
-0.20413774
0.8506294
1.8797929
-0.046321273
-1.7331398
-0.022765309
0.3769348
-0.1907616
2.251944
-0.82450825
1.1191341
-1.3382944
-1.7225304
-0.60808444
-0.77639884
-0.21425977
-2.0383263
-1.6941069
2.4095566
2.2440097
-1.5562773
1.4272914
-1.8391678
-2.444455
-2.0291736
0.81629914
-0.31998816
2.5765095
-1.2410738
-0.39921415
2.8886476
1.218069
0.8697267
0.14679062
-3.346945
-0.68663776
-0.5014448
-1.2882975
-0.22799243
-1.1136079
-0.73299646
-4.7093277
0.11218431
-0.066415235
-1.6274495
2.0768726
2.8546808
-0.6590089
0.102616325
2.2976031
-0.060584977
2.435895
3.2964804
-1.0855879
-1.0954901
1.9694868
0.7890062
-0.7426406
3.6747763
-1.424008
-0.72103477
-3.6125195
1.0487437
0.29787523
-3.6356559
-1.1049032
-0.39594376
-0.07833563
1.5608851
-2.262584
-1.2714192
-0.2556837
-1.3035159
1.9800665
1.8779415
1.7920032
-3.4234223
-1.6277864
0.06923905
-0.34509584
3.8629825
-1.4638091
-2.2054594
-1.9285913
1.0870637
-2.7235916
2.0709493
0.26567024
1.0105646
-0.06994744
2.7936969
1.0399592
-0.8731404
1.017345
-0.3673444
-0.28669298
-2.3830504
1.3542501
-0.6370295
2.8933616
-0.61396587
1.5191202
-4.343563
-1.5283408
-0.8832827
-1.1264569
2.26536
0.3774994
4.5428123
3.381649
-0.70777285
0.49704498
-2.6847138
-0.6047398
0.43863362
1.8811898
-0.35433158
0.50239635
0.18867505
0.63060987
0.8777153
0.8353452
-0.8572335
-0.94146395
-4.9348197
2.1003087
-2.097712
-0.8380307
-1.6778346
-1.6301199
3.3945994
1.2663648
-0.6341044
-0.10689308
1.1635189
-0.35447377
-0.635736
0.8516406
-2.0147903
-0.6380327
-1.2075089
3.3164992
-0.13406491
-1.1113054
0.39217716
-0.8110717
-0.7414333
-3.274066
1.9215668
-1.9465318
1.3864547
0.46356666
1.3721726
0.5823964
-0.5158786
-2.2298105
1.1697596
-0.62987196
-4.829044
-2.3380942
0.35487723
1.8219745
-0.10175445
-0.6252217
0.41232586
-0.9688426
-0.8146707
0.96940225
-3.1865637
2.3221319
-0.87352794
-1.2960428
-0.09590356
0.09617827
3.2357235
0.079799876
-0.1541156
0.047425896
0.57071114
-0.96899337
0.9060355
-2.8640423
1.3426459
-5.0616245
-0.72669905
0.49880734
3.5556846
-1.2865174
-2.4157004
-0.7113562
1.4256468
1.4236933
-4.2683506
-2.555032
-1.69109
2.0656707
2.2700102
1.7015569
2.1326053
2.7981586
1.0676525
-1.3782284
-2.4902644
0.7379668
1.6721237
0.2582412
1.8763931
2.325025
0.31378573
-0.57828474
-1.3906888
2.2316697
0.83556354
0.6267589
-3.7360246
-4.3643184
0.85004455
1.4223633
1.1864288
0.32101676
-1.4589455
-2.9320786
-1.9578648
3.952241
0.70447683
-0.23620611
4.2116246
-0.101270325
0.84940785
3.0388243
0.35824996
-4.2434845
-0.37707174
-1.1287023
1.6520474
1.3310388
5.0477433
-2.448712
-0.6508123
2.266275
-1.3066694
-1.8196367
1.3735572
-1.3926344
-3.321044
2.5644014
0.60676813
-0.42183948
-1.420668
-1.1113353
-0.16515228
-1.5312635
-3.1980126
-3.3161125
-1.3860706
1.6939024
-0.9102736
2.834949
-2.4154665
0.6322912
-0.13779655
-0.67908853
1.4844204
0.9125026
-0.7890638
-1.4171767
-0.5298562
2.9194927
3.133283
0.10333621
0.4617612
1.5010688
-4.1274056
-1.8312039
2.8091972
-1.2685052
-1.3978323
-0.6414788
-0.9947702
-4.016104
-2.7086318
-0.86811554
-2.2442489
-2.3083212
-1.2446079
2.3177636
-0.2172783
-1.6478354
2.3576863
5.3129654
1.8975462
-0.2898572
-4.446916
0.5599847
0.08210886
1.3819108
0.29957
0.9804201
-0.7353738
-1.2134593
-0.67481446
-1.7652119
1.5139942
0.1375313
-0.40182918
-1.2508365
-0.53881186
-1.6496351
2.0633078
-1.3797637
1.6432488
1.9577047
2.4143288
0.12591588
-3.093206
1.2867937
-1.7991372
-0.63215494
1.7090288
-0.5610155
1.0560479
-3.3560135
1.3869721
0.09039049
-2.3980548
-1.0119976
1.1199917
1.1690239
2.0255125
0.722873
-2.229309
3.3680193
-0.12975511
-2.6224728
3.8217275
5.6796546
-1.6804259
0.7167816
5.69694
-0.9429205
1.8867545
1.1395769
-0.9888431
-2.4300518
-4.149025
1.690349
0.23076263
-1.6834575
-1.2303188
0.85671794
-3.4915004
-0.7043078
2.1741066
-0.9637811
0.7921783
1.8064969
2.8123646
-1.3770887
0.4915929
-3.3649895
0.49306563
0.44063586
2.5367649
0.9490046
1.4919499
-0.5747852
1.6176349
-1.2843292
1.2168821
-2.6751804
-2.2330523
1.9867103
-1.8638405
0.85771763
-2.096483
-1.4581642
-1.5727863
1.1248356
0.54807293
-0.66048044
0.14819466
-1.9616737
0.0027282685
-0.022933327
0.7379948
2.3364086
-0.237329
1.4240905
-1.3403774
-3.1386664
3.76193
1.4056278
-0.071676575
-2.710207
-0.1443702
0.3080808
-1.8747567
1.6644026
-2.1424499
0.29915422
-0.47487772
0.13095379
2.4211838
0.20060146
-1.8953888
-0.53164506
-0.48491305
4.3125587
2.012959
0.31577596
1.4199715
0.19754723
-0.97010034
0.40608975
1.5692849
4.8131237
-0.24961773
-0.30668077
0.8362953
-0.2920627
0.4193146
2.96259
2.229858
-2.4706678
-0.065486066
-3.0437057
-0.61151826
0.95740896
4.2843337
-1.9903314
-0.96352065
1.4423599
-0.30864686
-1.6578808
1.1434968
-0.6861546
-2.2950478
-0.7961189
-1.818421
1.6814435
0.3662797
0.19715036
-1.2607892
-2.2687325
-0.72178274
-0.13260834
-3.0063052
1.3194532
0.8313165
1.4525638
0.37847513
-1.0131799
0.36563474
-2.2068985
-2.1361446
-4.1582017
0.013073523
0.22970589
2.184838
0.45565864
1.4570538
-2.7736518
0.015101887
-0.46060872
-0.1322464
-0.80653006
3.2494922
0.62255716
-2.5999217
-0.1710042
-3.062553
-0.5265313
-3.0107477
3.0700676
1.818333
0.8428627
-3.0905588
-2.2217228
-1.0732882
1.820517
-2.2065005
-1.2303156
0.44990897
-0.47294837
0.5419
-1.4759302
-0.3302425
5.6815157
-1.1016594
-0.51518315
-2.539864
1.5278528
3.6891599
0.010828093
-1.4257185
-2.5308323
-2.037407
-2.3839533
0.27267182
0.319578
-2.0720541
-1.470342
0.9446025
1.3773923
2.054429
1.9375582
0.8305858
-1.0912051
1.6809775
-1.1470872
-2.4064956
-3.6424243
-1.547503
1.0911628
0.9496887
0.89424515
0.48726568
-3.098549
-1.4738215
1.2973561
-1.27766
-2.4833086
-1.6321102
0.08210995
0.3011398
2.4233131
0.96369046
2.9683952
-1.5612843
1.6476169
0.3634548
2.1109495
3.8646417
-1.9583119
0.6167033
-0.7824848
3.2090197
5.101148
1.272534
-0.28370053
-1.8514439
-2.976249
0.8722833
-0.80865115
1.3320798
0.4353457
0.9148873
1.8700651
1.1511198
2.42801
0.39399773
1.7992038
-1.1429528
-0.016069692
-0.48443773
-2.6247647
-0.4472003
0.39393222
1.2701538
0.15364832
0.4614091
0.79993147
-4.4488726
-0.16443324
-1.0955667
-0.8220384
-0.4206086
2.5306506
-2.0666623
1.8572067
0.5826451
2.2016098
-0.7463954
0.29887167
-0.13401736
0.08272496
-0.64093363
-0.83762485
4.6786585
-0.82755804
2.4307463
2.0668845
-2.5389233
-1.8232563
-0.4344962
-1.3034513
0.41167217
3.6928918
-0.7567754
0.019142374
4.6102915
0.33422995
0.1917148
3.5675232
0.539869
-0.57116777
1.1913911
-1.0273594
-1.7163846
0.20157641
0.5576128
2.1367757
-1.4407469
-1.3950412
0.30105743
0.9066273
1.0566518
0.4278923
1.2489794
-3.6633313
0.5588444
0.5958077
3.3203187
1.1893587
-1.6628461
0.24895698
-1.650362
-0.20331487
3.813262
0.5989326
-1.3716311
-1.0405793
1.662973
2.2675202
0.85044944
0.77443427
1.93537
1.2474854
-0.251308
2.6500146
-3.1080647
-1.2211864
-1.9169815
3.3339682
-1.2567687
-0.6565744
1.6082863
-2.691985
-1.2721525
-0.19942515
0.8488184
1.9571576
2.0415096
-2.0819852
0.3036222
-0.9995985
-2.2088902
-2.8014705
0.25604755
-0.034736577
0.8294656
1.2581965
-1.4079369
-2.8909216
0.36776614
-0.94703597
0.66508543
-0.14872022
-1.4889288
1.5624175
-0.99558586
3.151086
-1.0108092
1.0216874
-1.485938
-0.96927065
0.14419222
1.3101877
2.7678804
-0.592576
2.2803497
-2.9745371
-1.0773153
4.3166766
0.7063045
1.6971017
-4.678007
-2.3383222
-0.74824786
0.69315153
1.0564619
0.8583159
3.8752704
-1.429645
-0.8750625
0.120585285
-1.0528911
-0.47894013
-2.0341473
1.2692231
-0.16952923
3.1935112
-0.6068678
-1.3432027
3.189507
-1.5046928
-1.2620947
-0.94328845
0.9984803
1.8450915
2.2332597
3.8999138
-0.48715004
1.5258055
0.35209772
5.278441
-1.2907275
1.4800537
-0.42989042
-1.6876571
-0.055872347
-0.73290884
-2.8255553
-1.1526256
-1.3563147
-0.99383247
-0.6646817
-1.1465466
-0.5949786
-1.6405743
1.0703099
2.58367
-3.3267121
-2.2874472
0.25791663
0.8311866
-0.93056023
0.555088
1.582647
-1.0145699
-1.3739023
-0.32519
1.0300571
-0.6704121
3.6700156
-1.7216811
0.24882111
0.60932773
-1.9758486
-3.535606
-0.21577725
2.584754
1.3979788
0.86571944
4.5556307
2.5760436
1.8181796
-2.9803586
-0.78535616
-0.02682031
-2.8676205
-2.941509
0.8196065
-1.8337169
1.3506138
-0.66888076
-5.090893
-3.2202458
-3.2592854
-4.8423786
-3.476314
-2.0588255
2.9447987
-1.2171347
-2.810464
4.614758
3.6981618
3.098441
1.9836864
2.0361135
-3.480908
1.1261322
0.95682204
0.278238
0.09795575
0.8042123
0.058334164
-1.6897053
-1.9152263
2.7425056
3.1205025
-1.5030777
1.8738266
1.6449094
0.7606078
1.3639809
-1.5706595
-0.6891236
0.5805677
0.27693704
-2.7979417
-0.16670556
-0.9304874
-0.712701
-2.71685
-1.0070196
-3.0734868
-0.13023561
-0.66933596
0.39975566
-2.0786712
0.083746724
2.715961
1.1286721
1.860809
4.8268504
0.8878794
0.8860281
1.7284157
3.283883
-0.49922934
-2.142204
0.67176324
-1.0792676
-1.7701757
-0.57951033
1.6681774
-1.3205787
4.6743507
1.1095539
1.9953974
-1.4954818
-0.6452977
-1.1981275
-0.5342592
2.453732
-1.0182201
4.8179636
-1.0900797
-0.6790041
3.4928885
1.2463357
0.10043628
-2.888861
3.6694386
3.376547
0.3811065
-1.5848817
-1.2588115
-0.47352666
1.3773497
-1.2093663
1.157237
1.426706
0.9393195
1.1996301
-0.94140553
0.9756859
0.42709333
0.064087786
3.2236695
-1.9484762
1.693662
-0.76092166
-1.1985494
1.16997
-0.009583145
-0.0563884
-2.6119013
0.68420213
1.1905226
2.6790345
0.35081768
1.771639
-2.6471443
-1.0942677
-1.8013245
0.8227265
-2.238001
0.39321327
0.01518698
1.6589372
-3.2508655
3.107025
0.3498281
1.1606477
0.35117283
0.8347659
1.2075804
-0.8194634
-2.5004513
0.065152645
-1.4745144
-1.9417858
-0.97208697
-0.58973986
-2.057509
-1.6026263
-0.32287896
-4.4397
1.1087104
4.342254
1.2506311
-1.0828943
-0.1852949
-6.3171935
-0.2039145
1.7689188
1.21505
-1.9523911
3.235983
-0.34073737
1.2675215
-1.5804626
0.09879371
3.2976089
0.82606673
-1.4237415
2.5398436
1.0103809
-0.8508417
1.2194301
1.1942233
-0.9068945
1.0512832
-1.0887982
-0.9692238
2.2040753
-0.8865701
-1.8198617
-1.245375
1.6246978
0.3952988
0.3828717
2.876978
-0.67837244
1.2075734
-0.8688167
-2.2251487
-2.0783112
-4.008505
1.0299519
-1.8311468
-0.48423225
1.2668931
-2.8982284
-0.7455834
1.7670673
-0.108226314
1.2572705
2.258137
-1.2277948
-0.38544005
4.021777
-1.4462271
0.63651717
-1.3473678
-2.3484912
-2.3747506
-1.4919244
-0.5272195
1.6498896
0.4241399
0.064155266
-1.4014503
1.7139382
-2.7395744
-1.4522804
-1.298076
-2.9596708
-0.49889806
0.8058743
-0.735843
0.47008133
1.0696275
0.82390994
0.89380234
1.5063118
0.36394942
2.9046135
-1.7417092
0.22094613
-0.556827
-0.6714705
-1.329017
0.79878336
1.0901527
2.4554625
1.9178616
0.6915275
0.53148955
0.9676711
-4.51675
-0.8866835
-2.566667
2.677719
0.17053136
0.55628175
-1.1263537
-0.032642044
-2.0286245
-0.97889924
1.5060458
-1.5542111
0.006413799
-3.2778814
-1.8772223
-1.114632
-2.3808384
1.8307761
1.5735062
-1.3435748
-1.0331142
-1.1541903
-3.0826752
2.4023638
2.2343109
-0.1721667
-0.65895295
-2.6147943
-3.3075624
-0.049872927
0.53586423
1.6202985
0.10385118
2.0391924
1.332009
0.82666415
-0.58457255
0.07416829
1.1607906
-2.315887
-2.5762115
2.3513546
-2.1846309
0.1479631
2.7324407
3.5459557
-2.3725967
-0.29230484
-0.13218327
1.151771
-2.60991
0.42100433
0.15156539
-3.7849276
-2.056147
-2.018275
-0.2651462
-3.6642668
-2.6930895
0.5120656
-2.757644
1.8399987
3.539115
3.3596961
0.9655439
-2.0638824
0.63618267
3.7465208
-0.99648255
-2.2779055
2.2695045
1.6515671
0.66060436
1.6284661
-1.5053079
3.0913398
-2.2812781
-3.0906022
1.5358535
-0.010290451
-0.55499345
0.25922233
0.16863012
2.0422454
-1.112019
3.5768702
4.4863563
-0.42023826
-1.2121115
-0.42149568
-1.0032965
0.95691127
0.09260483
1.8986528
2.3481956
-2.0005813
3.2887044
2.0888207
0.74943125
2.4835708
0.16594717
-1.996692
5.486172
-2.2701886
1.3433845
-2.2300923
-1.0429916
-0.7920565
0.35776794
-1.6868376
-0.48480153
3.0783222
-0.871634
-1.8409553
0.919415
0.54282725
1.8089627
2.1405184
-0.71701455
-0.39624202
1.3504674
1.0947355
-0.20299289
-1.3430071
1.8748542
-1.2470809
-0.941889
-3.3695347
0.39824793
-3.1860242
-2.7440672
-0.62015575
-1.837023
-0.4237251
0.3073359
0.93399
4.3255825
3.0476332
1.2023364
-0.84958524
-2.8826675
1.8455791
3.7964675
1.0737251
-0.6089848
0.52946603
-1.5237321
0.28602353
2.892573
-0.2783025
3.446291
0.5303211
-2.392785
-4.185995
-1.2512615
0.597088
-2.7083292
-2.033174
-1.0922414
-2.074627
0.7283077
0.27331856
0.70937663
2.191143
-1.3016812
0.7635487
0.7358071
0.2953149
-0.28837174
-3.7964067
1.3361223
-1.4576763
-0.36844638
0.685701
-1.8315837
3.4684162
-0.76178914
-1.4102786
-2.323144
-1.5735074
-2.4251082
-1.2942629
1.2173156
-0.5932027
-2.1380675
-0.2338239
3.4950614
-1.3933277
-1.3210343
0.42986208
-2.1949322
1.6415559
2.0318584
-1.652214
-1.7359967
-2.7140455
0.84267503
-1.5926242
0.7327005
-1.5648421
3.0037212
1.0951664
2.3074234
-0.28887993
0.42157295
0.8683857
3.9814718
-2.0320094
1.8012047
-0.79735047
-4.7155805
-4.6484165
-1.1833575
-0.82108724
-1.0911809
3.1433525
-4.150917
0.0886832
1.3543992
-0.6958085
-1.156381
-2.2172782
0.07550167
1.7256633
0.7177094
-0.000105116516
-2.467761
1.4415101
0.84985256
1.4564544
3.418542
-0.03286665
-1.5252746
-3.6989713
-3.269712
-0.7092187
-1.131527
-3.167522
2.0909383
-1.7446554
1.0353072
2.1325977
3.265878
-3.2213457
-1.0541797
1.3205041
-3.5757427
0.09880163
2.1981337
0.85324275
1.8227323
-3.3361952
0.2683102
-1.8859978
0.1706244
-0.33679962
-3.062029
-2.5420358
-1.6897075
-1.5109553
0.46553925
0.6998368
-0.44635782
-1.9353987
2.4904137
0.29317224
-2.267462
4.102464
-3.7157958
-2.1401103
-2.9834151
2.5551677
-1.5060226
1.3465382
0.49981043
2.7131114
-1.9281334
-1.8576022
-0.25011325
0.6439135
-1.217516
-0.17270574
-0.18584329
2.659937
3.004497
-0.7281629
1.4193164
-0.54193556
-1.398856
-0.072424844
0.19573669
0.32299447
-1.9212109
2.430395
1.7820776
-0.24314633
1.5311799
0.5592289
-0.37193665
-0.42792714
0.13270324
-0.1665628
-0.2850351
-1.0376906
-2.1708148
0.81979305
1.6941519
2.4197378
0.7055399
-1.6208916
0.86796975
-0.5206784
0.25106487
-0.8433196
0.60846704
-1.9365013
-2.4094667
2.2437868
0.35098568
-0.67585474
-1.0358093
0.5186867
0.42275065
-2.9935663
0.7987241
2.6150525
-1.3167276
2.4531593
-2.125995
-2.6218867
-1.1470667
1.0443748
-0.74087363
1.1992971
2.0603006
0.37982583
-2.2059348
1.8146687
0.11499889
-3.1077957
-1.783278
3.2601454
1.3329754
-0.37423393
-0.8578984
4.341536
-0.58424026
1.4501921
-1.0876167
0.6591092
0.91559947
-0.8220233
-1.4046193
1.7650342
-0.34338105
2.9858544
-0.9025846
1.5973948
-2.5070162
-0.98151255
-3.1515193
0.6950309
-2.02858
-1.2192787
-0.4916451
-2.1737483
-1.7716395
0.617025
-2.1750712
0.6696562
0.28649497
-1.5074968
3.1723185
1.5950772
2.8613248
0.2594966
0.06966943
-0.24440151
-0.40491173
0.8105165
0.24898323
-1.1155175
0.28669438
0.42166328
0.20630127
-1.5423611
0.6624547
3.035792
1.332662
-1.35878
-0.48261955
-3.5761793
-0.93740976
-4.1823645
1.4644754
3.5163689
0.554261
0.4736755
2.7362459
0.5144412
-2.4174669
1.310595
-2.7250705
3.8417103
0.6866649
-1.0973848
2.0515978
0.94844306
-0.2786546
2.8681247
0.9014937
0.14382334
-2.4268394
1.6426047
2.315935
-0.037758134
3.1318266
-1.0312582
1.4728379
0.6845453
-0.5824784
2.8262696
0.893737
-2.1505153
-2.031509
0.22315428
-0.62876743
3.3133004
2.6900349
2.076296
2.251426
-0.12505105
-1.5085257
-2.4231322
3.505462
0.30870208
-2.6391196
1.0940503
-1.5361559
-2.4165199
2.277062
-0.5287361
2.0628722
-0.68236285
-3.9998558
-4.3614845
1.2941552
-1.3047118
0.19346625
0.6066869
2.6330488
3.0030649
-0.69864494
0.58852047
-2.853842
4.4624085
0.40734074
0.5418198
0.040744334
-1.6097525
2.2959287
-0.13803715
-3.4021127
-2.050249
-2.465209
1.6781682
2.8047493
-0.56409097
0.11154938
4.4854755
-1.010937
2.417754
1.1584657
-2.8317487
-0.8643241
1.4557465
-0.8136406
3.4710934
2.455049
0.6981446
2.962954
1.0453624
0.84113365
0.17767245
-3.0103574
-1.4662087
-2.814533
1.4165047
1.325597
1.1789325
-2.6591637
0.36339745
3.5797756
-0.28219065
-3.451981
2.466469
0.2824539
1.6084116
-0.35196736
-1.1234848
-0.113203235
1.7492446
-1.505423
-1.2392279
-0.42283535
2.0057828
-1.1514989
3.605332
0.31124353
1.0773925
1.374147
-1.9276689
1.2705352
-1.0032133
-0.65537196
0.3175218
-2.1529887
4.3132014