Spatica
0
-1.454337
-1.5229366
-0.8320895
-3.4818442
-1.7691842
-0.8909619
1.337836
4.037347
1.7139145
0.5363247
-0.045746528
-0.74979395
-1.0336554
-0.62133783
1.8274413
2.4418495
0.64232737
4.3386297
-1.7899863
-1.787766
0.06789178
1.0122576
-1.2759857
1.3303511
-1.0563223
1.6288087
-2.208502
0.6394028
1.1071779
0.2217346
-0.019727662
-0.19487104
1.4086331
0.88945603
3.9584007
-0.5527702
2.17706
-1.2025619
0.28423816
-1.3048928
-2.7766876
-1.9205825
0.21608418
3.4172666
-4.5919037
-1.2127963
1.3457536
1.0561697
1.524677
2.235491
0.7563741
-0.36934584
-2.7955914
-0.008664444
0.7737949
0.6022938
3.087747
-0.7673904
0.37303573
-0.8035076
0.77273065
-3.348725
2.9053876
0.60372734
-2.4185083
2.2351294
-3.8186812
1.578789
-2.9548554
-2.1115797
0.8561326
-0.31872922
0.7237623
0.90838265
-3.5009925
-0.14095727
2.55474
1.3864317
-1.0739386
3.6434805
-2.3425496
-3.7264602
1.3348755
2.2371354
-1.5767113
0.07544083
2.6785545
-3.450945
2.2408235
-0.58166194
-0.58196574
-0.10499782
-1.4891958
-0.27545404
-0.059501506
-3.742752
-5.3084254
1.2981457
-2.1076918
0.16755347
1.8528277
1.1679194
-2.240934
-0.45968112
-1.080719
0.6696531
-1.4846891
2.4232862
0.89348286
2.3622568
1.7534163
-1.0656917
-1.451492
-0.35055852
-3.9420187
-1.0730317
-0.9756229
3.4496865
2.1950152
2.4176717
2.4924383
-0.007887699
1.2686931
0.38487136
0.9295957
0.8401716
0.98697615
4.264819
0.01614654
-1.7115788
-1.6766458
1.4919901
2.2193892
-2.364809
3.4381902
-2.1788127
-1.2209992
-1.1481543
0.7126225
-1.1435485
1.7284778
1.8998498
0.059958246
-1.3377424
0.55357665
-0.87192804
-2.581649
1.3507265
-3.167148
-2.1231966
-2.6599915
0.34741083
-0.6341167
-0.044242512
-2.9046662
0.44277433
-1.2992711
0.6574785
5.3746777
-0.22251725
1.0520928
-0.42397374
-2.737406
0.8489264
-1.3890221
2.2635577
-2.112029
0.05793694
-1.4511536
0.2059605
-3.1045182
4.0156145
-0.69378847
-2.5797458
1.2239565
-1.6478171
0.7277371
0.99013054
-1.8832203
-0.080144495
0.70422804
1.5637406
1.5118828
-0.29660213
-1.0759283
1.1318982
1.1572151
-5.621146
1.6039357
-1.1935185
-2.9547672
-0.9520481
-0.93161
4.356721
-1.5289541
-0.022645243
-0.04979486
-0.55359775
-0.83773375
1.0268375
0.2439653
1.1493863
4.277662
-1.5795205
0.54643226
1.6724571
-4.8342214
-2.0622652
-2.3823586
2.7671196
-4.1619825
-2.1912851
-0.412335
-0.5531877
-2.2408235
0.9239816
-0.5289114
-0.6325991
-2.4640777
0.01609262
-2.9980004
-1.8449497
-1.1867642
3.1642632
3.1470969
-1.2352519
3.2145102
-0.61334366
1.9238348
-2.2417753
0.25010553
2.2011278
1.9106658
-2.6935346
2.7398193
3.2976582
1.0208198
-1.1773797
0.48061144
-2.009464
-1.0912029
-0.063973755
-2.2654104
-0.9682607
-1.8138925
4.236472
2.467318
1.0466621
0.99762577
1.9688193
-0.833011
-0.2402282
-0.73139244
0.14399938
2.8252566
-0.1965189
-2.1785986
1.2535918
0.3250671
-2.9476564
-1.6981624
2.8956053
2.1123972
1.3866806
2.4728417
-1.2190051
-2.0142467
-3.131131
0.025310807
2.090383
-0.29460615
-0.14405216
5.1239862
0.75396836
2.2887955
4.6012306
-0.15999073
-0.23133418
-0.9008941
1.6437428
-5.64392
-2.3501928
-0.05588571
3.2654994
-2.5986712
-0.95546883
0.3260708
-0.23298112
0.68941677
0.56673855
0.43567067
-0.7895818
-0.020982988
-0.28842884
2.1709952
0.55852735
-1.8819172
2.7322536
2.766497
2.4395092
1.6729616
1.6048404
-2.2034204
2.5088577
0.9636931
1.8893194
1.6301582
-1.9619737
-1.7927207
0.42697245
0.11233888
-0.44764474
2.0193715
0.6765328
3.650166
-2.3410206
0.4898042
-0.7101538
1.8920606
2.922602
2.610971
-0.69547457
-0.9179793
0.4978116
3.4738226
0.5234835
2.6244962
0.7489659
-1.5409045
-0.7761097
-0.50193197
-1.0584574
1.4789103
-1.7622296
0.98075724
0.26395229
-0.20511958
-0.4258336
-0.15289597
0.20904359
4.8258896
2.7293746
0.2962144
-0.54531807
-3.24826
1.0351942
2.4819725
4.1663256
1.621723
-0.47864574
-2.8869524
-1.5332727
-1.3334309
-0.00003720075
1.3781502
1.4524001
-2.775567
1.8641474
-0.1553192
0.20372947
-0.14929503
3.0627587
-0.31599206
2.3782048
1.325015
-1.6470459
2.889148
-3.0467262
1.1791468
1.8846465
2.1532888
1.8499914
2.1349218
0.9274378
1.922501
-0.7791876
0.13633792
-0.90375483
-1.5859212
1.7096119
-0.60986054
1.4664396
1.5795586
1.9423907
0.5764148
0.7125295
0.31499508
-0.094691016
1.2083607
1.371089
0.51296705
-1.3132473
2.856752
-0.7847427
-0.21825846
1.4726152
-1.972404
2.1614773
-0.027706757
-1.8278812
0.75028664
1.0549097
-2.0753808
0.7148885
1.1452602
-0.85146785
0.940293
3.1257112
-0.299277
-1.6397299
0.8060225
-1.13622
2.0543609
4.109192
1.1230329
0.85697407
2.2017405
4.995819
2.6861749
-1.9109001
-0.115271
-1.1949388
-1.2559773
3.187387
3.4945142
5.1071634
0.6894302
-0.8591271
2.508205
-0.6616367
-1.8033174
-3.8578932
0.64039695
1.12876
-1.9351296
4.584546
0.48283088
3.1460247
-1.6815608
-2.2759848
-0.54684424
-1.0335604
-2.4987206
-2.1109881
-0.8586911
1.422537
3.5935378
-2.0100486
-0.2973423
-0.57752824
2.0165133
1.0010977
-0.32056126
0.7734302
1.4402176
-0.15833285
-0.49618116
1.4116206
-2.5039575
0.21037492
0.389442
-1.1968881
1.0986938
0.51371384
-1.3389384
0.85324717
0.43485934
-0.88050467
0.94717634
1.9666054
1.9445189
-2.4165015
0.9543837
-1.5448989
-1.1340445
0.15495123
-2.0479918
-0.9569726
-0.9632395
1.0773017
-1.3947283
1.2470387
5.0094876
-1.8039786
0.61457455
0.85816985
1.1270022
-0.8075209
1.5019145
-0.43769366
-0.066574045
5.794234
0.7553385
1.0215573
-0.5459651
3.784635
-1.210246
1.5440985
-2.717592
-2.4963987
0.99047923
2.0020375
-0.17794245
-0.2660941
0.16290882
2.6375296
-1.807864
-1.3355283
0.8448511
-1.4628627
1.1856774
1.4699374
0.18161997
-1.3180736
-1.4773325
-1.1697079
-2.5945945
1.4548932
-0.54056716
-0.21919638
-1.6394151
2.7012112
0.111690775
-1.6555527
-1.0098155
3.6906953
-1.1232897
1.1551007
0.644297
-0.8583403
-1.8130223
1.4474018
0.6105828
-1.8682173
2.447906
-1.531825
-1.1507785
0.91504437
-0.21702999
0.22129166
-0.34081382
-2.7657514
-0.5414305
0.40215477
3.4446645
-0.023572579
2.385715
0.8941069
-0.21988508
2.0807192
-0.37797666
-1.9042783
1.9831212
-2.0118303
1.8760664
-0.4639259
-1.6596898
-0.6698316
0.82544935
-1.8383878
-0.09615701
-2.0801232
1.468394
0.17025957
-2.2303865
2.0140746
-2.3932216
1.8890527
-0.13058063
0.58564067
-2.7382758
-1.8265947
-0.086011805
2.6594248
3.6876435
0.5705717
-0.61226845
-1.5633376
1.9052598
0.7129659
-2.9060683
3.3766549
-1.2625966
-0.12838048
-0.24844673
0.2920541
-0.1574567
0.0023797862
1.132462
5.7178173
-2.3963313
1.4679546
0.6747476
-2.8626432
-0.017143883
-1.1697487
-0.6021379
1.9233435
-1.8762064
1.9873536
-1.4628183
2.1426122
-3.383667
1.55961
0.48355174
2.4219701
2.6711476
3.2584445
-1.0119758
0.46847492
-2.9002502
1.3719186
-0.54559225
-0.49519134
-0.3685215
1.1230913
0.7331352
-2.8974223
0.91897565
-1.9537581
-2.4127967
-2.5314696
2.655021
-0.08762585
2.0012836
0.27337593
1.3432903
1.0208656
-0.78834504
0.08808563
2.112322
2.4993567
2.535163
1.5859011
0.8353142
0.23102096
1.7241865
-1.6172307
-1.6490985
-1.1343963
-1.2094865
1.7783477
0.58365154
-0.9275215
2.0737474
-0.24791676
0.96226895
1.0466689
0.76902413
1.1964428
1.6367017
1.8267812
-1.6208112
0.76369166
-3.8215175
3.2675467
1.2558908
0.7154148
0.48355708
0.91890657
-0.9626294
0.28520256
0.0043907613
-3.945828
-2.3813946
2.5049722
-0.75617
0.35454732
-1.4289523
1.1146953
-0.802944
1.8838161
1.599451
0.012966547
0.4681937
0.31298235
-0.28187504
-2.871597
-0.6041248
-0.2807171
5.063471
-0.4762518
4.6019144
-1.5723085
1.0270061
1.4870877
-2.0023782
4.4070764
1.6113023
-1.2282553
1.1956555
-1.0093554
1.5827293
4.1601195
-1.8697674
-3.9967756
-1.9703485
-1.278552
0.8136611
0.5741227
-1.2206076
1.6762037
-0.0071822554
-1.6318448
-3.3196235
3.1619632
-2.070973
2.8668628
-0.29490745
-0.53806245
2.1352732
-0.08670891
-0.3855276
1.6521355
1.6000385
1.3325273
0.5818322
0.4774876
1.28638
-1.1880326
-0.44394356
1.0408399
1.5759863
2.0346746
1.4721726
-2.019465
-1.2626907
-0.25966865
0.051338173
-1.3461595
0.1820401
0.20261893
-2.7161727
-2.673902
1.4249223
1.1557323
-2.3741138
-1.5800208
-0.9238501
-2.2981071
-1.1381618
1.5434786
1.5751421
0.276011
0.5774973
1.375009
0.6384377
3.3765392
0.9375
-2.7754748
2.2209616
3.1472237
2.6117184
-2.4559424
1.0500735
0.77378786
0.80181843
0.11758302
-0.5152423
2.4064095
-1.1773957
0.2951448
4.0022144
2.1354208
-4.566018
3.3192282
2.9973097
0.60816383
-2.006356
-1.0382415
-1.4640883
-1.3062594
-2.4639962
-3.6777606
0.6838985
0.97506595
0.19376206
-1.6921233
2.8475187
2.0015998
1.0811704
-0.8685237
-1.6609756
-2.0002835
-2.4165194
2.9085433
-2.2590914
1.12
-2.6367629
0.32962918
-1.2103944
0.6606996
-0.24238844
1.7523915
1.6311196
0.7866553
-0.20680001
0.020314772
1.0801083
-1.4540952
-1.205571
-1.5968592
1.2227775
-1.7884665
-1.9320843
3.1165683
-0.54462576
-0.22580063
1.5540532
0.3656397
-2.217692
1.2756239
-0.75453335
0.036207844
-0.46363127
0.44506758
2.5530853
-2.9398117
-2.8888316
-3.0141509
0.23811518
1.7560428
-0.41157573
2.0265834
0.9425281
-1.3693901
1.9215341
-2.3739452
-0.21808851
-0.5874414
1.0214425
-0.8635631
3.3962035
-0.03529592
0.00596302
-3.2715483
-0.2083337
-0.5407261
0.17831105
-2.4574997
1.0496716
-2.8077047
1.0966169
-1.9275811
-0.7086946
0.22625789
-2.516741
2.6884267
0.113052756
-0.32086274
0.403402
2.7174754
-2.4686701
-0.19108865
3.118078
2.1119587
-1.1852473
-1.0430455
-0.5544904
3.1842291
-2.967992
-2.2896285
2.1639774
-1.3175077
-0.829911
-0.3902685
-0.47485507
3.6617455
1.3267342
0.600041
-1.7476087
0.96823984
2.5340447
-1.4596014
-2.1166148
2.336774
-0.74539846
2.0637138
1.9430817
-2.9385345
-1.1746147
2.1928558
1.4326954
1.1476274
-2.6128929
-0.320253
0.9595369
0.09727379
0.19939816
-0.8564124
0.42531925
1.0262562
-4.8159957
-0.16226208
1.9049486
4.4031515
0.9521852
-1.7682978
-0.985121
1.6466612
2.1060224
-0.92280334
-2.9139361
-2.9580092
-2.6034315
-0.92191714
-2.195356
1.3038083
-0.56621385
-0.1606225
2.4680803
0.20086963
0.35124043
-0.52417487
-3.9512787
1.0136822
-1.2352684
-0.8865491
-0.7660409
1.7148299
1.0630482
-1.6115836
-2.3061943
-1.1581174
2.1978486
2.738894
-2.2078905
-0.98142725
0.9236171
-3.0305767
0.28197703
2.5709906
1.0213245
-0.24582705
3.5916693
-0.33516037
-2.911514
0.33303863
-0.25876048
1.76038
-3.9031358
-0.6591194
2.0463574
-1.2250025
0.4903156
2.0549989
3.9352076
1.6029339
0.78015274
2.3355737
-2.2607768
-0.5252485
-0.12300821
-0.5328691
-2.4059973
-2.9380586
0.6627873
5.224785
0.57958424
-2.5044286
0.9905319
0.5398268
0.14107534
-0.48176003
-0.48508543
0.060846172
-0.6622769
-0.33344793
1.0187509
0.6322175
-0.16202602
2.0476553
-1.304733
5.950155
-2.3714104
0.5583718
0.21200079
-2.194957
1.024435
-2.3560157
0.5466744
1.5074486
0.25651956
0.4119544
2.2647452
-1.8717868
-1.0300455
0.25434518
1.0737768
1.9133799
-1.6979067
2.9486628
-2.2310247
-0.210633
1.6177425
3.0827744
-0.4973194
-1.5623591
0.008567937
-1.9111848
-0.24246931
-1.793127
0.41286802
3.0129392
-0.0312441
3.3873096
-1.1476567
0.9767693
0.9964138
-1.2499604
1.8118026
-0.56703997
-0.84193337
2.814314
-3.0314994
-1.3573779
-0.50280684
1.6679591
0.6306968
-0.6414873
1.094713
2.0847719
-4.3195715
0.35370645
-1.9506409
0.5898086
1.7492888
2.1270611
-0.4086354
-1.0818448
-1.3271905
1.1113696
0.336678
0.65230817
1.673897
-2.817398
-0.8934946
1.1319996
-1.731068
-2.1537337
-1.5772629
2.2650776
-0.45725685
0.5569844
-0.9565191
0.28804067
0.77964365
2.5557897
-2.5239158
2.8124752
0.36466485
0.060872585
-1.8455949
-2.4718683
-4.5763326
1.4949496
0.11416122
0.32502753
-0.11845459
1.4854279
0.7732106
-2.2282495
1.4748045
-0.43659812
-0.11771453
2.6794593
-3.8929548
0.38989675
1.2538793
-1.3648591
4.645067
-0.35599488
-0.80853903
-2.1221833
0.69064
-0.7912713
3.8378289
2.3287823
0.6786553
0.09314264
1.3608054
0.18610409
-0.57514477
2.1326602
0.11604885
-5.7807918
-0.858146
-1.0505176
-1.9876182
1.4559418
-1.2311491
1.4002745
-1.9689302
1.1175147
-1.2958503
0.24917474
-0.41647875
-1.3660426
0.3066319
-1.5150565
-3.2963316
-2.2329204
-0.32327324
2.2688582
0.82941496
-1.9261683
-1.3033863
-3.850723
-0.022127189
-4.3749332
-0.7916173
0.5496365
-1.9141963
-1.7404102
0.2509678
-1.7599678
-3.8641756
-0.046458602
3.7107496
-2.9137774
1.190755
0.34506232
-1.6023451
1.8493608
2.7506642
-2.1401978
3.7343788
0.55289453
-0.9676983
2.7213478
1.24678
-1.4824159
1.9875102
3.4837108
-2.8538878
-0.8802559
1.9111844
1.0624592
-0.08919562
2.597633
2.063644
2.9261227
2.2053332
-0.06549975
-0.6443375
-0.5986638
-1.5901816
1.841937
-2.5704703
1.403708
0.43204948
1.9259504
1.0057405
1.6946412
-3.604643
-1.0811027
-0.8539495
0.13433167
2.7440963
1.9319854
-2.0020907
-2.1616573
-2.7819111
-0.35526747
0.12611124
0.87505597
-2.088172
-0.65822756
-1.9083389
-1.0868262
-0.25836164
0.47311452
-0.027815677
-1.3071241
-2.1453073
5.102658
-2.5821345
-1.1230828
3.6976354
3.0113535
-1.2353151
-0.7091282
0.1047944
1.3347485
-0.58907914
1.0240651
-0.50909704
1.6391778
-3.0570498
-2.093581
0.8928173
-2.0557795
-1.2418633
-0.48867974
-2.535122
-1.0666094
-0.22017908
-0.95178765
0.03746877
-0.22891733
2.158173
-0.5552034
2.370387
-0.762671
2.4483254
1.6708745
0.3727012
2.367048
2.3605368
-2.4900455
2.4093685
-0.28241557
0.074347645
1.5900861
-0.24574691
-1.1572152
1.9622473
-0.5191469
-1.4495857
0.8775522
1.3879348
-2.0880105
0.12841974
-4.0057797
2.5691233
-2.1871269
2.1561582
2.0418255
1.0324169
0.7192741
2.0663478
0.8924787
-0.8474396
-2.2509394
0.96957684
-2.7817912
0.068561845
1.8058448
2.66705
0.29887864
-0.57642037
2.0449252
-2.0748327
1.142138
-1.6358068
-4.7820582
1.3298542
1.6214703
-4.367439
-0.49689257
-1.926461
3.128463
-0.48097315
-2.0257413
-3.372902
-0.9030974
-0.67398864
0.24563155
0.16018762
0.28152207
-0.9671973
-0.47051954
2.8145623
0.5478713
1.154587
0.107011795
-2.7682917
1.476094
0.7687
-0.6246488
1.3511121
-1.0564164
-5.4433174
2.7635064
2.9007697
-4.652564
2.7622426
-2.3311253
-3.0061388
1.6163963
-0.45958364
0.9394034
1.5719537
0.6714375
-4.2239327
-1.7253232
1.814315
1.5021962
0.97188497
0.8046471
-2.193654
-2.0053506
-2.4364376
1.0935514
0.82187986
-0.01941619
0.8444241
1.0790465
-4.348996
1.0359187
0.40000343
1.9217316
2.5135572
-1.4339181
1.5803487
0.3759191
-1.4658703
3.0333405
2.6523783
-1.7914335
0.3564628
-5.8281207
0.7028319
0.62071925
-1.6000569
-4.0406046
-0.28253734
0.7879747
0.13396236
0.33212242
3.0030186
-0.29054838
-0.5128895
-0.19830745
-3.0108163
0.5140283
-0.67255735
1.7990285
-2.3645713
-2.820681
1.5297601
-1.3672656
-2.9126854
0.9494388
4.5319524
-0.06408824
-4.0678787
-1.3753119
-0.32754576
-1.1215426
-2.5396392
0.4860502
4.610164
3.2916298
0.827799
-0.26599035
-1.8747232
5.0130177
1.1359342
-0.4516322
-1.9242611
2.184291
-4.0386014
1.271818
-0.8635384
-0.9713304
-0.63467634
-1.6724745
-1.1363993
-0.27673826
-0.72156596
1.1707804
-3.2274883
-0.78930724
2.407971
0.061228182
-1.4654852
0.942378
-0.806989
2.8600948
1.2624063
-0.34568414
4.277366
-0.7294501
1.0352005
-1.8959111
0.19567576
0.3596105
1.207995
-1.7054895
-1.7788489
-1.5057918
-0.09981126
3.3314726
-1.5707633
-0.050852098
-0.5593582
-0.4632854
0.85193515
0.051783238
-3.7408807
-4.3235455
-1.6198676
2.1383538
-1.1149207
1.0680575
1.307841
0.09694558
-0.5169864
-1.2612923
-1.2015611
-0.19465545
-0.2532433
-1.1827987
-1.1045239
1.9187046
-0.634343
1.9245456
2.9129028
-0.7422733
0.62917995
-1.7960136
-0.19287443
0.15849875
0.73846656
-0.39161474
0.12449729
1.8244828
-0.60958916
-4.7598267
-3.2510605
1.786817
-0.56014967
1.0922954
1.8289738
2.434963
-0.022523321
-2.7577872
-0.9378982
3.7606053
0.007003952
0.0617048
2.9224238
-0.46300653
-0.91980886
-3.0071807
-1.644888
-0.36259395
0.06285403
1.0911733
-2.1494644
-1.0378811
4.995063
0.5046798
0.23314837
0.08474276
-1.9662509
1.9581482
-1.5568782
0.2765823
-0.97053903
-0.272548
0.3103672
1.1280572
-2.5618699
-1.0445116
0.95363003
0.4668153
2.5655239
-0.65140605
1.830567
-1.4974829
0.71683913
0.76054716
-4.811939
-0.17250066
2.272126
-0.6616976
0.13766187
0.70699775
-0.2227042
0.3493542
1.4257004
0.2675463
-0.38512453
0.06506777
0.09605407
0.104684636
-0.41190606
-0.13863234
0.054307
0.9754076
3.589051
1.3778366
-4.7648344
-2.5274494
-1.5788963
-1.616237
2.9621663
1.8471754
-2.3604908
-4.1111045
0.07375643
-0.4230915
-1.1841494
2.4298832
1.7112371
1.6883173
2.0626273
-3.0291445
4.6201496
-0.41602573
-1.5391334
3.018561
0.10634815
3.1404757
0.9591578
-1.495694
1.3995737
4.0559716
0.2349239
1.4051949
0.41720283
-2.2317739
2.985458
-1.4758973
-0.65226567
2.7425442
0.24577303
-3.1880162
-2.423327
2.138155
-0.030452237
2.0415044
1.8616612
-0.3265715
-0.5834854
-0.43714106
-0.25304523
4.3533382
1.3230042
-1.2039824
1.3754294
-0.60126346
2.12448
1.6719518
-2.277738
-1.2753588
1.3529979
-0.82247317
-3.151267
-1.5857174
-2.8171008
-0.21636134
1.2844845
0.26649776
-0.14516124
1.308458
0.056327567
-1.3383105
-2.656817
0.6725474
-2.994781
2.1109
0.42609435
-0.7433003
-1.3673792
2.0482867
2.4460018
0.121833354
0.16357881
-1.0131173
3.7220974
-2.9681375
2.175408
3.3962283
1.2696388
-0.85089236
-2.4447813
2.9468021
0.62305266
1.7462376
-1.7112223
-1.563814
-0.7874852
1.1156487
0.1563777
-0.84926736
-2.4149098
-0.35555372
0.9171043
-1.1194842
2.478662
0.29737282
1.4764475
-0.9429901
-1.6733031
0.8627261
0.103700936
1.8169012
-2.5481884
0.6043689
0.43725044
-0.81868106
0.9968105
-0.3086806
0.48549443
4.1435266
0.955128
1.5986803
2.6841567
0.113928474
2.8748722
-0.4336053
2.4925058
1.5118997
-1.3047615
2.1527538
-4.396073
0.8573804
2.867925
-0.33497667
1.8236564
-0.29047775
-0.6629442
4.710719
1.9150858
0.54726154
-1.3085997
-0.70756644
-1.8177696
0.5110892
-1.7580116
-0.9644209
2.1034954
2.3675694
-0.08871546
-4.437405
0.07473579
0.91656977
-0.93025917
-1.7005404
2.2087054
-0.5591407
5.4006543
-0.009926066
2.6292307
-0.22057828
-2.510753
0.6535067
1.4620596
1.5569526
1.3288524
0.15700893
1.6029762
-0.13613503
0.48447347
-1.3271972
0.5506832
-1.2436898
-4.3127694
-0.3792414
-0.98560524
-0.056072406
-0.44010204
-0.29986292
0.5144534
-0.6760979
-0.09285521
0.82517576
-2.0558045
0.5292938
-1.6575793
-0.93403184
3.150209
-0.680634
0.41806757
-0.6317155
-1.3816422
-0.025459304
0.31751335
2.819417
-2.2228925
2.430973
1.1113546
-1.8931717
0.19931728
1.0815881
-0.0736437
-0.33920416
0.6502887
-0.32121837
-2.7473795
2.3215451
1.6424273
0.8937007
-0.32656235
0.74307925
2.868966
-4.21998
1.8370259
1.0068761
1.4064922
1.3982589
2.686351
2.9658282
1.7634128
-2.0447326
0.43547294
0.8721752
0.7367563
-0.5309222
-0.24591112
1.1530558
-1.70987
-0.90392196
-0.16185074
0.40553293
2.1424892
0.051512048
-0.32771713
2.2986662
-2.6516697
-1.6229137
-1.6231875
0.74459785
-0.040499397
-2.7355947
0.68899643
-1.8351911
-0.8804533
-3.6939187
1.2813935
-0.30128342
-0.64649034
-0.3205955
1.5872012
-1.3849453
3.2431571
-0.32667854
4.5366473
-1.0136584
-0.6929561
2.5347793
0.18734452
1.7862222
0.9367231
-1.3159568
-0.55744886
1.698692
0.40126425
-0.424775
0.10699537
-2.8910208
2.6566236
0.40734676
-3.1114862
0.17130035
2.6452725
-0.8392001
-2.381295
3.9294565
1.1373733
3.6364102
4.3030324
0.60750586
-0.09556977
-1.8328452
-2.5249617
0.76053905
0.88725543
2.6572049
-0.83658063
-1.9730848
-0.06758571
-0.96433
-2.150805
1.468934
-0.37672085
3.6902645
1.3791777
-0.17388164
-2.7467468
0.07672273
-2.3848789
1.5614048
0.09035061
-2.3423736
1.726577
2.888156
-5.7003427
2.779878
-0.045969427
-0.35632586
1.6160885
0.3456702
1.5127896
1.6748532
0.29061916
1.0986085
1.2380067
1.0291072
2.7429917
-0.47066748
-4.3338575
-1.1046687
-0.32768816
-2.765936
0.6909667
2.4946578
1.8107319
0.13278334
0.57134813
-0.07234691
1.3660288
2.656658
1.9304755
-1.9599545
-1.0009118
-2.2213638
-0.68542916
1.1130728
2.3661978
1.0581111
-4.797611
3.6046808
0.08010365
-4.2984314
2.3263822
-0.4853522
1.4345657
1.5273921
0.71663076
-0.16353324
0.046701863
0.72785056
1.5853772
-0.05903297
3.6165793
-0.7097748
1.4945456
-2.7398026
-1.1547005
-1.3143345
-1.7056212
-1.3690674
-4.017371
-0.58783585
0.22656095
3.0596128
-1.2208302
-2.8857994
-0.25941128
-3.0015256
0.8580144
0.14112183
1.3605447
-1.3190278
2.364111
0.8817044
-1.8888699
-1.4568698
-2.7507138
1.699939
-0.88737875
-2.66871
-1.3720305
-0.89280015
1.7724333
-0.52281314
0.3072173
-0.8125219
1.426173
-1.5304071
2.8571417
-3.5795658
2.1885672
-0.45336634
-0.035075523
0.11790562
-1.0291665
-2.413849
0.67694896
3.107666
0.5528264
-1.8574586
1.7143117
-3.485392
3.7412105
-1.6188008
1.1500083
2.5078895
-0.043380663
2.437216
0.30181062
2.8264554
-0.6339519
1.5211134
-2.578909
0.14298329
-3.017439
0.81082404
0.1839301
1.130342
0.3092212
-1.0669049
1.5108927
2.3851225
-1.2204418
-2.7252607
-2.4097648
-0.876628
-1.8169025
0.14215453
-1.0643504
0.83485734
2.5452049
-0.8822095
-1.6485252
-0.56116146
1.4386935
1.605223
1.2705837
0.46415287
-3.1405373
1.3881701
-2.4282656
0.13844696
-0.119228
0.36141148
1.5427665
-0.4626812
-0.008122556
-0.36132142
2.497928
4.5722485
3.511965
-0.24341372
1.4488062
-0.67580384
-1.6872642
1.4066708
0.29955223
-0.99032015
1.3423424
-2.7236917
1.4419476
-0.39736232
-1.1439371
-1.6556752
-0.9546913
3.2771611
2.75499
1.3305109
-0.15289846
2.9442022
-3.3992522
-2.4884882
1.5169768
1.6618986
2.6953437
1.9620715
0.21347244
0.61978453
0.88130456
-0.63366807
1.994893
-1.2490993
-0.09097207
3.3524554
3.50156
-1.682449
0.7647661
-1.4460263
0.9201542
-3.1919606
-0.22123739
-2.1353364
0.6764874
1.2418078
-1.1377639
-2.2983274
3.3543434
-1.937141
-1.4856346
0.38394338
1.5378501
3.5170636
-4.619784
-0.5853021
-3.4501555
1.8921214
1.9045346
1.721962
-1.0421948
0.6797239
0.82480305
0.86030656
0.96212196
-1.6408802
-2.5441804
1.2147292
-2.8778436
-0.5039258
0.24295619
2.0083413
2.528048
-2.471014
1.2468666
-1.5614523
1.6262316
3.190562
-0.062227137
0.6159848
-1.0136821
-3.2492561
-0.38797554
-2.3420463
1.0814444
-0.9784284
0.05536778
-2.0877144
-0.8952209
-4.969325
0.9952169
1.2630223
1.6576414
4.4459095
1.4724371
0.730231
1.0129191
0.35092178
3.6528177
-2.9029045
0.74449223
0.2353552
-1.0127378
-0.3898877
-2.0220273
-2.3870053
-0.5230285
0.36342382
-0.014623165
-0.17104867
-0.038774535
1.5408213
-2.4158208
-1.8594801
2.2518234
-0.9987984
-1.0148203
0.6673295
3.3728592
-0.8840148
-3.4505277
0.34289834
-1.8484312
1.1543856
-0.17769915
2.823649
-2.3499165
0.6669685
-0.1772663
-1.3123976
1.5237296
-2.1309154
-2.5367463
3.390968
-0.33459502
3.5870576
-0.6978176
-0.87479997
-0.0113205165
-4.554487
-1.2049488
-2.8090434
1.3351132
1.3869195
0.31970602
-2.3031929
4.3302574
-0.3082297
-0.006339658
0.7741562
-0.05676674
-2.2856138
0.6958536
-2.2868874
-3.453927
0.7809209
-2.497855
3.6330492
0.012618296
-1.6146973
-2.9842718
1.2870272
1.7405308
-0.681956
0.37758067
2.0134487
0.6163751
2.4393125
-0.46289995
0.9089653
0.10486098
-0.11768017
-0.28711605
-1.1270484
1.4095047
-0.4452219
-1.9425358
3.3516774
2.919032
-0.85293925
-1.4263536
-0.55192655
2.2845068
2.1769912
1.672365
1.4257587
-1.2187788
1.1525185
1.0252812
2.992167
-2.7843122
0.7148271
-1.9602848
3.416173
4.2641964
1.427739
2.062185
-3.162448
2.30494
-0.16842443
-0.8910846
-0.1703339
0.059111834
1.0907065
1.7633119
-1.924387
1.608962
-8.075427
-0.9364898
3.291634
-0.08717344
-5.1592836
-0.5218536
-1.1524107
2.4144745
-1.1109982
-1.027307
2.0848901
-2.523955
1.0073972
1.3751843
-3.5286846
-4.2606587
-1.3624414
0.24369687
0.43745917
-2.3496027
0.8221013
-1.6614543
-0.8613738
2.7803578
1.8585281
-0.25086302
-2.5926037
-0.37945977
-0.9038206
0.6989003
0.5970725
1.2058017
0.7226191
0.7272145
-2.3602233
-0.011192903
-1.5540397
0.91835266
2.3566005
-1.800562
1.5446308
-1.0578548
1.0307509
-0.53939587
2.8236227
1.0943636
1.1532788
0.0038828999
-5.437216
-1.350034
0.40922624
3.0051508
0.763185
-1.9449375
1.1124601
-1.962764
-0.3655244
0.83079416
1.7736995
1.0783286
1.0499146
-0.82196885
3.525706
0.074078254
-1.0903995
-1.9375474
-0.58543086
0.3556412
3.913096
-0.2879939
-2.5070963
0.64116406
-1.2953527
-1.6907027
-1.7263277
-1.0532686
0.34759828
2.4298494
-0.5465633
-1.9103312
-1.6514022
-2.264271
-0.33683163
0.9387091
2.9147089
1.6087502
0.6978305
-0.8182962
2.3830907
1.5172441
-0.97695446
3.8802664
1.3035457
-0.61311257
2.6381948
1.8542156
0.21578524
-0.42811236
-0.22831494
0.64525187
2.971059
-3.3790917
1.8495046
-4.7902484
3.1534276
-0.11309464
1.5391161
-1.5009868
1.224292
-1.2069899
-0.35016942
1.2720972
2.4308836
-1.0279927
0.59113646
0.7425151
0.21553665
1.9131049
-0.73702127
3.5816238
1.4455935
-2.074122
-3.114351
1.7836957
0.3432959
-0.29251683
1.5922886
2.0405934
1.2175384
-0.7153352
-1.9504068
-1.8159132
2.673857
1.89531
-0.5197562
-0.9474085
-2.4013324
1.66866
-1.6467749
-0.6164601
-0.98630345
0.53236264
1.6499872
2.8356628
0.29914054
1.2323861
-2.706906
3.6056833
-1.7517452
0.57725006
0.87365794
0.8365048
1.4247807
-2.5704331
-0.4308695
-2.5347753
-2.6313746
-0.81884384
-0.6770952
-0.87520427
-0.7578484
-1.124018
0.6671462
0.24633667
1.111914
-0.4446234
-4.4689584
0.96431863
-0.51232177
3.69095
0.3863809
2.0425756
-1.2235659
-0.4985714
2.1522257
-1.8808587
-2.0254133
-1.137047
2.436139
2.8075004
1.6420994
-3.8085766
-2.7258615
1.1041427
2.4311323
-1.2007036
2.1989155
2.1353025
-1.6125491
-2.445847
2.4581382
-2.0773833
0.0036486387
2.3135157
-1.0682752
0.30670074
3.2675972
0.62400055
0.069299884
-1.3175442
-2.1570518
-2.780762
3.4976408
-2.5322242
-0.5328632
-1.0767044
-1.5301929
-0.0975698
-1.1480087
1.8270469
0.25128472
0.42299205
4.9883904
-2.1571293
3.4314864
0.5034602
-0.6076169
-1.0704714
-2.4254053
1.7054697
2.4223042
1.1789215
-2.4182572
1.4646918
-2.4222896
1.6448358
-0.03686089
1.0076697
1.498895
-3.6176639
-0.22254786
-2.790608
-0.5514136
3.4385345
0.59492743
0.6719616
1.7566017
1.9488472
-4.1682463
-4.4557486
1.9002244
-0.7105623
-0.97221756
2.497574
3.1777272
1.5648985
-2.5042992
-0.16124387
-0.98913074
-1.2832762
-0.6978893
-0.052128978
1.6967819
2.4503958
0.098498255
-1.3704543
0.028657306
-1.2061354
2.349652
0.6104025
-2.4494588
0.10503924
-3.069799
-2.4367218
-0.03350488
0.8059899
-1.1684906
3.753725
-0.012799971
0.90787417
-4.5626783
0.55977577
-0.7233736
0.7021478
-0.31465554
5.7819595
-0.18292391
-1.5400484
-0.77410185
-1.5278451
2.1650383
-1.6748306
-5.038911
-1.4432207
2.1739252
-1.3202568
0.026574738
0.038192052
-3.4492257
0.43677405
-0.7876003
0.71823704
-1.3271805
-2.6283536
1.6853725
-2.7411356
-0.7543282
3.068244
1.2081244
1.7555606
-0.97278756
-0.38713992
1.6132993
-3.6772537
0.2817376
0.6718586
3.0847368
-1.3134966
-2.2323167
1.0656537
-0.349752
-1.5987737
-0.40244475
-3.7528894
-2.3671606
-1.6054858
2.7971148
1.9154305
-4.4547434
-0.48501533
-0.4535915
-0.73256475
-0.409652
-1.7140417
2.369779
-0.16778001
-0.8934443
1.3852673
-0.5217721
-1.3551978
-0.11321102
0.94071275
-1.1624714
3.8415103
-0.17422932
-3.5331423
-1.2835094
0.33972996
-0.14857563
-2.7030265
2.8870494
-2.7899919
-2.1822665
-2.5778317
-2.1249037
1.4319006
1.5109453
0.7824514
-1.3546077
-0.8282129
-3.4901452
2.5961623
-0.19933444
-0.3009496
-0.081192486
-0.3281701
-0.1254471
-1.1209713
0.06562405
1.5122281
-3.7414634
-2.11533
-1.1094046
0.47445813
-1.9194602
1.5628234
-0.33694607
0.580663
-0.67627954
-0.09326178
-0.4615368
1.160164
-2.8296921
-1.0294912
1.4496816
-1.8394437
-2.798048
-0.011309743
1.2766553
-0.61583745
-0.834089
-2.1990979
-3.987228
-3.5068552
-1.3263396
-2.092257
-0.39971042
-1.1014479
-3.4056463
2.993303
1.534746
1.1348808
-2.2796063
-0.44829485
-1.8954867
2.7859712
-0.18642405
-1.8215966
1.5373614
1.172115
2.155945
-0.97479486
-2.071557
1.7742351
3.5833998
0.628753
1.07844
0.44010425
-0.66645056
0.68644834
-0.9318371
2.8436608
0.85028285
-0.5171468
-1.2305183
-1.8608475
1.4438758
4.906232
1.455045
0.82285684
1.7354152
0.91293263
1.6661465
0.103244275
1.0571297
-4.101858
0.13580996
-1.9473761
2.4928594
8.795289
1.0300089
1.9939893
0.59463817
0.53958005
-2.6229577
-1.9253111
2.0009437
1.5892544
0.61185324
-0.7557329
-0.3044771
-2.0790877
-0.7016442
-3.375531
2.9171536
-2.4986393
1.7777125
0.39936647
0.90888965
0.12159001
3.121244
2.627928
1.4277477
0.25113398
-0.12743253
-2.4288592
-0.46148765
0.12700373
-2.2803288
2.4850283
-2.7019897
-1.5962573
2.9496105
1.2255484
3.8073866
-0.30905265
-0.3479924
2.2052395
0.32694152
1.4200932
-0.8657676
-0.20759615
2.5629315
-1.4457521
-0.33713818
1.9176695
2.9471622
0.31250322
-3.9369094
1.4882281
3.712217
1.3306384
0.3560577
-3.5212946
0.4867647
0.41658708
1.2942654
0.7907477
-0.31024545
0.1058815
0.056368902
3.1050742
-1.399875
-3.9530225
-0.4927488
0.7205396
-2.2240484
2.017603
0.6779153
2.164539
1.2985758
1.5378101
-3.7610466
-0.71318185
2.6561813
-2.954406
-0.3816096
0.6092964
0.043031506
0.25568262
-1.4334042
1.675435
-2.9949493
4.1974053
1.434234
3.4607482
-2.1191444
-0.29000902
0.68743014
-2.9934344
-2.0547094
-2.3792377
-3.7483106
-2.363564
0.57127494
-2.877651
2.8932445
-0.2890581
1.8201412
0.27881765
0.6379462
-0.97309
-0.65696716
-1.5820583
0.93347085
-0.01807975
-1.4392713
-3.8002338
-0.66436774
-3.484107
0.9014921
-0.40287903
1.9634356
-0.34054792
-1.2544159
1.1933783
-0.87733954
-0.3882677
-0.27612618
-1.3956667
1.073306
0.65656847
0.39365587
1.6262993
0.595434
1.2082286
-0.57820123
-0.04456997
1.2830865
0.22774479
-0.7262736
0.88711625
1.3076844
-1.9589984
1.8102541
-1.4718909
0.9451571
-1.6757989
0.57118714
-0.4463473
-1.5584333
-0.7828261
-1.5431925
-3.0757732
3.0115304
1.0536565
-0.4631448
-0.9159316
-6.0703664
0.76467663
-0.6728845
-3.5829554
2.698199
1.3166021
-0.857018
0.54190016
-0.23127079
-2.3251123
4.1919675
-2.9726307
0.12559414
-0.34080204
-1.9518993
-1.7497149
-0.74624956
2.0238578
2.0859528
-2.474696
-0.1793119
1.0672698
1.2661992
-1.0063409
1.6775819
1.1552178
0.38560998
-3.6760945
0.09970596
-2.577151
-1.8964516
-0.48632315
-2.451871
-2.076946
-1.6193298
-0.35659897
-1.6510406
1.7423341
0.5376209
0.39485586
1.4776332
-1.3495835
-2.2124352
-2.631073
-1.2851678
-0.9850957
-3.5670335
-3.6643763
0.33432463
-1.0031283
-1.8546323
-0.46103594
-4.0148954
1.2444687
-0.91307294
1.2935754
1.9467221
-0.5839396
-0.77574974
-3.243387
-1.2013098
0.6151434
1.2503476
-0.2400896
1.475054
1.7305763
1.6843879
0.66134566
2.0321422
0.17514867
-2.6444955
-4.563851
-0.12251048
0.4920575
0.109680094
1.5452747
1.5799153
0.84498227
-0.5519604
-1.537872
3.2364326
1.0172461
4.131871
-1.2911776
-1.7745239
0.076832525
1.1577898
-0.5510978
-0.5120888
-3.425675
-0.3677923
-3.3605793
2.4786153
-1.3620746
2.2247508
0.7137019
1.3369899
0.54468894
1.9254458
1.3160653
0.51854134
-2.10958
-0.74305356
-1.0631112
-2.1066144
1.8639723
-0.4893346
0.18414806
1.6946075
-0.6253094
2.031938
4.4052615
-0.33989626
0.05363959
-4.974196
0.7375196
-2.5392978
1.913007
-0.651562
0.43118283
0.021558344
-1.7195648
1.6707474
-0.123398304
-1.7374355
0.76188236
-0.5332587
0.9657097
-2.3780682
1.3843882
1.0645249
-2.15405
-3.9144752
-0.18020183
1.5223628
0.62445897
0.1668017
2.7819743
1.297214
-2.8275795
3.6621766
2.4567113
-0.71672606
-0.61636984
-0.004363235
-0.1737604
0.23419535
0.95849925
-5.1861405
-1.132023
2.5632038
-1.8309672
-1.9328306
-0.8494738
1.0789908
-2.8270772
2.5296109
-1.8967052
1.1807768
0.21332812
-2.4748638
-0.52664644
-0.8790868
-0.8855097
-0.4585232
1.5540944
0.1885792
1.4813931
-1.7393105
-0.20102423
0.27951097
4.3689528
1.459597
-0.4262557
-1.4450469
2.7469704
1.0512992
1.5022391
2.110507
-0.68631417
-0.99027765
-0.8424093
3.3202026
2.8518214
-1.2144659
2.601426
1.4368713
1.3076915
-2.1326582
-2.9156473
-0.39251274
-1.5541508
-2.6329272
-0.7219714
1.6113662
0.73825145
-1.2627913
-0.89543414
0.47090593
-1.1912608
0.7540837
-2.3965554
1.3316981
-1.087595
1.3541529
2.273407
1.094773
-0.27519384
-1.0866722
-0.8450351
1.5555378
0.6637975
0.72569805
0.67889124
1.1044382
1.217847
1.8103311
1.0204576
3.5562718
-3.7740526
0.25212923
-1.8097382
-1.8170204
-1.5526916
-0.8461646
-5.6045804
-2.3199563
4.4624367
1.7649565
0.4821056
1.5358692
1.1196878
-2.2069325
0.8262923
0.71318
-3.9082272
2.896104
-0.19481014
-0.5773079
0.9101868
2.4354014
-0.7814607
2.1708965
2.2276976
0.8848554
1.0791543
-0.32223704
-0.87624764
3.778799
0.022135466
3.7989068
0.9788545
-3.5726726
-1.7503322
0.15905192
1.7622869
-3.8237057
1.0714666
1.2936076
1.202956
0.9258568
1.1305529
-2.5993173
-3.8139927
-1.7025868
4.2259336
-1.9158163
-0.926608
0.7615658
1.5801384
1.642311
0.18127298
0.80116194
-1.4236475
-0.060031116
1.2297053
-2.2468348
2.0607502
0.14740811
-1.5055062
1.4922173
1.1992166
-1.7192081
2.3249
0.92948264
-0.7517999
1.0865613
-1.7057047
-2.0864823
0.647723
-2.8032992
2.068263
0.52734405
0.53166187
0.35665706
0.8689352
-0.4703803
-2.6092095
-2.224064
-0.2818763
1.0903176
1.990135
-1.1168338
1.8370719
-2.1211033
-0.5350499
2.213573
2.7131262
1.2250412
1.1790484
2.3913708
-0.075974815
-3.0803816
-0.15653472
-1.6967398
-2.6116593
1.0463617
-1.6438135
-0.70081633
-0.31726164
-2.0154388
-1.1440427
-1.1229999
-4.364156
1.1621844
-0.30363062
-3.301469
-4.245603
-1.9197383
0.025895722
1.7777206
1.0890006
0.8793003
0.6040857
-2.9500694
3.0430374
-2.715174
3.35093
-0.70960456
-2.3649476
-3.0303912
0.3028517
1.4152519
-1.1169226
-1.6957433
-3.0665712
2.088309
-2.1891592
-0.69505787
-1.0369196
-2.7890825
1.0309191
-1.1160862
-1.5318863
0.25337768
0.46635133
-0.46492153
-1.7150457
-1.1323119
-2.7905865
3.5345595
0.92870134
-0.83843595
0.46528074
-0.024510529
0.5556346
1.0039657
-2.7081783
-1.0723206
-0.57918847
-1.7641578
0.12634298
2.1722863
-2.1498477
0.36827403
3.5116172
-2.84954
-1.581124
0.1416935
-0.19780311
1.6273085
-0.36018094
-1.4759446
-0.3961351
-4.6476355
0.93079156
0.61415905
-0.5013028
1.4684838
1.2446057
2.0604458
-1.5112967
-0.048249193
1.3764932
-1.9693162
2.2400694
2.1133301
-1.7403748
0.61811566
0.5032618
-4.2685738
1.8798325
0.12685391
-3.8798852
2.2215028
-0.0068201534
0.5173178
1.9952263
0.4673028
-1.6684208
0.45239198
-2.5567412
2.1627963
-0.06596805
2.1322308
-1.1248119
-2.4094417
-1.5853112
-4.152817
-2.647614
-1.3153555
1.9036874
-0.28604454
3.5962803
0.7856334
-3.213182
1.6633428
0.07439363
0.7518616
-1.8995683
1.9492942
-0.8838754
-1.6846905
-0.5568689
3.120698
1.153997
2.8333514
-2.837089
0.30384123
2.0097024
1.0697598
-2.2211556
-0.31289634
2.1050143
2.8888962
3.2987542
0.6018887
-1.7991757
0.73996603
1.5120522
-2.589951
-0.59617233
-0.15650338
1.1044337
4.343816
0.38790742
1.2658125
1.9032053
-0.90244293
2.3601058
3.5925756
-0.018566824
0.69088703
-1.1816211
0.7308621
2.1736324
1.2801336
3.5536785
-0.56030697
0.35193262
-0.7924827
-1.9190683
0.5110113
-2.523254
0.1587161
-0.49514952
-2.3673494
0.75639564
-0.36178854
-3.4229295
-0.4685701
-2.3990788
-1.4474866
-0.79269063
-2.1150787
0.31170335
1.0823354
0.25204045
-1.3312747
0.2620027
0.74795985
-1.5458068
-2.185491
-0.31606087
3.6563952
0.8559819
3.434352
-3.392346
1.2024156
-1.659305
-0.43028063
0.35450825
-0.19529983
-2.2378643
0.17727213
3.1398869
3.6833887
-2.353791
-1.7268157
-4.2491956
-0.1949966
-3.2579014
3.713164
0.80113155
1.8637908
0.23741929
0.9707438
0.92341405
-4.18843
-2.087858
-2.8705251
1.8409687
-1.1493955
1.4018698
1.9121051
2.318894
-0.883285
-0.9721963
-4.1870255
2.5332072
-5.2590714
0.1849842
-0.024435058
0.00063195825
3.3247628
4.8206534
-2.9069884
2.2552803
1.3443712
-3.6491609
-0.60405165
3.6488776
2.5388417
4.3508563
1.3245478
-2.0549111
1.2765055
-1.1396407
0.5841689
-1.9790834
0.4334649
-0.22517277
1.8016249
-2.5808096
1.635898
2.0383265
-0.7673771
1.9504081
-1.9337624
-1.6784248
-0.86676425
-0.7593461
0.6272846
1.8579074
0.14370632
2.0263417
-1.144966
3.618708
-1.237473
2.0424476
0.35086557
-2.1899722
-2.2333481
-2.2296531
-1.1878747
-1.1289264
-2.0130696
1.0250832
0.9221976
-1.4300275
0.79622465
-0.40737793
1.3065339
-2.7577934
-1.3084737
1.263503
0.5933396
-1.5998542
1.387259
-1.368553
-1.0152828
-0.2946365
-2.5267003
1.1959099
2.0339108
-1.5469505
-1.6588647
-1.8724315
-1.4160697
-0.34629261
-0.36668128
0.005017489
-0.23800004
-2.3144577
2.6076035
0.8240065
-0.111619085
1.794444
0.5426718
-0.5364004
-3.0427606
0.91243786
2.3129578
-2.7469928
-0.058071785
-0.55565315
-2.9067285
-1.3822796
-0.70553875
-0.6080097
0.057012707
-0.42097473
-0.7993778
2.21834
0.26660898
1.1593068
-0.85887676
0.19990984
-0.6736052
0.36017397
2.9879432
1.5889857
5.817224
1.2875172
-1.2790986
1.9503036
1.2689761
0.7056305
2.3841443
-1.862998
1.1306913
-0.26747558
-0.30484468
-1.1234375
2.9945652
-1.723699
2.702812
0.16156265
-0.4538947
4.0761385
1.3196445
0.61027366
-2.0592492
-1.3250896
0.0420587
-0.39362374
-2.1661627
0.627295
0.77269846
0.8999944
-0.043534063
-0.7154356
-4.064519
-0.19058885
-1.1062175
-2.4957285
-0.98203486
0.1771858
1.5108026
-2.4962914
1.7539916
-0.42646787
3.6495996
0.9847176
-0.63800675
1.1725692
-1.0736861
0.60788584
0.28242105
1.9618857
-0.5289672
-1.302495
-0.56682575
1.9570137
-1.0215038
-0.16228914
-2.0876667
1.5407708
-2.5435023
-6.198305
-5.127666
-0.5515873
-1.3855882
0.80538845
0.8826164
3.4329078
-1.7358856
-2.5683901
0.13664427
2.5186837
-0.44723997
-0.91591394
0.011444937
-1.5105653
5.578389
-0.48347244
-0.88280934
-0.28968072
1.5300336
-0.9943471
-0.30739933
-0.14973255
0.19544545
3.416778
3.5236053
-0.36835432
0.3920991
0.5801411
3.2273755
1.6906825
0.64183265
3.9593613
1.7816128
2.33985
3.0778654
-3.8423476
2.018672
-0.3767445
-0.20076706
-1.1289217
-0.21638432
-1.0329946
0.44782096
-0.78031653
0.008666486
0.042954065
-0.7274041
-0.7003845
0.2246972
-2.9685595
-1.9175055
1.272925
0.27751526
1.1378562
-0.5175796
-0.23913763
1.0453821
1.4526289
0.9374259
0.6375873
-1.4179136
-0.8600714
1.4460158
-1.5951294
0.93725836
0.3677256
1.8009994
0.77454954
-1.2956625
0.30889443
1.9993721
-1.0117592
-2.635184
0.9947141
3.1997192
2.3124797
4.0297413
0.8254678
2.0036917
-1.696825
1.2372829
1.0069627
-0.22876284
1.3466017
-2.0865977
6.214861
-0.67129576
2.8183653
-0.4455492
0.5810804
0.10291128
0.10663295
-0.974039
0.5993973
2.933978
-0.016003363
-0.7805907
-1.3265891
2.4740362
-1.1465333
5.3512764
0.027369682
0.48930097
-2.5819368
-0.7823964
0.9199505
1.4177523
1.1844465
-2.564961
0.845178
0.5198236
-4.0687685
-4.862329
1.5901873
3.4606915
-0.7743046
1.2473528
-1.9828966
1.0346402
0.7195656
-0.6187854
-2.195464
-0.5524551
-0.3905301
0.92596126
0.7598515
0.2473676
-0.9059945
-0.7387208
0.17017561
-1.5763023
2.3069453
-1.2755735
-2.2844827
-1.5224944
1.2020409
-0.38316217
1.8853025
-0.3096284
2.6396594
-0.14399338
1.9547876
2.2325482
-3.7242484
-2.455061
-0.9139953
-1.1474006
-1.0441585
-2.7839596
-1.800926
0.16194968
0.58397806
-0.8653667
-0.83275807
0.8696376
1.758808
-1.5575885
-0.6331721
-0.79840165
-0.65754825
-1.8704733
4.1434655
1.3139927
-1.2022943
0.8070606
-0.37253147
-1.4652516
-1.7789232
0.066696905
-2.0627313
-3.0106883
4.8836913
4.6539884
-0.3126703
3.3649707
-0.38003668
1.458353
-2.0460906
-0.4535972
1.3493246
1.9675452
-4.5768113
2.5628064
1.9656968
2.3683228
-2.3622456
-3.1649418
-1.3733426
4.9081764
2.3512263
1.9186904
-1.787137
0.9718505
-1.1356115
-1.5505894
1.4075135
3.4297996
0.9530711
-0.36851025
0.20623867
-0.49239093
3.4459329
-2.2397656
0.4980685
0.32056147
-4.289913
-0.36186197
3.152059
0.95518714
-2.0576122
2.0039
-4.05675
-0.19424522
-0.6287293
-2.5444334
-0.14109805
2.2382772
-0.47564185
-4.167736
1.2899822
-0.68115366
0.39027798
1.0058873
2.7643807
-0.9274609
1.2567654
0.007069953
1.870593
-0.38159585
-0.7755557
4.170954
0.3928591
-0.28307724
-0.07491636
-0.3613401
1.9835353
-2.480747
-0.45660353
2.1521919
-0.1269477
0.08047882
-1.1319102
1.2462169
0.43637303
2.6325755
2.2310288
0.27690905
-1.311774
-0.4174302
-4.105973
0.5317651
1.5264066
1.415976
-0.36299407
0.55073583
2.188919
0.61405873
-3.2534113
-0.9615369
-1.0970709
-3.6985157
-0.1334584
0.23261267
-3.0236535
-0.24235126
-1.1536607
-0.077974275
-2.4249434
-2.3315988
-1.2002165
-2.6469002
-2.0044332
3.751744
-2.049521
0.23376748
1.7064853
3.021761
2.6481266
-1.0051606
-1.0792779
1.8266155
1.8934655
-0.00013746321
2.7718534
2.9806874
2.1982746
1.240835
-0.24488838
2.1651003
-3.4410703
-0.5423946
-3.3270168
-1.0158429
2.4736626
-1.6550173
2.4635465
-2.166985
0.6203493
1.004075
2.2471561
-0.087136276
0.7724519
2.3713584
-0.51749355
0.97033465
-3.018407
2.207991
0.95409226
-1.8871714
-2.172822
3.27283
0.9155139
-2.4652553
-2.0824265
-1.3396479
-0.019558758
1.010893
2.846861
1.480518
3.1539533
0.46732035
-0.03155952
0.66683304
-2.59387
-1.1256486
-3.2058396
1.6180209
-3.85889
-0.21123573
-1.8424602
-2.2421935
-0.087369554
-4.456144
1.1402216
-3.4229298
-0.895898
-3.0790539
-1.6947683
0.6115951
0.8237051
-0.09159183
0.5000265
5.885283
2.2691019
0.13141203
-0.72766393
0.030142449
1.1869754
-0.7162137
-1.0435133
-1.591874
2.6960323
-1.3018147
1.5356544
0.9653144
0.42110142
-1.5545223
-0.2325758
1.0373789
0.7851605
1.1116654
0.003253933
-0.13824728
-4.570414
-0.5865848
0.57934386
0.5909332
2.6639218
1.655722
-0.17966613
-2.4229016
2.0062575
-1.5703408
-2.925087
-0.5334165
1.0407354
-0.48406237
4.2886953
0.43610042
0.97391665
4.6593513
1.3185033
-3.5132911
2.0984254
-0.6253017
2.0563974
-0.49777058
-2.4321733
-0.8487215
2.2893114
0.20333728
0.3408237
3.604323
1.3211687
2.5113099
3.9393482
-0.33899322
-3.9056878
3.7005816
2.6743531
1.913311
-0.17994733
-1.5101998
-0.20012876
-2.5463338
-3.867345
-0.9870384
0.66255265
0.6213549
-0.0750867
-0.55269766
1.7123108
-1.5735216
-0.9528564
4.5079565
-1.8078755
2.4265933
0.3981715
1.6188972
0.42577335
-1.379668
-1.1188685
4.3891373
3.4721181
0.28391057
-1.1305989
-0.12381223
2.090996
-0.020988196
-0.26065132
2.7259643
-3.29982
0.22489575
-0.47090238
-1.1375172
-0.1869505
-2.0717077
1.0672379
-1.0734612
-1.2356893
0.08181685
-1.9608349
-0.68279886
-1.0474049
-1.5559396
3.7736726
-1.1069789
1.6546373
-1.3974853
1.5254524
-2.2586253
-1.3534185
0.9100595
-2.1088555
-4.833956
0.24416566
0.6344206
-2.1806827
-0.51341635
1.4101931
-2.474976
1.6300713
1.0680436
-1.6571538
0.4856993
-3.2259743
-1.771475
0.92876077
0.7268119
-1.2765952
0.83321065
0.27441865
-3.9862528
0.60950786
0.70643294
1.0566318
-1.5857065
-0.80358475
-1.412141
-0.1522983
1.9707432
-3.305353
0.8529919
-2.2628102
-1.8455698
-1.9152491
1.0443443
-2.0440235
-0.7132905
2.361083
-1.5864263
1.1791922
0.0535457
0.049543798
0.21837318
-2.2596684
2.006867
1.4703029
0.2542954
0.5060143
2.790762
3.9624546
-1.1347235
2.0732083
0.065312654
0.018845938
-0.30546674
0.621073
-0.23131597
-4.4512258
2.2062128
0.6220364
3.648962
2.468518
-1.4159948
0.7897945
1.2954144
3.8253617
-0.7684045
-1.9399781
0.52170527
-1.7639437
-1.2561755
-1.9017522
-2.9417577
0.13787894
3.8723028
-2.7696838
-0.7450686
0.36853716
0.49418056
-0.11828273
3.6681628
-1.4588288
-0.71896505
-0.057880156
-2.9491343
-0.87260914
-0.5215146
-1.601823
-2.0991964
0.10305047
3.0471866
0.59771353
-3.6485236
-2.9186094
0.3237956
-0.8212487
-0.35275722
-0.8576883
0.9558222
-1.0393986
-0.17329279
-3.5037627
1.1874385
1.542355
-0.12088134
-3.196355
-1.4155037
1.6309254
1.3357868
-2.4993448
-2.179626
-2.3384304
3.3860528
-0.847906
-3.3373156
-0.5894471
1.154429
1.634169
-0.5947256
2.055565
0.52918774
-1.4072682
0.9816789
1.5961088
2.9665508
0.7390502
-4.8951197
-1.0306708
1.7712817
-0.7342578
-2.9324179
0.7012392
-1.6118904
-3.1966288
0.21883082
1.4714012
0.44671968
2.786932
0.90706575
-0.6864942
-1.0013713
-0.6973785
1.1127803
1.5690608
2.6954176
2.5322454
-0.75845164
0.8292707
-2.3261113
1.7954195
-1.3448123
2.002336
0.20918909
-1.0565047
-1.0049556
0.10906669
-1.5410804
0.361614
1.1610526
0.25617853
-0.92979443
1.3274642
1.6711913
-0.9093361
-2.509871
3.2373297
-5.2994637
-2.6119576
2.1598625
-0.4353649
-0.09944462
1.5624235
0.008150376
1.746721
-1.0771651
-2.2813923
2.0093274
-1.3121904
-0.1609411
0.38096935
0.0012534633
2.4541652
-1.7650542
-1.8354121
0.23719625
-0.5832999
0.08826841
2.5017984
-5.6004853
-2.9796407
0.5356097
1.9329598
3.8511403
1.273699
-3.4142866
0.85706383
0.47041637
-2.494559
-0.8710458
0.39475226
-1.9042991
-3.5078738
-4.415152
2.0258324
-1.1152673
1.5948985
-1.1126032
1.5722224
0.032697484
3.8386438
-2.7642865
-1.3280503
-1.8092796
-1.0124456
2.594139
5.0354047
-2.013567
-2.2305079
-0.44692767
1.2996709
-3.1483834
-2.5684106
-2.4509473
-0.7510439
-0.9316191
-0.79959595
-2.2243066
0.06875126
-1.5863717
1.7086656
-0.6877676
-0.346085
2.0090182
-1.6492213
3.1532338
-0.028613303
-2.235955
0.5893404
0.47001415
-1.2910848
1.0944576
3.5124133
-0.5866055
-0.24034691
4.0223227
-0.51722264
-4.1911454
0.3557335
3.292081
0.64484644
3.4255066
0.062707566
1.8747253
-2.530406
-0.402085
-1.6021329
-2.9204915
0.11603718
-1.423463
0.5967881
-3.5199432
0.96057147
-1.6567109
0.089788325
0.34960544
-2.3502553
-0.6808066
1.270471
1.1952362
-0.28055444
-0.32486534
-2.4894836
1.0518416
-0.6450503
0.51572144
1.456545
-2.0279598
-2.3757055
-1.5766847
-2.3238752
1.4403147
-2.0392137
1.3121839
-0.2323166
-0.4389121
1.1797057
0.30835152
2.5254474
1.6302712
0.60769516
-0.9057434
0.19768237
-1.8556905
2.8188405
-1.2645159
-2.5191588
1.1622617
1.8602998
2.4025977
0.102131575
-3.0196068
0.7641649
2.8550773
0.3237416
1.8265165
0.30582905
0.99111235
-1.4107248
-0.48049074
-1.1430625
1.8594459
-0.51261574
-0.73024
1.4923252
0.058245048
-0.34636047
0.46159258
0.36243957
1.5240709
0.5765198
-2.515165
1.0304631
-0.9550112
1.022192
-3.9302473
0.9911519
1.0570612
-0.5366886
0.9427613
-1.1355032
1.8443841
-0.6235227
0.40237477
2.2772033
1.8357056
0.77007204
-1.4691684
0.6462003
1.6928427
1.3518198
2.556772
-1.2904706
4.273727
-0.66922957
-0.039745174
1.715537
-3.3338218
1.5601882
1.9725581
0.4447798
-1.9391354
1.418532
-3.2513368
0.8016718
1.7366146
-5.5551434
0.31347495
-1.0776361
-1.0746385
5.806751
-0.8793879
-1.2001767
-2.5727355
0.2365506
-3.7654295
1.0982039
1.219487
0.06594762
-1.3081878
-1.23989
0.6866611
-2.1322532
-0.45874846
2.576272
-0.1776284
0.95643806
1.3433028
0.49643958
0.5820652
1.3700706
-2.3550184
-0.029642198
-0.20287058
0.65123135
1.7693888
2.6098647
-4.6772976
-1.6929388
-2.7344253
1.1611942
-0.042081088
3.1779912
-1.4048282
1.6280868
0.6510505
1.4926575
-1.9383689
0.032836594
0.26101285
-0.19915706
-1.6905644
-2.0584679
-1.6447684
-3.440552
0.06390719
1.693284
1.0785654
-2.1272423
-0.24285269
-1.5594549
-0.26477602
-0.294635
1.9169952
0.5450198
-1.5046856
1.5684471
1.3631313
-3.5622973
3.744884
2.7324102
-1.0720106
-0.799629
3.1171231
-1.7058834
1.1229781
-0.5196157
2.9010823
-0.29208434
-0.114356846
-3.2916884
-1.0311319
-1.4795436
3.7883492
-1.8551465
0.9501807
-1.0541073
-0.47969863
-2.506638
-1.6152505
-1.0688936
-0.70305455
-0.6902845
-0.46405596
-3.8115227
0.22466856
2.559822
2.9532545
0.1227545
-2.1216414
2.560702
-3.1695266
0.87853765
-2.3805056
1.2455363
-0.6033018
3.17319
-1.1377258
-4.174163
0.11267251
-2.645262
-2.7664802
-0.62899184
2.500051
2.6098638
-0.45552993
-1.7960598
-2.359253
-1.6928287
-0.8348707
2.293951
-0.40663773
-0.6847045
-1.3647608
-1.3483449
-4.379544
0.8112984
1.0073206
-0.15957104
-0.74959785
-2.4069748
-0.0056295954
0.5550004
-0.90424937
1.0392994
0.34159374
2.0496087
0.025261931
0.56677175
-0.2654708
2.7194872
-0.026449963
0.1572688
-0.7706979
2.2487636
-1.7011957
-1.4991751
2.156228
-0.20571601
0.90190065
0.37279618
-0.46046045
-0.80900383
1.1064652
3.6673563
3.196702
-2.676146
-0.45230412
-0.72650087
-3.304685
-2.996286
-0.9541123
-0.81427425
2.114062
-3.1985364
2.4934025
-0.61230576
1.1639253
1.0657067
1.4260831
-3.4539218
-2.8336198
-2.7502809
-1.236033
4.5706983
0.48001873
-0.02590426
-0.48285106
0.5570907
-0.49171615
-0.66598666
2.0743484
-0.1481835
0.7882282
0.93963563
-0.9831967
1.7315266
-1.2263503
-0.31097052
-0.38343364
2.4486709
0.058333486
-0.22157711
-1.0826664
-1.0643886
-1.3828923
1.3535287
-0.6323697
1.1716102
-0.6429633
2.7629526
-1.7355182
0.990693
0.7918268
1.9602616
0.8044556
2.3747191
-0.65308434
1.0935023
-1.3051116
0.065897726
-0.03174335
-0.66037136
-1.9528359
1.0297034
0.796853
-0.80650616
2.4383664
-1.3867698
-3.260751
-2.5631788
-1.1568799
1.9143788
-4.8540974
-1.4829019
1.3747426
-1.5879271
0.7888263
-0.04659599
0.22511226
3.1451771
-0.6877605
0.071820304
1.686216
-0.13461614
4.308145
3.0944867
-0.4508372
0.96256125
1.6804973
-0.5745967
-0.017724171
1.8276285
0.6585812
-1.8294767
1.4192953
2.180038
-0.62443435
-0.36506608
3.1832755
-2.498398
-2.0110457
-0.30454898
-0.7674742
-0.47927487
1.2873788
-0.16459005
2.2414827
0.52099115
5.664848
-0.5284209
-1.071443
1.3756675
3.5685456
-0.6551884
-2.0801597
0.57467526
0.06316773
1.5370888
-0.60461915
0.8626548
-0.04421576
1.833548
0.059932232
-1.2497299
-0.88175505
3.2614243
-0.075879246
-2.6058075
-0.5804257
1.7888391
-0.40626374
-0.22537532
-0.84046644
2.6019647
2.067196
0.002829723
2.3415146
1.7924261
0.2968163
-0.41168472
2.997319
-2.1827235
-1.3501625
1.9260464
-1.0469239
0.5143939
1.2320124
-1.2454495
2.1982586
3.1214433
-1.3460621
-2.0023577
-1.0156995
-4.1785483
-0.21327603
1.2524673
0.4426188
0.025070816
-2.118498
1.027392
0.22584748
0.9481548
1.7645677
0.86064637
-2.1874006
2.8421247
0.9191716
2.2446773
-1.506211
-0.4208535
-2.4936743
5.7035265
3.6624367
-0.32595956
-0.7445463
3.5284793
1.1928791
-1.5754198
0.5273398
1.1204172
-1.5129808
1.426006
1.1024389
1.7253636
1.8884103
-4.1567783
-0.17001727
2.1320767
2.9367304
-1.8300369
0.66108537
3.5680244
1.7818913
-2.4180107
-2.0239275
0.4261774
-1.3927089
3.2002897
1.4198595
2.1014771
-1.7486846
-1.0646722
-2.5520606
-0.25063232
2.351053
-0.6218318
-0.93089855
-2.399725
-2.738773
-2.6833482
-1.2406502
0.21173082
-0.45562816
4.4787383
1.6034228
1.4957016
0.76338875
2.6129453
0.9490451
1.9583794
1.6843501
1.0788705
-1.1814898
-0.5042596
3.1898437
-3.8003542
-1.065738
-1.5166281
-0.6272719
0.119708635
-1.6781242
-0.2697443
-1.8548616
0.8924179
4.1957016
1.2811195
-2.3508668
-0.012905322
3.0271087
3.238772
-0.51259863
-0.41672024
0.8890685
1.7542895
-3.4014926
2.064154
-0.9138501
0.41947004
0.6013695
0.95822066
0.40591973
2.076213
2.9817724
0.41125
1.3420186
-2.581618
0.8810524
-0.41367072
3.0069785
0.28755298
-0.7887117
-0.4681153
-0.9560436
0.6867964
0.5469319
-0.2138383
-1.1755055
0.09143007
0.22000125
1.5803682
3.2765002
1.2530836
-1.7557312
0.5112558
1.3182462
0.5901763
0.16841441
-1.0988212
0.18034038
1.324673
-0.42086634
0.7531099
-1.5239121
-2.540627
-1.4805726
-0.28955495
6.582186
-0.71001714
-0.84263957
-1.3085
1.8778145
4.1764717
-1.1495831
1.6601634
-3.4166634
1.9053999
2.0677743
0.63589555
0.004310392
-1.3206575
2.824399
1.7735492
-1.8327228
0.06776895
-0.9100848
1.7734269
-3.6094582
-0.1435075
0.86602
1.5326085
-0.66625804
3.4325182
0.81853616
-0.9489659
-0.9990301
-1.2533077
0.8009152
0.88173306
0.026493225
1.2425218
0.16722947
0.53668857
-0.7201489
4.172712
-0.8130468
0.1629652
1.2021728
3.5704517
-0.38163334
-4.2175174
-2.7051024
2.6750615
0.8126878
2.1202757
-1.9142364
-0.72701234
-1.0804956
-0.58578676
-0.05734817
-5.302196
1.3678712
-0.38540927
-0.019688226
1.450074
-1.4900054
-3.0540788
1.9447114
-1.0717033
-0.51050234
0.9897341
0.6336555
0.537763
0.80362713
-2.771838
-1.4849689
-1.721492
-1.4487286
-2.0148582
1.9537286
2.0952034
1.0410016
0.10442506
0.41482803
-0.4581077
1.209938
0.23233044
3.9430094
1.6076857
1.7475393
-2.1743107
1.9873914
-0.7923585
-3.3681114
-1.4694548
-1.3609003
-2.194171
-0.36749983
-0.27439794
-1.8113542
0.1111518
1.7401006
-0.09991333
1.7760354
-3.318487
1.439455
-0.7118928
-0.828527
0.92741084
2.9862154
0.07307384
-3.8490555
2.6037989
3.6330514
-0.77376556
-2.855855
5.126028
0.43111473
-2.1409388
-0.38713086
-1.5868167
-0.32446086
-4.633422
1.3297246
2.4062815
-0.43829995
0.5661847
-2.7066824
-0.77998024
0.48454833
1.5282265
-0.48701912
-1.0174178
-0.0735253
-4.3439736
1.632716
-1.1169292
-2.9139018
-1.7488015
3.8294275
1.3280711
-0.90623593
-1.0765954
-0.9526546
1.3923762
1.6637088
-1.5686197
0.3469762
2.3539212
2.1879842
-2.5652263
0.30823347
-0.37021202
0.98603857
0.5797379
-1.2340236
-1.0293889
-2.9659212
0.66164696
2.3642142
-0.26435503
-0.2650388
-0.8125356
-3.9058893
0.00036100298
-1.4508656
0.7146374
3.4037833
-0.73386675
0.15370639
1.8119928
-3.4535122
-0.3793795
0.7319433
5.239663
1.0527356
0.0829672
-0.5762144
-4.702362
-0.09535569
-2.5564246
1.5674487
-0.33855987
2.3225164
-0.99879074
-2.6836002
-3.823771
-2.12787
0.61624247
-2.3598976
0.6448983
3.2524486
-0.8538511
-1.8553414
0.71114165
-0.89096075
3.1467266
0.33249968
-1.4698931
1.4390651
-2.7030134
3.7421632
-3.3165028
3.298783
-0.95497733
-0.8914147
0.33653215
-0.2622024
0.37450156
0.057029232
-0.82857984
-2.7188475
2.0195315
-1.0346607
2.3374805
1.6641955
0.89960784
0.10882298
-2.630755
-1.2774748
-1.1234795
-1.6680787
0.06590323
-0.08328146
0.92610294
1.2305464
-0.23303491
4.6761646
0.9279671
-3.7542777
0.30218077
-1.6788583
0.084798865
-0.24166505
0.83480316
-0.09237988
-0.102695696
-1.1764205
-2.1664114
-0.46466047
1.3415475
-1.7463517
-0.075727105
0.093649745
2.078239
-0.11341057
-1.239682
-1.4547555
1.4736491
-2.066422
0.75410604
0.44398764
-0.105759576
2.1954057
-2.5068727
-0.8288517
-2.7799888
1.384921
3.3377843
2.2500873
0.583584
0.8757637
2.9072506
-1.6425881
-0.08698829
1.4437959
-1.7160244
-0.32225752
0.14399365
3.6247156
-0.01977171
-0.87314427
-2.4902244
2.490608
-2.4881072
2.586519
-0.9292887
-0.8328168
-0.583096
-1.4144102
2.8311746
0.11597743
2.8772478
-2.4590654
1.5837363
1.8700706
-0.47108516
-0.3691361
-3.4999948
-2.3341684
2.6900816
-1.2039695
0.17828265
-1.5896368
-3.6497757
-0.10866606
-1.4335556
0.84595245
2.5204647
0.8356927
0.67212206
-0.551945
2.1395156
2.5193903
0.46461332
-0.23417163
3.883479
-2.3627672
-0.36288345
2.51
3.6847944
1.3760911
1.534614
-0.7055307
-0.9068713
2.1946487
0.35851884
0.09419447
0.6466375
1.9668168
-0.29802954
1.7090806
-2.7611556
-2.6236813
-1.8436109
-0.07072272
0.3681803
0.4364194
0.5050377
1.2135537
-1.5981034
-0.41896513
-3.3696928
-2.7060962
-0.07646316
0.5017806
0.9717644
2.005304
1.2920051
-2.9424207
3.644633
0.37113985
-0.1589166
-1.2317249
1.6636555
0.42308915
0.586667
-3.0082757
0.28698725
0.79786193
-1.1913218
-2.8225217
-0.33461675
-0.47670174
-1.9555061
1.1994812
4.6103725
2.4777215
0.88608783
-3.3529878
-1.2258543
2.0115774
0.8303313
-0.5499365
-2.1288135
-1.4277034
-0.04871358
2.921451
-1.5527471
0.07482426
0.5276649
0.89226115
1.134852
-1.2740954
2.8931816
0.7739478
-2.258007
0.19929521
-0.7023473
-0.30563176
-1.8837326
0.57727766
0.79166085
1.5826511
-2.2831361
1.8144487
0.543913
-2.898016
-1.1918144
0.5763035
-1.4272503
0.6683782
-1.1546525
1.2662033
1.7567451
0.23322853
1.8548192
1.8066652
-0.4231116
-2.0613139
0.42843884
0.79080474
-3.2974076
-2.668561
0.058524244
1.8981066
-0.12271538
1.0989156
-4.4371486
-2.7561767
1.53548
-0.83303845
-0.6668653
2.401661
-0.6945264
1.2366695
-0.11580403
0.047646962
0.1987741
-1.6778772
-0.0060726106
4.175441
-0.3372184
0.08086131
-1.4948434
2.4652462
1.0821106
1.9766476
-0.94652283
-0.66303223
2.1419344
0.30865234
0.58407825
1.9385706
1.8436229
-0.12710276
1.8033203
0.33912098
2.983752
-0.21967407
0.0022436902
0.20225355
2.187938
0.95896006
1.9228714
-0.86349624
0.9098754
-1.0424993
1.5362128
-2.4682078
-2.2819366
-3.2056618
-2.5005965
1.5307616
0.08087831
0.22962996
2.2260306
-0.18919216
-0.96197766
3.144992
-1.4436971
4.574426
-2.8461704
-3.15018
0.51349
-2.7256277
1.4098989
2.3884754
1.097922
-2.8918853
3.2285287
-1.8985176
0.716886
-0.63392586
0.9009287
-0.05874423
2.8041368
-1.4025471
3.3887744
-0.8056476
-1.5963777
-0.15341082
0.32660067
0.38870102
1.6010785
1.9714122
-1.6562299
-0.16428025
-2.106843
-1.3277935
0.033514645
1.0105253
0.21657673
3.3907676
-0.9341004
0.8904231
-1.9485648
-0.54058975
-0.86103433
0.9923516
-0.0666425
-1.7719615
-0.53809386
0.40002975
1.670543
0.13833982
3.4264555
-0.98652375
2.5976107
0.59854615
-2.1220295
2.245541
-0.080639906
0.36022207
0.32073057
-5.130864
0.99649036
-2.4129279
0.37333655
4.0885544
1.6908239
1.0711764
-0.542702
-0.64979666
1.8801705
3.7756467
-2.0346656
-0.8121229
2.425464
-0.070614874
-1.9778843
1.5832255
-0.412436
0.07374694
2.0833185
1.2695426
2.2282512
-0.15439925
-1.5274626
1.5949688
-1.1098722
-1.0648938
4.4265113
-4.8955717
3.3356614
-1.091419
1.4220022
-5.717884
-3.8882349
-0.09156049
-0.2603519
-3.9736195
1.3914987
-4.671402
0.97627926
-0.17253017
-4.5583625
4.3790817
-1.9601865
1.308357
0.9554981
0.034707367
0.3673422
-3.004464
0.5442114
-3.2526183
-4.266385
-3.3548386
2.6808996
-0.36674094
1.8353997
0.25649926
3.1450102
2.5095596
-0.0324637
-2.0034442
2.7875643
-2.1932027
-1.4002218
0.23898685
-0.33867875
1.5669757
1.6937382
-3.7132728
-0.8592994
-1.2950002
0.80427974
-1.3778023
-1.467686
2.1853251
0.18511613
-0.047172844
1.6692678
0.83128667
0.586679
-1.923395
1.6311637
2.1683156
-0.45534486
-0.2619321
0.60641223
-0.6543996
-0.7590707
0.19409907
-0.16671336
-0.90857756
-1.4461265
-0.019561708
0.6264896
-5.8010015
-1.8985914
2.321903
0.5231897
0.2935289
-0.8798249
2.2625678
-0.6969037
0.11768938
-0.17358261
-0.12115546
3.023352
-0.23689099
1.5779681
1.018965
5.307568
-2.561461
1.1122842
-0.7361709
0.22544825
0.15735891
2.2356935
0.65461326
-3.9261494
1.1301458
2.0901504
-2.3853872
-0.43126342
-2.72077
0.096766345
1.4870247
-3.0965364
2.2735736
1.1197423
-3.206184
2.8464653
0.84199685
-1.4061533
-1.3155591
2.1123872
1.5368695
1.5109966
3.5354776
1.0750275
-3.5257416
-1.1170186
-1.1848472
-2.9424531
2.2716124
0.5237137
-3.3051624
0.9014135
0.4098352
-2.818394
-2.6279895
-1.1471574
-1.4333652
-2.782307
2.9825668
1.2604433
-0.18640855
2.0805924
2.661151
1.3081081
2.6081464
0.23398373
-2.6265469
-0.024858251
-2.1098044
0.7359232
-1.8991069
0.93482053
-0.5341634
0.09418166
0.9142664
1.5171994
1.2661121
0.21596661
0.77484834
3.298765
-1.2955861
0.06545478
2.454747
-1.1752471
-0.8402708
4.5759144
-0.007252142
3.3115668
3.150167
4.654109
-1.7678684
-1.5983458
0.23886752
1.6282811
-1.4484774
-3.4310098
1.8815284
-0.825834
2.9530106
-1.453
-1.7844325
2.3468328
-0.75837535
0.82955647
1.1714694
1.3956964
-1.4587216
-0.001304388
1.200554
3.1176496
-2.3909159
-1.076484
-2.1190069
-2.7478642
-0.2828654
-0.28414685
4.171037
-1.0550457
0.11062501
-0.37493253
-2.0743608
1.4287851
-0.13879183
-0.5612105
1.2339097
-0.36448556
-0.55313
1.0863352
2.8171823
-1.7786678
0.45269534
-1.0054641
-0.257657
1.4821984
-0.4095343
-0.5577083
0.9831235
2.9679887
1.906897
-1.726007
-0.050336793
-1.3724654
1.1864353
-4.5756435
-1.9162114
-0.94930345
-0.7124391
-0.08196613
-0.58724296
0.32128155
-0.79943156
-0.21301305
2.1520584
-0.37579
1.776562
0.6035371
-1.2167792
1.5291753
0.58913803
-2.6404872
0.4504376
-1.9206063
1.662348
-1.8250263
-3.2467654
1.393304
2.6847181
-0.8508301
-0.062276736
2.4533153
0.37113616
3.113452
-1.6872432
-1.1820737
1.7897011
-1.6196173
1.5721964
-0.87822133
-3.4662127
-4.0927544
3.7856538
2.597093
-3.7490208
-1.6152496
1.6821957
-1.3418014
-2.844372
1.8550425
-3.3729439
-2.2550743
1.9527013
-2.0903575
-1.7113308
1.3355407
3.3725019
1.0426496
-0.9041924
0.26935756
1.2716724
0.33176115
0.67752445
0.5550646
2.9183917
-2.674734
0.79323363
-1.0283781
2.6893592
-0.34472
-0.025638923
1.9389771
2.2628064
-0.41665208
-4.208778
-1.2739005
1.4904004
0.62564194
-1.9171814
0.5113395
0.9437891
0.64056855
-0.03525188
-4.0996842
-0.0830233
-0.053091727
0.03486678
0.28157532
3.2848833
-1.1110717
1.5503403
-2.6514163
0.8423828
1.4425412
1.3789883
-1.371448
0.26286656
3.8697398
-0.9477395
-0.2190134
-0.99774176
-2.5854807
-0.29931235
-1.937227
-0.22050235
0.8412781
0.37466496
1.2998949
-1.2624356
0.31600973
0.016353719
0.5732669
1.3233362
1.0752367
-1.270219
3.7526317
-0.36545852
-1.1449318
-3.244852
-0.16360307
-0.28558913
-0.33288556
-0.7091603
-4.4892764
-2.4784715
1.0073702
1.7581452
1.2949742
-5.3210406
-0.45584995
-0.22704715
-2.4709904
-1.4516718
-0.013303921
0.67513716
0.85578537
-1.1243397
1.4204048
2.4945135
0.52511936
-0.4368655
-0.8194733
-2.5789886
-1.1675725
0.61311865
-2.5349457
-0.98792374
-2.9554343
0.7819543
0.7261978
-3.1760423
-2.7340677
1.9781238
-2.1294122
-2.0527768
1.2960074
-2.785325
-1.7590662
-2.228423
1.9439996
-1.9662932
1.7452043
0.017722957
-1.9018655
1.8517088
1.4491004
0.57921416
-2.5914335
-0.020410776
-3.6337354
2.8260698
0.044452168
-1.0092705
-1.4481419
2.8334613
0.9754163
1.3779379
-4.0445232
0.55911285
-2.7316494
-1.493755
2.7439291
2.379548
0.53506494
0.07982723
-2.650533
-1.0166068
0.79175305
-2.001846
-1.3363221
0.90287924
-0.46942455
-1.8830074
0.6615897
-0.20422393
2.9678352
1.6263419
-2.8629622
-0.28900692
1.3806593
-0.40990683
2.092023
2.0328543
-1.4410335
-0.22881375
0.13925952
-0.9575392
5.2530355
1.1279848
2.9404805
-2.0460274
-1.6388419
-4.3564467
2.0508296
0.71467537
-3.2732775
-1.0232943
-0.8409338
-0.50079924
-0.9436735
2.2176814
-3.0302284
-0.6495611
-2.3604884
-0.5565356
1.0959444
3.979425
1.4708346
2.5894294
0.5674476
5.38641
-1.6512185
-1.5882175
0.68898124
2.31395
1.3361112
-1.3968618
-0.5848723
3.4396517
-1.7161644
0.6286181
0.45343757
0.7483518
0.82240266
1.042354
0.21541509
-1.3179475
-0.6847705
-2.0315084
5.5682907
1.4910635
-1.8747519
0.522509
-2.7624757
-2.6844313
1.97419
0.7866565
-1.0168495
0.9304303
0.683484
2.784935
1.4188167
-0.37102315
1.910443
-0.2497538
1.6999751
2.5546947
-0.12148229
-2.0379355
2.3538973
-1.4633775
1.9602433
3.934621
-2.9086611
1.872761
-1.736583
0.11996676
-2.282426
0.30875614
-0.11384717
-1.5037804
0.19551983
1.3824456
-0.9624029
-2.4163713
1.5864859
0.17137636
-1.3546442
1.9750856
0.66047144
1.600701
-3.4547606
1.3529187
1.3307818
2.0837374
0.54550743
-1.9822365
1.9348454
3.0817742
0.6848633
0.58084965
-1.381637
0.25611368
-2.454331
0.7880165
1.5753838
0.523454
1.2620437
2.468827
1.9745517
-2.369343
1.3878012
3.0779731
-1.6864884
-2.2378328
1.0653698
3.8794684
0.8012903
-1.7975609
0.14717127
-1.9404559
-1.162889
0.32701895
-1.3136686
-1.752129
-0.99736124
-2.2159085
-0.23022522
-0.9466796
2.1379201
-3.0181193
-2.8605223
-3.666069
2.2850559
3.1197555
1.0120331
1.8904188
0.63998574
1.7138934
-1.2117054
-0.1571597
-1.3694396
-0.60003895
0.27826783
-0.6537607
2.98099
-0.40469676
2.652371
1.0578171
-0.035123907
-2.5117145
-2.5120807
-1.1958959
-0.5793051
0.02966895
-0.8398374
-0.55281985
-0.48721126
-1.9736434
-0.6276706
0.5488115
2.371861
1.8493172
-1.5770111
-0.25745845
-1.19903
0.4658777
-0.95663536
3.8374898
-0.7788237
-1.104896
5.2528896
4.1859865
-1.8132441
-2.138372
2.8999777
-0.1345571
1.7751222
-3.460504
0.5858796
1.4845996
1.1491548
-0.14283025
0.6041069
1.2146642
1.050005
-1.4895117
-3.1125708
-3.8636127
0.1797588
-3.1585898
0.62452346
1.1873523
-2.474161
-0.7768687
-1.0156771
0.6776148
0.84084153
0.53607523
0.3888701
2.5515785
1.7636558
-3.1434915
-1.0538551
-0.35267678
-2.0640712
-0.7266507
0.23603052
-0.3488459
1.7146717
1.7851487
1.2547854
-0.20100775
0.12170218
1.3138945
-3.1487703
-1.1450796
2.839324
2.1504612
-0.6287537
0.23898125
0.7286231
-2.437368
-0.3070388
-1.750222
0.7063204
-2.4654367
-1.6011937
-2.0167947
-1.0237535
1.7458695
-2.7262654
0.7629497
-4.586755
-1.4807388
-0.7099608
2.515936
-3.2460754
-3.2152581
0.11621609
-2.3775492
-1.001084
-2.145354
-4.472775
-1.8751413
0.8100877
1.9420674
0.44982004
-1.9188333
-0.14447846
-1.2382264
-0.10954057
-0.14736296
0.85016364
3.4183183
-1.2524147
-0.91965854
-2.1623
1.9130387
-0.7306984
-0.8883378
-0.16813877
-5.1112485
0.9766363
0.6330838
0.70713454
-1.337194
0.116554275
-0.5730515
-0.8610399
-1.7336602
-0.27612823
2.1330602
0.9741166
-0.6199837
1.0001829
-2.1843398
2.110267
0.15928866
2.471266
1.5070467
-0.11870981
-0.71885836
2.7197225
-1.6014892
-1.11983
-0.63479567
-2.4844124
1.5240293
-3.2100143
2.1682258
0.60502
1.0027218
0.7481457
-3.9532914
0.5743058
-0.88165885
0.9949971
2.517622
0.017505012
2.9636145
1.8283216
0.7219468
1.9865737
0.0050311163
-2.2247434
0.8909066
1.3019947
-0.62148166
-0.88777834
-2.5300436
-1.0555302
-0.17350458
-1.0631901
1.3495021
0.6459706
4.2000346
0.11301441
-0.36153457
2.0602038
-2.3790765
-3.795759
2.0137012
-0.6123579
-3.0539494
-0.43997285
1.3188004
-3.09019
0.009487301
-0.3737016
-0.4373017
-2.103088
-1.3846413
0.88578445
-4.6078506
1.8812817
-0.79636616
-2.3988907
1.3018167
0.032462824
3.985973
0.010060713
-1.6069618
-3.524379
-2.4227543
-1.6674863
-3.0564864
-2.995171
2.642397
-1.8999442
-3.1275291
1.92307
1.2009834
-0.61337036
-2.5749335
2.8118646
0.88980544
1.3611431
-3.3511539
0.19245246
0.87624955
1.2052135
-0.66995794
-3.4469166
1.7880658
0.94399166
-2.4700584
0.8048827
-3.3231833
-1.2132368
-0.57096845
2.119552
2.9582233
0.076658495
-3.031682
-1.5534936
3.0370624
2.4712327
-0.48024234
0.09203284
2.4646704
0.848288
-1.9687585
0.20355254
-1.1017226
1.2136887
-3.134719
0.15336388
-1.2653953
-0.19064812
0.55032784
-0.88259554
-0.8732935
0.3113994
1.8941594
-0.5634179
2.4968796
0.49173337
0.2562248
0.8253758
0.60966164
-0.58973014
2.337473
2.352549
-1.3313035
-0.54502845
0.24286921
1.7376201
2.487259
-2.4326258
2.3654375
2.8435354
0.43943104
1.8730563
-1.6329433
0.15728492
-0.18556634
1.0864346
2.6165485
-4.082663
1.4300838
3.8643425
0.05989273
-1.6520413
0.68434775
-3.6927526
2.8958619
0.24156654
-1.6462569
-2.0572548
-3.4500413
-3.2947574
3.2210152
-1.0066057
-0.3809316
1.3456147
3.9707968
1.0047587
-0.7151229
0.39155325
0.8014907
-0.3363946
3.092791
-0.014767375
-0.49401504
2.5258763
-1.0152194
-0.68537134
-0.24248526
1.7672336
1.1487675
-2.181411
0.15100163
0.5786703
0.21953198
-4.2207747
1.9560091
1.3636336
-1.2270515
3.3583424
-0.09487048
2.0413082
-2.7530782
0.4854142
-1.0412391
0.24782829
-0.41766673
2.0895624
-0.27352777
1.4630669
-1.14273
-2.6019082
2.4686196
0.7413188
1.5233369
2.267055
1.4248544
-1.3086761
-1.0080228
0.53735596
1.2150829
2.1007876
0.28975406
1.3703502
-0.8856298
0.24125265
0.14228976
-0.74319965
-0.9588693
-1.1205064
-2.0724854
3.3452458
2.5866666
-2.7699502
1.3099061
0.8360083
-2.594164
-2.642287
1.2932091
-0.7019456
1.3383958
-2.7672784
-1.9243834
3.6693406
-1.0260829
-0.38603365
0.98179466
-1.3630286
-0.6087706
2.0106027
-1.1413522
0.61412394
0.32033187
-0.11576506
-3.759625
-1.3528101
-2.2163978
-0.072558515
2.4830816
2.0318997
-1.1546099
-1.366187
1.0116665
-0.27663738
1.9889106
3.558356
-0.14049427
-0.45450312
1.1752945
-0.84854054
0.26096296
3.8108084
-1.8289393
-2.0081315
-3.2270005
1.1606382
0.5796309
-2.21637
-0.9405522
0.71813136
0.7420639
1.2608486
-2.5201163
-1.0023725
-0.7047069
-0.96785104
0.8501788
1.2601869
2.8008363
-2.8320947
-1.639428
1.7507609
0.23878056
3.2713583
0.44775018
-3.4777772
-2.2297654
0.5752869
-3.0982702
3.548147
0.8212521
2.441916
2.7816432
3.120528
-0.5530244
1.510973
2.7165205
-1.2614383
-1.7764522
-0.29967752
0.82385826
0.23648876
1.840024
-0.5992092
1.4797058
-3.932646
-0.84868336
-0.75937456
-0.9959786
0.29422498
0.79361546
4.6294165
1.9174339
1.2913548
-0.0287344
-2.5545847
-0.84118277
0.18781161
2.833099
-0.80895185
0.2535593
1.569066
-1.4454648
0.80879414
0.5299134
-0.62703633
0.6520966
-3.8335762
2.660113
-1.5666898
-1.390181
-1.7633232
0.030397162
0.9480277
1.1019276
0.569726
0.1329402
1.8976237
2.8928828
-0.26930398
0.8151269
-1.6882479
0.88780224
-2.5498695
2.8910966
-0.5254366
-1.5423896
0.07151353
-0.377861
-1.1773182
-2.7481592
2.6007485
-0.6536236
0.663226
-1.1899335
0.004300773
0.18097946
2.2269886
-2.5931592
1.6130009
-2.4908624
-3.3235006
-0.9928286
-0.5669181
1.3523529
0.20300928
-0.63026553
0.09518536
-1.1619544
-1.9099262
-0.9749811
-2.0221138
0.72660303
-1.516388
-3.1604602
1.4515121
-0.69394636
4.45913
0.07481295
-0.47010604
0.28441054
-0.7163421
0.98376256
-0.62541676
-3.0698187
0.13103653
-3.6102629
-2.5496287
-1.2095376
2.7225802
-0.67483795
-3.5156977
-2.2054856
2.1477559
1.1735708
-3.8033178
-1.3781097
-0.7714028
1.3748679
3.2867348
-0.42915767
1.2408619
1.1114695
1.6382831
-0.15049472
-3.4525094
-0.33662304
0.86271816
-0.35737664
0.0054295436
2.8551452
2.1069622
0.27277315
0.34817976
0.48161036
2.3371205
0.92951787
-4.2745996
-4.388676
-0.98390114
1.5555829
-1.344669
1.425823
-2.0301733
-2.2939036
-0.6283242
3.9423347
0.24459982
-1.0338273
2.214676
1.2396683
-0.016749214
3.460494
0.5245084
-3.1661592
0.7514034
-1.3418007
2.5942035
2.699643
4.989843
-4.564301
-0.17774835
-0.08756031
-1.417137
-1.5615344
0.1798232
-0.659222
-2.433589
4.062761
-0.21893674
1.5883455
0.47304922
-1.3297719
0.46126264
-1.8843745
-2.2379246
-2.198377
-3.6931984
2.0049446
-1.7129911
2.792257
-2.5190246
2.494512
0.98612005
-1.0070411
0.5156223
-1.1524413
-1.1583207
-2.1411252
0.26702252
0.7876712
1.4874389
0.6011985
0.6914484
1.6665893
-3.2331588
-2.0378864
2.8200028
-0.8714635
0.9514688
-0.71065044
0.17799142
-5.0012503
-2.02553
-2.0250351
-2.3033595
-1.2688456
-2.6625533
1.8192592
-1.393747
-1.2209312
1.1324306
4.4058104
0.84261507
-0.53411543
-1.5908384
3.0026228
0.09255946
3.0525193
2.157347
0.5927827
0.17483525
-0.17095913
-2.5249643
-2.9900808
0.25882354
0.073142886
-1.0196561
0.60700345
-0.47231784
-0.55458236
0.27031702
-2.681398
2.4512877
2.4965746
1.449709
1.770158
-3.7296548
1.0690621
-1.2199943
0.8782949
1.2230058
-1.6717887
-0.8909581
-1.83297
0.9748382
0.47063142
-1.4915823
-1.9322532
0.5014863
2.2563043
2.698736
-0.9798284
-2.1329641
4.422956
-0.60294026
-1.424829
3.5706935
4.34886
-1.1952038
0.4174212
4.7369237
0.6029149
2.188329
-0.069844306
-1.4055916
-2.3409965
-3.971747
2.8650491
-1.8696386
-2.1471596
-1.0491903
-0.23848125
-0.521124
-0.70406497
0.682183
-1.884563
1.0256177
0.90832406
1.0580282
-1.8262082
0.065764874
-1.3790072
-0.86759275
0.77023256
3.4941401
0.7551533
1.0709792
-0.5766998
0.9460389
-3.675763
3.0292933
-1.7928076
-1.9905063
1.7766976
-0.8680829
0.41621712
-1.0012223
-1.7371132
-1.3679235
-0.3865251
-0.75614566
-0.54515857
3.4587486
-3.0193012
1.6552172
1.5318767
-0.21119022
0.8695624
0.48730063
-1.2342613
0.0072768405
-3.2132063
3.1646302
1.8129847
0.510417
-2.1736937
0.0017985404
-0.7154145
-2.680702
0.8946201
-1.3543029
1.3515648
0.8043725
2.238596
1.2689676
-0.0042932853
-1.8313133
-2.264299
-0.15434083
3.169572
3.0785315
1.7204984
0.7193814
-1.224107
-1.3686645
2.1420155
1.4156355
6.0271063
-0.7129008
-0.21213688
0.8594295
1.5517179
1.7860581
1.5636553
1.0956976
-2.6041148
-0.12433221
-2.7853434
-2.0409682
-0.7737301
4.921914
-1.462258
-0.5859197
0.780252
-0.67327726
-1.600397
0.11093597
-0.8325411
-2.597131
-0.7141344
-1.4349464
2.5712593
-0.09127468
-0.45357686
0.39679
-0.29201055
-1.1178457
-0.5852214
-3.5392962
2.095876
-0.7019039
2.8236012
-0.6986784
-1.2757941
-1.1785847
-1.7838547
-0.99287474
-5.3518877
0.005830325
1.4431976
1.5265657
2.112187
1.6711311
-0.964843
0.23742318
-0.1469169
-2.058285
0.30201483
2.6372485
-0.72917056
-2.4396431
-0.91344804
-1.7644752
-0.15125462
-0.3555278
1.7537489
4.3821783
1.6053662
-2.0226805
-2.2467365
-1.5127202
1.2694957
-2.1724617
-0.47121564
1.0499194
0.091585204
-0.2379067
-2.946754
0.5553154
3.0032508
-0.08051387
-0.78503406
-2.4495244
2.6307771
2.6868422
0.57325166
-0.9815526
-2.4048123
-3.3867927
-0.5210825
0.19632846
1.5649077
-4.0846324
-0.826465
1.8324367
2.989473
4.221642
-0.2620321
2.1410983
-1.4376369
3.2456949
1.4016464
0.19669706
-2.493168
-1.2266554
1.4732609
0.13588522
1.6766309
-0.43728298
-2.6809807
-1.41695
0.6431622
-2.36097
-1.159032
-2.192116
0.72861755
0.77549285
1.8374478
-0.08286969
2.534891
-0.12354647
-0.22811417
1.3423712
1.0858887
2.1401412
-2.048531
0.815822
-0.82068294
3.5980396
5.1902733
-0.45577866
-0.0056570843
-2.0140753
-1.9813457
1.6739395
0.09422924
0.6522464
1.0315981
-0.015156262
0.38108975
0.01258941
1.5395943
1.3729337
0.36585143
0.36400867
2.8106315
0.33423528
-1.23866
-1.1669319
-0.41596055
1.5541463
-0.81934446
0.30240095
2.0284657
-3.179508
-0.41803786
1.7147988
0.48804054
0.83430517
1.5848653
-1.48439
1.685086
0.32587558
2.1384528
0.017147295
2.6185398
1.3457294
-2.1135468
-0.00949733
0.16158155
5.261101
-0.24667105
2.9544375
2.0349839
-1.0369039
-3.2148228
-0.15381992
-1.3843861
-0.46428052
3.7050753
0.58531106
-0.7418133
3.4489949
0.31815612
-0.27128214
3.3449967
2.7036793
0.04846935
1.4159088
-1.9089143
-0.77076966
0.8985089
0.88166755
0.617904
-3.6704006
-3.9622536
-0.9246969
1.6909828
-1.3120017
0.8429069
1.5228407
-3.8983572
1.1415037
0.51381207
2.914085
3.2491558
-2.3943903
-0.07160163
-1.777319
1.5943291
4.3504186
0.40348944
-1.9959956
-0.35873905
0.8425413
1.8887202
-0.21811134
2.24133
-1.7823224
0.41308093
0.21100812
1.6375384
-3.9500859
-0.32020313
-1.4372216
2.1107965
-0.0157452
-1.2779528
0.31057388
-2.8411589
-0.79605275
0.105628625
3.0272226
2.3981767
2.8353543
-1.391719
-0.84872854
-1.7949679
-2.4542964
-2.2075837
-1.0439914
1.3473061
-0.6293168
1.0024732
-0.6772819
-1.9950095
0.6568685
-3.2236707
1.5533285
-0.5710793
-1.0825559
1.8014251
-0.066740125
3.6602938
-2.2862175
0.9492735
-1.076471
-0.78281456
0.24109212
3.1141043
2.7621226
-0.2780195
1.9308312
-3.2110202
-1.6219054
2.3107169
0.39826572
0.8408879
-4.425151
-2.848966
2.0806863
-1.3356351
-0.49414948
2.6029608
3.606481
-0.22629476
-0.5037529
-0.7215988
2.7500918
-0.07994004
-2.394328
2.2775548
1.21173
4.688253
-0.11916606
-1.653057
3.1729808
-2.1475792
1.6168288
1.0075377
0.6974084
1.4826535
0.5538991
2.8613422
0.2608847
1.4645675
0.54334754
6.232927
-2.3230689
2.1697857
1.479175
0.2805418
0.36664617
-2.097292
-2.533812
1.379917
-1.4773433
-1.3746337
1.4648117
0.20141664
-0.36387566
-0.99856997
0.5481928
1.712441
-3.6693404
-2.4316833
1.4431168
1.565676
1.0641476
-0.7736907
2.2061048
-1.2637621
-2.0254538
-0.048189625
1.2646953
-1.1800919
2.7234654
-1.4106292
-0.734391
0.6919094
0.006202407
-2.3961535
-0.49104628
2.1499789
0.2130593
-0.24575543
4.8567085
1.8078154
1.8379571
-1.7610246
-0.6521281
0.031153064
-4.0501633
-2.065126
0.84672153
-0.26734355
-0.01373139
-0.25676286
-3.6496377
-3.5638485
-3.3786666
-3.3975117
-2.4405725
-3.4575558
2.078005
-2.1455817
-2.551352
5.0650115
2.2354395
-0.0026384965
1.6139107
2.3921137
-4.398861
0.9450242
2.0698175
1.7520442
-0.6659327
1.9308395
0.51131034
-2.8807654
-1.2557257
1.2674613
2.0770035
-1.5369364
0.16517733
1.5945247
1.9619051
2.8167844
-0.48541456
-1.2346966
-1.7898443
0.75884116
-2.7013488
1.0919182
-1.5752165
-1.0962416
-4.222147
-0.3765262
-1.5643048
0.01652141
-0.6826864
2.2514076
-0.9320575
0.29229653
3.5677235
0.8701634
3.1733909
5.359105
0.94503057
1.1168255
0.71336573
3.0479445
-0.10265037
-2.147924
-0.6350193
-0.8168434
-0.102551155
0.04862088
0.24339819
-2.1221669
3.1653883
2.1305351
0.38697678
-1.2263864
-0.53364635
-0.9396605
-0.54831636
2.015936
-2.036988
4.3997736
0.20747167
1.4778652
2.1754975
0.8060489
-0.5177282
-3.59873
3.8006434
5.5391564
0.23571348
-1.527397
-1.7290018
-0.45177487
1.2302924
-0.4831608
0.51311344
2.9806597
-0.4654469
0.46957886
-0.22862369
-1.6003445
0.58045423
-0.11814331
2.794304
-2.5768702
2.3169062
0.042430036
-1.3711475
1.6454087
-2.5370743
-2.056335
1.2208189
1.182172
0.45713443
1.1069621
-0.6776227
1.6004283
-4.029896
0.7038391
-1.0546387
0.41459382
-2.5421007
-1.1917506
0.13926369
0.7630615
-3.7123735
4.2661653
1.9075367
1.114218
-0.52653706
-0.35035184
1.7845984
-0.8100947
-2.6616344
-0.2309929
-2.2161136
-0.8245269
0.12944949
-0.83591884
-0.7095583
-2.9779625
1.7086858
-4.6758385
0.5901502
3.548096
1.8990314
0.27022558
0.9917637
-4.2543836
0.53241396
1.0400467
4.2970405
-2.0714886
1.0749742
-0.999306
1.4259773
0.6181578
1.360547
2.6817698
-0.9225017
-0.20053291
0.23186775
1.9097285
-0.5738491
2.0909874
-1.8464743
-0.7752448
0.19307372
0.28327644
1.093027
2.3187065
-2.399092
0.30412477
-2.932549
2.2400367
0.6173444
0.011383638
2.1957743
0.913643
2.8842165
-0.8763429
-0.6484476
-2.0061965
-3.5374086
-0.4640168
-1.2599425
-1.0405675
2.633513
-2.9358675
0.5008198
1.691436
0.39849687
2.4508555
1.1467909
0.886538
-2.2407026
3.6879473
-2.573007
2.0311182
-0.08520717
-2.2372124
0.088103905
-0.6192079
-0.7853089
3.0035653
0.0966063
0.16842693
-0.9840848
1.1779568
-2.527487
-2.763277
-2.5775666
-4.0464
-1.3449745
-0.77579415
-1.6603255
1.3987089
-0.35849667
0.15880126
0.21108443
-0.59311795
0.42849335
4.2682376
-1.497217
0.6338128
0.01992853
-0.27292508
-2.1170714
1.803837
-0.6496478
2.2285366
3.599379
0.45581627
0.84999955
-0.07883506
-5.377778
-1.0481747
-2.4213634
2.3207302
1.2253696
0.41309166
-1.3507898
0.6046919
-2.5987475
-2.0967855
-0.57548267
-2.1745832
0.9959354
-2.5111716
-2.22988
-0.9111056
-2.8779724
-1.510822
1.7740002
-2.6185033
-0.06713202
-1.2396361
-2.9869175
3.3801303
2.9208388
-0.27664763
-1.730841
-3.06948
-2.5574722
2.2352684
-0.7681766
2.2802205
-1.6669726
1.2187744
1.7098686
0.8738845
1.0689656
-1.2180274
0.8273136
-0.8919731
-4.3029923
-0.09636796
-4.048189
-1.2556427
3.4818764
3.4733982
-2.78588
-1.3101763
-0.79430205
0.47537053
-1.3313724
0.5919258
-2.1252077
-4.160951
-0.90379035
-1.8939049
-1.4372079
-5.0411186
-2.8793588
-0.44464177
-2.3533103
2.7196789
1.9580104
2.2746613
1.44633
-0.18348177
0.8991835
2.9758973
-1.9124821
-3.1847932
1.8967454
2.8331742
0.44331574
2.6395469
0.023207612
1.8536686
-0.9699299
-3.1436646
0.004402049
0.16607222
-0.108393855
0.31016216
0.9098655
0.25317496
-2.0081947
5.048672
1.6906011
-2.4512024
1.1361355
-2.0311103
-1.7713346
-0.3480171
-0.7911398
1.0477492
1.5006346
-1.6781956
1.5478426
-0.90301317
2.3851235
0.6062878
0.25284827
-2.9141827
1.8607275
-0.94838405
1.7442502
-2.9443738
-1.2172427
-0.92578816
1.0814098
-2.3208134
-0.7890249
1.5271546
-1.2345062
-1.6370374
-1.8036342
1.492882
0.48294705
3.2097514
0.032147504
0.35882235
1.0484036
-0.6616051
1.4539443
-0.3754831
0.5580073
-1.0325114
0.572985
-2.42789
1.9041358
-1.8749843
-2.0439768
0.2109878
-1.9733187
-1.6008844
-0.4221304
1.9659777
3.381648
1.4535549
3.1155007
1.1616906
-0.6692699
0.8318125
1.8125632
1.1653035
0.5352853
2.484396
-5.0532823
0.9149111
1.8328598
-1.1838356
4.482577
0.6266884
-1.0387723
-3.6766675
0.13571101
4.100057
-3.7925544
-1.9058888
-1.8405256
-0.092957325
0.018369809
-2.4298759
2.8451462
2.995858
-1.1673853
0.021020118
1.2383275
-0.6908935
0.52831066
-1.7546369
0.9873762
-2.116611
1.3145195
-0.21070297
-0.27069727
0.13043864
0.16493626
-1.2033768
-2.345566
-0.60647535
-1.897623
-0.8692155
1.604294
-1.9782926
-1.9787091
-1.1387745
1.7234936
0.74945325
-0.5392362
1.3541554
-4.31326
1.6539357
0.21105567
0.084400386
-1.5654347
-1.26644
0.5760035
-1.4861956
1.056093
-0.17472968
2.861773
3.131171
2.1544673
2.0795047
0.85245794
1.5224628
1.5594709
-0.8050968
0.5919096
-0.8456749
-2.473565
-3.2819197
0.82881784
-1.2045628
-0.6281025
2.7405703
-3.1986928
1.5921655
2.506974
-0.5033822
-0.04325755
-2.1637971
0.29018134
1.5469964
2.3275666
-1.9290936
-0.5770862
0.30340323
-0.30132854
0.94690984
3.8373456
0.6793459
0.62285364
-3.672815
-2.9417787
0.71459615
-0.53010964
-2.4874387
0.24666572
-0.7051564
2.0100272
1.779685
2.1418736
-4.391169
0.36032555
-0.18842341
-0.8119949
0.70265585
1.0141665
0.09215279
2.5096364
-0.58267343
0.08534029
-0.4269181
-0.64576757
0.6608325
-2.5016458
0.19414434
-0.43567055
0.11457137
0.42378148
-1.3531997
-0.48122332
-2.0941968
3.0352454
-0.994268
-1.711651
3.0278475
-4.8064475
-3.0216737
-2.3269155
0.8476862
-1.1972646
0.21895891
2.5194747
2.6229782
-2.5055704
-0.72469866
-1.2893459
0.0091670975
0.7542547
-0.54031956
0.12204618
1.3905195
1.594835
0.20581993
-1.5334244
-0.9654787
-0.7563637
-0.4972905
-1.4611058
1.7295483
-0.9227764
2.2567933
2.0433517
0.52039176
2.4429958
-1.4047095
0.97545356
-0.022835739
-1.2935148
1.5511962
-0.11950363
-0.19669
-1.6820897
1.0303032
0.9839701
1.7253269
1.0274557
-1.9862387
0.32885343
1.7419512
-0.8077155
-0.6595707
1.1716573
-1.6974312
-3.7949908
2.6981802
0.5987414
-1.7522349
0.59768647
1.7604845
-1.7532774
-2.8138616
-1.1859016
1.9187273
-2.2915273
0.7739071
-2.6642127
-3.396998
-2.1961572
-1.7534137
-0.03902109
2.7872486
2.1729064
-0.5098219
-1.2591513
1.5554551
-0.016075999
-4.716292
-0.27630097
2.5288017
0.23769438
-0.7968231
-0.5645383
0.8055134
-0.22144249
1.5064342
-2.6624563
2.0106661
3.2777483
-1.5031862
-0.010656171
-1.039066
-0.5331823
5.202277
-0.5235674
2.1513295
-2.8787563
-0.5465824
-2.1600711
1.4501327
-1.1075524
-1.3988507
-0.40927264
-0.6407914
-0.7792969
-0.0562167
-0.7876653
0.87380856
-1.6812416
0.9014196
4.316255
1.2785327
1.8208616
0.23303024
-0.6209671
-0.6676901
-0.38501844
-1.7167912
0.34642744
-0.67074823
-0.1559054
2.0636055
0.24640936
-0.58590215
2.200564
0.40726614
2.9142296
0.5471206
-0.1265192
-1.3965131
0.56384176
-2.4172509
0.64923346
3.2418945
3.1606238
0.045071755
1.9605167
-0.64911
-3.2118852
0.24481416
-1.6810561
4.881562
-1.4150679
-1.6385219
2.791864
0.48202282
1.2086178
1.537466
-0.030430418
-2.1221359
-1.8842237
2.3750398
3.7263145
0.5871267
1.8808904
-3.8487573
0.2284734
3.3331356
-2.3425689
4.157106
1.62179
-2.6762831
0.73180634
0.16970903
2.2839973
3.338971
2.2215233
1.4859214
3.500563
-0.77975655
-1.6674669
-0.7824776
2.6865642
0.16402897
-3.1902003
1.9618552
-0.79736644
-2.00161
2.8823707
1.6139219
1.4302183
0.44981375
-2.7161736
-2.2606525
0.80367655
2.2069502
2.2478526
1.0692114
0.4322089
1.0588204
-0.31049457
-0.08125556
-2.4040365
4.3974886
0.3946349
1.6307217
-0.34723455
-2.4134722
1.9102973
0.022159662
-3.335065
-2.1003704
-3.1232064
2.538441
4.1406493
-0.08386023
-0.4004641
3.0254252
-1.7880511
4.0440245
-2.6901655
-1.0539151
-1.5367391
-0.13795921
-0.58692497
2.026083
3.07247
0.5534755
2.8532472
0.41931495
0.86821085
-0.74708056
-1.602091
-0.51556134
-1.9860036
1.0051267
0.7692467
2.1033573
-3.1007566
0.6967168
3.3034241
-1.2493374
-3.217634
0.82563186
-0.5162149
1.2880787
-0.5016995
-1.1915733
0.556857
1.4056492
-1.3426411
-0.4029918
-0.26811975
0.21170661
0.20048693
2.921329
-0.19593486
0.9742889
1.1522764
-1.5118161
0.9606391
-1.0402595
1.4032673
-0.8376634
-2.4123678
2.8622055