Spaticus
0
-1.1542262
-3.7897122
-0.7993774
-2.6494765
-1.5815347
-2.2770145
1.917076
3.1339428
1.4250078
-0.3717536
-0.62718856
-0.40373486
-0.09803464
-0.6668643
-0.3541361
1.7395327
0.9902005
2.1319506
-0.9867275
-2.5854452
1.5798475
0.3596338
-1.0243083
0.3007024
1.501651
1.2301924
-1.615624
0.58629584
0.98552245
0.42596337
0.18656114
-0.3198096
1.049079
0.42319027
3.3848543
-0.28652287
2.0306516
-0.2778843
-0.4670946
-1.4133532
-2.8786604
-0.78692204
0.48089138
1.7364092
-2.8139057
-0.49942905
0.58170664
1.1663157
2.3803968
1.0633869
2.184105
-1.6336423
-2.199298
1.2064371
0.4546306
0.06725632
0.92697287
0.608163
-0.10410815
-1.342871
2.937541
-2.8137197
1.1822296
-0.77822745
-1.33639
3.299032
-3.8440766
1.9367329
-2.5210862
-2.5680773
0.23333167
0.42828968
-0.8028849
0.88499135
-3.7925239
0.64324313
2.355813
1.06033
-0.5097376
3.5338442
-1.9725466
-3.5970733
1.6967692
1.7777832
-1.7523303
0.7472119
1.596723
-2.9269023
1.3857985
-1.3241078
-0.8581781
-0.3433931
-0.5168596
0.4980244
-0.99389386
-1.9572548
-5.829571
1.7447559
-2.4989228
-0.3566045
0.75666827
0.8192268
-1.8327689
-0.94068617
-3.3251636
0.16465914
-1.5046753
1.6171451
1.7613283
2.9683323
2.3848507
-0.97554857
-0.41854453
-1.100344
-4.516709
-1.3950636
0.030554168
3.2290096
2.122691
2.6557162
1.0652157
-0.6531584
1.3291659
-0.14299765
-0.65379995
-1.2701087
0.6417862
4.3450513
-0.23772821
1.1455264
-0.0050646663
1.4415982
0.7898608
0.044619247
2.6024873
-0.21768782
-1.7780628
1.0425487
0.15733245
-1.2836142
1.5991695
1.8043388
0.28105158
0.7154916
0.41968915
0.16328852
-0.6960531
1.0374335
-3.407854
-3.1936202
-4.8438597
-0.25418615
-0.5878707
0.26848617
-2.0362303
1.0196104
-0.9454303
1.0509452
4.7816067
-0.6042664
0.026946403
-1.4452118
-2.8487704
0.8117935
-2.3882284
2.6104765
-0.48621246
0.6116825
-1.8539193
0.10438321
-2.5624666
3.301542
-2.0983496
-4.2612276
1.2761335
-2.115221
1.740481
1.0533047
-1.167566
0.41290447
0.66957265
2.0217257
1.0745333
-0.93972576
0.20871247
0.68962884
1.0067132
-5.5025578
1.1913306
-0.50899076
-1.9807266
-1.8722492
-0.5509992
5.2449
-1.3946275
-0.47770423
-0.15245822
-0.5477993
-0.99524873
-0.8882791
-0.75706583
-0.37542123
5.191103
-1.0944418
0.89694154
1.4767429
-3.2232249
-0.89300025
-1.6822474
1.8948193
-3.4633753
-2.4330828
-1.1508979
0.8288741
-2.509791
1.1027744
-1.4772747
-1.0969948
-1.6183522
0.16552657
-2.9121501
-2.6591344
-0.81150985
1.972381
3.4069486
-1.8597676
2.2986193
-0.6373121
1.5252771
-3.4669209
-1.5834314
2.9170127
1.339078
-3.074917
1.5852234
2.0264597
1.5117991
0.077663705
0.36832595
-0.712677
-0.59532535
1.4061146
-4.217075
-0.3238056
-2.9325924
4.677066
3.1644557
1.5986121
1.6198184
1.6946211
0.7032377
1.2441739
-0.6672632
-0.60459524
2.2689307
-0.45278957
-1.9850236
1.9364855
-0.5118279
-3.8874276
-2.387047
0.7369758
2.2972324
1.046239
2.9278965
-1.247656
-1.1141669
-2.1245723
-0.15030283
2.4916546
-0.14475942
-0.40770084
4.3934765
1.4262601
1.4588696
4.494921
0.073715866
-0.014928967
-0.13499133
2.8088543
-6.538115
-2.8124874
-1.382108
2.2869284
-1.9979234
-0.8769784
-0.5308789
-0.086139195
0.8419152
1.5532838
0.116386734
-0.60952145
1.2249231
-0.04418125
1.3133503
1.0199986
-1.1818547
3.634304
2.7264369
1.9391346
1.7583946
3.9204648
-0.4165321
3.180879
-0.81277514
1.6855133
0.57612723
-1.8329562
-2.6738968
0.11103274
0.7360099
-0.5959432
2.9272447
1.7291583
3.9927695
-1.6759675
0.82571477
-0.5501786
1.7451419
3.1541328
0.8042815
0.10995644
-0.009010538
0.9343911
2.6062458
-1.3984735
3.0522642
2.3163698
-1.3364351
-0.42855093
0.36640996
0.8848477
0.61719114
-0.2130126
0.73611903
0.6959531
1.0555974
-0.52157587
-1.586022
-1.1230462
3.7045147
2.1976774
0.10764482
-0.42907
-4.9993196
1.5454062
1.2717173
3.6156423
0.76053804
1.7106125
-2.8769054
-0.74380374
-1.3178264
-0.7613845
-0.024553861
2.1794364
-2.3376148
1.2705499
-0.5728818
-0.96233195
-1.9180624
2.0455232
-0.70783436
2.0507011
1.3726089
-1.5507036
1.7128938
-2.1384604
1.7958207
1.0478086
1.8712798
0.7105241
2.577039
2.57278
2.8070204
-1.3513619
0.90801466
0.6880713
-1.3983085
3.1218987
-0.7440362
-0.34234458
2.69265
1.7695962
0.9789264
2.2025218
-0.6476314
-0.37537625
1.8949007
1.1112081
0.66587067
-0.2740483
0.29051134
-0.24474037
0.29486966
1.7721207
-1.2121006
1.886795
-0.6143395
-3.117622
-1.0873727
1.6408845
-2.5865822
-0.27385163
-0.029445365
-0.1610747
2.2041788
2.4061105
0.9751221
-1.3072398
1.4322084
-1.474609
1.5573512
3.2191448
-0.12851818
1.1915859
1.0567782
3.8900414
4.3721576
-1.8462356
-0.08326848
-1.5789822
-1.9353286
3.0554497
3.0663042
5.0436697
0.81634825
-0.22338142
3.750028
-0.68337214
-1.4474254
-3.4115014
0.036672868
0.84427726
-1.4833468
2.9351718
0.017555341
3.0532508
0.21366301
-1.6399667
-2.064064
-1.3560487
-1.7939924
-1.0181963
-0.6651536
2.1339972
3.8966832
-2.1139061
-1.6085093
0.30047694
1.127468
0.41959572
1.2164718
-1.6317052
1.8813348
0.624475
-1.7249234
2.1546524
-4.181921
-0.57465214
0.54442066
-0.8069094
0.6767063
-0.21160603
-0.84073657
0.8470087
0.56007093
-1.344259
1.62993
1.1572825
1.6091818
-3.926754
1.4921968
-1.8567281
-0.4226377
0.9948447
-2.2895992
0.6304447
-1.7043477
2.3250566
-1.4252561
0.25054803
5.327842
-1.6203762
0.8454949
0.71348846
0.8153472
-0.86905825
1.2820783
0.15176345
0.7450825
4.8210444
1.5074813
-0.0143809095
0.3793865
3.1942654
-0.224955
1.6296542
-2.0542831
-3.420938
0.28584546
1.4206141
-1.1307397
0.56942123
-0.3885847
1.8353941
-1.0590925
-0.81890416
2.5099285
-2.2006047
0.43529668
1.6354007
-0.27010196
-2.519013
-1.7878735
0.016823374
-1.6339395
1.1101493
-0.69760644
0.44425973
-1.3256341
3.1294706
-2.063438
-1.9680007
-0.10957851
3.1787195
1.128241
1.081986
1.2162762
-0.32817027
-2.0376008
0.69602805
-0.7374059
-1.3853986
2.3783062
-0.48050606
-0.15123457
1.3913014
-1.6814727
-0.33401576
-2.365676
-3.4637802
-0.53411883
0.4634511
3.3690085
-0.7997287
2.533549
-0.081440635
0.05806174
1.5206119
-1.1532547
-2.007188
3.115288
-2.9511805
1.6033471
-0.31669554
-1.4296445
-0.48494038
1.2667016
-1.3786893
-1.7429824
-2.174528
0.75093853
1.0685654
-1.2328453
2.3233585
-1.6782842
1.8067601
-1.62532
-0.20465037
-3.4309163
-1.3071089
0.26262408
3.5014153
3.6357605
1.9015952
-0.56098485
-2.7782485
0.72863305
1.192163
-2.158165
3.1059182
-1.7010959
0.15834501
-0.030042104
0.06625563
-1.0299772
0.18592519
-0.42846313
4.209854
-2.2901745
1.4676536
0.9174935
-3.2131238
-1.6776996
0.24569094
1.2869879
2.8387308
-2.2305646
2.3021297
-1.3029442
0.9744557
-2.2857668
2.1809454
0.50459605
2.5569825
2.7985349
3.9716132
-1.6394479
1.7311445
-2.0169199
2.243541
-0.4991159
-0.04766459
0.46845508
1.5674667
2.001381
-3.7670658
1.9682531
0.21360716
-2.5337777
-1.5276809
3.0186622
0.79700685
1.5692208
0.31941947
1.9404551
0.9226984
-0.388473
-0.24763492
1.499577
3.0443099
0.6784748
0.5011188
1.8328187
2.1809013
1.3193516
-2.1763515
-0.74199456
0.6960656
-0.59495306
2.366792
0.37575606
-1.1935645
1.9998657
0.04860957
1.8880359
-0.028838653
1.823249
2.850477
0.98351794
0.9899574
-1.216275
2.321264
-2.8099024
2.6922128
1.6197461
-1.3160542
-0.5191577
-0.2033056
-1.0725216
0.47272792
1.2471263
-5.221736
-2.4391723
2.063082
-0.9336895
1.1953543
-2.084329
1.7809778
-2.176283
1.5244422
3.018931
-0.08385707
0.87995154
0.8405123
0.51396525
-1.5886642
1.0043894
-0.21059324
5.289076
-0.17243657
4.6037717
-0.97507364
0.84390146
1.2106549
-0.34105897
4.6627088
1.7208894
-1.058929
2.1145968
-0.8928713
0.7670095
4.4301696
-0.08068383
-3.8451483
-1.6320955
-2.0454488
-0.17249225
0.08372149
0.044646185
1.1022038
0.7340604
-2.1326015
-2.9391057
3.2953737
-0.85311216
2.8949
-1.0395821
-1.6328402
2.7494657
-0.061059527
-2.2370598
2.2435453
-0.47393852
2.1299956
-1.8331845
1.5589868
0.019505981
-2.406046
0.82236034
0.24693212
-0.25134796
1.5637488
1.2933906
-0.76074624
-1.3430655
-0.7832705
-0.88865006
-0.3842562
-0.2822026
0.5280838
-1.6999376
-2.7742772
2.4903915
1.2957867
-2.6395242
-2.9994202
-1.1899467
-2.0113776
-0.97524625
0.3812402
1.986239
-0.02975531
-0.86489713
1.0688343
2.4909801
3.9293878
0.22199848
-2.173296
1.9187285
1.9917575
2.185536
-2.587367
0.60625803
1.7829046
0.8095192
0.8811201
0.42929098
0.9357675
-2.040605
0.28014132
2.734678
0.6957324
-5.750614
3.668592
1.9109328
0.49764338
0.4125746
-0.9429119
-1.1508769
-2.2808983
-1.8957747
-4.8056207
-0.5167678
0.52818304
0.7025254
-1.1897937
2.9991353
1.5784858
-0.07098919
-0.56102073
-1.749795
-2.9977582
-2.143337
3.4142487
-0.80096394
2.4880285
0.6176121
-0.1818958
-0.7105859
-0.9188256
-0.20160484
0.8404366
2.874841
1.4482311
-0.5532863
0.15628304
1.1146739
-2.1894808
-1.4743294
-1.4804865
1.883618
-1.2599893
-3.066779
2.2703001
0.72337174
0.35083354
0.58085114
-0.78993094
-1.4497088
0.6152275
-1.4530021
-1.6181346
-2.2161348
-0.7322404
2.9031274
-0.095173225
-2.6630416
-2.7411075
-0.6651623
1.4129028
-1.3255132
1.6025752
0.3229048
-2.5455031
1.5055462
-0.9164492
-0.06308231
-1.7177205
2.657896
0.24051836
1.1851736
0.48363635
0.71903336
-2.218315
-0.488544
1.5266895
1.1238937
-3.2182958
0.33867618
-2.673833
-1.2745756
-2.1634972
-0.68145174
0.1508253
-2.2547927
1.8079836
-0.09870657
-1.1892475
-0.56188804
3.2717657
-3.5050519
-0.6111334
0.6008752
-0.05451934
-0.17679292
-1.1713564
0.28029498
3.1727102
-3.1023092
-1.5451235
2.4511685
-1.1597404
-1.9589462
-1.669266
-0.6683063
3.5296636
1.6875756
1.0715904
-1.6145374
1.4769253
2.9428968
-0.1848987
-1.253056
2.4982069
-2.8597467
2.9934201
0.6351992
-3.165543
0.04865247
3.2532463
1.5838088
1.8005182
-2.1782403
1.0147526
1.0081041
-0.5706328
-1.1839331
-0.038220897
-0.63351625
2.2519221
-2.7630088
0.075318605
2.2566335
3.8503373
1.0125109
-2.7418098
0.421221
2.4741454
2.7023647
0.08864299
-3.0668426
-3.0025058
-1.4018754
0.35372192
-1.5240897
1.7678528
-1.3170618
2.205171
1.9972456
0.0232156
0.47841758
0.7517261
-2.4934711
-0.25359058
-1.6323062
-0.48691717
1.0672468
1.8752726
0.1985566
-2.8903482
-2.2598178
-0.8302178
1.8443799
2.5364847
-3.6537952
-1.1217906
-0.049241595
-3.1578534
0.8711569
2.022033
0.8885654
0.1204426
2.337605
-0.03771855
-1.4963347
2.6363409
0.24547797
2.1408918
-3.0340378
0.2238735
2.739672
-1.2087152
0.16241607
3.6693497
3.9495502
1.8410712
0.83540714
3.2078962
-1.8936856
0.54039025
-0.53576624
-0.09663718
-1.5846735
-2.4284472
0.5114231
3.5875387
0.18718281
-0.14761975
0.19571044
0.6040994
-0.49049285
-1.139878
-1.577243
-0.7297226
-0.23150818
-1.5916408
2.2054527
1.0962245
0.5130345
1.5737786
0.40785116
6.5917253
-0.55981904
-0.280815
1.45421
-0.9536101
0.64980966
-2.8420415
-0.2199257
1.1711847
0.75894797
0.52076
1.6567839
-1.7782449
-2.3324275
-0.24959855
1.1242582
1.111421
-0.07564596
3.3437765
-0.73722696
-1.1034538
-0.67408276
2.4957263
-0.3007322
-0.04933638
1.2794368
-1.3308505
0.13440913
-1.355002
0.073118374
0.57092077
0.51005334
3.3415546
-2.2617009
1.1376595
1.2099669
-2.3209596
1.136611
0.4720959
-2.4991899
1.648236
-3.1121216
-0.30477715
-1.44227
2.1278663
-0.42654812
-2.178456
1.3104643
0.17367291
-3.0019386
0.515235
-2.0008957
-0.07627005
1.708456
0.79862475
-0.5170078
-1.3585114
-1.3244842
1.5633023
-1.7693808
-1.8491753
2.0418885
-2.3349156
-0.68501586
-1.2240647
-0.49424425
-2.148143
-3.4900627
1.8674431
-0.83338755
-0.3857432
-1.7239926
0.020987496
0.6517293
2.2868855
-1.8276434
1.4511724
0.27313954
0.81067556
-1.9444323
-3.5322473
-4.704401
2.124065
-0.61522335
-0.78644806
1.5577788
0.0773174
0.8447354
-2.0694005
2.3347888
-0.9275703
-0.7941637
4.3732033
-3.2197404
0.04338886
-0.31870022
-1.5180423
4.156811
0.5393753
-0.94663596
-2.284057
0.8695452
-1.376256
1.9246162
2.2882104
-0.75777423
1.0279086
0.18061045
-1.2906075
-0.76465136
0.872643
-0.77004296
-4.6129484
-0.8169605
-0.78622514
-0.14965728
1.5381624
0.97236186
1.204324
-2.0716755
0.9408041
-1.7806132
0.36160278
0.6624711
-1.0177424
0.04129473
-1.4962906
-3.3237405
-2.7153854
-0.6362782
1.7109891
-0.044618785
-1.1075327
-0.612753
-2.4804127
-0.61532027
-5.403908
-0.8771507
0.965593
-2.291336
-1.2848463
0.7475077
-2.6489968
-3.421902
-0.28414303
3.2656474
-4.223441
0.28421423
0.9810949
-3.0869143
3.1435733
2.9824224
-3.3806636
2.0457556
1.0645106
-0.6925478
3.218184
1.6262041
-1.6966482
2.2682805
1.7791227
-0.71631515
0.98215187
2.0993595
0.48072246
-1.4996064
3.2821167
1.1886026
2.5780602
1.7509481
-0.02606596
-0.052818388
-0.5525127
0.09360451
0.24419186
-1.6182622
0.05376509
-0.8164434
2.9956286
0.712203
0.9576992
-2.2332656
0.7982062
-0.43495327
0.27160278
2.524921
1.074554
-1.0492376
-1.8340538
-2.8461626
-0.8002282
0.12658092
0.8570426
-1.2689232
-0.21958798
-2.0102859
-0.6118759
0.11625786
0.25538853
0.41476637
-1.7805141
-2.2749698
5.3451276
-2.6641095
-0.26129478
2.7747917
2.3660483
-1.142678
0.287572
0.5485912
0.7141073
0.22987312
0.39910156
-0.31932366
1.0065776
-2.7980595
0.004714407
1.643835
-2.277704
-1.7999434
-1.8662288
-0.57690287
-2.5091913
0.32228956
-2.0619273
0.0061462894
1.3405035
2.8790953
1.9368938
1.7687767
2.1303332
2.6266284
-0.19633815
0.1313524
2.649439
0.56002975
-2.6684601
1.3983557
0.883985
0.5884176
1.2909247
0.90159833
-2.042695
0.8031421
-1.1649755
-1.4195198
0.39495945
0.9494448
-0.45152795
1.0145295
-2.6496732
1.9064275
-2.1497626
2.2193315
1.1167575
-0.36903483
0.39182422
3.5775077
0.23498474
0.99751544
-1.7915597
0.2962948
-1.5718176
-0.9305238
2.0253956
2.0849125
1.9117305
-0.7980635
0.34023935
-2.721651
1.1707716
-2.3408136
-4.3795204
0.1657028
1.2018284
-3.834111
1.0982908
-0.8485758
2.9806755
1.0226904
-0.2453416
-2.788565
-1.148558
0.17899527
-0.91354954
-0.7329953
-1.1912515
0.3222442
1.4011182
1.7976584
-0.64484376
-0.98679197
-0.704494
-2.8594267
1.8391896
1.0187097
-1.6837795
1.2041596
0.42499134
-5.5340753
2.493979
1.2091675
-2.9264224
2.7303817
-1.9646713
-3.0031307
1.7490848
-1.7708689
1.1615174
-0.26718923
-0.032083422
-2.7804399
-0.8196779
1.7959182
-0.26314998
2.7482922
-0.20650417
-2.230767
-3.0539138
-0.6284339
1.2011777
0.9559878
-0.7301775
1.3184288
-0.80674756
-2.6705554
-0.717984
-0.9218401
2.464759
2.6650984
-1.5496855
2.1869843
0.63102084
-1.7413155
3.2249582
2.236958
-0.9977209
0.91389805
-4.962294
-1.6597
-0.06023886
-1.5390567
-3.6358216
-0.9709647
0.23665118
0.3248565
0.3173243
2.4490552
-1.4018142
-1.2349292
-1.0338979
-2.9706407
0.5409884
-0.9636491
1.751757
-1.3699256
-3.2617972
0.65839505
-1.9496704
-1.9674617
2.1229904
3.54064
0.19106948
-3.602006
-1.0989871
0.40963885
0.7079167
-1.8870982
-0.35765684
4.356229
3.585084
1.0014238
0.19690904
-1.5907432
4.2350287
2.0282972
-0.5365043
-2.448819
1.9020631
-3.6327982
-0.1595853
-1.4527943
-0.632511
1.3092419
0.18875124
-1.3514671
1.1798338
-0.47532675
0.13864268
-2.235506
0.2148793
3.498676
-0.88009024
-0.46715653
0.11824121
-1.8829732
1.3860664
0.47724757
-2.0588472
3.865255
-1.3032739
2.7861333
-1.8338007
0.17876887
1.5187327
1.1991941
-1.6081564
-1.2969052
-1.7134193
-0.76981014
3.3207688
-1.1852772
-1.2150724
-0.6479267
0.21486957
-0.26464146
0.55987364
-3.1613884
-3.9518743
-1.9615848
0.9254579
-0.5050125
1.0114304
0.5276185
-0.12640345
0.079061106
-0.51327634
-1.5580733
1.5196667
-0.46255565
-0.86006695
-0.86633587
1.0386682
-1.974752
3.1181004
0.60481584
-1.211489
1.6373183
-2.4639995
-1.1205975
0.61295253
-1.5064849
-0.38828573
-1.1261106
1.4683359
0.42792276
-3.59033
-3.1341934
1.2066137
0.82221997
1.1742796
1.7359065
1.4846965
0.72195643
-3.4337082
-0.94487226
3.4655886
-0.07457872
-0.0016122907
3.2767549
-0.40330815
-0.6770302
-3.6947913
-0.5136216
-0.67232543
0.96731114
-0.47218686
-2.9640205
-1.9691957
4.590876
-0.028622583
0.39335033
-0.83023196
-2.512786
0.50422114
-0.33231625
-0.2468741
-1.3361204
-1.5836673
-1.1395606
1.8058814
-2.9776294
-1.617638
0.4878072
1.7392172
3.09308
-0.45795682
2.296646
-1.1532519
0.8084736
-0.3977613
-3.3176649
-0.025855187
2.5577388
0.8465466
-0.72044736
0.7764813
0.4155421
1.086713
1.088877
-1.0025272
0.7373337
-0.37903267
-1.325962
0.43690047
-0.43506938
0.23350747
-0.056881726
-0.37153962
2.0541055
1.4509926
-4.123698
-2.4196148
-1.667688
1.1027836
1.7225105
1.0328012
-2.3200626
-2.325931
1.5111963
0.011325955
-0.7438153
2.3444617
2.5970132
2.2254336
1.3396155
-2.3581073
5.759584
-1.5168786
-1.0763366
4.7115593
-0.50392944
4.0226226
-0.33706537
-1.830045
0.7179873
2.8406074
0.33173686
1.2352326
1.2627106
-0.8232446
2.9519012
-2.1090498
-1.32732
3.0898268
-0.4140227
-4.9915013
-1.6859953
1.1630749
-0.037034366
1.0391521
3.0013716
-0.44608134
-0.8157832
1.1050442
-0.011490077
2.7150283
2.0706077
-2.0590649
1.6193258
-0.43002075
2.10402
2.5991762
-1.3974127
-0.056959033
-0.32653037
-2.559011
-2.6937623
-2.5494883
-3.129126
1.2199364
0.96105057
-0.8291043
-0.08803206
1.8389946
0.17021945
-0.97450763
-1.6138556
-0.27661964
-2.318227
1.2992852
1.0641729
-1.2722559
-1.6542015
2.3449225
1.5896478
-0.00010152161
0.5541143
0.21183741
3.321352
-2.1616673
2.2859788
2.4144692
2.25885
-2.093625
-3.028807
2.2499325
0.5234328
3.1672673
-1.068819
0.26783934
-0.0022783875
1.9933861
-0.35800436
-0.4220507
-0.636906
0.5887662
1.1694286
-1.300697
2.6568232
-0.2407494
2.0326512
0.7204511
-0.2431349
1.5688534
-0.3711724
1.5042253
-3.8774195
0.9535906
-0.61856884
-0.5326119
1.7234079
1.5747621
-0.45795834
3.657994
1.9613426
2.1195083
1.7378114
-0.326992
2.1318033
-1.2226582
1.3204558
1.6860236
-2.336031
0.9223412
-4.8907075
0.11569552
1.7399586
-0.81457263
2.5305657
-1.3464228
0.46963844
4.3565497
1.6749444
0.030142523
0.07524399
-0.29095185
-0.7136916
1.0028117
-2.548173
0.5231159
0.8909651
2.436092
-0.90422666
-5.217004
-0.56408966
2.6607158
-0.6792756
-1.1287811
-0.027343787
0.6949967
4.920093
0.727296
2.5421503
0.52556217
-2.8653855
-0.0029546097
1.1053125
-0.042754073
1.9642689
-3.1800303
3.9962397
1.1272016
0.8857356
-1.0012563
1.9705641
-1.0477738
-4.271009
-1.940942
-0.5305829
-0.4243465
-1.3367184
-0.106164865
0.88758934
-0.14552002
-0.4864349
1.2436026
-0.46592322
0.5905687
-3.4394584
-0.9341429
4.542887
2.3926892
1.0753158
-0.40324622
-1.2706568
0.53016245
0.44525224
2.715065
-1.3581011
3.0092847
1.8956176
-2.508634
0.8026525
2.1122057
0.48865744
-0.016273245
1.0752269
0.9209428
-2.2245302
2.6908293
2.6337852
0.6961323
0.6143002
1.5687674
2.147778
-3.479683
2.7294908
0.4487314
0.4263897
2.346587
1.8338522
1.365454
1.391819
-1.3201238
-1.1520762
-0.7142812
0.8206792
0.036626626
1.1403899
1.1497126
-2.516734
-1.1815475
1.3368989
-0.54687846
2.0823102
-0.3842079
-0.27153406
2.0724075
-2.7514014
-1.3251034
-0.8366022
1.474924
-0.24437669
-3.7161646
0.37781468
-1.7692553
-0.27865168
-3.9192438
1.3103815
-0.65723807
-0.3973052
-2.47945
2.6720097
-1.0840927
3.2325568
-1.2700241
3.9482243
-0.4673548
-1.5795877
1.0893695
-0.30274463
0.8573628
1.207968
-3.1920512
-0.74812305
1.0849172
-0.6638614
-0.010210827
1.294953
-2.8193803
1.725856
0.8104755
-3.19614
-0.45310533
0.80969834
-1.0268488
-1.4416379
4.0004263
1.2648695
4.5253286
3.1150715
0.105444066
0.43160653
-1.8088372
-2.8232272
1.4153553
-0.3555899
3.213974
-0.18514007
-3.4735942
0.787327
-1.6757218
-1.9331256
1.870087
-1.8316541
2.46836
1.6035823
-1.212388
-3.250291
-0.62694067
-1.5568627
1.819172
-0.758046
-2.3262782
0.26777264
2.7738898
-4.298158
0.4131479
-0.66503656
-0.5011574
2.1230936
1.6816987
-0.023638338
1.9419394
0.6260637
1.4403238
1.1268296
2.0527291
1.4867972
-0.29439715
-4.191866
-0.110766605
-1.9454594
-1.6960595
-0.65205514
2.5108569
1.9647155
0.38956404
1.3113289
-0.2318737
0.54079497
1.9485301
2.8361669
-1.7517521
0.92652124
-2.4051194
-0.0326583
-0.50154173
2.8451672
2.1172595
-5.9576955
1.813839
0.58423203
-1.7196133
2.6546893
-1.8266442
2.1723468
0.7798261
0.2599115
-0.46249437
1.0470902
0.9885361
1.5329031
-0.2130538
2.959229
-0.40269265
0.90152997
-2.4139004
-0.12226528
-1.9374093
-1.4266702
-1.0463574
-3.0932848
0.21175238
-1.2218157
4.8627872
-1.4790105
-2.623302
1.3352395
-3.2654996
0.84908134
0.3965435
0.097213075
-1.5131533
2.9001198
-0.92574745
-0.75097847
-1.6506104
-2.3007843
2.3041935
-1.1354946
-2.7122884
-1.4618638
-0.11064066
1.739017
-1.5477643
-0.16560912
0.20825014
0.4590862
-1.197268
2.3739202
-4.4576154
1.4953538
-0.49836707
0.49976847
-0.83858466
-1.2449018
-3.6422875
0.11265334
3.3175373
-0.7743266
-2.6773283
1.3748367
-1.5028824
3.1748595
-0.07986162
1.4017359
1.1067095
0.30595008
0.50239426
0.25776994
3.709928
-0.12519021
1.5752062
-2.9564755
-0.59368163
-2.547777
0.44417253
0.14252532
1.9274788
-0.007954098
0.61056656
1.5010103
2.3321517
0.744644
-1.0312945
-1.1851054
-0.231798
-2.275894
1.6984521
0.2714279
1.054119
1.9351529
0.26023063
-0.87404805
0.8936839
0.51649874
1.9957857
2.4030645
1.18524
-1.4457814
3.0319548
-2.8099086
-0.56537366
-1.0509454
-0.71969825
1.9637656
-1.0959272
1.2854301
-1.4441028
3.0403125
5.3578215
2.0921652
0.6578335
0.61694926
1.6833423
-0.8121618
2.3767612
-0.28188878
-0.5619123
1.6984193
-1.9052268
0.31815824
0.7089431
-0.39442924
-1.0278211
-0.57606685
3.220992
2.470591
-0.7360814
-0.49369007
3.2023075
-3.7486217
-0.20973802
0.55723894
1.5732875
2.1012244
2.106798
0.62453175
0.7460773
0.6599143
-0.589062
1.6502411
-0.29214644
1.2783247
2.4889262
3.4021115
-0.6694647
0.049950816
-1.0731386
0.62008685
-3.4294698
-2.1377363
-0.62739384
-0.6649617
0.89287245
-0.21549803
-1.0417467
1.2461708
-2.311541
-0.91840667
1.2425292
2.0036833
3.555487
-3.5712402
-1.3854902
-3.5019665
1.4926481
3.6824028
0.68471813
-0.55050576
0.3456029
-1.1836194
-0.953495
-0.78696334
-1.136568
-2.3343954
-0.9193805
-2.281687
-1.9679403
1.1621773
3.6225905
2.4910412
-0.17196639
-0.2865828
-1.8336836
1.4769224
4.268488
-0.42223278
1.502863
-1.1987454
-3.3899302
-1.1789339
-2.5426395
1.38233
-1.6459731
-0.67403924
-2.3754349
-2.596139
-2.9426446
0.8191856
2.8924644
-0.24261056
3.522021
1.0125159
0.9988178
0.11167075
-0.67585003
4.2376466
-2.755933
0.27648783
0.6826558
-0.84511095
-1.4288807
-0.19741781
-3.4915175
-1.7166574
1.3015091
0.028105233
-1.0260729
0.7481051
1.1422999
-1.8742564
-1.7195293
3.341433
0.071430646
0.4604566
0.32442123
1.8278195
-0.60798085
-2.2352169
0.08383831
-3.2510667
0.887693
-0.8717241
2.3993447
-2.2654724
0.35606727
-1.1312633
-0.79943424
3.7290113
-2.4830842
-2.8227122
1.9441683
-0.24219105
1.5414973
-0.97223943
-0.13832659
-0.10318353
-2.8576508
-1.4839506
-3.3853884
-0.14776453
0.5180314
-1.2445393
-2.5185823
4.764141
0.2911746
0.16626553
0.120448716
1.1821426
0.15706848
0.82679343
-1.7784617
-2.2851162
-0.96386194
-1.0337033
1.6882309
1.0419127
-1.826232
-3.372344
0.8184933
1.2643142
-1.020231
-0.09241765
1.5658252
0.98867804
0.4086357
0.30984005
0.05094822
0.46567008
0.8499379
1.1710787
0.31490627
1.3204967
-0.75522304
-1.9266912
2.7124906
3.6023116
0.9700532
-1.8761214
-1.0699284
1.7475013
1.992482
0.5144831
0.6884145
-1.2011596
1.0998545
1.6983007
3.1497297
-2.0518517
1.2478251
-0.63161445
4.8704667
3.7395332
1.1552149
0.9534133
-1.6816003
2.6955168
-0.2513886
-0.6175967
0.046803705
0.070962735
0.5898768
2.1435149
-2.9628036
1.1247734
-8.308666
-1.6977133
2.9013586
-0.05213195
-6.5383883
-0.0180735
-1.1489888
2.428038
-0.71261847
-1.802372
1.8701541
-3.0006447
1.7026557
0.6178266
-4.291156
-4.9804254
0.03784837
-0.77685887
0.38523746
-2.5696847
0.26426426
-1.1628705
-0.035224304
2.017128
2.8546417
-1.4087504
-2.1659133
0.34225124
-1.4117665
0.6655658
1.1348326
2.0756626
0.7979194
2.3792062
-1.4550008
-0.37204447
-0.74393535
-0.075310715
2.9557896
-0.8719063
1.1087512
0.31403148
0.45925617
-0.78855723
2.7896457
-0.08704707
2.1214035
0.4865035
-5.1756835
-2.4513197
1.6082845
0.65831697
-0.062271982
-2.1993198
1.0354266
-3.369195
1.9767601
0.496165
1.8041366
1.9645592
1.4761844
-0.9374279
3.4876935
-0.23798488
-0.43457112
-3.5179856
0.22225718
0.23736542
1.7493668
-0.71831214
-1.8804855
-0.0081468895
0.1449239
-3.6182537
-1.5658693
-1.9436911
0.97582996
3.2997656
-1.2865407
-2.198628
0.94084644
-0.24136743
-1.374797
2.1734269
2.2459078
2.3639402
0.9498926
-1.1077788
2.3094637
2.1793027
-1.8573061
2.0670161
1.3433608
1.7562683
2.0441048
2.2996497
0.6815678
-0.51660407
-1.198841
1.1386297
3.5245829
-2.0402606
3.3116167
-2.9677222
1.9720982
-0.69280404
2.4257436
-2.3664424
1.060042
-0.5655464
-0.6794586
0.68926394
1.0636104
-2.067759
0.2777039
2.3562546
-1.0372957
1.2690383
0.09453228
2.8650856
1.585064
-1.3754989
-3.309484
1.3267833
1.3637551
-0.13854334
-0.22057684
0.8083885
-0.8121235
-0.36756158
-2.2111306
-1.814425
2.7478905
2.1152892
0.84795016
-1.5174503
-1.91839
2.281116
-1.985456
-1.4294258
0.59228355
1.7102852
0.06753873
1.567089
-0.5546453
0.9345102
-2.3339934
2.4815328
-2.372262
0.552919
-0.92349297
0.51402074
0.84395623
-1.1927828
-0.6709192
-2.1182907
-3.43114
-1.4858948
1.0356066
-1.3394734
0.28485233
-0.29447475
0.77302885
-1.1689526
0.14860696
-1.0623137
-3.2842183
0.024132408
-0.48342192
4.0373273
1.2497078
3.3871272
-1.1199154
1.1811727
1.1528943
0.013996385
-1.2480937
-1.3331661
0.566881
1.2445828
1.7202852
-4.5098634
-3.817934
1.1622777
2.009957
-2.0366416
1.65729
0.7535012
-0.98806685
-2.9062061
3.3676147
-1.7484632
-0.44500518
0.91348433
-0.144996
-1.4929457
3.2155032
1.2558447
0.099744566
-3.1011229
-2.7154295
-3.0249898
5.7740755
-2.7507138
-0.81863046
-0.02577515
-1.7825565
1.9164741
-1.6519358
1.8242989
-0.70610106
1.0975093
4.571289
-2.8849788
4.051672
1.0276804
0.62568724
-1.9677155
-1.036739
1.0438484
1.7630111
1.019978
-4.172057
0.68344784
-2.114915
-0.013203889
-1.3501025
0.14728235
1.1375092
-2.3231504
-1.2330594
-1.5830835
0.40107733
3.9929886
0.3515135
-0.07073275
2.2269776
0.9997146
-6.970362
-2.4831345
1.67517
-0.5039539
-0.88758254
0.63981354
3.553579
2.9434414
-1.928881
-1.9931449
-1.733467
-1.0605189
-0.46043283
-1.040931
2.7062316
3.7747562
0.15055048
-2.1782892
-0.5731256
-0.6263281
3.933653
1.0580031
-1.9781396
-1.9317594
-0.81410605
-2.5177393
-0.57140154
0.87948525
0.1378143
3.1660485
-0.73648316
-0.40372875
-3.4238183
0.84682435
1.0941722
1.7562456
-1.3284104
4.7882433
-0.7001715
-1.4112484
-0.030787036
-0.7516439
1.4214957
-0.6301774
-4.0375724
-0.14472178
1.9804143
-3.443162
-0.9570148
-0.38325465
-2.4288735
1.6709883
-1.8550401
1.2375526
-0.8042757
-2.0432713
2.2200356
-1.5724881
0.50427383
4.1098194
-0.2713754
0.870836
-1.0212431
1.6006902
2.4843447
-3.9142067
0.19384241
-0.16059661
2.4685795
0.24291089
-1.6190027
0.61154705
1.5317976
-2.7800994
-1.1740247
-2.3395917
-1.2469037
-1.0617392
1.1055783
1.8693252
-3.2043452
0.70108306
-1.310325
0.42690963
-0.13978457
-1.3074318
0.37218073
-1.462488
0.43971512
0.7886727
-0.31215516
-2.0036738
-0.2229242
1.8703129
-0.39467183
4.153549
0.33641136
-3.4780736
-1.7402341
-0.22082429
0.84511197
-2.995773
2.5152822
-3.9300299
-3.5075924
-2.0773425
-1.2810415
0.42097604
3.17462
0.88267213
-1.8322859
0.006731011
-2.9798477
0.47308305
1.4158518
-1.57687
-1.7704254
0.3076332
2.0823352
-3.3705163
1.5959709
3.2922356
-4.7096386
-3.0341613
-0.73718125
1.8409398
-1.1920893
1.9305543
-0.3336271
-0.22599235
0.31784314
-2.1042292
-2.1128037
0.5709613
-0.19253674
-1.0375484
2.1064184
-2.1921742
-1.5147747
1.0431731
3.0096998
-0.11062382
-1.627503
-1.6247379
-4.246153
-1.8263913
-1.1965307
-1.2669829
-0.5244428
-1.9883721
-2.4380107
2.9680376
1.1648525
0.38200885
-3.1944005
1.287229
-1.9916786
1.1488861
-0.90449226
-0.28736827
1.8004475
-0.09231416
2.9821784
-2.6411383
-2.49861
0.28101212
3.5580907
-0.6633102
0.64621776
-1.8408871
0.97854644
1.7240155
-1.2291628
1.9800009
1.6017494
-0.76630884
-0.5524354
-1.7491288
2.0713556
3.6386342
2.1980639
1.1192156
0.946116
1.663879
1.6055123
0.6927164
0.529986
-3.3456547
0.3486309
-1.4323002
1.5949954
7.817756
-0.090460934
1.0566136
0.43022692
0.5563252
-3.6597037
-1.666034
2.1070414
1.9724646
0.5144158
-1.409466
0.3798879
-2.5872045
-0.50706995
-3.3971305
2.0105102
-2.4161768
0.33784294
1.8818946
0.7102552
-0.052678846
3.8463569
2.4734569
2.7359257
0.5084464
-0.43754685
-1.7371186
-0.11309615
1.4187341
-3.6926458
1.1454645
-2.9573627
-1.4118725
2.0033274
0.95304656
4.5762434
-0.76525646
-0.5691959
0.5119039
-0.774002
0.9336716
-2.9930573
-0.06672828
2.2625928
-0.8246509
1.3259281
2.3699512
2.093824
0.26369995
-2.9544272
2.986835
2.4102461
2.287811
0.32343793
-2.8640795
-1.2034733
0.10994161
1.2701405
1.2407478
0.43519014
-1.9104793
1.368887
2.6485484
-0.51066774
-4.357173
0.79352766
-0.6882538
0.10345224
1.3070432
0.56757385
2.0598135
2.4517505
0.4502796
-3.3826778
0.10317019
2.6925542
-2.5702796
0.7729809
0.9962667
0.44237405
0.108040586
-2.147929
2.0777752
-1.9417268
2.8842247
1.3495336
3.3497822
-2.1754305
1.1543912
0.9550975
-2.0875943
-0.8704576
-0.85341626
-3.3035634
-2.2366035
0.896308
-2.5280871
1.6696337
-1.1877847
0.63001674
1.2796003
-0.7258742
-1.8124287
-0.22510302
-0.48053232
0.14215943
0.44939974
-1.4558188
-3.1263523
-2.2205753
-2.7794487
0.058444925
-0.82457584
1.2484114
0.33856988
-1.3705618
0.6333346
-1.025294
-0.7344725
-1.5633242
-2.200015
0.020135894
0.14723738
1.8180109
0.16090202
0.74394405
1.4698403
-0.98539704
0.17092028
1.0294417
0.76257825
0.9034216
1.0315114
1.0956358
-2.5256054
1.4498612
-0.67952335
0.5126443
-1.2712568
1.0681783
-0.24922375
-1.3682581
0.2385355
-0.90981317
-2.549612
3.7724211
0.8979402
-0.48956352
-0.010844842
-5.7336984
-0.29226702
0.38119715
-4.011111
3.439236
1.9901525
-0.38964936
0.053824455
0.5083828
-2.866171
3.6636434
-2.0696816
-0.028392114
0.892375
-0.9746431
-2.341903
0.027835563
1.910042
2.742855
-1.5771832
-0.15685076
0.88178015
0.23938659
-1.1163661
2.6417356
0.71421236
0.01809084
-4.127931
0.6928593
-2.7346718
-1.5616646
-1.1553404
-1.0395174
0.42261994
-1.8662646
-1.057532
-1.1013011
2.5256412
-0.41853514
1.0046047
3.0655007
-0.9784962
-0.6645505
-1.2089567
-1.4548362
-1.7963643
-3.269031
-5.922622
1.4123577
-1.0797707
-2.756519
0.5789187
-4.417403
1.399226
-1.1707897
2.0600362
3.0947568
-1.4825732
-0.14472805
-3.9149835
0.6020123
-0.10831689
1.7898741
0.6443688
2.1782527
2.3989549
2.6653957
-0.30192745
1.4677044
0.07925075
-0.5669781
-3.8959146
-1.1688215
0.62555313
0.24155715
1.6449784
1.0186086
0.81076694
-0.031848468
-1.7407916
2.9843185
0.47960818
2.5661323
-0.032984115
-1.9471667
0.33034775
0.54298854
-1.1691263
-0.40156567
-2.3575888
0.5369352
-3.1504564
2.6575813
-0.31103924
2.7887938
-0.006450385
-0.004616648
-0.36910728
1.7078274
0.71095806
1.1112587
-2.9958456
0.13527977
-2.5115921
-3.0639837
1.6186879
-0.55677134
-0.12978527
0.6140485
-0.88333976
3.3458927
3.1901097
-2.3339558
-0.30458114
-4.9473414
3.3082457
-1.8619909
0.3356398
-1.0753748
0.38405615
-1.2747761
-2.257446
1.4387251
0.1344197
-0.20051497
1.6344055
-1.2383277
0.93713236
-1.42787
0.343576
0.677615
-1.870691
-3.5192435
-1.4496717
1.4154594
0.37940747
1.4342837
2.3694692
0.24305108
-2.288411
0.91040295
1.5311538
-0.5495507
-0.40392214
-2.3711967
-0.16059071
0.48179945
1.3737952
-4.619163
-1.2169892
1.8497725
-0.78865814
-3.0236073
-0.8355739
0.18310967
-2.9702892
2.8715112
-0.96435595
1.5745047
0.4116517
-0.5327205
-0.55526793
-0.6599782
-0.80535096
-2.0116663
0.37165126
0.40508395
0.9747714
-2.2120614
-1.0723032
-1.8934964
5.591327
2.4537709
0.58976674
-0.6931814
2.6447778
0.6870531
1.7643833
2.5131903
0.53170514
-0.33700734
-0.36239946
3.1320329
3.2478974
-0.65434647
0.9354476
0.5997814
0.91937107
-2.1988966
-2.8527303
-0.84302527
-1.2875664
-4.7586493
-1.9218292
1.9636384
0.6919121
-1.4349397
-0.8893747
-0.077774785
-1.2151729
-1.4478565
-3.6261067
1.5011582
-1.7839887
1.4808481
2.6920536
0.85743636
0.8291558
-1.3846217
-1.237066
2.112712
1.2312447
2.5191925
0.5892809
0.93974906
0.779809
1.18538
1.2158555
2.9625738
-3.1584024
0.036817804
-0.081288666
-2.507848
-0.46172547
-0.5774402
-4.034059
-3.2330022
4.248439
0.8646009
1.0719975
-0.2170063
1.5824525
-2.1504493
1.1357974
1.118621
-3.6688385
1.7975802
-0.111654654
-1.195797
2.1064184
2.450897
-1.4157683
2.3314552
1.4616009
0.74363357
0.8953259
-0.41066962
-1.03189
3.4518375
0.3677607
3.6553051
0.37204033
-3.404054
-2.8286912
1.8564612
0.9952712
-4.700148
1.0998843
1.0900486
0.21265861
-0.09536007
1.9506239
-1.2719406
-3.8081746
0.41490448
2.4785738
-1.7122737
-0.55063605
0.82019955
2.3521452
1.0131185
0.049563125
-0.000807032
-0.75915194
0.42109865
-0.039199807
-3.173232
-0.21099561
0.50094676
-1.6003484
-0.04015869
1.6287756
-0.9424102
0.08093943
1.7075616
-1.2716546
2.642663
-1.3273537
-2.3419793
-0.3773526
-2.450751
2.7067006
1.3644736
-0.33629566
-0.4476532
-0.98786926
0.8770612
-2.0900838
-2.2441351
-0.7990101
1.5792283
1.3154879
-0.35546038
2.1211908
-0.1995965
-1.8164457
2.3290603
2.523891
0.18197268
1.1185253
1.4786364
-0.20007579
-1.1561493
0.009254381
-1.4076785
-3.024195
0.8260149
-0.978674
-0.55996186
-0.46652082
-1.0341085
-2.4488661
-0.81391287
-5.240802
2.1445088
-0.21919012
-3.8270173
-3.6938746
-1.5531114
0.44671232
1.0657103
0.85724914
0.49681136
-0.026844308
-2.7686002
0.7697829
-1.8184747
3.5440571
-0.43905172
-2.7244453
-4.1044164
-0.9335129
1.984579
-2.7603204
-1.9698808
0.15903881
2.7464874
-1.2386353
-0.39144254
0.0035598576
-3.4936998
0.26060203
-1.7357441
0.86129314
-0.89509326
0.66976225
0.25529438
-2.3636665
-0.8916889
-1.7750037
3.414247
0.5596352
-1.8728008
0.5940134
0.7258962
-1.5034055
0.5189504
-0.6994904
-0.13643774
-1.0161939
-1.9396825
1.5883273
1.1098751
-0.9839663
1.5206251
4.514695
-2.5390255
-1.1432856
0.365014
-0.8466607
0.783171
-1.202532
-0.4783017
1.4653609
-4.861517
1.4080602
-0.1975345
-0.05353511
0.4231964
2.3625073
1.6162297
-2.3069685
-0.70271236
0.21776101
-1.9014803
4.202793
2.0767791
-0.6213449
0.90619975
-0.3402996
-3.0352209
2.8338754
-2.0779335
-2.4781418
2.4746137
1.4769568
-0.12556538
2.7772546
1.67394
-0.6125058
1.0384518
-2.6072674
2.2598023
-1.2270153
1.9392856
-1.181838
-1.821003
-1.0746809
-3.8046527
-3.6673791
0.21930625
3.4223208
-0.18343921
4.591516
0.1958162
-5.262972
2.953957
-1.0932083
0.15715887
-1.8642576
1.6162125
-1.0145351
-0.26033777
0.09207875
3.6856909
0.3370485
2.6177845
-2.0149202
-0.24374762
2.4185894
1.5976001
-0.6448129
1.1927722
1.0615013
1.4284301
1.0171903
1.9641376
-3.4924936
-0.55309963
1.2302556
-1.9852065
-1.4140695
-0.66071516
0.27056205
2.9234734
0.4748319
1.4786035
3.266679
1.4110941
3.378401
4.962714
0.14206001
2.1347747
-0.75147724
0.21090776
1.4818137
0.3148282
4.0445075
-0.09462182
0.03953791
-0.9449902
-0.829741
-0.36257985
-2.7082105
0.56246775
-0.73157144
-3.192838
0.28559676
-1.1830151
-3.61746
-0.28660497
-4.546655
-2.0450351
-1.6644802
-2.7175684
0.4103112
-1.7314885
-0.8108709
-1.9156467
1.317256
-0.123758934
-0.19742402
-0.7585588
0.6867594
3.640175
2.1095653
2.5278356
-3.0979602
0.73074347
-0.450494
-1.3867528
-0.24792442
0.25150615
-0.5314873
-0.68189764
2.3993514
2.4331334
-2.2357614
-1.5409757
-4.7706585
-0.039611194
-4.026392
3.0862446
2.1517603
1.5057822
0.71090126
1.049333
2.167798
-4.243957
-1.4885403
-1.9023852
-0.015661724
-1.619736
2.3972478
0.5060514
2.8067644
0.9148355
-1.4910611
-3.131662
3.7162561
-5.0436883
-0.76561534
1.3038293
-0.25943947
3.624657
4.102014
-2.0343113
1.4212024
1.0545913
-3.1344216
-0.7462002
2.955691
2.9172008
4.2816963
1.7179941
-2.4960015
1.5436695
-1.867134
1.539203
-0.98306656
0.13157299
-0.88381946
3.1191058
-2.1678426
2.4758005
1.5061879
-0.58510923
2.289569
-3.7097054
-1.0039858
0.6539368
-1.1768804
-0.31887648
1.2124804
-0.95687175
1.9939685
-2.412784
3.2332575
-0.67615306
2.7052608
0.04690538
-1.6314806
-0.71172667
0.527178
-0.17094198
-1.478816
-4.167262
0.62231237
2.067056
-0.8202498
1.3561219
-2.0776405
0.6111469
-1.5249795
-0.019980818
1.1476473
0.97112685
-1.9198178
1.6304346
-0.11014427
0.0729682
-0.06292477
-2.4120498
2.6012962
1.3501853
-1.4618977
-0.019471124
-3.0058131
-0.603299
0.7184431
-1.3104745
0.47751474
-0.71981156
-2.4791992
1.8501917
1.6782948
0.9823482
1.6232826
0.7535903
0.04605905
-2.3547134
1.5244215
0.81930876
-2.3445687
0.38668036
-0.6311147
-2.6044605
-2.9491067
-0.38779074
-0.8755687
0.31242356
-1.2885312
-2.0973978
3.1491075
-0.13273951
1.0360447
-0.36127687
-1.191296
-0.56049657
0.19528402
2.094232
0.8283187
6.074776
0.7654272
-1.924598
1.4917283
0.6361179
1.5275576
3.0566823
-1.5988104
2.5642483
-0.3007266
0.7791709
-0.19744888
2.2633538
-1.4582899
2.2716305
-0.9063088
0.12814254
3.4276652
1.0689281
2.2105346
-1.9301112
-1.0049958
1.7943989
0.62895966
-3.5329692
-0.6159253
-1.6992857
1.6379576
0.968545
-0.18236175
-4.563135
-0.7353978
-0.40173826
-2.7048633
0.2501163
0.3404948
0.44806278
-1.8895165
-0.83656985
-1.4802728
2.08214
0.9733746
-1.6708924
0.61654
-1.6834468
-0.05812726
-0.83745754
1.7384661
0.932051
-2.0525978
0.3821195
0.8703468
-0.6775865
-0.8426443
-3.1636064
2.0194151
-2.1470945
-4.575612
-3.5463998
1.5109757
-0.6995641
0.68015295
0.03718338
1.5336301
-0.8458264
-2.6660364
0.14413607
3.7856426
-0.096066825
-0.16737154
1.3109139
-0.8888262
4.870141
-0.016210698
0.18570596
-1.4656107
-0.28335267
-0.5915581
-3.4840972
-1.9488883
0.23445603
1.4646406
2.3925092
-0.70557547
-0.76938915
-1.5670092
3.061738
0.27643305
-1.0078957
2.9514263
0.37263957
2.1674123
3.145235
-3.4528327
-0.017054334
1.1054918
-2.3289123
-1.9792222
-0.9374045
-0.9951357
-1.2395461
-0.49585667
1.0599929
-0.9202799
-1.1470097
0.15712476
-1.2503281
-2.5843701
-0.88824
1.3774415
-0.47516012
1.3591229
-0.6505368
-0.7039967
2.9963448
0.84223634
2.1735704
1.541381
-2.0831199
-1.5147666
1.5318242
-0.6457779
0.528483
0.6689276
2.0000942
1.581724
0.72570986
0.39824337
2.033521
-0.7490416
-2.190564
0.4594026
1.930324
2.8318574
6.2642
1.5482934
1.821575
-0.9634619
2.431581
0.8350392
-0.305335
-0.8694763
-0.9715653
5.3614163
-2.042543
3.1022406
-0.87061036
-0.95129377
-1.5307889
-0.3257855
-2.0078413
1.4215238
2.4672556
-0.3237206
-1.1069593
-1.6983708
2.8768914
-0.17102893
2.7848961
-0.544558
0.68313235
-2.4892173
-0.63385326
0.4000475
1.1322311
0.4532759
-2.9058723
1.5511681
0.5157071
-2.9620109
-3.887318
1.9943242
1.6362246
-0.98405284
-0.46917444
-0.33747447
1.0379152
-0.20773314
-0.051453747
-2.194456
-0.8118793
-0.22003384
1.559201
1.2979304
0.68072665
1.1797583
0.022030674
0.89224756
-2.3884215
1.2852079
-0.7939348
-1.6488595
-1.2127668
1.392033
0.73514473
-0.076128624
0.31989467
1.2674254
-1.5593873
2.5371509
3.2792854
-2.529347
-2.4441173
-0.27482593
-0.07279242
-0.40703478
-1.7731154
-1.5389713
0.55733114
0.3448782
-0.48046452
-0.2320931
0.07863478
4.2029195
-2.2989707
-1.2081058
-0.5685912
-1.5056499
-2.473283
3.490153
0.8343348
-2.318242
2.0304067
-0.69419163
-1.2540396
-0.54056484
-0.5853628
-1.8905052
-2.8069828
3.6156232
3.445188
-1.3385648
3.1570206
-1.239977
0.16948432
-0.47881618
0.050974265
0.65595293
2.7932017
-3.2139027
3.480108
1.1896338
1.376128
-2.3538058
-1.9830292
-0.6304345
3.8381298
2.3652923
3.5028765
-2.4021997
-0.5431097
0.0066698566
-0.44177604
1.0694755
3.0644963
-0.95531106
-1.013091
1.2122041
1.0349633
2.7941313
-0.7566977
0.5279183
1.6349293
-3.187405
-1.3082485
2.7176683
1.5649823
-2.9168415
-0.8467047
-5.189687
0.4394429
-0.6346261
-2.2301176
-0.857623
2.9644854
-0.63584137
-3.4350574
0.8904953
-1.3595276
-0.21158019
0.6586411
1.3396871
-2.0764565
1.0286112
1.6680372
1.3957899
-0.2097256
-0.3180688
6.2391334
-0.07311281
-0.48359066
0.47908634
0.15686786
1.5100882
-4.5044804
1.3596431
1.4024212
1.9679955
2.1550539
-0.43921763
1.0507876
0.7301858
2.5195496
1.5791324
-0.00068053603
-1.8065633
0.17120919
-4.200148
0.99736387
0.42666793
1.7650348
1.1118397
1.3123602
1.4619911
-0.551285
-2.2329984
-0.8495733
0.10075159
-4.7128544
0.5447133
0.52280235
-4.132004
-0.025340632
-2.1929557
0.03299956
0.4119487
-0.18261777
-0.10405392
-2.9727457
-0.95751137
3.9694257
-1.6854879
-1.1389506
0.49948353
2.8641994
1.6215789
-0.436316
-0.599662
1.6138037
0.26708403
-0.5773699
4.8333483
2.922783
1.1967529
-0.41974196
-0.8466086
2.0056396
-4.6667905
-0.30912805
-2.1799502
-0.8820059
0.7308247
-1.0372734
1.7925568
-2.1511908
1.497099
-0.28912517
2.6564288
0.038277723
-0.8645627
2.9955847
-1.287406
-1.2737293
-1.8326811
1.3331513
0.45495808
-0.69680303
-2.3528996
1.8397651
1.2053732
-2.0467217
-2.9435413
-2.0646641
0.75890917
1.2049142
1.5681071
2.2141142
1.5397514
0.23348653
0.59260345
1.3777132
-3.3830318
-0.49592423
-3.2887843
0.9640006
-3.6737761
0.6103931
-1.7540947
-2.2985258
-1.4911593
-3.4202619
0.42554834
-2.1088505
-0.80865085
-1.5696881
0.7267232
1.0300663
-0.22167662
-0.8810713
-0.36318007
4.742195
2.268216
0.5492295
-0.28733316
0.6519488
2.9829311
-0.6168176
-0.25145805
-0.6865648
4.4365625
-1.3157158
0.4841677
1.940868
1.7142836
-0.23239222
-0.25708956
0.86067915
-0.04575143
2.3432574
-0.23776126
-0.6401375
-2.2895017
0.38947734
-0.62175006
-0.08859397
3.52281
2.597974
0.07638467
-2.883671
0.72819465
-1.7386845
-2.260622
0.71234995
2.052623
0.82768
5.6993084
-0.03790907
1.4523264
3.8290825
1.9741527
-3.3303876
2.8812375
-0.8663184
1.3051994
-0.1832071
-2.0695934
-0.8886073
1.8575088
0.23342896
-0.817881
3.1731365
1.7110697
2.1826692
2.5448027
0.6304755
-3.7243261
3.8045301
1.2509196
0.9745252
-0.13155001
-1.0204674
-0.71733433
-1.4945321
-3.4289174
0.12789518
1.9447545
0.7788698
-0.44134486
0.696231
-0.10803003
-2.0329611
0.15624838
4.4782777
-2.4636154
0.95637316
-0.2899861
2.6390684
0.6311739
-1.4337534
-1.6705444
4.573239
4.064174
1.4035678
-0.5905684
-0.50674266
3.0355635
0.5082829
-0.9991633
2.194831
-2.0871818
-0.56066096
-0.2412504
0.31860682
0.5702095
-0.02951305
1.3864553
-0.8328379
-0.6380082
0.4170723
-1.9745226
-0.59360117
-0.78189945
-2.380854
4.994701
-0.6144952
2.3224664
-2.0851924
2.4784048
-1.2963595
-1.7751025
0.077311225
-1.8928648
-4.0541363
1.0591942
1.7815669
-0.051844366
-1.146855
0.6167758
-3.2721074
0.41870594
1.2513385
-1.9215796
1.1986339
-1.0977762
-2.646795
0.035062544
-0.5060858
-0.5300941
1.0445508
0.82079226
-5.0587964
-0.3375197
1.9248254
0.10534159
-1.2078432
-0.32860944
0.11960459
-0.7947788
1.2743225
-2.0070326
-0.19009337
-2.3514073
-0.8974484
-1.6940682
-0.48983666
-3.0498304
0.04250191
2.1361115
-2.316992
0.030260332
-0.08390104
1.0860854
0.7329924
-2.773728
-1.0777687
0.9818432
0.19955027
0.67813826
1.8056368
3.9803956
-0.7582184
1.3215898
0.81261414
1.3480301
0.9178947
1.4841831
1.2997916
-3.0701656
1.5754417
1.3654745
2.5324056
2.0786338
-1.1720368
0.21760227
1.4179834
4.186677
0.21329504
-1.1907243
0.65631914
-0.098768316
-0.36663264
-1.3420498
-3.7431726
-0.16860437
4.4072003
-2.4313776
0.6865148
1.3643049
0.6275646
-1.4564497
4.207307
0.22286437
-1.8503889
-0.67994964
-2.063817
-1.5781058
0.25116998
-1.8258207
-1.5415077
1.6025263
3.6369898
0.12857175
-3.3289487
-0.85609525
-0.5995739
-0.75319064
-0.6640657
-1.9208628
0.73113036
-2.08424
-1.9475981
-2.471613
1.4994379
2.9907987
-2.4214225
-3.4587157
-1.9143077
0.4235397
1.5023054
-0.66918015
-2.0301697
-2.424932
3.1123908
-0.47757432
-4.179996
-1.4552274
1.09859
0.46626177
-0.64399266
1.1723052
-1.4764565
-2.5993316
-0.35881275
0.24798632
2.6696744
-0.261891
-4.496335
0.21248414
2.5516772
-0.6300557
-4.001908
0.92815036
-2.335882
-1.4379066
-0.0058616214
1.3404931
-0.47167414
2.6554418
0.6814454
-1.6536999
-1.9307146
-0.9262451
1.0643042
2.909769
1.7513984
4.028259
-0.5635593
2.7499166
-3.739621
1.6547791
-2.592932
1.3742806
0.08472265
-0.9327647
-0.9662552
0.6923415
-1.5419301
-0.09937108
0.20281447
-0.090093754
-0.3334634
-0.7319327
-0.2920441
-1.3938754
-3.142799
1.8559068
-3.5772529
-3.7213054
2.7891104
0.5313398
0.42308268
1.8520988
-1.2670438
0.09026259
1.3884352
-1.6264052
1.9882888
-0.016072772
1.1642182
1.4312906
-0.4501946
1.2972727
-2.303778
-1.9986634
-1.409348
-0.6359539
0.51035523
2.8337388
-3.9210262
-1.3249289
0.7592789
2.9080763
2.7668118
2.182939
-2.8518295
1.1859827
0.81930935
-2.151256
0.13658836
0.9768785
-1.5863012
-2.8940363
-5.367511
2.7360926
-0.9533477
1.414648
1.109981
2.3154547
-0.42137772
1.8653479
-3.4811633
-1.7642876
-1.8592896
0.72212785
2.8527641
4.112315
-1.2561862
-2.5422773
-1.5148224
0.37027705
-2.4097357
-1.614517
-1.8147502
-1.5669097
-1.1507107
-1.5798389
-1.8550158
1.33547
-1.2994046
1.4025536
-0.08530312
0.982794
0.7038606
-1.585735
2.3989508
-0.72912115
-0.3222285
-0.06109462
-0.99508613
-0.38498345
-0.45830798
1.6374916
-1.4131047
-0.51132023
5.432806
-1.2053989
-3.51251
2.205509
2.265964
0.4667943
2.9147038
1.4571055
-0.19727792
-2.5779262
-0.31054693
-0.7658266
-3.0409198
-0.38852936
-0.8421073
0.2554318
-3.839066
-0.5236154
-1.9675282
-0.76948637
-0.48248023
-0.8620766
-1.4004443
0.90086055
0.5976535
-1.567071
-0.17647287
-3.9306462
0.50089806
-1.2966608
-0.40648037
1.149165
-3.7334542
-2.2579253
-1.1871643
-0.7606471
0.30830717
-1.327556
0.9509266
0.4167608
-0.14573467
1.471522
2.6596093
1.4307227
2.8124092
-0.16002613
0.19981143
-1.5831133
-1.6103604
1.9597096
-1.6958145
-2.866483
1.7920117
1.2215232
3.253215
-1.9261677
-3.0697627
-0.75029635
1.300309
-1.404531
2.790974
1.2280297
1.2538649
-1.6700293
0.45080045
-2.429371
0.87246865
-0.18758321
-1.7833897
1.9671133
0.16592097
0.36784217
2.3643358
1.0243378
1.2507888
1.6870984
-4.1231327
0.5704442
-0.7960017
-0.3683609
-4.1837063
1.6316248
1.0572435
0.43416733
1.2524807
-0.73360044
0.33093807
0.14734915
1.2823154
3.351316
1.1382858
-0.30689782
-1.9989885
0.06113535
1.7343771
-0.086229034
3.091353
0.2993519
3.080456
-1.1962711
0.35211197
0.8234815
-3.3881924
0.8417987
1.3847002
1.060038
-1.5182632
1.5703051
-3.4504077
0.7782494
2.4449456
-4.6142507
0.60208225
0.6571866
-1.0585914
5.3686156
-1.8486736
-0.15998018
-3.0760088
1.3735802
-4.780395
0.21870658
2.218084
-0.5123081
-1.9256648
-0.51597524
0.9508182
-2.6620064
0.47967336
2.1046762
0.192521
1.159706
3.0286825
0.92449915
0.8423729
0.6754256
-2.00527
-1.4243866
2.0390255
-0.27861986
1.9485005
2.5771708
-4.212567
-0.7726215
-2.5830564
0.32536957
-0.96158254
3.4109771
0.10181402
0.82848936
-0.8992453
-0.8320866
-3.0292046
-0.59231937
-0.69751513
-1.1415178
-1.0109953
-1.7762007
-1.812275
-3.373318
0.14804858
0.59937906
0.18830988
-1.1100802
-0.65826344
-0.25840104
1.2594284
-0.9007413
2.3290792
-0.7196998
-0.23329201
-0.09951473
0.58866566
-3.22058
3.2753606
1.8081181
-0.94914955
-1.1927477
1.7468314
-3.297763
0.39583918
-1.4202292
2.9722643
-1.17896
0.0690997
-2.3538253
-2.0317054
-1.4105505
2.2351549
-1.8025237
1.5215158
-0.32850942
-0.2612243
-1.2402478
-0.3588996
-1.1424043
-0.9581415
-0.7305306
0.08879055
-3.5697806
-0.3105892
0.861913
3.1050131
1.154534
-3.066004
1.8170148
-3.8883247
0.97072744
-3.190545
1.8800371
-0.9830416
3.0525422
-1.1548494
-3.7594361
1.0573875
-3.0558696
-2.4174788
-2.6203701
3.8816772
2.712697
0.41231292
-1.3821605
-1.6874567
-2.246002
0.2274578
2.2549503
-1.3576577
-1.3636045
-0.50882226
-2.104996
-5.327638
0.3658847
0.6875447
-1.3375018
-1.2858413
-1.5189524
-1.2881029
-0.4889484
-0.28995064
1.4424706
0.43446344
1.5143725
-0.05192534
-0.8062374
-0.5410966
2.5903761
-0.756608
0.6291508
-0.5913978
1.4892344
-1.0666168
-0.69798094
2.0545185
-0.32765704
-0.06405551
0.6117082
0.97309446
-0.77816284
0.07000362
2.5421922
2.9900305
-2.2653635
0.94463986
-1.4794673
-1.5629268
-2.9616113
-0.2372061
0.029868267
2.6181588
-2.6926763
3.6436431
0.10806837
2.3921156
0.6618352
0.78781694
-3.5662053
-1.0465269
-3.751
-1.7423888
3.7745612
-1.1222998
-0.4871347
-1.5597073
0.40294406
0.022496752
-0.49770677
0.7973043
-0.83247334
0.27583963
0.4815713
-0.26729822
0.64603144
-0.05803042
-0.3998367
-0.7662387
1.827829
-1.0703685
0.7586232
-0.54891175
-1.7939681
-0.77544683
1.3789018
-0.9492469
1.444548
-0.9911592
2.7179832
-1.531843
1.1787356
0.4463307
0.44640082
0.7509583
2.1590047
-1.7566669
1.7919531
0.19637358
-0.8576584
-0.021944921
-1.026532
-0.4141868
-0.148856
2.3863883
-0.8771385
0.77353483
-2.4622715
-3.6426108
-3.3380063
-1.4586012
0.1975937
-3.904357
0.04646015
1.155165
-0.9888276
0.6290189
-0.71585333
0.18220612
3.3045945
-1.1581297
-0.05920943
1.1828824
0.7287683
3.4221196
2.881094
0.38577124
1.8788824
0.97359747
-0.36786288
-0.76934505
0.990294
0.6900369
-1.4270569
1.2065045
1.8516624
-1.2471867
0.14334567
1.1166707
-2.5136726
-1.8399739
1.2578894
-2.3564804
0.3850494
-0.9904431
-0.57111704
1.8143408
1.6930965
6.913858
-1.6506348
-0.20391604
1.694257
3.799811
-0.32626963
-0.80682814
-1.1744839
-0.6269295
1.599439
-1.281855
1.3724703
0.019938417
1.232853
0.014007676
-3.1642926
-0.9014738
2.7393365
0.7585752
-3.8079762
-1.504418
1.9713565
-0.17631215
-0.21258691
-2.1895282
1.4677097
2.9899545
-0.47629827
2.3148901
1.7148542
1.5988619
0.45267338
2.059918
-2.778153
-1.2965118
2.1882648
-1.166094
-0.35154682
0.5634814
-1.2992934
1.2844528
3.0000093
-0.7762557
-1.8765293
-1.364338
-4.2255764
-0.041283056
0.76363546
0.21531674
-1.4608896
-1.0988196
1.8054321
1.33566
3.1017966
2.9592195
1.2579365
-3.185299
2.5198286
1.2334902
2.5081663
-0.9902062
-0.87596965
-1.9366899
6.121192
3.5311077
-0.49658674
-1.6684972
3.2784524
0.04250305
-1.2757787
1.5212253
0.8687883
0.2451846
1.639566
0.25999144
1.1524696
1.6593863
-3.4309027
0.94707024
0.10861739
3.8599744
-2.3987734
-0.32152337
2.2734714
0.70663303
-2.201521
-2.3099334
-0.66719836
-2.6075854
3.5604463
1.591896
2.052535
-2.0728395
-0.5330397
-3.2276778
-0.46844617
1.6409047
-1.7161883
-0.918135
-3.4572673
-2.2841468
-1.7059201
-2.5595102
0.13959065
-1.0867047
5.3407116
1.7144942
1.6513255
0.3316561
2.719216
0.36812508
2.6548026
3.4989147
2.2624464
-0.71946114
-1.7068571
3.0845041
-3.782321
-1.3091958
-0.6627465
-2.4145775
-0.4013784
-0.30698454
-1.303465
-1.7511635
0.93116957
4.0720663
0.7915524
-3.240543
0.2949493
2.9617674
2.8174706
-1.0370883
-0.6622889
0.010612845
0.93496406
-1.5305936
1.9563546
1.1231908
0.7618599
0.40556508
1.3808956
1.6605635
1.6717051
2.5616424
0.28005454
2.098625
-2.4357352
1.0283103
1.5603473
2.1783402
-0.4844604
-0.38292405
0.5409742
-0.5537203
3.6571953
0.5102435
-0.509143
-0.09067366
-1.4321287
0.0025484785
0.66175777
2.1083145
-0.6860509
-3.3524547
-0.5677381
0.64206225
0.86235595
0.7450163
-2.0994287
1.111805
1.7324749
1.2994728
1.2635393
-1.3824221
-3.087575
-1.0495979
-0.12956107
6.0205383
1.2068207
-0.54357636
-0.5330976
1.8349249
3.5020688
-1.1377206
1.218313
-3.6066084
1.4648153
1.6369914
1.0328298
-0.71662647
-0.7940774
3.6053119
2.3430657
-1.8933355
-0.66240096
-0.48036247
1.3881407
-2.2475064
0.6550354
0.5973255
-0.035443366
-1.2724975
2.5245585
-0.110319994
-1.3806357
-2.34089
-1.8537822
1.8618656
0.29269233
0.37370166
1.2031332
2.653299
2.1739936
-1.6321148
4.444295
-1.3127269
0.6555368
2.672289
3.0818603
-1.2753676
-3.336458
-2.9784055
2.2500386
2.6271148
1.3500884
-1.067909
-1.1944524
-1.4383174
1.5370218
-0.6878829
-4.6760397
-0.18276948
0.14588729
-1.6027465
0.79238725
-2.4254398
-3.062175
1.1288188
-1.3820734
-0.36921692
-0.42128342
1.5702966
0.23194133
1.782427
-3.1797402
-0.60942745
-3.0656426
-1.027328
-1.1928316
1.2256771
2.0672498
1.0961893
-1.438964
1.7752662
1.1059383
0.38511378
0.1819647
3.8030155
0.15443096
2.389361
-2.4171495
2.169563
0.7447374
-3.7448378
-0.31372932
0.77189314
-0.8721206
2.0219831
-0.16984269
-0.70416117
1.0312978
2.5018113
0.0680403
0.48820704
-3.0099554
2.140851
-1.9988787
0.6991132
1.6917766
2.6865027
-0.5498231
-3.4081798
0.7333043
2.4326878
-2.2132077
-1.474174
4.942363
0.9422905
-2.292655
-0.72106344
-1.6385922
-1.3395541
-3.9189568
0.02932553
2.6074166
0.6386621
0.46745518
-2.1076815
-2.7115588
0.5982754
1.0718813
-1.3410279
-1.0284678
-0.73985934
-4.479622
1.8623012
0.12702146
-1.909862
-1.8002193
2.616484
1.8659503
-1.0559809
-0.4947863
-0.9798514
0.29227644
2.2261798
-1.3543177
-0.5286359
3.0643485
0.56746423
-2.5367358
0.22879219
0.049824003
1.4330337
0.051521987
0.55014426
-0.989233
-3.2565513
0.71578056
1.7226285
0.1470694
-1.3626603
-1.0801787
-4.7384195
0.30905557
-2.0745718
0.19485459
3.150271
-0.48589736
-0.4668701
1.8354305
-4.3168497
-0.4142375
-0.8888572
3.7837045
1.2677726
-0.123889096
0.063947275
-4.552721
-1.5587265
-2.0121298
0.9353601
0.050102584
0.17925045
0.19172046
-1.9813327
-4.2852683
-2.3616683
-1.0355277
-1.4252241
2.6533697
2.6490293
-0.6493305
-0.030014385
1.4868068
-1.8937343
3.0142868
0.4586608
-1.1511543
0.8717717
-3.0675337
2.061121
-1.4272505
1.7799388
-0.21921459
0.76416165
-0.030694507
-0.016493745
1.6556516
0.74587643
-1.2886076
-1.6456419
0.5479998
0.037139125
2.1861115
2.3647933
2.032987
-0.2768396
-1.7507892
-1.7375044
-0.9065157
-1.759554
-0.65521425
-1.027147
2.1595843
1.0272888
-1.6364604
3.9240108
1.5315
-2.4935634
0.30033472
-1.4721758
0.8190936
-0.07826607
0.54750764
0.430403
-0.14109021
-1.7475544
-3.1089787
-0.9042423
2.4449472
-2.580376
0.10344132
1.123931
1.3650409
-0.5269055
-1.1149615
-2.056945
-0.11746671
-1.3326762
1.3825381
-0.09789361
-0.24365535
2.6963859
-3.2452166
-0.94090545
-2.8409493
-0.1186438
2.8968565
1.6489846
0.09878692
0.68130285
3.1141315
-2.1732576
-2.2972488
1.7016474
-1.8084395
-0.41064668
0.5582618
3.7408729
0.18572447
0.5302513
-0.94268334
2.8187966
-1.2476475
2.1539361
-1.5113617
-0.14019504
-0.8642973
-0.88395596
3.2232852
-0.6801157
3.3414168
-2.3877997
0.70071197
1.7231917
0.34720546
-1.3395224
-2.4598298
-2.2524781
2.855781
-0.29187468
-0.9900007
-0.67413825
-4.1568
-1.0861812
-1.4582614
0.7249892
2.5974119
0.81493306
0.22822233
-0.4331296
1.82138
3.591918
0.14153367
-0.30993685
3.3302019
-0.99111146
-2.7602417
4.0163007
2.4005218
0.40466326
3.4398978
-0.059956286
-1.3022648
2.2979848
-0.20647854
0.7982538
1.7391934
0.4437445
-0.81221336
-0.902225
-0.51449835
-1.3824353
-1.5793644
0.5986145
0.5480308
-0.6837384
0.8303853
2.0579467
-1.3150505
-1.6762748
-1.7061576
-1.8045585
-0.45344293
0.6669082
1.4901056
1.0923073
1.1166307
-2.7517836
4.093747
0.1793364
-0.42588854
-0.33660638
0.2463077
-0.45342797
0.90099806
-5.137808
0.0065697283
2.2063096
-0.88613343
-1.8853977
-0.46975765
0.11560952
-1.9182733
0.681765
5.548048
2.6890204
2.0089896
-2.4636085
-1.2601981
2.5783758
0.1611496
0.42469692
-1.4815372
-1.0054313
-1.416697
2.696739
0.6276289
0.07732297
0.5650855
0.034310035
1.4878832
-2.0386345
2.1605062
-1.0763743
-2.0497515
1.4014355
-1.6989243
-0.2700409
-0.5159192
0.6036971
1.0887516
2.132504
-2.3176458
0.33291554
1.6339109
-1.8702627
-1.2711587
-1.0542792
-0.5262663
0.4990953
-0.70233005
0.8414832
1.4703926
-1.1007478
1.3594056
3.0368469
0.2569106
-2.3641732
0.2828866
0.6566604
-4.015052
-2.1615863
-0.2809621
0.12790117
-0.57543504
0.3928122
-3.6288023
-1.9179826
2.8518672
-1.8180009
-2.2999578
3.5240436
-0.36165395
-0.70163596
-0.77851534
-1.1140538
-0.19086608
-2.9277444
0.71481913
4.162724
-0.5424538
0.78707427
-1.6912538
2.5958335
0.42244613
1.3708531
-1.4208571
-0.76882225
1.1897815
2.169979
-0.65928143
0.58390355
1.7467722
0.27311152
1.5660558
-0.10888653
1.9034889
-0.6292691
0.88951445
1.1551516
2.5205002
1.2433712
1.6307989
-0.37871635
0.05226306
0.43177673
1.7526456
-2.3194335
-1.7017031
-3.358807
-2.1483033
1.9274113
-1.0530611
1.348992
2.883966
-0.25199208
-1.9136753
1.8206619
-0.50436956
4.1021633
-2.236786
-3.1504543
-1.2501589
-3.4649339
1.0091207
1.2941312
1.5066711
-1.7408307
2.4763038
-1.4809042
-0.01065281
-0.6986013
1.5461612
-0.4320184
0.8169152
-1.2281816
2.474453
0.14658393
-2.645678
-0.46273506
-0.15036803
1.6529644
1.4824387
0.7320481
-1.1488587
0.16108191
-3.5358462
1.0126739
0.8065545
-1.0103577
-0.83337957
2.0490918
-0.36827052
0.7976192
-2.4577153
-1.726761
-0.34993404
-0.28865218
0.14894493
-1.0837704
-1.9945848
1.5696934
1.1090282
1.4294724
1.9009279
-2.1062567
1.4649327
2.387883
-2.4616425
2.1506534
-1.6350182
-1.3054146
0.58376545
-4.8803716
0.54155236
-1.7389975
-0.2880545
2.7536461
1.6071811
1.3427671
0.13727707
-0.8927954
1.270786
4.0889573
-1.6337458
-0.3404373
2.239349
-0.48117775
-3.2056034
2.4016755
-1.0256064
0.94547147
2.5995584
0.83142984
1.8675674
-0.95211965
-1.7183093
3.2335136
-1.2752638
-1.3402097
4.186197
-5.218774
1.9247074
-1.2576455
1.3415413
-3.837067
-4.9453907
-0.012710243
-0.5254414
-2.821814
1.1162549
-4.058295
-0.19404471
0.8311155
-3.9653997
4.2000723
-2.1395333
2.4799156
1.7580874
-0.7658296
1.4678059
-2.5376475
0.689549
-4.7459865
-3.4834998
-4.2629805
3.104175
-0.8133726
3.1125703
1.0055206
2.996165
1.3260518
0.99075335
-2.8400347
2.193796
-2.1944342
-2.1514597
0.17132862
-0.6599845
0.7098102
2.143168
-1.4991895
-0.3183622
-1.2547204
1.9737102
-1.1441635
0.092040636
1.9174589
1.3255968
0.9240975
3.067393
0.101185665
1.4232433
-0.09983336
0.93301934
2.633901
-0.5302869
0.22887984
0.44502985
-2.417913
-1.9721444
1.2020376
-1.9783369
-1.1095302
-1.5702211
0.5268563
1.8580544
-6.049011
-3.4008393
1.2350098
-1.752678
1.5115324
-0.71584004
2.352286
0.2974571
-0.62156546
-1.1984769
-1.2553734
2.6294165
0.1808292
2.2591312
0.41233388
5.908065
-2.2886355
-0.18203351
-0.64134306
-0.37478822
-0.34056365
1.9915665
1.002775
-3.1901398
1.1517231
1.4740604
-1.6532538
0.08816553
-4.0270796
-1.7199453
-0.0069221817
-2.7916923
1.7895703
0.7585868
-2.1163943
3.131121
0.6134722
0.29504034
-1.1403954
2.4144733
1.6177925
0.47247517
2.2298074
0.8608347
-3.8825045
-0.79296696
0.47681108
-3.7168307
2.2755394
0.30991
-5.497163
0.056802846
-0.9761593
-2.978622
-2.0863945
0.22613159
-1.3180321
-2.9209268
3.0886655
0.98875356
-0.98630154
2.2093124
1.9900391
1.511034
1.5376695
0.74849164
-1.5912571
-1.3011521
-1.1570195
-0.89705586
-2.819959
1.8092059
-0.086679585
-0.5681322
-0.034903064
2.8684063
2.337923
0.806674
2.377933
0.57393956
-1.5603861
-0.065480255
2.3914208
0.9201329
-0.8667192
3.1354256
-0.56296
4.3821154
4.575375
3.9808393
0.56931186
-2.603959
-0.50053596
0.6541879
-0.7487941
-2.883922
2.182729
-0.6152902
3.2990804
-0.76366264
0.0478167
1.8442036
-1.267771
0.3169964
1.4405065
1.1226938
-0.45249107
-0.13541436
0.7299441
2.4945126
-3.4748943
0.23797956
-2.6333377
-1.234515
0.39538467
-1.0896044
3.4050272
-0.36217436
-0.9048845
0.2212533
-2.5569937
0.7221462
-1.1087211
-0.47994757
2.1767063
1.7381412
-0.5765429
-0.5034696
2.232985
-0.5546627
0.50472474
-0.6938558
0.32239968
0.8866273
0.90289503
-0.072266184
-0.17128378
1.8723836
2.7928817
-2.568636
0.05446251
-1.6866415
2.1206448
-4.782208
-2.26988
-1.6879784
0.60597414
1.2187755
1.4307204
0.5829793
-1.4799284
0.4546889
3.5477288
-0.64688337
1.7950358
0.8323897
-0.37750438
2.300461
0.20949888
-2.8594794
-0.16112792
-3.4219265
-0.22218141
-1.2695874
-3.3955312
2.0465775
4.0716844
0.0037407428
0.09421727
1.4559702
0.29474944
3.512704
-0.503534
-0.7737286
2.0508509
-1.1302662
-0.5610874
-1.9627037
-3.8498826
-2.869081
3.5192919
2.0859032
-3.211762
-1.3375643
1.0240986
-0.9010812
-3.4386578
0.8298326
-2.2141166
-2.9595494
1.8895456
-0.6548036
-2.4096994
0.26725438
4.4876795
-0.45939508
-1.4960401
0.9073597
1.3295686
0.1721304
0.76025885
0.84744877
2.642803
-1.8799231
0.5493181
-2.4686131
2.5712507
0.16120514
0.7884394
0.24558339
2.1444962
-0.36747432
-4.630546
1.4038815
0.3042238
-0.0020443574
-1.2557639
-0.19996607
2.7895713
0.61402637
-0.84010524
-5.179127
-0.6229858
-0.7538609
0.0033282042
0.15012565
2.224775
-0.41593003
-0.13644783
-2.397025
0.20467766
0.034108825
2.1917145
-0.5645614
-1.2598343
2.8231976
0.121391796
-1.1807631
-0.7804476
-2.7108731
-0.66324806
-0.95459676
-0.545072
3.1891124
2.7215393
0.8914453
0.7125017
0.49088305
1.5111891
0.18775615
1.196521
1.4663523
-0.18387821
2.3290598
0.5401782
-0.4454312
-3.7781913
-2.4946332
-0.39946008
-0.4584985
-0.89562124
-3.4327195
-1.9745158
-0.58199894
0.8414599
0.36351836
-5.0417
0.25764662
1.6211995
-0.9842434
-1.4817753
-0.99761623
0.7846316
0.20872925
0.15673426
1.5234917
3.421421
-0.00708092
-0.66452736
-0.7951392
-3.8918242
-1.2644836
1.1011486
-0.7506189
-0.9401208
-3.4974473
0.71051943
0.9626185
-2.215594
-2.6417625
1.7539562
-2.8726015
-2.2923946
2.2768157
-2.6965253
-3.9122622
-1.8511674
1.3960754
-1.7259052
1.0562975
-1.0961704
-0.550575
2.0098052
2.4459157
-0.13381852
-2.4976602
-0.7597141
-2.023177
1.6950116
-0.41034544
-1.5182196
-0.42519528
2.6543674
1.9846563
1.6053725
-4.4594297
1.7110528
-1.0196897
-3.34496
1.8481859
3.6640577
-0.04795768
0.7323667
-2.6427002
-1.2194303
1.1584314
-2.4963133
-0.9898777
1.5904524
0.20242572
-2.1637292
0.4990952
-0.21620578
3.743917
1.9131284
-2.44385
1.950418
0.61000437
-0.67757785
1.3809075
3.047019
-0.884134
-0.8847139
1.4182984
-0.27086788
4.762597
-0.6676937
3.1889315
-1.8325866
-2.7609928
-3.4003942
1.2452793
0.94471055
-4.119237
-2.2112825
-0.9980703
-1.1390347
-0.8736266
0.8751179
-3.220563
-0.53136516
-2.8861032
-1.1252816
-0.9905593
3.2625947
0.6481995
3.1798368
0.26504788
4.64946
-0.61151177
-1.6084975
0.7526826
4.59973
1.2413732
-0.29960132
0.9032149
5.02247
-2.0773787
-0.103061594
0.6760199
-0.11761218
1.5182878
0.15305479
-1.4848287
0.20302492
-1.3711388
0.20879123
5.7239795
0.23976901
-2.3531072
1.0313082
-1.8195623
-2.1341412
2.5097592
-0.027804121
0.9026187
-0.097222574
0.5677139
0.64417
1.5311493
-0.55858165
2.5788026
-0.10543172
0.254684
4.478725
0.07012749
-1.3838044
-1.1182908
-2.196062
1.8026338
4.7818017
-2.2732344
2.4740758
-0.3139353
-0.3998728
-1.4675802
-1.1088274
1.103643
-2.3474097
0.057156064
1.000862
-1.5583296
-1.4026601
0.96836174
0.6232656
-1.4518354
3.6139169
2.1948206
2.0374107
-1.9892039
0.933305
1.8745797
1.8055123
-0.39193708
-4.008075
2.1509936
3.948749
-0.11278817
1.1574368
-1.4858615
-1.2808746
-2.6085129
1.7627603
2.111896
2.0587296
3.1014352
1.6355262
1.9339905
-1.5972214
1.3912022
4.1920767
-2.3302243
-2.6348262
0.29850557
5.0587697
2.3717427
-2.621907
0.16299102
-1.2620292
-0.6600275
-1.1227387
-1.3518951
-2.275226
-1.8340884
-2.6292498
-0.9344601
0.0027459264
2.101835
-3.596229
-2.9429278
-4.8044624
1.7331527
2.268946
1.0311986
2.7403715
1.7210599
2.5444021
-1.2279605
0.27905682
-1.2012519
0.20473546
-0.29351917
-1.1693182
2.270675
0.66906404
1.5701418
1.104494
-0.022029798
-3.2708647
-1.7836897
-0.48609224
-1.1776215
0.6638869
-0.19655581
1.3177477
-1.3830626
-0.74433166
0.9827483
1.5944157
2.2992463
3.2392514
-1.8639693
-0.92207813
-0.77886826
-0.13844696
-0.28772902
3.73861
-1.0532131
-1.2904141
5.745636
5.48938
-0.18571058
-1.9750017
3.307296
-0.05130618
1.598069
-3.3100474
-1.0009406
1.8069695
0.6235667
-0.012688488
-1.007813
2.6154501
1.2858188
-1.6450921
-2.0585618
-3.3142204
-0.43630075
-2.6645603
-0.5779358
-1.1116496
-1.4860698
-1.8726637
-1.8011072
0.19939244
1.0400378
0.17544436
1.2333385
4.1097054
1.8669366
-1.1752656
-1.5137441
-0.5376424
-1.4325143
-1.5331838
-1.0391216
-1.7013018
-0.19962126
1.8854278
-0.1154025
0.32365733
-0.7994847
0.85736346
-2.937622
-1.3593466
1.4091495
2.0689418
-0.91655177
-0.36678344
2.3736434
-2.2704039
-0.6063261
-2.0957124
-0.03550909
-2.2836642
-0.9794397
-1.178894
-1.5711762
1.6350621
-3.6920164
0.1779223
-3.3348958
-0.49114937
0.39027563
2.7530327
-4.4909916
-3.027285
0.87019473
-3.806922
0.43863952
0.36710265
-5.136554
-1.2573968
0.11816175
2.21023
0.283923
-0.15833265
-1.0369829
-0.8753103
-0.2251685
-0.07990128
-1.1259967
2.5081198
-1.2921885
1.2909938
-2.3135114
0.7671636
-0.39447457
0.59965026
-1.0630745
-6.015353
1.1182135
0.76228505
1.0160615
-0.8888672
0.7700748
-1.129863
-1.3872651
-0.16986132
0.8564007
0.96203655
0.78967696
-0.42140302
0.44483066
-3.2818868
2.2986095
-0.24035828
2.7466645
2.100509
-0.8038293
-0.7151896
2.4582884
-1.5017414
-1.1630499
0.4800445
-3.3525765
2.2343118
-2.4287841
1.5956388
0.5761318
0.5823452
1.5406237
-4.4690714
1.4483025
-1.2981663
0.18030328
1.7809612
-1.2036481
2.4422727
2.2203093
0.47785866
2.2386696
-0.3849545
-2.661634
2.4366643
0.7464105
-0.78622353
-0.258489
-3.0002077
-1.3127335
-0.3389922
0.33797318
1.8313291
1.2836891
4.1426516
0.47941446
0.91353095
1.7273908
-3.670822
-3.3703756
1.700077
1.369717
-2.8747044
-1.4788737
-0.14267302
-2.4087164
0.054001287
-0.9891702
-0.4543895
-2.9641159
-2.7125692
0.78777987
-5.1333776
1.4951059
0.36822754
-2.7244506
1.0579476
1.0419755
5.0056076
0.37244362
-2.222001
-4.1986156
-1.9974048
-2.1652372
-3.1501024
-1.7439127
2.0510826
-2.9452572
-2.5104332
0.7599809
2.4067671
-0.8522719
-2.1722987
3.2692175
-0.57342803
1.9394621
-3.1814024
-0.3084163
1.0671037
0.69647497
-0.7326294
-3.0950456
2.7679224
1.9495345
-0.9249619
2.5091033
-1.8204056
-1.971648
-0.4402852
2.1419425
1.7258536
-1.1710596
-2.0842175
-2.1017292
3.4769921
1.7875028
-1.1308203
-1.2587433
1.5772301
0.6507968
-2.6698987
2.8696077
-0.6336115
1.0260657
-2.4073763
-0.71821064
-4.251703
0.5046594
-0.49792632
-1.4350874
-1.0599382
-0.4862614
0.9590402
-0.37417626
1.9081135
0.2945722
-0.9848398
-1.5145965
1.226964
0.28384882
2.5425127
1.9433935
-0.82772243
-1.5102292
1.7308679
2.2651904
0.91560936
-2.2948995
2.9593508
3.7138033
0.5800404
2.4686418
-1.9298749
-0.73150086
-2.2679482
3.050218
2.1965837
-4.5694346
1.5692
3.63547
0.8883367
-1.2115396
0.8312022
-2.2456043
2.950508
-0.2082426
-2.2763782
-0.585202
-1.6988074
-3.2605593
1.7384838
-0.79594857
0.7002858
0.9734293
3.5909193
-1.0156598
0.8156661
1.1200762
0.47579086
1.3677881
1.926124
-0.68227404
-0.6565342
2.551719
-1.4361193
-1.0953505
-0.08500751
1.0297648
0.5440436
-2.6644125
-0.4754244
-0.22999623
1.3003974
-4.2988906
0.661278
0.14199579
-1.7814326
2.9294767
0.58794975
1.3973457
-2.0461853
-0.28297517
-1.2635918
-0.47987044
-0.4590708
0.58179235
-0.88867104
1.973507
0.7045535
-2.502723
2.097058
-0.21791887
2.5913877
2.518112
-0.28038755
0.12880002
-1.5676683
-1.276472
1.8141391
2.207235
-0.040115826
2.0700254
-0.30377117
1.2420346
0.4827612
0.03433971
-1.1587502
-2.4462724
-0.43662366
3.0019002
2.9035175
-2.1039
-0.22491595
0.8070631
-3.0074751
-3.852497
0.6843352
-0.59091294
1.4219692
-2.3696232
-2.059392
3.5958517
-0.4837421
-0.60343
1.9254228
-1.6475008
-0.4619456
2.085228
-0.30311984
0.7044827
0.48816955
0.0023871064
-3.550073
-0.6200688
0.08349307
-1.3338323
3.2814236
3.115386
0.023085728
-1.7832294
1.6739947
0.2608831
1.7779378
2.5047054
-0.96531165
-0.69441646
2.816173
-1.1293427
0.4128582
3.9239
-1.5112604
-0.43104094
-2.5994253
1.291083
1.2668831
-3.488374
-1.0016234
-0.6951846
0.5857849
0.99432456
-1.708479
-0.7382361
-0.012634888
-1.8647921
2.7990446
0.95621705
3.2902489
-1.7606511
-1.4929929
1.7721453
-0.5152568
1.7856268
-0.36769205
-4.3868513
-1.0841154
0.75370026
-3.3965607
2.0254407
2.036598
0.9708679
1.5954533
3.3377023
-0.4115268
0.14830863
3.0100782
-0.2759853
-2.0725183
-0.877451
0.8205016
1.2865343
1.3691635
0.37908098
0.37792543
-3.6252437
-2.6207135
-0.9297913
-1.3099208
0.032741584
-0.34507668
5.761753
3.7395613
1.0106238
1.2830845
-2.9405468
-1.7389147
-0.074609786
2.000595
0.16093346
1.6993228
2.1569748
-1.6683962
1.8599067
0.4884428
-2.7611346
1.0632538
-3.8263388
2.7354088
-1.2956588
-0.78868
-0.67498285
0.007428877
0.113713294
1.4930505
-1.0944487
0.15909272
2.0528705
2.0010197
1.4971989
0.33792245
-0.9163516
1.1548804
-2.022428
2.2156901
-1.1313288
-1.5897288
-0.40462986
0.23419885
-2.2277362
-1.5847301
0.51374245
-1.7960691
1.2594818
-2.4685926
0.75295985
0.23471987
0.69929874
-2.5224593
3.358499
-0.9910909
-3.0779078
-0.6886066
-0.19270158
3.3206253
-0.5167221
-1.9332881
0.11377816
-2.0921063
-1.5233912
0.83030343
-3.0311983
1.6786034
-0.7366927
-1.5899694
1.2646414
-0.89509976
3.437719
-0.6580479
-2.1837096
-0.24725878
-0.440582
-0.0766071
1.0194427
-2.1989455
0.7777911
-3.0768335
-2.0486264
-1.2374563
3.831513
0.23319668
-3.2035365
-0.37974507
2.0907478
1.1314362
-3.2525964
-1.086536
-0.053340837
1.2757062
2.4169943
0.7877956
1.4164923
0.53146243
1.7673724
1.1133437
-3.3923504
0.059837356
1.3687248
-1.3719363
-0.64385927
2.3690648
1.7850002
1.1544366
-0.13964859
0.8086304
0.82736063
0.46925357
-4.682331
-4.005397
-1.8877008
1.0911468
-1.1651386
0.4552704
-0.42472678
-2.2167404
-1.3715984
5.234962
0.2503536
-1.3494004
3.192084
1.5172105
-0.4657957
3.4914615
0.24624509
-2.598208
0.23997816
-0.7033758
2.671503
1.9734017
3.6239502
-1.1850842
-0.20040157
-0.54186636
-0.15793872
-1.9982663
2.159217
-0.4449252
-2.0881717
3.6303642
-0.19600147
-1.1969854
1.0088775
-1.1289415
-0.8984289
-1.392706
-2.8607109
-1.2413783
-2.9251657
1.6288671
-1.2075886
3.240733
-1.7362676
1.518656
-0.44984335
0.28092778
0.9732104
-0.12470363
-1.0403576
-2.2262335
-0.026009403
-0.4697548
2.1077256
1.0088154
0.69501144
0.2725965
-3.1950996
-3.459846
2.6574948
-0.7412671
-0.11511661
-1.8081189
-0.6703851
-5.2955556
-2.5863662
-1.3855953
-3.914744
-0.36906093
-1.6088105
1.2333668
-1.2717389
-1.1549327
1.4748435
5.528368
1.5200675
0.14478683
-1.4621569
1.1988219
-0.38333935
2.340197
0.76162845
-0.076513045
0.94083714
-1.6434153
-2.0071487
-1.7218843
-0.059408873
1.1347388
-0.69777256
0.8266469
0.18963417
-1.3734069
0.37953988
-2.526203
2.6397982
-1.1695435
1.5330498
2.3658657
-4.8148336
2.3814628
0.9517916
-0.00077213347
1.4645851
0.32437357
-1.4309803
-1.1972059
0.8834155
-0.4895276
-1.8987122
-0.87664443
1.6122731
3.0078204
2.1601577
0.12644999
-0.94068116
3.1491232
-0.5276241
-2.0140953
4.4087405
5.844639
-2.6727867
2.1284266
5.9423647
1.1666013
2.7479014
1.2587973
-0.86139834
-2.217229
-3.8397412
1.6703088
-0.45066696
-1.0555623
0.3267531
-0.53855234
-1.8496926
-0.9521206
2.7537475
-2.3693597
-0.6748146
2.4038122
2.713916
-2.16073
0.59572095
-1.6161348
-0.45575935
0.7896873
2.6347914
1.1991273
1.4438696
-0.3976465
0.6141637
-3.140527
3.1506689
-1.8650768
-3.0206308
0.6509811
-2.4551632
0.25030082
-1.3376353
-3.273307
-0.88381255
-0.5865888
-0.83730024
-0.18719256
2.393068
-2.1558073
0.348193
-0.069013596
0.21729437
2.1371531
-0.21576345
-1.9049194
-1.2381668
-2.310813
3.0948737
3.4661498
-0.10208829
-1.2987647
-0.11504413
-1.6061159
-3.4377015
0.9412205
-1.0248389
1.2641866
0.06260897
0.6052962
2.55274
1.5224652
-2.3967595
-1.211142
-0.2243617
2.9870973
2.1636682
1.4844874
1.7993772
-0.80309576
-2.1578941
2.1180184
1.1188669
5.3144155
-0.5654374
-0.13058297
0.52500445
1.8247292
1.3289561
1.622478
1.4947516
-2.0076685
1.543361
-1.9197963
0.16522083
-0.5058133
5.633696
-1.0704505
-0.8767333
1.3882729
-0.8556436
-1.8096812
0.87331283
-1.151889
-3.4666429
-1.7039919
-2.4364867
3.5402315
0.4856663
0.70201236
-1.0832313
-0.560891
-1.262047
1.0744842
-2.116468
3.3519151
-0.2644214
1.3405879
1.1063981
-0.018996645
-1.3157237
-2.5698488
-1.210835
-2.6008189
1.0826396
-0.006293744
1.9879115
1.6835469
1.5515435
-0.2082031
0.94184726
0.14267384
-0.5227808
0.15837048
3.418532
-0.12498625
-3.7880592
-0.22836314
-3.0462835
0.5203071
-1.7294737
1.7265953
3.896066
0.65409625
-2.1238084
-0.8463117
-0.5604416
0.94080937
-1.474641
0.2995691
0.18153444
-1.1536936
0.07913868
-3.3187103
-0.15226668
4.786645
0.95691913
-0.9543143
-1.8418568
1.9840671
1.2705938
1.0537134
-1.7262903
-1.9346738
-3.0139525
-0.5457098
0.9044972
1.4480104
-4.664571
-0.6157725
2.346681
2.7189426
3.0473957
0.26195785
1.4282786
-1.7378793
4.102581
0.016615324
-1.6390592
-2.3701582
0.60042465
1.76154
-1.405224
1.3503588
-0.67889
-2.3974636
-1.074249
0.8971295
-0.8698286
-1.8656938
-1.2615385
1.244849
0.7935577
2.3362932
0.49312717
2.2156277
-0.52694637
0.39574552
0.54999566
1.2641897
3.0970824
-2.292872
0.99339765
-0.70109004
3.8039713
3.987813
1.1537973
0.7143433
-2.238093
-1.7856332
0.45914453
0.12755798
1.0981234
0.95021033
0.6294157
0.46735805
0.7092936
1.9098685
1.2920545
1.3561509
-0.13805911
1.7466279
0.6254194
-1.3599892
-1.804413
-0.706203
1.3588791
-1.608779
-0.5147389
0.63030344
-3.289901
-0.25743166
0.3863131
-0.17835298
-2.1289618
1.5240283
-1.3554981
-0.20574299
-0.5681134
3.0050743
-1.0315785
2.5244668
3.0411777
-1.94313
0.76396847
0.13941468
4.410269
-1.2417909
2.82455
2.2185056
-1.4672595
-2.8052752
-2.2067177
-1.7320399
0.2216984
3.2215898
-0.10692095
0.40765134
4.7530293
0.1853399
0.3633969
3.7702787
1.2794639
-1.5700145
1.1953887
-0.70970476
-0.5248078
0.20784344
0.41974375
1.3771474
-2.5379806
-2.832853
-0.99695206
2.3334563
-0.2204647
-0.13754705
1.7530109
-4.5644064
0.7821971
0.7642998
4.831625
3.2992082
-1.2583008
0.23308441
-2.5280323
1.8736752
4.2815213
-0.09755266
-1.2659655
0.25159538
0.625688
2.6788528
0.4597389
1.1004529
-0.7003583
0.46399
-0.037161123
1.3038551
-2.9000447
0.23633921
-0.52382284
3.3911843
-0.63378906
-2.4692807
1.7225022
-2.270218
-0.599439
0.25340518
3.0425246
2.518296
2.5504007
-1.8076559
-0.3672623
-0.3729203
-1.964014
-1.9939826
0.4738912
1.9887336
1.3761387
0.37482807
-1.5416391
-1.3454003
0.8795183
-2.861144
1.6699874
-0.43782476
-2.3172843
0.7114701
-1.714239
4.963087
-2.3490007
1.2630787
-1.1707016
-1.2315078
-1.3986845
3.4955401
4.0421495
-0.2183431
3.4406312
-3.1184416
-1.8246315
2.0954924
1.731995
1.6473331
-4.994339
-2.8055809
0.86735487
-0.48407257
-0.67440844
1.0696558
1.3950313
-1.7442423
-1.5170689
0.57612324
1.3900709
1.5413744
-0.92231023
2.1373494
1.792626
3.4255524
-1.4658918
-2.084633
3.4612577
-3.0946326
0.15075
-0.3999297
0.015177339
0.6874963
1.84763
2.264415
1.8593463
0.8071298
-0.29754964
6.730075
-2.222161
2.1556442
0.035579376
-0.4056194
-0.9121663
-1.4497782
-2.5656424
-1.3334484
-1.0484776
-0.8022522
0.9210994
-0.33633816
0.220827
-2.8725717
1.7994528
2.0290911
-3.4937372
-3.5415514
2.1376505
1.1328746
-0.7868512
0.67505467
1.1366451
-0.81902635
-2.6624045
-0.15748906
1.5037069
-1.203695
3.9588528
-0.6398111
-1.0809155
1.0036391
0.463197
-2.472012
-0.639531
2.5709186
1.4611441
0.1263623
5.6943064
0.7223412
1.6625217
-2.7938643
-1.617992
0.8574301
-2.4188714
-0.42315128
1.0704521
-0.72539866
-0.8224301
0.3767264
-3.0124724
-1.7201865
-0.89225006
-3.8838093
-2.632178
-2.364995
2.1425774
-1.3593036
-2.6712003
3.6400921
2.4725173
0.69798017
1.0246596
1.866108
-4.3546047
3.1604486
1.4671496
2.533163
0.15472667
1.3481753
0.05139788
-1.1347839
-1.5691915
1.1100411
2.0731034
0.062891886
0.5628997
2.289154
1.3296745
1.2562118
-2.2751064
-0.4809636
-1.9123856
0.60868186
-4.61315
-0.5962498
-1.881465
-1.9341551
-3.6864948
-0.77520406
-1.5084873
-1.0992391
-0.9842016
1.0112196
-1.0589474
1.3078176
4.149141
1.2217215
1.2309166
4.302621
0.35898885
2.0702724
1.2629592
2.6572945
-0.4264515
-1.0368663
-0.2766386
-0.63431525
0.073017724
-0.635719
2.0043685
-1.4642502
2.8828266
2.2609568
0.3951357
0.09833399
-0.073114164
-0.07734723
-1.3288605
2.9980328
-2.3496535
4.601046
-0.4989854
1.1907798
3.054736
0.31913504
-0.66965663
-2.8973827
3.628774
5.8291764
0.40622133
-1.4213153
-1.6554953
-0.6787098
0.96085024
-0.06581024
0.66735005
0.7987341
0.4858839
0.17674929
-1.4808384
0.34693024
0.66226435
0.43725213
3.944388
-1.9238604
3.547717
1.5670902
0.9422771
0.72128737
-2.173051
-0.3278882
-1.1473618
0.66239375
1.0323623
-0.47982585
0.63753676
0.8171672
-2.588756
-0.66856277
-2.4862897
0.24278462
-1.608782
0.75977796
0.3987348
0.71078587
-3.7315376
4.48408
0.014901668
0.4792412
-0.21023142
-0.3261019
0.8150924
-0.8929838
-2.4885266
-1.1572462
-2.374141
-1.6405916
-0.69004697
-1.5589819
-0.6768118
-3.3673084
-0.0719414
-4.9719687
-0.09134247
3.3900154
1.7339876
0.5257991
0.101921156
-4.553846
0.038194846
0.6489409
5.0688844
-1.719705
2.0373864
-0.33624965
-0.09854096
-1.4051955
0.9657802
1.6451164
-0.039051913
-0.3219405
1.1460508
1.0493985
-0.6275927
-0.17714965
0.5824678
-1.1082608
0.7404084
0.18620643
1.036183
1.1650188
-0.7381522
-0.376597
-1.782649
4.572064
0.54232466
0.22181948
2.8122385
0.15343077
2.4732842
-0.7801878
0.3230573
-1.6816887
-2.456595
-0.45838824
-0.74773735
0.25261152
3.1259937
-2.3094635
-1.2385583
1.2361814
1.5688944
0.55239266
0.7746488
-0.89527285
-1.3662856
5.496008
-1.6979804
1.7664756
1.1132202
-4.1174903
-3.325172
0.40420645
-1.9582108
2.220556
-0.22423978
-0.8555983
-1.2970363
1.582907
-1.4503154
-1.7505865
-4.1251044
-4.359184
-0.20374763
-1.0647391
-1.8369392
1.1536795
-0.7381394
0.6494911
-0.029978573
-1.2054347
-0.898201
3.8613265
-2.525268
-0.16800687
-1.4372628
0.005263768
-1.5534775
0.54488605
-0.86581916
1.0990112
3.260697
0.19339839
1.9645106
2.1785245
-4.0408125
-1.90183
-3.1651742
1.4322135
2.434698
1.5121555
-0.30120748
-1.6559647
-1.5321068
-1.1445265
-1.2621435
-3.5019794
0.6922467
-2.5680661
-4.001693
-0.47605795
-1.7180341
-0.26555014
1.6328028
-2.6212401
0.27619007
-0.6303764
-3.820561
2.1776972
3.947658
-0.78231823
-2.1812756
-4.0305905
-3.134242
1.6710249
0.14420122
1.6323512
-2.1006
2.0485225
3.1403987
0.6052196
0.9534481
-0.4910957
0.80124944
-0.6684647
-2.2430909
0.27572998
-2.2559726
-2.1564696
1.9066018
2.7585673
-3.004568
-0.9144562
-2.3618774
0.6818623
-1.3711715
0.9744463
0.459749
-3.7474427
-1.4395531
-1.2991242
-0.11627968
-3.9448314
-1.974946
-1.1807736
-1.1794128
3.8613257
3.203084
2.37028
0.25800604
-1.416732
0.05518896
1.7983109
-0.6728098
-2.680675
1.5612743
1.6344132
0.015344758
2.007033
0.7286873
0.7238
-2.0676522
-3.39651
0.82615286
0.8481485
0.45964396
1.6550909
0.5699317
1.8314362
-2.4251842
4.246609
2.193134
-1.2013544
-0.7692112
-1.7957941
-1.9473305
0.6347838
-1.4758261
1.2024167
1.7954841
-1.1664118
1.9805955
-1.2795005
3.0836384
1.1933405
0.20804831
-3.1128697
1.6269729
-1.540518
0.50910324
-3.5562892
-1.2783713
-0.31297368
0.39889103
-2.9520044
-0.608858
2.7505753
-2.138273
-2.3700945
-0.66469866
1.1623356
0.5381521
3.5800347
-1.0648353
-1.804265
1.2465588
0.21751428
1.2821461
-1.6335762
0.39587036
-1.1568121
-0.6842738
-2.0714016
-0.7457001
-0.9860226
-2.287088
1.6163304
-1.9639765
-0.74619013
-1.7753109
-0.09308212
2.7979393
0.85636455
0.51135343
0.5081425
-1.3798164
1.0782417
1.3410921
1.8328587
1.0246667
2.0903177
-3.4912982
1.2297152
0.2528124
0.11877667
3.607995
0.5433847
-0.8033054
-4.05454
0.38036895
3.5419915
-4.33572
-1.9796461
-0.65005183
-2.140468
0.051026262
-1.5762895
2.592059
2.7930996
0.84961945
0.70988077
-0.23150577
0.9621377
-1.1648407
-1.7910151
1.3976446
-2.5039606
-0.08899029
0.08879504
0.8260351
0.26378933
0.14365467
-1.50605
-2.270158
-0.99328613
-3.1096303
-1.7650203
2.8114662
-0.8528092
-2.3613796
-0.4257411
2.0021315
-0.80653805
-0.79585576
0.95943093
-2.9616225
1.8244448
1.1344839
0.59828055
-2.2590811
-3.403356
1.8675965
-1.2968069
0.2920319
-2.4861298
4.154507
3.085692
1.9874425
1.7570722
1.3339174
1.4873265
1.4999623
-0.5461341
0.17750339
-0.021316785
-2.1670883
-4.4135528
0.1091965
-1.1348156
-0.23747659
3.883512
-2.1617773
0.6279981
3.68508
-1.5333169
-0.72608745
-1.9825493
-0.6030031
1.1192971
0.43090692
-1.5409427
-1.5291549
0.80146384
-0.075472176
1.6258506
4.2870264
0.23154745
-1.0943571
-4.646029
-2.8120217
2.0561693
-0.31861043
-1.2551419
1.4164153
-0.49767345
3.6270125
1.8038614
1.8620616
-3.30201
0.41232923
-0.6494799
-3.0968106
1.1086456
1.1715904
-0.980588
1.4992926
-0.7522338
0.26313308
-3.1359527
-0.3845153
-0.03911476
-3.2129958
0.7282422
-0.39992914
-0.8604328
0.1496917
-0.10533442
-0.5485358
-2.4195688
1.7462852
0.08519137
-3.397121
3.3176978
-3.5707464
-2.6476693
-2.773707
0.005473066
0.3428644
0.1069057
2.7429466
3.2417374
-1.5829875
-0.70681673
-0.99472034
0.09116428
1.2623212
-1.5841074
0.43352687
1.5188301
1.1240277
0.23823391
0.84917104
-0.670072
-2.1567523
0.16807738
-0.58400553
1.1895393
-1.5841769
3.2638786
1.2908014
-0.16559663
2.7750065
-0.4817212
-0.28974444
-0.843783
0.030942656
-0.79401857
-1.153956
-0.17640156
-2.3276882
1.1376678
1.6272863
1.6815671
1.250963
-2.0368567
1.8721349
0.107480876
0.66583294
-1.1897784
1.1781545
-0.9686147
-2.8994057
2.0343482
2.3473604
-2.060119
-0.2621981
1.3328773
-1.0305024
-3.4685204
0.052291185
3.1734474
-1.6651248
1.7033505
-1.7453203
-2.5511909
-0.9161289
-0.3016153
0.93214875
1.5821832
1.969129
-0.3478121
-2.7312627
1.7179918
1.4390852
-3.8665395
-0.638079
2.822112
2.113253
-0.92830414
-1.0836153
2.9928207
0.014899388
2.521898
-1.6292995
3.7354803
3.383038
-1.1903082
1.1235118
-0.5965915
-0.7830765
4.4005394
-0.8297974
2.0994272
-3.0431728
-1.8848284
-1.6491132
0.26589313
-0.3816322
-0.06207464
-0.07098158
-0.96575284
0.37918732
-0.22781667
-1.005316
1.0313077
-1.39518
0.7277324
3.6858644
1.6552399
1.4342947
-0.5507812
-1.0467358
-1.9657573
-0.8005068
-0.067621596
0.061276466
1.3790933
-0.24880303
0.6951169
-0.06186541
0.62739736
1.9679465
2.720894
2.3766608
0.27805814
-1.4482124
-1.5498188
0.9012724
-3.039051
2.5385113
3.1207664
2.2531788
-0.46363038
2.4751666
0.14401823
-4.209063
0.8344253
-3.2598143
4.998096
-1.2356699
-1.7533084
3.1705728
-0.05606395
0.28960773
0.7862044
0.501411
-1.0806938
-0.6758573
0.88011396
3.1662278
-0.5187563
1.6566535
-2.7699823
2.1677084
0.02348829
-3.331873
3.8537061
1.6207982
-2.656147
1.2897755
-0.013711948
0.643148
3.2573419
2.1550279
0.98522806
1.204569
-0.5105418
-1.4739304
-0.2768441
2.2239914
0.69395137
-3.5167434
0.82753676
0.14307483
-0.6010179
1.8158565
1.1093917
2.3298817
1.0773393
-2.144699
-1.6976565
2.551963
1.8925838
2.7779942
0.8551749
1.8536938
0.43334302
-1.4641604
-0.8099327
-0.40357608
4.0084767
1.0715177
1.3567502
-1.2710186
-2.139616
2.4658856
0.24552748
-3.7724154
-2.3986564
-2.6087363
4.3137546
3.3821366
0.86876774
-0.012488991
2.7346778
-2.278444
3.7823923
-1.8963405
-1.9180018
-0.93547946
0.8902787
-1.1751267
3.1832204
4.4718614
1.4156241
3.768523
1.1407516
2.2294776
0.7357363
-1.3185056
-0.5114473
-2.7768972
1.1866679
0.5706986
2.2383769
-2.806128
2.0748072
2.9862034
-1.6431468
-3.6531143
0.49798536
-0.7300552
1.3917965
0.96855676
-2.3447373
-1.0402055
-0.14361852
-1.2096786
-0.08130783
-1.1105944
1.1306316
-1.3342763
2.3675487
1.1914984
0.55417323
1.1312226
-0.26379395
1.186903
-1.6075689
0.6732656
0.48737878
-1.2016387
1.9712485